COMMAND
./sim bimodal 11 ./proj2-traces/jpeg_trace.txt
OUTPUT
number of predictions:2000000
number of mispredictions:152314
misprediction rate:   7.62%
FINAL BIMODAL CONTENTS
0	2
1	2
2	2
3	2
4	2
5	3
6	2
7	0
8	2
9	2
10	3
11	2
12	2
13	2
14	2
15	3
16	2
17	2
18	2
19	2
20	2
21	2
22	2
23	0
24	3
25	2
26	2
27	0
28	2
29	3
30	0
31	2
32	1
33	2
34	2
35	2
36	1
37	2
38	0
39	2
40	2
41	0
42	3
43	0
44	0
45	2
46	0
47	2
48	1
49	0
50	2
51	3
52	2
53	2
54	0
55	2
56	0
57	2
58	2
59	0
60	2
61	0
62	0
63	0
64	2
65	2
66	0
67	3
68	0
69	2
70	3
71	2
72	0
73	2
74	1
75	2
76	2
77	3
78	2
79	2
80	3
81	2
82	0
83	2
84	2
85	2
86	3
87	3
88	2
89	2
90	2
91	3
92	3
93	2
94	2
95	2
96	3
97	2
98	2
99	2
100	2
101	0
102	2
103	2
104	0
105	2
106	3
107	2
108	3
109	2
110	3
111	3
112	0
113	3
114	2
115	2
116	2
117	2
118	2
119	2
120	0
121	2
122	2
123	3
124	2
125	2
126	2
127	2
128	3
129	2
130	2
131	2
132	2
133	3
134	2
135	2
136	2
137	2
138	2
139	3
140	2
141	2
142	2
143	2
144	2
145	2
146	0
147	2
148	3
149	2
150	3
151	3
152	0
153	2
154	2
155	2
156	2
157	2
158	2
159	3
160	0
161	2
162	3
163	2
164	3
165	2
166	0
167	2
168	0
169	3
170	0
171	2
172	2
173	2
174	0
175	3
176	2
177	3
178	3
179	2
180	2
181	2
182	0
183	2
184	3
185	3
186	2
187	2
188	2
189	2
190	2
191	2
192	2
193	2
194	2
195	0
196	0
197	2
198	3
199	2
200	3
201	3
202	2
203	2
204	3
205	2
206	2
207	2
208	2
209	2
210	2
211	2
212	2
213	0
214	2
215	0
216	3
217	2
218	3
219	0
220	2
221	2
222	2
223	3
224	3
225	3
226	3
227	2
228	0
229	2
230	2
231	2
232	3
233	2
234	0
235	2
236	2
237	2
238	2
239	2
240	2
241	3
242	2
243	0
244	0
245	3
246	3
247	2
248	2
249	2
250	3
251	3
252	2
253	0
254	2
255	2
256	3
257	2
258	2
259	3
260	2
261	2
262	2
263	2
264	0
265	2
266	3
267	0
268	2
269	2
270	0
271	3
272	2
273	2
274	3
275	2
276	0
277	2
278	3
279	2
280	3
281	0
282	3
283	0
284	0
285	3
286	2
287	0
288	3
289	2
290	0
291	3
292	2
293	2
294	2
295	2
296	2
297	3
298	2
299	3
300	2
301	3
302	3
303	3
304	2
305	0
306	2
307	2
308	0
309	3
310	3
311	2
312	3
313	2
314	3
315	3
316	3
317	2
318	2
319	1
320	2
321	1
322	2
323	2
324	0
325	3
326	3
327	2
328	1
329	0
330	2
331	3
332	0
333	0
334	2
335	1
336	3
337	3
338	1
339	3
340	2
341	2
342	2
343	1
344	2
345	2
346	2
347	2
348	0
349	0
350	0
351	3
352	0
353	2
354	0
355	2
356	2
357	2
358	0
359	2
360	3
361	0
362	3
363	2
364	0
365	0
366	2
367	2
368	2
369	2
370	0
371	2
372	2
373	2
374	3
375	0
376	0
377	2
378	0
379	3
380	2
381	0
382	3
383	0
384	3
385	0
386	3
387	3
388	0
389	3
390	0
391	3
392	2
393	3
394	2
395	3
396	3
397	2
398	3
399	2
400	2
401	3
402	2
403	2
404	2
405	2
406	2
407	3
408	0
409	1
410	1
411	2
412	2
413	2
414	3
415	2
416	3
417	2
418	2
419	0
420	0
421	3
422	2
423	2
424	2
425	0
426	2
427	2
428	3
429	2
430	1
431	2
432	0
433	2
434	0
435	2
436	3
437	2
438	2
439	0
440	2
441	2
442	2
443	2
444	2
445	2
446	2
447	2
448	2
449	2
450	2
451	0
452	2
453	0
454	2
455	2
456	2
457	2
458	2
459	2
460	2
461	2
462	2
463	2
464	2
465	2
466	2
467	3
468	3
469	2
470	0
471	2
472	2
473	2
474	2
475	0
476	0
477	0
478	0
479	0
480	2
481	2
482	2
483	0
484	3
485	3
486	3
487	2
488	2
489	2
490	2
491	2
492	2
493	2
494	2
495	0
496	2
497	3
498	0
499	0
500	3
501	3
502	2
503	0
504	2
505	0
506	2
507	2
508	3
509	3
510	3
511	2
512	3
513	2
514	1
515	2
516	3
517	2
518	3
519	0
520	0
521	2
522	1
523	0
524	2
525	2
526	2
527	0
528	2
529	2
530	2
531	0
532	2
533	2
534	2
535	2
536	2
537	1
538	2
539	2
540	0
541	2
542	3
543	2
544	2
545	2
546	2
547	3
548	3
549	3
550	2
551	2
552	2
553	2
554	1
555	2
556	2
557	2
558	2
559	2
560	2
561	3
562	2
563	2
564	2
565	3
566	2
567	2
568	2
569	2
570	2
571	2
572	2
573	2
574	2
575	2
576	2
577	0
578	2
579	2
580	2
581	2
582	0
583	2
584	3
585	3
586	2
587	2
588	2
589	2
590	2
591	1
592	0
593	2
594	2
595	2
596	2
597	1
598	0
599	2
600	0
601	2
602	2
603	3
604	3
605	2
606	2
607	0
608	0
609	2
610	3
611	2
612	1
613	1
614	0
615	2
616	2
617	2
618	2
619	2
620	3
621	2
622	2
623	0
624	0
625	0
626	3
627	2
628	3
629	2
630	1
631	3
632	2
633	3
634	3
635	3
636	0
637	3
638	2
639	2
640	2
641	0
642	3
643	2
644	3
645	0
646	1
647	2
648	1
649	2
650	2
651	0
652	2
653	3
654	2
655	2
656	3
657	2
658	2
659	0
660	2
661	3
662	2
663	2
664	1
665	2
666	0
667	3
668	3
669	3
670	2
671	3
672	2
673	0
674	3
675	2
676	2
677	2
678	0
679	3
680	2
681	3
682	2
683	2
684	2
685	0
686	2
687	0
688	2
689	3
690	0
691	0
692	2
693	3
694	3
695	0
696	2
697	1
698	2
699	2
700	0
701	0
702	3
703	2
704	3
705	2
706	2
707	2
708	0
709	3
710	2
711	3
712	3
713	3
714	2
715	0
716	3
717	2
718	2
719	0
720	3
721	2
722	2
723	2
724	3
725	3
726	2
727	2
728	3
729	2
730	3
731	3
732	2
733	2
734	2
735	0
736	2
737	0
738	0
739	2
740	0
741	3
742	3
743	3
744	2
745	3
746	0
747	0
748	0
749	2
750	3
751	3
752	2
753	2
754	3
755	0
756	2
757	0
758	2
759	3
760	0
761	2
762	2
763	0
764	3
765	1
766	3
767	2
768	0
769	2
770	2
771	2
772	0
773	2
774	2
775	1
776	2
777	2
778	3
779	0
780	2
781	2
782	3
783	2
784	2
785	2
786	2
787	2
788	2
789	0
790	2
791	2
792	2
793	2
794	2
795	2
796	2
797	2
798	2
799	3
800	3
801	2
802	2
803	2
804	2
805	0
806	2
807	2
808	2
809	2
810	3
811	2
812	3
813	3
814	2
815	2
816	2
817	2
818	2
819	2
820	2
821	2
822	2
823	3
824	2
825	2
826	2
827	0
828	2
829	3
830	2
831	0
832	2
833	2
834	2
835	0
836	2
837	2
838	2
839	0
840	2
841	2
842	3
843	0
844	2
845	0
846	2
847	0
848	0
849	0
850	2
851	2
852	0
853	2
854	2
855	3
856	3
857	2
858	2
859	2
860	2
861	2
862	2
863	2
864	2
865	1
866	2
867	0
868	2
869	3
870	3
871	3
872	2
873	3
874	0
875	2
876	3
877	2
878	2
879	2
880	0
881	2
882	3
883	3
884	2
885	3
886	2
887	3
888	2
889	2
890	2
891	2
892	2
893	2
894	2
895	3
896	2
897	2
898	2
899	2
900	2
901	2
902	2
903	2
904	2
905	3
906	2
907	2
908	3
909	2
910	2
911	2
912	0
913	3
914	0
915	2
916	2
917	2
918	2
919	3
920	2
921	2
922	2
923	2
924	2
925	3
926	2
927	3
928	0
929	3
930	2
931	3
932	2
933	3
934	3
935	2
936	2
937	2
938	2
939	2
940	2
941	2
942	2
943	0
944	3
945	0
946	2
947	2
948	0
949	0
950	3
951	3
952	0
953	2
954	2
955	0
956	3
957	2
958	3
959	0
960	2
961	2
962	3
963	2
964	2
965	0
966	2
967	0
968	2
969	3
970	2
971	3
972	0
973	3
974	3
975	0
976	3
977	2
978	0
979	2
980	2
981	0
982	0
983	2
984	0
985	0
986	3
987	0
988	2
989	2
990	3
991	2
992	0
993	3
994	3
995	0
996	3
997	2
998	3
999	2
1000	3
1001	3
1002	2
1003	2
1004	2
1005	0
1006	2
1007	2
1008	3
1009	0
1010	2
1011	2
1012	2
1013	2
1014	2
1015	1
1016	3
1017	2
1018	3
1019	2
1020	0
1021	3
1022	3
1023	2
1024	2
1025	2
1026	2
1027	2
1028	2
1029	3
1030	2
1031	2
1032	2
1033	3
1034	2
1035	3
1036	0
1037	0
1038	2
1039	3
1040	0
1041	2
1042	3
1043	3
1044	2
1045	3
1046	2
1047	2
1048	2
1049	0
1050	0
1051	0
1052	3
1053	3
1054	2
1055	2
1056	3
1057	2
1058	1
1059	3
1060	3
1061	2
1062	2
1063	2
1064	3
1065	2
1066	3
1067	2
1068	2
1069	2
1070	3
1071	2
1072	3
1073	3
1074	2
1075	2
1076	0
1077	3
1078	2
1079	3
1080	3
1081	2
1082	3
1083	2
1084	0
1085	3
1086	3
1087	0
1088	0
1089	3
1090	0
1091	0
1092	2
1093	0
1094	3
1095	2
1096	3
1097	0
1098	1
1099	0
1100	2
1101	3
1102	1
1103	0
1104	0
1105	3
1106	3
1107	3
1108	0
1109	0
1110	2
1111	0
1112	2
1113	2
1114	3
1115	2
1116	2
1117	2
1118	2
1119	0
1120	3
1121	3
1122	3
1123	0
1124	0
1125	2
1126	2
1127	2
1128	2
1129	2
1130	3
1131	0
1132	0
1133	0
1134	0
1135	2
1136	2
1137	2
1138	2
1139	3
1140	3
1141	3
1142	0
1143	0
1144	3
1145	2
1146	3
1147	2
1148	0
1149	2
1150	2
1151	0
1152	2
1153	0
1154	2
1155	1
1156	3
1157	3
1158	2
1159	3
1160	2
1161	3
1162	3
1163	2
1164	2
1165	2
1166	2
1167	2
1168	2
1169	2
1170	3
1171	2
1172	2
1173	2
1174	3
1175	2
1176	1
1177	2
1178	2
1179	0
1180	2
1181	2
1182	3
1183	0
1184	2
1185	1
1186	3
1187	0
1188	3
1189	0
1190	1
1191	0
1192	2
1193	2
1194	0
1195	3
1196	3
1197	2
1198	2
1199	3
1200	2
1201	0
1202	2
1203	3
1204	2
1205	0
1206	0
1207	2
1208	0
1209	2
1210	2
1211	3
1212	2
1213	3
1214	3
1215	2
1216	3
1217	2
1218	2
1219	3
1220	2
1221	3
1222	2
1223	3
1224	3
1225	0
1226	2
1227	2
1228	2
1229	2
1230	3
1231	2
1232	3
1233	2
1234	0
1235	2
1236	2
1237	2
1238	3
1239	2
1240	0
1241	0
1242	2
1243	2
1244	2
1245	3
1246	1
1247	2
1248	0
1249	2
1250	3
1251	1
1252	2
1253	3
1254	0
1255	0
1256	2
1257	0
1258	2
1259	2
1260	2
1261	2
1262	2
1263	2
1264	3
1265	0
1266	3
1267	2
1268	2
1269	3
1270	2
1271	2
1272	2
1273	3
1274	2
1275	3
1276	0
1277	2
1278	3
1279	0
1280	2
1281	1
1282	1
1283	2
1284	0
1285	3
1286	3
1287	2
1288	2
1289	2
1290	0
1291	3
1292	2
1293	0
1294	0
1295	0
1296	2
1297	2
1298	2
1299	2
1300	0
1301	0
1302	0
1303	2
1304	2
1305	0
1306	3
1307	1
1308	0
1309	0
1310	2
1311	2
1312	3
1313	0
1314	2
1315	0
1316	3
1317	0
1318	0
1319	2
1320	3
1321	2
1322	3
1323	2
1324	1
1325	0
1326	2
1327	2
1328	3
1329	3
1330	0
1331	2
1332	3
1333	2
1334	2
1335	2
1336	0
1337	2
1338	2
1339	3
1340	3
1341	3
1342	2
1343	3
1344	0
1345	2
1346	3
1347	2
1348	2
1349	3
1350	2
1351	2
1352	2
1353	2
1354	3
1355	3
1356	0
1357	0
1358	2
1359	3
1360	3
1361	2
1362	2
1363	2
1364	0
1365	2
1366	2
1367	2
1368	3
1369	1
1370	3
1371	3
1372	2
1373	2
1374	0
1375	0
1376	0
1377	2
1378	1
1379	2
1380	2
1381	3
1382	0
1383	0
1384	2
1385	2
1386	3
1387	3
1388	2
1389	3
1390	2
1391	3
1392	2
1393	2
1394	0
1395	2
1396	2
1397	2
1398	2
1399	2
1400	0
1401	0
1402	0
1403	0
1404	0
1405	2
1406	2
1407	3
1408	2
1409	2
1410	2
1411	0
1412	0
1413	3
1414	3
1415	1
1416	2
1417	2
1418	2
1419	3
1420	1
1421	0
1422	2
1423	2
1424	0
1425	2
1426	2
1427	3
1428	2
1429	2
1430	2
1431	2
1432	3
1433	3
1434	1
1435	2
1436	0
1437	2
1438	2
1439	3
1440	2
1441	2
1442	3
1443	2
1444	2
1445	2
1446	2
1447	0
1448	3
1449	3
1450	2
1451	2
1452	3
1453	3
1454	2
1455	0
1456	2
1457	2
1458	2
1459	2
1460	3
1461	0
1462	2
1463	2
1464	2
1465	0
1466	2
1467	2
1468	2
1469	0
1470	3
1471	0
1472	2
1473	3
1474	2
1475	2
1476	2
1477	2
1478	2
1479	2
1480	2
1481	0
1482	2
1483	2
1484	2
1485	0
1486	2
1487	2
1488	0
1489	2
1490	2
1491	0
1492	2
1493	3
1494	2
1495	3
1496	2
1497	2
1498	2
1499	1
1500	0
1501	2
1502	2
1503	0
1504	2
1505	2
1506	2
1507	0
1508	2
1509	0
1510	2
1511	1
1512	2
1513	0
1514	3
1515	0
1516	2
1517	0
1518	3
1519	0
1520	2
1521	1
1522	3
1523	0
1524	2
1525	1
1526	0
1527	3
1528	3
1529	2
1530	2
1531	2
1532	3
1533	2
1534	2
1535	1
1536	2
1537	3
1538	2
1539	2
1540	2
1541	0
1542	2
1543	2
1544	2
1545	2
1546	2
1547	1
1548	2
1549	1
1550	3
1551	0
1552	2
1553	1
1554	2
1555	3
1556	2
1557	2
1558	2
1559	2
1560	3
1561	3
1562	2
1563	3
1564	3
1565	2
1566	2
1567	2
1568	2
1569	2
1570	2
1571	2
1572	0
1573	3
1574	2
1575	2
1576	2
1577	0
1578	2
1579	2
1580	0
1581	2
1582	2
1583	3
1584	2
1585	3
1586	0
1587	3
1588	2
1589	3
1590	3
1591	2
1592	2
1593	2
1594	3
1595	2
1596	3
1597	3
1598	2
1599	2
1600	3
1601	2
1602	2
1603	2
1604	3
1605	2
1606	3
1607	2
1608	2
1609	2
1610	2
1611	2
1612	3
1613	2
1614	2
1615	2
1616	1
1617	0
1618	2
1619	2
1620	2
1621	2
1622	3
1623	2
1624	3
1625	2
1626	2
1627	0
1628	0
1629	2
1630	3
1631	2
1632	3
1633	2
1634	2
1635	2
1636	2
1637	3
1638	0
1639	2
1640	2
1641	2
1642	2
1643	2
1644	2
1645	2
1646	0
1647	0
1648	1
1649	3
1650	2
1651	2
1652	3
1653	2
1654	0
1655	0
1656	0
1657	2
1658	3
1659	2
1660	2
1661	2
1662	2
1663	2
1664	2
1665	2
1666	2
1667	3
1668	0
1669	1
1670	2
1671	0
1672	0
1673	0
1674	3
1675	3
1676	3
1677	2
1678	2
1679	0
1680	2
1681	3
1682	2
1683	3
1684	2
1685	2
1686	2
1687	3
1688	2
1689	3
1690	2
1691	2
1692	3
1693	0
1694	3
1695	2
1696	2
1697	2
1698	3
1699	1
1700	2
1701	3
1702	3
1703	0
1704	2
1705	2
1706	3
1707	2
1708	3
1709	0
1710	3
1711	2
1712	3
1713	1
1714	2
1715	3
1716	3
1717	3
1718	2
1719	2
1720	0
1721	0
1722	2
1723	0
1724	0
1725	3
1726	0
1727	0
1728	0
1729	1
1730	3
1731	3
1732	3
1733	2
1734	2
1735	3
1736	2
1737	0
1738	2
1739	3
1740	3
1741	3
1742	2
1743	2
1744	0
1745	0
1746	2
1747	0
1748	0
1749	3
1750	2
1751	2
1752	2
1753	3
1754	2
1755	0
1756	1
1757	2
1758	2
1759	3
1760	2
1761	2
1762	2
1763	3
1764	2
1765	0
1766	2
1767	3
1768	2
1769	2
1770	2
1771	2
1772	0
1773	0
1774	2
1775	2
1776	3
1777	1
1778	0
1779	2
1780	2
1781	0
1782	2
1783	2
1784	2
1785	0
1786	2
1787	0
1788	3
1789	0
1790	3
1791	0
1792	2
1793	0
1794	2
1795	2
1796	3
1797	2
1798	2
1799	2
1800	2
1801	3
1802	2
1803	2
1804	2
1805	2
1806	0
1807	2
1808	3
1809	3
1810	2
1811	3
1812	2
1813	3
1814	3
1815	2
1816	2
1817	2
1818	2
1819	2
1820	2
1821	1
1822	3
1823	2
1824	2
1825	3
1826	2
1827	2
1828	0
1829	3
1830	0
1831	0
1832	0
1833	2
1834	0
1835	3
1836	3
1837	3
1838	2
1839	3
1840	2
1841	2
1842	2
1843	2
1844	2
1845	2
1846	2
1847	2
1848	2
1849	2
1850	3
1851	0
1852	2
1853	2
1854	2
1855	2
1856	2
1857	2
1858	2
1859	2
1860	3
1861	2
1862	2
1863	2
1864	3
1865	2
1866	2
1867	2
1868	0
1869	2
1870	2
1871	2
1872	2
1873	2
1874	2
1875	0
1876	2
1877	2
1878	3
1879	3
1880	2
1881	0
1882	2
1883	3
1884	2
1885	2
1886	2
1887	0
1888	1
1889	2
1890	0
1891	2
1892	2
1893	2
1894	0
1895	3
1896	2
1897	2
1898	2
1899	2
1900	2
1901	0
1902	3
1903	2
1904	2
1905	2
1906	0
1907	2
1908	3
1909	2
1910	2
1911	0
1912	0
1913	0
1914	2
1915	1
1916	2
1917	1
1918	0
1919	2
1920	2
1921	2
1922	2
1923	3
1924	3
1925	3
1926	2
1927	2
1928	1
1929	0
1930	2
1931	2
1932	3
1933	0
1934	3
1935	3
1936	3
1937	2
1938	2
1939	0
1940	3
1941	3
1942	3
1943	3
1944	3
1945	2
1946	2
1947	0
1948	2
1949	2
1950	1
1951	2
1952	2
1953	3
1954	2
1955	2
1956	2
1957	2
1958	2
1959	3
1960	3
1961	2
1962	0
1963	2
1964	3
1965	2
1966	2
1967	0
1968	2
1969	2
1970	3
1971	3
1972	0
1973	3
1974	2
1975	2
1976	2
1977	0
1978	2
1979	2
1980	3
1981	0
1982	0
1983	3
1984	2
1985	3
1986	2
1987	2
1988	2
1989	2
1990	2
1991	2
1992	3
1993	2
1994	2
1995	3
1996	3
1997	2
1998	2
1999	3
2000	2
2001	2
2002	2
2003	2
2004	2
2005	2
2006	2
2007	2
2008	2
2009	3
2010	3
2011	2
2012	2
2013	2
2014	3
2015	2
2016	2
2017	2
2018	2
2019	2
2020	0
2021	3
2022	0
2023	0
2024	2
2025	3
2026	3
2027	2
2028	2
2029	2
2030	3
2031	3
2032	2
2033	2
2034	2
2035	2
2036	0
2037	2
2038	2
2039	3
2040	2
2041	2
2042	0
2043	2
2044	3
2045	3
2046	2
2047	3
