COMMAND
./sim bimodal 12 ./proj2-traces/jpeg_trace.txt
OUTPUT
number of predictions:2000000
number of mispredictions:151950
misprediction rate:   7.60%
FINAL BIMODAL CONTENTS
0	2
1	2
2	2
3	2
4	2
5	2
6	2
7	2
8	2
9	2
10	2
11	2
12	2
13	2
14	2
15	3
16	0
17	2
18	2
19	2
20	2
21	2
22	2
23	2
24	2
25	2
26	2
27	0
28	2
29	3
30	0
31	2
32	1
33	2
34	2
35	2
36	1
37	2
38	0
39	2
40	2
41	0
42	3
43	0
44	2
45	2
46	0
47	3
48	1
49	2
50	2
51	0
52	2
53	2
54	0
55	2
56	0
57	2
58	2
59	0
60	2
61	0
62	3
63	0
64	2
65	2
66	0
67	3
68	0
69	2
70	3
71	2
72	2
73	2
74	0
75	2
76	2
77	3
78	2
79	2
80	3
81	2
82	0
83	2
84	2
85	2
86	3
87	2
88	2
89	2
90	2
91	3
92	3
93	2
94	2
95	2
96	3
97	2
98	2
99	2
100	2
101	2
102	2
103	2
104	2
105	2
106	3
107	2
108	3
109	2
110	2
111	3
112	0
113	2
114	2
115	2
116	2
117	2
118	2
119	2
120	2
121	2
122	2
123	2
124	2
125	2
126	2
127	2
128	3
129	2
130	2
131	2
132	2
133	3
134	2
135	2
136	2
137	2
138	2
139	2
140	2
141	2
142	2
143	2
144	2
145	2
146	2
147	2
148	3
149	2
150	2
151	3
152	2
153	2
154	2
155	2
156	2
157	2
158	2
159	2
160	2
161	2
162	3
163	2
164	2
165	2
166	0
167	2
168	0
169	3
170	2
171	2
172	2
173	2
174	2
175	3
176	3
177	2
178	2
179	3
180	2
181	2
182	2
183	2
184	2
185	2
186	2
187	2
188	2
189	2
190	3
191	2
192	2
193	2
194	2
195	2
196	0
197	2
198	2
199	2
200	2
201	2
202	2
203	2
204	3
205	2
206	2
207	2
208	2
209	2
210	2
211	2
212	3
213	3
214	2
215	2
216	2
217	2
218	3
219	0
220	2
221	2
222	2
223	3
224	3
225	3
226	2
227	2
228	0
229	2
230	2
231	2
232	3
233	2
234	0
235	2
236	2
237	2
238	2
239	2
240	2
241	2
242	2
243	2
244	0
245	2
246	3
247	2
248	2
249	2
250	3
251	2
252	2
253	0
254	2
255	2
256	2
257	2
258	2
259	3
260	2
261	2
262	2
263	2
264	0
265	2
266	3
267	2
268	2
269	2
270	0
271	3
272	2
273	2
274	2
275	2
276	2
277	2
278	2
279	2
280	2
281	0
282	0
283	0
284	0
285	2
286	2
287	0
288	2
289	2
290	0
291	2
292	2
293	2
294	2
295	2
296	2
297	3
298	2
299	2
300	2
301	2
302	2
303	3
304	2
305	0
306	2
307	2
308	0
309	3
310	2
311	2
312	2
313	2
314	3
315	2
316	3
317	2
318	2
319	2
320	2
321	1
322	2
323	2
324	2
325	3
326	1
327	2
328	1
329	2
330	2
331	2
332	3
333	2
334	2
335	3
336	3
337	2
338	1
339	2
340	2
341	2
342	2
343	2
344	2
345	2
346	3
347	2
348	0
349	2
350	2
351	2
352	2
353	2
354	2
355	2
356	2
357	2
358	0
359	2
360	3
361	2
362	3
363	0
364	2
365	0
366	2
367	2
368	0
369	2
370	0
371	2
372	2
373	2
374	2
375	0
376	0
377	2
378	0
379	3
380	2
381	0
382	2
383	0
384	2
385	0
386	3
387	3
388	0
389	3
390	0
391	3
392	3
393	2
394	2
395	3
396	2
397	2
398	3
399	2
400	2
401	3
402	2
403	1
404	2
405	2
406	2
407	3
408	2
409	2
410	2
411	2
412	2
413	2
414	2
415	2
416	3
417	2
418	2
419	0
420	2
421	3
422	2
423	2
424	2
425	0
426	2
427	3
428	2
429	2
430	1
431	2
432	0
433	2
434	0
435	2
436	2
437	2
438	2
439	0
440	3
441	2
442	2
443	2
444	2
445	2
446	2
447	2
448	3
449	2
450	2
451	2
452	2
453	0
454	2
455	2
456	2
457	2
458	2
459	2
460	2
461	2
462	2
463	2
464	2
465	2
466	2
467	2
468	2
469	2
470	2
471	2
472	2
473	2
474	2
475	0
476	2
477	0
478	2
479	2
480	2
481	2
482	2
483	0
484	2
485	3
486	3
487	2
488	2
489	2
490	2
491	2
492	2
493	2
494	2
495	0
496	2
497	2
498	0
499	0
500	3
501	3
502	2
503	2
504	2
505	2
506	2
507	2
508	3
509	2
510	3
511	2
512	3
513	2
514	1
515	2
516	3
517	2
518	0
519	0
520	0
521	2
522	3
523	0
524	2
525	2
526	2
527	2
528	2
529	2
530	2
531	0
532	2
533	2
534	2
535	2
536	2
537	1
538	2
539	2
540	0
541	2
542	3
543	2
544	2
545	2
546	2
547	3
548	2
549	2
550	2
551	2
552	2
553	2
554	1
555	2
556	2
557	2
558	2
559	2
560	2
561	2
562	2
563	2
564	2
565	3
566	2
567	2
568	2
569	2
570	2
571	2
572	2
573	2
574	2
575	2
576	2
577	0
578	2
579	2
580	2
581	2
582	0
583	2
584	3
585	3
586	2
587	2
588	2
589	2
590	2
591	2
592	0
593	2
594	2
595	2
596	2
597	1
598	2
599	2
600	0
601	1
602	2
603	3
604	3
605	2
606	2
607	2
608	2
609	2
610	3
611	2
612	0
613	3
614	0
615	2
616	2
617	2
618	2
619	2
620	3
621	2
622	2
623	0
624	0
625	0
626	3
627	2
628	3
629	2
630	3
631	3
632	2
633	3
634	2
635	3
636	0
637	2
638	2
639	3
640	2
641	2
642	2
643	2
644	3
645	0
646	0
647	2
648	1
649	2
650	2
651	0
652	2
653	2
654	2
655	2
656	2
657	2
658	2
659	0
660	2
661	3
662	2
663	2
664	2
665	2
666	2
667	3
668	2
669	3
670	2
671	2
672	2
673	0
674	3
675	2
676	2
677	2
678	2
679	2
680	2
681	3
682	2
683	2
684	2
685	2
686	2
687	2
688	2
689	3
690	2
691	0
692	2
693	2
694	3
695	2
696	2
697	2
698	2
699	2
700	2
701	0
702	3
703	2
704	2
705	2
706	2
707	2
708	2
709	3
710	2
711	2
712	2
713	2
714	2
715	2
716	2
717	2
718	2
719	2
720	3
721	2
722	2
723	2
724	2
725	2
726	2
727	2
728	2
729	2
730	2
731	3
732	2
733	2
734	2
735	2
736	2
737	2
738	0
739	2
740	2
741	2
742	2
743	3
744	2
745	2
746	2
747	2
748	2
749	2
750	2
751	3
752	2
753	3
754	2
755	2
756	2
757	2
758	2
759	2
760	2
761	2
762	2
763	2
764	3
765	2
766	2
767	2
768	2
769	2
770	2
771	2
772	0
773	2
774	2
775	3
776	2
777	2
778	2
779	2
780	2
781	2
782	2
783	2
784	2
785	2
786	2
787	1
788	2
789	2
790	2
791	2
792	2
793	2
794	2
795	2
796	2
797	2
798	2
799	3
800	3
801	2
802	2
803	2
804	2
805	2
806	2
807	2
808	2
809	2
810	2
811	2
812	3
813	3
814	2
815	2
816	2
817	2
818	2
819	2
820	2
821	2
822	3
823	3
824	2
825	1
826	2
827	2
828	2
829	3
830	2
831	2
832	2
833	2
834	2
835	0
836	2
837	2
838	2
839	0
840	2
841	2
842	3
843	2
844	0
845	0
846	2
847	0
848	0
849	0
850	2
851	2
852	0
853	2
854	2
855	3
856	3
857	2
858	2
859	2
860	2
861	2
862	2
863	2
864	2
865	0
866	2
867	0
868	2
869	3
870	3
871	2
872	2
873	2
874	2
875	2
876	3
877	2
878	2
879	2
880	0
881	2
882	3
883	3
884	2
885	3
886	2
887	2
888	2
889	2
890	2
891	2
892	2
893	2
894	0
895	3
896	2
897	2
898	2
899	2
900	2
901	2
902	2
903	2
904	2
905	3
906	2
907	2
908	3
909	2
910	2
911	2
912	2
913	2
914	2
915	2
916	2
917	2
918	2
919	3
920	2
921	2
922	2
923	2
924	2
925	3
926	2
927	2
928	2
929	3
930	2
931	2
932	2
933	3
934	3
935	2
936	2
937	2
938	2
939	2
940	2
941	2
942	2
943	2
944	3
945	0
946	2
947	2
948	0
949	0
950	3
951	3
952	0
953	2
954	2
955	2
956	3
957	2
958	2
959	0
960	2
961	2
962	3
963	2
964	2
965	0
966	2
967	0
968	2
969	2
970	2
971	3
972	2
973	2
974	0
975	2
976	3
977	2
978	2
979	2
980	2
981	2
982	0
983	2
984	0
985	0
986	3
987	2
988	2
989	2
990	2
991	2
992	2
993	2
994	2
995	0
996	3
997	2
998	3
999	2
1000	1
1001	3
1002	2
1003	2
1004	2
1005	0
1006	2
1007	2
1008	2
1009	0
1010	2
1011	2
1012	3
1013	2
1014	2
1015	1
1016	2
1017	2
1018	3
1019	2
1020	2
1021	3
1022	2
1023	2
1024	2
1025	2
1026	2
1027	2
1028	2
1029	2
1030	2
1031	2
1032	2
1033	2
1034	2
1035	2
1036	0
1037	2
1038	2
1039	2
1040	2
1041	2
1042	2
1043	3
1044	2
1045	3
1046	2
1047	2
1048	2
1049	0
1050	0
1051	0
1052	3
1053	2
1054	2
1055	2
1056	2
1057	2
1058	2
1059	2
1060	2
1061	2
1062	2
1063	2
1064	3
1065	2
1066	3
1067	2
1068	2
1069	2
1070	2
1071	2
1072	3
1073	3
1074	2
1075	2
1076	0
1077	2
1078	2
1079	2
1080	3
1081	2
1082	3
1083	2
1084	0
1085	2
1086	3
1087	2
1088	0
1089	3
1090	2
1091	0
1092	3
1093	2
1094	2
1095	2
1096	3
1097	2
1098	1
1099	2
1100	2
1101	2
1102	1
1103	2
1104	0
1105	3
1106	0
1107	3
1108	0
1109	0
1110	2
1111	0
1112	2
1113	2
1114	2
1115	2
1116	2
1117	2
1118	2
1119	2
1120	3
1121	3
1122	3
1123	2
1124	2
1125	2
1126	2
1127	2
1128	2
1129	2
1130	1
1131	0
1132	0
1133	0
1134	0
1135	2
1136	2
1137	2
1138	2
1139	2
1140	3
1141	3
1142	2
1143	0
1144	2
1145	2
1146	3
1147	2
1148	2
1149	2
1150	2
1151	0
1152	2
1153	0
1154	2
1155	2
1156	3
1157	3
1158	2
1159	3
1160	2
1161	3
1162	2
1163	2
1164	2
1165	2
1166	2
1167	2
1168	3
1169	2
1170	2
1171	2
1172	2
1173	2
1174	3
1175	2
1176	3
1177	2
1178	2
1179	2
1180	2
1181	2
1182	3
1183	0
1184	2
1185	2
1186	3
1187	0
1188	3
1189	0
1190	2
1191	0
1192	2
1193	2
1194	2
1195	3
1196	3
1197	2
1198	2
1199	3
1200	2
1201	0
1202	2
1203	3
1204	2
1205	0
1206	3
1207	2
1208	0
1209	2
1210	2
1211	3
1212	2
1213	3
1214	3
1215	2
1216	2
1217	2
1218	2
1219	3
1220	2
1221	3
1222	2
1223	3
1224	3
1225	2
1226	2
1227	2
1228	2
1229	2
1230	3
1231	2
1232	2
1233	2
1234	2
1235	2
1236	2
1237	2
1238	3
1239	2
1240	0
1241	3
1242	2
1243	2
1244	2
1245	3
1246	1
1247	2
1248	1
1249	2
1250	3
1251	1
1252	2
1253	2
1254	2
1255	0
1256	2
1257	2
1258	2
1259	2
1260	3
1261	2
1262	2
1263	2
1264	2
1265	2
1266	3
1267	2
1268	2
1269	3
1270	2
1271	2
1272	2
1273	3
1274	2
1275	3
1276	0
1277	2
1278	2
1279	0
1280	2
1281	1
1282	1
1283	2
1284	0
1285	3
1286	3
1287	2
1288	2
1289	2
1290	0
1291	2
1292	2
1293	0
1294	0
1295	0
1296	0
1297	2
1298	2
1299	2
1300	2
1301	0
1302	2
1303	0
1304	2
1305	0
1306	3
1307	1
1308	0
1309	0
1310	2
1311	2
1312	3
1313	0
1314	2
1315	0
1316	3
1317	0
1318	0
1319	2
1320	3
1321	2
1322	3
1323	2
1324	2
1325	0
1326	2
1327	2
1328	3
1329	2
1330	0
1331	2
1332	2
1333	2
1334	2
1335	2
1336	0
1337	2
1338	2
1339	2
1340	3
1341	3
1342	2
1343	2
1344	2
1345	2
1346	2
1347	2
1348	2
1349	3
1350	2
1351	2
1352	2
1353	2
1354	2
1355	2
1356	2
1357	0
1358	2
1359	2
1360	2
1361	2
1362	2
1363	2
1364	2
1365	2
1366	2
1367	2
1368	3
1369	2
1370	2
1371	3
1372	2
1373	2
1374	2
1375	2
1376	2
1377	2
1378	2
1379	2
1380	2
1381	2
1382	2
1383	2
1384	2
1385	2
1386	2
1387	2
1388	2
1389	3
1390	2
1391	3
1392	2
1393	2
1394	2
1395	2
1396	2
1397	2
1398	2
1399	2
1400	0
1401	0
1402	0
1403	0
1404	0
1405	2
1406	2
1407	3
1408	2
1409	2
1410	2
1411	2
1412	2
1413	3
1414	3
1415	2
1416	2
1417	2
1418	2
1419	2
1420	2
1421	2
1422	2
1423	2
1424	0
1425	2
1426	2
1427	2
1428	2
1429	2
1430	2
1431	2
1432	3
1433	3
1434	2
1435	2
1436	2
1437	2
1438	2
1439	2
1440	2
1441	2
1442	2
1443	2
1444	2
1445	2
1446	2
1447	2
1448	2
1449	3
1450	2
1451	2
1452	2
1453	3
1454	2
1455	2
1456	2
1457	2
1458	2
1459	2
1460	2
1461	2
1462	2
1463	2
1464	2
1465	2
1466	2
1467	2
1468	2
1469	2
1470	3
1471	2
1472	2
1473	3
1474	2
1475	2
1476	2
1477	2
1478	2
1479	2
1480	2
1481	0
1482	2
1483	2
1484	2
1485	2
1486	2
1487	2
1488	2
1489	2
1490	2
1491	2
1492	2
1493	2
1494	2
1495	2
1496	2
1497	2
1498	2
1499	2
1500	0
1501	2
1502	2
1503	0
1504	2
1505	2
1506	2
1507	2
1508	2
1509	2
1510	2
1511	2
1512	2
1513	2
1514	2
1515	2
1516	2
1517	0
1518	2
1519	0
1520	2
1521	0
1522	3
1523	0
1524	2
1525	2
1526	2
1527	3
1528	3
1529	2
1530	2
1531	2
1532	3
1533	2
1534	2
1535	0
1536	3
1537	2
1538	2
1539	2
1540	2
1541	0
1542	2
1543	2
1544	2
1545	2
1546	2
1547	2
1548	2
1549	2
1550	3
1551	2
1552	2
1553	2
1554	2
1555	2
1556	2
1557	2
1558	2
1559	2
1560	2
1561	3
1562	2
1563	2
1564	2
1565	2
1566	2
1567	2
1568	2
1569	2
1570	2
1571	2
1572	0
1573	2
1574	2
1575	2
1576	2
1577	2
1578	2
1579	2
1580	2
1581	2
1582	2
1583	3
1584	2
1585	2
1586	2
1587	2
1588	2
1589	3
1590	2
1591	2
1592	2
1593	2
1594	2
1595	2
1596	3
1597	2
1598	2
1599	2
1600	2
1601	2
1602	2
1603	2
1604	2
1605	2
1606	2
1607	2
1608	2
1609	2
1610	2
1611	2
1612	2
1613	2
1614	2
1615	2
1616	2
1617	2
1618	2
1619	2
1620	2
1621	2
1622	3
1623	2
1624	2
1625	2
1626	2
1627	2
1628	0
1629	2
1630	2
1631	2
1632	2
1633	2
1634	2
1635	2
1636	2
1637	2
1638	0
1639	2
1640	2
1641	2
1642	2
1643	2
1644	2
1645	2
1646	0
1647	0
1648	2
1649	2
1650	2
1651	2
1652	2
1653	2
1654	0
1655	0
1656	2
1657	2
1658	2
1659	2
1660	2
1661	2
1662	2
1663	2
1664	2
1665	2
1666	2
1667	3
1668	2
1669	0
1670	2
1671	2
1672	0
1673	0
1674	2
1675	2
1676	2
1677	2
1678	2
1679	2
1680	2
1681	2
1682	2
1683	3
1684	2
1685	2
1686	2
1687	2
1688	2
1689	2
1690	2
1691	2
1692	0
1693	0
1694	3
1695	2
1696	2
1697	2
1698	3
1699	0
1700	2
1701	2
1702	3
1703	0
1704	2
1705	2
1706	2
1707	2
1708	3
1709	0
1710	2
1711	2
1712	3
1713	1
1714	2
1715	3
1716	3
1717	3
1718	2
1719	2
1720	0
1721	0
1722	2
1723	2
1724	0
1725	3
1726	2
1727	0
1728	0
1729	2
1730	3
1731	3
1732	3
1733	2
1734	2
1735	3
1736	2
1737	0
1738	2
1739	0
1740	2
1741	3
1742	2
1743	2
1744	0
1745	0
1746	2
1747	2
1748	0
1749	3
1750	2
1751	2
1752	2
1753	2
1754	2
1755	0
1756	3
1757	2
1758	2
1759	3
1760	2
1761	2
1762	2
1763	2
1764	2
1765	2
1766	2
1767	2
1768	2
1769	2
1770	2
1771	2
1772	2
1773	0
1774	2
1775	2
1776	3
1777	2
1778	0
1779	2
1780	2
1781	0
1782	2
1783	2
1784	2
1785	0
1786	2
1787	0
1788	3
1789	0
1790	3
1791	1
1792	2
1793	0
1794	2
1795	2
1796	2
1797	2
1798	2
1799	2
1800	2
1801	3
1802	2
1803	2
1804	2
1805	2
1806	0
1807	2
1808	3
1809	3
1810	2
1811	2
1812	2
1813	2
1814	3
1815	2
1816	2
1817	2
1818	2
1819	2
1820	2
1821	2
1822	3
1823	0
1824	2
1825	3
1826	2
1827	2
1828	2
1829	3
1830	2
1831	2
1832	2
1833	2
1834	0
1835	2
1836	3
1837	2
1838	2
1839	2
1840	2
1841	2
1842	2
1843	2
1844	2
1845	2
1846	2
1847	2
1848	2
1849	2
1850	2
1851	2
1852	2
1853	2
1854	2
1855	2
1856	2
1857	2
1858	2
1859	2
1860	2
1861	2
1862	2
1863	2
1864	3
1865	2
1866	2
1867	2
1868	2
1869	2
1870	2
1871	2
1872	2
1873	2
1874	2
1875	0
1876	2
1877	2
1878	3
1879	3
1880	2
1881	2
1882	2
1883	2
1884	2
1885	2
1886	2
1887	2
1888	2
1889	2
1890	2
1891	2
1892	2
1893	2
1894	2
1895	0
1896	2
1897	2
1898	2
1899	2
1900	2
1901	2
1902	2
1903	2
1904	2
1905	2
1906	0
1907	2
1908	2
1909	2
1910	2
1911	0
1912	2
1913	0
1914	2
1915	2
1916	2
1917	2
1918	0
1919	2
1920	2
1921	2
1922	2
1923	3
1924	2
1925	2
1926	2
1927	2
1928	2
1929	0
1930	2
1931	2
1932	2
1933	2
1934	3
1935	3
1936	2
1937	2
1938	2
1939	3
1940	2
1941	2
1942	2
1943	2
1944	2
1945	2
1946	2
1947	2
1948	2
1949	2
1950	2
1951	2
1952	2
1953	2
1954	2
1955	2
1956	2
1957	2
1958	2
1959	2
1960	3
1961	2
1962	0
1963	2
1964	2
1965	2
1966	2
1967	0
1968	2
1969	2
1970	3
1971	2
1972	0
1973	2
1974	2
1975	2
1976	2
1977	2
1978	2
1979	2
1980	3
1981	2
1982	0
1983	3
1984	2
1985	2
1986	2
1987	2
1988	2
1989	2
1990	2
1991	2
1992	1
1993	2
1994	2
1995	3
1996	3
1997	2
1998	2
1999	2
2000	2
2001	2
2002	2
2003	2
2004	2
2005	2
2006	2
2007	2
2008	2
2009	3
2010	3
2011	2
2012	2
2013	2
2014	3
2015	2
2016	2
2017	2
2018	2
2019	2
2020	2
2021	2
2022	0
2023	0
2024	2
2025	2
2026	2
2027	2
2028	2
2029	2
2030	3
2031	3
2032	2
2033	2
2034	2
2035	2
2036	2
2037	2
2038	2
2039	2
2040	2
2041	2
2042	0
2043	2
2044	3
2045	2
2046	2
2047	3
2048	2
2049	2
2050	2
2051	2
2052	2
2053	3
2054	2
2055	0
2056	2
2057	2
2058	3
2059	2
2060	2
2061	2
2062	2
2063	2
2064	2
2065	2
2066	2
2067	2
2068	2
2069	2
2070	2
2071	0
2072	3
2073	2
2074	2
2075	2
2076	2
2077	2
2078	2
2079	2
2080	2
2081	2
2082	2
2083	2
2084	2
2085	2
2086	0
2087	2
2088	2
2089	2
2090	2
2091	2
2092	0
2093	2
2094	0
2095	0
2096	2
2097	0
2098	2
2099	3
2100	2
2101	2
2102	0
2103	2
2104	2
2105	2
2106	2
2107	2
2108	2
2109	2
2110	0
2111	2
2112	2
2113	2
2114	0
2115	3
2116	2
2117	2
2118	1
2119	2
2120	0
2121	2
2122	2
2123	2
2124	2
2125	2
2126	2
2127	2
2128	2
2129	2
2130	2
2131	2
2132	2
2133	2
2134	0
2135	3
2136	2
2137	2
2138	2
2139	2
2140	3
2141	2
2142	2
2143	2
2144	2
2145	2
2146	2
2147	2
2148	2
2149	0
2150	2
2151	2
2152	0
2153	2
2154	2
2155	2
2156	2
2157	2
2158	3
2159	0
2160	2
2161	3
2162	2
2163	2
2164	2
2165	2
2166	2
2167	2
2168	0
2169	2
2170	2
2171	3
2172	2
2173	2
2174	2
2175	2
2176	2
2177	2
2178	2
2179	2
2180	2
2181	3
2182	2
2183	2
2184	2
2185	2
2186	2
2187	3
2188	2
2189	2
2190	2
2191	2
2192	2
2193	2
2194	0
2195	2
2196	2
2197	2
2198	3
2199	2
2200	0
2201	2
2202	2
2203	2
2204	2
2205	2
2206	2
2207	3
2208	0
2209	2
2210	2
2211	2
2212	3
2213	2
2214	2
2215	2
2216	2
2217	2
2218	0
2219	2
2220	2
2221	2
2222	0
2223	2
2224	2
2225	3
2226	3
2227	2
2228	2
2229	2
2230	0
2231	2
2232	3
2233	3
2234	2
2235	2
2236	2
2237	2
2238	2
2239	2
2240	2
2241	2
2242	2
2243	0
2244	2
2245	2
2246	3
2247	2
2248	3
2249	3
2250	2
2251	2
2252	3
2253	2
2254	2
2255	2
2256	2
2257	2
2258	2
2259	2
2260	1
2261	0
2262	2
2263	0
2264	3
2265	2
2266	2
2267	2
2268	2
2269	2
2270	2
2271	3
2272	2
2273	2
2274	3
2275	2
2276	2
2277	2
2278	2
2279	2
2280	2
2281	2
2282	2
2283	2
2284	2
2285	2
2286	2
2287	2
2288	2
2289	3
2290	2
2291	0
2292	2
2293	3
2294	0
2295	2
2296	2
2297	2
2298	0
2299	3
2300	2
2301	0
2302	2
2303	2
2304	3
2305	2
2306	2
2307	2
2308	2
2309	2
2310	2
2311	2
2312	0
2313	2
2314	2
2315	0
2316	2
2317	2
2318	2
2319	1
2320	2
2321	2
2322	3
2323	2
2324	0
2325	2
2326	3
2327	2
2328	3
2329	2
2330	3
2331	2
2332	2
2333	3
2334	2
2335	2
2336	3
2337	2
2338	3
2339	3
2340	2
2341	2
2342	2
2343	2
2344	2
2345	3
2346	2
2347	3
2348	2
2349	3
2350	3
2351	2
2352	2
2353	2
2354	2
2355	2
2356	2
2357	2
2358	3
2359	2
2360	3
2361	2
2362	2
2363	3
2364	2
2365	2
2366	2
2367	1
2368	2
2369	2
2370	2
2371	2
2372	0
2373	3
2374	3
2375	2
2376	2
2377	0
2378	2
2379	3
2380	0
2381	0
2382	2
2383	0
2384	2
2385	3
2386	2
2387	3
2388	2
2389	2
2390	2
2391	1
2392	2
2393	2
2394	0
2395	2
2396	0
2397	0
2398	0
2399	3
2400	0
2401	2
2402	0
2403	2
2404	2
2405	2
2406	3
2407	2
2408	2
2409	0
2410	2
2411	3
2412	0
2413	2
2414	2
2415	2
2416	3
2417	2
2418	2
2419	2
2420	2
2421	1
2422	3
2423	0
2424	2
2425	2
2426	0
2427	3
2428	2
2429	2
2430	3
2431	2
2432	3
2433	2
2434	2
2435	2
2436	2
2437	2
2438	2
2439	2
2440	2
2441	3
2442	2
2443	2
2444	3
2445	2
2446	2
2447	2
2448	2
2449	2
2450	2
2451	2
2452	2
2453	2
2454	2
2455	2
2456	0
2457	1
2458	1
2459	2
2460	2
2461	2
2462	3
2463	2
2464	2
2465	2
2466	2
2467	2
2468	0
2469	0
2470	2
2471	2
2472	2
2473	2
2474	2
2475	2
2476	3
2477	2
2478	2
2479	2
2480	2
2481	2
2482	2
2483	2
2484	3
2485	2
2486	2
2487	2
2488	0
2489	2
2490	2
2491	2
2492	2
2493	2
2494	2
2495	2
2496	2
2497	2
2498	2
2499	0
2500	2
2501	2
2502	2
2503	2
2504	2
2505	2
2506	2
2507	2
2508	2
2509	2
2510	2
2511	2
2512	2
2513	2
2514	2
2515	3
2516	3
2517	2
2518	0
2519	2
2520	2
2521	2
2522	2
2523	2
2524	0
2525	2
2526	0
2527	0
2528	2
2529	2
2530	2
2531	0
2532	3
2533	2
2534	2
2535	3
2536	2
2537	2
2538	2
2539	2
2540	2
2541	2
2542	2
2543	2
2544	2
2545	3
2546	2
2547	2
2548	2
2549	2
2550	2
2551	0
2552	2
2553	0
2554	2
2555	2
2556	2
2557	3
2558	2
2559	2
2560	2
2561	2
2562	2
2563	2
2564	2
2565	2
2566	3
2567	2
2568	2
2569	2
2570	0
2571	2
2572	2
2573	2
2574	2
2575	0
2576	2
2577	2
2578	2
2579	2
2580	2
2581	2
2582	2
2583	2
2584	2
2585	2
2586	2
2587	2
2588	2
2589	2
2590	2
2591	2
2592	2
2593	2
2594	2
2595	2
2596	3
2597	3
2598	2
2599	2
2600	2
2601	2
2602	2
2603	2
2604	2
2605	2
2606	2
2607	2
2608	2
2609	3
2610	2
2611	2
2612	2
2613	2
2614	2
2615	2
2616	2
2617	2
2618	2
2619	2
2620	2
2621	2
2622	2
2623	2
2624	2
2625	2
2626	2
2627	2
2628	2
2629	2
2630	2
2631	2
2632	3
2633	2
2634	2
2635	2
2636	2
2637	2
2638	2
2639	1
2640	2
2641	2
2642	2
2643	2
2644	2
2645	2
2646	0
2647	2
2648	2
2649	3
2650	2
2651	2
2652	0
2653	2
2654	2
2655	0
2656	0
2657	2
2658	2
2659	2
2660	2
2661	1
2662	2
2663	2
2664	2
2665	2
2666	2
2667	2
2668	2
2669	2
2670	2
2671	2
2672	2
2673	2
2674	3
2675	2
2676	3
2677	2
2678	0
2679	2
2680	2
2681	3
2682	3
2683	2
2684	2
2685	3
2686	2
2687	0
2688	2
2689	0
2690	3
2691	2
2692	2
2693	2
2694	3
2695	2
2696	2
2697	2
2698	2
2699	1
2700	2
2701	3
2702	2
2703	2
2704	3
2705	2
2706	2
2707	1
2708	2
2709	2
2710	2
2711	2
2712	1
2713	2
2714	0
2715	2
2716	3
2717	2
2718	2
2719	3
2720	2
2721	2
2722	2
2723	2
2724	2
2725	2
2726	0
2727	3
2728	2
2729	2
2730	2
2731	2
2732	2
2733	0
2734	2
2735	0
2736	2
2737	2
2738	0
2739	2
2740	2
2741	3
2742	3
2743	0
2744	2
2745	1
2746	2
2747	2
2748	0
2749	2
2750	2
2751	2
2752	3
2753	2
2754	2
2755	2
2756	0
2757	2
2758	2
2759	3
2760	3
2761	3
2762	2
2763	0
2764	3
2765	2
2766	2
2767	0
2768	2
2769	2
2770	2
2771	2
2772	3
2773	3
2774	2
2775	2
2776	3
2777	2
2778	3
2779	2
2780	2
2781	2
2782	2
2783	0
2784	2
2785	0
2786	2
2787	2
2788	0
2789	3
2790	3
2791	2
2792	2
2793	3
2794	0
2795	0
2796	0
2797	2
2798	3
2799	3
2800	2
2801	2
2802	3
2803	0
2804	2
2805	0
2806	2
2807	3
2808	0
2809	2
2810	2
2811	0
2812	2
2813	1
2814	3
2815	2
2816	0
2817	2
2818	2
2819	2
2820	2
2821	2
2822	2
2823	0
2824	2
2825	2
2826	3
2827	0
2828	2
2829	2
2830	3
2831	2
2832	2
2833	2
2834	2
2835	3
2836	2
2837	0
2838	2
2839	2
2840	2
2841	2
2842	2
2843	2
2844	2
2845	2
2846	2
2847	2
2848	2
2849	2
2850	2
2851	2
2852	2
2853	0
2854	2
2855	2
2856	2
2857	2
2858	3
2859	2
2860	2
2861	2
2862	2
2863	2
2864	2
2865	2
2866	2
2867	2
2868	2
2869	2
2870	2
2871	2
2872	2
2873	2
2874	2
2875	0
2876	2
2877	2
2878	2
2879	0
2880	2
2881	2
2882	2
2883	2
2884	2
2885	2
2886	2
2887	2
2888	2
2889	2
2890	2
2891	0
2892	2
2893	2
2894	2
2895	0
2896	2
2897	2
2898	2
2899	2
2900	2
2901	2
2902	2
2903	2
2904	2
2905	2
2906	2
2907	2
2908	2
2909	2
2910	2
2911	2
2912	2
2913	3
2914	2
2915	2
2916	2
2917	2
2918	2
2919	3
2920	2
2921	3
2922	0
2923	2
2924	2
2925	2
2926	2
2927	2
2928	2
2929	2
2930	2
2931	2
2932	2
2933	2
2934	2
2935	3
2936	2
2937	2
2938	2
2939	2
2940	2
2941	2
2942	2
2943	2
2944	2
2945	2
2946	2
2947	2
2948	2
2949	2
2950	2
2951	2
2952	2
2953	2
2954	2
2955	2
2956	2
2957	2
2958	2
2959	2
2960	0
2961	3
2962	0
2963	2
2964	2
2965	2
2966	2
2967	2
2968	2
2969	2
2970	2
2971	2
2972	2
2973	2
2974	2
2975	3
2976	0
2977	2
2978	2
2979	3
2980	2
2981	2
2982	3
2983	2
2984	2
2985	2
2986	2
2987	2
2988	2
2989	2
2990	2
2991	0
2992	2
2993	2
2994	2
2995	2
2996	2
2997	2
2998	2
2999	2
3000	0
3001	2
3002	2
3003	0
3004	2
3005	2
3006	3
3007	2
3008	2
3009	2
3010	2
3011	2
3012	2
3013	2
3014	2
3015	2
3016	2
3017	3
3018	2
3019	2
3020	0
3021	3
3022	3
3023	0
3024	2
3025	2
3026	0
3027	2
3028	2
3029	0
3030	0
3031	2
3032	2
3033	0
3034	2
3035	0
3036	2
3037	2
3038	3
3039	2
3040	0
3041	3
3042	3
3043	2
3044	0
3045	2
3046	3
3047	2
3048	3
3049	2
3050	2
3051	2
3052	2
3053	2
3054	2
3055	2
3056	3
3057	2
3058	2
3059	2
3060	0
3061	2
3062	2
3063	2
3064	3
3065	2
3066	2
3067	2
3068	0
3069	2
3070	3
3071	2
3072	2
3073	2
3074	2
3075	2
3076	2
3077	3
3078	2
3079	2
3080	2
3081	3
3082	2
3083	3
3084	2
3085	0
3086	2
3087	3
3088	0
3089	2
3090	3
3091	2
3092	2
3093	2
3094	2
3095	2
3096	2
3097	2
3098	3
3099	2
3100	2
3101	3
3102	2
3103	2
3104	3
3105	2
3106	1
3107	3
3108	3
3109	2
3110	2
3111	2
3112	2
3113	2
3114	2
3115	2
3116	2
3117	2
3118	3
3119	2
3120	2
3121	2
3122	2
3123	2
3124	2
3125	3
3126	2
3127	3
3128	2
3129	2
3130	2
3131	2
3132	0
3133	3
3134	2
3135	0
3136	0
3137	2
3138	0
3139	2
3140	0
3141	0
3142	3
3143	2
3144	0
3145	0
3146	2
3147	0
3148	2
3149	3
3150	2
3151	0
3152	2
3153	2
3154	3
3155	2
3156	2
3157	2
3158	2
3159	2
3160	2
3161	2
3162	3
3163	2
3164	2
3165	2
3166	2
3167	0
3168	2
3169	2
3170	2
3171	0
3172	0
3173	2
3174	3
3175	2
3176	2
3177	2
3178	3
3179	0
3180	2
3181	2
3182	2
3183	2
3184	2
3185	2
3186	2
3187	3
3188	2
3189	2
3190	0
3191	2
3192	3
3193	2
3194	2
3195	2
3196	0
3197	0
3198	2
3199	0
3200	2
3201	2
3202	2
3203	1
3204	2
3205	2
3206	2
3207	2
3208	2
3209	2
3210	3
3211	2
3212	2
3213	2
3214	2
3215	2
3216	2
3217	2
3218	3
3219	2
3220	2
3221	2
3222	2
3223	2
3224	0
3225	2
3226	2
3227	0
3228	2
3229	2
3230	2
3231	0
3232	2
3233	1
3234	2
3235	2
3236	1
3237	1
3238	1
3239	2
3240	2
3241	2
3242	0
3243	2
3244	2
3245	2
3246	2
3247	2
3248	2
3249	3
3250	2
3251	2
3252	2
3253	2
3254	0
3255	2
3256	2
3257	2
3258	2
3259	2
3260	2
3261	2
3262	2
3263	2
3264	3
3265	2
3266	2
3267	2
3268	2
3269	2
3270	2
3271	2
3272	2
3273	0
3274	2
3275	2
3276	2
3277	2
3278	2
3279	2
3280	3
3281	2
3282	0
3283	2
3284	2
3285	2
3286	3
3287	2
3288	2
3289	0
3290	2
3291	2
3292	2
3293	3
3294	2
3295	2
3296	0
3297	2
3298	2
3299	2
3300	2
3301	3
3302	0
3303	2
3304	2
3305	0
3306	2
3307	2
3308	2
3309	2
3310	2
3311	2
3312	3
3313	0
3314	3
3315	2
3316	2
3317	3
3318	2
3319	2
3320	2
3321	2
3322	2
3323	2
3324	2
3325	2
3326	3
3327	2
3328	2
3329	2
3330	2
3331	2
3332	2
3333	2
3334	2
3335	2
3336	2
3337	0
3338	2
3339	3
3340	2
3341	2
3342	2
3343	2
3344	2
3345	2
3346	2
3347	0
3348	0
3349	2
3350	0
3351	3
3352	2
3353	0
3354	2
3355	2
3356	3
3357	0
3358	2
3359	2
3360	2
3361	0
3362	2
3363	3
3364	2
3365	2
3366	2
3367	2
3368	2
3369	2
3370	2
3371	2
3372	1
3373	3
3374	2
3375	2
3376	2
3377	3
3378	2
3379	2
3380	3
3381	2
3382	2
3383	0
3384	3
3385	2
3386	2
3387	3
3388	2
3389	2
3390	2
3391	3
3392	0
3393	2
3394	3
3395	2
3396	2
3397	2
3398	2
3399	2
3400	2
3401	2
3402	3
3403	3
3404	0
3405	0
3406	2
3407	3
3408	3
3409	2
3410	2
3411	2
3412	0
3413	2
3414	2
3415	2
3416	2
3417	1
3418	3
3419	2
3420	2
3421	2
3422	0
3423	0
3424	0
3425	2
3426	1
3427	2
3428	2
3429	3
3430	0
3431	0
3432	2
3433	2
3434	3
3435	3
3436	2
3437	2
3438	2
3439	3
3440	2
3441	2
3442	0
3443	2
3444	2
3445	2
3446	2
3447	2
3448	3
3449	2
3450	2
3451	2
3452	0
3453	2
3454	2
3455	0
3456	2
3457	2
3458	2
3459	0
3460	0
3461	2
3462	2
3463	1
3464	2
3465	2
3466	2
3467	3
3468	1
3469	0
3470	2
3471	2
3472	3
3473	2
3474	2
3475	3
3476	2
3477	2
3478	2
3479	2
3480	2
3481	2
3482	1
3483	2
3484	0
3485	2
3486	2
3487	3
3488	2
3489	2
3490	3
3491	2
3492	2
3493	2
3494	2
3495	0
3496	3
3497	2
3498	2
3499	2
3500	3
3501	0
3502	2
3503	0
3504	2
3505	2
3506	2
3507	2
3508	3
3509	0
3510	2
3511	2
3512	2
3513	0
3514	2
3515	2
3516	2
3517	0
3518	2
3519	0
3520	2
3521	2
3522	2
3523	2
3524	2
3525	2
3526	2
3527	2
3528	2
3529	0
3530	2
3531	2
3532	2
3533	0
3534	2
3535	2
3536	0
3537	2
3538	2
3539	0
3540	2
3541	3
3542	2
3543	3
3544	2
3545	2
3546	2
3547	1
3548	2
3549	2
3550	2
3551	3
3552	2
3553	2
3554	2
3555	0
3556	2
3557	0
3558	2
3559	1
3560	2
3561	0
3562	3
3563	0
3564	2
3565	0
3566	3
3567	0
3568	2
3569	3
3570	2
3571	2
3572	2
3573	1
3574	0
3575	2
3576	2
3577	2
3578	2
3579	2
3580	1
3581	2
3582	2
3583	3
3584	2
3585	3
3586	2
3587	2
3588	2
3589	2
3590	2
3591	2
3592	2
3593	2
3594	2
3595	1
3596	2
3597	1
3598	3
3599	0
3600	2
3601	1
3602	2
3603	3
3604	2
3605	2
3606	2
3607	2
3608	3
3609	1
3610	2
3611	3
3612	3
3613	2
3614	2
3615	2
3616	2
3617	2
3618	2
3619	2
3620	2
3621	3
3622	2
3623	2
3624	2
3625	0
3626	2
3627	2
3628	0
3629	2
3630	2
3631	2
3632	2
3633	3
3634	0
3635	3
3636	2
3637	2
3638	3
3639	2
3640	2
3641	2
3642	3
3643	2
3644	2
3645	3
3646	2
3647	2
3648	3
3649	2
3650	2
3651	2
3652	3
3653	2
3654	3
3655	2
3656	2
3657	2
3658	2
3659	2
3660	3
3661	2
3662	2
3663	2
3664	1
3665	0
3666	2
3667	2
3668	2
3669	2
3670	2
3671	2
3672	3
3673	2
3674	2
3675	0
3676	2
3677	2
3678	3
3679	2
3680	3
3681	2
3682	2
3683	2
3684	2
3685	3
3686	3
3687	2
3688	2
3689	2
3690	2
3691	2
3692	2
3693	2
3694	2
3695	0
3696	1
3697	3
3698	2
3699	2
3700	3
3701	2
3702	2
3703	2
3704	0
3705	2
3706	3
3707	2
3708	2
3709	2
3710	2
3711	2
3712	2
3713	2
3714	0
3715	2
3716	0
3717	2
3718	2
3719	0
3720	3
3721	3
3722	3
3723	3
3724	3
3725	2
3726	2
3727	0
3728	2
3729	3
3730	2
3731	2
3732	2
3733	2
3734	2
3735	3
3736	2
3737	3
3738	2
3739	2
3740	3
3741	2
3742	2
3743	2
3744	2
3745	2
3746	3
3747	3
3748	2
3749	3
3750	2
3751	0
3752	2
3753	2
3754	3
3755	2
3756	2
3757	2
3758	3
3759	2
3760	2
3761	2
3762	2
3763	2
3764	2
3765	2
3766	2
3767	2
3768	2
3769	2
3770	2
3771	0
3772	2
3773	3
3774	0
3775	2
3776	2
3777	1
3778	3
3779	3
3780	2
3781	2
3782	2
3783	2
3784	2
3785	1
3786	2
3787	3
3788	3
3789	2
3790	2
3791	2
3792	2
3793	2
3794	2
3795	0
3796	2
3797	3
3798	2
3799	2
3800	2
3801	3
3802	2
3803	2
3804	0
3805	2
3806	2
3807	2
3808	2
3809	2
3810	2
3811	3
3812	2
3813	0
3814	2
3815	3
3816	2
3817	2
3818	2
3819	2
3820	0
3821	3
3822	2
3823	2
3824	2
3825	1
3826	2
3827	2
3828	2
3829	0
3830	2
3831	2
3832	2
3833	2
3834	2
3835	2
3836	3
3837	2
3838	2
3839	0
3840	2
3841	2
3842	2
3843	2
3844	3
3845	2
3846	2
3847	2
3848	2
3849	2
3850	2
3851	2
3852	2
3853	2
3854	2
3855	2
3856	2
3857	2
3858	2
3859	3
3860	2
3861	3
3862	3
3863	2
3864	2
3865	2
3866	2
3867	2
3868	2
3869	1
3870	1
3871	3
3872	2
3873	2
3874	2
3875	2
3876	0
3877	2
3878	0
3879	0
3880	0
3881	2
3882	2
3883	3
3884	2
3885	3
3886	2
3887	3
3888	2
3889	2
3890	2
3891	2
3892	2
3893	2
3894	2
3895	2
3896	2
3897	2
3898	3
3899	0
3900	2
3901	2
3902	2
3903	2
3904	2
3905	2
3906	2
3907	2
3908	3
3909	2
3910	2
3911	2
3912	2
3913	2
3914	2
3915	2
3916	0
3917	2
3918	2
3919	2
3920	2
3921	2
3922	2
3923	2
3924	2
3925	2
3926	2
3927	2
3928	2
3929	0
3930	2
3931	3
3932	2
3933	2
3934	2
3935	0
3936	1
3937	2
3938	0
3939	2
3940	2
3941	2
3942	0
3943	3
3944	2
3945	2
3946	2
3947	2
3948	2
3949	0
3950	3
3951	2
3952	2
3953	2
3954	2
3955	2
3956	3
3957	2
3958	2
3959	2
3960	0
3961	2
3962	2
3963	0
3964	2
3965	0
3966	3
3967	2
3968	2
3969	2
3970	2
3971	2
3972	3
3973	3
3974	2
3975	2
3976	1
3977	2
3978	2
3979	2
3980	3
3981	0
3982	2
3983	2
3984	3
3985	2
3986	2
3987	0
3988	3
3989	3
3990	3
3991	3
3992	3
3993	2
3994	2
3995	0
3996	2
3997	2
3998	1
3999	2
4000	2
4001	3
4002	2
4003	2
4004	2
4005	2
4006	2
4007	3
4008	2
4009	2
4010	2
4011	2
4012	3
4013	2
4014	2
4015	2
4016	2
4017	2
4018	2
4019	3
4020	2
4021	3
4022	2
4023	2
4024	2
4025	0
4026	2
4027	2
4028	2
4029	0
4030	2
4031	2
4032	2
4033	3
4034	2
4035	2
4036	2
4037	2
4038	2
4039	2
4040	3
4041	2
4042	2
4043	2
4044	2
4045	2
4046	2
4047	3
4048	2
4049	2
4050	2
4051	2
4052	2
4053	2
4054	2
4055	2
4056	2
4057	2
4058	3
4059	2
4060	2
4061	2
4062	2
4063	2
4064	2
4065	2
4066	2
4067	2
4068	0
4069	3
4070	2
4071	2
4072	2
4073	3
4074	3
4075	2
4076	2
4077	2
4078	2
4079	2
4080	2
4081	2
4082	2
4083	2
4084	0
4085	2
4086	2
4087	3
4088	2
4089	2
4090	2
4091	2
4092	2
4093	3
4094	2
4095	2
