COMMAND
./sim bimodal 12 ./proj2-traces/perl_trace.txt
OUTPUT
number of predictions:2000000
number of mispredictions:181800
misprediction rate:   9.09%
FINAL BIMODAL CONTENTS
0	3
1	3
2	3
3	2
4	2
5	2
6	2
7	1
8	2
9	2
10	3
11	1
12	3
13	3
14	1
15	0
16	2
17	3
18	3
19	2
20	2
21	2
22	0
23	3
24	1
25	3
26	0
27	0
28	1
29	2
30	3
31	3
32	2
33	3
34	0
35	2
36	2
37	2
38	3
39	3
40	3
41	3
42	3
43	2
44	1
45	2
46	2
47	0
48	3
49	2
50	2
51	2
52	2
53	0
54	2
55	2
56	0
57	1
58	1
59	3
60	0
61	2
62	2
63	1
64	2
65	3
66	3
67	2
68	2
69	0
70	2
71	2
72	3
73	3
74	0
75	2
76	2
77	2
78	3
79	2
80	3
81	2
82	2
83	3
84	2
85	2
86	3
87	3
88	2
89	3
90	3
91	2
92	2
93	2
94	0
95	2
96	2
97	2
98	2
99	2
100	2
101	0
102	2
103	2
104	2
105	0
106	2
107	2
108	3
109	0
110	0
111	2
112	0
113	2
114	2
115	3
116	0
117	2
118	2
119	1
120	2
121	2
122	2
123	3
124	2
125	0
126	2
127	1
128	2
129	0
130	0
131	1
132	3
133	2
134	0
135	3
136	2
137	3
138	3
139	3
140	1
141	2
142	2
143	1
144	0
145	0
146	2
147	3
148	2
149	2
150	3
151	3
152	2
153	2
154	2
155	2
156	2
157	3
158	3
159	2
160	2
161	0
162	2
163	3
164	2
165	0
166	2
167	1
168	3
169	2
170	2
171	2
172	0
173	2
174	3
175	2
176	3
177	0
178	2
179	2
180	3
181	2
182	1
183	2
184	2
185	3
186	3
187	0
188	2
189	2
190	3
191	2
192	2
193	0
194	2
195	2
196	2
197	2
198	2
199	2
200	2
201	3
202	2
203	2
204	3
205	2
206	1
207	2
208	0
209	2
210	0
211	2
212	2
213	0
214	2
215	0
216	0
217	2
218	0
219	0
220	2
221	3
222	2
223	3
224	2
225	3
226	3
227	0
228	2
229	2
230	2
231	2
232	2
233	2
234	2
235	2
236	2
237	0
238	2
239	2
240	2
241	2
242	2
243	2
244	2
245	0
246	2
247	2
248	1
249	3
250	2
251	3
252	2
253	2
254	3
255	2
256	2
257	1
258	2
259	2
260	2
261	3
262	2
263	2
264	0
265	2
266	2
267	1
268	2
269	3
270	2
271	1
272	2
273	0
274	1
275	3
276	0
277	2
278	3
279	2
280	2
281	1
282	2
283	3
284	1
285	2
286	0
287	3
288	3
289	0
290	2
291	1
292	2
293	1
294	2
295	2
296	3
297	2
298	2
299	3
300	2
301	2
302	3
303	2
304	2
305	2
306	0
307	2
308	2
309	0
310	2
311	2
312	2
313	2
314	2
315	2
316	2
317	2
318	3
319	2
320	2
321	3
322	2
323	1
324	2
325	3
326	2
327	3
328	0
329	0
330	2
331	2
332	1
333	2
334	3
335	3
336	3
337	2
338	2
339	2
340	0
341	0
342	0
343	2
344	2
345	3
346	2
347	2
348	2
349	1
350	2
351	3
352	2
353	2
354	2
355	2
356	2
357	2
358	2
359	2
360	2
361	2
362	2
363	2
364	2
365	2
366	2
367	1
368	2
369	2
370	2
371	2
372	2
373	2
374	2
375	0
376	0
377	0
378	2
379	2
380	2
381	3
382	2
383	2
384	2
385	2
386	2
387	2
388	2
389	3
390	2
391	1
392	2
393	2
394	0
395	2
396	2
397	2
398	2
399	2
400	2
401	2
402	2
403	2
404	2
405	1
406	2
407	1
408	2
409	2
410	2
411	3
412	2
413	2
414	2
415	2
416	2
417	2
418	2
419	2
420	2
421	2
422	1
423	2
424	2
425	0
426	3
427	2
428	2
429	0
430	2
431	2
432	2
433	2
434	2
435	2
436	2
437	1
438	3
439	0
440	2
441	2
442	2
443	2
444	2
445	2
446	2
447	1
448	2
449	2
450	2
451	2
452	3
453	2
454	2
455	2
456	2
457	2
458	3
459	2
460	2
461	1
462	2
463	2
464	3
465	2
466	2
467	2
468	2
469	2
470	2
471	2
472	2
473	2
474	2
475	2
476	2
477	2
478	2
479	2
480	2
481	2
482	2
483	2
484	2
485	2
486	2
487	2
488	0
489	2
490	3
491	2
492	2
493	2
494	2
495	2
496	2
497	2
498	2
499	0
500	2
501	2
502	1
503	2
504	2
505	2
506	2
507	2
508	3
509	3
510	2
511	0
512	2
513	2
514	2
515	2
516	2
517	2
518	2
519	2
520	2
521	0
522	2
523	2
524	2
525	2
526	2
527	2
528	2
529	2
530	0
531	2
532	2
533	2
534	2
535	2
536	2
537	2
538	3
539	2
540	3
541	2
542	2
543	2
544	2
545	2
546	2
547	0
548	1
549	2
550	3
551	2
552	3
553	0
554	2
555	2
556	2
557	2
558	2
559	2
560	3
561	3
562	2
563	3
564	2
565	2
566	0
567	2
568	2
569	3
570	2
571	2
572	3
573	2
574	0
575	2
576	2
577	3
578	2
579	2
580	2
581	2
582	2
583	2
584	3
585	2
586	3
587	1
588	0
589	2
590	2
591	2
592	2
593	2
594	1
595	3
596	0
597	2
598	3
599	2
600	2
601	2
602	2
603	2
604	2
605	2
606	0
607	2
608	2
609	0
610	2
611	2
612	2
613	2
614	2
615	1
616	2
617	2
618	3
619	2
620	2
621	3
622	2
623	2
624	0
625	1
626	0
627	0
628	3
629	2
630	3
631	0
632	2
633	3
634	0
635	2
636	2
637	2
638	2
639	0
640	2
641	0
642	2
643	1
644	2
645	2
646	2
647	2
648	2
649	0
650	2
651	2
652	2
653	2
654	3
655	2
656	2
657	2
658	2
659	2
660	3
661	2
662	2
663	2
664	2
665	2
666	3
667	2
668	0
669	2
670	2
671	2
672	2
673	2
674	2
675	2
676	2
677	2
678	2
679	2
680	2
681	2
682	2
683	2
684	2
685	2
686	2
687	2
688	2
689	2
690	2
691	2
692	1
693	2
694	2
695	2
696	2
697	2
698	2
699	2
700	2
701	0
702	2
703	3
704	2
705	2
706	2
707	2
708	0
709	0
710	2
711	2
712	2
713	2
714	2
715	0
716	3
717	2
718	2
719	2
720	2
721	2
722	2
723	2
724	2
725	3
726	2
727	2
728	2
729	2
730	2
731	2
732	2
733	3
734	2
735	2
736	2
737	2
738	2
739	2
740	2
741	3
742	2
743	2
744	2
745	1
746	2
747	2
748	2
749	1
750	2
751	2
752	2
753	2
754	2
755	2
756	2
757	3
758	2
759	2
760	2
761	2
762	2
763	2
764	2
765	2
766	2
767	2
768	2
769	2
770	2
771	2
772	2
773	2
774	2
775	2
776	2
777	2
778	2
779	2
780	2
781	2
782	2
783	2
784	2
785	2
786	2
787	2
788	0
789	0
790	0
791	3
792	0
793	3
794	2
795	3
796	2
797	2
798	3
799	2
800	2
801	2
802	1
803	2
804	2
805	3
806	2
807	2
808	2
809	3
810	2
811	2
812	2
813	2
814	3
815	2
816	2
817	2
818	2
819	1
820	2
821	3
822	2
823	2
824	0
825	2
826	2
827	2
828	1
829	2
830	3
831	0
832	0
833	2
834	3
835	2
836	2
837	3
838	3
839	2
840	0
841	3
842	1
843	2
844	2
845	0
846	2
847	2
848	0
849	2
850	2
851	2
852	2
853	3
854	2
855	0
856	0
857	0
858	3
859	2
860	1
861	2
862	0
863	2
864	0
865	2
866	2
867	2
868	0
869	2
870	2
871	2
872	3
873	2
874	2
875	2
876	2
877	2
878	3
879	2
880	2
881	2
882	0
883	2
884	2
885	3
886	2
887	2
888	2
889	2
890	2
891	2
892	2
893	2
894	2
895	2
896	2
897	2
898	2
899	2
900	2
901	2
902	2
903	2
904	2
905	2
906	2
907	2
908	2
909	2
910	2
911	2
912	2
913	2
914	2
915	2
916	2
917	2
918	2
919	2
920	2
921	2
922	2
923	2
924	2
925	2
926	2
927	2
928	2
929	2
930	2
931	2
932	2
933	2
934	2
935	2
936	2
937	2
938	2
939	2
940	2
941	2
942	2
943	2
944	2
945	3
946	2
947	2
948	2
949	2
950	2
951	2
952	2
953	2
954	2
955	2
956	2
957	2
958	2
959	2
960	2
961	0
962	2
963	2
964	2
965	2
966	2
967	2
968	2
969	3
970	0
971	2
972	2
973	2
974	2
975	2
976	3
977	2
978	0
979	2
980	2
981	2
982	2
983	1
984	3
985	2
986	0
987	0
988	2
989	2
990	3
991	3
992	2
993	2
994	2
995	2
996	2
997	0
998	0
999	2
1000	0
1001	0
1002	2
1003	3
1004	2
1005	2
1006	2
1007	2
1008	2
1009	2
1010	0
1011	2
1012	2
1013	2
1014	2
1015	2
1016	2
1017	2
1018	2
1019	2
1020	2
1021	2
1022	1
1023	1
1024	1
1025	2
1026	2
1027	3
1028	2
1029	2
1030	2
1031	2
1032	2
1033	2
1034	2
1035	2
1036	3
1037	2
1038	3
1039	1
1040	2
1041	1
1042	2
1043	2
1044	2
1045	0
1046	2
1047	0
1048	2
1049	0
1050	2
1051	0
1052	2
1053	3
1054	3
1055	2
1056	2
1057	0
1058	2
1059	3
1060	2
1061	0
1062	2
1063	3
1064	2
1065	2
1066	0
1067	0
1068	0
1069	2
1070	3
1071	2
1072	2
1073	2
1074	3
1075	0
1076	2
1077	2
1078	2
1079	2
1080	2
1081	2
1082	2
1083	2
1084	0
1085	2
1086	2
1087	2
1088	2
1089	2
1090	0
1091	2
1092	2
1093	2
1094	1
1095	3
1096	2
1097	2
1098	3
1099	2
1100	2
1101	2
1102	3
1103	3
1104	2
1105	2
1106	0
1107	3
1108	2
1109	2
1110	2
1111	0
1112	2
1113	2
1114	2
1115	2
1116	2
1117	2
1118	3
1119	2
1120	2
1121	2
1122	2
1123	2
1124	2
1125	2
1126	2
1127	2
1128	2
1129	2
1130	0
1131	0
1132	1
1133	2
1134	3
1135	2
1136	2
1137	1
1138	2
1139	2
1140	2
1141	1
1142	1
1143	3
1144	2
1145	2
1146	2
1147	0
1148	3
1149	2
1150	2
1151	2
1152	2
1153	3
1154	2
1155	2
1156	2
1157	2
1158	2
1159	2
1160	2
1161	3
1162	2
1163	2
1164	2
1165	2
1166	2
1167	1
1168	2
1169	2
1170	2
1171	2
1172	2
1173	2
1174	2
1175	2
1176	2
1177	0
1178	2
1179	2
1180	2
1181	2
1182	2
1183	2
1184	2
1185	2
1186	2
1187	2
1188	2
1189	2
1190	2
1191	2
1192	2
1193	0
1194	2
1195	0
1196	0
1197	2
1198	0
1199	2
1200	1
1201	2
1202	0
1203	2
1204	2
1205	0
1206	2
1207	2
1208	2
1209	2
1210	2
1211	3
1212	2
1213	2
1214	2
1215	2
1216	2
1217	3
1218	2
1219	2
1220	2
1221	0
1222	2
1223	0
1224	2
1225	3
1226	2
1227	0
1228	2
1229	3
1230	2
1231	2
1232	2
1233	3
1234	2
1235	3
1236	0
1237	2
1238	3
1239	2
1240	1
1241	2
1242	0
1243	2
1244	3
1245	0
1246	1
1247	0
1248	2
1249	2
1250	2
1251	3
1252	2
1253	2
1254	3
1255	2
1256	1
1257	2
1258	3
1259	2
1260	2
1261	1
1262	2
1263	3
1264	2
1265	3
1266	2
1267	2
1268	2
1269	2
1270	2
1271	2
1272	2
1273	2
1274	3
1275	2
1276	3
1277	2
1278	2
1279	2
1280	2
1281	2
1282	2
1283	2
1284	2
1285	2
1286	3
1287	0
1288	2
1289	2
1290	2
1291	2
1292	2
1293	2
1294	2
1295	2
1296	1
1297	2
1298	2
1299	2
1300	2
1301	2
1302	2
1303	2
1304	2
1305	2
1306	3
1307	2
1308	2
1309	3
1310	0
1311	2
1312	3
1313	1
1314	2
1315	2
1316	1
1317	2
1318	2
1319	0
1320	3
1321	3
1322	2
1323	2
1324	3
1325	2
1326	2
1327	2
1328	2
1329	3
1330	2
1331	2
1332	3
1333	2
1334	2
1335	2
1336	2
1337	2
1338	2
1339	2
1340	3
1341	2
1342	3
1343	2
1344	2
1345	2
1346	2
1347	2
1348	3
1349	2
1350	0
1351	0
1352	2
1353	2
1354	1
1355	1
1356	2
1357	3
1358	1
1359	2
1360	2
1361	2
1362	2
1363	2
1364	3
1365	3
1366	0
1367	3
1368	0
1369	2
1370	2
1371	3
1372	2
1373	3
1374	2
1375	2
1376	2
1377	2
1378	0
1379	3
1380	2
1381	0
1382	2
1383	3
1384	0
1385	2
1386	2
1387	3
1388	1
1389	0
1390	3
1391	3
1392	2
1393	2
1394	2
1395	3
1396	2
1397	0
1398	3
1399	2
1400	2
1401	2
1402	3
1403	2
1404	3
1405	2
1406	2
1407	2
1408	0
1409	2
1410	2
1411	2
1412	2
1413	3
1414	3
1415	2
1416	3
1417	2
1418	2
1419	2
1420	2
1421	2
1422	3
1423	2
1424	2
1425	2
1426	2
1427	2
1428	2
1429	1
1430	2
1431	2
1432	2
1433	2
1434	2
1435	0
1436	0
1437	0
1438	3
1439	2
1440	1
1441	2
1442	3
1443	3
1444	0
1445	3
1446	3
1447	1
1448	2
1449	3
1450	0
1451	2
1452	3
1453	0
1454	2
1455	2
1456	2
1457	2
1458	3
1459	2
1460	2
1461	2
1462	2
1463	3
1464	3
1465	2
1466	3
1467	1
1468	2
1469	1
1470	2
1471	2
1472	3
1473	2
1474	2
1475	2
1476	2
1477	2
1478	0
1479	3
1480	1
1481	2
1482	3
1483	0
1484	2
1485	3
1486	3
1487	3
1488	2
1489	0
1490	3
1491	1
1492	3
1493	3
1494	2
1495	3
1496	2
1497	0
1498	2
1499	2
1500	2
1501	0
1502	2
1503	0
1504	2
1505	3
1506	2
1507	0
1508	3
1509	0
1510	2
1511	3
1512	3
1513	2
1514	0
1515	0
1516	0
1517	2
1518	2
1519	0
1520	3
1521	0
1522	0
1523	2
1524	2
1525	3
1526	2
1527	1
1528	2
1529	2
1530	2
1531	2
1532	0
1533	2
1534	3
1535	2
1536	2
1537	3
1538	2
1539	2
1540	2
1541	2
1542	2
1543	2
1544	2
1545	3
1546	2
1547	2
1548	2
1549	0
1550	3
1551	2
1552	3
1553	1
1554	2
1555	0
1556	3
1557	2
1558	3
1559	1
1560	0
1561	3
1562	2
1563	2
1564	1
1565	2
1566	2
1567	2
1568	2
1569	2
1570	2
1571	3
1572	2
1573	2
1574	2
1575	0
1576	1
1577	2
1578	2
1579	3
1580	2
1581	0
1582	3
1583	2
1584	0
1585	1
1586	2
1587	2
1588	2
1589	3
1590	2
1591	2
1592	2
1593	2
1594	3
1595	2
1596	3
1597	2
1598	3
1599	3
1600	3
1601	0
1602	2
1603	3
1604	2
1605	2
1606	3
1607	2
1608	2
1609	3
1610	2
1611	2
1612	3
1613	2
1614	2
1615	2
1616	2
1617	3
1618	2
1619	0
1620	3
1621	0
1622	2
1623	0
1624	3
1625	2
1626	3
1627	0
1628	3
1629	2
1630	2
1631	2
1632	1
1633	2
1634	2
1635	2
1636	2
1637	0
1638	2
1639	3
1640	2
1641	1
1642	2
1643	2
1644	3
1645	2
1646	0
1647	3
1648	2
1649	2
1650	2
1651	2
1652	2
1653	2
1654	3
1655	0
1656	2
1657	0
1658	2
1659	3
1660	2
1661	2
1662	2
1663	2
1664	2
1665	2
1666	3
1667	2
1668	2
1669	0
1670	3
1671	0
1672	3
1673	3
1674	2
1675	2
1676	2
1677	2
1678	0
1679	2
1680	2
1681	2
1682	2
1683	2
1684	2
1685	2
1686	2
1687	2
1688	2
1689	3
1690	2
1691	2
1692	2
1693	2
1694	2
1695	2
1696	2
1697	2
1698	3
1699	2
1700	2
1701	2
1702	2
1703	2
1704	2
1705	3
1706	3
1707	2
1708	0
1709	2
1710	3
1711	2
1712	3
1713	2
1714	0
1715	0
1716	2
1717	2
1718	2
1719	2
1720	2
1721	2
1722	2
1723	2
1724	3
1725	2
1726	2
1727	0
1728	3
1729	2
1730	2
1731	2
1732	2
1733	2
1734	0
1735	3
1736	2
1737	2
1738	2
1739	2
1740	0
1741	2
1742	2
1743	0
1744	2
1745	2
1746	3
1747	0
1748	2
1749	0
1750	2
1751	3
1752	2
1753	2
1754	2
1755	3
1756	2
1757	2
1758	3
1759	2
1760	2
1761	2
1762	2
1763	2
1764	2
1765	2
1766	3
1767	2
1768	2
1769	2
1770	3
1771	3
1772	2
1773	2
1774	3
1775	2
1776	2
1777	2
1778	3
1779	3
1780	2
1781	2
1782	2
1783	2
1784	2
1785	2
1786	2
1787	3
1788	2
1789	0
1790	0
1791	3
1792	2
1793	3
1794	2
1795	2
1796	3
1797	1
1798	0
1799	0
1800	2
1801	3
1802	0
1803	2
1804	2
1805	3
1806	2
1807	0
1808	3
1809	2
1810	2
1811	0
1812	2
1813	2
1814	2
1815	2
1816	2
1817	1
1818	3
1819	2
1820	3
1821	2
1822	3
1823	3
1824	0
1825	3
1826	2
1827	3
1828	2
1829	2
1830	3
1831	3
1832	2
1833	2
1834	2
1835	2
1836	2
1837	2
1838	3
1839	2
1840	2
1841	3
1842	2
1843	2
1844	2
1845	2
1846	2
1847	2
1848	2
1849	2
1850	2
1851	2
1852	2
1853	2
1854	2
1855	0
1856	2
1857	3
1858	2
1859	2
1860	3
1861	2
1862	1
1863	2
1864	2
1865	0
1866	2
1867	2
1868	2
1869	3
1870	2
1871	0
1872	3
1873	2
1874	0
1875	2
1876	2
1877	2
1878	3
1879	2
1880	2
1881	2
1882	2
1883	2
1884	3
1885	0
1886	2
1887	1
1888	0
1889	1
1890	2
1891	0
1892	1
1893	3
1894	2
1895	2
1896	3
1897	0
1898	3
1899	2
1900	0
1901	2
1902	2
1903	3
1904	0
1905	2
1906	3
1907	2
1908	1
1909	2
1910	0
1911	2
1912	1
1913	2
1914	3
1915	2
1916	0
1917	3
1918	3
1919	3
1920	3
1921	3
1922	2
1923	2
1924	0
1925	2
1926	2
1927	2
1928	3
1929	0
1930	2
1931	1
1932	3
1933	2
1934	2
1935	3
1936	3
1937	3
1938	2
1939	3
1940	2
1941	2
1942	2
1943	0
1944	2
1945	2
1946	2
1947	0
1948	0
1949	3
1950	2
1951	2
1952	3
1953	2
1954	2
1955	2
1956	2
1957	2
1958	2
1959	3
1960	3
1961	2
1962	0
1963	0
1964	0
1965	3
1966	0
1967	3
1968	0
1969	2
1970	3
1971	2
1972	2
1973	2
1974	2
1975	3
1976	2
1977	2
1978	2
1979	3
1980	2
1981	3
1982	2
1983	2
1984	2
1985	2
1986	2
1987	3
1988	2
1989	2
1990	2
1991	2
1992	2
1993	0
1994	2
1995	2
1996	3
1997	2
1998	2
1999	2
2000	2
2001	0
2002	2
2003	2
2004	2
2005	0
2006	2
2007	2
2008	3
2009	2
2010	3
2011	2
2012	3
2013	2
2014	2
2015	1
2016	3
2017	2
2018	1
2019	2
2020	2
2021	2
2022	2
2023	2
2024	2
2025	2
2026	0
2027	2
2028	2
2029	1
2030	2
2031	3
2032	2
2033	3
2034	2
2035	0
2036	2
2037	0
2038	2
2039	2
2040	3
2041	0
2042	3
2043	3
2044	3
2045	2
2046	2
2047	2
2048	2
2049	2
2050	2
2051	2
2052	2
2053	1
2054	2
2055	3
2056	2
2057	2
2058	2
2059	2
2060	3
2061	2
2062	2
2063	3
2064	2
2065	2
2066	2
2067	2
2068	2
2069	3
2070	2
2071	2
2072	2
2073	2
2074	3
2075	3
2076	2
2077	2
2078	2
2079	2
2080	2
2081	2
2082	2
2083	3
2084	2
2085	2
2086	3
2087	2
2088	2
2089	2
2090	2
2091	3
2092	3
2093	2
2094	2
2095	0
2096	1
2097	3
2098	2
2099	2
2100	2
2101	2
2102	3
2103	2
2104	2
2105	2
2106	2
2107	1
2108	0
2109	2
2110	1
2111	2
2112	1
2113	2
2114	0
2115	2
2116	2
2117	2
2118	2
2119	2
2120	2
2121	3
2122	2
2123	2
2124	2
2125	2
2126	2
2127	3
2128	3
2129	0
2130	2
2131	0
2132	2
2133	0
2134	3
2135	2
2136	2
2137	2
2138	3
2139	2
2140	3
2141	2
2142	2
2143	1
2144	0
2145	3
2146	3
2147	3
2148	3
2149	2
2150	2
2151	2
2152	2
2153	2
2154	0
2155	2
2156	2
2157	1
2158	2
2159	3
2160	2
2161	2
2162	0
2163	3
2164	3
2165	2
2166	0
2167	2
2168	3
2169	0
2170	2
2171	0
2172	2
2173	2
2174	2
2175	0
2176	3
2177	2
2178	2
2179	1
2180	2
2181	2
2182	2
2183	2
2184	0
2185	3
2186	0
2187	0
2188	0
2189	0
2190	0
2191	1
2192	0
2193	0
2194	0
2195	2
2196	0
2197	3
2198	2
2199	0
2200	3
2201	2
2202	2
2203	2
2204	3
2205	0
2206	2
2207	2
2208	1
2209	2
2210	0
2211	2
2212	3
2213	3
2214	3
2215	2
2216	2
2217	0
2218	3
2219	3
2220	3
2221	2
2222	2
2223	2
2224	2
2225	2
2226	3
2227	2
2228	2
2229	2
2230	2
2231	2
2232	3
2233	3
2234	2
2235	2
2236	2
2237	2
2238	2
2239	0
2240	2
2241	2
2242	2
2243	0
2244	2
2245	3
2246	2
2247	2
2248	2
2249	2
2250	2
2251	2
2252	2
2253	2
2254	2
2255	2
2256	1
2257	2
2258	2
2259	0
2260	2
2261	0
2262	2
2263	2
2264	0
2265	2
2266	0
2267	2
2268	2
2269	2
2270	1
2271	2
2272	2
2273	2
2274	2
2275	2
2276	1
2277	2
2278	3
2279	2
2280	0
2281	2
2282	2
2283	2
2284	2
2285	0
2286	3
2287	2
2288	2
2289	0
2290	2
2291	0
2292	2
2293	2
2294	2
2295	2
2296	1
2297	2
2298	2
2299	3
2300	2
2301	1
2302	2
2303	3
2304	2
2305	2
2306	0
2307	0
2308	2
2309	2
2310	3
2311	0
2312	0
2313	3
2314	3
2315	2
2316	2
2317	0
2318	2
2319	3
2320	1
2321	2
2322	1
2323	3
2324	2
2325	1
2326	0
2327	2
2328	2
2329	2
2330	3
2331	2
2332	2
2333	2
2334	2
2335	2
2336	2
2337	3
2338	2
2339	2
2340	2
2341	2
2342	0
2343	3
2344	2
2345	2
2346	3
2347	2
2348	2
2349	3
2350	2
2351	2
2352	2
2353	2
2354	2
2355	2
2356	2
2357	2
2358	0
2359	3
2360	2
2361	2
2362	2
2363	3
2364	2
2365	3
2366	2
2367	0
2368	1
2369	2
2370	2
2371	2
2372	2
2373	2
2374	2
2375	0
2376	2
2377	2
2378	2
2379	3
2380	2
2381	3
2382	0
2383	2
2384	2
2385	2
2386	0
2387	2
2388	2
2389	2
2390	0
2391	2
2392	0
2393	2
2394	2
2395	2
2396	1
2397	1
2398	2
2399	2
2400	3
2401	3
2402	2
2403	0
2404	2
2405	2
2406	3
2407	2
2408	2
2409	2
2410	3
2411	2
2412	0
2413	2
2414	2
2415	2
2416	2
2417	2
2418	2
2419	2
2420	2
2421	2
2422	2
2423	2
2424	2
2425	2
2426	2
2427	1
2428	3
2429	3
2430	3
2431	2
2432	2
2433	2
2434	2
2435	2
2436	2
2437	1
2438	0
2439	2
2440	2
2441	0
2442	2
2443	2
2444	2
2445	2
2446	2
2447	2
2448	2
2449	2
2450	2
2451	3
2452	3
2453	2
2454	2
2455	0
2456	2
2457	2
2458	3
2459	2
2460	2
2461	3
2462	2
2463	3
2464	2
2465	2
2466	2
2467	1
2468	0
2469	2
2470	1
2471	3
2472	2
2473	2
2474	2
2475	0
2476	3
2477	2
2478	2
2479	0
2480	2
2481	2
2482	0
2483	0
2484	2
2485	2
2486	2
2487	2
2488	2
2489	2
2490	2
2491	2
2492	2
2493	2
2494	2
2495	2
2496	2
2497	2
2498	2
2499	3
2500	2
2501	2
2502	1
2503	1
2504	2
2505	2
2506	2
2507	2
2508	2
2509	2
2510	2
2511	2
2512	2
2513	2
2514	2
2515	2
2516	3
2517	2
2518	2
2519	2
2520	2
2521	2
2522	2
2523	2
2524	2
2525	2
2526	2
2527	2
2528	2
2529	2
2530	2
2531	1
2532	2
2533	0
2534	2
2535	3
2536	2
2537	2
2538	2
2539	2
2540	2
2541	2
2542	2
2543	2
2544	2
2545	1
2546	2
2547	2
2548	2
2549	2
2550	2
2551	2
2552	3
2553	2
2554	2
2555	2
2556	2
2557	2
2558	2
2559	2
2560	2
2561	0
2562	1
2563	1
2564	2
2565	2
2566	3
2567	2
2568	2
2569	2
2570	2
2571	2
2572	2
2573	2
2574	3
2575	2
2576	2
2577	2
2578	1
2579	2
2580	2
2581	3
2582	2
2583	2
2584	2
2585	1
2586	2
2587	2
2588	2
2589	2
2590	2
2591	2
2592	2
2593	2
2594	2
2595	2
2596	2
2597	2
2598	2
2599	3
2600	2
2601	2
2602	2
2603	2
2604	2
2605	2
2606	1
2607	1
2608	3
2609	2
2610	2
2611	3
2612	2
2613	2
2614	0
2615	2
2616	3
2617	2
2618	2
2619	2
2620	2
2621	2
2622	2
2623	1
2624	0
2625	2
2626	2
2627	2
2628	2
2629	2
2630	0
2631	2
2632	2
2633	2
2634	0
2635	2
2636	2
2637	0
2638	0
2639	0
2640	0
2641	0
2642	2
2643	1
2644	2
2645	0
2646	2
2647	2
2648	3
2649	2
2650	0
2651	3
2652	2
2653	2
2654	2
2655	2
2656	2
2657	3
2658	3
2659	2
2660	3
2661	2
2662	2
2663	3
2664	2
2665	2
2666	2
2667	0
2668	2
2669	0
2670	0
2671	1
2672	2
2673	2
2674	3
2675	0
2676	2
2677	3
2678	2
2679	2
2680	2
2681	2
2682	2
2683	2
2684	2
2685	2
2686	2
2687	2
2688	1
2689	2
2690	0
2691	0
2692	1
2693	2
2694	3
2695	3
2696	2
2697	2
2698	3
2699	2
2700	2
2701	2
2702	1
2703	3
2704	2
2705	2
2706	2
2707	3
2708	2
2709	2
2710	0
2711	2
2712	0
2713	2
2714	2
2715	2
2716	3
2717	2
2718	2
2719	2
2720	2
2721	2
2722	2
2723	2
2724	1
2725	2
2726	2
2727	2
2728	0
2729	2
2730	2
2731	3
2732	2
2733	1
2734	2
2735	2
2736	2
2737	2
2738	2
2739	2
2740	2
2741	2
2742	2
2743	2
2744	2
2745	2
2746	2
2747	2
2748	2
2749	2
2750	0
2751	2
2752	2
2753	3
2754	2
2755	2
2756	2
2757	2
2758	3
2759	2
2760	2
2761	2
2762	2
2763	2
2764	2
2765	2
2766	2
2767	2
2768	2
2769	2
2770	2
2771	2
2772	2
2773	2
2774	2
2775	2
2776	2
2777	2
2778	2
2779	2
2780	2
2781	2
2782	2
2783	2
2784	2
2785	2
2786	2
2787	2
2788	2
2789	2
2790	2
2791	2
2792	2
2793	2
2794	2
2795	0
2796	2
2797	2
2798	2
2799	2
2800	2
2801	2
2802	2
2803	3
2804	3
2805	2
2806	2
2807	2
2808	3
2809	2
2810	2
2811	2
2812	0
2813	2
2814	2
2815	0
2816	3
2817	0
2818	2
2819	0
2820	2
2821	3
2822	2
2823	2
2824	2
2825	2
2826	2
2827	2
2828	2
2829	2
2830	0
2831	3
2832	3
2833	2
2834	2
2835	2
2836	2
2837	0
2838	2
2839	2
2840	2
2841	0
2842	2
2843	2
2844	2
2845	2
2846	2
2847	2
2848	2
2849	2
2850	1
2851	2
2852	3
2853	0
2854	2
2855	2
2856	2
2857	0
2858	3
2859	2
2860	2
2861	2
2862	2
2863	2
2864	2
2865	2
2866	2
2867	2
2868	2
2869	0
2870	0
2871	3
2872	2
2873	2
2874	2
2875	2
2876	2
2877	2
2878	2
2879	0
2880	2
2881	2
2882	2
2883	2
2884	3
2885	2
2886	3
2887	2
2888	2
2889	2
2890	2
2891	2
2892	0
2893	2
2894	0
2895	2
2896	3
2897	2
2898	0
2899	2
2900	0
2901	0
2902	2
2903	2
2904	2
2905	3
2906	2
2907	2
2908	2
2909	3
2910	3
2911	3
2912	0
2913	2
2914	3
2915	2
2916	2
2917	2
2918	0
2919	2
2920	2
2921	0
2922	2
2923	3
2924	2
2925	2
2926	0
2927	2
2928	2
2929	2
2930	1
2931	2
2932	2
2933	0
2934	2
2935	0
2936	3
2937	2
2938	0
2939	2
2940	2
2941	0
2942	2
2943	1
2944	2
2945	2
2946	1
2947	0
2948	3
2949	3
2950	3
2951	3
2952	2
2953	0
2954	3
2955	2
2956	0
2957	2
2958	2
2959	2
2960	2
2961	0
2962	3
2963	2
2964	2
2965	0
2966	2
2967	0
2968	2
2969	2
2970	2
2971	2
2972	1
2973	3
2974	3
2975	2
2976	2
2977	0
2978	3
2979	3
2980	3
2981	2
2982	2
2983	2
2984	2
2985	3
2986	0
2987	2
2988	2
2989	3
2990	2
2991	3
2992	2
2993	2
2994	0
2995	3
2996	2
2997	1
2998	3
2999	2
3000	0
3001	0
3002	2
3003	2
3004	3
3005	2
3006	2
3007	3
3008	3
3009	2
3010	2
3011	2
3012	2
3013	0
3014	2
3015	2
3016	1
3017	0
3018	0
3019	2
3020	3
3021	2
3022	3
3023	2
3024	2
3025	3
3026	2
3027	2
3028	2
3029	2
3030	2
3031	2
3032	2
3033	2
3034	2
3035	2
3036	2
3037	2
3038	2
3039	2
3040	2
3041	2
3042	2
3043	2
3044	2
3045	2
3046	2
3047	2
3048	3
3049	2
3050	2
3051	0
3052	0
3053	2
3054	2
3055	3
3056	2
3057	2
3058	0
3059	1
3060	3
3061	2
3062	2
3063	0
3064	2
3065	2
3066	2
3067	0
3068	3
3069	3
3070	2
3071	2
3072	1
3073	2
3074	1
3075	1
3076	3
3077	3
3078	3
3079	3
3080	3
3081	3
3082	3
3083	3
3084	1
3085	2
3086	0
3087	2
3088	2
3089	2
3090	1
3091	0
3092	2
3093	2
3094	2
3095	0
3096	2
3097	2
3098	2
3099	2
3100	2
3101	0
3102	2
3103	2
3104	2
3105	2
3106	2
3107	2
3108	0
3109	0
3110	2
3111	2
3112	1
3113	2
3114	2
3115	2
3116	2
3117	2
3118	3
3119	2
3120	2
3121	2
3122	2
3123	2
3124	2
3125	2
3126	2
3127	2
3128	1
3129	2
3130	2
3131	2
3132	2
3133	2
3134	2
3135	2
3136	2
3137	1
3138	2
3139	2
3140	2
3141	2
3142	2
3143	1
3144	2
3145	2
3146	2
3147	2
3148	2
3149	2
3150	2
3151	2
3152	2
3153	0
3154	2
3155	2
3156	2
3157	3
3158	2
3159	2
3160	2
3161	2
3162	2
3163	0
3164	2
3165	2
3166	0
3167	2
3168	2
3169	3
3170	1
3171	1
3172	2
3173	2
3174	1
3175	2
3176	2
3177	3
3178	2
3179	0
3180	2
3181	2
3182	3
3183	2
3184	2
3185	2
3186	1
3187	2
3188	2
3189	2
3190	2
3191	0
3192	2
3193	2
3194	2
3195	2
3196	1
3197	2
3198	0
3199	3
3200	2
3201	2
3202	2
3203	2
3204	1
3205	2
3206	2
3207	2
3208	1
3209	0
3210	2
3211	1
3212	2
3213	2
3214	2
3215	2
3216	2
3217	2
3218	3
3219	0
3220	3
3221	2
3222	1
3223	2
3224	2
3225	2
3226	2
3227	2
3228	2
3229	2
3230	1
3231	2
3232	2
3233	1
3234	2
3235	2
3236	2
3237	2
3238	3
3239	2
3240	2
3241	3
3242	0
3243	3
3244	2
3245	2
3246	2
3247	2
3248	3
3249	2
3250	3
3251	2
3252	3
3253	2
3254	3
3255	3
3256	2
3257	3
3258	3
3259	0
3260	2
3261	3
3262	3
3263	2
3264	2
3265	2
3266	2
3267	0
3268	0
3269	0
3270	2
3271	2
3272	3
3273	2
3274	2
3275	0
3276	3
3277	2
3278	2
3279	2
3280	2
3281	3
3282	0
3283	3
3284	3
3285	2
3286	2
3287	2
3288	2
3289	0
3290	2
3291	2
3292	3
3293	2
3294	2
3295	1
3296	2
3297	2
3298	2
3299	2
3300	2
3301	0
3302	2
3303	3
3304	2
3305	3
3306	3
3307	3
3308	0
3309	0
3310	3
3311	2
3312	0
3313	3
3314	2
3315	3
3316	2
3317	2
3318	2
3319	0
3320	2
3321	0
3322	2
3323	3
3324	1
3325	2
3326	2
3327	2
3328	2
3329	1
3330	2
3331	3
3332	2
3333	3
3334	2
3335	3
3336	3
3337	2
3338	2
3339	3
3340	2
3341	2
3342	2
3343	2
3344	3
3345	2
3346	2
3347	2
3348	3
3349	3
3350	2
3351	3
3352	1
3353	2
3354	2
3355	2
3356	1
3357	3
3358	1
3359	2
3360	2
3361	3
3362	0
3363	2
3364	2
3365	0
3366	2
3367	2
3368	2
3369	0
3370	2
3371	0
3372	2
3373	2
3374	2
3375	1
3376	3
3377	2
3378	2
3379	0
3380	0
3381	2
3382	3
3383	2
3384	2
3385	3
3386	2
3387	2
3388	0
3389	2
3390	2
3391	3
3392	2
3393	0
3394	2
3395	2
3396	2
3397	2
3398	2
3399	3
3400	2
3401	2
3402	2
3403	0
3404	2
3405	3
3406	3
3407	3
3408	2
3409	3
3410	2
3411	0
3412	3
3413	2
3414	2
3415	3
3416	3
3417	0
3418	3
3419	2
3420	2
3421	2
3422	2
3423	1
3424	2
3425	2
3426	3
3427	3
3428	2
3429	3
3430	2
3431	2
3432	2
3433	2
3434	1
3435	2
3436	3
3437	1
3438	2
3439	3
3440	3
3441	2
3442	2
3443	0
3444	2
3445	0
3446	2
3447	2
3448	2
3449	2
3450	2
3451	1
3452	3
3453	0
3454	0
3455	2
3456	3
3457	3
3458	2
3459	2
3460	2
3461	1
3462	2
3463	2
3464	2
3465	2
3466	2
3467	3
3468	2
3469	2
3470	3
3471	2
3472	2
3473	2
3474	2
3475	2
3476	3
3477	0
3478	2
3479	2
3480	3
3481	2
3482	2
3483	2
3484	3
3485	3
3486	2
3487	2
3488	2
3489	2
3490	2
3491	2
3492	1
3493	2
3494	2
3495	2
3496	2
3497	2
3498	3
3499	1
3500	2
3501	3
3502	1
3503	2
3504	3
3505	2
3506	0
3507	2
3508	3
3509	3
3510	2
3511	3
3512	2
3513	0
3514	2
3515	3
3516	0
3517	2
3518	2
3519	2
3520	3
3521	0
3522	3
3523	2
3524	0
3525	2
3526	0
3527	2
3528	2
3529	2
3530	0
3531	3
3532	2
3533	1
3534	2
3535	2
3536	3
3537	0
3538	2
3539	2
3540	2
3541	0
3542	0
3543	2
3544	3
3545	2
3546	2
3547	0
3548	2
3549	1
3550	0
3551	3
3552	3
3553	2
3554	2
3555	2
3556	2
3557	0
3558	0
3559	0
3560	1
3561	0
3562	2
3563	3
3564	1
3565	2
3566	2
3567	2
3568	2
3569	2
3570	2
3571	2
3572	1
3573	2
3574	2
3575	1
3576	2
3577	2
3578	3
3579	2
3580	2
3581	0
3582	2
3583	2
3584	2
3585	3
3586	2
3587	3
3588	2
3589	2
3590	2
3591	0
3592	3
3593	3
3594	2
3595	2
3596	2
3597	2
3598	3
3599	2
3600	2
3601	3
3602	3
3603	3
3604	3
3605	2
3606	2
3607	2
3608	2
3609	1
3610	2
3611	2
3612	0
3613	2
3614	0
3615	0
3616	0
3617	2
3618	2
3619	3
3620	2
3621	2
3622	2
3623	2
3624	3
3625	3
3626	2
3627	3
3628	2
3629	2
3630	0
3631	2
3632	2
3633	2
3634	0
3635	2
3636	3
3637	2
3638	2
3639	1
3640	3
3641	0
3642	2
3643	3
3644	3
3645	2
3646	3
3647	3
3648	2
3649	0
3650	2
3651	3
3652	3
3653	2
3654	1
3655	2
3656	3
3657	0
3658	2
3659	2
3660	2
3661	3
3662	2
3663	3
3664	2
3665	3
3666	2
3667	2
3668	2
3669	0
3670	2
3671	2
3672	2
3673	2
3674	0
3675	0
3676	2
3677	2
3678	2
3679	0
3680	2
3681	2
3682	2
3683	2
3684	3
3685	2
3686	2
3687	2
3688	1
3689	2
3690	2
3691	2
3692	2
3693	2
3694	2
3695	2
3696	2
3697	2
3698	2
3699	3
3700	3
3701	1
3702	2
3703	0
3704	0
3705	2
3706	2
3707	2
3708	3
3709	2
3710	3
3711	2
3712	3
3713	2
3714	3
3715	3
3716	2
3717	2
3718	2
3719	2
3720	3
3721	2
3722	2
3723	3
3724	2
3725	3
3726	2
3727	2
3728	2
3729	0
3730	2
3731	0
3732	2
3733	0
3734	2
3735	0
3736	0
3737	3
3738	0
3739	2
3740	0
3741	3
3742	0
3743	3
3744	0
3745	2
3746	2
3747	3
3748	2
3749	2
3750	3
3751	2
3752	2
3753	3
3754	2
3755	2
3756	2
3757	0
3758	2
3759	2
3760	2
3761	2
3762	3
3763	2
3764	2
3765	3
3766	2
3767	3
3768	2
3769	2
3770	1
3771	2
3772	2
3773	3
3774	2
3775	0
3776	2
3777	2
3778	2
3779	2
3780	2
3781	0
3782	2
3783	3
3784	0
3785	2
3786	1
3787	3
3788	2
3789	0
3790	2
3791	2
3792	2
3793	2
3794	2
3795	2
3796	3
3797	2
3798	2
3799	2
3800	2
3801	2
3802	2
3803	2
3804	3
3805	2
3806	2
3807	2
3808	3
3809	2
3810	2
3811	2
3812	1
3813	1
3814	2
3815	3
3816	1
3817	2
3818	2
3819	2
3820	2
3821	0
3822	0
3823	2
3824	2
3825	3
3826	0
3827	2
3828	2
3829	1
3830	3
3831	0
3832	2
3833	1
3834	2
3835	0
3836	3
3837	2
3838	3
3839	2
3840	2
3841	3
3842	1
3843	1
3844	2
3845	0
3846	3
3847	3
3848	1
3849	1
3850	0
3851	3
3852	3
3853	0
3854	3
3855	3
3856	3
3857	0
3858	2
3859	2
3860	2
3861	2
3862	2
3863	3
3864	2
3865	0
3866	2
3867	0
3868	3
3869	2
3870	3
3871	2
3872	1
3873	3
3874	0
3875	2
3876	2
3877	3
3878	3
3879	0
3880	3
3881	3
3882	3
3883	2
3884	0
3885	1
3886	3
3887	2
3888	2
3889	3
3890	3
3891	2
3892	2
3893	2
3894	3
3895	2
3896	2
3897	2
3898	2
3899	0
3900	2
3901	2
3902	2
3903	2
3904	0
3905	2
3906	2
3907	3
3908	1
3909	3
3910	3
3911	0
3912	2
3913	2
3914	3
3915	3
3916	3
3917	2
3918	2
3919	2
3920	3
3921	3
3922	2
3923	2
3924	3
3925	2
3926	2
3927	2
3928	0
3929	2
3930	2
3931	3
3932	2
3933	1
3934	2
3935	2
3936	2
3937	2
3938	2
3939	1
3940	2
3941	2
3942	0
3943	3
3944	2
3945	2
3946	2
3947	2
3948	3
3949	0
3950	2
3951	0
3952	3
3953	0
3954	0
3955	2
3956	2
3957	0
3958	3
3959	2
3960	0
3961	2
3962	2
3963	0
3964	2
3965	2
3966	1
3967	0
3968	2
3969	2
3970	2
3971	2
3972	2
3973	2
3974	2
3975	2
3976	0
3977	2
3978	2
3979	0
3980	2
3981	3
3982	2
3983	1
3984	2
3985	0
3986	2
3987	3
3988	3
3989	1
3990	2
3991	2
3992	3
3993	1
3994	2
3995	0
3996	2
3997	3
3998	1
3999	2
4000	2
4001	2
4002	3
4003	2
4004	2
4005	0
4006	1
4007	1
4008	2
4009	2
4010	3
4011	2
4012	2
4013	2
4014	3
4015	2
4016	2
4017	2
4018	2
4019	1
4020	2
4021	3
4022	2
4023	3
4024	2
4025	2
4026	2
4027	2
4028	2
4029	2
4030	2
4031	2
4032	1
4033	2
4034	3
4035	2
4036	1
4037	2
4038	2
4039	3
4040	3
4041	3
4042	2
4043	2
4044	2
4045	2
4046	3
4047	3
4048	2
4049	2
4050	3
4051	3
4052	2
4053	2
4054	2
4055	2
4056	2
4057	2
4058	2
4059	1
4060	3
4061	2
4062	2
4063	2
4064	2
4065	2
4066	2
4067	2
4068	1
4069	2
4070	2
4071	2
4072	2
4073	2
4074	2
4075	0
4076	0
4077	3
4078	3
4079	2
4080	2
4081	2
4082	2
4083	0
4084	3
4085	2
4086	3
4087	0
4088	1
4089	2
4090	3
4091	3
4092	2
4093	1
4094	3
4095	2
