COMMAND
./sim bimodal 13 ./proj2-traces/gcc_trace.txt
OUTPUT
number of predictions:2000000
number of mispredictions:234386
misprediction rate:   11.72%
FINAL BIMODAL CONTENTS
0	3
1	0
2	3
3	2
4	3
5	1
6	2
7	1
8	0
9	0
10	3
11	1
12	0
13	3
14	0
15	2
16	1
17	0
18	3
19	0
20	0
21	3
22	2
23	2
24	3
25	2
26	3
27	0
28	0
29	0
30	0
31	0
32	3
33	3
34	3
35	1
36	3
37	2
38	1
39	2
40	0
41	0
42	2
43	0
44	2
45	0
46	3
47	3
48	3
49	2
50	3
51	0
52	3
53	0
54	1
55	0
56	2
57	3
58	0
59	0
60	0
61	0
62	1
63	3
64	3
65	2
66	2
67	0
68	2
69	0
70	3
71	2
72	0
73	0
74	2
75	3
76	3
77	3
78	3
79	2
80	3
81	2
82	0
83	3
84	3
85	0
86	0
87	2
88	0
89	3
90	3
91	3
92	2
93	2
94	2
95	2
96	0
97	2
98	2
99	0
100	3
101	0
102	2
103	0
104	3
105	0
106	0
107	0
108	0
109	0
110	3
111	0
112	0
113	2
114	3
115	0
116	2
117	3
118	3
119	2
120	3
121	3
122	2
123	1
124	2
125	3
126	2
127	0
128	0
129	3
130	2
131	2
132	2
133	0
134	0
135	3
136	0
137	3
138	0
139	0
140	0
141	3
142	3
143	2
144	0
145	3
146	3
147	0
148	3
149	3
150	0
151	0
152	0
153	3
154	3
155	2
156	0
157	0
158	2
159	0
160	2
161	0
162	0
163	0
164	3
165	3
166	3
167	3
168	2
169	0
170	2
171	0
172	3
173	2
174	0
175	3
176	0
177	2
178	1
179	3
180	3
181	0
182	3
183	2
184	3
185	3
186	3
187	3
188	2
189	3
190	2
191	2
192	0
193	2
194	0
195	0
196	3
197	0
198	3
199	0
200	2
201	3
202	2
203	0
204	3
205	0
206	3
207	2
208	2
209	0
210	0
211	2
212	3
213	0
214	3
215	3
216	0
217	2
218	2
219	0
220	3
221	2
222	0
223	0
224	3
225	0
226	3
227	0
228	2
229	1
230	3
231	3
232	3
233	0
234	3
235	2
236	3
237	2
238	0
239	0
240	0
241	0
242	0
243	0
244	3
245	3
246	0
247	3
248	2
249	3
250	3
251	0
252	0
253	2
254	2
255	1
256	2
257	3
258	3
259	3
260	3
261	0
262	0
263	0
264	3
265	3
266	3
267	3
268	2
269	0
270	3
271	0
272	3
273	2
274	1
275	2
276	0
277	3
278	1
279	2
280	1
281	3
282	2
283	3
284	3
285	3
286	0
287	3
288	3
289	3
290	2
291	0
292	3
293	2
294	2
295	0
296	3
297	0
298	3
299	2
300	1
301	3
302	2
303	3
304	0
305	0
306	3
307	3
308	0
309	3
310	2
311	0
312	0
313	0
314	2
315	3
316	2
317	2
318	1
319	0
320	3
321	2
322	0
323	0
324	0
325	3
326	1
327	0
328	0
329	2
330	3
331	0
332	3
333	2
334	0
335	0
336	0
337	3
338	0
339	1
340	2
341	0
342	0
343	0
344	2
345	0
346	3
347	1
348	3
349	3
350	3
351	3
352	3
353	0
354	0
355	0
356	0
357	0
358	2
359	0
360	2
361	0
362	0
363	0
364	2
365	2
366	3
367	1
368	0
369	3
370	0
371	3
372	0
373	3
374	0
375	2
376	2
377	2
378	0
379	0
380	2
381	0
382	3
383	2
384	0
385	3
386	0
387	2
388	1
389	1
390	0
391	0
392	2
393	3
394	0
395	0
396	3
397	0
398	2
399	3
400	0
401	0
402	0
403	0
404	3
405	3
406	0
407	3
408	3
409	0
410	0
411	2
412	0
413	0
414	2
415	0
416	3
417	2
418	3
419	0
420	0
421	0
422	3
423	0
424	2
425	0
426	0
427	0
428	3
429	0
430	0
431	3
432	3
433	1
434	3
435	3
436	3
437	0
438	3
439	0
440	2
441	0
442	2
443	3
444	3
445	0
446	3
447	0
448	2
449	0
450	2
451	3
452	2
453	2
454	2
455	3
456	3
457	2
458	1
459	1
460	3
461	3
462	0
463	2
464	3
465	1
466	0
467	0
468	3
469	2
470	2
471	3
472	0
473	0
474	0
475	1
476	3
477	2
478	0
479	3
480	0
481	0
482	2
483	0
484	0
485	3
486	1
487	2
488	2
489	3
490	3
491	3
492	3
493	2
494	3
495	3
496	0
497	3
498	0
499	0
500	3
501	3
502	2
503	0
504	3
505	0
506	0
507	0
508	0
509	0
510	2
511	2
512	3
513	2
514	0
515	3
516	3
517	3
518	2
519	3
520	3
521	3
522	3
523	1
524	2
525	2
526	3
527	0
528	3
529	3
530	2
531	0
532	3
533	0
534	3
535	3
536	2
537	0
538	3
539	1
540	2
541	3
542	2
543	3
544	2
545	0
546	0
547	2
548	3
549	3
550	3
551	3
552	3
553	0
554	3
555	0
556	2
557	2
558	2
559	0
560	3
561	2
562	2
563	1
564	2
565	0
566	2
567	3
568	3
569	0
570	0
571	2
572	3
573	2
574	2
575	2
576	1
577	3
578	2
579	2
580	3
581	0
582	2
583	1
584	0
585	1
586	0
587	0
588	2
589	3
590	2
591	0
592	0
593	1
594	0
595	0
596	3
597	0
598	0
599	2
600	3
601	2
602	0
603	3
604	1
605	2
606	0
607	3
608	0
609	3
610	3
611	1
612	2
613	0
614	1
615	0
616	0
617	0
618	3
619	2
620	0
621	0
622	2
623	1
624	1
625	3
626	0
627	3
628	1
629	0
630	2
631	0
632	3
633	1
634	2
635	0
636	3
637	3
638	3
639	2
640	2
641	0
642	3
643	3
644	2
645	3
646	0
647	0
648	3
649	2
650	1
651	3
652	2
653	2
654	3
655	0
656	0
657	3
658	0
659	0
660	2
661	0
662	0
663	3
664	0
665	0
666	3
667	0
668	0
669	3
670	3
671	0
672	2
673	3
674	0
675	3
676	1
677	2
678	2
679	2
680	1
681	2
682	3
683	2
684	0
685	2
686	3
687	0
688	0
689	3
690	0
691	2
692	0
693	0
694	3
695	0
696	0
697	0
698	0
699	0
700	1
701	3
702	3
703	2
704	0
705	2
706	2
707	2
708	0
709	1
710	2
711	3
712	0
713	3
714	3
715	0
716	0
717	3
718	3
719	0
720	3
721	2
722	3
723	0
724	0
725	2
726	0
727	0
728	2
729	0
730	0
731	0
732	3
733	0
734	2
735	0
736	3
737	1
738	3
739	3
740	2
741	0
742	0
743	0
744	0
745	3
746	3
747	0
748	2
749	0
750	3
751	2
752	2
753	0
754	3
755	0
756	0
757	2
758	0
759	2
760	0
761	0
762	0
763	3
764	3
765	0
766	0
767	1
768	0
769	2
770	0
771	3
772	0
773	0
774	3
775	3
776	3
777	2
778	3
779	1
780	1
781	2
782	1
783	2
784	1
785	2
786	3
787	0
788	3
789	0
790	0
791	3
792	0
793	3
794	3
795	0
796	3
797	2
798	0
799	0
800	2
801	3
802	0
803	0
804	2
805	1
806	3
807	2
808	3
809	3
810	2
811	3
812	3
813	0
814	2
815	2
816	0
817	3
818	2
819	0
820	0
821	0
822	2
823	0
824	2
825	3
826	1
827	3
828	3
829	3
830	3
831	0
832	3
833	0
834	0
835	2
836	0
837	3
838	3
839	0
840	0
841	3
842	3
843	3
844	3
845	0
846	3
847	0
848	0
849	0
850	0
851	3
852	0
853	1
854	0
855	2
856	0
857	1
858	3
859	3
860	3
861	0
862	2
863	0
864	0
865	0
866	3
867	0
868	2
869	1
870	3
871	0
872	0
873	3
874	2
875	3
876	0
877	0
878	2
879	0
880	3
881	0
882	3
883	0
884	3
885	3
886	3
887	2
888	2
889	3
890	2
891	2
892	2
893	0
894	3
895	3
896	0
897	2
898	3
899	2
900	2
901	1
902	2
903	3
904	0
905	3
906	1
907	3
908	3
909	0
910	3
911	3
912	2
913	3
914	3
915	0
916	1
917	3
918	0
919	0
920	0
921	0
922	0
923	3
924	0
925	0
926	3
927	3
928	0
929	2
930	2
931	3
932	0
933	3
934	3
935	0
936	1
937	3
938	2
939	0
940	0
941	2
942	2
943	3
944	1
945	3
946	1
947	2
948	0
949	3
950	1
951	1
952	2
953	0
954	2
955	0
956	2
957	0
958	2
959	0
960	1
961	0
962	0
963	3
964	0
965	0
966	3
967	0
968	0
969	2
970	0
971	3
972	0
973	3
974	2
975	3
976	3
977	3
978	3
979	2
980	3
981	0
982	2
983	3
984	3
985	2
986	3
987	2
988	2
989	2
990	2
991	3
992	3
993	0
994	0
995	0
996	2
997	0
998	0
999	0
1000	3
1001	3
1002	0
1003	0
1004	2
1005	3
1006	3
1007	0
1008	0
1009	2
1010	3
1011	2
1012	0
1013	1
1014	0
1015	0
1016	2
1017	3
1018	0
1019	3
1020	0
1021	0
1022	3
1023	3
1024	2
1025	0
1026	3
1027	3
1028	0
1029	3
1030	2
1031	0
1032	3
1033	0
1034	2
1035	3
1036	3
1037	3
1038	0
1039	0
1040	0
1041	1
1042	2
1043	0
1044	1
1045	3
1046	2
1047	0
1048	0
1049	2
1050	3
1051	2
1052	0
1053	3
1054	3
1055	3
1056	0
1057	3
1058	2
1059	2
1060	3
1061	2
1062	2
1063	3
1064	0
1065	3
1066	3
1067	2
1068	2
1069	0
1070	3
1071	0
1072	0
1073	0
1074	3
1075	3
1076	2
1077	3
1078	1
1079	0
1080	0
1081	0
1082	0
1083	2
1084	3
1085	3
1086	3
1087	3
1088	3
1089	2
1090	3
1091	2
1092	2
1093	0
1094	2
1095	3
1096	2
1097	3
1098	0
1099	0
1100	0
1101	0
1102	0
1103	2
1104	1
1105	2
1106	3
1107	0
1108	2
1109	0
1110	2
1111	0
1112	2
1113	3
1114	3
1115	3
1116	3
1117	2
1118	0
1119	0
1120	0
1121	3
1122	3
1123	0
1124	3
1125	3
1126	3
1127	0
1128	0
1129	0
1130	0
1131	0
1132	3
1133	3
1134	3
1135	0
1136	3
1137	0
1138	3
1139	3
1140	2
1141	3
1142	3
1143	2
1144	0
1145	0
1146	3
1147	0
1148	3
1149	3
1150	0
1151	3
1152	3
1153	0
1154	0
1155	3
1156	0
1157	2
1158	3
1159	0
1160	2
1161	3
1162	1
1163	2
1164	0
1165	0
1166	3
1167	3
1168	0
1169	0
1170	0
1171	3
1172	0
1173	2
1174	2
1175	1
1176	3
1177	0
1178	0
1179	2
1180	3
1181	2
1182	0
1183	2
1184	0
1185	3
1186	0
1187	3
1188	0
1189	3
1190	0
1191	3
1192	0
1193	1
1194	0
1195	3
1196	2
1197	0
1198	3
1199	0
1200	2
1201	2
1202	3
1203	0
1204	0
1205	2
1206	2
1207	1
1208	0
1209	1
1210	0
1211	1
1212	0
1213	3
1214	3
1215	0
1216	0
1217	1
1218	0
1219	1
1220	0
1221	0
1222	0
1223	0
1224	0
1225	0
1226	1
1227	0
1228	0
1229	2
1230	2
1231	0
1232	3
1233	3
1234	2
1235	3
1236	0
1237	0
1238	3
1239	2
1240	3
1241	3
1242	2
1243	2
1244	3
1245	3
1246	1
1247	2
1248	3
1249	3
1250	0
1251	0
1252	2
1253	0
1254	3
1255	0
1256	3
1257	3
1258	1
1259	3
1260	0
1261	3
1262	2
1263	0
1264	0
1265	3
1266	1
1267	3
1268	3
1269	0
1270	2
1271	0
1272	3
1273	3
1274	2
1275	3
1276	3
1277	3
1278	3
1279	3
1280	3
1281	2
1282	1
1283	0
1284	3
1285	1
1286	0
1287	0
1288	0
1289	2
1290	0
1291	0
1292	0
1293	2
1294	0
1295	3
1296	2
1297	0
1298	2
1299	0
1300	2
1301	3
1302	3
1303	0
1304	0
1305	2
1306	0
1307	2
1308	2
1309	3
1310	2
1311	3
1312	3
1313	2
1314	0
1315	0
1316	3
1317	0
1318	3
1319	3
1320	1
1321	0
1322	0
1323	3
1324	0
1325	3
1326	0
1327	0
1328	1
1329	3
1330	0
1331	0
1332	3
1333	0
1334	1
1335	0
1336	0
1337	3
1338	3
1339	3
1340	0
1341	2
1342	0
1343	3
1344	3
1345	1
1346	0
1347	0
1348	1
1349	3
1350	2
1351	3
1352	2
1353	0
1354	1
1355	3
1356	0
1357	3
1358	2
1359	1
1360	0
1361	3
1362	0
1363	2
1364	1
1365	3
1366	0
1367	0
1368	2
1369	0
1370	0
1371	3
1372	2
1373	3
1374	2
1375	2
1376	2
1377	1
1378	3
1379	3
1380	3
1381	2
1382	3
1383	3
1384	0
1385	3
1386	3
1387	0
1388	3
1389	3
1390	3
1391	0
1392	0
1393	0
1394	3
1395	2
1396	2
1397	0
1398	0
1399	3
1400	3
1401	1
1402	2
1403	0
1404	3
1405	0
1406	2
1407	0
1408	3
1409	3
1410	1
1411	0
1412	1
1413	2
1414	2
1415	2
1416	0
1417	0
1418	2
1419	0
1420	0
1421	3
1422	2
1423	3
1424	3
1425	3
1426	2
1427	2
1428	2
1429	3
1430	0
1431	3
1432	2
1433	2
1434	1
1435	3
1436	2
1437	2
1438	2
1439	3
1440	3
1441	3
1442	2
1443	3
1444	1
1445	2
1446	2
1447	0
1448	2
1449	0
1450	2
1451	0
1452	2
1453	3
1454	3
1455	0
1456	2
1457	3
1458	0
1459	2
1460	1
1461	2
1462	1
1463	1
1464	3
1465	2
1466	0
1467	3
1468	2
1469	0
1470	2
1471	1
1472	0
1473	3
1474	0
1475	0
1476	3
1477	3
1478	3
1479	2
1480	3
1481	0
1482	3
1483	3
1484	1
1485	0
1486	0
1487	2
1488	2
1489	3
1490	3
1491	2
1492	0
1493	3
1494	0
1495	3
1496	0
1497	2
1498	2
1499	0
1500	3
1501	3
1502	3
1503	3
1504	2
1505	2
1506	0
1507	0
1508	0
1509	0
1510	3
1511	0
1512	3
1513	2
1514	3
1515	3
1516	2
1517	2
1518	2
1519	3
1520	2
1521	3
1522	2
1523	3
1524	0
1525	1
1526	2
1527	2
1528	0
1529	2
1530	3
1531	2
1532	0
1533	0
1534	3
1535	0
1536	2
1537	0
1538	2
1539	0
1540	2
1541	2
1542	3
1543	2
1544	2
1545	3
1546	1
1547	2
1548	1
1549	1
1550	2
1551	2
1552	0
1553	0
1554	2
1555	3
1556	3
1557	2
1558	3
1559	3
1560	3
1561	3
1562	1
1563	0
1564	2
1565	3
1566	2
1567	2
1568	0
1569	1
1570	3
1571	3
1572	3
1573	2
1574	2
1575	3
1576	3
1577	0
1578	0
1579	1
1580	3
1581	0
1582	0
1583	0
1584	0
1585	0
1586	2
1587	3
1588	3
1589	3
1590	2
1591	2
1592	3
1593	3
1594	0
1595	2
1596	3
1597	0
1598	0
1599	3
1600	2
1601	3
1602	2
1603	0
1604	0
1605	0
1606	0
1607	0
1608	0
1609	0
1610	0
1611	3
1612	2
1613	2
1614	2
1615	3
1616	1
1617	3
1618	3
1619	0
1620	0
1621	2
1622	3
1623	3
1624	3
1625	2
1626	3
1627	1
1628	3
1629	2
1630	1
1631	3
1632	2
1633	0
1634	3
1635	0
1636	3
1637	2
1638	3
1639	0
1640	3
1641	2
1642	2
1643	1
1644	2
1645	1
1646	3
1647	0
1648	0
1649	2
1650	3
1651	0
1652	0
1653	0
1654	0
1655	3
1656	2
1657	0
1658	3
1659	0
1660	0
1661	3
1662	2
1663	0
1664	0
1665	2
1666	3
1667	0
1668	0
1669	3
1670	3
1671	0
1672	1
1673	2
1674	2
1675	2
1676	3
1677	1
1678	0
1679	3
1680	2
1681	3
1682	3
1683	0
1684	3
1685	0
1686	3
1687	0
1688	2
1689	3
1690	0
1691	0
1692	3
1693	2
1694	0
1695	2
1696	3
1697	0
1698	2
1699	0
1700	2
1701	3
1702	0
1703	3
1704	3
1705	0
1706	2
1707	3
1708	3
1709	0
1710	2
1711	0
1712	3
1713	0
1714	0
1715	0
1716	0
1717	3
1718	3
1719	0
1720	0
1721	2
1722	1
1723	3
1724	3
1725	3
1726	3
1727	3
1728	3
1729	0
1730	3
1731	3
1732	1
1733	2
1734	3
1735	0
1736	0
1737	0
1738	2
1739	0
1740	1
1741	3
1742	3
1743	2
1744	3
1745	1
1746	1
1747	0
1748	2
1749	0
1750	3
1751	0
1752	2
1753	3
1754	0
1755	3
1756	0
1757	2
1758	3
1759	3
1760	0
1761	0
1762	0
1763	0
1764	0
1765	1
1766	0
1767	1
1768	3
1769	3
1770	0
1771	3
1772	2
1773	3
1774	0
1775	3
1776	2
1777	0
1778	2
1779	1
1780	2
1781	3
1782	3
1783	3
1784	2
1785	3
1786	0
1787	3
1788	0
1789	2
1790	2
1791	0
1792	3
1793	3
1794	3
1795	3
1796	0
1797	1
1798	2
1799	2
1800	0
1801	0
1802	3
1803	3
1804	2
1805	3
1806	0
1807	1
1808	3
1809	0
1810	3
1811	3
1812	3
1813	3
1814	2
1815	3
1816	2
1817	3
1818	0
1819	2
1820	0
1821	0
1822	0
1823	0
1824	3
1825	0
1826	0
1827	3
1828	0
1829	3
1830	3
1831	0
1832	1
1833	0
1834	2
1835	3
1836	3
1837	0
1838	0
1839	3
1840	1
1841	3
1842	3
1843	2
1844	3
1845	3
1846	2
1847	0
1848	3
1849	0
1850	3
1851	0
1852	3
1853	2
1854	3
1855	2
1856	2
1857	0
1858	3
1859	2
1860	3
1861	0
1862	1
1863	2
1864	2
1865	3
1866	3
1867	2
1868	2
1869	2
1870	0
1871	2
1872	3
1873	2
1874	3
1875	1
1876	2
1877	3
1878	0
1879	3
1880	3
1881	2
1882	0
1883	3
1884	2
1885	2
1886	0
1887	3
1888	3
1889	0
1890	3
1891	0
1892	0
1893	0
1894	3
1895	1
1896	3
1897	0
1898	3
1899	3
1900	0
1901	0
1902	1
1903	2
1904	3
1905	1
1906	3
1907	0
1908	3
1909	0
1910	0
1911	2
1912	3
1913	0
1914	0
1915	3
1916	2
1917	2
1918	0
1919	0
1920	0
1921	3
1922	0
1923	3
1924	3
1925	0
1926	3
1927	1
1928	2
1929	3
1930	0
1931	3
1932	0
1933	3
1934	3
1935	2
1936	3
1937	3
1938	0
1939	3
1940	2
1941	3
1942	3
1943	2
1944	0
1945	3
1946	3
1947	2
1948	2
1949	3
1950	2
1951	3
1952	0
1953	2
1954	1
1955	3
1956	2
1957	2
1958	3
1959	0
1960	0
1961	3
1962	3
1963	2
1964	3
1965	2
1966	2
1967	2
1968	2
1969	2
1970	3
1971	0
1972	0
1973	2
1974	0
1975	3
1976	2
1977	0
1978	2
1979	2
1980	0
1981	3
1982	2
1983	3
1984	3
1985	2
1986	0
1987	2
1988	3
1989	2
1990	0
1991	3
1992	2
1993	3
1994	2
1995	0
1996	0
1997	0
1998	2
1999	3
2000	0
2001	3
2002	0
2003	3
2004	3
2005	2
2006	3
2007	3
2008	3
2009	0
2010	2
2011	0
2012	0
2013	0
2014	0
2015	0
2016	0
2017	0
2018	2
2019	3
2020	1
2021	2
2022	1
2023	0
2024	3
2025	1
2026	0
2027	0
2028	0
2029	3
2030	3
2031	0
2032	3
2033	0
2034	2
2035	3
2036	0
2037	3
2038	0
2039	0
2040	3
2041	1
2042	3
2043	2
2044	0
2045	0
2046	2
2047	3
2048	0
2049	2
2050	2
2051	3
2052	3
2053	1
2054	0
2055	3
2056	2
2057	1
2058	2
2059	0
2060	1
2061	0
2062	3
2063	3
2064	0
2065	0
2066	1
2067	3
2068	3
2069	3
2070	0
2071	3
2072	1
2073	2
2074	3
2075	0
2076	3
2077	0
2078	0
2079	1
2080	0
2081	3
2082	3
2083	2
2084	0
2085	0
2086	0
2087	0
2088	0
2089	0
2090	3
2091	3
2092	0
2093	3
2094	2
2095	3
2096	0
2097	0
2098	0
2099	0
2100	1
2101	0
2102	0
2103	3
2104	3
2105	0
2106	3
2107	2
2108	3
2109	0
2110	2
2111	3
2112	3
2113	3
2114	3
2115	0
2116	2
2117	0
2118	3
2119	2
2120	1
2121	2
2122	2
2123	0
2124	0
2125	0
2126	2
2127	0
2128	3
2129	2
2130	0
2131	0
2132	3
2133	3
2134	0
2135	3
2136	0
2137	0
2138	0
2139	2
2140	0
2141	0
2142	3
2143	3
2144	2
2145	2
2146	0
2147	0
2148	2
2149	3
2150	2
2151	0
2152	2
2153	2
2154	3
2155	2
2156	0
2157	2
2158	3
2159	2
2160	0
2161	2
2162	3
2163	2
2164	3
2165	2
2166	3
2167	3
2168	2
2169	0
2170	2
2171	2
2172	0
2173	1
2174	2
2175	2
2176	0
2177	3
2178	0
2179	3
2180	0
2181	3
2182	2
2183	0
2184	3
2185	1
2186	0
2187	3
2188	0
2189	2
2190	0
2191	2
2192	2
2193	1
2194	1
2195	2
2196	1
2197	2
2198	2
2199	1
2200	1
2201	2
2202	0
2203	2
2204	0
2205	0
2206	3
2207	0
2208	2
2209	0
2210	2
2211	0
2212	0
2213	0
2214	0
2215	0
2216	3
2217	1
2218	2
2219	2
2220	3
2221	2
2222	2
2223	1
2224	1
2225	2
2226	2
2227	1
2228	2
2229	0
2230	2
2231	0
2232	3
2233	0
2234	0
2235	2
2236	2
2237	3
2238	2
2239	0
2240	2
2241	3
2242	3
2243	2
2244	3
2245	0
2246	2
2247	0
2248	0
2249	3
2250	2
2251	2
2252	3
2253	1
2254	2
2255	3
2256	0
2257	3
2258	3
2259	0
2260	3
2261	3
2262	0
2263	3
2264	0
2265	1
2266	3
2267	2
2268	1
2269	2
2270	0
2271	2
2272	0
2273	3
2274	3
2275	1
2276	3
2277	3
2278	3
2279	2
2280	0
2281	0
2282	0
2283	0
2284	3
2285	3
2286	0
2287	3
2288	2
2289	3
2290	3
2291	3
2292	0
2293	1
2294	0
2295	0
2296	0
2297	2
2298	1
2299	0
2300	2
2301	2
2302	0
2303	3
2304	2
2305	0
2306	3
2307	3
2308	2
2309	0
2310	3
2311	0
2312	1
2313	0
2314	2
2315	2
2316	2
2317	2
2318	0
2319	0
2320	3
2321	2
2322	2
2323	0
2324	2
2325	0
2326	2
2327	0
2328	2
2329	0
2330	0
2331	3
2332	0
2333	2
2334	3
2335	3
2336	2
2337	0
2338	2
2339	1
2340	2
2341	2
2342	3
2343	2
2344	0
2345	2
2346	0
2347	0
2348	3
2349	3
2350	0
2351	0
2352	2
2353	0
2354	0
2355	3
2356	0
2357	0
2358	2
2359	0
2360	3
2361	3
2362	2
2363	0
2364	3
2365	2
2366	2
2367	2
2368	0
2369	3
2370	2
2371	0
2372	2
2373	1
2374	2
2375	1
2376	0
2377	0
2378	0
2379	1
2380	2
2381	2
2382	3
2383	3
2384	0
2385	1
2386	3
2387	3
2388	3
2389	2
2390	0
2391	0
2392	0
2393	0
2394	1
2395	0
2396	2
2397	2
2398	2
2399	0
2400	1
2401	1
2402	3
2403	3
2404	3
2405	1
2406	2
2407	1
2408	3
2409	2
2410	2
2411	0
2412	2
2413	1
2414	2
2415	3
2416	0
2417	2
2418	0
2419	2
2420	0
2421	3
2422	3
2423	1
2424	1
2425	0
2426	3
2427	2
2428	2
2429	3
2430	2
2431	2
2432	3
2433	2
2434	2
2435	0
2436	2
2437	2
2438	1
2439	2
2440	1
2441	0
2442	0
2443	0
2444	0
2445	0
2446	2
2447	0
2448	1
2449	2
2450	3
2451	0
2452	0
2453	0
2454	3
2455	0
2456	0
2457	0
2458	1
2459	3
2460	3
2461	2
2462	0
2463	2
2464	0
2465	1
2466	0
2467	0
2468	0
2469	0
2470	0
2471	1
2472	3
2473	0
2474	0
2475	3
2476	0
2477	0
2478	0
2479	2
2480	3
2481	3
2482	0
2483	0
2484	0
2485	3
2486	3
2487	2
2488	3
2489	2
2490	3
2491	0
2492	0
2493	3
2494	0
2495	3
2496	3
2497	3
2498	3
2499	2
2500	0
2501	2
2502	0
2503	3
2504	0
2505	3
2506	0
2507	2
2508	3
2509	3
2510	3
2511	0
2512	3
2513	0
2514	3
2515	0
2516	3
2517	1
2518	2
2519	0
2520	3
2521	0
2522	0
2523	0
2524	3
2525	0
2526	2
2527	0
2528	3
2529	2
2530	3
2531	2
2532	2
2533	3
2534	0
2535	0
2536	0
2537	2
2538	3
2539	0
2540	2
2541	2
2542	3
2543	3
2544	2
2545	2
2546	0
2547	0
2548	3
2549	3
2550	2
2551	3
2552	3
2553	0
2554	3
2555	0
2556	0
2557	1
2558	3
2559	0
2560	2
2561	2
2562	3
2563	3
2564	3
2565	1
2566	0
2567	0
2568	2
2569	0
2570	2
2571	3
2572	0
2573	3
2574	3
2575	0
2576	1
2577	3
2578	0
2579	2
2580	0
2581	1
2582	2
2583	0
2584	2
2585	2
2586	0
2587	3
2588	1
2589	3
2590	0
2591	0
2592	0
2593	0
2594	0
2595	3
2596	0
2597	3
2598	1
2599	0
2600	0
2601	2
2602	3
2603	3
2604	0
2605	2
2606	3
2607	0
2608	0
2609	0
2610	0
2611	3
2612	0
2613	3
2614	0
2615	1
2616	0
2617	0
2618	1
2619	3
2620	3
2621	3
2622	3
2623	2
2624	0
2625	0
2626	1
2627	0
2628	1
2629	2
2630	2
2631	3
2632	3
2633	0
2634	0
2635	2
2636	3
2637	0
2638	0
2639	3
2640	3
2641	0
2642	2
2643	2
2644	0
2645	2
2646	3
2647	3
2648	0
2649	0
2650	0
2651	2
2652	2
2653	3
2654	0
2655	0
2656	0
2657	3
2658	2
2659	2
2660	3
2661	2
2662	2
2663	0
2664	3
2665	3
2666	0
2667	3
2668	2
2669	0
2670	2
2671	3
2672	2
2673	0
2674	2
2675	3
2676	0
2677	3
2678	0
2679	0
2680	3
2681	3
2682	0
2683	0
2684	0
2685	1
2686	3
2687	2
2688	3
2689	3
2690	3
2691	0
2692	0
2693	3
2694	0
2695	2
2696	3
2697	3
2698	0
2699	1
2700	1
2701	2
2702	2
2703	3
2704	3
2705	1
2706	0
2707	1
2708	3
2709	2
2710	0
2711	0
2712	0
2713	3
2714	0
2715	3
2716	3
2717	0
2718	0
2719	2
2720	1
2721	3
2722	1
2723	0
2724	0
2725	3
2726	3
2727	3
2728	3
2729	1
2730	3
2731	2
2732	0
2733	0
2734	2
2735	0
2736	3
2737	3
2738	3
2739	3
2740	3
2741	2
2742	1
2743	3
2744	3
2745	3
2746	0
2747	0
2748	3
2749	0
2750	0
2751	3
2752	2
2753	0
2754	3
2755	3
2756	3
2757	2
2758	3
2759	0
2760	2
2761	3
2762	0
2763	3
2764	2
2765	0
2766	2
2767	3
2768	3
2769	3
2770	0
2771	0
2772	2
2773	3
2774	3
2775	0
2776	3
2777	3
2778	2
2779	2
2780	0
2781	0
2782	2
2783	3
2784	2
2785	3
2786	0
2787	2
2788	0
2789	1
2790	3
2791	2
2792	0
2793	3
2794	2
2795	0
2796	3
2797	2
2798	0
2799	3
2800	3
2801	0
2802	0
2803	0
2804	3
2805	3
2806	0
2807	2
2808	3
2809	3
2810	0
2811	3
2812	2
2813	0
2814	3
2815	3
2816	1
2817	0
2818	2
2819	3
2820	3
2821	3
2822	1
2823	0
2824	2
2825	3
2826	1
2827	1
2828	3
2829	3
2830	3
2831	0
2832	2
2833	2
2834	3
2835	0
2836	0
2837	2
2838	3
2839	0
2840	3
2841	3
2842	0
2843	0
2844	3
2845	0
2846	3
2847	1
2848	2
2849	0
2850	0
2851	3
2852	3
2853	0
2854	0
2855	2
2856	3
2857	3
2858	3
2859	1
2860	0
2861	1
2862	2
2863	3
2864	0
2865	0
2866	0
2867	0
2868	2
2869	2
2870	0
2871	0
2872	3
2873	0
2874	0
2875	0
2876	3
2877	0
2878	0
2879	0
2880	2
2881	3
2882	3
2883	0
2884	2
2885	0
2886	1
2887	2
2888	0
2889	0
2890	0
2891	0
2892	0
2893	0
2894	0
2895	1
2896	0
2897	3
2898	3
2899	0
2900	3
2901	0
2902	0
2903	3
2904	3
2905	3
2906	0
2907	3
2908	3
2909	2
2910	0
2911	3
2912	3
2913	2
2914	3
2915	2
2916	2
2917	2
2918	0
2919	0
2920	3
2921	3
2922	2
2923	2
2924	0
2925	3
2926	3
2927	0
2928	2
2929	3
2930	2
2931	3
2932	0
2933	0
2934	0
2935	0
2936	0
2937	3
2938	2
2939	0
2940	0
2941	0
2942	1
2943	3
2944	3
2945	0
2946	0
2947	0
2948	0
2949	3
2950	0
2951	3
2952	0
2953	1
2954	3
2955	3
2956	0
2957	3
2958	0
2959	0
2960	3
2961	3
2962	0
2963	0
2964	0
2965	0
2966	0
2967	0
2968	3
2969	2
2970	3
2971	3
2972	0
2973	0
2974	0
2975	3
2976	3
2977	1
2978	0
2979	0
2980	1
2981	3
2982	0
2983	0
2984	0
2985	3
2986	0
2987	0
2988	0
2989	3
2990	0
2991	3
2992	0
2993	0
2994	1
2995	0
2996	3
2997	0
2998	2
2999	3
3000	0
3001	3
3002	3
3003	2
3004	2
3005	0
3006	0
3007	0
3008	3
3009	2
3010	0
3011	0
3012	3
3013	0
3014	1
3015	2
3016	0
3017	3
3018	2
3019	2
3020	0
3021	2
3022	0
3023	2
3024	3
3025	2
3026	3
3027	1
3028	3
3029	1
3030	3
3031	2
3032	3
3033	3
3034	3
3035	1
3036	3
3037	2
3038	2
3039	0
3040	2
3041	0
3042	2
3043	0
3044	2
3045	2
3046	0
3047	3
3048	0
3049	2
3050	3
3051	2
3052	0
3053	2
3054	0
3055	2
3056	3
3057	2
3058	2
3059	0
3060	2
3061	2
3062	0
3063	3
3064	0
3065	0
3066	2
3067	2
3068	0
3069	0
3070	3
3071	0
3072	0
3073	0
3074	0
3075	0
3076	3
3077	0
3078	3
3079	3
3080	0
3081	0
3082	0
3083	3
3084	0
3085	3
3086	3
3087	2
3088	3
3089	3
3090	0
3091	2
3092	0
3093	2
3094	0
3095	0
3096	2
3097	0
3098	3
3099	3
3100	3
3101	3
3102	0
3103	2
3104	2
3105	2
3106	3
3107	2
3108	2
3109	2
3110	0
3111	2
3112	0
3113	3
3114	0
3115	0
3116	3
3117	3
3118	3
3119	0
3120	3
3121	2
3122	0
3123	3
3124	2
3125	0
3126	3
3127	0
3128	0
3129	2
3130	2
3131	0
3132	0
3133	0
3134	0
3135	3
3136	0
3137	0
3138	0
3139	0
3140	3
3141	0
3142	2
3143	1
3144	2
3145	0
3146	0
3147	0
3148	3
3149	2
3150	2
3151	0
3152	2
3153	1
3154	0
3155	0
3156	3
3157	2
3158	2
3159	0
3160	2
3161	3
3162	2
3163	2
3164	0
3165	0
3166	3
3167	3
3168	1
3169	1
3170	2
3171	3
3172	0
3173	2
3174	2
3175	3
3176	2
3177	0
3178	0
3179	3
3180	3
3181	2
3182	3
3183	3
3184	2
3185	2
3186	3
3187	2
3188	3
3189	2
3190	2
3191	1
3192	2
3193	0
3194	0
3195	0
3196	2
3197	0
3198	3
3199	3
3200	3
3201	0
3202	2
3203	2
3204	0
3205	0
3206	0
3207	3
3208	0
3209	0
3210	3
3211	0
3212	0
3213	2
3214	0
3215	0
3216	0
3217	2
3218	1
3219	3
3220	0
3221	1
3222	0
3223	3
3224	2
3225	3
3226	0
3227	0
3228	0
3229	0
3230	0
3231	2
3232	3
3233	0
3234	0
3235	0
3236	3
3237	3
3238	2
3239	0
3240	0
3241	0
3242	2
3243	0
3244	3
3245	2
3246	0
3247	1
3248	2
3249	1
3250	2
3251	0
3252	0
3253	0
3254	2
3255	0
3256	3
3257	0
3258	3
3259	0
3260	3
3261	0
3262	3
3263	0
3264	2
3265	1
3266	0
3267	0
3268	0
3269	0
3270	0
3271	3
3272	0
3273	0
3274	3
3275	0
3276	0
3277	3
3278	0
3279	0
3280	0
3281	0
3282	0
3283	3
3284	0
3285	0
3286	3
3287	0
3288	2
3289	0
3290	3
3291	3
3292	0
3293	0
3294	0
3295	3
3296	0
3297	2
3298	2
3299	0
3300	2
3301	2
3302	3
3303	0
3304	2
3305	0
3306	0
3307	2
3308	3
3309	3
3310	0
3311	2
3312	1
3313	0
3314	2
3315	3
3316	0
3317	2
3318	3
3319	2
3320	2
3321	0
3322	2
3323	3
3324	3
3325	3
3326	3
3327	2
3328	2
3329	1
3330	3
3331	2
3332	3
3333	3
3334	3
3335	1
3336	2
3337	3
3338	3
3339	3
3340	2
3341	2
3342	0
3343	3
3344	0
3345	0
3346	0
3347	3
3348	3
3349	3
3350	3
3351	2
3352	3
3353	3
3354	2
3355	3
3356	2
3357	3
3358	0
3359	2
3360	2
3361	3
3362	3
3363	2
3364	0
3365	0
3366	0
3367	0
3368	0
3369	0
3370	0
3371	2
3372	3
3373	1
3374	3
3375	0
3376	3
3377	2
3378	3
3379	0
3380	0
3381	0
3382	3
3383	0
3384	0
3385	0
3386	1
3387	1
3388	2
3389	0
3390	0
3391	3
3392	3
3393	3
3394	3
3395	2
3396	0
3397	2
3398	0
3399	3
3400	1
3401	1
3402	0
3403	3
3404	3
3405	0
3406	2
3407	1
3408	0
3409	2
3410	3
3411	2
3412	2
3413	3
3414	0
3415	3
3416	3
3417	3
3418	0
3419	3
3420	2
3421	0
3422	3
3423	0
3424	3
3425	2
3426	0
3427	0
3428	2
3429	2
3430	3
3431	2
3432	3
3433	0
3434	0
3435	3
3436	2
3437	2
3438	3
3439	2
3440	3
3441	2
3442	3
3443	2
3444	2
3445	0
3446	0
3447	0
3448	2
3449	3
3450	1
3451	3
3452	3
3453	0
3454	3
3455	1
3456	0
3457	0
3458	3
3459	0
3460	3
3461	3
3462	2
3463	0
3464	0
3465	1
3466	0
3467	3
3468	0
3469	0
3470	0
3471	0
3472	0
3473	0
3474	3
3475	3
3476	3
3477	0
3478	3
3479	0
3480	0
3481	2
3482	0
3483	0
3484	2
3485	3
3486	2
3487	0
3488	0
3489	0
3490	0
3491	3
3492	3
3493	3
3494	3
3495	3
3496	2
3497	2
3498	2
3499	0
3500	0
3501	0
3502	3
3503	3
3504	3
3505	0
3506	2
3507	0
3508	1
3509	2
3510	3
3511	3
3512	0
3513	1
3514	3
3515	3
3516	0
3517	2
3518	0
3519	3
3520	0
3521	1
3522	2
3523	2
3524	3
3525	2
3526	2
3527	2
3528	3
3529	2
3530	0
3531	2
3532	0
3533	2
3534	3
3535	2
3536	3
3537	3
3538	2
3539	3
3540	2
3541	3
3542	2
3543	3
3544	2
3545	2
3546	0
3547	2
3548	3
3549	0
3550	0
3551	2
3552	3
3553	0
3554	0
3555	0
3556	0
3557	2
3558	2
3559	2
3560	2
3561	2
3562	0
3563	3
3564	0
3565	0
3566	0
3567	3
3568	3
3569	0
3570	3
3571	3
3572	3
3573	3
3574	3
3575	0
3576	0
3577	3
3578	2
3579	3
3580	0
3581	3
3582	3
3583	3
3584	3
3585	2
3586	3
3587	0
3588	2
3589	0
3590	3
3591	0
3592	3
3593	3
3594	2
3595	0
3596	3
3597	0
3598	2
3599	1
3600	0
3601	1
3602	3
3603	3
3604	3
3605	3
3606	2
3607	2
3608	2
3609	0
3610	3
3611	0
3612	0
3613	3
3614	3
3615	2
3616	0
3617	0
3618	2
3619	0
3620	1
3621	3
3622	0
3623	2
3624	2
3625	3
3626	3
3627	0
3628	1
3629	2
3630	3
3631	1
3632	0
3633	1
3634	0
3635	0
3636	3
3637	2
3638	0
3639	0
3640	0
3641	0
3642	2
3643	0
3644	2
3645	0
3646	3
3647	0
3648	2
3649	0
3650	0
3651	2
3652	0
3653	3
3654	2
3655	2
3656	2
3657	0
3658	3
3659	3
3660	3
3661	2
3662	2
3663	0
3664	0
3665	0
3666	1
3667	0
3668	3
3669	1
3670	3
3671	0
3672	1
3673	3
3674	3
3675	0
3676	3
3677	2
3678	1
3679	0
3680	0
3681	1
3682	3
3683	0
3684	3
3685	0
3686	3
3687	3
3688	0
3689	3
3690	3
3691	3
3692	3
3693	2
3694	3
3695	0
3696	2
3697	1
3698	3
3699	1
3700	2
3701	0
3702	3
3703	2
3704	3
3705	1
3706	0
3707	3
3708	3
3709	0
3710	3
3711	1
3712	2
3713	2
3714	0
3715	2
3716	3
3717	3
3718	0
3719	0
3720	0
3721	0
3722	0
3723	2
3724	3
3725	0
3726	3
3727	3
3728	2
3729	0
3730	2
3731	0
3732	2
3733	2
3734	0
3735	2
3736	2
3737	0
3738	0
3739	2
3740	0
3741	3
3742	3
3743	2
3744	3
3745	0
3746	1
3747	2
3748	0
3749	3
3750	0
3751	2
3752	3
3753	0
3754	3
3755	3
3756	3
3757	1
3758	3
3759	2
3760	3
3761	2
3762	2
3763	2
3764	0
3765	0
3766	2
3767	2
3768	2
3769	3
3770	2
3771	2
3772	3
3773	2
3774	0
3775	1
3776	3
3777	3
3778	0
3779	2
3780	3
3781	3
3782	2
3783	2
3784	3
3785	2
3786	3
3787	2
3788	3
3789	2
3790	3
3791	3
3792	0
3793	0
3794	0
3795	3
3796	0
3797	0
3798	3
3799	2
3800	0
3801	0
3802	3
3803	3
3804	0
3805	0
3806	2
3807	0
3808	0
3809	2
3810	0
3811	1
3812	2
3813	3
3814	0
3815	1
3816	0
3817	1
3818	2
3819	2
3820	0
3821	0
3822	3
3823	0
3824	2
3825	1
3826	0
3827	0
3828	2
3829	3
3830	2
3831	0
3832	3
3833	0
3834	2
3835	3
3836	2
3837	3
3838	0
3839	3
3840	0
3841	3
3842	3
3843	0
3844	2
3845	3
3846	3
3847	0
3848	3
3849	0
3850	3
3851	3
3852	0
3853	2
3854	0
3855	0
3856	0
3857	3
3858	2
3859	3
3860	0
3861	2
3862	3
3863	0
3864	0
3865	3
3866	1
3867	3
3868	0
3869	3
3870	0
3871	0
3872	0
3873	3
3874	0
3875	3
3876	3
3877	2
3878	2
3879	2
3880	0
3881	3
3882	2
3883	2
3884	0
3885	0
3886	0
3887	2
3888	3
3889	0
3890	0
3891	0
3892	0
3893	3
3894	3
3895	0
3896	2
3897	3
3898	3
3899	2
3900	0
3901	0
3902	0
3903	0
3904	3
3905	0
3906	0
3907	2
3908	3
3909	0
3910	0
3911	3
3912	2
3913	0
3914	0
3915	3
3916	2
3917	0
3918	3
3919	2
3920	1
3921	0
3922	0
3923	2
3924	2
3925	2
3926	3
3927	2
3928	0
3929	3
3930	3
3931	3
3932	0
3933	0
3934	0
3935	0
3936	0
3937	2
3938	3
3939	1
3940	2
3941	3
3942	0
3943	2
3944	2
3945	0
3946	3
3947	2
3948	2
3949	0
3950	3
3951	0
3952	0
3953	3
3954	3
3955	2
3956	2
3957	2
3958	3
3959	2
3960	3
3961	2
3962	1
3963	2
3964	2
3965	3
3966	0
3967	0
3968	2
3969	0
3970	0
3971	2
3972	2
3973	0
3974	0
3975	2
3976	3
3977	3
3978	0
3979	2
3980	2
3981	2
3982	0
3983	2
3984	0
3985	0
3986	3
3987	2
3988	2
3989	3
3990	0
3991	1
3992	3
3993	3
3994	3
3995	3
3996	1
3997	0
3998	0
3999	3
4000	0
4001	0
4002	3
4003	2
4004	0
4005	3
4006	3
4007	0
4008	0
4009	3
4010	3
4011	0
4012	1
4013	1
4014	2
4015	0
4016	3
4017	0
4018	2
4019	0
4020	0
4021	2
4022	2
4023	1
4024	0
4025	3
4026	3
4027	2
4028	0
4029	2
4030	0
4031	3
4032	2
4033	3
4034	3
4035	2
4036	0
4037	2
4038	0
4039	2
4040	2
4041	0
4042	1
4043	3
4044	0
4045	0
4046	2
4047	0
4048	0
4049	0
4050	3
4051	1
4052	0
4053	3
4054	0
4055	2
4056	0
4057	0
4058	2
4059	0
4060	2
4061	0
4062	3
4063	3
4064	3
4065	2
4066	2
4067	1
4068	0
4069	1
4070	2
4071	3
4072	2
4073	0
4074	2
4075	1
4076	2
4077	3
4078	3
4079	2
4080	3
4081	3
4082	2
4083	2
4084	0
4085	0
4086	0
4087	2
4088	0
4089	2
4090	0
4091	0
4092	3
4093	3
4094	2
4095	0
4096	3
4097	3
4098	3
4099	1
4100	3
4101	0
4102	2
4103	0
4104	3
4105	0
4106	2
4107	0
4108	3
4109	2
4110	3
4111	1
4112	0
4113	3
4114	3
4115	2
4116	0
4117	2
4118	0
4119	0
4120	3
4121	3
4122	3
4123	2
4124	0
4125	2
4126	0
4127	1
4128	0
4129	2
4130	3
4131	3
4132	3
4133	3
4134	2
4135	2
4136	2
4137	2
4138	2
4139	0
4140	2
4141	0
4142	0
4143	0
4144	0
4145	3
4146	3
4147	0
4148	1
4149	3
4150	2
4151	1
4152	2
4153	3
4154	0
4155	3
4156	2
4157	2
4158	3
4159	2
4160	0
4161	2
4162	0
4163	2
4164	2
4165	0
4166	3
4167	0
4168	0
4169	3
4170	2
4171	2
4172	3
4173	2
4174	3
4175	3
4176	3
4177	2
4178	2
4179	0
4180	0
4181	2
4182	3
4183	3
4184	3
4185	2
4186	2
4187	0
4188	2
4189	2
4190	0
4191	1
4192	2
4193	2
4194	3
4195	0
4196	2
4197	3
4198	1
4199	2
4200	3
4201	1
4202	2
4203	2
4204	2
4205	2
4206	2
4207	2
4208	2
4209	3
4210	0
4211	2
4212	2
4213	0
4214	2
4215	1
4216	2
4217	3
4218	2
4219	3
4220	1
4221	2
4222	0
4223	1
4224	1
4225	3
4226	2
4227	1
4228	0
4229	0
4230	2
4231	3
4232	2
4233	2
4234	2
4235	0
4236	2
4237	3
4238	3
4239	2
4240	2
4241	3
4242	0
4243	2
4244	3
4245	0
4246	1
4247	3
4248	2
4249	3
4250	0
4251	2
4252	3
4253	2
4254	0
4255	3
4256	2
4257	2
4258	2
4259	2
4260	3
4261	3
4262	2
4263	0
4264	3
4265	0
4266	0
4267	3
4268	3
4269	2
4270	2
4271	2
4272	1
4273	0
4274	1
4275	0
4276	3
4277	2
4278	2
4279	3
4280	3
4281	3
4282	2
4283	3
4284	0
4285	1
4286	3
4287	2
4288	0
4289	3
4290	3
4291	2
4292	2
4293	3
4294	0
4295	3
4296	2
4297	2
4298	0
4299	3
4300	2
4301	2
4302	0
4303	2
4304	0
4305	3
4306	1
4307	0
4308	0
4309	3
4310	3
4311	0
4312	2
4313	2
4314	0
4315	2
4316	2
4317	2
4318	2
4319	3
4320	3
4321	0
4322	3
4323	2
4324	0
4325	3
4326	2
4327	0
4328	1
4329	0
4330	2
4331	2
4332	3
4333	3
4334	0
4335	3
4336	0
4337	0
4338	3
4339	3
4340	3
4341	0
4342	0
4343	2
4344	2
4345	3
4346	3
4347	0
4348	0
4349	2
4350	3
4351	0
4352	3
4353	3
4354	0
4355	0
4356	0
4357	3
4358	3
4359	3
4360	0
4361	3
4362	0
4363	2
4364	2
4365	0
4366	0
4367	3
4368	0
4369	0
4370	2
4371	3
4372	3
4373	3
4374	2
4375	2
4376	3
4377	0
4378	2
4379	2
4380	2
4381	0
4382	0
4383	2
4384	0
4385	2
4386	2
4387	2
4388	3
4389	2
4390	3
4391	3
4392	0
4393	2
4394	3
4395	2
4396	2
4397	0
4398	1
4399	3
4400	3
4401	2
4402	2
4403	1
4404	0
4405	0
4406	2
4407	3
4408	0
4409	3
4410	0
4411	0
4412	0
4413	2
4414	0
4415	1
4416	3
4417	0
4418	2
4419	0
4420	0
4421	1
4422	1
4423	1
4424	1
4425	3
4426	3
4427	0
4428	0
4429	0
4430	3
4431	3
4432	2
4433	0
4434	2
4435	2
4436	3
4437	3
4438	2
4439	0
4440	1
4441	2
4442	3
4443	2
4444	0
4445	0
4446	1
4447	3
4448	0
4449	1
4450	3
4451	1
4452	2
4453	2
4454	2
4455	2
4456	3
4457	0
4458	2
4459	0
4460	0
4461	2
4462	0
4463	3
4464	0
4465	0
4466	3
4467	0
4468	2
4469	0
4470	3
4471	1
4472	2
4473	0
4474	2
4475	0
4476	2
4477	3
4478	0
4479	3
4480	2
4481	0
4482	2
4483	2
4484	3
4485	0
4486	0
4487	0
4488	1
4489	0
4490	3
4491	3
4492	2
4493	3
4494	0
4495	2
4496	2
4497	3
4498	3
4499	0
4500	0
4501	0
4502	2
4503	0
4504	0
4505	0
4506	0
4507	2
4508	0
4509	2
4510	0
4511	3
4512	0
4513	3
4514	2
4515	0
4516	3
4517	3
4518	2
4519	2
4520	2
4521	0
4522	3
4523	0
4524	2
4525	1
4526	3
4527	2
4528	0
4529	2
4530	2
4531	3
4532	2
4533	0
4534	0
4535	0
4536	2
4537	3
4538	2
4539	3
4540	2
4541	3
4542	2
4543	3
4544	3
4545	2
4546	2
4547	2
4548	0
4549	3
4550	2
4551	3
4552	3
4553	0
4554	0
4555	3
4556	1
4557	3
4558	3
4559	0
4560	0
4561	2
4562	0
4563	2
4564	3
4565	0
4566	0
4567	0
4568	0
4569	2
4570	3
4571	3
4572	0
4573	3
4574	3
4575	0
4576	2
4577	3
4578	0
4579	0
4580	2
4581	3
4582	3
4583	2
4584	3
4585	2
4586	0
4587	2
4588	3
4589	3
4590	2
4591	0
4592	2
4593	0
4594	3
4595	3
4596	3
4597	0
4598	2
4599	3
4600	0
4601	0
4602	2
4603	2
4604	3
4605	0
4606	2
4607	2
4608	0
4609	3
4610	0
4611	0
4612	3
4613	3
4614	1
4615	0
4616	0
4617	2
4618	2
4619	2
4620	3
4621	3
4622	3
4623	2
4624	2
4625	0
4626	2
4627	0
4628	0
4629	3
4630	0
4631	2
4632	3
4633	2
4634	0
4635	2
4636	0
4637	0
4638	0
4639	0
4640	0
4641	3
4642	2
4643	0
4644	3
4645	0
4646	3
4647	3
4648	2
4649	2
4650	0
4651	2
4652	0
4653	2
4654	0
4655	0
4656	2
4657	0
4658	2
4659	2
4660	0
4661	2
4662	0
4663	3
4664	0
4665	3
4666	3
4667	2
4668	0
4669	3
4670	2
4671	0
4672	3
4673	0
4674	0
4675	3
4676	0
4677	3
4678	1
4679	0
4680	0
4681	3
4682	0
4683	3
4684	1
4685	3
4686	0
4687	0
4688	3
4689	2
4690	0
4691	0
4692	3
4693	3
4694	3
4695	2
4696	3
4697	2
4698	0
4699	3
4700	0
4701	1
4702	3
4703	0
4704	3
4705	0
4706	3
4707	1
4708	3
4709	1
4710	0
4711	3
4712	2
4713	3
4714	0
4715	1
4716	3
4717	0
4718	0
4719	1
4720	3
4721	3
4722	0
4723	0
4724	1
4725	2
4726	3
4727	0
4728	0
4729	0
4730	3
4731	2
4732	1
4733	2
4734	0
4735	3
4736	3
4737	2
4738	3
4739	3
4740	0
4741	3
4742	0
4743	0
4744	0
4745	3
4746	3
4747	0
4748	3
4749	0
4750	0
4751	2
4752	3
4753	2
4754	2
4755	0
4756	2
4757	0
4758	0
4759	1
4760	1
4761	3
4762	1
4763	3
4764	2
4765	1
4766	2
4767	2
4768	2
4769	2
4770	3
4771	3
4772	2
4773	2
4774	3
4775	0
4776	1
4777	3
4778	3
4779	2
4780	1
4781	0
4782	0
4783	2
4784	0
4785	2
4786	2
4787	3
4788	2
4789	0
4790	2
4791	0
4792	2
4793	2
4794	0
4795	3
4796	0
4797	3
4798	3
4799	2
4800	2
4801	0
4802	2
4803	0
4804	0
4805	3
4806	3
4807	1
4808	0
4809	3
4810	2
4811	0
4812	2
4813	3
4814	3
4815	1
4816	0
4817	0
4818	0
4819	2
4820	2
4821	3
4822	0
4823	0
4824	3
4825	2
4826	1
4827	2
4828	2
4829	3
4830	3
4831	1
4832	3
4833	3
4834	2
4835	0
4836	3
4837	0
4838	0
4839	0
4840	2
4841	3
4842	3
4843	3
4844	2
4845	3
4846	0
4847	0
4848	0
4849	0
4850	0
4851	0
4852	3
4853	3
4854	3
4855	0
4856	0
4857	3
4858	0
4859	0
4860	3
4861	2
4862	0
4863	3
4864	3
4865	1
4866	0
4867	2
4868	3
4869	2
4870	2
4871	3
4872	0
4873	2
4874	0
4875	2
4876	1
4877	3
4878	2
4879	2
4880	1
4881	0
4882	0
4883	0
4884	0
4885	3
4886	2
4887	0
4888	3
4889	0
4890	2
4891	0
4892	2
4893	3
4894	3
4895	2
4896	0
4897	0
4898	3
4899	3
4900	2
4901	2
4902	0
4903	0
4904	3
4905	2
4906	3
4907	1
4908	0
4909	0
4910	3
4911	3
4912	2
4913	3
4914	1
4915	0
4916	0
4917	2
4918	0
4919	0
4920	0
4921	0
4922	0
4923	3
4924	0
4925	0
4926	0
4927	3
4928	3
4929	3
4930	2
4931	3
4932	0
4933	2
4934	2
4935	0
4936	2
4937	0
4938	0
4939	3
4940	0
4941	3
4942	3
4943	0
4944	3
4945	3
4946	2
4947	3
4948	3
4949	1
4950	2
4951	3
4952	0
4953	0
4954	3
4955	2
4956	0
4957	2
4958	0
4959	0
4960	3
4961	3
4962	3
4963	3
4964	2
4965	2
4966	3
4967	1
4968	3
4969	3
4970	2
4971	2
4972	0
4973	2
4974	0
4975	0
4976	2
4977	2
4978	1
4979	2
4980	0
4981	3
4982	0
4983	2
4984	0
4985	3
4986	0
4987	2
4988	0
4989	2
4990	3
4991	0
4992	0
4993	2
4994	3
4995	2
4996	0
4997	0
4998	0
4999	0
5000	0
5001	2
5002	3
5003	3
5004	0
5005	2
5006	0
5007	3
5008	3
5009	2
5010	3
5011	3
5012	3
5013	3
5014	2
5015	0
5016	0
5017	2
5018	2
5019	0
5020	2
5021	2
5022	0
5023	1
5024	3
5025	2
5026	2
5027	0
5028	3
5029	2
5030	0
5031	0
5032	1
5033	3
5034	2
5035	0
5036	3
5037	1
5038	0
5039	2
5040	2
5041	0
5042	0
5043	0
5044	0
5045	2
5046	2
5047	3
5048	2
5049	2
5050	3
5051	3
5052	2
5053	0
5054	3
5055	3
5056	0
5057	0
5058	0
5059	1
5060	3
5061	0
5062	0
5063	2
5064	0
5065	0
5066	0
5067	0
5068	3
5069	3
5070	3
5071	0
5072	0
5073	2
5074	3
5075	3
5076	3
5077	2
5078	0
5079	0
5080	3
5081	2
5082	0
5083	3
5084	3
5085	3
5086	3
5087	0
5088	3
5089	3
5090	2
5091	3
5092	0
5093	2
5094	3
5095	0
5096	2
5097	2
5098	3
5099	3
5100	1
5101	3
5102	2
5103	0
5104	1
5105	0
5106	3
5107	3
5108	0
5109	2
5110	2
5111	0
5112	2
5113	2
5114	0
5115	3
5116	0
5117	3
5118	2
5119	3
5120	3
5121	0
5122	2
5123	2
5124	2
5125	0
5126	2
5127	3
5128	2
5129	2
5130	0
5131	2
5132	3
5133	0
5134	2
5135	3
5136	2
5137	3
5138	3
5139	3
5140	2
5141	0
5142	3
5143	1
5144	0
5145	1
5146	0
5147	0
5148	0
5149	0
5150	2
5151	2
5152	2
5153	3
5154	2
5155	1
5156	2
5157	0
5158	3
5159	2
5160	3
5161	3
5162	2
5163	3
5164	2
5165	0
5166	2
5167	2
5168	0
5169	0
5170	0
5171	2
5172	2
5173	2
5174	3
5175	3
5176	2
5177	2
5178	3
5179	0
5180	2
5181	3
5182	0
5183	2
5184	3
5185	2
5186	2
5187	1
5188	2
5189	2
5190	3
5191	2
5192	2
5193	3
5194	3
5195	2
5196	0
5197	2
5198	0
5199	0
5200	0
5201	3
5202	0
5203	0
5204	1
5205	0
5206	2
5207	2
5208	2
5209	3
5210	3
5211	3
5212	3
5213	3
5214	3
5215	2
5216	0
5217	3
5218	0
5219	0
5220	2
5221	3
5222	2
5223	2
5224	2
5225	3
5226	3
5227	2
5228	2
5229	0
5230	2
5231	0
5232	2
5233	0
5234	3
5235	3
5236	2
5237	0
5238	2
5239	0
5240	1
5241	0
5242	0
5243	0
5244	0
5245	0
5246	0
5247	0
5248	3
5249	0
5250	3
5251	0
5252	3
5253	0
5254	3
5255	3
5256	2
5257	0
5258	1
5259	0
5260	0
5261	2
5262	2
5263	2
5264	3
5265	2
5266	3
5267	2
5268	0
5269	2
5270	0
5271	0
5272	3
5273	3
5274	3
5275	0
5276	0
5277	0
5278	2
5279	0
5280	0
5281	2
5282	2
5283	3
5284	2
5285	0
5286	0
5287	3
5288	0
5289	3
5290	3
5291	0
5292	0
5293	2
5294	0
5295	2
5296	0
5297	2
5298	3
5299	0
5300	2
5301	2
5302	0
5303	2
5304	2
5305	3
5306	1
5307	0
5308	2
5309	3
5310	2
5311	0
5312	3
5313	2
5314	3
5315	2
5316	2
5317	3
5318	2
5319	2
5320	2
5321	1
5322	2
5323	2
5324	0
5325	2
5326	3
5327	2
5328	3
5329	2
5330	0
5331	2
5332	2
5333	0
5334	0
5335	0
5336	2
5337	0
5338	2
5339	0
5340	0
5341	3
5342	0
5343	0
5344	0
5345	0
5346	3
5347	3
5348	1
5349	0
5350	2
5351	2
5352	3
5353	2
5354	2
5355	0
5356	0
5357	1
5358	3
5359	2
5360	0
5361	0
5362	2
5363	3
5364	0
5365	0
5366	0
5367	3
5368	3
5369	0
5370	2
5371	2
5372	3
5373	0
5374	2
5375	2
5376	0
5377	2
5378	0
5379	3
5380	0
5381	2
5382	2
5383	2
5384	3
5385	1
5386	2
5387	3
5388	2
5389	3
5390	3
5391	2
5392	2
5393	2
5394	0
5395	2
5396	3
5397	3
5398	2
5399	2
5400	0
5401	3
5402	0
5403	0
5404	2
5405	3
5406	2
5407	2
5408	0
5409	1
5410	0
5411	3
5412	3
5413	2
5414	2
5415	0
5416	3
5417	0
5418	1
5419	3
5420	2
5421	3
5422	3
5423	2
5424	0
5425	0
5426	3
5427	0
5428	3
5429	0
5430	0
5431	0
5432	3
5433	3
5434	0
5435	3
5436	0
5437	0
5438	2
5439	2
5440	0
5441	3
5442	3
5443	0
5444	2
5445	2
5446	0
5447	3
5448	3
5449	2
5450	0
5451	2
5452	3
5453	2
5454	0
5455	2
5456	3
5457	0
5458	3
5459	0
5460	0
5461	3
5462	2
5463	3
5464	3
5465	0
5466	3
5467	2
5468	0
5469	0
5470	0
5471	2
5472	2
5473	0
5474	2
5475	0
5476	2
5477	2
5478	3
5479	0
5480	1
5481	0
5482	0
5483	0
5484	0
5485	0
5486	2
5487	0
5488	2
5489	0
5490	3
5491	1
5492	3
5493	0
5494	3
5495	0
5496	3
5497	1
5498	2
5499	0
5500	0
5501	0
5502	0
5503	0
5504	3
5505	0
5506	2
5507	0
5508	3
5509	3
5510	3
5511	2
5512	3
5513	2
5514	0
5515	0
5516	0
5517	0
5518	0
5519	3
5520	3
5521	3
5522	0
5523	3
5524	0
5525	2
5526	3
5527	1
5528	2
5529	3
5530	0
5531	2
5532	3
5533	2
5534	2
5535	1
5536	0
5537	0
5538	2
5539	0
5540	0
5541	1
5542	2
5543	0
5544	2
5545	2
5546	1
5547	2
5548	0
5549	3
5550	3
5551	2
5552	0
5553	0
5554	0
5555	2
5556	0
5557	2
5558	3
5559	1
5560	3
5561	3
5562	2
5563	3
5564	3
5565	0
5566	1
5567	3
5568	0
5569	3
5570	0
5571	3
5572	0
5573	2
5574	3
5575	2
5576	2
5577	0
5578	3
5579	2
5580	2
5581	3
5582	0
5583	2
5584	2
5585	3
5586	1
5587	2
5588	3
5589	3
5590	2
5591	2
5592	3
5593	3
5594	3
5595	0
5596	0
5597	3
5598	0
5599	2
5600	3
5601	0
5602	2
5603	2
5604	0
5605	3
5606	1
5607	3
5608	3
5609	0
5610	3
5611	0
5612	2
5613	2
5614	2
5615	0
5616	3
5617	2
5618	2
5619	0
5620	2
5621	0
5622	3
5623	3
5624	0
5625	0
5626	2
5627	0
5628	0
5629	1
5630	1
5631	3
5632	3
5633	0
5634	0
5635	3
5636	3
5637	1
5638	2
5639	0
5640	2
5641	3
5642	2
5643	3
5644	3
5645	0
5646	2
5647	3
5648	0
5649	2
5650	1
5651	0
5652	1
5653	3
5654	3
5655	0
5656	0
5657	3
5658	0
5659	0
5660	2
5661	2
5662	3
5663	3
5664	2
5665	3
5666	3
5667	2
5668	0
5669	2
5670	0
5671	3
5672	0
5673	0
5674	1
5675	3
5676	2
5677	3
5678	2
5679	3
5680	2
5681	3
5682	3
5683	2
5684	3
5685	2
5686	3
5687	0
5688	2
5689	2
5690	0
5691	0
5692	2
5693	2
5694	0
5695	2
5696	2
5697	0
5698	0
5699	2
5700	3
5701	3
5702	2
5703	2
5704	0
5705	2
5706	3
5707	1
5708	3
5709	0
5710	0
5711	1
5712	0
5713	3
5714	0
5715	3
5716	2
5717	0
5718	0
5719	3
5720	0
5721	2
5722	1
5723	2
5724	0
5725	0
5726	3
5727	0
5728	0
5729	0
5730	0
5731	2
5732	0
5733	2
5734	3
5735	3
5736	3
5737	3
5738	0
5739	3
5740	3
5741	3
5742	0
5743	3
5744	1
5745	2
5746	2
5747	0
5748	2
5749	3
5750	2
5751	0
5752	0
5753	0
5754	0
5755	2
5756	3
5757	0
5758	2
5759	0
5760	2
5761	2
5762	0
5763	2
5764	2
5765	1
5766	2
5767	2
5768	0
5769	2
5770	2
5771	2
5772	3
5773	2
5774	0
5775	2
5776	3
5777	2
5778	2
5779	2
5780	0
5781	3
5782	2
5783	2
5784	2
5785	3
5786	0
5787	0
5788	2
5789	2
5790	3
5791	0
5792	0
5793	0
5794	3
5795	0
5796	0
5797	3
5798	0
5799	3
5800	2
5801	3
5802	3
5803	2
5804	3
5805	2
5806	2
5807	2
5808	2
5809	2
5810	3
5811	0
5812	2
5813	1
5814	3
5815	3
5816	0
5817	2
5818	2
5819	1
5820	0
5821	3
5822	3
5823	2
5824	2
5825	2
5826	2
5827	3
5828	3
5829	3
5830	2
5831	2
5832	2
5833	0
5834	3
5835	2
5836	3
5837	2
5838	2
5839	2
5840	2
5841	3
5842	2
5843	2
5844	2
5845	2
5846	2
5847	2
5848	2
5849	2
5850	0
5851	2
5852	0
5853	2
5854	3
5855	0
5856	1
5857	3
5858	2
5859	3
5860	2
5861	3
5862	2
5863	2
5864	2
5865	3
5866	2
5867	3
5868	2
5869	0
5870	2
5871	3
5872	0
5873	2
5874	2
5875	3
5876	0
5877	0
5878	2
5879	3
5880	3
5881	2
5882	3
5883	2
5884	0
5885	2
5886	2
5887	2
5888	2
5889	2
5890	3
5891	2
5892	2
5893	2
5894	2
5895	2
5896	3
5897	2
5898	0
5899	3
5900	2
5901	0
5902	0
5903	1
5904	1
5905	3
5906	2
5907	3
5908	1
5909	2
5910	2
5911	2
5912	0
5913	2
5914	2
5915	0
5916	1
5917	2
5918	1
5919	0
5920	2
5921	3
5922	3
5923	2
5924	0
5925	2
5926	0
5927	2
5928	0
5929	0
5930	3
5931	3
5932	0
5933	2
5934	1
5935	0
5936	2
5937	2
5938	0
5939	3
5940	3
5941	0
5942	1
5943	2
5944	0
5945	3
5946	0
5947	0
5948	0
5949	3
5950	0
5951	2
5952	2
5953	3
5954	1
5955	0
5956	0
5957	3
5958	3
5959	2
5960	2
5961	2
5962	2
5963	2
5964	3
5965	2
5966	2
5967	2
5968	0
5969	3
5970	0
5971	2
5972	3
5973	3
5974	3
5975	3
5976	0
5977	3
5978	3
5979	3
5980	2
5981	3
5982	2
5983	3
5984	3
5985	2
5986	2
5987	2
5988	2
5989	2
5990	3
5991	2
5992	3
5993	0
5994	2
5995	2
5996	3
5997	0
5998	0
5999	1
6000	1
6001	1
6002	0
6003	2
6004	2
6005	2
6006	2
6007	0
6008	3
6009	0
6010	2
6011	3
6012	0
6013	1
6014	1
6015	0
6016	3
6017	0
6018	3
6019	0
6020	1
6021	3
6022	2
6023	0
6024	0
6025	2
6026	3
6027	3
6028	0
6029	0
6030	3
6031	2
6032	0
6033	3
6034	0
6035	2
6036	3
6037	3
6038	2
6039	0
6040	1
6041	2
6042	0
6043	0
6044	3
6045	1
6046	3
6047	3
6048	1
6049	0
6050	2
6051	3
6052	2
6053	0
6054	2
6055	0
6056	1
6057	3
6058	0
6059	0
6060	0
6061	0
6062	3
6063	1
6064	2
6065	2
6066	1
6067	3
6068	0
6069	3
6070	3
6071	2
6072	2
6073	0
6074	0
6075	1
6076	0
6077	0
6078	2
6079	3
6080	3
6081	3
6082	0
6083	2
6084	0
6085	1
6086	0
6087	3
6088	3
6089	2
6090	3
6091	0
6092	2
6093	3
6094	3
6095	3
6096	3
6097	3
6098	2
6099	2
6100	2
6101	0
6102	2
6103	0
6104	3
6105	3
6106	3
6107	1
6108	3
6109	3
6110	0
6111	3
6112	3
6113	0
6114	2
6115	3
6116	2
6117	3
6118	0
6119	0
6120	3
6121	0
6122	0
6123	3
6124	2
6125	1
6126	2
6127	2
6128	3
6129	3
6130	2
6131	3
6132	2
6133	3
6134	0
6135	0
6136	2
6137	2
6138	2
6139	2
6140	3
6141	0
6142	1
6143	3
6144	1
6145	0
6146	2
6147	2
6148	2
6149	2
6150	0
6151	0
6152	0
6153	2
6154	3
6155	0
6156	3
6157	3
6158	3
6159	2
6160	3
6161	0
6162	0
6163	0
6164	2
6165	2
6166	2
6167	0
6168	0
6169	0
6170	2
6171	2
6172	0
6173	2
6174	3
6175	3
6176	3
6177	0
6178	2
6179	3
6180	0
6181	3
6182	3
6183	3
6184	0
6185	0
6186	2
6187	0
6188	0
6189	0
6190	2
6191	2
6192	3
6193	0
6194	2
6195	0
6196	2
6197	2
6198	0
6199	2
6200	0
6201	0
6202	0
6203	3
6204	0
6205	0
6206	2
6207	2
6208	3
6209	2
6210	3
6211	0
6212	0
6213	0
6214	1
6215	1
6216	0
6217	2
6218	1
6219	3
6220	2
6221	2
6222	3
6223	0
6224	0
6225	3
6226	3
6227	0
6228	0
6229	2
6230	0
6231	2
6232	0
6233	2
6234	0
6235	2
6236	0
6237	0
6238	2
6239	0
6240	0
6241	3
6242	0
6243	2
6244	0
6245	2
6246	3
6247	2
6248	2
6249	3
6250	3
6251	2
6252	1
6253	0
6254	2
6255	0
6256	0
6257	2
6258	3
6259	2
6260	2
6261	2
6262	2
6263	3
6264	1
6265	2
6266	2
6267	2
6268	3
6269	2
6270	2
6271	2
6272	2
6273	2
6274	3
6275	2
6276	3
6277	3
6278	0
6279	2
6280	1
6281	3
6282	0
6283	0
6284	0
6285	2
6286	0
6287	0
6288	0
6289	2
6290	2
6291	0
6292	0
6293	3
6294	0
6295	0
6296	0
6297	0
6298	3
6299	3
6300	0
6301	3
6302	3
6303	3
6304	0
6305	2
6306	3
6307	0
6308	0
6309	0
6310	3
6311	3
6312	2
6313	1
6314	3
6315	0
6316	2
6317	3
6318	0
6319	0
6320	3
6321	0
6322	2
6323	3
6324	0
6325	2
6326	3
6327	3
6328	0
6329	2
6330	2
6331	3
6332	2
6333	3
6334	2
6335	3
6336	1
6337	2
6338	3
6339	0
6340	2
6341	0
6342	3
6343	3
6344	2
6345	1
6346	0
6347	2
6348	3
6349	0
6350	0
6351	0
6352	3
6353	0
6354	2
6355	1
6356	2
6357	2
6358	0
6359	0
6360	0
6361	3
6362	2
6363	0
6364	0
6365	3
6366	3
6367	3
6368	0
6369	2
6370	0
6371	2
6372	2
6373	3
6374	3
6375	3
6376	3
6377	3
6378	3
6379	3
6380	0
6381	1
6382	2
6383	3
6384	3
6385	3
6386	0
6387	3
6388	0
6389	3
6390	2
6391	3
6392	0
6393	3
6394	2
6395	3
6396	1
6397	0
6398	3
6399	3
6400	0
6401	2
6402	3
6403	0
6404	0
6405	0
6406	3
6407	3
6408	3
6409	0
6410	3
6411	0
6412	3
6413	0
6414	3
6415	2
6416	0
6417	0
6418	0
6419	2
6420	3
6421	3
6422	0
6423	3
6424	0
6425	3
6426	2
6427	2
6428	0
6429	3
6430	3
6431	3
6432	0
6433	0
6434	0
6435	3
6436	3
6437	3
6438	3
6439	2
6440	2
6441	2
6442	0
6443	2
6444	2
6445	2
6446	2
6447	2
6448	2
6449	2
6450	2
6451	0
6452	2
6453	0
6454	2
6455	1
6456	2
6457	0
6458	3
6459	3
6460	3
6461	3
6462	1
6463	0
6464	2
6465	3
6466	0
6467	3
6468	0
6469	3
6470	2
6471	0
6472	0
6473	0
6474	0
6475	3
6476	0
6477	0
6478	0
6479	0
6480	0
6481	0
6482	0
6483	0
6484	0
6485	2
6486	0
6487	1
6488	1
6489	0
6490	0
6491	3
6492	3
6493	2
6494	0
6495	0
6496	3
6497	2
6498	2
6499	3
6500	2
6501	2
6502	2
6503	0
6504	0
6505	3
6506	2
6507	0
6508	3
6509	0
6510	3
6511	0
6512	2
6513	3
6514	0
6515	0
6516	0
6517	2
6518	1
6519	0
6520	2
6521	2
6522	3
6523	3
6524	2
6525	3
6526	2
6527	3
6528	2
6529	0
6530	2
6531	3
6532	0
6533	3
6534	0
6535	2
6536	3
6537	3
6538	0
6539	2
6540	0
6541	1
6542	0
6543	0
6544	2
6545	3
6546	1
6547	2
6548	0
6549	2
6550	0
6551	2
6552	0
6553	2
6554	3
6555	2
6556	0
6557	0
6558	3
6559	3
6560	0
6561	1
6562	0
6563	0
6564	3
6565	0
6566	1
6567	3
6568	0
6569	3
6570	0
6571	0
6572	0
6573	0
6574	2
6575	2
6576	2
6577	0
6578	2
6579	3
6580	1
6581	3
6582	0
6583	2
6584	3
6585	3
6586	3
6587	0
6588	3
6589	3
6590	2
6591	1
6592	0
6593	2
6594	3
6595	3
6596	3
6597	0
6598	3
6599	3
6600	0
6601	0
6602	1
6603	0
6604	2
6605	3
6606	2
6607	0
6608	1
6609	2
6610	3
6611	1
6612	0
6613	3
6614	1
6615	1
6616	2
6617	3
6618	3
6619	3
6620	3
6621	1
6622	3
6623	3
6624	3
6625	3
6626	1
6627	0
6628	0
6629	1
6630	0
6631	3
6632	3
6633	0
6634	0
6635	0
6636	0
6637	3
6638	0
6639	0
6640	0
6641	3
6642	0
6643	3
6644	3
6645	3
6646	1
6647	0
6648	0
6649	1
6650	0
6651	2
6652	2
6653	0
6654	3
6655	1
6656	0
6657	3
6658	0
6659	2
6660	0
6661	0
6662	0
6663	0
6664	0
6665	0
6666	2
6667	3
6668	0
6669	0
6670	2
6671	2
6672	0
6673	2
6674	2
6675	2
6676	2
6677	3
6678	3
6679	0
6680	0
6681	0
6682	2
6683	3
6684	3
6685	3
6686	3
6687	0
6688	0
6689	0
6690	0
6691	3
6692	0
6693	3
6694	2
6695	3
6696	0
6697	0
6698	0
6699	0
6700	0
6701	3
6702	0
6703	3
6704	0
6705	0
6706	3
6707	3
6708	3
6709	2
6710	2
6711	3
6712	0
6713	3
6714	2
6715	1
6716	0
6717	3
6718	3
6719	0
6720	3
6721	2
6722	0
6723	2
6724	3
6725	3
6726	3
6727	0
6728	1
6729	0
6730	0
6731	0
6732	3
6733	3
6734	2
6735	3
6736	2
6737	0
6738	3
6739	2
6740	0
6741	0
6742	0
6743	3
6744	3
6745	1
6746	2
6747	0
6748	0
6749	0
6750	0
6751	0
6752	3
6753	0
6754	0
6755	3
6756	0
6757	0
6758	1
6759	0
6760	2
6761	3
6762	0
6763	0
6764	3
6765	1
6766	3
6767	1
6768	2
6769	0
6770	3
6771	3
6772	3
6773	0
6774	1
6775	2
6776	1
6777	2
6778	2
6779	2
6780	0
6781	3
6782	3
6783	0
6784	3
6785	2
6786	0
6787	3
6788	2
6789	0
6790	3
6791	3
6792	3
6793	2
6794	3
6795	3
6796	3
6797	0
6798	0
6799	0
6800	3
6801	3
6802	3
6803	3
6804	0
6805	2
6806	3
6807	0
6808	0
6809	3
6810	3
6811	0
6812	1
6813	0
6814	2
6815	0
6816	3
6817	1
6818	1
6819	2
6820	0
6821	2
6822	0
6823	2
6824	3
6825	2
6826	2
6827	2
6828	2
6829	0
6830	2
6831	0
6832	2
6833	0
6834	0
6835	0
6836	0
6837	0
6838	2
6839	3
6840	1
6841	3
6842	0
6843	0
6844	2
6845	2
6846	0
6847	0
6848	3
6849	2
6850	0
6851	2
6852	1
6853	3
6854	0
6855	2
6856	0
6857	2
6858	2
6859	3
6860	2
6861	2
6862	0
6863	2
6864	1
6865	0
6866	1
6867	0
6868	0
6869	2
6870	3
6871	3
6872	3
6873	0
6874	0
6875	0
6876	2
6877	3
6878	0
6879	3
6880	2
6881	2
6882	0
6883	3
6884	3
6885	2
6886	3
6887	3
6888	2
6889	3
6890	2
6891	3
6892	3
6893	1
6894	0
6895	0
6896	2
6897	0
6898	3
6899	3
6900	2
6901	2
6902	3
6903	0
6904	2
6905	0
6906	0
6907	3
6908	3
6909	3
6910	2
6911	3
6912	2
6913	2
6914	3
6915	0
6916	0
6917	3
6918	3
6919	2
6920	2
6921	1
6922	2
6923	3
6924	3
6925	3
6926	2
6927	2
6928	2
6929	0
6930	0
6931	3
6932	2
6933	3
6934	0
6935	2
6936	3
6937	3
6938	2
6939	3
6940	3
6941	3
6942	2
6943	0
6944	2
6945	2
6946	0
6947	2
6948	2
6949	3
6950	0
6951	0
6952	2
6953	0
6954	0
6955	2
6956	3
6957	0
6958	2
6959	0
6960	3
6961	3
6962	0
6963	0
6964	3
6965	3
6966	2
6967	0
6968	2
6969	0
6970	2
6971	3
6972	2
6973	3
6974	0
6975	0
6976	3
6977	0
6978	0
6979	2
6980	2
6981	3
6982	3
6983	3
6984	2
6985	2
6986	3
6987	2
6988	2
6989	3
6990	2
6991	0
6992	2
6993	0
6994	2
6995	0
6996	0
6997	0
6998	3
6999	2
7000	0
7001	3
7002	2
7003	0
7004	2
7005	2
7006	0
7007	0
7008	3
7009	2
7010	1
7011	2
7012	0
7013	3
7014	2
7015	2
7016	2
7017	2
7018	2
7019	3
7020	2
7021	0
7022	2
7023	3
7024	0
7025	2
7026	3
7027	2
7028	2
7029	1
7030	0
7031	3
7032	3
7033	3
7034	0
7035	0
7036	0
7037	1
7038	0
7039	0
7040	3
7041	0
7042	0
7043	3
7044	2
7045	3
7046	0
7047	2
7048	2
7049	0
7050	0
7051	0
7052	0
7053	3
7054	2
7055	3
7056	2
7057	3
7058	0
7059	3
7060	0
7061	0
7062	0
7063	3
7064	3
7065	0
7066	0
7067	2
7068	0
7069	3
7070	0
7071	0
7072	0
7073	0
7074	3
7075	0
7076	0
7077	0
7078	0
7079	0
7080	3
7081	0
7082	3
7083	3
7084	0
7085	3
7086	0
7087	2
7088	2
7089	2
7090	3
7091	2
7092	0
7093	0
7094	2
7095	3
7096	3
7097	2
7098	0
7099	0
7100	2
7101	3
7102	0
7103	0
7104	3
7105	3
7106	0
7107	2
7108	2
7109	0
7110	3
7111	3
7112	3
7113	0
7114	3
7115	2
7116	0
7117	2
7118	3
7119	2
7120	0
7121	3
7122	3
7123	0
7124	2
7125	2
7126	3
7127	0
7128	2
7129	0
7130	3
7131	3
7132	2
7133	2
7134	0
7135	0
7136	2
7137	2
7138	0
7139	3
7140	0
7141	3
7142	3
7143	3
7144	2
7145	0
7146	2
7147	2
7148	0
7149	2
7150	2
7151	0
7152	1
7153	2
7154	2
7155	2
7156	0
7157	0
7158	0
7159	3
7160	3
7161	3
7162	3
7163	0
7164	1
7165	3
7166	0
7167	0
7168	3
7169	3
7170	0
7171	0
7172	3
7173	1
7174	1
7175	3
7176	2
7177	2
7178	0
7179	3
7180	3
7181	0
7182	2
7183	3
7184	0
7185	0
7186	3
7187	0
7188	3
7189	3
7190	3
7191	2
7192	1
7193	0
7194	2
7195	2
7196	3
7197	3
7198	2
7199	2
7200	2
7201	1
7202	2
7203	0
7204	2
7205	2
7206	3
7207	0
7208	2
7209	2
7210	2
7211	2
7212	3
7213	1
7214	3
7215	3
7216	2
7217	2
7218	3
7219	0
7220	3
7221	2
7222	2
7223	3
7224	0
7225	2
7226	2
7227	2
7228	3
7229	0
7230	3
7231	3
7232	1
7233	0
7234	2
7235	0
7236	2
7237	0
7238	2
7239	3
7240	0
7241	2
7242	3
7243	2
7244	3
7245	3
7246	2
7247	3
7248	3
7249	3
7250	0
7251	2
7252	0
7253	3
7254	3
7255	0
7256	2
7257	2
7258	3
7259	2
7260	3
7261	3
7262	0
7263	0
7264	2
7265	2
7266	3
7267	0
7268	3
7269	0
7270	0
7271	0
7272	2
7273	3
7274	3
7275	0
7276	0
7277	2
7278	2
7279	0
7280	0
7281	3
7282	0
7283	3
7284	0
7285	2
7286	3
7287	1
7288	0
7289	1
7290	3
7291	3
7292	3
7293	0
7294	2
7295	2
7296	0
7297	3
7298	3
7299	0
7300	2
7301	0
7302	0
7303	3
7304	0
7305	2
7306	0
7307	0
7308	2
7309	1
7310	3
7311	3
7312	3
7313	3
7314	3
7315	0
7316	2
7317	2
7318	1
7319	0
7320	3
7321	3
7322	2
7323	3
7324	0
7325	3
7326	2
7327	3
7328	2
7329	3
7330	2
7331	3
7332	2
7333	2
7334	0
7335	2
7336	1
7337	0
7338	3
7339	1
7340	3
7341	2
7342	3
7343	2
7344	0
7345	0
7346	2
7347	0
7348	0
7349	2
7350	2
7351	2
7352	0
7353	1
7354	2
7355	3
7356	2
7357	1
7358	2
7359	2
7360	3
7361	3
7362	3
7363	0
7364	2
7365	0
7366	2
7367	3
7368	3
7369	2
7370	2
7371	2
7372	3
7373	3
7374	0
7375	0
7376	2
7377	1
7378	2
7379	3
7380	0
7381	3
7382	3
7383	3
7384	2
7385	3
7386	1
7387	0
7388	2
7389	0
7390	0
7391	3
7392	0
7393	2
7394	0
7395	1
7396	0
7397	3
7398	0
7399	3
7400	1
7401	2
7402	0
7403	3
7404	0
7405	0
7406	1
7407	2
7408	0
7409	0
7410	2
7411	0
7412	0
7413	2
7414	0
7415	1
7416	0
7417	0
7418	0
7419	1
7420	0
7421	2
7422	2
7423	0
7424	0
7425	3
7426	1
7427	1
7428	3
7429	3
7430	2
7431	3
7432	0
7433	2
7434	0
7435	2
7436	3
7437	3
7438	1
7439	3
7440	2
7441	3
7442	0
7443	0
7444	2
7445	0
7446	0
7447	0
7448	3
7449	0
7450	3
7451	0
7452	1
7453	0
7454	0
7455	0
7456	3
7457	0
7458	2
7459	2
7460	3
7461	0
7462	2
7463	3
7464	3
7465	2
7466	2
7467	3
7468	0
7469	2
7470	0
7471	0
7472	3
7473	0
7474	2
7475	0
7476	3
7477	3
7478	2
7479	3
7480	3
7481	2
7482	3
7483	2
7484	1
7485	0
7486	3
7487	2
7488	3
7489	0
7490	2
7491	0
7492	3
7493	0
7494	3
7495	2
7496	0
7497	0
7498	3
7499	0
7500	3
7501	3
7502	3
7503	0
7504	2
7505	0
7506	0
7507	0
7508	2
7509	2
7510	3
7511	3
7512	0
7513	0
7514	0
7515	0
7516	0
7517	2
7518	0
7519	3
7520	2
7521	3
7522	1
7523	2
7524	1
7525	0
7526	3
7527	0
7528	3
7529	0
7530	3
7531	2
7532	2
7533	0
7534	0
7535	2
7536	2
7537	2
7538	3
7539	2
7540	2
7541	3
7542	3
7543	0
7544	2
7545	0
7546	3
7547	2
7548	2
7549	2
7550	2
7551	3
7552	3
7553	1
7554	0
7555	1
7556	1
7557	2
7558	3
7559	2
7560	0
7561	2
7562	2
7563	0
7564	0
7565	2
7566	0
7567	2
7568	0
7569	0
7570	1
7571	0
7572	3
7573	3
7574	3
7575	0
7576	1
7577	2
7578	0
7579	2
7580	0
7581	2
7582	0
7583	0
7584	2
7585	3
7586	3
7587	2
7588	3
7589	3
7590	2
7591	1
7592	0
7593	1
7594	3
7595	3
7596	2
7597	3
7598	1
7599	0
7600	2
7601	0
7602	0
7603	3
7604	0
7605	3
7606	0
7607	1
7608	2
7609	2
7610	2
7611	0
7612	3
7613	1
7614	2
7615	3
7616	2
7617	2
7618	0
7619	0
7620	1
7621	2
7622	3
7623	1
7624	0
7625	2
7626	0
7627	0
7628	3
7629	2
7630	0
7631	2
7632	3
7633	2
7634	0
7635	1
7636	0
7637	0
7638	0
7639	0
7640	2
7641	0
7642	2
7643	2
7644	3
7645	3
7646	1
7647	3
7648	0
7649	1
7650	3
7651	1
7652	2
7653	0
7654	3
7655	2
7656	3
7657	2
7658	0
7659	0
7660	2
7661	0
7662	1
7663	2
7664	1
7665	0
7666	0
7667	3
7668	0
7669	2
7670	2
7671	2
7672	3
7673	3
7674	0
7675	0
7676	0
7677	0
7678	0
7679	3
7680	1
7681	2
7682	0
7683	2
7684	2
7685	2
7686	3
7687	2
7688	0
7689	2
7690	2
7691	1
7692	2
7693	0
7694	2
7695	3
7696	3
7697	0
7698	1
7699	2
7700	0
7701	3
7702	0
7703	0
7704	0
7705	2
7706	2
7707	3
7708	0
7709	0
7710	2
7711	1
7712	0
7713	2
7714	2
7715	3
7716	2
7717	2
7718	2
7719	2
7720	0
7721	2
7722	2
7723	3
7724	1
7725	3
7726	3
7727	2
7728	3
7729	2
7730	0
7731	2
7732	3
7733	0
7734	2
7735	3
7736	3
7737	0
7738	0
7739	0
7740	3
7741	1
7742	3
7743	0
7744	1
7745	3
7746	0
7747	2
7748	3
7749	0
7750	0
7751	3
7752	0
7753	0
7754	0
7755	0
7756	0
7757	3
7758	1
7759	2
7760	0
7761	0
7762	0
7763	0
7764	2
7765	3
7766	2
7767	0
7768	2
7769	0
7770	3
7771	3
7772	3
7773	0
7774	2
7775	0
7776	0
7777	3
7778	2
7779	0
7780	0
7781	0
7782	2
7783	2
7784	0
7785	0
7786	3
7787	2
7788	3
7789	2
7790	3
7791	3
7792	2
7793	3
7794	3
7795	2
7796	0
7797	2
7798	3
7799	3
7800	0
7801	0
7802	2
7803	0
7804	3
7805	3
7806	2
7807	3
7808	2
7809	0
7810	1
7811	0
7812	1
7813	3
7814	0
7815	3
7816	2
7817	0
7818	0
7819	3
7820	0
7821	1
7822	3
7823	2
7824	3
7825	0
7826	2
7827	0
7828	3
7829	2
7830	3
7831	1
7832	3
7833	1
7834	0
7835	3
7836	0
7837	0
7838	2
7839	1
7840	2
7841	0
7842	0
7843	0
7844	2
7845	3
7846	0
7847	0
7848	0
7849	3
7850	2
7851	0
7852	3
7853	0
7854	0
7855	3
7856	3
7857	2
7858	2
7859	3
7860	1
7861	1
7862	0
7863	3
7864	0
7865	0
7866	2
7867	0
7868	0
7869	3
7870	3
7871	0
7872	0
7873	1
7874	0
7875	2
7876	2
7877	0
7878	0
7879	0
7880	3
7881	0
7882	3
7883	3
7884	0
7885	2
7886	2
7887	0
7888	2
7889	0
7890	0
7891	0
7892	1
7893	0
7894	2
7895	3
7896	3
7897	0
7898	1
7899	1
7900	2
7901	0
7902	2
7903	0
7904	2
7905	0
7906	2
7907	0
7908	3
7909	2
7910	0
7911	1
7912	3
7913	3
7914	2
7915	1
7916	2
7917	1
7918	2
7919	3
7920	2
7921	2
7922	2
7923	2
7924	0
7925	2
7926	2
7927	3
7928	3
7929	0
7930	3
7931	0
7932	3
7933	0
7934	3
7935	0
7936	2
7937	2
7938	0
7939	3
7940	0
7941	1
7942	1
7943	2
7944	0
7945	2
7946	3
7947	2
7948	3
7949	0
7950	3
7951	2
7952	2
7953	0
7954	3
7955	3
7956	2
7957	3
7958	2
7959	0
7960	3
7961	3
7962	0
7963	0
7964	0
7965	3
7966	0
7967	3
7968	0
7969	3
7970	2
7971	3
7972	2
7973	0
7974	3
7975	0
7976	3
7977	3
7978	3
7979	2
7980	3
7981	0
7982	0
7983	3
7984	2
7985	3
7986	0
7987	0
7988	0
7989	3
7990	0
7991	3
7992	0
7993	1
7994	3
7995	2
7996	3
7997	2
7998	0
7999	3
8000	3
8001	0
8002	0
8003	2
8004	3
8005	3
8006	3
8007	3
8008	3
8009	3
8010	0
8011	2
8012	0
8013	2
8014	1
8015	3
8016	3
8017	0
8018	3
8019	0
8020	3
8021	2
8022	0
8023	2
8024	0
8025	0
8026	3
8027	3
8028	2
8029	3
8030	3
8031	0
8032	2
8033	0
8034	3
8035	0
8036	3
8037	0
8038	0
8039	3
8040	0
8041	0
8042	1
8043	3
8044	3
8045	3
8046	2
8047	0
8048	3
8049	2
8050	0
8051	3
8052	2
8053	0
8054	2
8055	2
8056	3
8057	0
8058	3
8059	2
8060	0
8061	3
8062	0
8063	2
8064	0
8065	1
8066	0
8067	3
8068	2
8069	3
8070	2
8071	3
8072	0
8073	3
8074	2
8075	0
8076	3
8077	0
8078	2
8079	0
8080	1
8081	2
8082	1
8083	0
8084	0
8085	2
8086	0
8087	3
8088	3
8089	2
8090	3
8091	2
8092	3
8093	0
8094	0
8095	0
8096	2
8097	3
8098	3
8099	2
8100	0
8101	2
8102	2
8103	0
8104	3
8105	0
8106	2
8107	2
8108	0
8109	0
8110	3
8111	0
8112	0
8113	0
8114	3
8115	3
8116	3
8117	3
8118	3
8119	3
8120	2
8121	0
8122	1
8123	0
8124	3
8125	2
8126	3
8127	3
8128	0
8129	0
8130	2
8131	3
8132	0
8133	3
8134	0
8135	2
8136	3
8137	3
8138	3
8139	0
8140	2
8141	0
8142	3
8143	3
8144	3
8145	2
8146	2
8147	2
8148	0
8149	1
8150	0
8151	0
8152	0
8153	3
8154	0
8155	0
8156	3
8157	3
8158	3
8159	1
8160	0
8161	3
8162	0
8163	2
8164	0
8165	3
8166	3
8167	2
8168	3
8169	2
8170	2
8171	3
8172	2
8173	3
8174	0
8175	2
8176	0
8177	2
8178	2
8179	0
8180	3
8181	3
8182	2
8183	2
8184	2
8185	3
8186	2
8187	2
8188	3
8189	0
8190	3
8191	0
