COMMAND
./sim bimodal 11 ./proj2-traces/perl_trace.txt
OUTPUT
number of predictions:2000000
number of mispredictions:220928
misprediction rate:   11.05%
FINAL BIMODAL CONTENTS
0	3
1	2
2	3
3	2
4	2
5	1
6	2
7	2
8	2
9	2
10	3
11	1
12	3
13	3
14	1
15	1
16	2
17	3
18	3
19	2
20	2
21	3
22	0
23	3
24	1
25	3
26	2
27	3
28	1
29	2
30	3
31	3
32	2
33	3
34	0
35	3
36	2
37	2
38	3
39	3
40	3
41	3
42	3
43	3
44	3
45	2
46	2
47	0
48	3
49	3
50	2
51	2
52	2
53	0
54	3
55	2
56	0
57	1
58	1
59	3
60	0
61	2
62	1
63	1
64	1
65	3
66	0
67	2
68	2
69	0
70	2
71	2
72	3
73	3
74	0
75	2
76	2
77	2
78	3
79	3
80	3
81	0
82	2
83	2
84	2
85	0
86	3
87	2
88	2
89	3
90	3
91	2
92	3
93	2
94	0
95	1
96	0
97	3
98	3
99	3
100	3
101	0
102	2
103	2
104	2
105	0
106	0
107	2
108	3
109	1
110	0
111	3
112	0
113	2
114	0
115	3
116	3
117	2
118	0
119	1
120	2
121	0
122	2
123	3
124	2
125	0
126	2
127	0
128	3
129	0
130	0
131	1
132	3
133	2
134	0
135	3
136	0
137	3
138	0
139	3
140	1
141	0
142	0
143	0
144	0
145	0
146	0
147	3
148	0
149	3
150	3
151	0
152	3
153	2
154	2
155	2
156	3
157	0
158	3
159	2
160	1
161	0
162	0
163	3
164	3
165	0
166	3
167	1
168	3
169	0
170	3
171	3
172	3
173	2
174	3
175	2
176	3
177	0
178	3
179	2
180	3
181	2
182	1
183	2
184	3
185	3
186	3
187	0
188	2
189	2
190	3
191	0
192	2
193	0
194	2
195	0
196	2
197	3
198	2
199	2
200	2
201	3
202	2
203	2
204	3
205	2
206	1
207	2
208	0
209	2
210	0
211	0
212	2
213	0
214	2
215	0
216	0
217	2
218	0
219	0
220	2
221	3
222	1
223	3
224	2
225	3
226	3
227	0
228	1
229	2
230	3
231	2
232	1
233	2
234	2
235	2
236	2
237	0
238	3
239	2
240	2
241	0
242	2
243	0
244	2
245	0
246	2
247	2
248	1
249	3
250	2
251	3
252	2
253	1
254	3
255	3
256	2
257	1
258	2
259	0
260	2
261	3
262	3
263	0
264	0
265	3
266	3
267	1
268	2
269	1
270	2
271	1
272	1
273	0
274	0
275	3
276	0
277	1
278	3
279	2
280	2
281	1
282	3
283	3
284	1
285	2
286	0
287	3
288	3
289	3
290	2
291	1
292	2
293	1
294	0
295	3
296	3
297	2
298	3
299	3
300	2
301	3
302	3
303	2
304	2
305	2
306	0
307	2
308	2
309	0
310	0
311	3
312	2
313	2
314	2
315	2
316	2
317	3
318	3
319	0
320	1
321	3
322	2
323	1
324	2
325	3
326	2
327	0
328	0
329	0
330	2
331	3
332	1
333	3
334	0
335	3
336	3
337	2
338	0
339	2
340	0
341	0
342	0
343	2
344	0
345	3
346	2
347	2
348	1
349	0
350	2
351	3
352	3
353	3
354	2
355	0
356	2
357	2
358	3
359	2
360	2
361	2
362	3
363	2
364	0
365	2
366	2
367	1
368	2
369	2
370	2
371	2
372	2
373	2
374	2
375	0
376	0
377	0
378	2
379	1
380	3
381	3
382	3
383	2
384	2
385	2
386	2
387	2
388	2
389	2
390	0
391	1
392	2
393	0
394	0
395	2
396	2
397	2
398	2
399	2
400	2
401	2
402	2
403	2
404	3
405	1
406	2
407	0
408	2
409	2
410	3
411	3
412	2
413	3
414	2
415	3
416	2
417	2
418	2
419	1
420	0
421	2
422	0
423	3
424	2
425	0
426	3
427	0
428	3
429	0
430	2
431	0
432	2
433	2
434	0
435	0
436	2
437	1
438	3
439	0
440	2
441	2
442	2
443	2
444	2
445	2
446	2
447	1
448	2
449	2
450	2
451	3
452	3
453	2
454	1
455	1
456	2
457	2
458	3
459	2
460	2
461	1
462	2
463	2
464	3
465	2
466	2
467	2
468	3
469	2
470	2
471	2
472	2
473	2
474	2
475	2
476	2
477	2
478	2
479	2
480	2
481	2
482	2
483	1
484	2
485	0
486	2
487	3
488	0
489	2
490	3
491	2
492	2
493	2
494	2
495	2
496	2
497	1
498	2
499	0
500	2
501	2
502	1
503	2
504	3
505	2
506	2
507	2
508	3
509	3
510	2
511	0
512	2
513	0
514	1
515	1
516	2
517	2
518	3
519	2
520	2
521	0
522	2
523	2
524	2
525	2
526	3
527	2
528	2
529	2
530	0
531	2
532	2
533	3
534	2
535	2
536	2
537	1
538	3
539	2
540	3
541	2
542	2
543	2
544	2
545	2
546	2
547	0
548	1
549	2
550	3
551	3
552	3
553	0
554	2
555	2
556	2
557	2
558	1
559	2
560	3
561	3
562	2
563	3
564	2
565	2
566	0
567	2
568	3
569	3
570	2
571	2
572	3
573	2
574	0
575	1
576	0
577	3
578	2
579	2
580	2
581	2
582	0
583	2
584	3
585	2
586	0
587	1
588	0
589	0
590	0
591	2
592	0
593	0
594	1
595	1
596	0
597	0
598	3
599	2
600	3
601	2
602	0
603	3
604	2
605	2
606	0
607	2
608	2
609	1
610	3
611	2
612	3
613	2
614	2
615	3
616	2
617	2
618	3
619	0
620	2
621	0
622	0
623	1
624	0
625	1
626	3
627	0
628	3
629	3
630	3
631	0
632	2
633	3
634	0
635	2
636	2
637	2
638	2
639	0
640	1
641	0
642	0
643	0
644	1
645	2
646	3
647	3
648	2
649	0
650	3
651	2
652	2
653	2
654	2
655	3
656	2
657	2
658	2
659	3
660	3
661	2
662	0
663	2
664	0
665	2
666	3
667	2
668	2
669	2
670	2
671	2
672	2
673	2
674	2
675	2
676	1
677	2
678	2
679	2
680	0
681	2
682	2
683	3
684	2
685	1
686	2
687	2
688	2
689	2
690	2
691	2
692	1
693	2
694	2
695	2
696	2
697	2
698	2
699	2
700	2
701	0
702	0
703	3
704	2
705	3
706	2
707	2
708	0
709	0
710	3
711	2
712	2
713	2
714	2
715	0
716	3
717	2
718	2
719	2
720	2
721	2
722	2
723	2
724	2
725	3
726	2
727	2
728	2
729	2
730	2
731	2
732	2
733	3
734	2
735	2
736	2
737	2
738	2
739	2
740	2
741	3
742	2
743	2
744	2
745	1
746	2
747	0
748	2
749	1
750	2
751	2
752	2
753	2
754	2
755	3
756	3
757	3
758	2
759	2
760	3
761	2
762	2
763	2
764	0
765	2
766	2
767	0
768	3
769	0
770	2
771	0
772	2
773	3
774	2
775	2
776	2
777	2
778	2
779	2
780	2
781	2
782	0
783	3
784	3
785	2
786	2
787	2
788	0
789	0
790	0
791	3
792	0
793	0
794	2
795	3
796	2
797	2
798	3
799	2
800	2
801	2
802	0
803	2
804	3
805	3
806	2
807	2
808	2
809	0
810	3
811	2
812	2
813	2
814	3
815	2
816	2
817	2
818	2
819	1
820	2
821	1
822	0
823	3
824	0
825	2
826	2
827	2
828	1
829	2
830	3
831	0
832	0
833	2
834	3
835	2
836	3
837	3
838	3
839	2
840	0
841	3
842	1
843	2
844	1
845	0
846	0
847	2
848	0
849	2
850	0
851	2
852	0
853	1
854	2
855	0
856	0
857	3
858	3
859	2
860	1
861	3
862	0
863	3
864	0
865	2
866	3
867	2
868	0
869	2
870	0
871	2
872	3
873	0
874	2
875	3
876	2
877	2
878	3
879	2
880	2
881	2
882	1
883	2
884	2
885	0
886	2
887	0
888	3
889	2
890	0
891	2
892	2
893	0
894	2
895	1
896	2
897	2
898	1
899	0
900	3
901	3
902	3
903	3
904	2
905	0
906	3
907	2
908	0
909	2
910	2
911	2
912	2
913	0
914	3
915	2
916	2
917	0
918	2
919	0
920	2
921	2
922	2
923	2
924	1
925	3
926	3
927	2
928	2
929	0
930	3
931	3
932	3
933	2
934	2
935	2
936	2
937	3
938	0
939	2
940	2
941	3
942	2
943	3
944	2
945	3
946	0
947	3
948	2
949	1
950	3
951	2
952	0
953	0
954	2
955	2
956	3
957	2
958	2
959	3
960	3
961	0
962	2
963	2
964	2
965	0
966	2
967	2
968	1
969	3
970	0
971	2
972	3
973	2
974	3
975	2
976	3
977	3
978	0
979	2
980	2
981	2
982	2
983	1
984	3
985	2
986	0
987	0
988	2
989	2
990	3
991	3
992	2
993	2
994	2
995	2
996	2
997	0
998	0
999	2
1000	0
1001	0
1002	2
1003	3
1004	0
1005	2
1006	2
1007	3
1008	2
1009	2
1010	0
1011	1
1012	3
1013	2
1014	2
1015	0
1016	2
1017	2
1018	2
1019	0
1020	3
1021	3
1022	1
1023	1
1024	0
1025	2
1026	1
1027	2
1028	3
1029	3
1030	3
1031	3
1032	3
1033	3
1034	3
1035	3
1036	3
1037	2
1038	2
1039	1
1040	2
1041	1
1042	1
1043	0
1044	2
1045	0
1046	2
1047	0
1048	2
1049	0
1050	2
1051	0
1052	2
1053	3
1054	3
1055	2
1056	2
1057	0
1058	2
1059	3
1060	0
1061	0
1062	2
1063	3
1064	1
1065	2
1066	0
1067	0
1068	0
1069	2
1070	3
1071	2
1072	2
1073	2
1074	3
1075	0
1076	2
1077	2
1078	2
1079	2
1080	1
1081	2
1082	2
1083	2
1084	0
1085	2
1086	2
1087	2
1088	2
1089	1
1090	0
1091	2
1092	2
1093	2
1094	1
1095	3
1096	2
1097	2
1098	3
1099	2
1100	2
1101	2
1102	3
1103	3
1104	2
1105	0
1106	0
1107	3
1108	2
1109	3
1110	2
1111	0
1112	2
1113	2
1114	2
1115	0
1116	2
1117	2
1118	0
1119	2
1120	2
1121	3
1122	1
1123	1
1124	2
1125	2
1126	1
1127	2
1128	2
1129	3
1130	0
1131	0
1132	1
1133	2
1134	3
1135	2
1136	2
1137	1
1138	1
1139	2
1140	2
1141	1
1142	1
1143	3
1144	2
1145	2
1146	2
1147	0
1148	3
1149	2
1150	0
1151	3
1152	2
1153	3
1154	2
1155	2
1156	1
1157	2
1158	2
1159	2
1160	1
1161	0
1162	2
1163	1
1164	2
1165	2
1166	2
1167	1
1168	2
1169	2
1170	3
1171	0
1172	3
1173	2
1174	1
1175	2
1176	2
1177	0
1178	2
1179	2
1180	2
1181	2
1182	1
1183	2
1184	2
1185	1
1186	2
1187	2
1188	2
1189	2
1190	3
1191	2
1192	2
1193	0
1194	0
1195	1
1196	0
1197	2
1198	0
1199	2
1200	3
1201	2
1202	1
1203	2
1204	3
1205	0
1206	3
1207	3
1208	2
1209	3
1210	3
1211	3
1212	2
1213	2
1214	3
1215	2
1216	2
1217	3
1218	2
1219	0
1220	0
1221	0
1222	2
1223	0
1224	3
1225	3
1226	2
1227	0
1228	3
1229	3
1230	2
1231	2
1232	2
1233	3
1234	0
1235	3
1236	0
1237	2
1238	3
1239	2
1240	1
1241	0
1242	0
1243	2
1244	3
1245	0
1246	1
1247	0
1248	2
1249	2
1250	2
1251	3
1252	2
1253	2
1254	3
1255	3
1256	1
1257	2
1258	3
1259	3
1260	0
1261	0
1262	3
1263	3
1264	0
1265	3
1266	2
1267	3
1268	2
1269	2
1270	2
1271	0
1272	2
1273	0
1274	3
1275	3
1276	1
1277	2
1278	2
1279	2
1280	2
1281	1
1282	2
1283	3
1284	2
1285	3
1286	3
1287	1
1288	3
1289	2
1290	2
1291	3
1292	2
1293	2
1294	2
1295	2
1296	3
1297	2
1298	2
1299	2
1300	3
1301	3
1302	2
1303	3
1304	1
1305	2
1306	3
1307	2
1308	1
1309	3
1310	1
1311	2
1312	3
1313	3
1314	0
1315	2
1316	1
1317	0
1318	2
1319	0
1320	3
1321	0
1322	2
1323	0
1324	3
1325	2
1326	2
1327	1
1328	3
1329	3
1330	2
1331	0
1332	0
1333	2
1334	3
1335	2
1336	2
1337	3
1338	2
1339	2
1340	0
1341	2
1342	3
1343	3
1344	2
1345	0
1346	2
1347	2
1348	3
1349	2
1350	0
1351	1
1352	2
1353	2
1354	1
1355	0
1356	2
1357	3
1358	3
1359	3
1360	2
1361	3
1362	2
1363	0
1364	3
1365	2
1366	1
1367	3
1368	1
1369	0
1370	3
1371	3
1372	2
1373	3
1374	2
1375	1
1376	2
1377	2
1378	2
1379	3
1380	2
1381	1
1382	2
1383	3
1384	0
1385	2
1386	1
1387	2
1388	3
1389	0
1390	3
1391	3
1392	3
1393	2
1394	2
1395	0
1396	2
1397	0
1398	3
1399	2
1400	2
1401	2
1402	3
1403	1
1404	3
1405	0
1406	0
1407	2
1408	0
1409	3
1410	2
1411	2
1412	2
1413	2
1414	3
1415	2
1416	3
1417	2
1418	2
1419	3
1420	2
1421	2
1422	3
1423	2
1424	2
1425	2
1426	2
1427	2
1428	3
1429	0
1430	2
1431	2
1432	3
1433	2
1434	2
1435	0
1436	0
1437	1
1438	3
1439	2
1440	1
1441	2
1442	3
1443	3
1444	0
1445	3
1446	3
1447	1
1448	2
1449	3
1450	0
1451	2
1452	3
1453	1
1454	1
1455	2
1456	3
1457	2
1458	0
1459	2
1460	3
1461	3
1462	2
1463	3
1464	3
1465	0
1466	3
1467	3
1468	0
1469	1
1470	2
1471	2
1472	3
1473	0
1474	3
1475	2
1476	0
1477	2
1478	0
1479	3
1480	1
1481	2
1482	0
1483	0
1484	2
1485	2
1486	3
1487	3
1488	3
1489	0
1490	3
1491	1
1492	3
1493	0
1494	2
1495	3
1496	2
1497	0
1498	2
1499	0
1500	2
1501	0
1502	0
1503	0
1504	2
1505	3
1506	2
1507	0
1508	3
1509	0
1510	0
1511	0
1512	2
1513	0
1514	0
1515	0
1516	0
1517	2
1518	2
1519	0
1520	3
1521	2
1522	0
1523	2
1524	1
1525	3
1526	2
1527	0
1528	2
1529	2
1530	3
1531	2
1532	0
1533	0
1534	3
1535	2
1536	2
1537	3
1538	2
1539	3
1540	2
1541	2
1542	2
1543	0
1544	3
1545	3
1546	2
1547	2
1548	2
1549	0
1550	3
1551	2
1552	3
1553	2
1554	3
1555	0
1556	3
1557	2
1558	3
1559	1
1560	0
1561	2
1562	2
1563	2
1564	0
1565	2
1566	0
1567	0
1568	0
1569	2
1570	2
1571	3
1572	2
1573	2
1574	2
1575	0
1576	3
1577	3
1578	2
1579	3
1580	2
1581	0
1582	3
1583	2
1584	0
1585	1
1586	0
1587	2
1588	3
1589	3
1590	2
1591	1
1592	3
1593	0
1594	3
1595	2
1596	3
1597	2
1598	3
1599	3
1600	3
1601	0
1602	2
1603	3
1604	3
1605	2
1606	2
1607	2
1608	3
1609	3
1610	2
1611	2
1612	3
1613	3
1614	2
1615	2
1616	2
1617	3
1618	2
1619	0
1620	3
1621	0
1622	2
1623	0
1624	3
1625	2
1626	0
1627	0
1628	3
1629	2
1630	2
1631	0
1632	1
1633	2
1634	2
1635	2
1636	3
1637	0
1638	2
1639	3
1640	1
1641	1
1642	2
1643	2
1644	3
1645	2
1646	0
1647	3
1648	2
1649	2
1650	2
1651	3
1652	3
1653	1
1654	3
1655	0
1656	0
1657	0
1658	2
1659	3
1660	3
1661	2
1662	3
1663	2
1664	3
1665	2
1666	3
1667	3
1668	2
1669	0
1670	3
1671	0
1672	3
1673	3
1674	2
1675	3
1676	2
1677	3
1678	0
1679	2
1680	2
1681	0
1682	2
1683	0
1684	2
1685	0
1686	2
1687	0
1688	0
1689	3
1690	0
1691	2
1692	0
1693	3
1694	0
1695	3
1696	0
1697	2
1698	3
1699	3
1700	2
1701	2
1702	3
1703	2
1704	2
1705	3
1706	3
1707	2
1708	0
1709	0
1710	3
1711	2
1712	3
1713	2
1714	0
1715	0
1716	2
1717	3
1718	2
1719	3
1720	2
1721	2
1722	1
1723	2
1724	3
1725	3
1726	2
1727	0
1728	3
1729	2
1730	2
1731	2
1732	2
1733	0
1734	0
1735	3
1736	0
1737	2
1738	1
1739	3
1740	0
1741	0
1742	2
1743	0
1744	2
1745	2
1746	3
1747	0
1748	3
1749	0
1750	2
1751	3
1752	2
1753	2
1754	2
1755	3
1756	3
1757	2
1758	3
1759	2
1760	3
1761	2
1762	2
1763	2
1764	1
1765	1
1766	3
1767	3
1768	1
1769	2
1770	3
1771	3
1772	2
1773	0
1774	0
1775	2
1776	2
1777	3
1778	3
1779	3
1780	2
1781	1
1782	3
1783	0
1784	2
1785	1
1786	2
1787	0
1788	3
1789	0
1790	3
1791	3
1792	2
1793	3
1794	1
1795	2
1796	3
1797	0
1798	3
1799	3
1800	1
1801	3
1802	0
1803	3
1804	3
1805	3
1806	3
1807	1
1808	3
1809	0
1810	2
1811	0
1812	2
1813	2
1814	2
1815	3
1816	2
1817	0
1818	3
1819	0
1820	3
1821	2
1822	3
1823	3
1824	0
1825	3
1826	0
1827	3
1828	2
1829	3
1830	3
1831	0
1832	3
1833	3
1834	2
1835	2
1836	0
1837	1
1838	3
1839	2
1840	2
1841	3
1842	3
1843	2
1844	2
1845	2
1846	3
1847	2
1848	2
1849	2
1850	2
1851	0
1852	2
1853	2
1854	2
1855	0
1856	0
1857	3
1858	2
1859	3
1860	3
1861	3
1862	3
1863	0
1864	2
1865	0
1866	3
1867	3
1868	3
1869	3
1870	2
1871	0
1872	3
1873	3
1874	0
1875	2
1876	3
1877	2
1878	3
1879	2
1880	0
1881	1
1882	2
1883	3
1884	3
1885	0
1886	2
1887	1
1888	0
1889	1
1890	2
1891	0
1892	1
1893	3
1894	0
1895	3
1896	3
1897	0
1898	3
1899	2
1900	3
1901	0
1902	2
1903	3
1904	3
1905	0
1906	3
1907	2
1908	1
1909	0
1910	0
1911	2
1912	0
1913	2
1914	3
1915	0
1916	0
1917	3
1918	2
1919	0
1920	3
1921	3
1922	2
1923	2
1924	0
1925	2
1926	2
1927	2
1928	2
1929	0
1930	2
1931	0
1932	3
1933	3
1934	2
1935	3
1936	3
1937	1
1938	2
1939	3
1940	3
1941	1
1942	2
1943	0
1944	3
1945	1
1946	2
1947	0
1948	0
1949	3
1950	1
1951	2
1952	3
1953	2
1954	3
1955	2
1956	2
1957	0
1958	1
1959	2
1960	3
1961	2
1962	1
1963	0
1964	0
1965	3
1966	1
1967	3
1968	0
1969	2
1970	3
1971	1
1972	2
1973	3
1974	2
1975	3
1976	2
1977	2
1978	2
1979	3
1980	2
1981	3
1982	2
1983	2
1984	1
1985	2
1986	3
1987	3
1988	1
1989	2
1990	2
1991	3
1992	3
1993	1
1994	2
1995	2
1996	3
1997	2
1998	3
1999	3
2000	2
2001	0
2002	3
2003	3
2004	2
2005	0
2006	2
2007	2
2008	3
2009	2
2010	3
2011	1
2012	3
2013	2
2014	2
2015	1
2016	3
2017	2
2018	1
2019	2
2020	1
2021	2
2022	2
2023	2
2024	2
2025	2
2026	0
2027	0
2028	0
2029	2
2030	3
2031	3
2032	2
2033	3
2034	2
2035	0
2036	3
2037	0
2038	3
2039	0
2040	3
2041	0
2042	3
2043	3
2044	3
2045	1
2046	3
2047	2
