COMMAND
./sim gshare 12 12 ./proj2-traces/perl_trace.txt
OUTPUT
number of predictions:2000000
number of mispredictions:143222
misprediction rate:   7.16%
FINAL GSHARE CONTENTS
0	2
1	3
2	3
3	3
4	0
5	3
6	3
7	3
8	3
9	3
10	3
11	3
12	3
13	1
14	3
15	3
16	0
17	3
18	3
19	0
20	2
21	0
22	0
23	3
24	3
25	3
26	3
27	3
28	3
29	3
30	2
31	3
32	3
33	2
34	0
35	0
36	3
37	3
38	3
39	2
40	3
41	3
42	3
43	3
44	1
45	3
46	1
47	2
48	3
49	3
50	3
51	0
52	3
53	3
54	0
55	0
56	3
57	3
58	2
59	1
60	2
61	3
62	3
63	1
64	3
65	3
66	3
67	3
68	2
69	2
70	3
71	3
72	3
73	3
74	3
75	3
76	0
77	3
78	3
79	3
80	3
81	3
82	3
83	0
84	3
85	3
86	3
87	0
88	3
89	3
90	0
91	3
92	3
93	3
94	3
95	0
96	3
97	0
98	1
99	0
100	0
101	3
102	3
103	3
104	3
105	2
106	0
107	1
108	0
109	0
110	3
111	3
112	1
113	3
114	0
115	0
116	3
117	1
118	3
119	3
120	3
121	3
122	3
123	2
124	2
125	2
126	1
127	3
128	0
129	0
130	0
131	0
132	3
133	0
134	0
135	0
136	2
137	1
138	0
139	0
140	3
141	2
142	2
143	3
144	3
145	2
146	3
147	2
148	2
149	0
150	3
151	2
152	3
153	0
154	0
155	3
156	0
157	0
158	0
159	3
160	3
161	2
162	3
163	2
164	0
165	0
166	0
167	3
168	3
169	0
170	3
171	3
172	1
173	0
174	2
175	0
176	1
177	2
178	3
179	3
180	3
181	1
182	0
183	3
184	0
185	3
186	3
187	3
188	1
189	2
190	3
191	3
192	3
193	2
194	0
195	2
196	3
197	0
198	0
199	3
200	0
201	3
202	1
203	0
204	0
205	3
206	0
207	1
208	2
209	3
210	0
211	3
212	3
213	3
214	3
215	2
216	2
217	1
218	3
219	3
220	3
221	0
222	3
223	2
224	0
225	1
226	3
227	0
228	3
229	3
230	0
231	3
232	0
233	1
234	0
235	0
236	3
237	3
238	3
239	2
240	0
241	3
242	2
243	3
244	0
245	3
246	3
247	0
248	2
249	0
250	3
251	2
252	3
253	0
254	3
255	1
256	3
257	3
258	1
259	3
260	3
261	3
262	3
263	3
264	0
265	0
266	3
267	3
268	2
269	0
270	0
271	3
272	3
273	3
274	0
275	1
276	3
277	3
278	3
279	3
280	3
281	2
282	3
283	1
284	3
285	0
286	3
287	0
288	1
289	1
290	2
291	3
292	3
293	0
294	1
295	0
296	0
297	0
298	0
299	3
300	1
301	3
302	0
303	0
304	3
305	3
306	3
307	2
308	3
309	3
310	0
311	0
312	3
313	1
314	0
315	0
316	3
317	3
318	0
319	0
320	3
321	3
322	0
323	3
324	3
325	3
326	3
327	3
328	3
329	0
330	2
331	0
332	3
333	3
334	3
335	3
336	0
337	3
338	3
339	3
340	1
341	3
342	0
343	3
344	3
345	3
346	2
347	0
348	3
349	3
350	1
351	0
352	3
353	2
354	3
355	3
356	1
357	0
358	3
359	2
360	2
361	0
362	2
363	3
364	1
365	0
366	2
367	3
368	3
369	3
370	3
371	3
372	3
373	3
374	0
375	3
376	3
377	0
378	2
379	3
380	0
381	3
382	3
383	3
384	3
385	2
386	3
387	2
388	0
389	1
390	3
391	3
392	0
393	0
394	2
395	1
396	0
397	0
398	0
399	0
400	0
401	2
402	0
403	3
404	3
405	3
406	0
407	2
408	3
409	0
410	0
411	0
412	0
413	0
414	0
415	0
416	3
417	1
418	1
419	3
420	3
421	3
422	3
423	2
424	3
425	0
426	3
427	3
428	0
429	3
430	3
431	3
432	3
433	3
434	3
435	0
436	0
437	1
438	0
439	0
440	3
441	0
442	2
443	2
444	2
445	1
446	3
447	2
448	0
449	0
450	2
451	3
452	0
453	3
454	3
455	0
456	0
457	0
458	3
459	2
460	2
461	1
462	0
463	0
464	3
465	3
466	0
467	2
468	0
469	1
470	3
471	3
472	2
473	2
474	0
475	1
476	3
477	2
478	0
479	0
480	3
481	0
482	0
483	2
484	0
485	3
486	1
487	2
488	2
489	2
490	2
491	3
492	3
493	3
494	3
495	3
496	2
497	0
498	3
499	3
500	1
501	0
502	3
503	1
504	2
505	0
506	3
507	1
508	3
509	1
510	3
511	3
512	2
513	0
514	0
515	0
516	0
517	0
518	0
519	3
520	1
521	3
522	0
523	3
524	3
525	3
526	0
527	3
528	3
529	0
530	0
531	0
532	3
533	3
534	0
535	0
536	3
537	2
538	0
539	3
540	2
541	0
542	0
543	0
544	3
545	0
546	2
547	0
548	0
549	3
550	0
551	0
552	3
553	2
554	0
555	0
556	3
557	3
558	2
559	3
560	0
561	3
562	3
563	3
564	2
565	0
566	3
567	3
568	2
569	3
570	3
571	1
572	3
573	0
574	3
575	3
576	2
577	0
578	0
579	3
580	0
581	2
582	0
583	3
584	0
585	1
586	2
587	0
588	0
589	0
590	0
591	0
592	3
593	3
594	0
595	1
596	0
597	2
598	2
599	2
600	3
601	1
602	3
603	3
604	2
605	0
606	1
607	3
608	2
609	0
610	0
611	0
612	2
613	2
614	0
615	0
616	0
617	0
618	0
619	3
620	2
621	0
622	2
623	0
624	0
625	3
626	0
627	3
628	3
629	2
630	3
631	3
632	0
633	0
634	0
635	3
636	1
637	2
638	0
639	0
640	0
641	0
642	1
643	0
644	1
645	3
646	2
647	3
648	3
649	0
650	0
651	0
652	0
653	2
654	0
655	1
656	3
657	3
658	0
659	0
660	3
661	1
662	0
663	1
664	0
665	2
666	2
667	2
668	3
669	3
670	3
671	3
672	0
673	2
674	1
675	0
676	0
677	3
678	0
679	0
680	3
681	3
682	1
683	0
684	0
685	0
686	0
687	3
688	3
689	3
690	0
691	2
692	3
693	0
694	0
695	3
696	0
697	2
698	0
699	0
700	2
701	2
702	0
703	2
704	3
705	2
706	0
707	3
708	3
709	0
710	0
711	0
712	3
713	3
714	1
715	0
716	2
717	3
718	3
719	3
720	0
721	3
722	0
723	0
724	3
725	0
726	0
727	3
728	0
729	0
730	3
731	0
732	0
733	3
734	0
735	3
736	0
737	0
738	3
739	3
740	2
741	0
742	0
743	3
744	2
745	0
746	0
747	0
748	0
749	1
750	3
751	0
752	0
753	1
754	3
755	3
756	3
757	3
758	2
759	3
760	3
761	2
762	2
763	3
764	0
765	1
766	0
767	0
768	1
769	1
770	3
771	1
772	3
773	0
774	0
775	0
776	2
777	0
778	3
779	3
780	0
781	2
782	3
783	3
784	0
785	0
786	2
787	0
788	2
789	3
790	3
791	3
792	0
793	0
794	2
795	0
796	2
797	0
798	0
799	3
800	3
801	3
802	1
803	2
804	3
805	3
806	3
807	0
808	3
809	0
810	3
811	3
812	3
813	0
814	3
815	0
816	0
817	3
818	3
819	2
820	0
821	3
822	0
823	0
824	0
825	0
826	0
827	2
828	0
829	0
830	3
831	0
832	3
833	0
834	3
835	2
836	0
837	2
838	0
839	2
840	0
841	0
842	1
843	3
844	0
845	3
846	3
847	2
848	0
849	2
850	0
851	0
852	1
853	0
854	0
855	0
856	2
857	0
858	2
859	3
860	3
861	0
862	2
863	3
864	2
865	3
866	2
867	0
868	0
869	2
870	3
871	0
872	2
873	3
874	0
875	3
876	3
877	0
878	0
879	0
880	3
881	1
882	3
883	0
884	0
885	2
886	3
887	0
888	1
889	0
890	0
891	0
892	2
893	3
894	3
895	0
896	1
897	0
898	3
899	0
900	0
901	3
902	3
903	3
904	2
905	0
906	3
907	3
908	3
909	2
910	3
911	2
912	1
913	0
914	0
915	0
916	3
917	1
918	0
919	1
920	0
921	3
922	2
923	3
924	1
925	0
926	0
927	0
928	3
929	3
930	2
931	3
932	0
933	3
934	0
935	3
936	0
937	0
938	0
939	3
940	3
941	3
942	0
943	1
944	3
945	3
946	1
947	3
948	2
949	2
950	0
951	1
952	2
953	0
954	3
955	3
956	2
957	3
958	0
959	2
960	3
961	3
962	0
963	1
964	3
965	3
966	3
967	2
968	3
969	0
970	0
971	3
972	3
973	3
974	0
975	3
976	3
977	3
978	0
979	3
980	0
981	2
982	1
983	2
984	0
985	2
986	0
987	0
988	1
989	3
990	3
991	3
992	0
993	0
994	0
995	3
996	3
997	1
998	3
999	0
1000	2
1001	3
1002	2
1003	2
1004	3
1005	3
1006	3
1007	2
1008	3
1009	0
1010	2
1011	1
1012	0
1013	3
1014	3
1015	3
1016	1
1017	0
1018	1
1019	3
1020	3
1021	3
1022	1
1023	3
1024	0
1025	3
1026	3
1027	3
1028	3
1029	1
1030	3
1031	1
1032	3
1033	3
1034	3
1035	2
1036	3
1037	0
1038	2
1039	0
1040	1
1041	0
1042	3
1043	3
1044	0
1045	3
1046	0
1047	3
1048	2
1049	3
1050	2
1051	2
1052	0
1053	2
1054	0
1055	3
1056	2
1057	3
1058	3
1059	3
1060	3
1061	1
1062	3
1063	3
1064	3
1065	3
1066	3
1067	3
1068	1
1069	0
1070	1
1071	3
1072	0
1073	3
1074	1
1075	0
1076	0
1077	3
1078	3
1079	0
1080	3
1081	3
1082	3
1083	2
1084	3
1085	3
1086	0
1087	3
1088	3
1089	2
1090	3
1091	0
1092	2
1093	0
1094	0
1095	0
1096	0
1097	0
1098	3
1099	3
1100	0
1101	0
1102	0
1103	1
1104	3
1105	3
1106	3
1107	3
1108	3
1109	3
1110	2
1111	3
1112	3
1113	0
1114	1
1115	1
1116	3
1117	2
1118	1
1119	0
1120	3
1121	3
1122	3
1123	2
1124	0
1125	0
1126	0
1127	1
1128	3
1129	3
1130	3
1131	1
1132	0
1133	0
1134	0
1135	3
1136	3
1137	3
1138	1
1139	0
1140	3
1141	3
1142	0
1143	3
1144	3
1145	3
1146	3
1147	0
1148	0
1149	3
1150	3
1151	0
1152	3
1153	0
1154	0
1155	0
1156	3
1157	2
1158	0
1159	2
1160	3
1161	0
1162	3
1163	3
1164	0
1165	0
1166	0
1167	3
1168	3
1169	2
1170	2
1171	1
1172	3
1173	2
1174	0
1175	0
1176	0
1177	0
1178	0
1179	3
1180	0
1181	0
1182	0
1183	0
1184	3
1185	3
1186	0
1187	0
1188	1
1189	0
1190	0
1191	3
1192	2
1193	3
1194	3
1195	0
1196	3
1197	2
1198	1
1199	2
1200	0
1201	3
1202	1
1203	0
1204	2
1205	1
1206	0
1207	3
1208	0
1209	0
1210	3
1211	3
1212	0
1213	0
1214	3
1215	0
1216	0
1217	0
1218	0
1219	0
1220	0
1221	0
1222	3
1223	0
1224	2
1225	3
1226	0
1227	0
1228	3
1229	0
1230	3
1231	0
1232	3
1233	3
1234	3
1235	2
1236	3
1237	2
1238	0
1239	1
1240	1
1241	2
1242	3
1243	3
1244	2
1245	3
1246	3
1247	0
1248	2
1249	3
1250	3
1251	3
1252	0
1253	3
1254	3
1255	2
1256	0
1257	0
1258	1
1259	3
1260	0
1261	1
1262	3
1263	3
1264	3
1265	3
1266	2
1267	1
1268	3
1269	2
1270	3
1271	3
1272	3
1273	0
1274	1
1275	0
1276	0
1277	2
1278	1
1279	1
1280	0
1281	3
1282	0
1283	3
1284	1
1285	3
1286	0
1287	1
1288	3
1289	0
1290	3
1291	0
1292	0
1293	2
1294	0
1295	3
1296	0
1297	0
1298	1
1299	0
1300	0
1301	0
1302	0
1303	0
1304	2
1305	1
1306	1
1307	3
1308	2
1309	3
1310	0
1311	3
1312	0
1313	2
1314	3
1315	3
1316	0
1317	2
1318	3
1319	3
1320	1
1321	0
1322	1
1323	0
1324	0
1325	3
1326	0
1327	0
1328	0
1329	3
1330	0
1331	1
1332	3
1333	0
1334	2
1335	0
1336	3
1337	0
1338	0
1339	3
1340	2
1341	3
1342	0
1343	3
1344	3
1345	3
1346	0
1347	0
1348	2
1349	0
1350	0
1351	0
1352	2
1353	2
1354	0
1355	1
1356	0
1357	3
1358	3
1359	3
1360	3
1361	2
1362	3
1363	3
1364	0
1365	0
1366	2
1367	0
1368	0
1369	3
1370	0
1371	3
1372	0
1373	0
1374	0
1375	0
1376	0
1377	3
1378	2
1379	2
1380	3
1381	3
1382	3
1383	3
1384	3
1385	2
1386	3
1387	3
1388	3
1389	0
1390	1
1391	3
1392	1
1393	0
1394	0
1395	2
1396	2
1397	2
1398	0
1399	0
1400	3
1401	3
1402	2
1403	3
1404	3
1405	3
1406	3
1407	3
1408	1
1409	3
1410	1
1411	3
1412	2
1413	3
1414	3
1415	3
1416	1
1417	1
1418	0
1419	0
1420	3
1421	2
1422	1
1423	1
1424	3
1425	0
1426	3
1427	0
1428	2
1429	3
1430	1
1431	1
1432	2
1433	3
1434	0
1435	0
1436	3
1437	2
1438	0
1439	3
1440	0
1441	3
1442	3
1443	1
1444	3
1445	3
1446	1
1447	3
1448	3
1449	0
1450	1
1451	2
1452	3
1453	0
1454	3
1455	3
1456	2
1457	3
1458	0
1459	3
1460	3
1461	1
1462	0
1463	2
1464	3
1465	3
1466	3
1467	3
1468	3
1469	3
1470	1
1471	0
1472	0
1473	3
1474	0
1475	0
1476	3
1477	3
1478	0
1479	3
1480	0
1481	3
1482	3
1483	3
1484	2
1485	3
1486	3
1487	3
1488	2
1489	3
1490	3
1491	0
1492	3
1493	0
1494	2
1495	3
1496	0
1497	1
1498	0
1499	1
1500	3
1501	3
1502	3
1503	3
1504	2
1505	3
1506	0
1507	0
1508	2
1509	2
1510	2
1511	1
1512	2
1513	3
1514	1
1515	1
1516	0
1517	1
1518	3
1519	3
1520	3
1521	3
1522	3
1523	1
1524	2
1525	1
1526	3
1527	2
1528	3
1529	0
1530	3
1531	3
1532	3
1533	3
1534	3
1535	3
1536	3
1537	0
1538	3
1539	3
1540	3
1541	3
1542	3
1543	3
1544	3
1545	3
1546	3
1547	3
1548	3
1549	0
1550	0
1551	3
1552	0
1553	0
1554	0
1555	3
1556	3
1557	0
1558	3
1559	2
1560	3
1561	3
1562	3
1563	3
1564	3
1565	3
1566	0
1567	3
1568	1
1569	3
1570	0
1571	3
1572	0
1573	2
1574	2
1575	0
1576	0
1577	0
1578	3
1579	1
1580	3
1581	0
1582	3
1583	3
1584	0
1585	0
1586	3
1587	0
1588	3
1589	3
1590	3
1591	3
1592	1
1593	3
1594	3
1595	3
1596	3
1597	3
1598	3
1599	0
1600	3
1601	1
1602	2
1603	3
1604	1
1605	2
1606	0
1607	2
1608	0
1609	2
1610	3
1611	3
1612	3
1613	2
1614	3
1615	3
1616	2
1617	3
1618	2
1619	3
1620	2
1621	1
1622	2
1623	3
1624	0
1625	1
1626	1
1627	1
1628	3
1629	3
1630	3
1631	3
1632	3
1633	0
1634	0
1635	3
1636	3
1637	3
1638	0
1639	3
1640	3
1641	3
1642	0
1643	0
1644	3
1645	0
1646	3
1647	3
1648	3
1649	3
1650	2
1651	3
1652	0
1653	0
1654	0
1655	3
1656	1
1657	0
1658	2
1659	2
1660	2
1661	1
1662	2
1663	0
1664	3
1665	3
1666	3
1667	3
1668	3
1669	3
1670	3
1671	0
1672	0
1673	3
1674	0
1675	0
1676	2
1677	3
1678	0
1679	0
1680	3
1681	3
1682	2
1683	3
1684	3
1685	3
1686	2
1687	1
1688	2
1689	3
1690	3
1691	3
1692	2
1693	3
1694	0
1695	3
1696	3
1697	3
1698	2
1699	2
1700	1
1701	0
1702	3
1703	0
1704	2
1705	3
1706	2
1707	3
1708	3
1709	1
1710	2
1711	1
1712	0
1713	3
1714	3
1715	3
1716	3
1717	0
1718	3
1719	1
1720	2
1721	3
1722	0
1723	3
1724	3
1725	3
1726	3
1727	1
1728	0
1729	0
1730	3
1731	0
1732	0
1733	3
1734	0
1735	3
1736	2
1737	3
1738	3
1739	0
1740	3
1741	0
1742	0
1743	0
1744	3
1745	3
1746	3
1747	3
1748	0
1749	3
1750	0
1751	1
1752	3
1753	3
1754	3
1755	3
1756	3
1757	2
1758	3
1759	3
1760	3
1761	2
1762	3
1763	3
1764	3
1765	3
1766	0
1767	0
1768	1
1769	0
1770	3
1771	0
1772	1
1773	3
1774	3
1775	0
1776	3
1777	0
1778	3
1779	3
1780	3
1781	3
1782	1
1783	0
1784	3
1785	3
1786	3
1787	3
1788	3
1789	0
1790	3
1791	0
1792	3
1793	3
1794	0
1795	3
1796	0
1797	0
1798	3
1799	3
1800	2
1801	1
1802	2
1803	0
1804	3
1805	1
1806	0
1807	2
1808	1
1809	0
1810	3
1811	2
1812	3
1813	2
1814	3
1815	2
1816	1
1817	0
1818	1
1819	0
1820	0
1821	0
1822	3
1823	0
1824	2
1825	3
1826	2
1827	3
1828	3
1829	3
1830	0
1831	3
1832	3
1833	3
1834	0
1835	0
1836	2
1837	0
1838	2
1839	1
1840	3
1841	3
1842	0
1843	3
1844	3
1845	3
1846	3
1847	3
1848	3
1849	3
1850	1
1851	3
1852	0
1853	0
1854	3
1855	3
1856	3
1857	0
1858	2
1859	2
1860	3
1861	3
1862	3
1863	3
1864	1
1865	3
1866	1
1867	3
1868	3
1869	1
1870	0
1871	0
1872	3
1873	3
1874	0
1875	2
1876	0
1877	3
1878	3
1879	3
1880	0
1881	0
1882	0
1883	0
1884	0
1885	0
1886	0
1887	3
1888	3
1889	3
1890	3
1891	3
1892	3
1893	3
1894	3
1895	3
1896	3
1897	3
1898	0
1899	2
1900	3
1901	3
1902	3
1903	3
1904	3
1905	3
1906	3
1907	3
1908	0
1909	3
1910	2
1911	0
1912	3
1913	3
1914	3
1915	3
1916	0
1917	3
1918	3
1919	0
1920	3
1921	3
1922	3
1923	3
1924	2
1925	3
1926	1
1927	3
1928	3
1929	3
1930	1
1931	0
1932	3
1933	0
1934	3
1935	3
1936	3
1937	3
1938	0
1939	2
1940	3
1941	3
1942	0
1943	3
1944	3
1945	3
1946	1
1947	3
1948	2
1949	3
1950	3
1951	3
1952	3
1953	1
1954	3
1955	3
1956	2
1957	1
1958	0
1959	3
1960	1
1961	3
1962	1
1963	1
1964	3
1965	2
1966	3
1967	0
1968	0
1969	3
1970	3
1971	0
1972	1
1973	1
1974	0
1975	0
1976	3
1977	3
1978	0
1979	0
1980	2
1981	0
1982	3
1983	3
1984	3
1985	0
1986	0
1987	0
1988	3
1989	3
1990	0
1991	2
1992	0
1993	0
1994	2
1995	1
1996	1
1997	0
1998	2
1999	0
2000	0
2001	0
2002	0
2003	0
2004	0
2005	0
2006	0
2007	0
2008	2
2009	0
2010	0
2011	0
2012	0
2013	0
2014	1
2015	3
2016	0
2017	3
2018	0
2019	0
2020	0
2021	1
2022	1
2023	0
2024	2
2025	0
2026	0
2027	3
2028	3
2029	0
2030	0
2031	0
2032	1
2033	0
2034	1
2035	2
2036	1
2037	0
2038	0
2039	1
2040	0
2041	2
2042	3
2043	3
2044	3
2045	0
2046	0
2047	1
2048	3
2049	0
2050	3
2051	3
2052	3
2053	0
2054	3
2055	0
2056	2
2057	3
2058	3
2059	3
2060	3
2061	3
2062	2
2063	3
2064	0
2065	0
2066	0
2067	0
2068	3
2069	3
2070	3
2071	0
2072	2
2073	3
2074	0
2075	3
2076	3
2077	0
2078	2
2079	3
2080	3
2081	3
2082	1
2083	3
2084	0
2085	3
2086	3
2087	3
2088	3
2089	1
2090	3
2091	3
2092	3
2093	3
2094	3
2095	0
2096	0
2097	0
2098	0
2099	1
2100	0
2101	0
2102	0
2103	0
2104	0
2105	3
2106	0
2107	0
2108	0
2109	0
2110	0
2111	0
2112	2
2113	0
2114	1
2115	3
2116	3
2117	0
2118	0
2119	0
2120	0
2121	0
2122	0
2123	0
2124	0
2125	0
2126	0
2127	0
2128	3
2129	0
2130	0
2131	3
2132	0
2133	3
2134	0
2135	3
2136	0
2137	2
2138	0
2139	0
2140	3
2141	3
2142	0
2143	0
2144	0
2145	3
2146	0
2147	3
2148	0
2149	3
2150	3
2151	0
2152	3
2153	3
2154	0
2155	3
2156	0
2157	3
2158	3
2159	0
2160	3
2161	3
2162	0
2163	3
2164	3
2165	1
2166	0
2167	3
2168	0
2169	0
2170	0
2171	0
2172	0
2173	3
2174	3
2175	0
2176	3
2177	3
2178	0
2179	3
2180	3
2181	3
2182	3
2183	0
2184	0
2185	2
2186	0
2187	3
2188	0
2189	3
2190	1
2191	0
2192	2
2193	3
2194	2
2195	2
2196	0
2197	0
2198	2
2199	2
2200	2
2201	0
2202	2
2203	3
2204	2
2205	1
2206	0
2207	0
2208	3
2209	0
2210	2
2211	2
2212	3
2213	2
2214	1
2215	3
2216	3
2217	0
2218	3
2219	3
2220	3
2221	3
2222	3
2223	3
2224	0
2225	0
2226	0
2227	2
2228	3
2229	3
2230	1
2231	3
2232	0
2233	0
2234	0
2235	3
2236	3
2237	3
2238	3
2239	0
2240	3
2241	3
2242	0
2243	3
2244	3
2245	2
2246	2
2247	3
2248	0
2249	0
2250	1
2251	0
2252	0
2253	3
2254	3
2255	3
2256	0
2257	3
2258	3
2259	3
2260	2
2261	1
2262	3
2263	2
2264	3
2265	2
2266	3
2267	3
2268	2
2269	2
2270	0
2271	3
2272	3
2273	3
2274	0
2275	3
2276	3
2277	3
2278	2
2279	1
2280	3
2281	2
2282	1
2283	0
2284	3
2285	1
2286	3
2287	3
2288	3
2289	0
2290	3
2291	3
2292	0
2293	1
2294	0
2295	1
2296	0
2297	3
2298	1
2299	3
2300	1
2301	1
2302	3
2303	0
2304	2
2305	0
2306	0
2307	3
2308	2
2309	1
2310	2
2311	3
2312	3
2313	2
2314	3
2315	3
2316	3
2317	2
2318	3
2319	3
2320	2
2321	3
2322	2
2323	3
2324	0
2325	3
2326	3
2327	3
2328	3
2329	3
2330	3
2331	3
2332	3
2333	3
2334	3
2335	3
2336	3
2337	3
2338	3
2339	3
2340	3
2341	0
2342	3
2343	3
2344	3
2345	3
2346	3
2347	3
2348	3
2349	1
2350	2
2351	3
2352	3
2353	2
2354	3
2355	0
2356	0
2357	3
2358	0
2359	0
2360	1
2361	3
2362	3
2363	3
2364	2
2365	3
2366	3
2367	3
2368	3
2369	2
2370	3
2371	3
2372	3
2373	3
2374	3
2375	0
2376	0
2377	3
2378	0
2379	0
2380	3
2381	3
2382	3
2383	3
2384	1
2385	0
2386	3
2387	3
2388	3
2389	2
2390	2
2391	0
2392	0
2393	3
2394	0
2395	3
2396	0
2397	0
2398	3
2399	0
2400	3
2401	3
2402	3
2403	3
2404	3
2405	3
2406	2
2407	3
2408	1
2409	2
2410	3
2411	2
2412	3
2413	3
2414	2
2415	0
2416	0
2417	0
2418	3
2419	0
2420	1
2421	2
2422	2
2423	1
2424	3
2425	3
2426	3
2427	0
2428	0
2429	3
2430	0
2431	0
2432	3
2433	2
2434	3
2435	3
2436	3
2437	1
2438	3
2439	3
2440	3
2441	3
2442	1
2443	3
2444	3
2445	2
2446	0
2447	3
2448	3
2449	3
2450	3
2451	3
2452	3
2453	3
2454	3
2455	3
2456	3
2457	3
2458	1
2459	3
2460	3
2461	3
2462	0
2463	0
2464	0
2465	1
2466	3
2467	0
2468	3
2469	1
2470	1
2471	3
2472	3
2473	0
2474	2
2475	3
2476	3
2477	3
2478	0
2479	3
2480	3
2481	3
2482	3
2483	2
2484	3
2485	3
2486	2
2487	3
2488	3
2489	3
2490	2
2491	3
2492	3
2493	3
2494	3
2495	1
2496	0
2497	2
2498	3
2499	3
2500	0
2501	0
2502	3
2503	0
2504	3
2505	2
2506	1
2507	1
2508	3
2509	0
2510	0
2511	2
2512	3
2513	3
2514	3
2515	0
2516	2
2517	3
2518	3
2519	2
2520	0
2521	0
2522	0
2523	0
2524	0
2525	3
2526	3
2527	0
2528	3
2529	2
2530	3
2531	3
2532	0
2533	0
2534	3
2535	0
2536	3
2537	3
2538	3
2539	1
2540	3
2541	3
2542	2
2543	0
2544	3
2545	0
2546	2
2547	1
2548	0
2549	0
2550	0
2551	3
2552	1
2553	1
2554	3
2555	3
2556	3
2557	3
2558	3
2559	3
2560	3
2561	3
2562	2
2563	3
2564	2
2565	0
2566	0
2567	0
2568	0
2569	0
2570	1
2571	0
2572	0
2573	0
2574	0
2575	3
2576	3
2577	3
2578	3
2579	3
2580	0
2581	3
2582	2
2583	0
2584	2
2585	0
2586	0
2587	0
2588	0
2589	3
2590	3
2591	0
2592	0
2593	0
2594	2
2595	0
2596	3
2597	1
2598	3
2599	0
2600	0
2601	0
2602	0
2603	3
2604	3
2605	0
2606	3
2607	0
2608	1
2609	0
2610	2
2611	1
2612	0
2613	3
2614	0
2615	0
2616	3
2617	3
2618	0
2619	0
2620	0
2621	3
2622	3
2623	3
2624	3
2625	3
2626	3
2627	3
2628	2
2629	0
2630	1
2631	1
2632	0
2633	0
2634	0
2635	3
2636	1
2637	3
2638	3
2639	3
2640	0
2641	2
2642	2
2643	3
2644	3
2645	3
2646	1
2647	3
2648	3
2649	1
2650	0
2651	1
2652	3
2653	3
2654	2
2655	3
2656	3
2657	0
2658	0
2659	0
2660	2
2661	0
2662	3
2663	3
2664	0
2665	0
2666	0
2667	3
2668	3
2669	3
2670	3
2671	3
2672	0
2673	0
2674	0
2675	0
2676	0
2677	3
2678	0
2679	0
2680	0
2681	1
2682	0
2683	0
2684	0
2685	0
2686	0
2687	0
2688	3
2689	3
2690	1
2691	0
2692	0
2693	0
2694	0
2695	0
2696	2
2697	3
2698	3
2699	3
2700	3
2701	1
2702	0
2703	0
2704	0
2705	3
2706	3
2707	1
2708	2
2709	3
2710	1
2711	1
2712	0
2713	0
2714	0
2715	1
2716	0
2717	0
2718	0
2719	3
2720	2
2721	1
2722	0
2723	2
2724	1
2725	1
2726	3
2727	3
2728	1
2729	2
2730	3
2731	1
2732	0
2733	3
2734	0
2735	3
2736	3
2737	3
2738	3
2739	3
2740	3
2741	0
2742	0
2743	0
2744	0
2745	2
2746	1
2747	3
2748	0
2749	3
2750	2
2751	3
2752	1
2753	3
2754	3
2755	3
2756	3
2757	1
2758	3
2759	0
2760	0
2761	1
2762	3
2763	0
2764	2
2765	3
2766	1
2767	2
2768	0
2769	3
2770	3
2771	3
2772	0
2773	3
2774	3
2775	3
2776	1
2777	3
2778	0
2779	0
2780	0
2781	0
2782	0
2783	3
2784	3
2785	0
2786	0
2787	0
2788	0
2789	3
2790	0
2791	0
2792	0
2793	1
2794	2
2795	0
2796	3
2797	3
2798	3
2799	3
2800	1
2801	3
2802	3
2803	3
2804	2
2805	0
2806	3
2807	0
2808	3
2809	2
2810	0
2811	1
2812	3
2813	0
2814	3
2815	3
2816	3
2817	0
2818	3
2819	3
2820	2
2821	0
2822	2
2823	3
2824	1
2825	3
2826	3
2827	2
2828	3
2829	2
2830	3
2831	3
2832	3
2833	1
2834	0
2835	3
2836	3
2837	0
2838	1
2839	3
2840	3
2841	0
2842	0
2843	0
2844	2
2845	3
2846	3
2847	3
2848	3
2849	3
2850	2
2851	3
2852	3
2853	1
2854	0
2855	2
2856	0
2857	3
2858	1
2859	3
2860	0
2861	0
2862	0
2863	3
2864	3
2865	2
2866	3
2867	0
2868	3
2869	3
2870	3
2871	3
2872	3
2873	0
2874	3
2875	0
2876	0
2877	0
2878	3
2879	3
2880	3
2881	3
2882	3
2883	3
2884	0
2885	0
2886	3
2887	0
2888	1
2889	2
2890	3
2891	3
2892	0
2893	3
2894	2
2895	0
2896	3
2897	0
2898	1
2899	0
2900	2
2901	3
2902	2
2903	0
2904	0
2905	2
2906	0
2907	0
2908	3
2909	3
2910	0
2911	2
2912	1
2913	0
2914	1
2915	3
2916	0
2917	3
2918	0
2919	3
2920	3
2921	3
2922	3
2923	3
2924	3
2925	3
2926	3
2927	3
2928	3
2929	0
2930	3
2931	3
2932	0
2933	3
2934	0
2935	1
2936	0
2937	0
2938	1
2939	0
2940	3
2941	0
2942	0
2943	2
2944	3
2945	3
2946	0
2947	3
2948	0
2949	0
2950	3
2951	3
2952	3
2953	2
2954	3
2955	3
2956	3
2957	3
2958	3
2959	3
2960	0
2961	0
2962	0
2963	0
2964	0
2965	1
2966	3
2967	3
2968	1
2969	3
2970	3
2971	0
2972	0
2973	0
2974	0
2975	0
2976	3
2977	3
2978	3
2979	0
2980	1
2981	0
2982	0
2983	0
2984	3
2985	1
2986	0
2987	3
2988	0
2989	3
2990	0
2991	0
2992	3
2993	0
2994	0
2995	1
2996	0
2997	0
2998	3
2999	0
3000	0
3001	3
3002	3
3003	1
3004	3
3005	3
3006	2
3007	0
3008	0
3009	3
3010	2
3011	3
3012	0
3013	0
3014	2
3015	0
3016	3
3017	0
3018	3
3019	0
3020	3
3021	0
3022	0
3023	3
3024	3
3025	3
3026	0
3027	2
3028	0
3029	0
3030	3
3031	3
3032	0
3033	0
3034	0
3035	3
3036	3
3037	0
3038	3
3039	0
3040	3
3041	3
3042	0
3043	3
3044	0
3045	0
3046	0
3047	2
3048	3
3049	2
3050	3
3051	0
3052	1
3053	3
3054	3
3055	3
3056	3
3057	1
3058	0
3059	0
3060	1
3061	0
3062	3
3063	3
3064	2
3065	1
3066	0
3067	0
3068	0
3069	3
3070	3
3071	2
3072	0
3073	2
3074	3
3075	3
3076	0
3077	3
3078	3
3079	0
3080	3
3081	3
3082	3
3083	3
3084	3
3085	3
3086	3
3087	0
3088	0
3089	3
3090	3
3091	2
3092	3
3093	3
3094	0
3095	3
3096	2
3097	2
3098	0
3099	2
3100	3
3101	3
3102	0
3103	3
3104	1
3105	1
3106	0
3107	1
3108	3
3109	3
3110	3
3111	3
3112	1
3113	2
3114	0
3115	0
3116	2
3117	0
3118	3
3119	3
3120	3
3121	0
3122	3
3123	2
3124	3
3125	3
3126	2
3127	0
3128	3
3129	0
3130	3
3131	1
3132	0
3133	2
3134	1
3135	3
3136	3
3137	3
3138	3
3139	3
3140	3
3141	3
3142	2
3143	0
3144	0
3145	3
3146	0
3147	3
3148	3
3149	3
3150	1
3151	3
3152	1
3153	3
3154	1
3155	3
3156	0
3157	0
3158	3
3159	3
3160	3
3161	3
3162	0
3163	3
3164	3
3165	3
3166	1
3167	3
3168	3
3169	3
3170	2
3171	0
3172	3
3173	0
3174	0
3175	0
3176	3
3177	3
3178	0
3179	0
3180	3
3181	3
3182	0
3183	3
3184	0
3185	1
3186	1
3187	2
3188	3
3189	3
3190	3
3191	2
3192	2
3193	2
3194	3
3195	1
3196	2
3197	1
3198	3
3199	0
3200	3
3201	3
3202	3
3203	1
3204	0
3205	2
3206	0
3207	3
3208	3
3209	3
3210	3
3211	0
3212	0
3213	0
3214	3
3215	3
3216	2
3217	2
3218	3
3219	3
3220	0
3221	0
3222	3
3223	2
3224	3
3225	0
3226	2
3227	3
3228	2
3229	3
3230	3
3231	3
3232	0
3233	0
3234	0
3235	1
3236	0
3237	2
3238	0
3239	0
3240	2
3241	3
3242	3
3243	3
3244	3
3245	0
3246	0
3247	0
3248	3
3249	3
3250	0
3251	3
3252	2
3253	0
3254	0
3255	3
3256	0
3257	2
3258	1
3259	1
3260	2
3261	2
3262	3
3263	3
3264	3
3265	2
3266	0
3267	2
3268	2
3269	0
3270	3
3271	3
3272	1
3273	3
3274	3
3275	1
3276	2
3277	1
3278	3
3279	1
3280	3
3281	0
3282	0
3283	0
3284	0
3285	0
3286	0
3287	0
3288	0
3289	0
3290	0
3291	3
3292	0
3293	2
3294	0
3295	0
3296	0
3297	0
3298	0
3299	0
3300	1
3301	0
3302	3
3303	3
3304	3
3305	0
3306	0
3307	0
3308	2
3309	3
3310	0
3311	0
3312	0
3313	2
3314	3
3315	0
3316	0
3317	3
3318	3
3319	3
3320	3
3321	0
3322	3
3323	0
3324	0
3325	0
3326	3
3327	0
3328	0
3329	0
3330	3
3331	2
3332	0
3333	0
3334	0
3335	3
3336	0
3337	3
3338	0
3339	0
3340	2
3341	3
3342	0
3343	0
3344	3
3345	3
3346	1
3347	0
3348	0
3349	0
3350	0
3351	3
3352	2
3353	1
3354	0
3355	0
3356	2
3357	0
3358	1
3359	3
3360	2
3361	2
3362	3
3363	2
3364	2
3365	1
3366	0
3367	3
3368	3
3369	2
3370	3
3371	2
3372	3
3373	3
3374	3
3375	2
3376	0
3377	0
3378	3
3379	0
3380	0
3381	3
3382	2
3383	3
3384	1
3385	0
3386	3
3387	0
3388	3
3389	0
3390	2
3391	0
3392	3
3393	0
3394	2
3395	0
3396	3
3397	3
3398	0
3399	3
3400	3
3401	0
3402	3
3403	1
3404	0
3405	2
3406	1
3407	3
3408	0
3409	0
3410	0
3411	2
3412	2
3413	3
3414	3
3415	0
3416	2
3417	0
3418	1
3419	3
3420	1
3421	0
3422	0
3423	3
3424	0
3425	0
3426	0
3427	0
3428	0
3429	3
3430	3
3431	0
3432	2
3433	3
3434	1
3435	3
3436	3
3437	3
3438	3
3439	0
3440	3
3441	0
3442	0
3443	0
3444	3
3445	1
3446	1
3447	3
3448	2
3449	0
3450	3
3451	3
3452	1
3453	1
3454	2
3455	3
3456	0
3457	0
3458	0
3459	2
3460	0
3461	0
3462	0
3463	0
3464	1
3465	2
3466	0
3467	0
3468	3
3469	2
3470	0
3471	0
3472	0
3473	0
3474	0
3475	2
3476	3
3477	0
3478	1
3479	3
3480	0
3481	3
3482	3
3483	2
3484	3
3485	3
3486	3
3487	3
3488	3
3489	3
3490	3
3491	2
3492	2
3493	2
3494	2
3495	3
3496	0
3497	3
3498	0
3499	0
3500	2
3501	1
3502	3
3503	0
3504	3
3505	3
3506	3
3507	2
3508	3
3509	0
3510	2
3511	1
3512	0
3513	3
3514	3
3515	0
3516	3
3517	1
3518	3
3519	0
3520	0
3521	0
3522	3
3523	3
3524	3
3525	2
3526	3
3527	1
3528	3
3529	0
3530	3
3531	3
3532	0
3533	2
3534	0
3535	0
3536	3
3537	3
3538	3
3539	3
3540	0
3541	3
3542	3
3543	3
3544	1
3545	1
3546	1
3547	0
3548	0
3549	0
3550	0
3551	0
3552	0
3553	3
3554	1
3555	3
3556	2
3557	2
3558	1
3559	3
3560	3
3561	3
3562	3
3563	2
3564	3
3565	3
3566	2
3567	0
3568	3
3569	3
3570	2
3571	2
3572	3
3573	3
3574	3
3575	3
3576	3
3577	3
3578	2
3579	3
3580	3
3581	2
3582	3
3583	0
3584	2
3585	3
3586	0
3587	1
3588	0
3589	3
3590	1
3591	3
3592	1
3593	3
3594	0
3595	3
3596	3
3597	0
3598	3
3599	0
3600	3
3601	0
3602	3
3603	2
3604	3
3605	0
3606	3
3607	0
3608	0
3609	1
3610	3
3611	3
3612	3
3613	1
3614	0
3615	3
3616	3
3617	3
3618	1
3619	2
3620	3
3621	3
3622	3
3623	3
3624	3
3625	3
3626	1
3627	0
3628	2
3629	3
3630	0
3631	3
3632	3
3633	3
3634	3
3635	2
3636	3
3637	3
3638	3
3639	3
3640	0
3641	3
3642	1
3643	3
3644	2
3645	2
3646	1
3647	3
3648	3
3649	2
3650	3
3651	3
3652	1
3653	1
3654	3
3655	3
3656	0
3657	0
3658	0
3659	1
3660	1
3661	2
3662	0
3663	3
3664	0
3665	3
3666	0
3667	0
3668	3
3669	3
3670	3
3671	3
3672	3
3673	1
3674	0
3675	3
3676	3
3677	3
3678	3
3679	3
3680	3
3681	3
3682	3
3683	3
3684	3
3685	3
3686	3
3687	1
3688	1
3689	3
3690	3
3691	0
3692	3
3693	3
3694	2
3695	3
3696	3
3697	3
3698	3
3699	3
3700	3
3701	3
3702	3
3703	3
3704	3
3705	0
3706	0
3707	3
3708	3
3709	3
3710	1
3711	3
3712	1
3713	2
3714	2
3715	2
3716	1
3717	3
3718	3
3719	3
3720	0
3721	3
3722	3
3723	2
3724	3
3725	3
3726	3
3727	0
3728	3
3729	3
3730	0
3731	0
3732	0
3733	0
3734	3
3735	3
3736	3
3737	2
3738	0
3739	3
3740	0
3741	3
3742	1
3743	1
3744	3
3745	1
3746	1
3747	0
3748	2
3749	3
3750	2
3751	3
3752	0
3753	3
3754	3
3755	2
3756	3
3757	1
3758	3
3759	3
3760	3
3761	3
3762	0
3763	3
3764	2
3765	3
3766	3
3767	3
3768	2
3769	3
3770	2
3771	3
3772	3
3773	3
3774	3
3775	3
3776	3
3777	2
3778	0
3779	2
3780	2
3781	3
3782	3
3783	0
3784	3
3785	3
3786	0
3787	0
3788	3
3789	0
3790	0
3791	3
3792	3
3793	0
3794	3
3795	0
3796	3
3797	3
3798	3
3799	3
3800	3
3801	1
3802	0
3803	3
3804	3
3805	3
3806	3
3807	1
3808	3
3809	3
3810	3
3811	0
3812	0
3813	3
3814	0
3815	3
3816	2
3817	3
3818	0
3819	0
3820	3
3821	0
3822	1
3823	0
3824	3
3825	3
3826	1
3827	0
3828	0
3829	3
3830	0
3831	3
3832	1
3833	3
3834	1
3835	2
3836	0
3837	0
3838	0
3839	3
3840	3
3841	1
3842	2
3843	0
3844	0
3845	0
3846	2
3847	0
3848	0
3849	0
3850	2
3851	0
3852	0
3853	0
3854	0
3855	3
3856	0
3857	0
3858	3
3859	0
3860	1
3861	0
3862	3
3863	3
3864	0
3865	0
3866	1
3867	3
3868	3
3869	0
3870	3
3871	0
3872	3
3873	3
3874	3
3875	2
3876	0
3877	0
3878	1
3879	3
3880	0
3881	2
3882	0
3883	3
3884	0
3885	0
3886	3
3887	1
3888	0
3889	0
3890	0
3891	3
3892	0
3893	0
3894	2
3895	3
3896	0
3897	2
3898	0
3899	0
3900	3
3901	0
3902	3
3903	1
3904	0
3905	3
3906	1
3907	0
3908	2
3909	2
3910	0
3911	0
3912	0
3913	0
3914	0
3915	3
3916	2
3917	2
3918	2
3919	3
3920	3
3921	3
3922	3
3923	3
3924	3
3925	0
3926	2
3927	0
3928	0
3929	3
3930	1
3931	3
3932	1
3933	1
3934	1
3935	3
3936	2
3937	3
3938	2
3939	2
3940	3
3941	3
3942	0
3943	2
3944	2
3945	3
3946	0
3947	0
3948	3
3949	0
3950	0
3951	2
3952	2
3953	0
3954	0
3955	2
3956	3
3957	3
3958	0
3959	3
3960	0
3961	0
3962	2
3963	3
3964	3
3965	3
3966	3
3967	1
3968	2
3969	0
3970	3
3971	3
3972	2
3973	2
3974	1
3975	2
3976	0
3977	3
3978	2
3979	3
3980	0
3981	0
3982	3
3983	3
3984	3
3985	3
3986	0
3987	0
3988	3
3989	0
3990	0
3991	2
3992	2
3993	1
3994	2
3995	3
3996	3
3997	2
3998	0
3999	3
4000	3
4001	1
4002	0
4003	3
4004	2
4005	0
4006	2
4007	2
4008	0
4009	3
4010	3
4011	2
4012	3
4013	3
4014	0
4015	3
4016	0
4017	0
4018	0
4019	3
4020	0
4021	0
4022	0
4023	0
4024	0
4025	0
4026	3
4027	0
4028	0
4029	0
4030	3
4031	2
4032	1
4033	0
4034	1
4035	0
4036	3
4037	2
4038	3
4039	3
4040	0
4041	3
4042	3
4043	3
4044	3
4045	3
4046	3
4047	3
4048	2
4049	1
4050	3
4051	0
4052	3
4053	3
4054	3
4055	3
4056	3
4057	0
4058	3
4059	2
4060	3
4061	3
4062	3
4063	3
4064	3
4065	3
4066	3
4067	3
4068	0
4069	2
4070	3
4071	3
4072	3
4073	3
4074	3
4075	3
4076	3
4077	3
4078	2
4079	3
4080	3
4081	3
4082	3
4083	0
4084	0
4085	3
4086	0
4087	0
4088	0
4089	0
4090	0
4091	1
4092	3
4093	3
4094	0
4095	0
