COMMAND
./sim gshare 11 7 ./proj2-traces/jpeg_trace.txt
OUTPUT
number of predictions:2000000
number of mispredictions:142608
misprediction rate:   7.13%
FINAL GSHARE CONTENTS
0	3
1	2
2	3
3	3
4	2
5	2
6	3
7	0
8	3
9	3
10	3
11	0
12	1
13	3
14	2
15	3
16	0
17	3
18	0
19	0
20	1
21	0
22	1
23	2
24	3
25	2
26	3
27	3
28	0
29	3
30	3
31	0
32	3
33	3
34	3
35	3
36	2
37	2
38	3
39	3
40	3
41	3
42	0
43	2
44	3
45	0
46	3
47	0
48	3
49	2
50	3
51	0
52	3
53	3
54	2
55	0
56	2
57	0
58	0
59	0
60	0
61	0
62	3
63	0
64	3
65	3
66	0
67	0
68	2
69	1
70	2
71	0
72	0
73	1
74	3
75	3
76	0
77	2
78	3
79	0
80	3
81	0
82	2
83	0
84	3
85	2
86	1
87	0
88	2
89	3
90	3
91	2
92	2
93	2
94	3
95	0
96	2
97	3
98	0
99	1
100	3
101	0
102	3
103	2
104	0
105	0
106	0
107	2
108	3
109	0
110	3
111	0
112	1
113	3
114	0
115	0
116	3
117	1
118	3
119	0
120	3
121	0
122	1
123	0
124	0
125	1
126	3
127	0
128	3
129	0
130	2
131	0
132	0
133	0
134	1
135	0
136	3
137	0
138	3
139	3
140	3
141	3
142	1
143	3
144	3
145	3
146	2
147	3
148	2
149	0
150	3
151	3
152	3
153	0
154	1
155	2
156	0
157	3
158	3
159	1
160	3
161	2
162	2
163	3
164	3
165	0
166	2
167	0
168	3
169	3
170	3
171	3
172	3
173	2
174	0
175	0
176	3
177	3
178	3
179	3
180	3
181	0
182	2
183	1
184	3
185	3
186	0
187	1
188	2
189	3
190	3
191	1
192	0
193	3
194	3
195	3
196	3
197	2
198	0
199	0
200	3
201	3
202	3
203	3
204	1
205	2
206	3
207	1
208	1
209	3
210	3
211	1
212	0
213	1
214	3
215	0
216	2
217	2
218	3
219	0
220	2
221	2
222	3
223	0
224	0
225	3
226	3
227	3
228	0
229	3
230	1
231	0
232	0
233	3
234	3
235	3
236	3
237	2
238	3
239	0
240	0
241	3
242	0
243	3
244	3
245	0
246	3
247	0
248	2
249	0
250	3
251	0
252	1
253	3
254	2
255	0
256	1
257	3
258	2
259	0
260	1
261	0
262	2
263	1
264	2
265	3
266	3
267	3
268	0
269	3
270	3
271	3
272	3
273	2
274	2
275	0
276	2
277	0
278	2
279	3
280	3
281	3
282	0
283	2
284	3
285	3
286	3
287	3
288	2
289	0
290	2
291	0
292	2
293	0
294	3
295	3
296	3
297	3
298	3
299	2
300	0
301	3
302	2
303	3
304	3
305	2
306	3
307	0
308	3
309	3
310	0
311	3
312	3
313	3
314	1
315	3
316	0
317	0
318	3
319	3
320	1
321	0
322	3
323	0
324	3
325	0
326	3
327	3
328	3
329	2
330	3
331	0
332	0
333	1
334	3
335	0
336	1
337	2
338	0
339	0
340	0
341	0
342	0
343	0
344	3
345	0
346	0
347	0
348	2
349	3
350	0
351	2
352	3
353	3
354	2
355	1
356	3
357	2
358	3
359	3
360	1
361	2
362	3
363	2
364	0
365	3
366	3
367	1
368	0
369	3
370	0
371	0
372	3
373	0
374	3
375	3
376	1
377	2
378	0
379	0
380	0
381	1
382	3
383	1
384	0
385	0
386	1
387	2
388	2
389	0
390	2
391	1
392	3
393	2
394	0
395	3
396	3
397	3
398	3
399	2
400	1
401	1
402	0
403	0
404	2
405	3
406	0
407	2
408	2
409	3
410	1
411	3
412	0
413	3
414	3
415	2
416	0
417	2
418	1
419	0
420	3
421	0
422	0
423	0
424	0
425	1
426	2
427	3
428	1
429	3
430	1
431	0
432	1
433	0
434	2
435	2
436	2
437	2
438	3
439	0
440	3
441	2
442	2
443	0
444	3
445	3
446	3
447	3
448	3
449	3
450	2
451	0
452	2
453	0
454	3
455	3
456	2
457	0
458	2
459	0
460	0
461	3
462	3
463	0
464	0
465	3
466	0
467	3
468	3
469	0
470	3
471	3
472	2
473	0
474	3
475	2
476	0
477	3
478	0
479	0
480	3
481	2
482	3
483	0
484	0
485	0
486	3
487	3
488	2
489	2
490	3
491	3
492	3
493	2
494	3
495	0
496	1
497	0
498	3
499	0
500	2
501	0
502	3
503	0
504	0
505	0
506	3
507	0
508	0
509	3
510	2
511	3
512	3
513	0
514	0
515	2
516	3
517	3
518	2
519	3
520	3
521	3
522	3
523	2
524	0
525	0
526	3
527	3
528	2
529	1
530	0
531	3
532	3
533	0
534	0
535	2
536	0
537	3
538	3
539	0
540	3
541	0
542	2
543	3
544	3
545	0
546	2
547	3
548	3
549	2
550	3
551	3
552	0
553	2
554	3
555	2
556	0
557	0
558	0
559	3
560	0
561	1
562	3
563	0
564	2
565	0
566	0
567	3
568	0
569	3
570	3
571	2
572	0
573	3
574	2
575	2
576	3
577	3
578	2
579	3
580	1
581	3
582	0
583	2
584	0
585	2
586	3
587	3
588	3
589	3
590	3
591	3
592	3
593	3
594	2
595	2
596	2
597	0
598	1
599	0
600	0
601	0
602	3
603	0
604	1
605	3
606	3
607	2
608	3
609	3
610	1
611	3
612	0
613	3
614	3
615	2
616	3
617	3
618	2
619	3
620	0
621	0
622	3
623	1
624	3
625	3
626	3
627	0
628	2
629	3
630	0
631	1
632	3
633	3
634	3
635	0
636	0
637	3
638	0
639	0
640	1
641	3
642	2
643	2
644	3
645	2
646	3
647	3
648	3
649	2
650	2
651	0
652	0
653	0
654	0
655	0
656	1
657	2
658	1
659	0
660	3
661	3
662	3
663	3
664	3
665	3
666	3
667	3
668	0
669	0
670	3
671	1
672	3
673	3
674	0
675	3
676	0
677	3
678	0
679	3
680	0
681	3
682	3
683	3
684	2
685	3
686	3
687	3
688	0
689	3
690	2
691	3
692	1
693	3
694	3
695	3
696	2
697	3
698	3
699	3
700	3
701	0
702	3
703	0
704	3
705	3
706	3
707	3
708	2
709	2
710	3
711	0
712	0
713	0
714	3
715	2
716	0
717	3
718	3
719	0
720	3
721	3
722	0
723	3
724	0
725	2
726	2
727	1
728	3
729	3
730	2
731	3
732	2
733	0
734	0
735	0
736	3
737	2
738	3
739	2
740	0
741	2
742	0
743	3
744	3
745	0
746	3
747	3
748	0
749	3
750	3
751	1
752	3
753	3
754	2
755	3
756	3
757	3
758	2
759	3
760	3
761	3
762	2
763	3
764	3
765	0
766	3
767	1
768	2
769	0
770	3
771	0
772	3
773	1
774	3
775	3
776	3
777	2
778	2
779	3
780	2
781	1
782	0
783	0
784	3
785	0
786	1
787	0
788	2
789	3
790	1
791	3
792	1
793	3
794	3
795	2
796	1
797	3
798	1
799	1
800	3
801	1
802	3
803	3
804	0
805	3
806	0
807	3
808	3
809	0
810	3
811	3
812	2
813	3
814	3
815	0
816	2
817	3
818	2
819	3
820	2
821	2
822	3
823	3
824	3
825	3
826	0
827	3
828	3
829	0
830	0
831	1
832	3
833	2
834	0
835	3
836	3
837	0
838	1
839	3
840	2
841	3
842	1
843	0
844	0
845	0
846	1
847	0
848	3
849	2
850	0
851	3
852	0
853	0
854	0
855	3
856	0
857	3
858	2
859	2
860	0
861	3
862	2
863	3
864	0
865	2
866	3
867	0
868	0
869	0
870	0
871	0
872	3
873	0
874	0
875	2
876	0
877	3
878	0
879	2
880	3
881	0
882	0
883	3
884	2
885	0
886	2
887	3
888	0
889	0
890	3
891	0
892	0
893	0
894	2
895	3
896	3
897	3
898	2
899	0
900	0
901	0
902	0
903	3
904	3
905	0
906	3
907	0
908	0
909	0
910	0
911	0
912	2
913	3
914	0
915	3
916	0
917	1
918	2
919	3
920	3
921	1
922	3
923	2
924	2
925	3
926	0
927	0
928	3
929	3
930	3
931	0
932	0
933	3
934	1
935	3
936	2
937	0
938	3
939	3
940	1
941	0
942	0
943	1
944	3
945	3
946	3
947	3
948	0
949	0
950	2
951	2
952	2
953	0
954	3
955	2
956	2
957	3
958	0
959	0
960	3
961	3
962	0
963	2
964	2
965	0
966	0
967	3
968	2
969	0
970	3
971	2
972	0
973	3
974	1
975	0
976	1
977	3
978	0
979	2
980	0
981	1
982	3
983	0
984	3
985	0
986	3
987	3
988	0
989	2
990	1
991	0
992	3
993	3
994	0
995	3
996	3
997	0
998	3
999	0
1000	3
1001	0
1002	3
1003	0
1004	1
1005	1
1006	3
1007	3
1008	0
1009	3
1010	0
1011	0
1012	1
1013	1
1014	1
1015	3
1016	2
1017	3
1018	3
1019	1
1020	2
1021	0
1022	3
1023	3
1024	1
1025	2
1026	0
1027	0
1028	3
1029	2
1030	3
1031	3
1032	3
1033	2
1034	3
1035	0
1036	3
1037	3
1038	0
1039	1
1040	1
1041	1
1042	3
1043	2
1044	3
1045	0
1046	3
1047	3
1048	2
1049	3
1050	3
1051	0
1052	2
1053	3
1054	3
1055	3
1056	3
1057	3
1058	3
1059	2
1060	1
1061	0
1062	1
1063	3
1064	3
1065	3
1066	2
1067	0
1068	2
1069	3
1070	3
1071	0
1072	3
1073	3
1074	0
1075	3
1076	0
1077	2
1078	1
1079	2
1080	3
1081	1
1082	3
1083	0
1084	3
1085	3
1086	2
1087	3
1088	3
1089	1
1090	3
1091	2
1092	1
1093	0
1094	0
1095	3
1096	3
1097	0
1098	3
1099	0
1100	0
1101	3
1102	3
1103	3
1104	3
1105	0
1106	3
1107	2
1108	0
1109	2
1110	3
1111	3
1112	3
1113	3
1114	3
1115	1
1116	2
1117	1
1118	3
1119	3
1120	2
1121	0
1122	0
1123	3
1124	2
1125	0
1126	2
1127	3
1128	0
1129	3
1130	3
1131	2
1132	3
1133	0
1134	3
1135	3
1136	3
1137	2
1138	0
1139	0
1140	3
1141	0
1142	2
1143	3
1144	0
1145	3
1146	3
1147	0
1148	2
1149	3
1150	3
1151	0
1152	3
1153	3
1154	3
1155	0
1156	3
1157	0
1158	1
1159	1
1160	3
1161	3
1162	3
1163	3
1164	0
1165	2
1166	3
1167	3
1168	3
1169	0
1170	3
1171	1
1172	0
1173	0
1174	2
1175	3
1176	0
1177	2
1178	3
1179	1
1180	3
1181	0
1182	3
1183	2
1184	3
1185	3
1186	0
1187	0
1188	0
1189	0
1190	0
1191	3
1192	3
1193	2
1194	2
1195	3
1196	1
1197	2
1198	3
1199	0
1200	3
1201	0
1202	1
1203	3
1204	3
1205	3
1206	2
1207	3
1208	3
1209	3
1210	3
1211	0
1212	0
1213	0
1214	3
1215	1
1216	3
1217	1
1218	3
1219	0
1220	1
1221	3
1222	3
1223	3
1224	3
1225	3
1226	3
1227	3
1228	3
1229	2
1230	3
1231	2
1232	3
1233	3
1234	0
1235	2
1236	0
1237	0
1238	0
1239	0
1240	3
1241	1
1242	3
1243	2
1244	0
1245	1
1246	3
1247	0
1248	3
1249	2
1250	1
1251	2
1252	3
1253	2
1254	1
1255	3
1256	0
1257	1
1258	3
1259	3
1260	2
1261	1
1262	3
1263	0
1264	3
1265	3
1266	0
1267	3
1268	2
1269	2
1270	0
1271	3
1272	3
1273	2
1274	3
1275	3
1276	0
1277	2
1278	3
1279	3
1280	3
1281	3
1282	3
1283	0
1284	3
1285	2
1286	3
1287	3
1288	2
1289	1
1290	3
1291	3
1292	0
1293	3
1294	2
1295	2
1296	3
1297	0
1298	2
1299	3
1300	0
1301	3
1302	3
1303	3
1304	3
1305	1
1306	3
1307	1
1308	3
1309	3
1310	2
1311	0
1312	3
1313	0
1314	2
1315	3
1316	0
1317	0
1318	3
1319	3
1320	3
1321	3
1322	3
1323	3
1324	3
1325	3
1326	0
1327	0
1328	3
1329	1
1330	0
1331	0
1332	3
1333	1
1334	0
1335	0
1336	2
1337	3
1338	3
1339	1
1340	0
1341	2
1342	3
1343	1
1344	3
1345	2
1346	0
1347	2
1348	2
1349	3
1350	2
1351	3
1352	3
1353	2
1354	3
1355	2
1356	1
1357	3
1358	3
1359	0
1360	2
1361	2
1362	2
1363	0
1364	2
1365	0
1366	0
1367	3
1368	2
1369	3
1370	3
1371	1
1372	0
1373	3
1374	1
1375	0
1376	3
1377	3
1378	3
1379	0
1380	3
1381	3
1382	3
1383	2
1384	3
1385	1
1386	3
1387	3
1388	3
1389	3
1390	2
1391	3
1392	1
1393	3
1394	3
1395	3
1396	3
1397	0
1398	3
1399	3
1400	3
1401	2
1402	3
1403	0
1404	2
1405	3
1406	3
1407	2
1408	1
1409	0
1410	1
1411	0
1412	3
1413	0
1414	3
1415	0
1416	3
1417	3
1418	0
1419	0
1420	0
1421	3
1422	3
1423	3
1424	3
1425	3
1426	2
1427	1
1428	0
1429	2
1430	3
1431	1
1432	3
1433	3
1434	3
1435	1
1436	3
1437	2
1438	3
1439	0
1440	3
1441	3
1442	3
1443	3
1444	0
1445	1
1446	3
1447	0
1448	3
1449	3
1450	2
1451	3
1452	3
1453	3
1454	3
1455	1
1456	1
1457	0
1458	0
1459	3
1460	1
1461	2
1462	3
1463	3
1464	3
1465	3
1466	3
1467	0
1468	3
1469	3
1470	3
1471	0
1472	3
1473	1
1474	0
1475	1
1476	3
1477	3
1478	3
1479	2
1480	0
1481	3
1482	3
1483	3
1484	0
1485	3
1486	3
1487	0
1488	2
1489	3
1490	0
1491	2
1492	0
1493	2
1494	2
1495	3
1496	3
1497	0
1498	2
1499	2
1500	1
1501	3
1502	3
1503	0
1504	2
1505	3
1506	3
1507	2
1508	3
1509	2
1510	1
1511	3
1512	0
1513	3
1514	0
1515	0
1516	0
1517	3
1518	3
1519	1
1520	3
1521	0
1522	3
1523	0
1524	3
1525	2
1526	2
1527	3
1528	0
1529	3
1530	2
1531	1
1532	0
1533	3
1534	2
1535	2
1536	3
1537	3
1538	3
1539	2
1540	0
1541	0
1542	0
1543	3
1544	0
1545	3
1546	0
1547	3
1548	1
1549	3
1550	0
1551	3
1552	3
1553	3
1554	3
1555	3
1556	3
1557	0
1558	2
1559	3
1560	3
1561	0
1562	3
1563	0
1564	3
1565	1
1566	1
1567	2
1568	3
1569	3
1570	3
1571	0
1572	0
1573	0
1574	0
1575	1
1576	3
1577	0
1578	3
1579	2
1580	3
1581	2
1582	3
1583	3
1584	3
1585	2
1586	3
1587	3
1588	3
1589	0
1590	3
1591	3
1592	3
1593	0
1594	2
1595	0
1596	3
1597	2
1598	2
1599	0
1600	3
1601	2
1602	2
1603	3
1604	1
1605	0
1606	3
1607	3
1608	3
1609	3
1610	0
1611	3
1612	3
1613	0
1614	3
1615	3
1616	3
1617	3
1618	3
1619	3
1620	0
1621	0
1622	2
1623	3
1624	3
1625	3
1626	1
1627	3
1628	3
1629	0
1630	3
1631	3
1632	2
1633	2
1634	0
1635	3
1636	0
1637	0
1638	2
1639	0
1640	2
1641	3
1642	1
1643	2
1644	3
1645	0
1646	2
1647	3
1648	0
1649	2
1650	0
1651	3
1652	0
1653	0
1654	3
1655	3
1656	3
1657	3
1658	1
1659	0
1660	3
1661	3
1662	2
1663	3
1664	3
1665	0
1666	3
1667	3
1668	3
1669	2
1670	3
1671	3
1672	2
1673	2
1674	3
1675	3
1676	3
1677	3
1678	2
1679	3
1680	3
1681	3
1682	3
1683	2
1684	3
1685	3
1686	3
1687	3
1688	3
1689	3
1690	3
1691	3
1692	3
1693	2
1694	2
1695	0
1696	3
1697	2
1698	3
1699	0
1700	2
1701	0
1702	3
1703	3
1704	3
1705	1
1706	3
1707	3
1708	3
1709	3
1710	1
1711	0
1712	3
1713	3
1714	3
1715	0
1716	2
1717	2
1718	2
1719	3
1720	3
1721	3
1722	1
1723	3
1724	3
1725	3
1726	3
1727	3
1728	3
1729	0
1730	3
1731	2
1732	1
1733	3
1734	3
1735	3
1736	3
1737	3
1738	3
1739	3
1740	3
1741	3
1742	3
1743	3
1744	3
1745	3
1746	3
1747	3
1748	2
1749	3
1750	2
1751	3
1752	2
1753	3
1754	0
1755	0
1756	3
1757	2
1758	2
1759	2
1760	0
1761	3
1762	2
1763	3
1764	2
1765	3
1766	0
1767	3
1768	3
1769	3
1770	2
1771	3
1772	3
1773	2
1774	3
1775	0
1776	3
1777	2
1778	3
1779	0
1780	3
1781	2
1782	3
1783	0
1784	0
1785	3
1786	3
1787	0
1788	3
1789	2
1790	3
1791	3
1792	3
1793	3
1794	3
1795	0
1796	2
1797	3
1798	3
1799	3
1800	3
1801	0
1802	1
1803	3
1804	3
1805	3
1806	3
1807	2
1808	3
1809	0
1810	0
1811	2
1812	1
1813	3
1814	2
1815	3
1816	3
1817	2
1818	3
1819	2
1820	3
1821	0
1822	3
1823	3
1824	3
1825	0
1826	3
1827	0
1828	1
1829	0
1830	2
1831	3
1832	0
1833	3
1834	3
1835	3
1836	2
1837	1
1838	3
1839	2
1840	3
1841	0
1842	0
1843	0
1844	0
1845	3
1846	3
1847	3
1848	3
1849	3
1850	3
1851	3
1852	3
1853	2
1854	3
1855	2
1856	3
1857	2
1858	0
1859	3
1860	3
1861	3
1862	2
1863	0
1864	3
1865	3
1866	3
1867	3
1868	0
1869	1
1870	3
1871	3
1872	3
1873	0
1874	3
1875	0
1876	2
1877	0
1878	3
1879	3
1880	1
1881	3
1882	3
1883	3
1884	3
1885	2
1886	3
1887	1
1888	3
1889	3
1890	2
1891	3
1892	3
1893	3
1894	3
1895	0
1896	2
1897	1
1898	3
1899	2
1900	3
1901	0
1902	2
1903	2
1904	2
1905	0
1906	0
1907	2
1908	3
1909	2
1910	3
1911	0
1912	3
1913	1
1914	3
1915	3
1916	3
1917	3
1918	1
1919	3
1920	3
1921	2
1922	2
1923	1
1924	3
1925	0
1926	3
1927	3
1928	3
1929	0
1930	3
1931	3
1932	3
1933	2
1934	3
1935	3
1936	3
1937	3
1938	3
1939	0
1940	2
1941	1
1942	3
1943	2
1944	3
1945	3
1946	3
1947	0
1948	3
1949	3
1950	3
1951	3
1952	3
1953	3
1954	3
1955	0
1956	0
1957	0
1958	3
1959	3
1960	3
1961	2
1962	2
1963	2
1964	1
1965	3
1966	2
1967	0
1968	3
1969	0
1970	3
1971	3
1972	3
1973	0
1974	3
1975	3
1976	3
1977	3
1978	3
1979	3
1980	2
1981	3
1982	3
1983	3
1984	3
1985	3
1986	3
1987	2
1988	2
1989	1
1990	2
1991	3
1992	3
1993	0
1994	3
1995	3
1996	0
1997	0
1998	3
1999	3
2000	3
2001	3
2002	2
2003	0
2004	3
2005	3
2006	3
2007	2
2008	3
2009	3
2010	3
2011	3
2012	1
2013	2
2014	3
2015	0
2016	2
2017	3
2018	3
2019	0
2020	2
2021	0
2022	1
2023	3
2024	2
2025	3
2026	3
2027	3
2028	3
2029	3
2030	3
2031	3
2032	3
2033	1
2034	3
2035	1
2036	0
2037	0
2038	2
2039	3
2040	0
2041	1
2042	3
2043	2
2044	0
2045	3
2046	3
2047	1
