COMMAND
./sim gshare 12 6 ./proj2-traces/jpeg_trace.txt
OUTPUT
number of predictions:2000000
number of mispredictions:143752
misprediction rate:   7.19%
FINAL GSHARE CONTENTS
0	3
1	2
2	3
3	2
4	0
5	0
6	2
7	2
8	2
9	1
10	2
11	2
12	1
13	0
14	3
15	2
16	3
17	3
18	2
19	3
20	2
21	2
22	2
23	2
24	3
25	3
26	2
27	0
28	3
29	0
30	2
31	0
32	0
33	3
34	3
35	3
36	2
37	2
38	3
39	3
40	2
41	3
42	3
43	0
44	2
45	2
46	0
47	3
48	0
49	0
50	3
51	0
52	3
53	0
54	0
55	3
56	2
57	0
58	2
59	1
60	2
61	2
62	3
63	2
64	3
65	2
66	0
67	3
68	0
69	0
70	3
71	2
72	2
73	0
74	2
75	0
76	0
77	2
78	2
79	2
80	3
81	3
82	2
83	2
84	2
85	0
86	3
87	2
88	2
89	2
90	3
91	0
92	0
93	2
94	2
95	3
96	1
97	2
98	3
99	0
100	2
101	1
102	3
103	3
104	3
105	3
106	3
107	3
108	1
109	1
110	2
111	3
112	3
113	0
114	0
115	3
116	3
117	2
118	2
119	2
120	0
121	3
122	3
123	2
124	3
125	0
126	3
127	2
128	3
129	0
130	3
131	0
132	0
133	2
134	2
135	3
136	3
137	3
138	2
139	0
140	0
141	0
142	2
143	2
144	3
145	2
146	2
147	3
148	0
149	3
150	2
151	3
152	2
153	1
154	2
155	3
156	3
157	3
158	3
159	3
160	3
161	3
162	2
163	1
164	2
165	3
166	0
167	2
168	0
169	3
170	2
171	2
172	0
173	3
174	3
175	3
176	2
177	2
178	0
179	2
180	2
181	0
182	2
183	3
184	0
185	0
186	3
187	1
188	0
189	3
190	2
191	0
192	2
193	0
194	3
195	2
196	2
197	2
198	2
199	3
200	1
201	1
202	2
203	0
204	1
205	3
206	0
207	0
208	3
209	3
210	2
211	0
212	3
213	0
214	2
215	3
216	3
217	0
218	3
219	2
220	3
221	3
222	2
223	0
224	1
225	2
226	2
227	2
228	2
229	2
230	2
231	2
232	2
233	2
234	0
235	3
236	3
237	3
238	2
239	3
240	1
241	2
242	2
243	2
244	3
245	2
246	1
247	3
248	0
249	2
250	3
251	3
252	2
253	3
254	3
255	1
256	3
257	3
258	2
259	0
260	2
261	3
262	3
263	3
264	3
265	2
266	3
267	2
268	3
269	0
270	2
271	2
272	3
273	2
274	0
275	0
276	3
277	2
278	2
279	3
280	3
281	3
282	3
283	0
284	2
285	3
286	2
287	1
288	3
289	2
290	3
291	0
292	0
293	2
294	3
295	3
296	2
297	3
298	2
299	3
300	2
301	0
302	3
303	3
304	0
305	2
306	0
307	0
308	2
309	1
310	2
311	0
312	1
313	0
314	2
315	0
316	2
317	3
318	3
319	1
320	2
321	3
322	3
323	2
324	2
325	3
326	2
327	3
328	3
329	2
330	3
331	1
332	3
333	3
334	2
335	3
336	3
337	2
338	2
339	0
340	0
341	0
342	3
343	2
344	2
345	1
346	3
347	0
348	3
349	2
350	2
351	0
352	0
353	3
354	3
355	0
356	2
357	0
358	3
359	3
360	2
361	3
362	1
363	2
364	1
365	0
366	3
367	3
368	0
369	0
370	0
371	0
372	3
373	0
374	0
375	3
376	0
377	2
378	3
379	1
380	2
381	0
382	0
383	0
384	2
385	1
386	0
387	2
388	2
389	3
390	0
391	3
392	3
393	3
394	3
395	3
396	3
397	2
398	2
399	0
400	0
401	2
402	2
403	3
404	3
405	0
406	2
407	2
408	2
409	0
410	2
411	0
412	3
413	2
414	2
415	0
416	3
417	3
418	0
419	3
420	0
421	2
422	3
423	3
424	2
425	3
426	2
427	2
428	3
429	0
430	3
431	3
432	2
433	2
434	1
435	2
436	3
437	1
438	2
439	2
440	3
441	0
442	3
443	3
444	0
445	2
446	3
447	1
448	2
449	0
450	3
451	3
452	2
453	3
454	2
455	3
456	3
457	1
458	0
459	1
460	2
461	0
462	3
463	3
464	3
465	0
466	2
467	3
468	2
469	1
470	2
471	0
472	3
473	3
474	3
475	2
476	3
477	3
478	2
479	2
480	3
481	2
482	2
483	0
484	0
485	2
486	3
487	3
488	2
489	2
490	2
491	2
492	2
493	0
494	2
495	3
496	2
497	0
498	0
499	3
500	3
501	1
502	2
503	3
504	2
505	2
506	3
507	2
508	3
509	3
510	0
511	0
512	3
513	2
514	3
515	2
516	2
517	0
518	3
519	3
520	2
521	3
522	2
523	0
524	2
525	1
526	3
527	0
528	3
529	2
530	3
531	3
532	0
533	2
534	2
535	3
536	3
537	3
538	3
539	0
540	1
541	2
542	3
543	2
544	1
545	2
546	3
547	0
548	2
549	2
550	0
551	2
552	1
553	3
554	2
555	2
556	2
557	0
558	3
559	2
560	2
561	2
562	0
563	0
564	3
565	0
566	2
567	2
568	1
569	2
570	3
571	3
572	1
573	3
574	3
575	0
576	2
577	3
578	3
579	3
580	0
581	2
582	2
583	2
584	0
585	3
586	2
587	0
588	3
589	3
590	2
591	3
592	3
593	2
594	2
595	1
596	3
597	0
598	2
599	2
600	0
601	3
602	3
603	0
604	3
605	3
606	2
607	3
608	2
609	3
610	2
611	2
612	0
613	3
614	3
615	3
616	3
617	3
618	2
619	3
620	2
621	0
622	3
623	0
624	1
625	2
626	0
627	0
628	1
629	0
630	3
631	2
632	3
633	2
634	3
635	3
636	0
637	1
638	3
639	0
640	3
641	2
642	1
643	2
644	3
645	3
646	2
647	3
648	2
649	3
650	2
651	0
652	2
653	0
654	3
655	2
656	3
657	2
658	2
659	3
660	3
661	2
662	3
663	2
664	2
665	2
666	2
667	0
668	2
669	2
670	3
671	3
672	1
673	1
674	2
675	0
676	2
677	0
678	3
679	3
680	1
681	2
682	3
683	2
684	2
685	0
686	3
687	2
688	3
689	2
690	0
691	2
692	3
693	2
694	2
695	0
696	2
697	2
698	3
699	3
700	2
701	3
702	3
703	2
704	2
705	2
706	3
707	2
708	2
709	3
710	2
711	3
712	3
713	3
714	2
715	1
716	3
717	0
718	2
719	0
720	3
721	3
722	2
723	3
724	3
725	3
726	2
727	2
728	0
729	2
730	3
731	0
732	3
733	0
734	2
735	2
736	0
737	2
738	2
739	0
740	2
741	1
742	3
743	2
744	2
745	1
746	2
747	2
748	3
749	1
750	3
751	3
752	1
753	1
754	0
755	2
756	0
757	2
758	2
759	0
760	0
761	0
762	2
763	3
764	0
765	3
766	3
767	3
768	2
769	0
770	3
771	3
772	2
773	0
774	3
775	3
776	0
777	3
778	2
779	0
780	3
781	3
782	3
783	2
784	3
785	2
786	2
787	0
788	3
789	3
790	2
791	3
792	3
793	3
794	2
795	3
796	2
797	3
798	3
799	2
800	3
801	3
802	3
803	0
804	2
805	2
806	3
807	2
808	2
809	3
810	2
811	2
812	2
813	2
814	3
815	3
816	3
817	1
818	0
819	2
820	3
821	3
822	0
823	1
824	0
825	3
826	2
827	2
828	1
829	2
830	0
831	0
832	2
833	0
834	3
835	2
836	2
837	0
838	3
839	3
840	3
841	0
842	2
843	2
844	2
845	2
846	2
847	0
848	2
849	2
850	2
851	3
852	3
853	2
854	3
855	2
856	0
857	2
858	2
859	2
860	3
861	2
862	2
863	2
864	3
865	2
866	0
867	0
868	2
869	2
870	0
871	2
872	2
873	3
874	3
875	0
876	2
877	2
878	3
879	3
880	3
881	2
882	3
883	0
884	3
885	1
886	3
887	3
888	1
889	2
890	3
891	3
892	2
893	2
894	2
895	1
896	0
897	3
898	2
899	3
900	0
901	0
902	3
903	3
904	3
905	3
906	0
907	1
908	0
909	3
910	3
911	3
912	3
913	2
914	0
915	2
916	0
917	0
918	2
919	3
920	0
921	0
922	3
923	3
924	0
925	0
926	2
927	2
928	3
929	3
930	0
931	1
932	3
933	2
934	2
935	0
936	3
937	3
938	2
939	2
940	3
941	0
942	2
943	2
944	0
945	0
946	0
947	2
948	3
949	0
950	0
951	2
952	2
953	2
954	3
955	2
956	0
957	3
958	2
959	0
960	0
961	2
962	2
963	2
964	0
965	0
966	3
967	3
968	3
969	0
970	2
971	1
972	3
973	2
974	2
975	1
976	3
977	3
978	2
979	2
980	3
981	0
982	2
983	0
984	2
985	3
986	3
987	0
988	3
989	2
990	3
991	0
992	0
993	2
994	0
995	0
996	3
997	3
998	3
999	2
1000	2
1001	3
1002	3
1003	0
1004	1
1005	0
1006	3
1007	3
1008	2
1009	2
1010	1
1011	2
1012	3
1013	2
1014	1
1015	3
1016	2
1017	0
1018	3
1019	2
1020	0
1021	0
1022	1
1023	0
1024	3
1025	0
1026	2
1027	1
1028	2
1029	2
1030	2
1031	3
1032	3
1033	3
1034	2
1035	3
1036	3
1037	3
1038	3
1039	2
1040	3
1041	2
1042	2
1043	0
1044	3
1045	0
1046	2
1047	3
1048	2
1049	3
1050	0
1051	0
1052	2
1053	0
1054	0
1055	2
1056	3
1057	2
1058	2
1059	2
1060	2
1061	2
1062	3
1063	3
1064	2
1065	3
1066	2
1067	3
1068	0
1069	3
1070	2
1071	0
1072	2
1073	2
1074	2
1075	0
1076	2
1077	3
1078	3
1079	2
1080	3
1081	0
1082	2
1083	2
1084	2
1085	2
1086	3
1087	1
1088	0
1089	3
1090	0
1091	0
1092	2
1093	0
1094	2
1095	3
1096	3
1097	3
1098	3
1099	1
1100	2
1101	3
1102	0
1103	0
1104	3
1105	3
1106	0
1107	0
1108	1
1109	3
1110	2
1111	2
1112	2
1113	0
1114	3
1115	0
1116	0
1117	0
1118	3
1119	3
1120	3
1121	3
1122	2
1123	1
1124	3
1125	0
1126	2
1127	2
1128	2
1129	2
1130	1
1131	3
1132	2
1133	0
1134	2
1135	0
1136	2
1137	3
1138	3
1139	0
1140	2
1141	3
1142	2
1143	0
1144	3
1145	1
1146	2
1147	3
1148	2
1149	3
1150	3
1151	3
1152	3
1153	3
1154	0
1155	3
1156	0
1157	2
1158	0
1159	3
1160	3
1161	3
1162	3
1163	0
1164	3
1165	3
1166	2
1167	0
1168	2
1169	2
1170	2
1171	3
1172	2
1173	3
1174	2
1175	2
1176	2
1177	2
1178	2
1179	0
1180	2
1181	2
1182	0
1183	0
1184	3
1185	0
1186	2
1187	0
1188	0
1189	0
1190	3
1191	2
1192	2
1193	2
1194	2
1195	3
1196	0
1197	0
1198	2
1199	2
1200	2
1201	2
1202	3
1203	1
1204	2
1205	3
1206	0
1207	3
1208	0
1209	3
1210	2
1211	0
1212	2
1213	3
1214	3
1215	2
1216	2
1217	1
1218	3
1219	0
1220	3
1221	0
1222	2
1223	3
1224	3
1225	2
1226	3
1227	3
1228	3
1229	3
1230	2
1231	2
1232	2
1233	2
1234	1
1235	3
1236	2
1237	2
1238	2
1239	2
1240	2
1241	2
1242	3
1243	0
1244	0
1245	2
1246	1
1247	3
1248	3
1249	3
1250	0
1251	2
1252	0
1253	0
1254	3
1255	2
1256	2
1257	2
1258	2
1259	2
1260	2
1261	2
1262	3
1263	3
1264	2
1265	3
1266	1
1267	0
1268	3
1269	2
1270	0
1271	0
1272	3
1273	1
1274	2
1275	3
1276	2
1277	3
1278	3
1279	3
1280	2
1281	3
1282	0
1283	3
1284	0
1285	3
1286	2
1287	3
1288	3
1289	0
1290	3
1291	2
1292	0
1293	2
1294	2
1295	0
1296	3
1297	2
1298	2
1299	3
1300	2
1301	3
1302	2
1303	2
1304	3
1305	0
1306	3
1307	0
1308	3
1309	0
1310	2
1311	3
1312	3
1313	2
1314	2
1315	2
1316	3
1317	0
1318	2
1319	0
1320	3
1321	2
1322	2
1323	0
1324	0
1325	2
1326	2
1327	2
1328	2
1329	0
1330	3
1331	2
1332	0
1333	3
1334	2
1335	2
1336	3
1337	0
1338	3
1339	2
1340	3
1341	0
1342	3
1343	0
1344	2
1345	2
1346	3
1347	2
1348	2
1349	2
1350	3
1351	2
1352	3
1353	3
1354	3
1355	1
1356	0
1357	3
1358	2
1359	2
1360	3
1361	3
1362	2
1363	1
1364	0
1365	2
1366	2
1367	0
1368	2
1369	0
1370	2
1371	0
1372	0
1373	2
1374	1
1375	3
1376	3
1377	0
1378	0
1379	0
1380	0
1381	3
1382	0
1383	0
1384	0
1385	3
1386	3
1387	3
1388	3
1389	2
1390	2
1391	0
1392	2
1393	0
1394	0
1395	3
1396	3
1397	2
1398	3
1399	2
1400	3
1401	2
1402	3
1403	3
1404	2
1405	2
1406	3
1407	2
1408	3
1409	2
1410	3
1411	2
1412	0
1413	3
1414	0
1415	2
1416	3
1417	0
1418	3
1419	1
1420	3
1421	2
1422	2
1423	0
1424	2
1425	2
1426	2
1427	3
1428	3
1429	3
1430	2
1431	0
1432	3
1433	0
1434	3
1435	0
1436	0
1437	2
1438	2
1439	3
1440	2
1441	3
1442	0
1443	3
1444	2
1445	2
1446	3
1447	2
1448	2
1449	2
1450	0
1451	3
1452	2
1453	2
1454	2
1455	0
1456	2
1457	2
1458	0
1459	2
1460	3
1461	0
1462	0
1463	2
1464	3
1465	3
1466	3
1467	2
1468	0
1469	0
1470	1
1471	0
1472	2
1473	0
1474	3
1475	2
1476	0
1477	3
1478	3
1479	3
1480	2
1481	3
1482	3
1483	0
1484	1
1485	3
1486	0
1487	0
1488	3
1489	3
1490	2
1491	3
1492	3
1493	0
1494	0
1495	3
1496	0
1497	2
1498	1
1499	0
1500	0
1501	2
1502	2
1503	3
1504	3
1505	1
1506	1
1507	2
1508	2
1509	2
1510	2
1511	2
1512	2
1513	2
1514	2
1515	2
1516	2
1517	2
1518	3
1519	2
1520	3
1521	3
1522	3
1523	3
1524	3
1525	2
1526	2
1527	0
1528	3
1529	3
1530	3
1531	3
1532	3
1533	3
1534	3
1535	0
1536	2
1537	3
1538	3
1539	0
1540	0
1541	0
1542	2
1543	3
1544	3
1545	2
1546	2
1547	3
1548	3
1549	3
1550	3
1551	2
1552	3
1553	2
1554	2
1555	3
1556	2
1557	2
1558	2
1559	3
1560	2
1561	3
1562	0
1563	2
1564	3
1565	2
1566	3
1567	3
1568	3
1569	2
1570	3
1571	0
1572	2
1573	2
1574	2
1575	2
1576	2
1577	1
1578	3
1579	0
1580	3
1581	0
1582	2
1583	2
1584	2
1585	0
1586	3
1587	2
1588	0
1589	1
1590	3
1591	3
1592	3
1593	2
1594	2
1595	3
1596	0
1597	2
1598	3
1599	2
1600	3
1601	0
1602	1
1603	0
1604	1
1605	2
1606	2
1607	3
1608	3
1609	3
1610	2
1611	3
1612	0
1613	3
1614	3
1615	0
1616	3
1617	3
1618	0
1619	3
1620	2
1621	2
1622	2
1623	3
1624	0
1625	0
1626	3
1627	3
1628	2
1629	2
1630	2
1631	2
1632	3
1633	3
1634	3
1635	2
1636	2
1637	2
1638	3
1639	2
1640	2
1641	3
1642	2
1643	2
1644	3
1645	2
1646	2
1647	0
1648	2
1649	0
1650	0
1651	2
1652	3
1653	3
1654	3
1655	3
1656	3
1657	2
1658	3
1659	3
1660	3
1661	2
1662	3
1663	2
1664	3
1665	0
1666	2
1667	2
1668	0
1669	3
1670	2
1671	3
1672	1
1673	3
1674	2
1675	3
1676	3
1677	3
1678	3
1679	2
1680	0
1681	3
1682	2
1683	0
1684	1
1685	0
1686	2
1687	2
1688	2
1689	0
1690	3
1691	3
1692	3
1693	2
1694	1
1695	2
1696	2
1697	0
1698	3
1699	3
1700	2
1701	0
1702	3
1703	3
1704	2
1705	0
1706	2
1707	3
1708	2
1709	0
1710	3
1711	2
1712	1
1713	2
1714	2
1715	2
1716	2
1717	3
1718	3
1719	0
1720	3
1721	0
1722	0
1723	3
1724	0
1725	3
1726	3
1727	0
1728	3
1729	2
1730	0
1731	2
1732	3
1733	2
1734	2
1735	2
1736	3
1737	2
1738	2
1739	3
1740	3
1741	3
1742	3
1743	3
1744	0
1745	2
1746	2
1747	2
1748	2
1749	2
1750	2
1751	3
1752	2
1753	2
1754	2
1755	3
1756	3
1757	2
1758	2
1759	2
1760	2
1761	2
1762	0
1763	3
1764	2
1765	0
1766	3
1767	1
1768	1
1769	3
1770	2
1771	2
1772	1
1773	0
1774	2
1775	2
1776	1
1777	2
1778	2
1779	2
1780	2
1781	0
1782	0
1783	2
1784	3
1785	1
1786	2
1787	3
1788	3
1789	3
1790	3
1791	0
1792	3
1793	3
1794	3
1795	2
1796	0
1797	3
1798	2
1799	3
1800	1
1801	2
1802	2
1803	3
1804	1
1805	3
1806	3
1807	3
1808	0
1809	2
1810	2
1811	2
1812	0
1813	3
1814	2
1815	0
1816	0
1817	3
1818	3
1819	3
1820	0
1821	2
1822	2
1823	3
1824	1
1825	2
1826	3
1827	2
1828	2
1829	3
1830	3
1831	3
1832	2
1833	3
1834	2
1835	2
1836	0
1837	2
1838	2
1839	2
1840	3
1841	2
1842	0
1843	2
1844	3
1845	3
1846	2
1847	2
1848	2
1849	0
1850	3
1851	3
1852	3
1853	3
1854	3
1855	0
1856	2
1857	2
1858	3
1859	1
1860	0
1861	1
1862	3
1863	3
1864	3
1865	3
1866	2
1867	0
1868	1
1869	3
1870	3
1871	3
1872	3
1873	3
1874	0
1875	0
1876	0
1877	3
1878	3
1879	2
1880	2
1881	3
1882	3
1883	3
1884	3
1885	0
1886	2
1887	2
1888	1
1889	0
1890	3
1891	0
1892	2
1893	2
1894	1
1895	2
1896	2
1897	3
1898	2
1899	2
1900	2
1901	2
1902	2
1903	2
1904	2
1905	2
1906	3
1907	3
1908	3
1909	3
1910	3
1911	3
1912	2
1913	0
1914	0
1915	2
1916	3
1917	3
1918	3
1919	1
1920	2
1921	3
1922	0
1923	0
1924	0
1925	1
1926	0
1927	3
1928	3
1929	2
1930	3
1931	3
1932	3
1933	3
1934	3
1935	2
1936	3
1937	3
1938	2
1939	3
1940	3
1941	2
1942	1
1943	0
1944	2
1945	2
1946	2
1947	2
1948	1
1949	2
1950	2
1951	3
1952	3
1953	3
1954	2
1955	3
1956	0
1957	2
1958	3
1959	1
1960	2
1961	3
1962	2
1963	3
1964	0
1965	2
1966	0
1967	2
1968	2
1969	2
1970	0
1971	3
1972	3
1973	0
1974	1
1975	2
1976	0
1977	2
1978	3
1979	2
1980	0
1981	2
1982	3
1983	2
1984	0
1985	0
1986	3
1987	2
1988	1
1989	3
1990	1
1991	3
1992	3
1993	1
1994	0
1995	0
1996	0
1997	2
1998	2
1999	3
2000	3
2001	2
2002	2
2003	3
2004	0
2005	2
2006	2
2007	0
2008	2
2009	2
2010	3
2011	3
2012	2
2013	0
2014	2
2015	3
2016	0
2017	2
2018	3
2019	3
2020	1
2021	3
2022	3
2023	0
2024	1
2025	3
2026	2
2027	2
2028	3
2029	2
2030	2
2031	2
2032	3
2033	3
2034	3
2035	2
2036	3
2037	3
2038	0
2039	0
2040	3
2041	2
2042	2
2043	2
2044	0
2045	2
2046	3
2047	2
2048	2
2049	2
2050	3
2051	0
2052	0
2053	2
2054	2
2055	0
2056	3
2057	3
2058	2
2059	0
2060	2
2061	2
2062	0
2063	0
2064	2
2065	2
2066	0
2067	0
2068	2
2069	2
2070	3
2071	3
2072	2
2073	0
2074	3
2075	2
2076	3
2077	3
2078	2
2079	0
2080	1
2081	3
2082	0
2083	0
2084	3
2085	2
2086	1
2087	2
2088	2
2089	0
2090	0
2091	0
2092	0
2093	0
2094	3
2095	2
2096	3
2097	3
2098	2
2099	2
2100	2
2101	3
2102	3
2103	2
2104	3
2105	2
2106	3
2107	3
2108	2
2109	3
2110	3
2111	2
2112	3
2113	3
2114	3
2115	3
2116	0
2117	2
2118	2
2119	3
2120	3
2121	3
2122	2
2123	3
2124	0
2125	2
2126	2
2127	3
2128	3
2129	3
2130	2
2131	3
2132	2
2133	0
2134	0
2135	2
2136	2
2137	0
2138	3
2139	2
2140	0
2141	3
2142	1
2143	0
2144	1
2145	1
2146	2
2147	0
2148	2
2149	2
2150	0
2151	2
2152	2
2153	0
2154	2
2155	2
2156	3
2157	0
2158	3
2159	2
2160	2
2161	3
2162	2
2163	2
2164	3
2165	2
2166	3
2167	2
2168	3
2169	2
2170	2
2171	2
2172	2
2173	3
2174	3
2175	2
2176	3
2177	2
2178	3
2179	0
2180	0
2181	2
2182	2
2183	2
2184	2
2185	0
2186	2
2187	2
2188	1
2189	2
2190	1
2191	2
2192	2
2193	2
2194	2
2195	2
2196	2
2197	0
2198	3
2199	2
2200	2
2201	0
2202	3
2203	2
2204	2
2205	2
2206	2
2207	2
2208	2
2209	3
2210	2
2211	1
2212	2
2213	2
2214	0
2215	2
2216	2
2217	3
2218	2
2219	2
2220	2
2221	0
2222	3
2223	2
2224	3
2225	2
2226	0
2227	0
2228	2
2229	2
2230	1
2231	0
2232	2
2233	2
2234	3
2235	3
2236	2
2237	2
2238	3
2239	3
2240	2
2241	1
2242	0
2243	2
2244	0
2245	2
2246	2
2247	1
2248	2
2249	3
2250	2
2251	3
2252	3
2253	2
2254	2
2255	2
2256	1
2257	2
2258	0
2259	3
2260	0
2261	0
2262	0
2263	3
2264	0
2265	0
2266	3
2267	2
2268	0
2269	2
2270	2
2271	3
2272	2
2273	2
2274	2
2275	2
2276	2
2277	2
2278	2
2279	2
2280	2
2281	3
2282	3
2283	3
2284	3
2285	2
2286	3
2287	2
2288	0
2289	3
2290	0
2291	3
2292	2
2293	3
2294	0
2295	0
2296	3
2297	2
2298	2
2299	3
2300	3
2301	3
2302	0
2303	3
2304	3
2305	2
2306	3
2307	3
2308	0
2309	3
2310	3
2311	3
2312	3
2313	3
2314	2
2315	3
2316	2
2317	2
2318	2
2319	0
2320	3
2321	0
2322	2
2323	3
2324	2
2325	2
2326	0
2327	2
2328	0
2329	3
2330	3
2331	2
2332	3
2333	2
2334	1
2335	2
2336	3
2337	2
2338	2
2339	0
2340	0
2341	3
2342	3
2343	3
2344	2
2345	2
2346	2
2347	0
2348	2
2349	0
2350	0
2351	2
2352	3
2353	2
2354	0
2355	2
2356	2
2357	3
2358	3
2359	2
2360	2
2361	3
2362	0
2363	2
2364	3
2365	3
2366	3
2367	3
2368	3
2369	0
2370	2
2371	0
2372	0
2373	3
2374	2
2375	3
2376	3
2377	0
2378	0
2379	2
2380	0
2381	3
2382	2
2383	2
2384	2
2385	3
2386	2
2387	3
2388	2
2389	0
2390	2
2391	3
2392	0
2393	0
2394	3
2395	3
2396	3
2397	0
2398	2
2399	3
2400	3
2401	3
2402	3
2403	0
2404	3
2405	2
2406	3
2407	3
2408	2
2409	2
2410	1
2411	0
2412	3
2413	0
2414	0
2415	0
2416	3
2417	2
2418	2
2419	3
2420	3
2421	2
2422	0
2423	3
2424	0
2425	2
2426	3
2427	3
2428	0
2429	3
2430	3
2431	0
2432	3
2433	0
2434	2
2435	2
2436	0
2437	2
2438	0
2439	3
2440	0
2441	2
2442	1
2443	2
2444	3
2445	0
2446	3
2447	0
2448	3
2449	2
2450	2
2451	3
2452	2
2453	3
2454	3
2455	2
2456	0
2457	3
2458	2
2459	2
2460	2
2461	0
2462	2
2463	2
2464	1
2465	2
2466	1
2467	1
2468	3
2469	1
2470	3
2471	2
2472	2
2473	2
2474	3
2475	3
2476	0
2477	0
2478	3
2479	2
2480	3
2481	3
2482	0
2483	2
2484	3
2485	2
2486	3
2487	0
2488	0
2489	2
2490	1
2491	2
2492	1
2493	2
2494	3
2495	3
2496	2
2497	2
2498	3
2499	2
2500	0
2501	2
2502	3
2503	3
2504	3
2505	3
2506	0
2507	1
2508	3
2509	1
2510	0
2511	2
2512	3
2513	2
2514	2
2515	3
2516	3
2517	2
2518	3
2519	2
2520	0
2521	0
2522	3
2523	2
2524	3
2525	2
2526	2
2527	0
2528	0
2529	0
2530	3
2531	2
2532	1
2533	0
2534	3
2535	3
2536	2
2537	3
2538	0
2539	0
2540	3
2541	2
2542	2
2543	3
2544	2
2545	2
2546	0
2547	2
2548	2
2549	3
2550	2
2551	0
2552	3
2553	2
2554	3
2555	3
2556	2
2557	3
2558	3
2559	3
2560	3
2561	1
2562	3
2563	2
2564	2
2565	2
2566	2
2567	3
2568	2
2569	0
2570	3
2571	2
2572	1
2573	3
2574	2
2575	3
2576	3
2577	2
2578	2
2579	2
2580	0
2581	2
2582	3
2583	3
2584	2
2585	3
2586	3
2587	3
2588	0
2589	2
2590	2
2591	0
2592	0
2593	2
2594	1
2595	0
2596	3
2597	1
2598	2
2599	3
2600	3
2601	0
2602	2
2603	0
2604	3
2605	1
2606	0
2607	3
2608	2
2609	3
2610	2
2611	2
2612	0
2613	0
2614	0
2615	2
2616	3
2617	2
2618	3
2619	2
2620	2
2621	3
2622	3
2623	3
2624	3
2625	3
2626	3
2627	2
2628	0
2629	3
2630	3
2631	3
2632	2
2633	2
2634	3
2635	2
2636	0
2637	2
2638	2
2639	3
2640	3
2641	2
2642	0
2643	2
2644	1
2645	2
2646	1
2647	3
2648	3
2649	3
2650	3
2651	2
2652	0
2653	2
2654	3
2655	2
2656	0
2657	2
2658	2
2659	3
2660	3
2661	1
2662	1
2663	0
2664	3
2665	3
2666	0
2667	2
2668	3
2669	0
2670	0
2671	2
2672	2
2673	3
2674	2
2675	2
2676	2
2677	1
2678	2
2679	1
2680	0
2681	0
2682	3
2683	1
2684	3
2685	0
2686	3
2687	2
2688	0
2689	0
2690	2
2691	0
2692	0
2693	3
2694	2
2695	3
2696	2
2697	3
2698	3
2699	2
2700	3
2701	3
2702	3
2703	2
2704	2
2705	2
2706	3
2707	0
2708	2
2709	0
2710	2
2711	1
2712	2
2713	0
2714	3
2715	3
2716	2
2717	2
2718	2
2719	2
2720	2
2721	3
2722	2
2723	0
2724	0
2725	0
2726	3
2727	3
2728	3
2729	2
2730	2
2731	0
2732	2
2733	0
2734	2
2735	3
2736	1
2737	2
2738	2
2739	2
2740	1
2741	2
2742	3
2743	0
2744	3
2745	2
2746	0
2747	2
2748	0
2749	3
2750	2
2751	2
2752	2
2753	3
2754	1
2755	0
2756	2
2757	2
2758	3
2759	2
2760	1
2761	2
2762	3
2763	0
2764	1
2765	2
2766	2
2767	3
2768	2
2769	2
2770	3
2771	1
2772	2
2773	2
2774	2
2775	3
2776	0
2777	1
2778	3
2779	3
2780	3
2781	3
2782	2
2783	2
2784	1
2785	3
2786	0
2787	3
2788	2
2789	0
2790	0
2791	3
2792	2
2793	3
2794	3
2795	2
2796	3
2797	0
2798	0
2799	2
2800	3
2801	2
2802	2
2803	3
2804	2
2805	2
2806	0
2807	0
2808	2
2809	2
2810	1
2811	3
2812	3
2813	3
2814	2
2815	2
2816	0
2817	2
2818	0
2819	3
2820	2
2821	2
2822	2
2823	2
2824	3
2825	2
2826	3
2827	3
2828	3
2829	1
2830	2
2831	2
2832	2
2833	3
2834	2
2835	2
2836	2
2837	1
2838	0
2839	3
2840	2
2841	3
2842	3
2843	3
2844	1
2845	3
2846	2
2847	1
2848	3
2849	2
2850	2
2851	0
2852	3
2853	0
2854	3
2855	3
2856	2
2857	2
2858	2
2859	3
2860	3
2861	2
2862	2
2863	2
2864	3
2865	2
2866	2
2867	3
2868	2
2869	2
2870	0
2871	0
2872	3
2873	2
2874	2
2875	2
2876	3
2877	3
2878	2
2879	2
2880	2
2881	3
2882	3
2883	2
2884	2
2885	2
2886	2
2887	2
2888	3
2889	0
2890	3
2891	1
2892	3
2893	2
2894	2
2895	0
2896	3
2897	3
2898	2
2899	2
2900	2
2901	3
2902	2
2903	3
2904	0
2905	2
2906	3
2907	0
2908	0
2909	3
2910	2
2911	0
2912	0
2913	2
2914	2
2915	3
2916	2
2917	0
2918	0
2919	3
2920	2
2921	2
2922	3
2923	2
2924	0
2925	0
2926	0
2927	2
2928	3
2929	2
2930	0
2931	2
2932	3
2933	2
2934	3
2935	0
2936	2
2937	0
2938	3
2939	0
2940	2
2941	2
2942	3
2943	2
2944	3
2945	3
2946	3
2947	2
2948	0
2949	2
2950	2
2951	3
2952	2
2953	2
2954	3
2955	2
2956	3
2957	2
2958	3
2959	3
2960	2
2961	2
2962	2
2963	1
2964	2
2965	2
2966	3
2967	3
2968	0
2969	0
2970	1
2971	2
2972	2
2973	2
2974	2
2975	0
2976	2
2977	3
2978	2
2979	2
2980	0
2981	3
2982	2
2983	3
2984	2
2985	3
2986	3
2987	0
2988	2
2989	2
2990	0
2991	2
2992	2
2993	3
2994	2
2995	2
2996	3
2997	0
2998	2
2999	2
3000	1
3001	2
3002	3
3003	2
3004	0
3005	2
3006	2
3007	1
3008	3
3009	3
3010	3
3011	2
3012	2
3013	2
3014	3
3015	3
3016	3
3017	0
3018	2
3019	0
3020	0
3021	2
3022	3
3023	2
3024	3
3025	2
3026	2
3027	3
3028	2
3029	0
3030	3
3031	0
3032	2
3033	2
3034	1
3035	0
3036	0
3037	2
3038	3
3039	0
3040	3
3041	3
3042	0
3043	0
3044	2
3045	2
3046	3
3047	2
3048	2
3049	2
3050	2
3051	3
3052	0
3053	3
3054	0
3055	3
3056	2
3057	3
3058	3
3059	3
3060	3
3061	1
3062	1
3063	2
3064	2
3065	2
3066	0
3067	0
3068	0
3069	3
3070	2
3071	1
3072	3
3073	0
3074	3
3075	3
3076	1
3077	2
3078	2
3079	3
3080	3
3081	2
3082	2
3083	0
3084	0
3085	3
3086	3
3087	0
3088	0
3089	2
3090	2
3091	3
3092	1
3093	1
3094	3
3095	1
3096	2
3097	0
3098	3
3099	2
3100	3
3101	3
3102	3
3103	3
3104	0
3105	2
3106	1
3107	0
3108	3
3109	2
3110	1
3111	3
3112	2
3113	3
3114	0
3115	3
3116	2
3117	2
3118	0
3119	2
3120	2
3121	2
3122	3
3123	0
3124	3
3125	0
3126	0
3127	0
3128	3
3129	0
3130	2
3131	3
3132	3
3133	1
3134	3
3135	0
3136	3
3137	3
3138	2
3139	2
3140	2
3141	0
3142	2
3143	3
3144	0
3145	2
3146	3
3147	1
3148	0
3149	3
3150	3
3151	2
3152	0
3153	3
3154	3
3155	2
3156	3
3157	2
3158	3
3159	3
3160	2
3161	3
3162	0
3163	0
3164	0
3165	3
3166	3
3167	3
3168	2
3169	2
3170	2
3171	2
3172	3
3173	3
3174	3
3175	3
3176	2
3177	2
3178	0
3179	0
3180	0
3181	2
3182	0
3183	3
3184	3
3185	3
3186	2
3187	2
3188	3
3189	0
3190	0
3191	3
3192	2
3193	2
3194	2
3195	3
3196	2
3197	0
3198	3
3199	0
3200	2
3201	0
3202	2
3203	2
3204	2
3205	0
3206	1
3207	3
3208	3
3209	2
3210	3
3211	2
3212	2
3213	2
3214	2
3215	0
3216	3
3217	2
3218	2
3219	3
3220	0
3221	3
3222	3
3223	3
3224	3
3225	0
3226	0
3227	2
3228	2
3229	3
3230	3
3231	2
3232	3
3233	0
3234	3
3235	0
3236	3
3237	0
3238	3
3239	3
3240	2
3241	2
3242	2
3243	0
3244	3
3245	2
3246	0
3247	0
3248	0
3249	0
3250	0
3251	0
3252	3
3253	2
3254	2
3255	2
3256	3
3257	0
3258	3
3259	2
3260	3
3261	3
3262	0
3263	3
3264	0
3265	3
3266	2
3267	3
3268	3
3269	0
3270	2
3271	2
3272	2
3273	0
3274	2
3275	3
3276	0
3277	3
3278	2
3279	2
3280	0
3281	2
3282	3
3283	2
3284	3
3285	2
3286	3
3287	3
3288	2
3289	1
3290	0
3291	2
3292	2
3293	3
3294	3
3295	2
3296	1
3297	2
3298	3
3299	0
3300	2
3301	3
3302	2
3303	3
3304	0
3305	3
3306	0
3307	3
3308	3
3309	2
3310	0
3311	2
3312	2
3313	0
3314	3
3315	2
3316	3
3317	3
3318	3
3319	2
3320	1
3321	3
3322	3
3323	3
3324	0
3325	0
3326	2
3327	0
3328	0
3329	0
3330	2
3331	3
3332	3
3333	2
3334	2
3335	3
3336	3
3337	3
3338	3
3339	3
3340	2
3341	3
3342	3
3343	2
3344	3
3345	2
3346	2
3347	0
3348	0
3349	2
3350	0
3351	0
3352	0
3353	2
3354	2
3355	0
3356	2
3357	3
3358	3
3359	2
3360	3
3361	3
3362	2
3363	0
3364	3
3365	0
3366	3
3367	3
3368	2
3369	3
3370	3
3371	2
3372	0
3373	2
3374	0
3375	3
3376	1
3377	0
3378	3
3379	3
3380	3
3381	3
3382	2
3383	1
3384	3
3385	1
3386	2
3387	2
3388	0
3389	2
3390	3
3391	0
3392	1
3393	1
3394	1
3395	3
3396	2
3397	3
3398	2
3399	3
3400	2
3401	2
3402	3
3403	3
3404	3
3405	3
3406	2
3407	2
3408	0
3409	3
3410	2
3411	3
3412	2
3413	3
3414	3
3415	0
3416	3
3417	2
3418	3
3419	3
3420	1
3421	2
3422	2
3423	2
3424	2
3425	3
3426	2
3427	3
3428	3
3429	2
3430	3
3431	3
3432	2
3433	3
3434	2
3435	2
3436	2
3437	2
3438	0
3439	3
3440	0
3441	0
3442	3
3443	0
3444	3
3445	3
3446	0
3447	1
3448	2
3449	2
3450	3
3451	0
3452	0
3453	0
3454	3
3455	0
3456	0
3457	0
3458	0
3459	2
3460	3
3461	3
3462	2
3463	3
3464	3
3465	3
3466	2
3467	3
3468	0
3469	2
3470	3
3471	2
3472	3
3473	2
3474	2
3475	2
3476	0
3477	2
3478	3
3479	0
3480	2
3481	3
3482	3
3483	3
3484	3
3485	2
3486	2
3487	2
3488	2
3489	2
3490	3
3491	0
3492	2
3493	0
3494	3
3495	2
3496	2
3497	3
3498	2
3499	2
3500	2
3501	0
3502	0
3503	2
3504	0
3505	0
3506	3
3507	3
3508	2
3509	3
3510	3
3511	0
3512	3
3513	0
3514	2
3515	2
3516	2
3517	3
3518	3
3519	0
3520	3
3521	0
3522	3
3523	3
3524	3
3525	2
3526	3
3527	0
3528	3
3529	0
3530	0
3531	2
3532	0
3533	0
3534	2
3535	1
3536	3
3537	2
3538	3
3539	3
3540	3
3541	2
3542	2
3543	0
3544	2
3545	2
3546	0
3547	2
3548	3
3549	3
3550	2
3551	3
3552	3
3553	2
3554	1
3555	0
3556	2
3557	1
3558	0
3559	3
3560	2
3561	2
3562	0
3563	2
3564	0
3565	3
3566	3
3567	0
3568	0
3569	2
3570	3
3571	3
3572	2
3573	2
3574	2
3575	3
3576	2
3577	3
3578	3
3579	3
3580	0
3581	2
3582	3
3583	2
3584	3
3585	2
3586	2
3587	0
3588	3
3589	2
3590	3
3591	3
3592	0
3593	1
3594	2
3595	2
3596	2
3597	3
3598	3
3599	1
3600	3
3601	2
3602	2
3603	3
3604	3
3605	0
3606	3
3607	2
3608	3
3609	0
3610	0
3611	3
3612	3
3613	0
3614	3
3615	2
3616	3
3617	3
3618	2
3619	2
3620	2
3621	0
3622	3
3623	3
3624	2
3625	2
3626	3
3627	3
3628	0
3629	3
3630	0
3631	2
3632	1
3633	0
3634	2
3635	2
3636	2
3637	3
3638	3
3639	0
3640	3
3641	1
3642	2
3643	3
3644	0
3645	3
3646	3
3647	0
3648	2
3649	3
3650	2
3651	3
3652	3
3653	3
3654	2
3655	2
3656	2
3657	2
3658	0
3659	3
3660	0
3661	3
3662	1
3663	1
3664	2
3665	3
3666	3
3667	1
3668	1
3669	2
3670	2
3671	0
3672	0
3673	3
3674	2
3675	2
3676	2
3677	3
3678	3
3679	0
3680	3
3681	2
3682	3
3683	2
3684	2
3685	2
3686	3
3687	3
3688	2
3689	3
3690	2
3691	3
3692	0
3693	3
3694	1
3695	2
3696	0
3697	2
3698	2
3699	2
3700	3
3701	2
3702	2
3703	0
3704	0
3705	2
3706	3
3707	3
3708	3
3709	3
3710	3
3711	3
3712	0
3713	1
3714	2
3715	3
3716	3
3717	2
3718	3
3719	2
3720	3
3721	2
3722	3
3723	3
3724	3
3725	3
3726	3
3727	2
3728	0
3729	3
3730	2
3731	1
3732	2
3733	0
3734	2
3735	1
3736	0
3737	2
3738	2
3739	3
3740	3
3741	3
3742	3
3743	0
3744	0
3745	2
3746	2
3747	2
3748	2
3749	0
3750	3
3751	3
3752	3
3753	2
3754	2
3755	3
3756	0
3757	3
3758	2
3759	2
3760	3
3761	0
3762	2
3763	2
3764	2
3765	2
3766	1
3767	0
3768	3
3769	0
3770	3
3771	2
3772	3
3773	3
3774	3
3775	1
3776	0
3777	1
3778	3
3779	2
3780	2
3781	3
3782	2
3783	0
3784	3
3785	2
3786	2
3787	2
3788	0
3789	0
3790	3
3791	0
3792	2
3793	2
3794	3
3795	2
3796	0
3797	0
3798	3
3799	0
3800	3
3801	1
3802	0
3803	2
3804	3
3805	2
3806	3
3807	0
3808	2
3809	3
3810	3
3811	2
3812	2
3813	0
3814	2
3815	0
3816	3
3817	3
3818	3
3819	3
3820	2
3821	3
3822	0
3823	2
3824	0
3825	1
3826	2
3827	2
3828	3
3829	2
3830	0
3831	3
3832	2
3833	0
3834	3
3835	0
3836	0
3837	3
3838	3
3839	0
3840	2
3841	2
3842	3
3843	2
3844	3
3845	3
3846	2
3847	2
3848	2
3849	3
3850	0
3851	0
3852	0
3853	3
3854	2
3855	0
3856	0
3857	0
3858	2
3859	1
3860	2
3861	2
3862	2
3863	0
3864	2
3865	3
3866	3
3867	3
3868	0
3869	2
3870	2
3871	3
3872	2
3873	2
3874	3
3875	2
3876	3
3877	0
3878	3
3879	2
3880	2
3881	3
3882	2
3883	2
3884	3
3885	0
3886	0
3887	2
3888	3
3889	0
3890	0
3891	0
3892	3
3893	2
3894	3
3895	2
3896	0
3897	2
3898	3
3899	1
3900	2
3901	3
3902	2
3903	0
3904	3
3905	2
3906	3
3907	2
3908	2
3909	2
3910	2
3911	3
3912	2
3913	2
3914	2
3915	1
3916	2
3917	0
3918	2
3919	0
3920	2
3921	2
3922	3
3923	2
3924	3
3925	2
3926	2
3927	0
3928	3
3929	3
3930	3
3931	2
3932	0
3933	3
3934	2
3935	0
3936	0
3937	2
3938	3
3939	2
3940	3
3941	0
3942	0
3943	3
3944	2
3945	2
3946	0
3947	2
3948	0
3949	3
3950	3
3951	3
3952	1
3953	3
3954	0
3955	3
3956	3
3957	3
3958	2
3959	2
3960	2
3961	2
3962	2
3963	1
3964	2
3965	3
3966	3
3967	0
3968	0
3969	3
3970	3
3971	3
3972	3
3973	2
3974	2
3975	1
3976	2
3977	0
3978	3
3979	3
3980	0
3981	2
3982	2
3983	0
3984	0
3985	2
3986	2
3987	1
3988	2
3989	3
3990	2
3991	0
3992	2
3993	2
3994	3
3995	2
3996	3
3997	3
3998	0
3999	2
4000	2
4001	0
4002	3
4003	1
4004	3
4005	0
4006	3
4007	2
4008	3
4009	3
4010	2
4011	3
4012	2
4013	2
4014	2
4015	2
4016	3
4017	3
4018	2
4019	2
4020	2
4021	3
4022	2
4023	2
4024	0
4025	2
4026	3
4027	2
4028	2
4029	3
4030	2
4031	2
4032	1
4033	3
4034	3
4035	2
4036	2
4037	2
4038	3
4039	3
4040	0
4041	2
4042	2
4043	3
4044	2
4045	3
4046	0
4047	0
4048	3
4049	0
4050	2
4051	3
4052	2
4053	2
4054	3
4055	1
4056	3
4057	2
4058	0
4059	2
4060	0
4061	3
4062	2
4063	0
4064	3
4065	3
4066	3
4067	0
4068	3
4069	0
4070	3
4071	3
4072	2
4073	3
4074	3
4075	3
4076	3
4077	3
4078	0
4079	2
4080	3
4081	2
4082	2
4083	0
4084	2
4085	2
4086	2
4087	0
4088	0
4089	2
4090	3
4091	2
4092	0
4093	3
4094	0
4095	0
