COMMAND
./sim gshare 13 10 ./proj2-traces/gcc_trace.txt
OUTPUT
number of predictions:2000000
number of mispredictions:233535
misprediction rate:   11.68%
FINAL GSHARE CONTENTS
0	3
1	1
2	3
3	3
4	0
5	3
6	3
7	1
8	0
9	0
10	2
11	3
12	0
13	3
14	3
15	1
16	0
17	0
18	3
19	3
20	0
21	0
22	3
23	3
24	3
25	3
26	3
27	2
28	3
29	1
30	3
31	3
32	3
33	0
34	0
35	3
36	0
37	3
38	0
39	0
40	3
41	0
42	3
43	3
44	0
45	0
46	1
47	3
48	0
49	0
50	3
51	0
52	0
53	3
54	0
55	1
56	0
57	3
58	3
59	2
60	2
61	0
62	3
63	3
64	0
65	3
66	0
67	2
68	3
69	3
70	3
71	1
72	2
73	3
74	0
75	3
76	0
77	3
78	3
79	3
80	0
81	1
82	0
83	0
84	2
85	0
86	3
87	3
88	0
89	2
90	0
91	0
92	1
93	0
94	3
95	0
96	3
97	0
98	3
99	3
100	2
101	0
102	0
103	1
104	3
105	3
106	2
107	0
108	0
109	1
110	0
111	2
112	2
113	0
114	3
115	3
116	0
117	3
118	0
119	2
120	3
121	3
122	0
123	2
124	0
125	0
126	0
127	2
128	0
129	0
130	0
131	0
132	3
133	3
134	0
135	0
136	0
137	3
138	2
139	2
140	0
141	3
142	0
143	3
144	1
145	1
146	3
147	0
148	1
149	3
150	3
151	0
152	0
153	0
154	3
155	3
156	2
157	0
158	0
159	3
160	0
161	3
162	3
163	1
164	1
165	3
166	3
167	3
168	0
169	0
170	0
171	0
172	0
173	3
174	0
175	0
176	0
177	0
178	3
179	2
180	3
181	0
182	3
183	0
184	0
185	3
186	1
187	3
188	0
189	3
190	3
191	0
192	0
193	0
194	0
195	0
196	0
197	0
198	3
199	1
200	0
201	0
202	3
203	3
204	0
205	3
206	3
207	3
208	0
209	0
210	0
211	0
212	0
213	0
214	0
215	0
216	0
217	0
218	0
219	3
220	0
221	3
222	0
223	3
224	3
225	3
226	3
227	0
228	0
229	0
230	0
231	0
232	3
233	0
234	0
235	2
236	3
237	3
238	0
239	3
240	0
241	1
242	1
243	0
244	3
245	0
246	0
247	2
248	3
249	2
250	2
251	0
252	0
253	1
254	1
255	3
256	2
257	2
258	3
259	0
260	0
261	0
262	3
263	0
264	2
265	0
266	3
267	0
268	3
269	3
270	3
271	2
272	3
273	1
274	3
275	2
276	3
277	0
278	3
279	3
280	3
281	0
282	3
283	0
284	2
285	3
286	3
287	3
288	3
289	0
290	3
291	0
292	0
293	3
294	0
295	3
296	3
297	3
298	0
299	0
300	3
301	3
302	0
303	0
304	0
305	3
306	3
307	0
308	2
309	0
310	0
311	3
312	3
313	3
314	3
315	0
316	0
317	0
318	0
319	0
320	2
321	3
322	3
323	0
324	3
325	0
326	0
327	0
328	2
329	3
330	0
331	0
332	0
333	3
334	0
335	0
336	3
337	0
338	3
339	0
340	3
341	2
342	0
343	3
344	0
345	0
346	3
347	3
348	1
349	0
350	0
351	3
352	3
353	3
354	1
355	0
356	3
357	3
358	0
359	0
360	0
361	3
362	0
363	3
364	3
365	2
366	3
367	0
368	3
369	3
370	0
371	3
372	3
373	0
374	0
375	3
376	3
377	0
378	0
379	2
380	3
381	0
382	3
383	0
384	2
385	0
386	3
387	0
388	0
389	3
390	0
391	0
392	0
393	0
394	3
395	0
396	3
397	3
398	0
399	3
400	0
401	3
402	3
403	0
404	0
405	0
406	3
407	0
408	0
409	0
410	3
411	0
412	3
413	2
414	2
415	0
416	0
417	0
418	0
419	3
420	3
421	3
422	0
423	0
424	0
425	0
426	3
427	3
428	1
429	3
430	3
431	0
432	0
433	0
434	3
435	0
436	3
437	1
438	0
439	0
440	0
441	0
442	3
443	0
444	3
445	3
446	3
447	3
448	3
449	0
450	0
451	3
452	2
453	3
454	0
455	3
456	3
457	0
458	3
459	0
460	1
461	3
462	3
463	3
464	3
465	3
466	0
467	0
468	3
469	0
470	0
471	3
472	3
473	3
474	3
475	0
476	0
477	3
478	0
479	3
480	3
481	3
482	0
483	0
484	1
485	3
486	0
487	3
488	0
489	2
490	3
491	3
492	1
493	3
494	2
495	3
496	3
497	3
498	0
499	0
500	0
501	0
502	0
503	3
504	0
505	0
506	0
507	0
508	3
509	3
510	0
511	2
512	2
513	0
514	3
515	3
516	3
517	3
518	0
519	3
520	0
521	2
522	1
523	0
524	3
525	0
526	2
527	0
528	0
529	0
530	3
531	3
532	1
533	2
534	0
535	1
536	0
537	0
538	1
539	0
540	0
541	3
542	0
543	3
544	0
545	3
546	1
547	0
548	1
549	3
550	0
551	0
552	0
553	0
554	3
555	0
556	0
557	2
558	0
559	0
560	0
561	3
562	0
563	0
564	3
565	0
566	2
567	0
568	0
569	0
570	3
571	2
572	3
573	0
574	3
575	0
576	3
577	3
578	3
579	0
580	2
581	3
582	0
583	1
584	3
585	0
586	1
587	0
588	0
589	0
590	3
591	0
592	0
593	0
594	3
595	1
596	2
597	0
598	0
599	3
600	0
601	2
602	0
603	0
604	3
605	0
606	3
607	0
608	3
609	0
610	3
611	3
612	1
613	3
614	0
615	0
616	3
617	3
618	0
619	0
620	3
621	1
622	3
623	2
624	2
625	0
626	0
627	0
628	3
629	1
630	1
631	3
632	3
633	1
634	0
635	3
636	3
637	3
638	3
639	0
640	3
641	2
642	0
643	3
644	0
645	1
646	0
647	0
648	3
649	3
650	0
651	3
652	3
653	3
654	2
655	0
656	1
657	1
658	3
659	3
660	0
661	3
662	0
663	0
664	2
665	3
666	2
667	3
668	3
669	3
670	1
671	2
672	0
673	3
674	3
675	3
676	3
677	3
678	0
679	0
680	3
681	0
682	0
683	0
684	3
685	3
686	2
687	3
688	3
689	0
690	1
691	3
692	1
693	0
694	2
695	2
696	3
697	0
698	2
699	3
700	3
701	0
702	0
703	0
704	0
705	2
706	2
707	0
708	3
709	3
710	3
711	0
712	2
713	3
714	3
715	0
716	3
717	3
718	0
719	3
720	2
721	3
722	3
723	0
724	3
725	3
726	0
727	0
728	0
729	1
730	3
731	3
732	3
733	3
734	2
735	0
736	0
737	0
738	3
739	3
740	3
741	3
742	0
743	0
744	2
745	3
746	0
747	3
748	3
749	3
750	0
751	2
752	3
753	3
754	3
755	3
756	3
757	1
758	3
759	0
760	0
761	0
762	1
763	0
764	3
765	3
766	0
767	3
768	1
769	0
770	1
771	0
772	3
773	0
774	0
775	0
776	1
777	3
778	3
779	3
780	3
781	2
782	0
783	0
784	0
785	2
786	3
787	3
788	1
789	1
790	0
791	3
792	3
793	3
794	3
795	0
796	3
797	3
798	3
799	3
800	0
801	1
802	0
803	0
804	0
805	1
806	0
807	2
808	2
809	3
810	3
811	3
812	1
813	3
814	0
815	0
816	0
817	3
818	0
819	0
820	0
821	3
822	0
823	3
824	0
825	3
826	0
827	0
828	3
829	3
830	2
831	0
832	2
833	2
834	0
835	0
836	0
837	0
838	1
839	3
840	3
841	3
842	0
843	1
844	0
845	1
846	3
847	0
848	3
849	0
850	3
851	3
852	0
853	0
854	3
855	0
856	2
857	3
858	0
859	0
860	0
861	0
862	0
863	0
864	0
865	0
866	0
867	3
868	0
869	0
870	0
871	3
872	1
873	1
874	0
875	1
876	0
877	2
878	3
879	1
880	0
881	3
882	0
883	0
884	0
885	3
886	3
887	0
888	1
889	3
890	0
891	3
892	1
893	3
894	0
895	0
896	0
897	3
898	0
899	3
900	2
901	0
902	3
903	3
904	0
905	3
906	3
907	2
908	0
909	3
910	1
911	3
912	1
913	1
914	3
915	0
916	0
917	0
918	2
919	0
920	3
921	3
922	3
923	3
924	3
925	3
926	0
927	3
928	0
929	3
930	3
931	3
932	0
933	3
934	1
935	3
936	0
937	3
938	3
939	0
940	0
941	0
942	3
943	0
944	0
945	3
946	0
947	0
948	0
949	3
950	3
951	3
952	1
953	0
954	0
955	0
956	3
957	3
958	0
959	3
960	0
961	3
962	3
963	3
964	3
965	3
966	3
967	1
968	2
969	2
970	0
971	3
972	0
973	3
974	3
975	0
976	3
977	3
978	2
979	0
980	0
981	0
982	1
983	0
984	2
985	3
986	0
987	3
988	2
989	3
990	0
991	0
992	0
993	0
994	3
995	0
996	1
997	3
998	0
999	3
1000	0
1001	2
1002	2
1003	0
1004	0
1005	2
1006	1
1007	3
1008	3
1009	3
1010	2
1011	0
1012	3
1013	3
1014	3
1015	3
1016	3
1017	3
1018	3
1019	2
1020	0
1021	3
1022	0
1023	3
1024	1
1025	0
1026	0
1027	0
1028	0
1029	0
1030	0
1031	1
1032	3
1033	0
1034	0
1035	2
1036	2
1037	3
1038	3
1039	0
1040	3
1041	0
1042	0
1043	1
1044	0
1045	0
1046	0
1047	0
1048	0
1049	0
1050	0
1051	2
1052	1
1053	3
1054	0
1055	0
1056	2
1057	0
1058	1
1059	3
1060	3
1061	0
1062	0
1063	0
1064	3
1065	0
1066	0
1067	0
1068	0
1069	3
1070	0
1071	0
1072	1
1073	1
1074	0
1075	0
1076	3
1077	3
1078	0
1079	0
1080	3
1081	0
1082	0
1083	0
1084	3
1085	0
1086	0
1087	0
1088	0
1089	3
1090	3
1091	1
1092	0
1093	0
1094	0
1095	3
1096	3
1097	0
1098	3
1099	3
1100	0
1101	0
1102	0
1103	3
1104	3
1105	3
1106	0
1107	1
1108	0
1109	3
1110	0
1111	3
1112	0
1113	0
1114	0
1115	2
1116	3
1117	0
1118	0
1119	0
1120	3
1121	3
1122	3
1123	3
1124	3
1125	0
1126	0
1127	3
1128	0
1129	0
1130	3
1131	1
1132	3
1133	0
1134	0
1135	1
1136	0
1137	3
1138	0
1139	3
1140	0
1141	3
1142	0
1143	3
1144	0
1145	1
1146	0
1147	0
1148	2
1149	0
1150	2
1151	3
1152	0
1153	0
1154	0
1155	3
1156	0
1157	2
1158	3
1159	0
1160	3
1161	3
1162	0
1163	2
1164	3
1165	3
1166	3
1167	0
1168	0
1169	0
1170	2
1171	2
1172	3
1173	2
1174	0
1175	0
1176	0
1177	1
1178	0
1179	1
1180	3
1181	3
1182	3
1183	0
1184	3
1185	3
1186	0
1187	1
1188	3
1189	3
1190	0
1191	0
1192	3
1193	0
1194	0
1195	0
1196	0
1197	3
1198	3
1199	3
1200	3
1201	0
1202	0
1203	3
1204	3
1205	3
1206	0
1207	0
1208	3
1209	0
1210	3
1211	3
1212	3
1213	3
1214	1
1215	0
1216	1
1217	3
1218	0
1219	0
1220	2
1221	3
1222	3
1223	0
1224	2
1225	3
1226	3
1227	0
1228	0
1229	3
1230	0
1231	3
1232	1
1233	2
1234	0
1235	1
1236	0
1237	0
1238	0
1239	3
1240	0
1241	1
1242	0
1243	2
1244	3
1245	0
1246	3
1247	0
1248	0
1249	3
1250	0
1251	2
1252	0
1253	0
1254	0
1255	0
1256	2
1257	3
1258	0
1259	0
1260	0
1261	3
1262	3
1263	1
1264	3
1265	3
1266	3
1267	1
1268	3
1269	2
1270	0
1271	3
1272	0
1273	3
1274	1
1275	0
1276	0
1277	2
1278	0
1279	0
1280	3
1281	0
1282	2
1283	0
1284	3
1285	2
1286	0
1287	0
1288	0
1289	3
1290	0
1291	2
1292	3
1293	3
1294	0
1295	3
1296	0
1297	0
1298	3
1299	0
1300	2
1301	3
1302	0
1303	3
1304	0
1305	0
1306	0
1307	0
1308	0
1309	0
1310	0
1311	0
1312	0
1313	0
1314	0
1315	3
1316	0
1317	0
1318	0
1319	0
1320	0
1321	3
1322	0
1323	0
1324	3
1325	3
1326	0
1327	0
1328	0
1329	2
1330	0
1331	3
1332	3
1333	3
1334	0
1335	3
1336	0
1337	3
1338	0
1339	0
1340	3
1341	3
1342	3
1343	2
1344	3
1345	0
1346	0
1347	0
1348	3
1349	1
1350	0
1351	3
1352	0
1353	0
1354	1
1355	2
1356	1
1357	1
1358	3
1359	0
1360	0
1361	3
1362	0
1363	3
1364	3
1365	0
1366	3
1367	2
1368	3
1369	0
1370	0
1371	0
1372	2
1373	3
1374	0
1375	3
1376	0
1377	3
1378	1
1379	3
1380	3
1381	3
1382	0
1383	0
1384	0
1385	0
1386	2
1387	0
1388	2
1389	2
1390	3
1391	0
1392	2
1393	3
1394	0
1395	3
1396	3
1397	0
1398	0
1399	0
1400	2
1401	3
1402	1
1403	3
1404	0
1405	0
1406	0
1407	0
1408	3
1409	3
1410	3
1411	3
1412	0
1413	3
1414	1
1415	0
1416	1
1417	3
1418	2
1419	0
1420	3
1421	3
1422	0
1423	1
1424	3
1425	3
1426	3
1427	1
1428	2
1429	0
1430	0
1431	3
1432	1
1433	0
1434	0
1435	0
1436	3
1437	3
1438	0
1439	2
1440	0
1441	2
1442	0
1443	0
1444	3
1445	3
1446	1
1447	3
1448	3
1449	3
1450	1
1451	3
1452	0
1453	3
1454	0
1455	0
1456	3
1457	0
1458	1
1459	3
1460	0
1461	1
1462	0
1463	1
1464	2
1465	0
1466	3
1467	0
1468	3
1469	3
1470	0
1471	1
1472	0
1473	0
1474	0
1475	0
1476	2
1477	2
1478	3
1479	0
1480	1
1481	3
1482	3
1483	2
1484	0
1485	2
1486	3
1487	1
1488	0
1489	2
1490	0
1491	3
1492	0
1493	3
1494	0
1495	0
1496	0
1497	0
1498	0
1499	0
1500	0
1501	1
1502	0
1503	3
1504	0
1505	0
1506	3
1507	1
1508	0
1509	2
1510	3
1511	3
1512	0
1513	2
1514	3
1515	3
1516	0
1517	3
1518	0
1519	0
1520	3
1521	3
1522	3
1523	3
1524	3
1525	3
1526	0
1527	3
1528	0
1529	3
1530	3
1531	2
1532	0
1533	3
1534	1
1535	0
1536	0
1537	0
1538	0
1539	3
1540	3
1541	3
1542	0
1543	0
1544	0
1545	3
1546	0
1547	3
1548	0
1549	1
1550	0
1551	3
1552	2
1553	2
1554	3
1555	3
1556	0
1557	3
1558	0
1559	3
1560	1
1561	3
1562	3
1563	3
1564	0
1565	3
1566	0
1567	3
1568	0
1569	3
1570	3
1571	3
1572	0
1573	3
1574	3
1575	3
1576	3
1577	3
1578	1
1579	0
1580	3
1581	3
1582	3
1583	0
1584	0
1585	3
1586	3
1587	0
1588	3
1589	0
1590	2
1591	3
1592	0
1593	0
1594	3
1595	0
1596	3
1597	0
1598	3
1599	0
1600	0
1601	3
1602	0
1603	3
1604	1
1605	0
1606	3
1607	0
1608	2
1609	3
1610	3
1611	3
1612	0
1613	3
1614	0
1615	0
1616	0
1617	0
1618	3
1619	1
1620	0
1621	0
1622	3
1623	0
1624	3
1625	0
1626	3
1627	3
1628	0
1629	3
1630	3
1631	3
1632	0
1633	3
1634	3
1635	3
1636	0
1637	3
1638	0
1639	3
1640	3
1641	2
1642	0
1643	3
1644	0
1645	3
1646	0
1647	3
1648	3
1649	3
1650	3
1651	0
1652	0
1653	3
1654	0
1655	0
1656	0
1657	3
1658	3
1659	0
1660	3
1661	0
1662	3
1663	3
1664	1
1665	3
1666	0
1667	1
1668	0
1669	0
1670	1
1671	3
1672	3
1673	0
1674	1
1675	2
1676	0
1677	3
1678	0
1679	0
1680	2
1681	0
1682	0
1683	0
1684	2
1685	2
1686	3
1687	0
1688	3
1689	3
1690	0
1691	1
1692	3
1693	3
1694	0
1695	3
1696	0
1697	3
1698	0
1699	2
1700	0
1701	3
1702	0
1703	3
1704	3
1705	3
1706	0
1707	3
1708	3
1709	0
1710	3
1711	2
1712	0
1713	3
1714	1
1715	1
1716	2
1717	3
1718	3
1719	2
1720	0
1721	0
1722	3
1723	0
1724	0
1725	3
1726	2
1727	0
1728	3
1729	0
1730	0
1731	3
1732	2
1733	3
1734	3
1735	3
1736	0
1737	3
1738	0
1739	2
1740	3
1741	0
1742	2
1743	2
1744	0
1745	3
1746	0
1747	3
1748	3
1749	0
1750	3
1751	3
1752	2
1753	3
1754	0
1755	3
1756	3
1757	3
1758	3
1759	0
1760	3
1761	2
1762	0
1763	3
1764	0
1765	3
1766	2
1767	3
1768	3
1769	3
1770	3
1771	3
1772	0
1773	3
1774	3
1775	3
1776	0
1777	0
1778	0
1779	3
1780	3
1781	3
1782	0
1783	3
1784	2
1785	3
1786	0
1787	3
1788	3
1789	3
1790	3
1791	0
1792	0
1793	0
1794	3
1795	0
1796	0
1797	0
1798	3
1799	0
1800	3
1801	3
1802	0
1803	2
1804	0
1805	3
1806	3
1807	0
1808	0
1809	3
1810	3
1811	3
1812	0
1813	0
1814	3
1815	0
1816	1
1817	3
1818	0
1819	0
1820	0
1821	3
1822	0
1823	3
1824	3
1825	0
1826	1
1827	3
1828	0
1829	0
1830	3
1831	0
1832	3
1833	0
1834	3
1835	0
1836	0
1837	3
1838	3
1839	0
1840	3
1841	0
1842	2
1843	2
1844	0
1845	3
1846	3
1847	0
1848	2
1849	3
1850	3
1851	0
1852	1
1853	3
1854	3
1855	1
1856	0
1857	3
1858	3
1859	1
1860	0
1861	0
1862	3
1863	0
1864	0
1865	3
1866	0
1867	3
1868	0
1869	3
1870	1
1871	0
1872	1
1873	0
1874	1
1875	3
1876	0
1877	0
1878	0
1879	0
1880	0
1881	0
1882	0
1883	3
1884	0
1885	0
1886	0
1887	0
1888	0
1889	3
1890	0
1891	0
1892	0
1893	0
1894	3
1895	3
1896	1
1897	3
1898	3
1899	3
1900	0
1901	0
1902	0
1903	3
1904	1
1905	0
1906	1
1907	3
1908	0
1909	0
1910	3
1911	0
1912	0
1913	3
1914	3
1915	3
1916	1
1917	3
1918	3
1919	0
1920	0
1921	0
1922	3
1923	0
1924	0
1925	3
1926	3
1927	1
1928	0
1929	0
1930	0
1931	3
1932	3
1933	0
1934	3
1935	1
1936	0
1937	3
1938	0
1939	1
1940	0
1941	2
1942	3
1943	3
1944	1
1945	0
1946	0
1947	3
1948	0
1949	0
1950	3
1951	0
1952	3
1953	3
1954	3
1955	2
1956	3
1957	0
1958	1
1959	0
1960	3
1961	3
1962	3
1963	2
1964	0
1965	2
1966	3
1967	3
1968	2
1969	3
1970	2
1971	0
1972	0
1973	3
1974	3
1975	3
1976	0
1977	0
1978	2
1979	3
1980	0
1981	0
1982	3
1983	2
1984	0
1985	3
1986	0
1987	0
1988	0
1989	3
1990	3
1991	0
1992	3
1993	3
1994	2
1995	0
1996	3
1997	2
1998	3
1999	0
2000	0
2001	3
2002	0
2003	3
2004	0
2005	0
2006	3
2007	1
2008	0
2009	0
2010	0
2011	0
2012	3
2013	0
2014	1
2015	3
2016	3
2017	3
2018	0
2019	3
2020	0
2021	3
2022	0
2023	3
2024	3
2025	3
2026	3
2027	1
2028	1
2029	3
2030	3
2031	3
2032	0
2033	2
2034	0
2035	3
2036	0
2037	3
2038	3
2039	0
2040	2
2041	3
2042	1
2043	0
2044	1
2045	0
2046	3
2047	1
2048	0
2049	2
2050	1
2051	3
2052	3
2053	1
2054	2
2055	3
2056	0
2057	1
2058	1
2059	0
2060	3
2061	2
2062	3
2063	0
2064	0
2065	3
2066	0
2067	2
2068	3
2069	0
2070	0
2071	1
2072	0
2073	1
2074	0
2075	2
2076	3
2077	3
2078	3
2079	0
2080	0
2081	2
2082	0
2083	3
2084	1
2085	0
2086	3
2087	2
2088	2
2089	3
2090	0
2091	3
2092	1
2093	0
2094	3
2095	0
2096	3
2097	3
2098	0
2099	0
2100	3
2101	1
2102	3
2103	0
2104	0
2105	3
2106	0
2107	3
2108	2
2109	3
2110	2
2111	3
2112	1
2113	0
2114	0
2115	2
2116	3
2117	3
2118	0
2119	3
2120	0
2121	0
2122	2
2123	3
2124	1
2125	1
2126	2
2127	3
2128	1
2129	3
2130	1
2131	2
2132	3
2133	0
2134	3
2135	3
2136	0
2137	3
2138	0
2139	0
2140	0
2141	1
2142	3
2143	0
2144	0
2145	0
2146	1
2147	0
2148	2
2149	0
2150	3
2151	1
2152	0
2153	0
2154	2
2155	3
2156	0
2157	3
2158	0
2159	3
2160	0
2161	1
2162	3
2163	3
2164	3
2165	0
2166	2
2167	1
2168	0
2169	3
2170	1
2171	3
2172	3
2173	2
2174	3
2175	0
2176	0
2177	0
2178	0
2179	2
2180	0
2181	3
2182	3
2183	3
2184	0
2185	3
2186	0
2187	0
2188	0
2189	3
2190	2
2191	0
2192	3
2193	3
2194	1
2195	3
2196	3
2197	3
2198	2
2199	3
2200	0
2201	0
2202	1
2203	3
2204	0
2205	0
2206	3
2207	3
2208	3
2209	1
2210	0
2211	2
2212	3
2213	3
2214	3
2215	0
2216	0
2217	0
2218	0
2219	0
2220	0
2221	3
2222	0
2223	0
2224	1
2225	0
2226	0
2227	3
2228	0
2229	0
2230	2
2231	0
2232	3
2233	3
2234	0
2235	3
2236	3
2237	3
2238	0
2239	0
2240	0
2241	3
2242	0
2243	2
2244	0
2245	2
2246	0
2247	0
2248	0
2249	3
2250	0
2251	3
2252	3
2253	1
2254	0
2255	0
2256	0
2257	3
2258	0
2259	3
2260	3
2261	0
2262	3
2263	0
2264	3
2265	3
2266	0
2267	3
2268	0
2269	0
2270	3
2271	3
2272	1
2273	3
2274	0
2275	0
2276	0
2277	1
2278	3
2279	2
2280	0
2281	1
2282	0
2283	0
2284	3
2285	3
2286	0
2287	3
2288	1
2289	3
2290	1
2291	3
2292	2
2293	3
2294	3
2295	3
2296	2
2297	3
2298	1
2299	0
2300	3
2301	0
2302	0
2303	3
2304	0
2305	0
2306	3
2307	3
2308	3
2309	2
2310	3
2311	1
2312	0
2313	1
2314	3
2315	3
2316	0
2317	3
2318	3
2319	2
2320	0
2321	1
2322	3
2323	3
2324	3
2325	0
2326	0
2327	3
2328	0
2329	2
2330	0
2331	3
2332	3
2333	3
2334	0
2335	3
2336	0
2337	0
2338	0
2339	3
2340	3
2341	2
2342	1
2343	3
2344	0
2345	3
2346	0
2347	0
2348	3
2349	2
2350	0
2351	1
2352	0
2353	2
2354	0
2355	0
2356	3
2357	2
2358	0
2359	0
2360	0
2361	0
2362	3
2363	0
2364	3
2365	3
2366	3
2367	3
2368	2
2369	0
2370	3
2371	3
2372	0
2373	0
2374	0
2375	0
2376	3
2377	0
2378	3
2379	3
2380	0
2381	0
2382	3
2383	3
2384	0
2385	3
2386	0
2387	0
2388	0
2389	3
2390	0
2391	3
2392	0
2393	0
2394	3
2395	1
2396	0
2397	2
2398	0
2399	0
2400	3
2401	0
2402	0
2403	3
2404	0
2405	2
2406	0
2407	0
2408	0
2409	3
2410	0
2411	2
2412	3
2413	0
2414	3
2415	2
2416	0
2417	0
2418	3
2419	0
2420	3
2421	3
2422	0
2423	3
2424	3
2425	3
2426	2
2427	0
2428	0
2429	1
2430	0
2431	3
2432	2
2433	0
2434	0
2435	0
2436	0
2437	2
2438	3
2439	3
2440	2
2441	0
2442	0
2443	2
2444	1
2445	3
2446	1
2447	3
2448	1
2449	3
2450	3
2451	0
2452	1
2453	3
2454	0
2455	0
2456	1
2457	0
2458	3
2459	3
2460	3
2461	3
2462	0
2463	1
2464	3
2465	3
2466	0
2467	3
2468	0
2469	3
2470	0
2471	3
2472	3
2473	3
2474	1
2475	3
2476	1
2477	2
2478	3
2479	3
2480	3
2481	3
2482	0
2483	3
2484	3
2485	3
2486	2
2487	0
2488	3
2489	0
2490	0
2491	3
2492	3
2493	3
2494	1
2495	0
2496	2
2497	0
2498	0
2499	3
2500	2
2501	3
2502	0
2503	2
2504	0
2505	2
2506	0
2507	3
2508	0
2509	0
2510	3
2511	0
2512	0
2513	3
2514	0
2515	0
2516	2
2517	0
2518	0
2519	0
2520	0
2521	1
2522	0
2523	0
2524	3
2525	2
2526	0
2527	2
2528	0
2529	3
2530	1
2531	0
2532	3
2533	3
2534	2
2535	1
2536	3
2537	2
2538	0
2539	0
2540	3
2541	0
2542	0
2543	0
2544	0
2545	3
2546	0
2547	3
2548	0
2549	0
2550	0
2551	0
2552	0
2553	3
2554	1
2555	1
2556	1
2557	1
2558	0
2559	3
2560	1
2561	0
2562	1
2563	1
2564	3
2565	1
2566	3
2567	0
2568	1
2569	1
2570	0
2571	2
2572	3
2573	3
2574	2
2575	3
2576	0
2577	3
2578	1
2579	0
2580	3
2581	1
2582	3
2583	0
2584	2
2585	3
2586	2
2587	0
2588	3
2589	1
2590	0
2591	0
2592	0
2593	1
2594	0
2595	0
2596	0
2597	2
2598	0
2599	3
2600	0
2601	0
2602	3
2603	3
2604	3
2605	1
2606	3
2607	0
2608	0
2609	3
2610	2
2611	3
2612	3
2613	3
2614	0
2615	3
2616	0
2617	0
2618	0
2619	0
2620	0
2621	3
2622	3
2623	0
2624	3
2625	0
2626	0
2627	0
2628	0
2629	3
2630	3
2631	3
2632	0
2633	3
2634	3
2635	1
2636	3
2637	0
2638	3
2639	3
2640	3
2641	3
2642	0
2643	1
2644	0
2645	3
2646	0
2647	3
2648	3
2649	2
2650	3
2651	2
2652	0
2653	3
2654	1
2655	3
2656	3
2657	0
2658	2
2659	3
2660	2
2661	3
2662	3
2663	0
2664	0
2665	3
2666	0
2667	1
2668	1
2669	3
2670	0
2671	0
2672	0
2673	0
2674	1
2675	0
2676	3
2677	1
2678	3
2679	0
2680	3
2681	3
2682	0
2683	0
2684	0
2685	3
2686	0
2687	3
2688	3
2689	0
2690	0
2691	0
2692	1
2693	0
2694	3
2695	0
2696	3
2697	3
2698	1
2699	3
2700	0
2701	3
2702	3
2703	1
2704	3
2705	1
2706	0
2707	0
2708	0
2709	0
2710	3
2711	0
2712	0
2713	3
2714	0
2715	1
2716	0
2717	0
2718	0
2719	0
2720	3
2721	0
2722	3
2723	0
2724	3
2725	3
2726	0
2727	0
2728	0
2729	3
2730	0
2731	3
2732	0
2733	3
2734	2
2735	0
2736	3
2737	3
2738	2
2739	0
2740	0
2741	3
2742	2
2743	0
2744	3
2745	3
2746	0
2747	1
2748	3
2749	0
2750	3
2751	0
2752	3
2753	0
2754	3
2755	1
2756	3
2757	3
2758	3
2759	3
2760	1
2761	3
2762	2
2763	0
2764	0
2765	0
2766	3
2767	3
2768	3
2769	3
2770	0
2771	3
2772	0
2773	2
2774	0
2775	0
2776	3
2777	3
2778	3
2779	3
2780	1
2781	3
2782	3
2783	2
2784	0
2785	3
2786	0
2787	3
2788	3
2789	3
2790	1
2791	3
2792	0
2793	2
2794	3
2795	3
2796	3
2797	1
2798	2
2799	0
2800	3
2801	3
2802	0
2803	1
2804	0
2805	3
2806	3
2807	1
2808	2
2809	3
2810	3
2811	0
2812	1
2813	0
2814	3
2815	3
2816	3
2817	3
2818	1
2819	3
2820	3
2821	0
2822	0
2823	3
2824	2
2825	3
2826	0
2827	0
2828	0
2829	3
2830	0
2831	3
2832	0
2833	0
2834	0
2835	0
2836	1
2837	0
2838	3
2839	3
2840	0
2841	3
2842	0
2843	0
2844	3
2845	3
2846	0
2847	3
2848	1
2849	3
2850	0
2851	3
2852	1
2853	3
2854	0
2855	0
2856	0
2857	3
2858	0
2859	3
2860	3
2861	2
2862	0
2863	0
2864	0
2865	0
2866	0
2867	0
2868	3
2869	0
2870	0
2871	3
2872	0
2873	3
2874	3
2875	0
2876	3
2877	3
2878	0
2879	3
2880	3
2881	0
2882	0
2883	0
2884	0
2885	0
2886	3
2887	3
2888	0
2889	3
2890	0
2891	3
2892	3
2893	0
2894	0
2895	0
2896	1
2897	3
2898	3
2899	0
2900	3
2901	0
2902	0
2903	0
2904	0
2905	2
2906	0
2907	3
2908	0
2909	0
2910	3
2911	0
2912	1
2913	0
2914	3
2915	3
2916	1
2917	3
2918	0
2919	0
2920	3
2921	3
2922	2
2923	3
2924	2
2925	3
2926	2
2927	0
2928	0
2929	0
2930	0
2931	3
2932	1
2933	0
2934	0
2935	0
2936	0
2937	0
2938	3
2939	0
2940	1
2941	0
2942	0
2943	1
2944	0
2945	0
2946	0
2947	3
2948	3
2949	2
2950	3
2951	3
2952	2
2953	3
2954	3
2955	0
2956	0
2957	0
2958	3
2959	0
2960	0
2961	3
2962	2
2963	3
2964	0
2965	3
2966	0
2967	1
2968	3
2969	0
2970	0
2971	2
2972	0
2973	3
2974	0
2975	0
2976	0
2977	3
2978	0
2979	3
2980	3
2981	1
2982	2
2983	0
2984	3
2985	3
2986	3
2987	0
2988	0
2989	0
2990	3
2991	3
2992	3
2993	3
2994	1
2995	0
2996	2
2997	0
2998	1
2999	0
3000	0
3001	3
3002	0
3003	0
3004	2
3005	0
3006	3
3007	3
3008	3
3009	0
3010	3
3011	3
3012	0
3013	3
3014	0
3015	3
3016	0
3017	0
3018	0
3019	3
3020	0
3021	3
3022	0
3023	3
3024	3
3025	0
3026	0
3027	3
3028	0
3029	3
3030	0
3031	3
3032	3
3033	0
3034	3
3035	3
3036	1
3037	0
3038	3
3039	3
3040	0
3041	2
3042	0
3043	3
3044	3
3045	3
3046	0
3047	0
3048	3
3049	0
3050	3
3051	3
3052	1
3053	1
3054	3
3055	0
3056	0
3057	2
3058	0
3059	0
3060	3
3061	2
3062	1
3063	0
3064	1
3065	3
3066	0
3067	3
3068	0
3069	3
3070	3
3071	0
3072	1
3073	3
3074	0
3075	3
3076	2
3077	0
3078	2
3079	0
3080	0
3081	0
3082	0
3083	0
3084	3
3085	0
3086	3
3087	0
3088	0
3089	2
3090	3
3091	3
3092	3
3093	0
3094	0
3095	3
3096	3
3097	0
3098	0
3099	0
3100	0
3101	3
3102	0
3103	0
3104	0
3105	0
3106	1
3107	1
3108	1
3109	0
3110	0
3111	3
3112	0
3113	3
3114	0
3115	0
3116	0
3117	1
3118	3
3119	3
3120	0
3121	3
3122	0
3123	0
3124	0
3125	3
3126	0
3127	3
3128	0
3129	0
3130	3
3131	0
3132	0
3133	0
3134	3
3135	0
3136	0
3137	2
3138	3
3139	0
3140	0
3141	3
3142	0
3143	2
3144	0
3145	3
3146	3
3147	0
3148	3
3149	1
3150	2
3151	2
3152	0
3153	0
3154	0
3155	0
3156	3
3157	0
3158	0
3159	1
3160	0
3161	3
3162	0
3163	0
3164	3
3165	1
3166	0
3167	0
3168	0
3169	3
3170	0
3171	0
3172	0
3173	3
3174	3
3175	1
3176	0
3177	0
3178	2
3179	3
3180	3
3181	3
3182	3
3183	3
3184	2
3185	0
3186	3
3187	3
3188	3
3189	3
3190	0
3191	0
3192	1
3193	2
3194	3
3195	2
3196	0
3197	0
3198	3
3199	3
3200	0
3201	0
3202	1
3203	3
3204	3
3205	0
3206	0
3207	2
3208	3
3209	3
3210	0
3211	3
3212	3
3213	3
3214	0
3215	1
3216	1
3217	3
3218	0
3219	1
3220	3
3221	0
3222	0
3223	0
3224	2
3225	2
3226	3
3227	0
3228	0
3229	3
3230	0
3231	2
3232	0
3233	2
3234	0
3235	3
3236	3
3237	0
3238	2
3239	3
3240	0
3241	3
3242	3
3243	0
3244	1
3245	1
3246	3
3247	3
3248	0
3249	0
3250	0
3251	3
3252	3
3253	0
3254	3
3255	0
3256	3
3257	3
3258	0
3259	0
3260	3
3261	0
3262	3
3263	3
3264	2
3265	0
3266	0
3267	1
3268	0
3269	3
3270	1
3271	0
3272	0
3273	2
3274	3
3275	1
3276	3
3277	2
3278	2
3279	0
3280	3
3281	0
3282	3
3283	0
3284	0
3285	3
3286	0
3287	3
3288	0
3289	0
3290	3
3291	0
3292	0
3293	2
3294	0
3295	1
3296	0
3297	3
3298	0
3299	3
3300	0
3301	3
3302	0
3303	3
3304	1
3305	3
3306	0
3307	3
3308	0
3309	0
3310	2
3311	3
3312	3
3313	0
3314	3
3315	3
3316	3
3317	0
3318	3
3319	3
3320	0
3321	3
3322	2
3323	3
3324	3
3325	0
3326	0
3327	0
3328	1
3329	0
3330	3
3331	0
3332	1
3333	0
3334	1
3335	0
3336	0
3337	3
3338	1
3339	1
3340	3
3341	3
3342	0
3343	0
3344	2
3345	0
3346	0
3347	3
3348	3
3349	0
3350	3
3351	3
3352	0
3353	3
3354	3
3355	0
3356	0
3357	2
3358	0
3359	2
3360	0
3361	0
3362	3
3363	0
3364	3
3365	3
3366	1
3367	3
3368	0
3369	0
3370	3
3371	0
3372	3
3373	3
3374	0
3375	3
3376	3
3377	0
3378	0
3379	0
3380	3
3381	0
3382	1
3383	3
3384	1
3385	3
3386	0
3387	0
3388	2
3389	3
3390	0
3391	3
3392	1
3393	3
3394	3
3395	2
3396	3
3397	3
3398	2
3399	0
3400	0
3401	0
3402	2
3403	3
3404	0
3405	3
3406	0
3407	0
3408	0
3409	0
3410	0
3411	1
3412	3
3413	3
3414	2
3415	0
3416	0
3417	0
3418	0
3419	0
3420	3
3421	3
3422	0
3423	3
3424	0
3425	0
3426	3
3427	3
3428	3
3429	1
3430	1
3431	0
3432	3
3433	0
3434	0
3435	3
3436	0
3437	0
3438	3
3439	1
3440	0
3441	0
3442	2
3443	0
3444	0
3445	3
3446	0
3447	0
3448	2
3449	0
3450	0
3451	1
3452	3
3453	0
3454	1
3455	3
3456	0
3457	0
3458	0
3459	3
3460	0
3461	2
3462	0
3463	0
3464	0
3465	0
3466	3
3467	1
3468	0
3469	1
3470	3
3471	0
3472	3
3473	3
3474	3
3475	0
3476	2
3477	3
3478	0
3479	3
3480	3
3481	3
3482	3
3483	3
3484	3
3485	3
3486	0
3487	2
3488	2
3489	3
3490	3
3491	0
3492	3
3493	3
3494	3
3495	3
3496	0
3497	3
3498	0
3499	0
3500	3
3501	0
3502	1
3503	3
3504	3
3505	3
3506	3
3507	1
3508	0
3509	3
3510	0
3511	3
3512	0
3513	3
3514	0
3515	0
3516	3
3517	1
3518	0
3519	3
3520	3
3521	0
3522	0
3523	3
3524	3
3525	0
3526	0
3527	3
3528	3
3529	0
3530	0
3531	0
3532	0
3533	3
3534	0
3535	1
3536	0
3537	3
3538	0
3539	0
3540	0
3541	0
3542	0
3543	3
3544	3
3545	0
3546	3
3547	0
3548	3
3549	0
3550	0
3551	2
3552	3
3553	3
3554	0
3555	0
3556	3
3557	3
3558	0
3559	0
3560	2
3561	0
3562	3
3563	0
3564	3
3565	0
3566	3
3567	3
3568	3
3569	0
3570	3
3571	0
3572	3
3573	0
3574	0
3575	3
3576	3
3577	0
3578	0
3579	0
3580	0
3581	1
3582	0
3583	0
3584	3
3585	0
3586	0
3587	3
3588	3
3589	3
3590	3
3591	0
3592	3
3593	2
3594	0
3595	3
3596	0
3597	3
3598	3
3599	1
3600	2
3601	0
3602	3
3603	0
3604	0
3605	0
3606	0
3607	1
3608	1
3609	3
3610	3
3611	0
3612	0
3613	0
3614	3
3615	0
3616	3
3617	3
3618	3
3619	3
3620	3
3621	0
3622	2
3623	3
3624	3
3625	0
3626	1
3627	1
3628	0
3629	0
3630	1
3631	2
3632	3
3633	0
3634	0
3635	3
3636	0
3637	0
3638	0
3639	1
3640	3
3641	3
3642	1
3643	3
3644	3
3645	0
3646	2
3647	0
3648	3
3649	0
3650	0
3651	3
3652	0
3653	3
3654	0
3655	3
3656	0
3657	3
3658	0
3659	2
3660	2
3661	3
3662	0
3663	0
3664	3
3665	3
3666	0
3667	2
3668	3
3669	0
3670	2
3671	3
3672	0
3673	3
3674	0
3675	0
3676	3
3677	2
3678	2
3679	0
3680	3
3681	3
3682	0
3683	3
3684	2
3685	3
3686	3
3687	0
3688	0
3689	0
3690	0
3691	3
3692	1
3693	3
3694	1
3695	0
3696	3
3697	0
3698	0
3699	3
3700	1
3701	2
3702	0
3703	0
3704	0
3705	0
3706	1
3707	0
3708	2
3709	3
3710	0
3711	0
3712	0
3713	0
3714	0
3715	0
3716	3
3717	3
3718	0
3719	0
3720	0
3721	0
3722	3
3723	0
3724	0
3725	3
3726	3
3727	0
3728	3
3729	0
3730	0
3731	3
3732	1
3733	3
3734	0
3735	3
3736	0
3737	0
3738	0
3739	1
3740	3
3741	2
3742	0
3743	0
3744	3
3745	0
3746	0
3747	0
3748	3
3749	0
3750	0
3751	3
3752	2
3753	0
3754	3
3755	3
3756	0
3757	3
3758	3
3759	0
3760	3
3761	3
3762	0
3763	3
3764	3
3765	3
3766	0
3767	0
3768	1
3769	2
3770	0
3771	3
3772	3
3773	0
3774	3
3775	2
3776	3
3777	0
3778	3
3779	3
3780	0
3781	0
3782	0
3783	1
3784	0
3785	0
3786	3
3787	0
3788	0
3789	3
3790	1
3791	0
3792	0
3793	0
3794	3
3795	0
3796	3
3797	3
3798	0
3799	0
3800	3
3801	2
3802	0
3803	2
3804	3
3805	1
3806	1
3807	3
3808	0
3809	0
3810	3
3811	0
3812	0
3813	3
3814	2
3815	0
3816	0
3817	0
3818	1
3819	0
3820	3
3821	2
3822	0
3823	0
3824	1
3825	0
3826	3
3827	0
3828	3
3829	3
3830	0
3831	3
3832	0
3833	0
3834	2
3835	3
3836	3
3837	0
3838	3
3839	0
3840	3
3841	2
3842	2
3843	0
3844	0
3845	3
3846	2
3847	0
3848	3
3849	3
3850	0
3851	0
3852	0
3853	0
3854	0
3855	0
3856	1
3857	3
3858	3
3859	0
3860	1
3861	0
3862	3
3863	0
3864	0
3865	1
3866	3
3867	3
3868	3
3869	1
3870	0
3871	0
3872	1
3873	0
3874	3
3875	1
3876	0
3877	0
3878	1
3879	0
3880	3
3881	0
3882	3
3883	0
3884	3
3885	1
3886	0
3887	3
3888	0
3889	2
3890	2
3891	0
3892	1
3893	3
3894	3
3895	3
3896	0
3897	3
3898	3
3899	0
3900	3
3901	2
3902	0
3903	3
3904	3
3905	1
3906	3
3907	3
3908	0
3909	3
3910	0
3911	0
3912	0
3913	1
3914	3
3915	3
3916	0
3917	2
3918	0
3919	0
3920	0
3921	0
3922	0
3923	2
3924	3
3925	3
3926	3
3927	3
3928	0
3929	2
3930	3
3931	1
3932	1
3933	3
3934	1
3935	0
3936	0
3937	0
3938	3
3939	0
3940	0
3941	0
3942	3
3943	0
3944	0
3945	0
3946	3
3947	3
3948	0
3949	3
3950	3
3951	3
3952	0
3953	2
3954	0
3955	3
3956	3
3957	3
3958	0
3959	3
3960	0
3961	3
3962	0
3963	0
3964	1
3965	3
3966	3
3967	0
3968	0
3969	0
3970	3
3971	1
3972	3
3973	3
3974	3
3975	3
3976	0
3977	1
3978	3
3979	0
3980	0
3981	3
3982	0
3983	0
3984	2
3985	3
3986	3
3987	0
3988	0
3989	0
3990	3
3991	2
3992	0
3993	3
3994	3
3995	0
3996	0
3997	0
3998	0
3999	0
4000	1
4001	1
4002	0
4003	3
4004	3
4005	1
4006	3
4007	3
4008	2
4009	1
4010	2
4011	3
4012	0
4013	0
4014	0
4015	2
4016	3
4017	2
4018	3
4019	0
4020	3
4021	0
4022	0
4023	3
4024	1
4025	1
4026	2
4027	0
4028	3
4029	0
4030	0
4031	3
4032	3
4033	0
4034	3
4035	0
4036	3
4037	0
4038	0
4039	0
4040	0
4041	0
4042	3
4043	2
4044	2
4045	3
4046	3
4047	0
4048	0
4049	0
4050	3
4051	0
4052	2
4053	0
4054	0
4055	3
4056	0
4057	0
4058	3
4059	2
4060	3
4061	3
4062	3
4063	2
4064	0
4065	0
4066	3
4067	0
4068	0
4069	2
4070	2
4071	0
4072	0
4073	0
4074	3
4075	3
4076	3
4077	0
4078	0
4079	0
4080	3
4081	0
4082	2
4083	3
4084	0
4085	1
4086	0
4087	0
4088	3
4089	0
4090	0
4091	3
4092	0
4093	3
4094	0
4095	1
4096	0
4097	3
4098	0
4099	0
4100	0
4101	0
4102	3
4103	1
4104	0
4105	0
4106	1
4107	3
4108	0
4109	3
4110	3
4111	3
4112	3
4113	0
4114	0
4115	0
4116	0
4117	3
4118	0
4119	3
4120	0
4121	0
4122	3
4123	0
4124	0
4125	3
4126	3
4127	0
4128	0
4129	0
4130	0
4131	1
4132	0
4133	3
4134	3
4135	2
4136	3
4137	3
4138	3
4139	0
4140	3
4141	0
4142	0
4143	0
4144	2
4145	0
4146	0
4147	0
4148	3
4149	3
4150	0
4151	3
4152	0
4153	1
4154	2
4155	2
4156	3
4157	0
4158	0
4159	2
4160	3
4161	0
4162	0
4163	3
4164	3
4165	2
4166	0
4167	1
4168	3
4169	0
4170	0
4171	2
4172	3
4173	3
4174	0
4175	0
4176	0
4177	1
4178	0
4179	2
4180	0
4181	1
4182	0
4183	1
4184	0
4185	0
4186	0
4187	3
4188	3
4189	3
4190	0
4191	3
4192	0
4193	3
4194	3
4195	1
4196	1
4197	3
4198	0
4199	0
4200	0
4201	0
4202	0
4203	1
4204	0
4205	0
4206	0
4207	0
4208	3
4209	3
4210	1
4211	3
4212	0
4213	2
4214	0
4215	1
4216	3
4217	0
4218	0
4219	3
4220	2
4221	2
4222	3
4223	2
4224	3
4225	2
4226	2
4227	0
4228	0
4229	3
4230	0
4231	3
4232	3
4233	0
4234	0
4235	3
4236	3
4237	3
4238	0
4239	3
4240	3
4241	3
4242	3
4243	3
4244	3
4245	1
4246	0
4247	3
4248	3
4249	3
4250	3
4251	3
4252	0
4253	0
4254	3
4255	3
4256	0
4257	3
4258	3
4259	3
4260	3
4261	3
4262	2
4263	1
4264	3
4265	3
4266	0
4267	3
4268	3
4269	3
4270	3
4271	2
4272	0
4273	3
4274	0
4275	3
4276	3
4277	2
4278	0
4279	0
4280	3
4281	3
4282	0
4283	3
4284	0
4285	3
4286	2
4287	0
4288	0
4289	0
4290	0
4291	0
4292	3
4293	3
4294	3
4295	3
4296	3
4297	0
4298	2
4299	0
4300	1
4301	3
4302	3
4303	0
4304	0
4305	0
4306	0
4307	0
4308	0
4309	0
4310	3
4311	3
4312	0
4313	0
4314	3
4315	0
4316	3
4317	3
4318	0
4319	2
4320	3
4321	3
4322	3
4323	0
4324	3
4325	3
4326	3
4327	3
4328	3
4329	3
4330	0
4331	3
4332	3
4333	3
4334	0
4335	0
4336	3
4337	3
4338	3
4339	3
4340	0
4341	3
4342	3
4343	3
4344	3
4345	0
4346	3
4347	2
4348	3
4349	3
4350	0
4351	3
4352	3
4353	3
4354	3
4355	3
4356	3
4357	0
4358	3
4359	3
4360	0
4361	3
4362	3
4363	0
4364	3
4365	2
4366	2
4367	1
4368	0
4369	0
4370	0
4371	3
4372	3
4373	0
4374	1
4375	3
4376	0
4377	0
4378	0
4379	3
4380	1
4381	3
4382	3
4383	3
4384	3
4385	0
4386	3
4387	0
4388	2
4389	3
4390	0
4391	3
4392	0
4393	3
4394	1
4395	0
4396	3
4397	2
4398	0
4399	3
4400	3
4401	0
4402	3
4403	0
4404	0
4405	3
4406	0
4407	2
4408	3
4409	1
4410	0
4411	0
4412	3
4413	0
4414	3
4415	3
4416	0
4417	0
4418	0
4419	0
4420	3
4421	0
4422	3
4423	0
4424	3
4425	2
4426	2
4427	3
4428	3
4429	3
4430	3
4431	0
4432	0
4433	3
4434	3
4435	3
4436	0
4437	3
4438	2
4439	0
4440	3
4441	3
4442	0
4443	3
4444	3
4445	0
4446	0
4447	0
4448	0
4449	0
4450	0
4451	0
4452	0
4453	3
4454	3
4455	0
4456	0
4457	0
4458	0
4459	1
4460	3
4461	0
4462	0
4463	0
4464	0
4465	2
4466	0
4467	2
4468	3
4469	3
4470	0
4471	0
4472	3
4473	0
4474	3
4475	3
4476	0
4477	0
4478	0
4479	3
4480	0
4481	3
4482	0
4483	3
4484	3
4485	1
4486	0
4487	0
4488	1
4489	0
4490	1
4491	0
4492	3
4493	3
4494	0
4495	3
4496	0
4497	0
4498	0
4499	1
4500	0
4501	3
4502	3
4503	3
4504	3
4505	3
4506	0
4507	3
4508	3
4509	0
4510	0
4511	3
4512	0
4513	0
4514	0
4515	3
4516	0
4517	3
4518	3
4519	3
4520	3
4521	0
4522	0
4523	2
4524	0
4525	1
4526	3
4527	3
4528	0
4529	0
4530	3
4531	0
4532	3
4533	0
4534	3
4535	3
4536	3
4537	0
4538	3
4539	0
4540	3
4541	3
4542	3
4543	3
4544	3
4545	3
4546	2
4547	3
4548	3
4549	2
4550	0
4551	0
4552	0
4553	0
4554	0
4555	0
4556	0
4557	3
4558	0
4559	3
4560	1
4561	3
4562	3
4563	0
4564	3
4565	3
4566	0
4567	3
4568	3
4569	3
4570	1
4571	0
4572	0
4573	0
4574	0
4575	3
4576	3
4577	0
4578	0
4579	3
4580	3
4581	3
4582	3
4583	3
4584	2
4585	3
4586	2
4587	2
4588	0
4589	3
4590	0
4591	3
4592	2
4593	0
4594	3
4595	0
4596	1
4597	0
4598	1
4599	0
4600	3
4601	0
4602	3
4603	3
4604	0
4605	2
4606	3
4607	3
4608	3
4609	3
4610	0
4611	0
4612	3
4613	3
4614	3
4615	3
4616	3
4617	0
4618	0
4619	0
4620	0
4621	0
4622	3
4623	3
4624	0
4625	0
4626	0
4627	3
4628	0
4629	2
4630	3
4631	0
4632	0
4633	2
4634	0
4635	1
4636	0
4637	0
4638	1
4639	3
4640	0
4641	2
4642	3
4643	0
4644	3
4645	3
4646	0
4647	3
4648	0
4649	0
4650	0
4651	0
4652	0
4653	3
4654	2
4655	0
4656	0
4657	1
4658	3
4659	0
4660	0
4661	3
4662	3
4663	3
4664	0
4665	0
4666	2
4667	1
4668	0
4669	2
4670	0
4671	0
4672	3
4673	0
4674	0
4675	0
4676	0
4677	0
4678	3
4679	0
4680	3
4681	0
4682	0
4683	2
4684	0
4685	3
4686	3
4687	3
4688	2
4689	1
4690	0
4691	3
4692	1
4693	0
4694	0
4695	3
4696	3
4697	3
4698	0
4699	2
4700	3
4701	0
4702	3
4703	3
4704	3
4705	0
4706	1
4707	0
4708	3
4709	3
4710	1
4711	0
4712	3
4713	0
4714	0
4715	0
4716	0
4717	3
4718	0
4719	2
4720	3
4721	2
4722	0
4723	3
4724	3
4725	3
4726	0
4727	2
4728	2
4729	0
4730	2
4731	3
4732	3
4733	0
4734	0
4735	0
4736	3
4737	0
4738	1
4739	3
4740	3
4741	0
4742	3
4743	3
4744	0
4745	3
4746	0
4747	1
4748	3
4749	3
4750	3
4751	0
4752	2
4753	3
4754	3
4755	0
4756	3
4757	0
4758	3
4759	3
4760	0
4761	3
4762	2
4763	0
4764	0
4765	0
4766	0
4767	0
4768	3
4769	0
4770	0
4771	3
4772	1
4773	1
4774	0
4775	1
4776	3
4777	3
4778	3
4779	3
4780	3
4781	0
4782	3
4783	0
4784	0
4785	3
4786	0
4787	1
4788	3
4789	3
4790	3
4791	3
4792	0
4793	1
4794	0
4795	0
4796	3
4797	0
4798	0
4799	3
4800	0
4801	3
4802	0
4803	3
4804	0
4805	3
4806	0
4807	0
4808	1
4809	0
4810	0
4811	0
4812	1
4813	0
4814	2
4815	2
4816	0
4817	3
4818	3
4819	0
4820	3
4821	3
4822	3
4823	3
4824	2
4825	0
4826	2
4827	1
4828	0
4829	0
4830	0
4831	3
4832	0
4833	0
4834	3
4835	0
4836	2
4837	3
4838	2
4839	3
4840	0
4841	0
4842	0
4843	3
4844	3
4845	3
4846	3
4847	3
4848	2
4849	0
4850	3
4851	1
4852	3
4853	3
4854	3
4855	3
4856	3
4857	3
4858	1
4859	1
4860	3
4861	1
4862	1
4863	0
4864	3
4865	3
4866	3
4867	3
4868	3
4869	2
4870	2
4871	0
4872	0
4873	3
4874	1
4875	0
4876	3
4877	2
4878	0
4879	3
4880	3
4881	3
4882	0
4883	0
4884	3
4885	0
4886	0
4887	3
4888	3
4889	3
4890	0
4891	3
4892	3
4893	3
4894	0
4895	3
4896	3
4897	3
4898	0
4899	0
4900	3
4901	0
4902	0
4903	1
4904	3
4905	3
4906	0
4907	2
4908	0
4909	0
4910	0
4911	3
4912	3
4913	3
4914	0
4915	3
4916	3
4917	0
4918	0
4919	3
4920	0
4921	3
4922	0
4923	1
4924	3
4925	0
4926	0
4927	2
4928	0
4929	3
4930	3
4931	2
4932	2
4933	0
4934	3
4935	1
4936	3
4937	3
4938	3
4939	1
4940	3
4941	0
4942	3
4943	0
4944	0
4945	0
4946	2
4947	3
4948	3
4949	3
4950	0
4951	3
4952	1
4953	0
4954	3
4955	1
4956	0
4957	0
4958	0
4959	3
4960	0
4961	0
4962	1
4963	1
4964	3
4965	3
4966	0
4967	1
4968	0
4969	0
4970	3
4971	3
4972	3
4973	0
4974	0
4975	3
4976	0
4977	0
4978	3
4979	3
4980	3
4981	3
4982	0
4983	2
4984	3
4985	3
4986	0
4987	3
4988	3
4989	1
4990	3
4991	1
4992	3
4993	3
4994	1
4995	0
4996	0
4997	3
4998	3
4999	0
5000	3
5001	3
5002	2
5003	0
5004	2
5005	3
5006	3
5007	3
5008	3
5009	3
5010	0
5011	3
5012	3
5013	3
5014	0
5015	3
5016	0
5017	1
5018	0
5019	0
5020	3
5021	2
5022	2
5023	3
5024	3
5025	0
5026	3
5027	3
5028	0
5029	1
5030	1
5031	3
5032	0
5033	0
5034	0
5035	0
5036	0
5037	0
5038	0
5039	3
5040	3
5041	0
5042	0
5043	3
5044	0
5045	0
5046	3
5047	3
5048	3
5049	0
5050	3
5051	2
5052	0
5053	1
5054	0
5055	2
5056	2
5057	2
5058	2
5059	0
5060	3
5061	3
5062	3
5063	0
5064	0
5065	3
5066	0
5067	1
5068	3
5069	2
5070	3
5071	0
5072	3
5073	2
5074	3
5075	3
5076	0
5077	0
5078	0
5079	3
5080	2
5081	2
5082	3
5083	3
5084	2
5085	0
5086	3
5087	2
5088	0
5089	0
5090	1
5091	3
5092	3
5093	3
5094	3
5095	1
5096	3
5097	3
5098	0
5099	1
5100	0
5101	3
5102	3
5103	3
5104	0
5105	0
5106	3
5107	3
5108	0
5109	1
5110	3
5111	0
5112	1
5113	0
5114	0
5115	3
5116	3
5117	0
5118	0
5119	2
5120	0
5121	1
5122	1
5123	3
5124	3
5125	3
5126	0
5127	3
5128	0
5129	0
5130	0
5131	3
5132	0
5133	3
5134	3
5135	2
5136	0
5137	0
5138	0
5139	2
5140	1
5141	0
5142	0
5143	3
5144	0
5145	1
5146	3
5147	0
5148	1
5149	3
5150	3
5151	0
5152	0
5153	0
5154	0
5155	1
5156	2
5157	0
5158	0
5159	3
5160	1
5161	0
5162	0
5163	0
5164	3
5165	0
5166	2
5167	3
5168	1
5169	3
5170	0
5171	1
5172	1
5173	2
5174	3
5175	3
5176	0
5177	3
5178	3
5179	3
5180	3
5181	0
5182	2
5183	2
5184	3
5185	3
5186	3
5187	2
5188	3
5189	3
5190	3
5191	1
5192	3
5193	0
5194	0
5195	3
5196	0
5197	3
5198	3
5199	3
5200	3
5201	3
5202	2
5203	0
5204	3
5205	3
5206	0
5207	3
5208	3
5209	0
5210	0
5211	1
5212	0
5213	2
5214	0
5215	0
5216	0
5217	0
5218	1
5219	3
5220	3
5221	0
5222	3
5223	2
5224	2
5225	2
5226	0
5227	2
5228	0
5229	0
5230	2
5231	0
5232	3
5233	0
5234	1
5235	3
5236	0
5237	3
5238	3
5239	0
5240	3
5241	0
5242	0
5243	0
5244	0
5245	0
5246	3
5247	3
5248	3
5249	0
5250	0
5251	0
5252	2
5253	0
5254	0
5255	3
5256	2
5257	3
5258	0
5259	0
5260	3
5261	0
5262	0
5263	3
5264	3
5265	3
5266	0
5267	0
5268	0
5269	0
5270	0
5271	3
5272	3
5273	0
5274	0
5275	1
5276	0
5277	3
5278	0
5279	3
5280	0
5281	0
5282	3
5283	3
5284	3
5285	2
5286	0
5287	0
5288	2
5289	1
5290	0
5291	3
5292	0
5293	2
5294	2
5295	3
5296	3
5297	0
5298	0
5299	3
5300	2
5301	0
5302	2
5303	0
5304	0
5305	2
5306	0
5307	3
5308	0
5309	0
5310	1
5311	1
5312	3
5313	0
5314	2
5315	0
5316	3
5317	2
5318	0
5319	3
5320	3
5321	1
5322	2
5323	1
5324	3
5325	0
5326	0
5327	3
5328	3
5329	3
5330	0
5331	3
5332	1
5333	2
5334	0
5335	0
5336	3
5337	3
5338	0
5339	0
5340	1
5341	3
5342	3
5343	0
5344	3
5345	0
5346	0
5347	0
5348	3
5349	0
5350	0
5351	3
5352	3
5353	3
5354	3
5355	1
5356	0
5357	3
5358	1
5359	3
5360	3
5361	0
5362	0
5363	3
5364	0
5365	3
5366	3
5367	3
5368	3
5369	0
5370	0
5371	3
5372	1
5373	3
5374	0
5375	3
5376	0
5377	1
5378	0
5379	0
5380	3
5381	3
5382	2
5383	3
5384	2
5385	0
5386	0
5387	3
5388	3
5389	0
5390	3
5391	3
5392	3
5393	0
5394	0
5395	3
5396	3
5397	3
5398	0
5399	3
5400	0
5401	0
5402	0
5403	0
5404	3
5405	3
5406	0
5407	3
5408	0
5409	0
5410	3
5411	0
5412	3
5413	3
5414	0
5415	3
5416	0
5417	0
5418	3
5419	3
5420	3
5421	2
5422	0
5423	3
5424	0
5425	1
5426	2
5427	0
5428	3
5429	3
5430	3
5431	3
5432	3
5433	0
5434	2
5435	3
5436	3
5437	1
5438	0
5439	0
5440	1
5441	1
5442	0
5443	0
5444	2
5445	0
5446	0
5447	3
5448	3
5449	0
5450	1
5451	0
5452	3
5453	3
5454	0
5455	3
5456	3
5457	3
5458	0
5459	0
5460	3
5461	0
5462	0
5463	0
5464	2
5465	2
5466	2
5467	3
5468	0
5469	3
5470	0
5471	1
5472	3
5473	0
5474	0
5475	2
5476	0
5477	3
5478	0
5479	1
5480	0
5481	1
5482	2
5483	2
5484	0
5485	0
5486	0
5487	0
5488	3
5489	3
5490	0
5491	0
5492	0
5493	3
5494	0
5495	2
5496	3
5497	3
5498	0
5499	1
5500	0
5501	0
5502	3
5503	3
5504	0
5505	2
5506	0
5507	3
5508	3
5509	0
5510	0
5511	1
5512	3
5513	0
5514	0
5515	3
5516	3
5517	0
5518	0
5519	3
5520	0
5521	3
5522	3
5523	0
5524	3
5525	3
5526	3
5527	2
5528	0
5529	0
5530	0
5531	0
5532	0
5533	3
5534	3
5535	3
5536	1
5537	1
5538	0
5539	0
5540	1
5541	0
5542	0
5543	3
5544	0
5545	1
5546	0
5547	3
5548	2
5549	3
5550	0
5551	3
5552	0
5553	3
5554	0
5555	2
5556	0
5557	3
5558	1
5559	0
5560	1
5561	1
5562	3
5563	2
5564	2
5565	3
5566	3
5567	3
5568	2
5569	0
5570	2
5571	3
5572	0
5573	3
5574	3
5575	3
5576	3
5577	3
5578	0
5579	2
5580	3
5581	0
5582	3
5583	0
5584	3
5585	1
5586	0
5587	3
5588	3
5589	3
5590	3
5591	3
5592	3
5593	3
5594	2
5595	3
5596	0
5597	3
5598	3
5599	1
5600	2
5601	0
5602	0
5603	0
5604	3
5605	3
5606	0
5607	1
5608	3
5609	0
5610	0
5611	3
5612	2
5613	3
5614	0
5615	0
5616	3
5617	2
5618	0
5619	3
5620	3
5621	0
5622	3
5623	0
5624	2
5625	0
5626	0
5627	0
5628	0
5629	2
5630	0
5631	3
5632	0
5633	0
5634	0
5635	3
5636	0
5637	2
5638	0
5639	0
5640	3
5641	3
5642	1
5643	3
5644	1
5645	0
5646	0
5647	0
5648	0
5649	0
5650	0
5651	3
5652	3
5653	1
5654	3
5655	3
5656	0
5657	3
5658	0
5659	3
5660	3
5661	3
5662	0
5663	0
5664	0
5665	0
5666	0
5667	3
5668	3
5669	0
5670	3
5671	3
5672	0
5673	3
5674	0
5675	3
5676	3
5677	0
5678	3
5679	1
5680	0
5681	0
5682	0
5683	3
5684	3
5685	3
5686	3
5687	2
5688	0
5689	3
5690	0
5691	2
5692	3
5693	3
5694	0
5695	0
5696	0
5697	2
5698	0
5699	1
5700	3
5701	3
5702	0
5703	2
5704	0
5705	0
5706	2
5707	3
5708	0
5709	3
5710	3
5711	3
5712	0
5713	0
5714	0
5715	1
5716	1
5717	0
5718	0
5719	0
5720	0
5721	3
5722	0
5723	0
5724	2
5725	3
5726	0
5727	3
5728	3
5729	0
5730	1
5731	3
5732	0
5733	3
5734	3
5735	0
5736	3
5737	0
5738	0
5739	0
5740	2
5741	3
5742	0
5743	0
5744	3
5745	3
5746	0
5747	1
5748	0
5749	3
5750	2
5751	0
5752	0
5753	2
5754	3
5755	3
5756	0
5757	3
5758	1
5759	0
5760	0
5761	2
5762	0
5763	3
5764	0
5765	0
5766	3
5767	3
5768	3
5769	0
5770	0
5771	3
5772	0
5773	0
5774	1
5775	0
5776	3
5777	1
5778	1
5779	3
5780	2
5781	3
5782	0
5783	0
5784	0
5785	2
5786	0
5787	3
5788	0
5789	2
5790	1
5791	3
5792	0
5793	0
5794	0
5795	3
5796	0
5797	0
5798	3
5799	0
5800	0
5801	3
5802	0
5803	0
5804	3
5805	0
5806	3
5807	0
5808	1
5809	0
5810	0
5811	0
5812	0
5813	3
5814	0
5815	3
5816	3
5817	1
5818	0
5819	2
5820	1
5821	1
5822	2
5823	0
5824	3
5825	3
5826	0
5827	3
5828	1
5829	3
5830	3
5831	3
5832	0
5833	1
5834	0
5835	3
5836	2
5837	1
5838	3
5839	1
5840	3
5841	0
5842	3
5843	0
5844	0
5845	0
5846	2
5847	0
5848	0
5849	0
5850	0
5851	3
5852	0
5853	0
5854	0
5855	3
5856	1
5857	1
5858	0
5859	3
5860	0
5861	3
5862	0
5863	3
5864	3
5865	3
5866	1
5867	3
5868	0
5869	3
5870	2
5871	3
5872	0
5873	0
5874	0
5875	3
5876	1
5877	0
5878	0
5879	0
5880	3
5881	0
5882	3
5883	1
5884	1
5885	3
5886	0
5887	0
5888	0
5889	3
5890	0
5891	3
5892	3
5893	3
5894	0
5895	1
5896	1
5897	3
5898	0
5899	0
5900	0
5901	2
5902	0
5903	0
5904	3
5905	3
5906	3
5907	3
5908	0
5909	0
5910	0
5911	2
5912	3
5913	3
5914	0
5915	1
5916	3
5917	2
5918	0
5919	3
5920	0
5921	0
5922	1
5923	3
5924	3
5925	2
5926	0
5927	0
5928	3
5929	2
5930	0
5931	3
5932	0
5933	1
5934	1
5935	0
5936	3
5937	0
5938	1
5939	0
5940	1
5941	0
5942	2
5943	0
5944	0
5945	0
5946	0
5947	3
5948	2
5949	0
5950	2
5951	2
5952	0
5953	3
5954	1
5955	0
5956	0
5957	0
5958	0
5959	0
5960	0
5961	0
5962	1
5963	3
5964	0
5965	1
5966	3
5967	0
5968	3
5969	0
5970	0
5971	3
5972	2
5973	0
5974	0
5975	0
5976	0
5977	0
5978	0
5979	0
5980	1
5981	0
5982	3
5983	1
5984	0
5985	0
5986	0
5987	0
5988	3
5989	0
5990	3
5991	1
5992	0
5993	0
5994	0
5995	0
5996	2
5997	0
5998	3
5999	2
6000	0
6001	0
6002	3
6003	3
6004	3
6005	0
6006	1
6007	2
6008	0
6009	3
6010	0
6011	0
6012	0
6013	0
6014	1
6015	0
6016	0
6017	0
6018	0
6019	0
6020	3
6021	3
6022	3
6023	2
6024	0
6025	0
6026	3
6027	3
6028	2
6029	1
6030	0
6031	3
6032	0
6033	3
6034	3
6035	0
6036	0
6037	2
6038	2
6039	0
6040	3
6041	0
6042	0
6043	1
6044	0
6045	0
6046	0
6047	1
6048	2
6049	0
6050	0
6051	0
6052	0
6053	0
6054	0
6055	3
6056	0
6057	0
6058	1
6059	3
6060	0
6061	0
6062	0
6063	3
6064	3
6065	0
6066	3
6067	0
6068	3
6069	2
6070	0
6071	0
6072	0
6073	0
6074	0
6075	0
6076	2
6077	3
6078	0
6079	3
6080	0
6081	0
6082	0
6083	0
6084	0
6085	3
6086	3
6087	2
6088	0
6089	0
6090	0
6091	0
6092	3
6093	0
6094	0
6095	1
6096	0
6097	0
6098	0
6099	3
6100	0
6101	0
6102	0
6103	3
6104	0
6105	3
6106	0
6107	1
6108	0
6109	0
6110	3
6111	3
6112	3
6113	0
6114	0
6115	3
6116	2
6117	0
6118	2
6119	3
6120	0
6121	3
6122	0
6123	0
6124	0
6125	3
6126	3
6127	0
6128	3
6129	0
6130	3
6131	3
6132	1
6133	3
6134	0
6135	1
6136	0
6137	0
6138	3
6139	0
6140	3
6141	2
6142	3
6143	3
6144	0
6145	3
6146	0
6147	2
6148	3
6149	3
6150	3
6151	0
6152	3
6153	0
6154	0
6155	2
6156	3
6157	2
6158	0
6159	3
6160	0
6161	0
6162	0
6163	3
6164	3
6165	3
6166	3
6167	3
6168	3
6169	0
6170	0
6171	1
6172	2
6173	3
6174	0
6175	0
6176	0
6177	3
6178	1
6179	3
6180	3
6181	3
6182	0
6183	3
6184	0
6185	1
6186	0
6187	3
6188	3
6189	0
6190	0
6191	2
6192	0
6193	0
6194	3
6195	3
6196	3
6197	3
6198	0
6199	2
6200	0
6201	1
6202	3
6203	0
6204	3
6205	2
6206	0
6207	0
6208	0
6209	0
6210	0
6211	2
6212	3
6213	2
6214	3
6215	3
6216	3
6217	3
6218	3
6219	3
6220	2
6221	3
6222	0
6223	0
6224	2
6225	3
6226	2
6227	0
6228	1
6229	2
6230	0
6231	0
6232	2
6233	0
6234	1
6235	0
6236	0
6237	0
6238	0
6239	3
6240	3
6241	3
6242	3
6243	0
6244	1
6245	0
6246	3
6247	1
6248	0
6249	3
6250	3
6251	3
6252	3
6253	0
6254	0
6255	2
6256	0
6257	3
6258	3
6259	3
6260	0
6261	0
6262	0
6263	2
6264	2
6265	0
6266	3
6267	3
6268	0
6269	2
6270	1
6271	3
6272	3
6273	0
6274	0
6275	0
6276	3
6277	3
6278	1
6279	3
6280	1
6281	0
6282	3
6283	3
6284	3
6285	3
6286	3
6287	3
6288	0
6289	0
6290	3
6291	3
6292	3
6293	0
6294	0
6295	0
6296	3
6297	0
6298	3
6299	0
6300	3
6301	3
6302	0
6303	3
6304	0
6305	3
6306	0
6307	3
6308	3
6309	2
6310	3
6311	1
6312	0
6313	3
6314	0
6315	0
6316	0
6317	0
6318	0
6319	3
6320	1
6321	1
6322	1
6323	3
6324	2
6325	1
6326	0
6327	0
6328	1
6329	3
6330	3
6331	3
6332	3
6333	1
6334	3
6335	0
6336	0
6337	3
6338	0
6339	0
6340	3
6341	3
6342	0
6343	3
6344	0
6345	0
6346	0
6347	0
6348	3
6349	3
6350	0
6351	0
6352	3
6353	3
6354	0
6355	0
6356	0
6357	0
6358	0
6359	3
6360	2
6361	3
6362	1
6363	3
6364	3
6365	3
6366	0
6367	3
6368	0
6369	3
6370	3
6371	0
6372	1
6373	2
6374	2
6375	0
6376	3
6377	0
6378	0
6379	2
6380	0
6381	3
6382	1
6383	0
6384	1
6385	1
6386	0
6387	0
6388	0
6389	3
6390	3
6391	3
6392	3
6393	3
6394	0
6395	0
6396	3
6397	3
6398	0
6399	3
6400	0
6401	3
6402	2
6403	3
6404	2
6405	0
6406	3
6407	0
6408	3
6409	2
6410	0
6411	0
6412	0
6413	0
6414	0
6415	0
6416	2
6417	0
6418	3
6419	3
6420	0
6421	0
6422	0
6423	3
6424	3
6425	0
6426	3
6427	2
6428	0
6429	3
6430	0
6431	0
6432	2
6433	0
6434	0
6435	0
6436	0
6437	1
6438	3
6439	2
6440	0
6441	0
6442	3
6443	0
6444	0
6445	0
6446	0
6447	0
6448	3
6449	2
6450	0
6451	0
6452	3
6453	0
6454	3
6455	0
6456	3
6457	3
6458	0
6459	0
6460	1
6461	3
6462	3
6463	3
6464	0
6465	0
6466	0
6467	0
6468	0
6469	0
6470	3
6471	3
6472	0
6473	0
6474	1
6475	2
6476	1
6477	0
6478	0
6479	0
6480	1
6481	0
6482	0
6483	0
6484	0
6485	0
6486	3
6487	3
6488	0
6489	0
6490	3
6491	0
6492	0
6493	3
6494	3
6495	3
6496	0
6497	0
6498	3
6499	2
6500	3
6501	0
6502	0
6503	2
6504	3
6505	0
6506	0
6507	3
6508	3
6509	0
6510	3
6511	0
6512	0
6513	3
6514	2
6515	0
6516	1
6517	2
6518	0
6519	3
6520	0
6521	3
6522	0
6523	1
6524	0
6525	1
6526	3
6527	3
6528	0
6529	1
6530	0
6531	0
6532	3
6533	0
6534	3
6535	1
6536	3
6537	3
6538	0
6539	0
6540	3
6541	3
6542	3
6543	0
6544	1
6545	2
6546	1
6547	0
6548	3
6549	0
6550	0
6551	3
6552	0
6553	3
6554	3
6555	0
6556	3
6557	3
6558	3
6559	3
6560	3
6561	1
6562	3
6563	3
6564	1
6565	0
6566	0
6567	2
6568	3
6569	3
6570	0
6571	3
6572	3
6573	0
6574	0
6575	2
6576	3
6577	0
6578	0
6579	0
6580	0
6581	0
6582	0
6583	3
6584	3
6585	3
6586	3
6587	3
6588	3
6589	3
6590	1
6591	3
6592	3
6593	3
6594	3
6595	1
6596	0
6597	0
6598	3
6599	0
6600	0
6601	0
6602	0
6603	0
6604	0
6605	3
6606	3
6607	2
6608	3
6609	0
6610	0
6611	0
6612	1
6613	2
6614	3
6615	0
6616	3
6617	3
6618	0
6619	0
6620	0
6621	3
6622	3
6623	0
6624	2
6625	0
6626	3
6627	0
6628	3
6629	0
6630	0
6631	3
6632	3
6633	3
6634	0
6635	0
6636	0
6637	3
6638	3
6639	0
6640	2
6641	0
6642	0
6643	0
6644	3
6645	0
6646	0
6647	1
6648	0
6649	2
6650	0
6651	0
6652	3
6653	2
6654	2
6655	2
6656	0
6657	3
6658	3
6659	0
6660	0
6661	0
6662	0
6663	3
6664	0
6665	3
6666	0
6667	0
6668	0
6669	0
6670	1
6671	3
6672	1
6673	3
6674	3
6675	0
6676	0
6677	0
6678	0
6679	0
6680	2
6681	2
6682	3
6683	0
6684	0
6685	1
6686	1
6687	2
6688	1
6689	0
6690	3
6691	2
6692	0
6693	0
6694	2
6695	2
6696	0
6697	3
6698	3
6699	0
6700	0
6701	0
6702	0
6703	2
6704	0
6705	0
6706	3
6707	0
6708	2
6709	3
6710	3
6711	3
6712	0
6713	3
6714	3
6715	0
6716	1
6717	3
6718	3
6719	0
6720	1
6721	0
6722	0
6723	2
6724	0
6725	1
6726	2
6727	2
6728	3
6729	0
6730	0
6731	2
6732	2
6733	0
6734	0
6735	3
6736	1
6737	3
6738	1
6739	1
6740	0
6741	0
6742	0
6743	0
6744	3
6745	1
6746	1
6747	3
6748	0
6749	3
6750	0
6751	0
6752	3
6753	0
6754	0
6755	3
6756	3
6757	3
6758	1
6759	0
6760	3
6761	0
6762	2
6763	3
6764	0
6765	3
6766	0
6767	3
6768	3
6769	0
6770	1
6771	3
6772	3
6773	0
6774	1
6775	3
6776	3
6777	3
6778	3
6779	3
6780	3
6781	3
6782	0
6783	0
6784	0
6785	0
6786	1
6787	1
6788	3
6789	0
6790	0
6791	3
6792	1
6793	0
6794	1
6795	1
6796	3
6797	3
6798	3
6799	0
6800	0
6801	0
6802	3
6803	0
6804	2
6805	3
6806	0
6807	3
6808	0
6809	1
6810	3
6811	0
6812	3
6813	0
6814	0
6815	3
6816	0
6817	2
6818	0
6819	0
6820	0
6821	3
6822	0
6823	0
6824	0
6825	3
6826	3
6827	3
6828	0
6829	0
6830	0
6831	3
6832	3
6833	0
6834	0
6835	3
6836	0
6837	0
6838	0
6839	0
6840	3
6841	0
6842	3
6843	1
6844	0
6845	0
6846	2
6847	3
6848	0
6849	3
6850	3
6851	0
6852	0
6853	3
6854	3
6855	1
6856	3
6857	3
6858	3
6859	0
6860	3
6861	3
6862	0
6863	3
6864	0
6865	0
6866	3
6867	2
6868	3
6869	3
6870	0
6871	3
6872	3
6873	3
6874	3
6875	0
6876	0
6877	2
6878	0
6879	3
6880	3
6881	3
6882	3
6883	0
6884	2
6885	0
6886	0
6887	3
6888	3
6889	0
6890	0
6891	1
6892	3
6893	0
6894	3
6895	3
6896	3
6897	0
6898	0
6899	3
6900	2
6901	0
6902	0
6903	2
6904	0
6905	0
6906	3
6907	0
6908	0
6909	0
6910	0
6911	0
6912	0
6913	0
6914	0
6915	0
6916	3
6917	3
6918	2
6919	1
6920	2
6921	0
6922	0
6923	3
6924	1
6925	3
6926	2
6927	0
6928	2
6929	0
6930	0
6931	3
6932	3
6933	0
6934	0
6935	3
6936	0
6937	3
6938	0
6939	0
6940	3
6941	3
6942	1
6943	3
6944	3
6945	3
6946	0
6947	0
6948	0
6949	3
6950	0
6951	0
6952	3
6953	0
6954	3
6955	0
6956	3
6957	3
6958	0
6959	0
6960	0
6961	3
6962	0
6963	2
6964	3
6965	3
6966	0
6967	0
6968	3
6969	3
6970	3
6971	1
6972	3
6973	3
6974	1
6975	0
6976	2
6977	3
6978	0
6979	2
6980	0
6981	1
6982	3
6983	0
6984	3
6985	0
6986	0
6987	0
6988	0
6989	0
6990	0
6991	3
6992	0
6993	0
6994	0
6995	0
6996	0
6997	3
6998	0
6999	3
7000	0
7001	3
7002	0
7003	0
7004	3
7005	1
7006	0
7007	0
7008	3
7009	3
7010	3
7011	3
7012	3
7013	0
7014	3
7015	0
7016	0
7017	0
7018	3
7019	0
7020	3
7021	3
7022	3
7023	3
7024	0
7025	1
7026	0
7027	0
7028	3
7029	3
7030	3
7031	3
7032	2
7033	0
7034	0
7035	0
7036	3
7037	2
7038	3
7039	0
7040	2
7041	3
7042	3
7043	3
7044	0
7045	0
7046	0
7047	3
7048	2
7049	3
7050	0
7051	3
7052	3
7053	2
7054	0
7055	0
7056	0
7057	0
7058	3
7059	0
7060	3
7061	0
7062	3
7063	0
7064	3
7065	0
7066	3
7067	0
7068	3
7069	2
7070	3
7071	0
7072	3
7073	3
7074	3
7075	2
7076	3
7077	0
7078	3
7079	3
7080	3
7081	0
7082	0
7083	3
7084	3
7085	3
7086	3
7087	1
7088	3
7089	0
7090	1
7091	0
7092	3
7093	1
7094	2
7095	0
7096	0
7097	0
7098	1
7099	3
7100	3
7101	0
7102	0
7103	0
7104	2
7105	3
7106	3
7107	1
7108	0
7109	3
7110	1
7111	3
7112	1
7113	3
7114	3
7115	0
7116	2
7117	1
7118	2
7119	2
7120	0
7121	1
7122	0
7123	0
7124	0
7125	0
7126	0
7127	0
7128	0
7129	1
7130	2
7131	3
7132	3
7133	3
7134	0
7135	3
7136	0
7137	0
7138	3
7139	0
7140	0
7141	3
7142	2
7143	0
7144	3
7145	0
7146	0
7147	0
7148	3
7149	3
7150	0
7151	2
7152	0
7153	0
7154	0
7155	3
7156	0
7157	1
7158	0
7159	3
7160	3
7161	1
7162	0
7163	3
7164	2
7165	3
7166	3
7167	2
7168	3
7169	0
7170	3
7171	2
7172	3
7173	0
7174	3
7175	0
7176	3
7177	3
7178	3
7179	1
7180	0
7181	0
7182	3
7183	0
7184	0
7185	3
7186	3
7187	3
7188	3
7189	3
7190	2
7191	3
7192	0
7193	2
7194	3
7195	0
7196	1
7197	1
7198	3
7199	0
7200	1
7201	0
7202	3
7203	1
7204	3
7205	0
7206	3
7207	3
7208	0
7209	3
7210	0
7211	3
7212	2
7213	2
7214	3
7215	1
7216	0
7217	0
7218	3
7219	0
7220	3
7221	1
7222	3
7223	0
7224	3
7225	0
7226	2
7227	3
7228	3
7229	1
7230	3
7231	0
7232	2
7233	3
7234	0
7235	3
7236	0
7237	1
7238	2
7239	0
7240	2
7241	0
7242	0
7243	3
7244	0
7245	3
7246	3
7247	0
7248	0
7249	3
7250	2
7251	2
7252	2
7253	0
7254	0
7255	0
7256	3
7257	0
7258	0
7259	3
7260	0
7261	3
7262	0
7263	0
7264	0
7265	0
7266	0
7267	3
7268	1
7269	3
7270	3
7271	3
7272	3
7273	0
7274	0
7275	3
7276	2
7277	3
7278	3
7279	0
7280	0
7281	0
7282	3
7283	2
7284	3
7285	0
7286	0
7287	0
7288	0
7289	3
7290	2
7291	3
7292	0
7293	3
7294	0
7295	3
7296	0
7297	3
7298	2
7299	3
7300	0
7301	0
7302	3
7303	2
7304	0
7305	3
7306	0
7307	3
7308	0
7309	2
7310	1
7311	3
7312	3
7313	0
7314	3
7315	0
7316	0
7317	3
7318	3
7319	1
7320	3
7321	1
7322	3
7323	1
7324	0
7325	0
7326	2
7327	3
7328	2
7329	0
7330	3
7331	3
7332	0
7333	3
7334	3
7335	3
7336	0
7337	2
7338	3
7339	1
7340	0
7341	0
7342	3
7343	3
7344	3
7345	3
7346	3
7347	0
7348	0
7349	3
7350	3
7351	0
7352	0
7353	3
7354	0
7355	0
7356	1
7357	0
7358	3
7359	3
7360	0
7361	3
7362	2
7363	3
7364	0
7365	0
7366	1
7367	0
7368	3
7369	0
7370	3
7371	1
7372	3
7373	0
7374	2
7375	0
7376	0
7377	3
7378	3
7379	2
7380	0
7381	0
7382	0
7383	2
7384	1
7385	1
7386	3
7387	3
7388	0
7389	3
7390	0
7391	3
7392	0
7393	0
7394	3
7395	0
7396	2
7397	3
7398	3
7399	3
7400	1
7401	0
7402	3
7403	0
7404	0
7405	0
7406	0
7407	0
7408	0
7409	0
7410	1
7411	0
7412	3
7413	0
7414	3
7415	1
7416	0
7417	3
7418	1
7419	3
7420	0
7421	1
7422	2
7423	2
7424	1
7425	0
7426	0
7427	0
7428	0
7429	3
7430	0
7431	3
7432	3
7433	0
7434	0
7435	3
7436	3
7437	0
7438	0
7439	3
7440	3
7441	0
7442	0
7443	0
7444	0
7445	1
7446	0
7447	3
7448	0
7449	0
7450	3
7451	0
7452	2
7453	0
7454	0
7455	0
7456	0
7457	0
7458	0
7459	0
7460	3
7461	0
7462	3
7463	0
7464	0
7465	0
7466	2
7467	0
7468	3
7469	1
7470	3
7471	0
7472	0
7473	3
7474	0
7475	0
7476	3
7477	3
7478	3
7479	1
7480	2
7481	3
7482	0
7483	0
7484	3
7485	3
7486	0
7487	2
7488	3
7489	0
7490	1
7491	3
7492	0
7493	3
7494	0
7495	1
7496	3
7497	2
7498	3
7499	2
7500	1
7501	2
7502	0
7503	0
7504	2
7505	3
7506	1
7507	0
7508	1
7509	2
7510	2
7511	0
7512	0
7513	0
7514	0
7515	3
7516	0
7517	0
7518	3
7519	0
7520	0
7521	3
7522	3
7523	3
7524	0
7525	3
7526	0
7527	0
7528	3
7529	1
7530	0
7531	0
7532	3
7533	0
7534	0
7535	3
7536	3
7537	0
7538	0
7539	3
7540	3
7541	3
7542	3
7543	2
7544	2
7545	3
7546	0
7547	3
7548	1
7549	3
7550	2
7551	0
7552	3
7553	3
7554	1
7555	3
7556	0
7557	0
7558	3
7559	3
7560	0
7561	2
7562	3
7563	0
7564	0
7565	3
7566	3
7567	0
7568	0
7569	3
7570	3
7571	0
7572	3
7573	0
7574	3
7575	3
7576	3
7577	0
7578	3
7579	3
7580	0
7581	0
7582	0
7583	3
7584	0
7585	3
7586	2
7587	3
7588	3
7589	2
7590	0
7591	0
7592	0
7593	3
7594	0
7595	0
7596	0
7597	0
7598	0
7599	0
7600	3
7601	3
7602	3
7603	0
7604	1
7605	3
7606	2
7607	0
7608	0
7609	0
7610	2
7611	0
7612	0
7613	3
7614	0
7615	0
7616	3
7617	3
7618	0
7619	0
7620	0
7621	3
7622	2
7623	3
7624	3
7625	3
7626	3
7627	1
7628	0
7629	0
7630	3
7631	0
7632	3
7633	2
7634	0
7635	0
7636	0
7637	0
7638	1
7639	0
7640	3
7641	2
7642	3
7643	0
7644	0
7645	3
7646	3
7647	1
7648	3
7649	3
7650	2
7651	0
7652	3
7653	2
7654	3
7655	0
7656	3
7657	2
7658	3
7659	2
7660	0
7661	0
7662	0
7663	0
7664	0
7665	3
7666	3
7667	0
7668	0
7669	0
7670	3
7671	1
7672	2
7673	3
7674	3
7675	3
7676	0
7677	0
7678	3
7679	0
7680	0
7681	3
7682	0
7683	0
7684	3
7685	3
7686	3
7687	2
7688	0
7689	3
7690	0
7691	3
7692	3
7693	3
7694	3
7695	3
7696	0
7697	0
7698	3
7699	0
7700	3
7701	3
7702	2
7703	3
7704	3
7705	2
7706	0
7707	0
7708	3
7709	1
7710	2
7711	0
7712	0
7713	3
7714	3
7715	0
7716	3
7717	0
7718	0
7719	0
7720	3
7721	0
7722	1
7723	2
7724	0
7725	1
7726	2
7727	3
7728	1
7729	3
7730	0
7731	3
7732	3
7733	3
7734	3
7735	3
7736	0
7737	1
7738	3
7739	0
7740	2
7741	2
7742	3
7743	3
7744	3
7745	3
7746	0
7747	3
7748	3
7749	0
7750	0
7751	3
7752	0
7753	1
7754	0
7755	3
7756	0
7757	0
7758	3
7759	3
7760	2
7761	1
7762	1
7763	1
7764	3
7765	2
7766	0
7767	3
7768	3
7769	3
7770	3
7771	3
7772	3
7773	0
7774	0
7775	3
7776	0
7777	3
7778	0
7779	3
7780	0
7781	0
7782	3
7783	0
7784	3
7785	3
7786	0
7787	3
7788	3
7789	0
7790	3
7791	0
7792	2
7793	0
7794	0
7795	3
7796	0
7797	0
7798	1
7799	0
7800	0
7801	0
7802	0
7803	0
7804	3
7805	3
7806	3
7807	0
7808	3
7809	0
7810	0
7811	3
7812	0
7813	0
7814	0
7815	2
7816	3
7817	0
7818	0
7819	1
7820	3
7821	0
7822	0
7823	3
7824	3
7825	3
7826	0
7827	0
7828	3
7829	0
7830	3
7831	1
7832	3
7833	3
7834	3
7835	0
7836	3
7837	3
7838	3
7839	3
7840	1
7841	1
7842	0
7843	3
7844	2
7845	1
7846	2
7847	3
7848	0
7849	3
7850	3
7851	3
7852	3
7853	0
7854	1
7855	3
7856	3
7857	1
7858	3
7859	0
7860	0
7861	0
7862	3
7863	0
7864	1
7865	3
7866	0
7867	0
7868	0
7869	3
7870	3
7871	3
7872	3
7873	0
7874	1
7875	3
7876	0
7877	0
7878	0
7879	3
7880	0
7881	0
7882	0
7883	3
7884	1
7885	0
7886	3
7887	0
7888	3
7889	3
7890	3
7891	0
7892	0
7893	0
7894	3
7895	2
7896	0
7897	0
7898	3
7899	3
7900	1
7901	0
7902	3
7903	0
7904	1
7905	3
7906	1
7907	0
7908	3
7909	2
7910	0
7911	2
7912	0
7913	3
7914	3
7915	0
7916	0
7917	0
7918	3
7919	2
7920	1
7921	0
7922	0
7923	3
7924	2
7925	0
7926	0
7927	0
7928	2
7929	0
7930	3
7931	0
7932	2
7933	3
7934	3
7935	1
7936	3
7937	3
7938	3
7939	1
7940	0
7941	3
7942	3
7943	0
7944	0
7945	3
7946	3
7947	3
7948	3
7949	0
7950	0
7951	3
7952	0
7953	3
7954	0
7955	3
7956	0
7957	3
7958	3
7959	3
7960	0
7961	2
7962	0
7963	0
7964	2
7965	3
7966	0
7967	3
7968	3
7969	0
7970	0
7971	3
7972	3
7973	0
7974	0
7975	0
7976	0
7977	0
7978	0
7979	2
7980	0
7981	0
7982	3
7983	3
7984	3
7985	1
7986	2
7987	3
7988	0
7989	1
7990	1
7991	3
7992	3
7993	1
7994	0
7995	0
7996	0
7997	3
7998	0
7999	0
8000	0
8001	0
8002	0
8003	3
8004	0
8005	1
8006	0
8007	3
8008	0
8009	2
8010	0
8011	2
8012	0
8013	0
8014	2
8015	3
8016	3
8017	3
8018	0
8019	0
8020	2
8021	3
8022	0
8023	3
8024	0
8025	3
8026	0
8027	3
8028	3
8029	0
8030	2
8031	3
8032	3
8033	0
8034	0
8035	3
8036	0
8037	1
8038	3
8039	3
8040	0
8041	0
8042	0
8043	0
8044	0
8045	3
8046	3
8047	3
8048	0
8049	3
8050	1
8051	3
8052	3
8053	0
8054	1
8055	3
8056	0
8057	0
8058	0
8059	3
8060	3
8061	3
8062	0
8063	2
8064	3
8065	1
8066	0
8067	3
8068	3
8069	0
8070	1
8071	0
8072	3
8073	0
8074	0
8075	3
8076	3
8077	0
8078	0
8079	3
8080	0
8081	0
8082	0
8083	0
8084	3
8085	0
8086	1
8087	0
8088	3
8089	0
8090	0
8091	3
8092	3
8093	0
8094	0
8095	0
8096	1
8097	3
8098	0
8099	0
8100	3
8101	0
8102	3
8103	1
8104	3
8105	0
8106	0
8107	0
8108	3
8109	0
8110	3
8111	0
8112	1
8113	0
8114	0
8115	0
8116	3
8117	0
8118	3
8119	2
8120	3
8121	0
8122	0
8123	3
8124	3
8125	0
8126	1
8127	2
8128	0
8129	0
8130	0
8131	2
8132	0
8133	0
8134	0
8135	1
8136	0
8137	0
8138	0
8139	3
8140	0
8141	0
8142	1
8143	0
8144	0
8145	0
8146	3
8147	1
8148	1
8149	0
8150	3
8151	3
8152	0
8153	0
8154	3
8155	0
8156	0
8157	1
8158	0
8159	3
8160	2
8161	0
8162	0
8163	0
8164	3
8165	2
8166	3
8167	3
8168	0
8169	0
8170	0
8171	0
8172	3
8173	0
8174	3
8175	3
8176	1
8177	3
8178	3
8179	0
8180	3
8181	3
8182	1
8183	3
8184	0
8185	0
8186	0
8187	3
8188	3
8189	3
8190	3
8191	0
