COMMAND
./sim gshare 12 7 ./proj2-traces/gcc_trace.txt
OUTPUT
number of predictions:2000000
number of mispredictions:253953
misprediction rate:   12.70%
FINAL GSHARE CONTENTS
0	1
1	0
2	0
3	0
4	0
5	0
6	0
7	1
8	1
9	1
10	3
11	2
12	3
13	0
14	0
15	0
16	3
17	0
18	1
19	0
20	0
21	3
22	0
23	3
24	0
25	1
26	3
27	0
28	0
29	0
30	0
31	3
32	0
33	0
34	1
35	3
36	3
37	0
38	2
39	0
40	3
41	3
42	1
43	3
44	3
45	1
46	0
47	0
48	0
49	2
50	3
51	0
52	2
53	3
54	3
55	3
56	0
57	1
58	3
59	1
60	3
61	2
62	0
63	1
64	0
65	1
66	2
67	3
68	3
69	2
70	0
71	3
72	1
73	3
74	0
75	3
76	3
77	0
78	3
79	3
80	0
81	0
82	3
83	0
84	0
85	3
86	3
87	1
88	0
89	0
90	2
91	0
92	0
93	0
94	0
95	0
96	3
97	3
98	3
99	0
100	3
101	0
102	0
103	0
104	3
105	0
106	0
107	0
108	3
109	0
110	2
111	3
112	3
113	0
114	3
115	0
116	3
117	3
118	2
119	0
120	0
121	0
122	3
123	0
124	0
125	2
126	0
127	0
128	3
129	0
130	0
131	3
132	3
133	0
134	3
135	1
136	1
137	3
138	2
139	0
140	2
141	2
142	0
143	2
144	0
145	0
146	3
147	3
148	0
149	3
150	3
151	3
152	0
153	2
154	2
155	3
156	0
157	0
158	0
159	3
160	3
161	0
162	2
163	2
164	0
165	0
166	0
167	0
168	3
169	3
170	3
171	3
172	3
173	0
174	0
175	0
176	0
177	0
178	3
179	0
180	0
181	3
182	0
183	3
184	0
185	2
186	0
187	0
188	3
189	1
190	0
191	0
192	3
193	2
194	1
195	0
196	0
197	3
198	0
199	0
200	1
201	0
202	0
203	0
204	1
205	3
206	0
207	0
208	0
209	0
210	0
211	3
212	1
213	1
214	3
215	0
216	3
217	0
218	1
219	3
220	0
221	3
222	0
223	3
224	3
225	0
226	2
227	3
228	0
229	1
230	3
231	3
232	0
233	2
234	3
235	3
236	3
237	0
238	0
239	0
240	0
241	0
242	3
243	0
244	0
245	3
246	0
247	1
248	0
249	0
250	3
251	1
252	3
253	0
254	0
255	1
256	3
257	3
258	3
259	3
260	3
261	3
262	0
263	3
264	0
265	2
266	3
267	3
268	1
269	0
270	0
271	3
272	2
273	0
274	3
275	0
276	0
277	3
278	3
279	1
280	2
281	1
282	3
283	0
284	1
285	0
286	2
287	0
288	3
289	0
290	0
291	2
292	3
293	0
294	3
295	0
296	0
297	0
298	3
299	3
300	3
301	0
302	3
303	0
304	0
305	3
306	2
307	3
308	0
309	3
310	3
311	0
312	0
313	0
314	3
315	0
316	0
317	0
318	0
319	0
320	3
321	0
322	0
323	0
324	0
325	2
326	3
327	3
328	0
329	0
330	0
331	3
332	0
333	0
334	0
335	1
336	3
337	3
338	1
339	3
340	0
341	3
342	0
343	0
344	3
345	0
346	3
347	1
348	3
349	0
350	3
351	3
352	1
353	0
354	0
355	3
356	3
357	2
358	0
359	0
360	0
361	2
362	0
363	3
364	3
365	3
366	0
367	0
368	3
369	0
370	3
371	3
372	3
373	3
374	0
375	3
376	3
377	0
378	3
379	2
380	3
381	0
382	3
383	3
384	0
385	3
386	3
387	2
388	0
389	3
390	0
391	3
392	3
393	0
394	0
395	0
396	3
397	0
398	0
399	3
400	0
401	0
402	2
403	2
404	0
405	0
406	0
407	0
408	3
409	3
410	2
411	1
412	3
413	3
414	0
415	3
416	1
417	3
418	3
419	0
420	0
421	3
422	0
423	3
424	0
425	0
426	3
427	0
428	3
429	0
430	1
431	2
432	3
433	0
434	0
435	0
436	0
437	0
438	1
439	0
440	3
441	0
442	3
443	0
444	3
445	1
446	0
447	3
448	1
449	0
450	0
451	0
452	0
453	0
454	3
455	0
456	0
457	0
458	3
459	0
460	3
461	3
462	3
463	0
464	0
465	2
466	1
467	0
468	0
469	3
470	3
471	0
472	3
473	0
474	0
475	3
476	0
477	0
478	0
479	3
480	3
481	0
482	1
483	1
484	0
485	3
486	2
487	3
488	0
489	0
490	0
491	3
492	3
493	0
494	0
495	0
496	0
497	0
498	1
499	3
500	3
501	1
502	2
503	0
504	0
505	0
506	0
507	0
508	0
509	3
510	0
511	0
512	0
513	0
514	0
515	0
516	0
517	3
518	0
519	0
520	0
521	3
522	0
523	0
524	3
525	0
526	3
527	0
528	2
529	0
530	2
531	0
532	3
533	3
534	3
535	0
536	3
537	0
538	0
539	0
540	0
541	1
542	0
543	1
544	0
545	2
546	2
547	0
548	0
549	0
550	0
551	3
552	3
553	0
554	3
555	1
556	0
557	0
558	0
559	0
560	3
561	3
562	1
563	0
564	2
565	3
566	2
567	3
568	2
569	3
570	0
571	3
572	3
573	0
574	1
575	3
576	2
577	3
578	3
579	0
580	0
581	0
582	0
583	3
584	3
585	3
586	3
587	3
588	3
589	3
590	0
591	0
592	3
593	0
594	1
595	2
596	0
597	3
598	0
599	0
600	3
601	3
602	0
603	3
604	1
605	3
606	0
607	1
608	0
609	3
610	2
611	1
612	0
613	1
614	0
615	0
616	3
617	3
618	0
619	3
620	0
621	1
622	0
623	0
624	3
625	3
626	1
627	1
628	3
629	3
630	2
631	1
632	3
633	3
634	0
635	2
636	0
637	3
638	0
639	3
640	3
641	3
642	3
643	2
644	3
645	3
646	2
647	1
648	0
649	1
650	2
651	3
652	1
653	0
654	3
655	0
656	2
657	0
658	3
659	3
660	3
661	3
662	0
663	3
664	3
665	1
666	1
667	3
668	1
669	0
670	0
671	3
672	3
673	3
674	3
675	0
676	3
677	3
678	0
679	3
680	3
681	3
682	1
683	3
684	1
685	3
686	1
687	0
688	3
689	0
690	0
691	3
692	0
693	3
694	3
695	2
696	3
697	0
698	0
699	0
700	3
701	0
702	0
703	3
704	2
705	1
706	3
707	3
708	3
709	3
710	0
711	3
712	3
713	0
714	0
715	3
716	1
717	3
718	3
719	0
720	0
721	3
722	3
723	3
724	0
725	3
726	3
727	3
728	2
729	0
730	0
731	0
732	3
733	2
734	0
735	3
736	1
737	0
738	3
739	0
740	3
741	2
742	0
743	0
744	0
745	0
746	3
747	3
748	1
749	0
750	0
751	3
752	0
753	0
754	3
755	0
756	0
757	0
758	1
759	2
760	0
761	0
762	0
763	0
764	3
765	3
766	3
767	2
768	3
769	3
770	3
771	0
772	0
773	3
774	3
775	0
776	0
777	3
778	0
779	3
780	2
781	0
782	0
783	0
784	3
785	0
786	2
787	3
788	0
789	3
790	3
791	1
792	3
793	2
794	0
795	1
796	0
797	0
798	3
799	1
800	3
801	2
802	0
803	0
804	3
805	0
806	2
807	0
808	0
809	0
810	0
811	0
812	3
813	0
814	3
815	3
816	1
817	0
818	3
819	2
820	0
821	3
822	0
823	0
824	3
825	0
826	0
827	0
828	0
829	3
830	3
831	3
832	1
833	0
834	0
835	0
836	3
837	1
838	3
839	1
840	3
841	1
842	0
843	3
844	3
845	0
846	0
847	3
848	3
849	0
850	0
851	1
852	0
853	3
854	0
855	3
856	0
857	3
858	2
859	0
860	3
861	3
862	3
863	0
864	0
865	2
866	3
867	0
868	3
869	0
870	2
871	0
872	3
873	3
874	0
875	3
876	3
877	0
878	0
879	0
880	3
881	3
882	1
883	0
884	0
885	3
886	0
887	3
888	3
889	1
890	0
891	0
892	0
893	3
894	3
895	3
896	3
897	1
898	3
899	0
900	3
901	3
902	0
903	0
904	3
905	3
906	0
907	0
908	3
909	0
910	3
911	3
912	0
913	0
914	0
915	3
916	0
917	0
918	0
919	0
920	3
921	0
922	0
923	0
924	0
925	3
926	3
927	0
928	0
929	3
930	3
931	0
932	3
933	3
934	0
935	0
936	0
937	0
938	3
939	3
940	3
941	0
942	3
943	0
944	2
945	3
946	1
947	2
948	1
949	0
950	0
951	0
952	0
953	1
954	0
955	0
956	3
957	2
958	2
959	3
960	0
961	3
962	3
963	3
964	3
965	3
966	0
967	0
968	3
969	0
970	0
971	0
972	3
973	2
974	0
975	0
976	3
977	3
978	0
979	1
980	0
981	3
982	0
983	3
984	0
985	0
986	0
987	3
988	3
989	3
990	3
991	3
992	1
993	0
994	1
995	1
996	3
997	0
998	0
999	3
1000	3
1001	0
1002	0
1003	0
1004	3
1005	0
1006	0
1007	0
1008	2
1009	3
1010	2
1011	0
1012	3
1013	1
1014	3
1015	0
1016	0
1017	0
1018	1
1019	2
1020	0
1021	3
1022	1
1023	0
1024	0
1025	3
1026	3
1027	1
1028	3
1029	0
1030	0
1031	2
1032	0
1033	3
1034	2
1035	3
1036	0
1037	0
1038	3
1039	3
1040	0
1041	0
1042	3
1043	3
1044	0
1045	3
1046	0
1047	0
1048	0
1049	0
1050	1
1051	3
1052	0
1053	3
1054	0
1055	3
1056	0
1057	2
1058	3
1059	0
1060	0
1061	3
1062	3
1063	0
1064	3
1065	1
1066	0
1067	3
1068	3
1069	3
1070	0
1071	3
1072	0
1073	3
1074	3
1075	2
1076	0
1077	0
1078	3
1079	0
1080	3
1081	3
1082	3
1083	3
1084	3
1085	0
1086	3
1087	3
1088	0
1089	1
1090	0
1091	0
1092	3
1093	0
1094	0
1095	3
1096	0
1097	3
1098	0
1099	1
1100	3
1101	3
1102	2
1103	3
1104	0
1105	0
1106	3
1107	3
1108	3
1109	3
1110	3
1111	0
1112	0
1113	0
1114	3
1115	3
1116	0
1117	3
1118	1
1119	3
1120	0
1121	3
1122	1
1123	0
1124	3
1125	0
1126	0
1127	0
1128	0
1129	3
1130	0
1131	3
1132	3
1133	0
1134	3
1135	3
1136	3
1137	3
1138	0
1139	3
1140	0
1141	3
1142	3
1143	1
1144	0
1145	0
1146	0
1147	0
1148	2
1149	2
1150	0
1151	0
1152	0
1153	0
1154	2
1155	3
1156	3
1157	0
1158	0
1159	0
1160	0
1161	3
1162	0
1163	3
1164	2
1165	3
1166	0
1167	0
1168	0
1169	2
1170	2
1171	3
1172	2
1173	0
1174	3
1175	3
1176	0
1177	0
1178	0
1179	0
1180	0
1181	3
1182	0
1183	2
1184	3
1185	3
1186	0
1187	3
1188	0
1189	0
1190	0
1191	0
1192	2
1193	0
1194	3
1195	3
1196	0
1197	0
1198	0
1199	3
1200	0
1201	0
1202	0
1203	0
1204	0
1205	3
1206	0
1207	2
1208	0
1209	0
1210	0
1211	3
1212	0
1213	1
1214	0
1215	0
1216	2
1217	0
1218	3
1219	3
1220	3
1221	0
1222	0
1223	0
1224	3
1225	3
1226	3
1227	1
1228	0
1229	3
1230	0
1231	0
1232	0
1233	2
1234	0
1235	1
1236	1
1237	0
1238	1
1239	3
1240	0
1241	0
1242	3
1243	3
1244	3
1245	0
1246	0
1247	3
1248	0
1249	2
1250	3
1251	3
1252	0
1253	1
1254	0
1255	3
1256	1
1257	1
1258	1
1259	3
1260	0
1261	3
1262	3
1263	1
1264	0
1265	0
1266	0
1267	2
1268	0
1269	0
1270	3
1271	3
1272	3
1273	3
1274	1
1275	3
1276	3
1277	3
1278	3
1279	1
1280	3
1281	2
1282	3
1283	0
1284	0
1285	0
1286	0
1287	3
1288	0
1289	0
1290	0
1291	3
1292	0
1293	0
1294	3
1295	0
1296	0
1297	3
1298	3
1299	0
1300	0
1301	3
1302	3
1303	0
1304	0
1305	1
1306	0
1307	2
1308	0
1309	0
1310	0
1311	3
1312	0
1313	2
1314	0
1315	3
1316	0
1317	1
1318	0
1319	0
1320	0
1321	3
1322	3
1323	1
1324	0
1325	3
1326	3
1327	0
1328	0
1329	3
1330	3
1331	0
1332	3
1333	3
1334	3
1335	0
1336	0
1337	2
1338	0
1339	3
1340	0
1341	0
1342	0
1343	3
1344	0
1345	2
1346	0
1347	0
1348	3
1349	2
1350	0
1351	3
1352	3
1353	3
1354	3
1355	3
1356	3
1357	0
1358	1
1359	3
1360	0
1361	0
1362	1
1363	3
1364	3
1365	3
1366	3
1367	3
1368	0
1369	0
1370	2
1371	3
1372	3
1373	0
1374	0
1375	0
1376	0
1377	3
1378	3
1379	0
1380	3
1381	1
1382	0
1383	1
1384	3
1385	3
1386	3
1387	0
1388	0
1389	1
1390	1
1391	0
1392	3
1393	3
1394	3
1395	3
1396	0
1397	0
1398	0
1399	0
1400	0
1401	0
1402	3
1403	2
1404	0
1405	3
1406	2
1407	3
1408	1
1409	2
1410	3
1411	3
1412	0
1413	0
1414	0
1415	0
1416	3
1417	3
1418	0
1419	0
1420	0
1421	0
1422	0
1423	3
1424	3
1425	3
1426	1
1427	0
1428	0
1429	0
1430	3
1431	3
1432	0
1433	0
1434	0
1435	3
1436	3
1437	3
1438	0
1439	3
1440	3
1441	2
1442	3
1443	3
1444	3
1445	3
1446	0
1447	2
1448	3
1449	2
1450	0
1451	0
1452	3
1453	3
1454	3
1455	0
1456	3
1457	3
1458	1
1459	3
1460	0
1461	3
1462	3
1463	3
1464	0
1465	0
1466	3
1467	3
1468	0
1469	3
1470	3
1471	3
1472	3
1473	3
1474	2
1475	0
1476	0
1477	3
1478	0
1479	0
1480	1
1481	3
1482	0
1483	0
1484	3
1485	0
1486	3
1487	3
1488	0
1489	1
1490	3
1491	3
1492	0
1493	0
1494	0
1495	1
1496	0
1497	0
1498	3
1499	2
1500	0
1501	0
1502	3
1503	3
1504	0
1505	3
1506	3
1507	3
1508	3
1509	0
1510	0
1511	0
1512	3
1513	0
1514	1
1515	3
1516	1
1517	0
1518	3
1519	0
1520	3
1521	1
1522	0
1523	0
1524	3
1525	0
1526	3
1527	0
1528	3
1529	1
1530	0
1531	0
1532	0
1533	0
1534	0
1535	2
1536	3
1537	3
1538	0
1539	0
1540	3
1541	3
1542	0
1543	0
1544	0
1545	3
1546	1
1547	0
1548	0
1549	0
1550	3
1551	0
1552	0
1553	2
1554	0
1555	3
1556	0
1557	1
1558	3
1559	3
1560	3
1561	3
1562	3
1563	0
1564	3
1565	3
1566	0
1567	0
1568	1
1569	3
1570	0
1571	2
1572	3
1573	1
1574	0
1575	1
1576	0
1577	3
1578	3
1579	3
1580	0
1581	1
1582	0
1583	0
1584	3
1585	3
1586	1
1587	3
1588	0
1589	2
1590	3
1591	0
1592	3
1593	3
1594	0
1595	1
1596	3
1597	2
1598	0
1599	3
1600	0
1601	1
1602	3
1603	0
1604	1
1605	0
1606	0
1607	0
1608	0
1609	0
1610	0
1611	0
1612	3
1613	2
1614	2
1615	3
1616	0
1617	3
1618	0
1619	0
1620	0
1621	0
1622	1
1623	0
1624	3
1625	3
1626	0
1627	3
1628	3
1629	2
1630	3
1631	3
1632	0
1633	3
1634	0
1635	0
1636	3
1637	0
1638	3
1639	0
1640	1
1641	3
1642	0
1643	3
1644	3
1645	0
1646	0
1647	3
1648	0
1649	2
1650	3
1651	0
1652	3
1653	0
1654	0
1655	0
1656	0
1657	3
1658	0
1659	3
1660	3
1661	3
1662	0
1663	0
1664	3
1665	3
1666	3
1667	2
1668	3
1669	0
1670	3
1671	0
1672	3
1673	0
1674	1
1675	0
1676	3
1677	1
1678	3
1679	0
1680	3
1681	1
1682	3
1683	2
1684	2
1685	0
1686	3
1687	0
1688	0
1689	3
1690	0
1691	0
1692	3
1693	3
1694	0
1695	2
1696	3
1697	3
1698	2
1699	0
1700	1
1701	0
1702	1
1703	3
1704	2
1705	2
1706	3
1707	0
1708	3
1709	3
1710	0
1711	3
1712	1
1713	2
1714	0
1715	0
1716	1
1717	3
1718	0
1719	0
1720	0
1721	3
1722	0
1723	0
1724	3
1725	3
1726	0
1727	3
1728	0
1729	3
1730	2
1731	3
1732	3
1733	1
1734	0
1735	3
1736	0
1737	3
1738	0
1739	0
1740	3
1741	0
1742	3
1743	0
1744	0
1745	3
1746	0
1747	0
1748	3
1749	0
1750	3
1751	2
1752	3
1753	0
1754	3
1755	3
1756	0
1757	3
1758	1
1759	1
1760	1
1761	0
1762	3
1763	2
1764	1
1765	3
1766	0
1767	0
1768	3
1769	3
1770	0
1771	0
1772	0
1773	0
1774	0
1775	0
1776	3
1777	0
1778	3
1779	3
1780	3
1781	3
1782	0
1783	0
1784	3
1785	0
1786	0
1787	3
1788	3
1789	2
1790	0
1791	0
1792	0
1793	1
1794	3
1795	0
1796	3
1797	0
1798	0
1799	3
1800	3
1801	0
1802	2
1803	0
1804	3
1805	3
1806	3
1807	0
1808	3
1809	3
1810	0
1811	3
1812	3
1813	3
1814	3
1815	0
1816	2
1817	3
1818	3
1819	3
1820	0
1821	3
1822	0
1823	0
1824	0
1825	2
1826	2
1827	0
1828	0
1829	0
1830	0
1831	3
1832	1
1833	1
1834	0
1835	0
1836	3
1837	0
1838	0
1839	0
1840	1
1841	0
1842	3
1843	2
1844	0
1845	3
1846	2
1847	3
1848	0
1849	0
1850	3
1851	3
1852	0
1853	3
1854	0
1855	3
1856	3
1857	3
1858	0
1859	0
1860	0
1861	0
1862	2
1863	0
1864	0
1865	3
1866	2
1867	0
1868	0
1869	0
1870	0
1871	3
1872	0
1873	1
1874	3
1875	0
1876	3
1877	0
1878	3
1879	0
1880	0
1881	0
1882	0
1883	3
1884	0
1885	3
1886	0
1887	3
1888	3
1889	0
1890	0
1891	3
1892	0
1893	1
1894	0
1895	0
1896	0
1897	0
1898	0
1899	0
1900	0
1901	0
1902	0
1903	0
1904	3
1905	3
1906	3
1907	0
1908	2
1909	3
1910	0
1911	2
1912	3
1913	3
1914	0
1915	3
1916	0
1917	1
1918	3
1919	0
1920	1
1921	0
1922	0
1923	1
1924	0
1925	0
1926	0
1927	0
1928	3
1929	3
1930	3
1931	1
1932	3
1933	3
1934	3
1935	0
1936	2
1937	3
1938	0
1939	3
1940	0
1941	0
1942	0
1943	0
1944	3
1945	2
1946	3
1947	1
1948	0
1949	1
1950	2
1951	3
1952	1
1953	3
1954	3
1955	3
1956	3
1957	0
1958	0
1959	0
1960	2
1961	0
1962	3
1963	3
1964	0
1965	0
1966	0
1967	0
1968	0
1969	3
1970	3
1971	0
1972	3
1973	3
1974	0
1975	0
1976	0
1977	3
1978	3
1979	3
1980	3
1981	1
1982	0
1983	3
1984	3
1985	3
1986	0
1987	3
1988	3
1989	3
1990	0
1991	0
1992	3
1993	3
1994	0
1995	1
1996	2
1997	2
1998	3
1999	3
2000	0
2001	2
2002	3
2003	3
2004	0
2005	0
2006	0
2007	3
2008	0
2009	3
2010	3
2011	3
2012	0
2013	0
2014	1
2015	3
2016	3
2017	3
2018	0
2019	1
2020	3
2021	3
2022	0
2023	0
2024	2
2025	0
2026	3
2027	3
2028	3
2029	0
2030	0
2031	0
2032	0
2033	0
2034	3
2035	3
2036	0
2037	0
2038	3
2039	3
2040	0
2041	0
2042	3
2043	1
2044	3
2045	3
2046	3
2047	3
2048	0
2049	0
2050	0
2051	3
2052	3
2053	0
2054	0
2055	3
2056	0
2057	0
2058	0
2059	0
2060	0
2061	3
2062	3
2063	3
2064	0
2065	1
2066	0
2067	1
2068	3
2069	3
2070	0
2071	0
2072	0
2073	0
2074	0
2075	1
2076	0
2077	2
2078	3
2079	0
2080	1
2081	3
2082	0
2083	3
2084	0
2085	3
2086	0
2087	3
2088	3
2089	0
2090	3
2091	0
2092	0
2093	3
2094	0
2095	3
2096	3
2097	0
2098	0
2099	3
2100	3
2101	3
2102	3
2103	0
2104	3
2105	3
2106	0
2107	0
2108	0
2109	3
2110	3
2111	0
2112	3
2113	2
2114	3
2115	0
2116	1
2117	0
2118	0
2119	2
2120	0
2121	0
2122	0
2123	0
2124	0
2125	3
2126	3
2127	2
2128	0
2129	0
2130	0
2131	1
2132	3
2133	3
2134	0
2135	0
2136	2
2137	3
2138	0
2139	0
2140	0
2141	3
2142	1
2143	3
2144	0
2145	0
2146	3
2147	3
2148	0
2149	3
2150	1
2151	2
2152	0
2153	0
2154	0
2155	3
2156	0
2157	0
2158	1
2159	3
2160	2
2161	0
2162	0
2163	2
2164	3
2165	0
2166	1
2167	0
2168	0
2169	3
2170	0
2171	0
2172	0
2173	3
2174	3
2175	1
2176	0
2177	0
2178	3
2179	3
2180	0
2181	3
2182	1
2183	3
2184	2
2185	0
2186	0
2187	3
2188	0
2189	3
2190	3
2191	3
2192	0
2193	1
2194	3
2195	0
2196	3
2197	3
2198	0
2199	0
2200	0
2201	0
2202	0
2203	0
2204	0
2205	0
2206	3
2207	3
2208	0
2209	0
2210	0
2211	0
2212	0
2213	3
2214	0
2215	3
2216	0
2217	1
2218	3
2219	0
2220	3
2221	3
2222	0
2223	0
2224	0
2225	0
2226	3
2227	0
2228	3
2229	3
2230	0
2231	3
2232	0
2233	3
2234	0
2235	0
2236	0
2237	3
2238	3
2239	1
2240	3
2241	1
2242	0
2243	0
2244	0
2245	0
2246	1
2247	3
2248	3
2249	0
2250	3
2251	0
2252	0
2253	0
2254	0
2255	3
2256	1
2257	0
2258	3
2259	3
2260	0
2261	0
2262	0
2263	0
2264	0
2265	3
2266	2
2267	2
2268	0
2269	1
2270	0
2271	2
2272	3
2273	0
2274	0
2275	3
2276	0
2277	0
2278	0
2279	3
2280	0
2281	0
2282	0
2283	0
2284	3
2285	3
2286	1
2287	0
2288	3
2289	0
2290	0
2291	0
2292	0
2293	3
2294	0
2295	0
2296	0
2297	1
2298	3
2299	0
2300	0
2301	3
2302	3
2303	0
2304	3
2305	1
2306	1
2307	2
2308	0
2309	3
2310	0
2311	0
2312	0
2313	0
2314	0
2315	3
2316	3
2317	3
2318	0
2319	3
2320	0
2321	0
2322	0
2323	3
2324	0
2325	3
2326	0
2327	0
2328	0
2329	0
2330	0
2331	0
2332	0
2333	0
2334	3
2335	3
2336	3
2337	3
2338	2
2339	3
2340	0
2341	0
2342	2
2343	0
2344	0
2345	0
2346	0
2347	3
2348	0
2349	3
2350	3
2351	3
2352	0
2353	0
2354	0
2355	3
2356	1
2357	0
2358	0
2359	0
2360	3
2361	0
2362	0
2363	3
2364	0
2365	3
2366	3
2367	3
2368	3
2369	3
2370	3
2371	1
2372	1
2373	0
2374	3
2375	0
2376	3
2377	0
2378	0
2379	3
2380	3
2381	3
2382	3
2383	0
2384	0
2385	2
2386	0
2387	0
2388	3
2389	0
2390	0
2391	0
2392	3
2393	0
2394	0
2395	0
2396	3
2397	3
2398	3
2399	3
2400	3
2401	0
2402	0
2403	2
2404	0
2405	0
2406	0
2407	0
2408	0
2409	0
2410	0
2411	0
2412	3
2413	1
2414	3
2415	3
2416	0
2417	0
2418	3
2419	3
2420	3
2421	0
2422	0
2423	0
2424	0
2425	2
2426	1
2427	0
2428	3
2429	3
2430	3
2431	2
2432	3
2433	2
2434	2
2435	3
2436	0
2437	3
2438	0
2439	3
2440	3
2441	0
2442	0
2443	0
2444	0
2445	3
2446	1
2447	0
2448	0
2449	0
2450	0
2451	0
2452	3
2453	0
2454	0
2455	2
2456	0
2457	3
2458	0
2459	1
2460	0
2461	0
2462	3
2463	3
2464	1
2465	3
2466	0
2467	3
2468	3
2469	1
2470	0
2471	0
2472	3
2473	0
2474	3
2475	0
2476	3
2477	3
2478	0
2479	1
2480	0
2481	2
2482	0
2483	0
2484	2
2485	0
2486	3
2487	1
2488	2
2489	0
2490	0
2491	0
2492	0
2493	3
2494	3
2495	2
2496	3
2497	3
2498	2
2499	3
2500	0
2501	2
2502	0
2503	3
2504	0
2505	0
2506	3
2507	0
2508	0
2509	3
2510	3
2511	3
2512	0
2513	2
2514	0
2515	0
2516	3
2517	3
2518	0
2519	2
2520	3
2521	2
2522	3
2523	1
2524	3
2525	0
2526	2
2527	3
2528	0
2529	3
2530	3
2531	3
2532	0
2533	0
2534	0
2535	0
2536	0
2537	0
2538	0
2539	0
2540	3
2541	0
2542	0
2543	3
2544	0
2545	1
2546	0
2547	0
2548	2
2549	0
2550	2
2551	2
2552	0
2553	0
2554	3
2555	0
2556	3
2557	1
2558	3
2559	3
2560	1
2561	3
2562	0
2563	0
2564	1
2565	2
2566	0
2567	0
2568	1
2569	3
2570	2
2571	1
2572	0
2573	3
2574	1
2575	3
2576	0
2577	3
2578	0
2579	0
2580	0
2581	2
2582	3
2583	3
2584	0
2585	3
2586	0
2587	0
2588	0
2589	0
2590	0
2591	3
2592	3
2593	3
2594	3
2595	0
2596	3
2597	3
2598	3
2599	3
2600	0
2601	3
2602	0
2603	1
2604	3
2605	3
2606	0
2607	3
2608	0
2609	3
2610	3
2611	0
2612	0
2613	3
2614	0
2615	3
2616	3
2617	1
2618	3
2619	0
2620	0
2621	0
2622	3
2623	0
2624	3
2625	0
2626	0
2627	0
2628	0
2629	3
2630	3
2631	2
2632	1
2633	0
2634	0
2635	0
2636	3
2637	3
2638	0
2639	0
2640	0
2641	0
2642	0
2643	0
2644	1
2645	2
2646	0
2647	3
2648	3
2649	0
2650	0
2651	3
2652	3
2653	3
2654	0
2655	3
2656	2
2657	3
2658	0
2659	3
2660	0
2661	3
2662	0
2663	3
2664	2
2665	3
2666	0
2667	0
2668	3
2669	3
2670	0
2671	0
2672	1
2673	3
2674	1
2675	2
2676	2
2677	2
2678	1
2679	0
2680	3
2681	0
2682	0
2683	0
2684	0
2685	1
2686	0
2687	0
2688	3
2689	0
2690	0
2691	2
2692	3
2693	0
2694	3
2695	3
2696	3
2697	0
2698	0
2699	3
2700	3
2701	3
2702	2
2703	0
2704	0
2705	3
2706	1
2707	0
2708	0
2709	0
2710	1
2711	3
2712	1
2713	3
2714	0
2715	0
2716	0
2717	1
2718	3
2719	3
2720	3
2721	3
2722	0
2723	0
2724	3
2725	2
2726	3
2727	3
2728	0
2729	1
2730	3
2731	0
2732	1
2733	3
2734	3
2735	1
2736	0
2737	3
2738	0
2739	1
2740	0
2741	1
2742	3
2743	3
2744	0
2745	1
2746	3
2747	2
2748	0
2749	0
2750	3
2751	3
2752	0
2753	0
2754	2
2755	0
2756	0
2757	0
2758	3
2759	2
2760	0
2761	3
2762	1
2763	3
2764	0
2765	2
2766	3
2767	3
2768	0
2769	0
2770	0
2771	0
2772	0
2773	0
2774	3
2775	3
2776	3
2777	3
2778	0
2779	3
2780	3
2781	0
2782	3
2783	0
2784	0
2785	0
2786	2
2787	0
2788	0
2789	0
2790	2
2791	0
2792	3
2793	0
2794	0
2795	3
2796	0
2797	0
2798	0
2799	0
2800	0
2801	0
2802	3
2803	0
2804	0
2805	0
2806	2
2807	3
2808	0
2809	3
2810	3
2811	0
2812	0
2813	3
2814	0
2815	0
2816	3
2817	0
2818	0
2819	0
2820	2
2821	0
2822	3
2823	0
2824	3
2825	0
2826	0
2827	0
2828	3
2829	3
2830	0
2831	0
2832	0
2833	0
2834	1
2835	0
2836	0
2837	1
2838	3
2839	2
2840	3
2841	3
2842	0
2843	0
2844	0
2845	0
2846	3
2847	2
2848	3
2849	3
2850	0
2851	2
2852	1
2853	3
2854	0
2855	3
2856	0
2857	2
2858	0
2859	0
2860	0
2861	0
2862	3
2863	0
2864	0
2865	1
2866	1
2867	0
2868	0
2869	3
2870	0
2871	0
2872	3
2873	0
2874	3
2875	0
2876	0
2877	0
2878	3
2879	0
2880	1
2881	3
2882	0
2883	3
2884	3
2885	3
2886	3
2887	0
2888	3
2889	3
2890	0
2891	0
2892	3
2893	0
2894	2
2895	3
2896	2
2897	0
2898	1
2899	0
2900	1
2901	0
2902	0
2903	3
2904	3
2905	3
2906	0
2907	0
2908	3
2909	0
2910	3
2911	3
2912	3
2913	3
2914	0
2915	3
2916	2
2917	3
2918	0
2919	1
2920	0
2921	3
2922	0
2923	3
2924	3
2925	3
2926	0
2927	2
2928	3
2929	0
2930	0
2931	0
2932	3
2933	1
2934	0
2935	3
2936	3
2937	3
2938	0
2939	3
2940	0
2941	1
2942	0
2943	3
2944	0
2945	0
2946	3
2947	0
2948	0
2949	3
2950	0
2951	0
2952	3
2953	0
2954	2
2955	0
2956	0
2957	1
2958	3
2959	3
2960	0
2961	1
2962	0
2963	0
2964	0
2965	0
2966	0
2967	1
2968	2
2969	2
2970	3
2971	0
2972	3
2973	0
2974	0
2975	0
2976	0
2977	2
2978	0
2979	0
2980	0
2981	3
2982	3
2983	3
2984	3
2985	3
2986	1
2987	0
2988	0
2989	0
2990	2
2991	1
2992	0
2993	0
2994	0
2995	2
2996	0
2997	0
2998	3
2999	3
3000	3
3001	3
3002	3
3003	3
3004	1
3005	3
3006	3
3007	0
3008	3
3009	3
3010	0
3011	0
3012	3
3013	1
3014	0
3015	3
3016	0
3017	0
3018	0
3019	0
3020	3
3021	0
3022	1
3023	3
3024	0
3025	1
3026	0
3027	2
3028	0
3029	3
3030	3
3031	2
3032	0
3033	3
3034	3
3035	0
3036	0
3037	0
3038	0
3039	3
3040	0
3041	0
3042	0
3043	0
3044	0
3045	3
3046	3
3047	3
3048	3
3049	3
3050	0
3051	0
3052	2
3053	0
3054	2
3055	3
3056	1
3057	0
3058	3
3059	0
3060	2
3061	0
3062	3
3063	0
3064	3
3065	2
3066	3
3067	2
3068	1
3069	0
3070	0
3071	3
3072	3
3073	3
3074	0
3075	0
3076	0
3077	0
3078	2
3079	2
3080	2
3081	0
3082	3
3083	0
3084	3
3085	3
3086	3
3087	0
3088	0
3089	3
3090	0
3091	0
3092	3
3093	1
3094	0
3095	1
3096	0
3097	0
3098	3
3099	3
3100	3
3101	2
3102	3
3103	0
3104	1
3105	0
3106	3
3107	0
3108	0
3109	0
3110	3
3111	3
3112	3
3113	2
3114	0
3115	2
3116	2
3117	0
3118	3
3119	3
3120	0
3121	0
3122	0
3123	2
3124	0
3125	3
3126	3
3127	0
3128	3
3129	3
3130	2
3131	3
3132	0
3133	0
3134	3
3135	3
3136	0
3137	1
3138	3
3139	2
3140	0
3141	0
3142	0
3143	3
3144	3
3145	0
3146	3
3147	3
3148	3
3149	3
3150	0
3151	3
3152	1
3153	0
3154	0
3155	0
3156	0
3157	1
3158	0
3159	2
3160	3
3161	3
3162	3
3163	0
3164	3
3165	3
3166	3
3167	1
3168	1
3169	1
3170	0
3171	2
3172	0
3173	0
3174	3
3175	3
3176	3
3177	2
3178	1
3179	3
3180	2
3181	3
3182	0
3183	3
3184	0
3185	0
3186	0
3187	3
3188	0
3189	1
3190	3
3191	0
3192	0
3193	3
3194	3
3195	3
3196	0
3197	0
3198	3
3199	3
3200	0
3201	0
3202	0
3203	1
3204	3
3205	0
3206	0
3207	3
3208	3
3209	0
3210	0
3211	1
3212	3
3213	3
3214	3
3215	0
3216	0
3217	1
3218	0
3219	3
3220	0
3221	0
3222	3
3223	3
3224	3
3225	0
3226	3
3227	3
3228	3
3229	3
3230	3
3231	0
3232	0
3233	0
3234	0
3235	0
3236	3
3237	0
3238	1
3239	3
3240	0
3241	0
3242	0
3243	2
3244	3
3245	0
3246	3
3247	3
3248	0
3249	0
3250	0
3251	3
3252	3
3253	3
3254	3
3255	1
3256	0
3257	3
3258	3
3259	3
3260	0
3261	2
3262	3
3263	3
3264	0
3265	2
3266	3
3267	0
3268	0
3269	0
3270	0
3271	3
3272	3
3273	1
3274	2
3275	0
3276	1
3277	1
3278	3
3279	0
3280	1
3281	3
3282	0
3283	0
3284	0
3285	2
3286	0
3287	0
3288	1
3289	0
3290	2
3291	0
3292	1
3293	3
3294	1
3295	2
3296	0
3297	3
3298	0
3299	0
3300	0
3301	0
3302	3
3303	3
3304	0
3305	0
3306	0
3307	0
3308	0
3309	0
3310	3
3311	3
3312	0
3313	0
3314	0
3315	3
3316	3
3317	0
3318	0
3319	1
3320	0
3321	0
3322	3
3323	3
3324	1
3325	2
3326	2
3327	2
3328	0
3329	0
3330	0
3331	0
3332	3
3333	0
3334	3
3335	0
3336	0
3337	2
3338	0
3339	0
3340	3
3341	2
3342	3
3343	1
3344	0
3345	3
3346	0
3347	3
3348	3
3349	3
3350	0
3351	3
3352	0
3353	1
3354	1
3355	0
3356	0
3357	1
3358	3
3359	1
3360	2
3361	1
3362	0
3363	0
3364	3
3365	1
3366	3
3367	2
3368	1
3369	0
3370	0
3371	3
3372	3
3373	3
3374	3
3375	3
3376	0
3377	0
3378	0
3379	3
3380	3
3381	0
3382	1
3383	3
3384	3
3385	0
3386	0
3387	0
3388	0
3389	0
3390	0
3391	2
3392	3
3393	2
3394	0
3395	0
3396	3
3397	3
3398	0
3399	0
3400	0
3401	1
3402	0
3403	3
3404	3
3405	3
3406	0
3407	3
3408	0
3409	2
3410	3
3411	3
3412	3
3413	3
3414	3
3415	3
3416	3
3417	3
3418	0
3419	0
3420	3
3421	3
3422	0
3423	2
3424	3
3425	3
3426	0
3427	1
3428	0
3429	0
3430	0
3431	3
3432	0
3433	0
3434	3
3435	1
3436	3
3437	3
3438	3
3439	0
3440	2
3441	0
3442	0
3443	0
3444	3
3445	1
3446	1
3447	2
3448	3
3449	0
3450	3
3451	0
3452	1
3453	2
3454	0
3455	3
3456	0
3457	0
3458	3
3459	1
3460	1
3461	0
3462	3
3463	2
3464	0
3465	3
3466	0
3467	3
3468	3
3469	2
3470	3
3471	0
3472	0
3473	3
3474	0
3475	0
3476	0
3477	3
3478	0
3479	0
3480	0
3481	3
3482	1
3483	2
3484	0
3485	3
3486	0
3487	3
3488	3
3489	0
3490	3
3491	2
3492	0
3493	0
3494	3
3495	1
3496	0
3497	0
3498	0
3499	3
3500	1
3501	3
3502	3
3503	0
3504	0
3505	0
3506	0
3507	3
3508	0
3509	0
3510	0
3511	1
3512	0
3513	0
3514	2
3515	0
3516	3
3517	1
3518	0
3519	3
3520	0
3521	3
3522	0
3523	0
3524	0
3525	3
3526	0
3527	3
3528	1
3529	0
3530	0
3531	2
3532	0
3533	3
3534	3
3535	0
3536	3
3537	0
3538	0
3539	3
3540	3
3541	0
3542	0
3543	3
3544	0
3545	0
3546	3
3547	0
3548	0
3549	0
3550	3
3551	3
3552	3
3553	3
3554	0
3555	3
3556	0
3557	0
3558	3
3559	3
3560	0
3561	3
3562	0
3563	3
3564	3
3565	1
3566	3
3567	1
3568	3
3569	3
3570	0
3571	3
3572	0
3573	0
3574	0
3575	0
3576	3
3577	1
3578	3
3579	3
3580	3
3581	3
3582	0
3583	3
3584	0
3585	3
3586	3
3587	3
3588	3
3589	3
3590	0
3591	3
3592	0
3593	3
3594	0
3595	1
3596	3
3597	3
3598	2
3599	3
3600	3
3601	0
3602	0
3603	3
3604	3
3605	0
3606	3
3607	3
3608	0
3609	0
3610	3
3611	0
3612	3
3613	0
3614	2
3615	2
3616	3
3617	0
3618	3
3619	0
3620	1
3621	3
3622	0
3623	0
3624	0
3625	3
3626	0
3627	2
3628	3
3629	0
3630	3
3631	3
3632	0
3633	0
3634	3
3635	0
3636	3
3637	3
3638	2
3639	0
3640	0
3641	3
3642	3
3643	3
3644	0
3645	0
3646	0
3647	3
3648	3
3649	0
3650	2
3651	2
3652	0
3653	3
3654	0
3655	3
3656	0
3657	3
3658	0
3659	1
3660	3
3661	3
3662	3
3663	1
3664	0
3665	2
3666	0
3667	0
3668	3
3669	3
3670	1
3671	1
3672	0
3673	0
3674	3
3675	0
3676	0
3677	0
3678	3
3679	1
3680	0
3681	0
3682	0
3683	3
3684	0
3685	3
3686	0
3687	1
3688	0
3689	2
3690	0
3691	3
3692	3
3693	0
3694	3
3695	0
3696	0
3697	0
3698	0
3699	3
3700	3
3701	2
3702	0
3703	1
3704	0
3705	0
3706	2
3707	3
3708	3
3709	3
3710	0
3711	3
3712	3
3713	3
3714	0
3715	0
3716	3
3717	1
3718	0
3719	3
3720	3
3721	3
3722	0
3723	0
3724	3
3725	3
3726	1
3727	0
3728	2
3729	0
3730	0
3731	1
3732	0
3733	0
3734	0
3735	1
3736	1
3737	1
3738	3
3739	3
3740	1
3741	1
3742	0
3743	2
3744	2
3745	2
3746	0
3747	0
3748	0
3749	3
3750	0
3751	3
3752	0
3753	3
3754	3
3755	3
3756	3
3757	0
3758	3
3759	0
3760	3
3761	0
3762	3
3763	1
3764	3
3765	3
3766	3
3767	0
3768	3
3769	0
3770	3
3771	0
3772	0
3773	0
3774	0
3775	3
3776	3
3777	3
3778	2
3779	2
3780	0
3781	0
3782	0
3783	3
3784	3
3785	0
3786	3
3787	2
3788	0
3789	0
3790	2
3791	1
3792	0
3793	0
3794	3
3795	0
3796	0
3797	0
3798	0
3799	3
3800	0
3801	3
3802	3
3803	0
3804	0
3805	0
3806	2
3807	0
3808	2
3809	3
3810	0
3811	1
3812	2
3813	3
3814	3
3815	3
3816	0
3817	0
3818	0
3819	0
3820	0
3821	3
3822	2
3823	0
3824	3
3825	0
3826	0
3827	3
3828	2
3829	0
3830	3
3831	3
3832	0
3833	3
3834	3
3835	0
3836	0
3837	3
3838	3
3839	0
3840	0
3841	1
3842	3
3843	0
3844	3
3845	1
3846	3
3847	0
3848	0
3849	3
3850	3
3851	0
3852	3
3853	0
3854	1
3855	0
3856	0
3857	3
3858	3
3859	2
3860	3
3861	0
3862	3
3863	0
3864	3
3865	3
3866	0
3867	0
3868	0
3869	3
3870	3
3871	0
3872	0
3873	0
3874	3
3875	2
3876	0
3877	3
3878	3
3879	1
3880	0
3881	3
3882	0
3883	0
3884	0
3885	0
3886	3
3887	0
3888	0
3889	0
3890	3
3891	3
3892	0
3893	0
3894	3
3895	3
3896	3
3897	3
3898	0
3899	2
3900	0
3901	0
3902	3
3903	0
3904	3
3905	3
3906	3
3907	2
3908	2
3909	3
3910	0
3911	0
3912	0
3913	3
3914	2
3915	3
3916	3
3917	3
3918	3
3919	0
3920	3
3921	0
3922	1
3923	0
3924	3
3925	0
3926	3
3927	3
3928	3
3929	3
3930	3
3931	0
3932	0
3933	0
3934	3
3935	0
3936	0
3937	3
3938	0
3939	2
3940	2
3941	0
3942	0
3943	0
3944	3
3945	3
3946	1
3947	3
3948	3
3949	3
3950	0
3951	0
3952	3
3953	3
3954	0
3955	3
3956	3
3957	3
3958	3
3959	3
3960	3
3961	0
3962	3
3963	3
3964	0
3965	2
3966	0
3967	2
3968	3
3969	3
3970	0
3971	2
3972	2
3973	0
3974	1
3975	0
3976	0
3977	0
3978	0
3979	0
3980	3
3981	3
3982	0
3983	0
3984	3
3985	0
3986	0
3987	2
3988	0
3989	0
3990	0
3991	0
3992	0
3993	3
3994	3
3995	3
3996	2
3997	2
3998	0
3999	3
4000	3
4001	3
4002	3
4003	3
4004	3
4005	2
4006	1
4007	0
4008	0
4009	3
4010	3
4011	0
4012	3
4013	3
4014	0
4015	3
4016	3
4017	1
4018	3
4019	1
4020	2
4021	0
4022	0
4023	3
4024	3
4025	3
4026	3
4027	3
4028	1
4029	0
4030	0
4031	2
4032	3
4033	2
4034	0
4035	3
4036	0
4037	0
4038	3
4039	3
4040	3
4041	1
4042	3
4043	0
4044	3
4045	3
4046	0
4047	0
4048	2
4049	0
4050	3
4051	0
4052	0
4053	0
4054	0
4055	0
4056	3
4057	3
4058	0
4059	0
4060	0
4061	0
4062	0
4063	0
4064	1
4065	2
4066	0
4067	0
4068	3
4069	0
4070	2
4071	0
4072	2
4073	0
4074	3
4075	3
4076	1
4077	0
4078	3
4079	3
4080	3
4081	0
4082	3
4083	0
4084	3
4085	0
4086	0
4087	0
4088	3
4089	3
4090	3
4091	0
4092	0
4093	2
4094	0
4095	3
