COMMAND
./sim gshare 11 11 ./proj2-traces/gcc_trace.txt
OUTPUT
number of predictions:2000000
number of mispredictions:378673
misprediction rate:   18.93%
FINAL GSHARE CONTENTS
0	0
1	0
2	3
3	3
4	1
5	0
6	0
7	2
8	3
9	3
10	3
11	0
12	0
13	0
14	3
15	3
16	0
17	1
18	3
19	3
20	3
21	3
22	0
23	2
24	1
25	0
26	3
27	3
28	2
29	1
30	1
31	3
32	3
33	0
34	0
35	3
36	3
37	3
38	3
39	3
40	3
41	3
42	3
43	0
44	3
45	0
46	2
47	3
48	1
49	0
50	3
51	1
52	0
53	3
54	3
55	1
56	0
57	3
58	3
59	3
60	0
61	0
62	0
63	0
64	0
65	3
66	0
67	3
68	3
69	3
70	0
71	3
72	0
73	0
74	0
75	0
76	2
77	0
78	2
79	0
80	3
81	1
82	0
83	0
84	0
85	0
86	0
87	0
88	3
89	3
90	3
91	0
92	0
93	0
94	0
95	3
96	3
97	3
98	3
99	0
100	0
101	3
102	0
103	0
104	0
105	3
106	1
107	1
108	3
109	3
110	0
111	2
112	3
113	0
114	0
115	3
116	2
117	3
118	3
119	0
120	3
121	0
122	3
123	0
124	0
125	3
126	0
127	0
128	0
129	3
130	3
131	0
132	0
133	3
134	0
135	3
136	3
137	3
138	3
139	3
140	3
141	3
142	0
143	2
144	2
145	0
146	0
147	0
148	3
149	0
150	0
151	2
152	0
153	0
154	0
155	1
156	0
157	0
158	0
159	0
160	3
161	3
162	3
163	2
164	3
165	2
166	3
167	2
168	3
169	2
170	0
171	2
172	0
173	0
174	2
175	3
176	0
177	0
178	0
179	0
180	0
181	0
182	3
183	3
184	0
185	3
186	0
187	0
188	3
189	0
190	3
191	3
192	0
193	0
194	0
195	3
196	0
197	1
198	0
199	2
200	0
201	3
202	3
203	0
204	2
205	1
206	0
207	0
208	2
209	0
210	3
211	3
212	0
213	2
214	2
215	0
216	3
217	3
218	0
219	0
220	3
221	1
222	3
223	0
224	0
225	3
226	0
227	1
228	0
229	3
230	0
231	3
232	3
233	0
234	0
235	0
236	0
237	3
238	0
239	3
240	0
241	3
242	0
243	0
244	0
245	3
246	3
247	3
248	3
249	0
250	1
251	3
252	3
253	0
254	0
255	1
256	3
257	3
258	1
259	0
260	0
261	0
262	1
263	2
264	2
265	0
266	0
267	0
268	3
269	1
270	0
271	2
272	0
273	0
274	0
275	0
276	3
277	0
278	0
279	0
280	0
281	3
282	0
283	0
284	3
285	2
286	0
287	0
288	0
289	0
290	3
291	0
292	3
293	3
294	0
295	0
296	0
297	0
298	0
299	0
300	0
301	0
302	0
303	0
304	0
305	0
306	3
307	3
308	3
309	0
310	0
311	1
312	1
313	0
314	1
315	0
316	0
317	0
318	0
319	3
320	0
321	0
322	0
323	2
324	3
325	3
326	0
327	0
328	3
329	2
330	3
331	2
332	2
333	0
334	3
335	1
336	0
337	0
338	1
339	3
340	0
341	0
342	1
343	0
344	2
345	2
346	0
347	3
348	0
349	3
350	3
351	3
352	2
353	2
354	0
355	3
356	0
357	0
358	3
359	0
360	2
361	3
362	1
363	0
364	2
365	0
366	3
367	0
368	0
369	0
370	0
371	0
372	1
373	0
374	0
375	0
376	0
377	0
378	3
379	1
380	3
381	3
382	3
383	3
384	1
385	0
386	3
387	1
388	0
389	0
390	0
391	1
392	3
393	3
394	0
395	3
396	3
397	0
398	0
399	3
400	2
401	2
402	3
403	3
404	0
405	0
406	0
407	0
408	0
409	0
410	1
411	0
412	3
413	3
414	3
415	0
416	3
417	2
418	1
419	3
420	0
421	2
422	2
423	3
424	2
425	2
426	0
427	3
428	1
429	0
430	3
431	0
432	2
433	0
434	1
435	3
436	3
437	3
438	0
439	3
440	0
441	3
442	0
443	0
444	3
445	0
446	2
447	3
448	3
449	0
450	0
451	0
452	0
453	0
454	3
455	3
456	1
457	3
458	0
459	1
460	3
461	0
462	0
463	2
464	1
465	1
466	1
467	3
468	0
469	0
470	1
471	3
472	0
473	0
474	0
475	3
476	0
477	0
478	3
479	0
480	3
481	0
482	0
483	0
484	0
485	2
486	3
487	0
488	0
489	1
490	0
491	0
492	1
493	1
494	2
495	0
496	0
497	3
498	0
499	0
500	0
501	3
502	0
503	3
504	0
505	0
506	0
507	3
508	0
509	0
510	3
511	2
512	0
513	0
514	3
515	3
516	1
517	0
518	0
519	0
520	0
521	3
522	3
523	3
524	0
525	3
526	0
527	3
528	3
529	0
530	0
531	3
532	3
533	2
534	0
535	0
536	2
537	0
538	0
539	2
540	0
541	3
542	0
543	0
544	0
545	0
546	3
547	3
548	2
549	0
550	2
551	0
552	3
553	0
554	0
555	0
556	0
557	0
558	0
559	3
560	0
561	0
562	0
563	3
564	0
565	3
566	0
567	3
568	0
569	3
570	0
571	3
572	1
573	0
574	2
575	0
576	3
577	0
578	0
579	3
580	0
581	0
582	3
583	3
584	0
585	2
586	3
587	0
588	0
589	0
590	3
591	3
592	0
593	0
594	0
595	0
596	0
597	1
598	0
599	3
600	3
601	3
602	1
603	1
604	0
605	3
606	2
607	3
608	1
609	0
610	0
611	0
612	3
613	0
614	0
615	0
616	3
617	0
618	0
619	1
620	2
621	2
622	1
623	3
624	2
625	0
626	1
627	0
628	0
629	0
630	3
631	0
632	2
633	0
634	0
635	2
636	3
637	0
638	0
639	0
640	1
641	3
642	0
643	0
644	0
645	3
646	3
647	3
648	0
649	2
650	3
651	0
652	1
653	0
654	0
655	0
656	0
657	0
658	0
659	3
660	1
661	1
662	0
663	0
664	3
665	0
666	3
667	0
668	0
669	0
670	0
671	0
672	3
673	0
674	0
675	2
676	0
677	3
678	3
679	2
680	3
681	3
682	1
683	3
684	0
685	1
686	0
687	2
688	3
689	2
690	1
691	0
692	3
693	0
694	0
695	3
696	2
697	0
698	2
699	0
700	3
701	1
702	0
703	3
704	0
705	0
706	0
707	0
708	3
709	0
710	0
711	3
712	0
713	1
714	0
715	2
716	0
717	3
718	0
719	0
720	0
721	0
722	0
723	3
724	0
725	0
726	1
727	0
728	3
729	3
730	3
731	0
732	2
733	0
734	0
735	2
736	0
737	0
738	0
739	3
740	3
741	3
742	3
743	1
744	0
745	0
746	0
747	3
748	3
749	1
750	2
751	0
752	3
753	3
754	0
755	0
756	0
757	0
758	0
759	1
760	3
761	3
762	3
763	0
764	2
765	0
766	0
767	3
768	1
769	0
770	3
771	3
772	0
773	0
774	0
775	3
776	3
777	3
778	0
779	3
780	0
781	3
782	1
783	3
784	3
785	0
786	1
787	3
788	3
789	0
790	3
791	0
792	2
793	0
794	3
795	0
796	3
797	2
798	1
799	2
800	3
801	0
802	3
803	2
804	0
805	0
806	1
807	0
808	0
809	3
810	3
811	0
812	0
813	0
814	2
815	0
816	2
817	0
818	0
819	0
820	0
821	0
822	0
823	2
824	3
825	3
826	1
827	0
828	0
829	0
830	0
831	3
832	0
833	1
834	2
835	0
836	0
837	0
838	3
839	0
840	0
841	3
842	2
843	2
844	3
845	0
846	2
847	2
848	0
849	0
850	2
851	0
852	0
853	2
854	2
855	2
856	3
857	0
858	0
859	3
860	3
861	2
862	0
863	1
864	0
865	1
866	0
867	0
868	0
869	2
870	0
871	0
872	3
873	3
874	0
875	0
876	3
877	3
878	3
879	0
880	0
881	2
882	3
883	0
884	0
885	0
886	0
887	0
888	0
889	0
890	3
891	3
892	0
893	0
894	1
895	1
896	0
897	0
898	1
899	1
900	0
901	3
902	0
903	0
904	2
905	3
906	0
907	3
908	3
909	0
910	0
911	3
912	0
913	3
914	0
915	3
916	0
917	3
918	1
919	3
920	1
921	1
922	0
923	3
924	3
925	0
926	3
927	2
928	1
929	0
930	3
931	1
932	3
933	2
934	1
935	0
936	3
937	0
938	0
939	3
940	3
941	0
942	0
943	3
944	3
945	0
946	3
947	3
948	3
949	1
950	2
951	0
952	0
953	2
954	1
955	2
956	3
957	3
958	2
959	1
960	3
961	3
962	3
963	0
964	1
965	3
966	0
967	3
968	3
969	0
970	3
971	3
972	3
973	0
974	0
975	1
976	3
977	3
978	0
979	0
980	0
981	1
982	1
983	3
984	2
985	0
986	0
987	2
988	1
989	0
990	2
991	1
992	3
993	0
994	0
995	3
996	3
997	3
998	0
999	0
1000	0
1001	2
1002	3
1003	3
1004	3
1005	0
1006	2
1007	0
1008	3
1009	3
1010	2
1011	2
1012	3
1013	0
1014	3
1015	3
1016	0
1017	1
1018	2
1019	3
1020	0
1021	0
1022	1
1023	3
1024	3
1025	0
1026	0
1027	3
1028	2
1029	0
1030	0
1031	0
1032	3
1033	1
1034	3
1035	0
1036	3
1037	1
1038	0
1039	0
1040	3
1041	3
1042	0
1043	1
1044	1
1045	0
1046	2
1047	1
1048	0
1049	0
1050	0
1051	3
1052	2
1053	2
1054	1
1055	0
1056	0
1057	0
1058	0
1059	2
1060	3
1061	0
1062	0
1063	0
1064	0
1065	0
1066	3
1067	3
1068	3
1069	1
1070	2
1071	3
1072	0
1073	0
1074	0
1075	0
1076	0
1077	2
1078	1
1079	0
1080	1
1081	3
1082	0
1083	3
1084	3
1085	3
1086	3
1087	3
1088	0
1089	2
1090	0
1091	3
1092	0
1093	0
1094	2
1095	1
1096	3
1097	3
1098	1
1099	0
1100	0
1101	0
1102	1
1103	0
1104	0
1105	3
1106	0
1107	0
1108	0
1109	2
1110	0
1111	1
1112	0
1113	0
1114	0
1115	0
1116	3
1117	0
1118	3
1119	3
1120	3
1121	0
1122	0
1123	1
1124	3
1125	3
1126	2
1127	0
1128	0
1129	0
1130	0
1131	0
1132	0
1133	0
1134	2
1135	3
1136	3
1137	1
1138	0
1139	0
1140	0
1141	0
1142	0
1143	1
1144	0
1145	3
1146	0
1147	0
1148	0
1149	0
1150	0
1151	0
1152	1
1153	0
1154	3
1155	1
1156	3
1157	0
1158	1
1159	0
1160	3
1161	1
1162	2
1163	2
1164	0
1165	3
1166	0
1167	0
1168	3
1169	3
1170	0
1171	0
1172	3
1173	3
1174	2
1175	0
1176	3
1177	3
1178	3
1179	3
1180	3
1181	3
1182	3
1183	0
1184	0
1185	0
1186	1
1187	3
1188	0
1189	0
1190	1
1191	0
1192	1
1193	3
1194	3
1195	3
1196	3
1197	0
1198	3
1199	0
1200	2
1201	2
1202	0
1203	2
1204	3
1205	0
1206	2
1207	3
1208	1
1209	2
1210	0
1211	0
1212	3
1213	0
1214	3
1215	0
1216	1
1217	3
1218	3
1219	3
1220	3
1221	0
1222	3
1223	0
1224	3
1225	1
1226	3
1227	1
1228	0
1229	0
1230	3
1231	1
1232	1
1233	3
1234	2
1235	0
1236	3
1237	3
1238	1
1239	1
1240	0
1241	3
1242	0
1243	3
1244	3
1245	1
1246	2
1247	0
1248	0
1249	2
1250	0
1251	3
1252	3
1253	3
1254	1
1255	0
1256	0
1257	0
1258	3
1259	0
1260	2
1261	0
1262	3
1263	3
1264	1
1265	3
1266	3
1267	0
1268	3
1269	0
1270	1
1271	2
1272	1
1273	2
1274	0
1275	3
1276	2
1277	3
1278	0
1279	1
1280	0
1281	0
1282	3
1283	0
1284	0
1285	1
1286	0
1287	0
1288	0
1289	0
1290	3
1291	1
1292	3
1293	3
1294	3
1295	3
1296	3
1297	3
1298	1
1299	2
1300	0
1301	3
1302	3
1303	0
1304	0
1305	0
1306	2
1307	1
1308	3
1309	0
1310	0
1311	3
1312	3
1313	3
1314	0
1315	2
1316	1
1317	3
1318	1
1319	3
1320	3
1321	0
1322	2
1323	0
1324	0
1325	0
1326	0
1327	0
1328	0
1329	0
1330	3
1331	3
1332	0
1333	3
1334	2
1335	1
1336	3
1337	3
1338	0
1339	0
1340	0
1341	0
1342	1
1343	0
1344	0
1345	2
1346	0
1347	0
1348	3
1349	3
1350	3
1351	0
1352	0
1353	3
1354	0
1355	3
1356	0
1357	0
1358	0
1359	0
1360	0
1361	0
1362	0
1363	3
1364	2
1365	3
1366	3
1367	3
1368	3
1369	3
1370	3
1371	3
1372	3
1373	3
1374	2
1375	3
1376	3
1377	3
1378	0
1379	0
1380	0
1381	2
1382	0
1383	0
1384	2
1385	3
1386	0
1387	3
1388	1
1389	2
1390	2
1391	0
1392	0
1393	3
1394	3
1395	1
1396	0
1397	0
1398	0
1399	2
1400	0
1401	3
1402	3
1403	3
1404	1
1405	0
1406	0
1407	0
1408	3
1409	2
1410	0
1411	0
1412	0
1413	0
1414	0
1415	0
1416	0
1417	1
1418	3
1419	3
1420	0
1421	3
1422	2
1423	3
1424	0
1425	3
1426	3
1427	1
1428	3
1429	0
1430	0
1431	0
1432	2
1433	0
1434	3
1435	1
1436	0
1437	0
1438	1
1439	0
1440	1
1441	0
1442	1
1443	0
1444	1
1445	3
1446	0
1447	0
1448	0
1449	2
1450	1
1451	2
1452	3
1453	0
1454	2
1455	2
1456	0
1457	3
1458	3
1459	0
1460	0
1461	0
1462	0
1463	1
1464	0
1465	0
1466	3
1467	0
1468	3
1469	0
1470	0
1471	0
1472	0
1473	0
1474	1
1475	0
1476	2
1477	1
1478	0
1479	3
1480	0
1481	0
1482	0
1483	3
1484	1
1485	0
1486	1
1487	0
1488	1
1489	3
1490	0
1491	3
1492	0
1493	0
1494	0
1495	0
1496	3
1497	0
1498	0
1499	3
1500	2
1501	0
1502	0
1503	0
1504	0
1505	3
1506	0
1507	0
1508	3
1509	0
1510	0
1511	0
1512	3
1513	0
1514	0
1515	3
1516	0
1517	0
1518	3
1519	0
1520	1
1521	3
1522	3
1523	0
1524	1
1525	0
1526	0
1527	3
1528	3
1529	0
1530	2
1531	3
1532	0
1533	3
1534	2
1535	0
1536	2
1537	2
1538	3
1539	0
1540	1
1541	3
1542	0
1543	3
1544	2
1545	3
1546	3
1547	1
1548	1
1549	3
1550	0
1551	2
1552	0
1553	3
1554	1
1555	0
1556	0
1557	2
1558	1
1559	3
1560	2
1561	3
1562	1
1563	3
1564	0
1565	3
1566	1
1567	3
1568	3
1569	0
1570	1
1571	3
1572	0
1573	1
1574	1
1575	0
1576	0
1577	0
1578	2
1579	0
1580	2
1581	3
1582	3
1583	3
1584	2
1585	0
1586	0
1587	3
1588	0
1589	0
1590	0
1591	2
1592	3
1593	1
1594	3
1595	0
1596	0
1597	0
1598	3
1599	3
1600	3
1601	0
1602	3
1603	0
1604	3
1605	0
1606	3
1607	3
1608	3
1609	2
1610	3
1611	3
1612	0
1613	3
1614	2
1615	3
1616	1
1617	2
1618	1
1619	3
1620	1
1621	0
1622	0
1623	0
1624	0
1625	3
1626	3
1627	1
1628	0
1629	3
1630	2
1631	2
1632	1
1633	3
1634	1
1635	0
1636	2
1637	3
1638	2
1639	0
1640	0
1641	3
1642	0
1643	0
1644	0
1645	3
1646	0
1647	3
1648	1
1649	1
1650	3
1651	0
1652	3
1653	0
1654	0
1655	1
1656	3
1657	3
1658	3
1659	0
1660	0
1661	0
1662	3
1663	1
1664	2
1665	3
1666	0
1667	0
1668	3
1669	3
1670	0
1671	3
1672	3
1673	2
1674	3
1675	0
1676	2
1677	1
1678	0
1679	0
1680	1
1681	2
1682	0
1683	0
1684	0
1685	0
1686	1
1687	0
1688	2
1689	2
1690	1
1691	1
1692	3
1693	2
1694	0
1695	0
1696	1
1697	1
1698	3
1699	1
1700	2
1701	3
1702	3
1703	3
1704	0
1705	1
1706	0
1707	1
1708	3
1709	0
1710	3
1711	2
1712	0
1713	3
1714	3
1715	0
1716	3
1717	1
1718	0
1719	3
1720	1
1721	0
1722	3
1723	3
1724	1
1725	0
1726	1
1727	2
1728	3
1729	0
1730	3
1731	2
1732	1
1733	0
1734	3
1735	3
1736	0
1737	0
1738	1
1739	3
1740	3
1741	3
1742	3
1743	3
1744	1
1745	0
1746	3
1747	2
1748	3
1749	2
1750	3
1751	0
1752	0
1753	3
1754	1
1755	3
1756	0
1757	2
1758	0
1759	0
1760	2
1761	0
1762	0
1763	0
1764	1
1765	0
1766	3
1767	0
1768	0
1769	0
1770	3
1771	3
1772	2
1773	1
1774	3
1775	2
1776	3
1777	1
1778	3
1779	3
1780	3
1781	1
1782	3
1783	3
1784	0
1785	3
1786	1
1787	3
1788	2
1789	3
1790	3
1791	3
1792	0
1793	0
1794	3
1795	0
1796	0
1797	0
1798	1
1799	0
1800	0
1801	3
1802	0
1803	0
1804	3
1805	3
1806	0
1807	3
1808	0
1809	0
1810	0
1811	0
1812	0
1813	3
1814	1
1815	3
1816	3
1817	0
1818	0
1819	3
1820	0
1821	3
1822	1
1823	0
1824	0
1825	3
1826	0
1827	0
1828	3
1829	3
1830	0
1831	0
1832	2
1833	1
1834	0
1835	1
1836	0
1837	3
1838	0
1839	3
1840	3
1841	0
1842	1
1843	3
1844	3
1845	0
1846	3
1847	0
1848	1
1849	3
1850	0
1851	0
1852	3
1853	3
1854	0
1855	0
1856	3
1857	1
1858	0
1859	1
1860	0
1861	2
1862	0
1863	3
1864	0
1865	2
1866	3
1867	0
1868	0
1869	3
1870	3
1871	3
1872	3
1873	3
1874	3
1875	1
1876	0
1877	0
1878	3
1879	3
1880	0
1881	3
1882	3
1883	0
1884	3
1885	3
1886	3
1887	1
1888	2
1889	0
1890	1
1891	3
1892	3
1893	0
1894	1
1895	0
1896	0
1897	0
1898	3
1899	0
1900	0
1901	0
1902	3
1903	0
1904	0
1905	2
1906	0
1907	3
1908	0
1909	0
1910	0
1911	3
1912	0
1913	0
1914	0
1915	3
1916	0
1917	0
1918	0
1919	0
1920	3
1921	3
1922	1
1923	3
1924	1
1925	1
1926	0
1927	0
1928	2
1929	0
1930	0
1931	3
1932	2
1933	3
1934	0
1935	0
1936	3
1937	0
1938	2
1939	3
1940	2
1941	1
1942	3
1943	0
1944	1
1945	1
1946	2
1947	0
1948	0
1949	3
1950	2
1951	0
1952	0
1953	0
1954	3
1955	3
1956	1
1957	0
1958	2
1959	3
1960	0
1961	2
1962	3
1963	3
1964	0
1965	0
1966	0
1967	3
1968	0
1969	2
1970	0
1971	0
1972	2
1973	0
1974	2
1975	2
1976	3
1977	0
1978	0
1979	3
1980	3
1981	3
1982	2
1983	1
1984	0
1985	0
1986	1
1987	3
1988	0
1989	0
1990	0
1991	0
1992	0
1993	0
1994	0
1995	1
1996	3
1997	0
1998	0
1999	0
2000	0
2001	0
2002	2
2003	0
2004	3
2005	2
2006	0
2007	2
2008	3
2009	3
2010	3
2011	3
2012	0
2013	3
2014	3
2015	3
2016	3
2017	0
2018	2
2019	3
2020	3
2021	3
2022	2
2023	3
2024	3
2025	3
2026	3
2027	3
2028	0
2029	2
2030	0
2031	3
2032	3
2033	3
2034	2
2035	0
2036	0
2037	3
2038	3
2039	1
2040	2
2041	3
2042	0
2043	0
2044	0
2045	0
2046	3
2047	3
