COMMAND
./sim gshare 12 7 ./proj2-traces/perl_trace.txt
OUTPUT
number of predictions:2000000
number of mispredictions:143324
misprediction rate:   7.17%
FINAL GSHARE CONTENTS
0	3
1	3
2	0
3	3
4	2
5	3
6	1
7	1
8	3
9	3
10	3
11	3
12	1
13	2
14	3
15	3
16	2
17	1
18	1
19	1
20	3
21	2
22	1
23	3
24	3
25	3
26	3
27	0
28	2
29	3
30	3
31	0
32	3
33	2
34	3
35	2
36	2
37	2
38	0
39	3
40	0
41	0
42	3
43	3
44	2
45	2
46	2
47	0
48	3
49	3
50	2
51	0
52	3
53	3
54	2
55	2
56	0
57	3
58	2
59	2
60	2
61	3
62	3
63	3
64	3
65	2
66	0
67	3
68	2
69	0
70	3
71	3
72	3
73	2
74	3
75	3
76	2
77	3
78	3
79	3
80	3
81	3
82	0
83	1
84	3
85	2
86	2
87	3
88	3
89	3
90	2
91	2
92	3
93	0
94	3
95	0
96	0
97	2
98	1
99	0
100	2
101	2
102	0
103	0
104	0
105	0
106	3
107	3
108	2
109	1
110	3
111	2
112	3
113	2
114	0
115	0
116	3
117	2
118	3
119	2
120	2
121	0
122	2
123	3
124	0
125	3
126	0
127	0
128	0
129	3
130	0
131	0
132	3
133	0
134	0
135	2
136	0
137	3
138	0
139	0
140	0
141	0
142	2
143	3
144	1
145	0
146	3
147	0
148	2
149	3
150	2
151	0
152	3
153	3
154	2
155	1
156	3
157	3
158	3
159	0
160	3
161	2
162	2
163	3
164	1
165	0
166	3
167	0
168	0
169	2
170	3
171	1
172	3
173	3
174	0
175	0
176	3
177	3
178	3
179	0
180	0
181	1
182	0
183	0
184	1
185	2
186	2
187	2
188	3
189	3
190	0
191	2
192	3
193	2
194	1
195	3
196	3
197	2
198	0
199	2
200	1
201	2
202	3
203	0
204	2
205	2
206	3
207	0
208	2
209	3
210	2
211	0
212	0
213	3
214	0
215	0
216	0
217	3
218	3
219	1
220	2
221	3
222	3
223	1
224	3
225	3
226	2
227	3
228	2
229	2
230	3
231	2
232	2
233	3
234	3
235	0
236	3
237	3
238	3
239	2
240	0
241	3
242	2
243	0
244	3
245	0
246	2
247	0
248	0
249	0
250	3
251	3
252	3
253	3
254	1
255	0
256	3
257	1
258	3
259	2
260	1
261	0
262	1
263	2
264	0
265	3
266	3
267	0
268	3
269	0
270	3
271	1
272	0
273	3
274	3
275	0
276	3
277	2
278	3
279	2
280	3
281	3
282	2
283	0
284	0
285	3
286	0
287	3
288	2
289	0
290	1
291	3
292	3
293	3
294	2
295	0
296	3
297	1
298	0
299	1
300	3
301	2
302	3
303	3
304	2
305	3
306	3
307	0
308	3
309	1
310	3
311	0
312	2
313	0
314	1
315	2
316	3
317	3
318	3
319	3
320	0
321	0
322	0
323	3
324	3
325	0
326	3
327	3
328	1
329	0
330	3
331	2
332	3
333	1
334	2
335	3
336	2
337	3
338	3
339	2
340	1
341	3
342	3
343	0
344	1
345	1
346	2
347	1
348	2
349	2
350	2
351	0
352	0
353	2
354	0
355	3
356	2
357	3
358	3
359	2
360	2
361	0
362	3
363	2
364	3
365	2
366	2
367	3
368	3
369	2
370	3
371	0
372	3
373	0
374	0
375	0
376	3
377	2
378	2
379	2
380	0
381	0
382	2
383	3
384	1
385	2
386	3
387	2
388	3
389	0
390	2
391	2
392	2
393	3
394	3
395	3
396	0
397	2
398	3
399	3
400	3
401	3
402	0
403	0
404	2
405	2
406	3
407	0
408	3
409	0
410	2
411	3
412	3
413	0
414	3
415	0
416	3
417	0
418	3
419	2
420	3
421	3
422	0
423	0
424	2
425	2
426	3
427	2
428	3
429	3
430	3
431	2
432	2
433	3
434	2
435	1
436	1
437	0
438	2
439	0
440	2
441	3
442	2
443	0
444	3
445	3
446	2
447	3
448	0
449	2
450	2
451	3
452	3
453	3
454	0
455	1
456	3
457	3
458	0
459	3
460	0
461	2
462	3
463	3
464	3
465	3
466	3
467	0
468	2
469	0
470	2
471	0
472	3
473	0
474	2
475	2
476	1
477	3
478	2
479	3
480	1
481	2
482	1
483	3
484	3
485	3
486	0
487	2
488	3
489	3
490	3
491	2
492	0
493	0
494	2
495	0
496	3
497	3
498	3
499	3
500	3
501	2
502	0
503	0
504	0
505	2
506	3
507	0
508	0
509	1
510	2
511	3
512	2
513	0
514	1
515	3
516	3
517	1
518	0
519	2
520	0
521	3
522	3
523	0
524	0
525	3
526	0
527	3
528	3
529	2
530	3
531	3
532	3
533	0
534	2
535	3
536	3
537	0
538	1
539	0
540	3
541	0
542	2
543	0
544	3
545	3
546	2
547	3
548	3
549	2
550	3
551	3
552	0
553	2
554	0
555	0
556	3
557	2
558	3
559	1
560	3
561	2
562	3
563	3
564	3
565	0
566	2
567	0
568	3
569	0
570	2
571	3
572	3
573	0
574	1
575	0
576	0
577	3
578	2
579	3
580	3
581	3
582	0
583	3
584	3
585	1
586	0
587	3
588	2
589	0
590	0
591	0
592	1
593	2
594	3
595	2
596	2
597	2
598	1
599	0
600	0
601	3
602	2
603	0
604	3
605	0
606	2
607	2
608	0
609	3
610	2
611	1
612	3
613	0
614	3
615	2
616	3
617	2
618	3
619	3
620	2
621	3
622	3
623	0
624	3
625	3
626	2
627	3
628	2
629	2
630	0
631	1
632	3
633	0
634	2
635	0
636	3
637	0
638	1
639	2
640	0
641	3
642	2
643	2
644	3
645	2
646	0
647	3
648	3
649	3
650	3
651	2
652	3
653	0
654	0
655	2
656	3
657	1
658	0
659	2
660	2
661	1
662	2
663	0
664	3
665	1
666	3
667	0
668	2
669	0
670	1
671	2
672	3
673	3
674	3
675	3
676	3
677	0
678	3
679	3
680	0
681	3
682	3
683	0
684	0
685	0
686	2
687	3
688	2
689	2
690	2
691	2
692	2
693	0
694	2
695	0
696	2
697	0
698	3
699	3
700	3
701	2
702	2
703	2
704	2
705	1
706	0
707	3
708	3
709	0
710	3
711	3
712	1
713	2
714	1
715	0
716	2
717	0
718	3
719	2
720	2
721	0
722	0
723	2
724	2
725	3
726	3
727	0
728	2
729	2
730	2
731	2
732	3
733	0
734	2
735	0
736	0
737	3
738	1
739	3
740	3
741	3
742	0
743	3
744	0
745	1
746	1
747	1
748	3
749	0
750	0
751	2
752	3
753	2
754	1
755	2
756	2
757	2
758	0
759	0
760	3
761	0
762	2
763	3
764	0
765	2
766	2
767	3
768	0
769	0
770	0
771	0
772	3
773	2
774	0
775	2
776	3
777	2
778	0
779	0
780	2
781	2
782	1
783	3
784	3
785	2
786	3
787	2
788	2
789	2
790	3
791	0
792	2
793	3
794	2
795	1
796	3
797	0
798	3
799	0
800	1
801	3
802	0
803	1
804	3
805	0
806	0
807	0
808	3
809	3
810	0
811	2
812	3
813	0
814	0
815	3
816	3
817	3
818	3
819	0
820	2
821	0
822	3
823	0
824	2
825	3
826	0
827	2
828	3
829	2
830	3
831	0
832	3
833	0
834	0
835	3
836	2
837	0
838	2
839	0
840	2
841	0
842	0
843	0
844	3
845	0
846	0
847	2
848	2
849	3
850	3
851	0
852	2
853	3
854	3
855	0
856	2
857	3
858	0
859	1
860	3
861	2
862	3
863	3
864	0
865	0
866	2
867	2
868	0
869	3
870	3
871	0
872	3
873	3
874	0
875	2
876	0
877	1
878	2
879	3
880	2
881	3
882	2
883	2
884	3
885	3
886	2
887	3
888	2
889	0
890	0
891	0
892	3
893	2
894	3
895	0
896	2
897	3
898	2
899	3
900	1
901	0
902	3
903	0
904	1
905	3
906	0
907	0
908	2
909	3
910	3
911	3
912	2
913	2
914	0
915	3
916	1
917	3
918	3
919	0
920	2
921	2
922	2
923	2
924	2
925	3
926	3
927	0
928	0
929	0
930	2
931	0
932	0
933	1
934	2
935	3
936	3
937	2
938	1
939	3
940	3
941	2
942	2
943	3
944	2
945	3
946	2
947	0
948	3
949	0
950	2
951	0
952	3
953	2
954	2
955	3
956	3
957	3
958	2
959	0
960	2
961	0
962	2
963	3
964	1
965	2
966	3
967	0
968	3
969	3
970	3
971	2
972	3
973	2
974	2
975	2
976	1
977	3
978	3
979	2
980	1
981	2
982	3
983	2
984	3
985	3
986	2
987	0
988	0
989	1
990	2
991	0
992	0
993	3
994	0
995	3
996	1
997	3
998	3
999	3
1000	1
1001	3
1002	0
1003	3
1004	3
1005	2
1006	2
1007	0
1008	2
1009	3
1010	2
1011	1
1012	2
1013	3
1014	0
1015	3
1016	0
1017	3
1018	0
1019	0
1020	2
1021	3
1022	3
1023	0
1024	3
1025	0
1026	0
1027	0
1028	2
1029	3
1030	3
1031	1
1032	2
1033	2
1034	3
1035	3
1036	2
1037	3
1038	1
1039	0
1040	3
1041	3
1042	3
1043	3
1044	3
1045	1
1046	3
1047	2
1048	2
1049	0
1050	1
1051	3
1052	0
1053	2
1054	3
1055	0
1056	3
1057	3
1058	0
1059	0
1060	2
1061	1
1062	2
1063	0
1064	2
1065	0
1066	0
1067	3
1068	3
1069	3
1070	0
1071	3
1072	3
1073	2
1074	3
1075	3
1076	3
1077	2
1078	2
1079	1
1080	2
1081	0
1082	2
1083	3
1084	2
1085	0
1086	3
1087	3
1088	3
1089	0
1090	3
1091	2
1092	3
1093	3
1094	3
1095	3
1096	1
1097	3
1098	2
1099	0
1100	2
1101	3
1102	0
1103	3
1104	0
1105	2
1106	3
1107	3
1108	2
1109	3
1110	0
1111	0
1112	0
1113	0
1114	3
1115	2
1116	3
1117	2
1118	3
1119	0
1120	2
1121	0
1122	0
1123	1
1124	3
1125	3
1126	3
1127	1
1128	3
1129	0
1130	2
1131	2
1132	3
1133	3
1134	2
1135	3
1136	3
1137	2
1138	3
1139	2
1140	3
1141	3
1142	0
1143	2
1144	2
1145	0
1146	2
1147	2
1148	3
1149	0
1150	3
1151	0
1152	0
1153	3
1154	3
1155	0
1156	2
1157	1
1158	2
1159	2
1160	1
1161	3
1162	3
1163	3
1164	3
1165	2
1166	0
1167	2
1168	0
1169	3
1170	2
1171	0
1172	2
1173	3
1174	2
1175	0
1176	2
1177	0
1178	1
1179	0
1180	0
1181	0
1182	3
1183	0
1184	2
1185	0
1186	0
1187	0
1188	2
1189	1
1190	0
1191	3
1192	3
1193	3
1194	0
1195	0
1196	3
1197	3
1198	3
1199	0
1200	0
1201	1
1202	0
1203	0
1204	2
1205	2
1206	3
1207	0
1208	0
1209	0
1210	2
1211	3
1212	0
1213	3
1214	3
1215	0
1216	1
1217	2
1218	1
1219	0
1220	1
1221	3
1222	3
1223	3
1224	0
1225	2
1226	0
1227	1
1228	3
1229	3
1230	3
1231	3
1232	3
1233	0
1234	2
1235	0
1236	3
1237	1
1238	3
1239	0
1240	2
1241	0
1242	2
1243	0
1244	2
1245	0
1246	0
1247	0
1248	3
1249	0
1250	0
1251	2
1252	2
1253	3
1254	2
1255	2
1256	3
1257	3
1258	0
1259	3
1260	3
1261	3
1262	3
1263	3
1264	3
1265	3
1266	3
1267	0
1268	0
1269	3
1270	2
1271	2
1272	2
1273	0
1274	2
1275	0
1276	0
1277	0
1278	0
1279	0
1280	2
1281	2
1282	0
1283	2
1284	2
1285	1
1286	3
1287	0
1288	2
1289	2
1290	3
1291	2
1292	2
1293	2
1294	2
1295	1
1296	3
1297	2
1298	0
1299	3
1300	2
1301	1
1302	2
1303	3
1304	0
1305	0
1306	3
1307	0
1308	3
1309	2
1310	3
1311	3
1312	2
1313	2
1314	0
1315	0
1316	0
1317	3
1318	2
1319	2
1320	0
1321	2
1322	0
1323	0
1324	2
1325	3
1326	2
1327	3
1328	0
1329	2
1330	0
1331	0
1332	2
1333	0
1334	1
1335	2
1336	1
1337	2
1338	2
1339	0
1340	1
1341	0
1342	3
1343	0
1344	0
1345	2
1346	2
1347	0
1348	3
1349	3
1350	2
1351	2
1352	2
1353	2
1354	2
1355	3
1356	0
1357	2
1358	3
1359	2
1360	3
1361	2
1362	1
1363	2
1364	2
1365	3
1366	0
1367	0
1368	1
1369	0
1370	2
1371	2
1372	0
1373	3
1374	1
1375	0
1376	1
1377	3
1378	0
1379	2
1380	2
1381	3
1382	0
1383	2
1384	2
1385	2
1386	1
1387	2
1388	0
1389	3
1390	2
1391	3
1392	1
1393	1
1394	0
1395	3
1396	2
1397	2
1398	3
1399	3
1400	3
1401	1
1402	2
1403	2
1404	2
1405	3
1406	2
1407	0
1408	0
1409	2
1410	0
1411	2
1412	3
1413	0
1414	2
1415	2
1416	3
1417	2
1418	2
1419	3
1420	2
1421	2
1422	1
1423	3
1424	3
1425	3
1426	2
1427	0
1428	3
1429	3
1430	3
1431	2
1432	2
1433	0
1434	3
1435	2
1436	2
1437	3
1438	3
1439	1
1440	3
1441	1
1442	2
1443	1
1444	2
1445	2
1446	0
1447	1
1448	3
1449	2
1450	0
1451	2
1452	0
1453	3
1454	0
1455	3
1456	2
1457	3
1458	0
1459	0
1460	2
1461	0
1462	3
1463	1
1464	0
1465	0
1466	2
1467	3
1468	3
1469	1
1470	3
1471	0
1472	0
1473	3
1474	0
1475	3
1476	0
1477	3
1478	1
1479	3
1480	3
1481	2
1482	3
1483	3
1484	0
1485	3
1486	3
1487	3
1488	3
1489	2
1490	3
1491	0
1492	2
1493	0
1494	3
1495	1
1496	0
1497	1
1498	2
1499	3
1500	3
1501	3
1502	1
1503	0
1504	0
1505	3
1506	0
1507	1
1508	0
1509	2
1510	1
1511	1
1512	2
1513	1
1514	1
1515	3
1516	3
1517	2
1518	2
1519	2
1520	2
1521	2
1522	1
1523	3
1524	3
1525	3
1526	3
1527	0
1528	0
1529	3
1530	2
1531	3
1532	0
1533	3
1534	3
1535	3
1536	3
1537	3
1538	3
1539	0
1540	3
1541	3
1542	0
1543	3
1544	0
1545	3
1546	2
1547	0
1548	0
1549	3
1550	3
1551	0
1552	3
1553	3
1554	0
1555	2
1556	2
1557	2
1558	3
1559	0
1560	2
1561	2
1562	3
1563	3
1564	3
1565	0
1566	3
1567	0
1568	3
1569	3
1570	3
1571	0
1572	3
1573	0
1574	3
1575	3
1576	1
1577	3
1578	3
1579	0
1580	2
1581	2
1582	2
1583	0
1584	0
1585	0
1586	1
1587	3
1588	1
1589	2
1590	0
1591	0
1592	3
1593	0
1594	2
1595	1
1596	0
1597	0
1598	3
1599	1
1600	3
1601	2
1602	0
1603	3
1604	3
1605	3
1606	3
1607	2
1608	1
1609	3
1610	0
1611	1
1612	3
1613	2
1614	2
1615	3
1616	2
1617	1
1618	3
1619	3
1620	2
1621	2
1622	3
1623	3
1624	3
1625	1
1626	2
1627	3
1628	3
1629	1
1630	2
1631	0
1632	3
1633	1
1634	3
1635	0
1636	3
1637	3
1638	2
1639	2
1640	2
1641	0
1642	0
1643	0
1644	2
1645	3
1646	0
1647	2
1648	0
1649	3
1650	0
1651	3
1652	3
1653	2
1654	3
1655	3
1656	2
1657	0
1658	1
1659	2
1660	3
1661	3
1662	3
1663	0
1664	0
1665	3
1666	2
1667	3
1668	1
1669	3
1670	3
1671	2
1672	0
1673	3
1674	2
1675	0
1676	0
1677	3
1678	1
1679	3
1680	2
1681	2
1682	0
1683	2
1684	0
1685	2
1686	2
1687	0
1688	3
1689	0
1690	2
1691	0
1692	3
1693	3
1694	3
1695	2
1696	3
1697	0
1698	2
1699	3
1700	3
1701	0
1702	3
1703	3
1704	3
1705	0
1706	3
1707	3
1708	3
1709	3
1710	0
1711	2
1712	3
1713	0
1714	3
1715	2
1716	0
1717	0
1718	1
1719	1
1720	2
1721	0
1722	3
1723	0
1724	3
1725	3
1726	2
1727	1
1728	0
1729	3
1730	0
1731	3
1732	3
1733	0
1734	3
1735	2
1736	2
1737	1
1738	2
1739	0
1740	2
1741	3
1742	3
1743	3
1744	2
1745	2
1746	3
1747	0
1748	3
1749	0
1750	2
1751	3
1752	3
1753	0
1754	2
1755	0
1756	3
1757	3
1758	3
1759	3
1760	3
1761	3
1762	2
1763	3
1764	3
1765	2
1766	2
1767	1
1768	0
1769	3
1770	3
1771	0
1772	3
1773	3
1774	2
1775	2
1776	2
1777	1
1778	0
1779	3
1780	1
1781	1
1782	3
1783	3
1784	0
1785	1
1786	0
1787	3
1788	1
1789	3
1790	2
1791	0
1792	3
1793	2
1794	0
1795	2
1796	0
1797	3
1798	3
1799	0
1800	3
1801	2
1802	3
1803	0
1804	2
1805	3
1806	3
1807	2
1808	3
1809	0
1810	3
1811	3
1812	0
1813	0
1814	3
1815	0
1816	0
1817	0
1818	2
1819	1
1820	0
1821	3
1822	2
1823	3
1824	3
1825	2
1826	2
1827	3
1828	3
1829	2
1830	0
1831	2
1832	2
1833	3
1834	0
1835	0
1836	3
1837	2
1838	3
1839	3
1840	3
1841	1
1842	3
1843	2
1844	3
1845	0
1846	3
1847	0
1848	0
1849	0
1850	1
1851	0
1852	3
1853	3
1854	3
1855	0
1856	1
1857	1
1858	3
1859	2
1860	2
1861	2
1862	3
1863	2
1864	0
1865	3
1866	3
1867	2
1868	3
1869	2
1870	2
1871	3
1872	2
1873	2
1874	0
1875	0
1876	3
1877	3
1878	1
1879	0
1880	0
1881	3
1882	2
1883	3
1884	0
1885	3
1886	2
1887	0
1888	0
1889	3
1890	3
1891	1
1892	3
1893	1
1894	0
1895	3
1896	3
1897	3
1898	3
1899	0
1900	3
1901	3
1902	3
1903	3
1904	3
1905	0
1906	2
1907	2
1908	3
1909	2
1910	1
1911	2
1912	0
1913	1
1914	0
1915	2
1916	3
1917	3
1918	3
1919	0
1920	3
1921	3
1922	3
1923	0
1924	3
1925	0
1926	2
1927	3
1928	2
1929	2
1930	2
1931	0
1932	2
1933	2
1934	3
1935	1
1936	3
1937	2
1938	1
1939	1
1940	3
1941	1
1942	3
1943	1
1944	1
1945	0
1946	2
1947	3
1948	3
1949	3
1950	3
1951	2
1952	2
1953	3
1954	2
1955	0
1956	3
1957	2
1958	3
1959	2
1960	2
1961	2
1962	3
1963	2
1964	3
1965	3
1966	1
1967	3
1968	3
1969	2
1970	2
1971	2
1972	2
1973	1
1974	0
1975	1
1976	0
1977	0
1978	2
1979	2
1980	3
1981	3
1982	2
1983	0
1984	3
1985	0
1986	2
1987	3
1988	2
1989	3
1990	0
1991	3
1992	0
1993	2
1994	3
1995	0
1996	2
1997	1
1998	3
1999	0
2000	0
2001	2
2002	2
2003	1
2004	2
2005	3
2006	0
2007	0
2008	0
2009	0
2010	0
2011	3
2012	0
2013	3
2014	3
2015	2
2016	2
2017	0
2018	0
2019	0
2020	3
2021	2
2022	3
2023	3
2024	0
2025	2
2026	3
2027	1
2028	3
2029	0
2030	3
2031	2
2032	2
2033	1
2034	3
2035	0
2036	3
2037	0
2038	3
2039	2
2040	0
2041	0
2042	3
2043	3
2044	3
2045	3
2046	3
2047	0
2048	2
2049	1
2050	3
2051	0
2052	1
2053	0
2054	1
2055	2
2056	0
2057	3
2058	3
2059	3
2060	2
2061	1
2062	0
2063	3
2064	2
2065	0
2066	3
2067	3
2068	3
2069	0
2070	2
2071	3
2072	2
2073	3
2074	3
2075	2
2076	1
2077	3
2078	1
2079	3
2080	2
2081	0
2082	3
2083	1
2084	0
2085	3
2086	2
2087	2
2088	2
2089	3
2090	3
2091	2
2092	3
2093	0
2094	0
2095	2
2096	3
2097	0
2098	3
2099	0
2100	0
2101	0
2102	2
2103	3
2104	2
2105	0
2106	3
2107	2
2108	0
2109	3
2110	0
2111	0
2112	3
2113	0
2114	2
2115	3
2116	3
2117	2
2118	2
2119	0
2120	2
2121	3
2122	2
2123	3
2124	1
2125	0
2126	0
2127	0
2128	2
2129	0
2130	0
2131	0
2132	0
2133	0
2134	0
2135	3
2136	2
2137	3
2138	3
2139	1
2140	2
2141	2
2142	2
2143	2
2144	2
2145	0
2146	0
2147	0
2148	2
2149	0
2150	2
2151	3
2152	2
2153	3
2154	3
2155	2
2156	0
2157	0
2158	0
2159	1
2160	0
2161	1
2162	3
2163	3
2164	3
2165	0
2166	2
2167	3
2168	3
2169	2
2170	2
2171	3
2172	0
2173	0
2174	0
2175	3
2176	2
2177	1
2178	0
2179	1
2180	1
2181	3
2182	1
2183	2
2184	2
2185	0
2186	3
2187	2
2188	3
2189	0
2190	0
2191	3
2192	3
2193	2
2194	3
2195	0
2196	3
2197	0
2198	1
2199	3
2200	3
2201	1
2202	2
2203	0
2204	3
2205	2
2206	2
2207	0
2208	3
2209	2
2210	2
2211	2
2212	2
2213	0
2214	3
2215	0
2216	3
2217	3
2218	0
2219	3
2220	2
2221	0
2222	3
2223	1
2224	3
2225	2
2226	0
2227	0
2228	0
2229	0
2230	2
2231	3
2232	3
2233	0
2234	0
2235	0
2236	1
2237	1
2238	2
2239	3
2240	2
2241	3
2242	0
2243	3
2244	2
2245	2
2246	0
2247	3
2248	1
2249	3
2250	3
2251	3
2252	0
2253	0
2254	3
2255	2
2256	3
2257	2
2258	0
2259	2
2260	0
2261	3
2262	2
2263	3
2264	3
2265	0
2266	3
2267	0
2268	3
2269	2
2270	1
2271	3
2272	2
2273	3
2274	0
2275	1
2276	3
2277	3
2278	1
2279	0
2280	2
2281	3
2282	3
2283	3
2284	3
2285	0
2286	3
2287	0
2288	3
2289	3
2290	0
2291	3
2292	2
2293	2
2294	3
2295	2
2296	2
2297	2
2298	0
2299	2
2300	3
2301	2
2302	3
2303	2
2304	3
2305	3
2306	0
2307	0
2308	3
2309	1
2310	3
2311	2
2312	3
2313	0
2314	3
2315	1
2316	2
2317	0
2318	3
2319	1
2320	3
2321	3
2322	3
2323	0
2324	2
2325	0
2326	3
2327	1
2328	3
2329	2
2330	3
2331	0
2332	3
2333	2
2334	3
2335	3
2336	0
2337	3
2338	2
2339	0
2340	3
2341	2
2342	3
2343	3
2344	3
2345	0
2346	3
2347	1
2348	3
2349	0
2350	3
2351	3
2352	3
2353	3
2354	0
2355	0
2356	3
2357	0
2358	3
2359	2
2360	2
2361	2
2362	3
2363	0
2364	3
2365	3
2366	3
2367	3
2368	3
2369	0
2370	0
2371	1
2372	3
2373	0
2374	0
2375	0
2376	3
2377	3
2378	3
2379	2
2380	0
2381	1
2382	3
2383	3
2384	3
2385	1
2386	3
2387	3
2388	2
2389	0
2390	3
2391	2
2392	2
2393	2
2394	3
2395	2
2396	3
2397	0
2398	2
2399	0
2400	0
2401	0
2402	0
2403	3
2404	3
2405	1
2406	3
2407	3
2408	3
2409	1
2410	3
2411	3
2412	3
2413	1
2414	3
2415	2
2416	3
2417	0
2418	3
2419	1
2420	1
2421	2
2422	2
2423	2
2424	0
2425	1
2426	3
2427	1
2428	2
2429	2
2430	1
2431	3
2432	1
2433	0
2434	1
2435	0
2436	3
2437	3
2438	2
2439	1
2440	2
2441	3
2442	3
2443	3
2444	2
2445	2
2446	3
2447	3
2448	2
2449	3
2450	1
2451	3
2452	3
2453	0
2454	1
2455	3
2456	3
2457	3
2458	3
2459	2
2460	3
2461	3
2462	3
2463	3
2464	2
2465	0
2466	1
2467	2
2468	3
2469	0
2470	3
2471	2
2472	2
2473	0
2474	3
2475	3
2476	3
2477	3
2478	3
2479	3
2480	3
2481	3
2482	3
2483	0
2484	3
2485	3
2486	2
2487	3
2488	3
2489	3
2490	3
2491	0
2492	3
2493	3
2494	3
2495	3
2496	2
2497	0
2498	2
2499	3
2500	3
2501	0
2502	1
2503	3
2504	1
2505	0
2506	2
2507	3
2508	2
2509	0
2510	0
2511	2
2512	2
2513	2
2514	1
2515	0
2516	2
2517	1
2518	3
2519	2
2520	0
2521	2
2522	2
2523	0
2524	0
2525	3
2526	3
2527	2
2528	2
2529	0
2530	2
2531	3
2532	2
2533	3
2534	3
2535	3
2536	3
2537	3
2538	2
2539	1
2540	0
2541	0
2542	1
2543	1
2544	3
2545	2
2546	0
2547	3
2548	3
2549	2
2550	3
2551	0
2552	1
2553	3
2554	3
2555	2
2556	2
2557	3
2558	1
2559	0
2560	1
2561	3
2562	0
2563	3
2564	3
2565	2
2566	3
2567	0
2568	3
2569	3
2570	0
2571	3
2572	0
2573	0
2574	0
2575	1
2576	0
2577	2
2578	3
2579	0
2580	3
2581	3
2582	3
2583	0
2584	3
2585	0
2586	3
2587	2
2588	2
2589	2
2590	0
2591	0
2592	3
2593	0
2594	3
2595	3
2596	2
2597	0
2598	2
2599	3
2600	0
2601	2
2602	3
2603	3
2604	0
2605	0
2606	2
2607	0
2608	0
2609	2
2610	0
2611	0
2612	2
2613	0
2614	0
2615	3
2616	3
2617	0
2618	2
2619	2
2620	3
2621	3
2622	3
2623	3
2624	3
2625	2
2626	2
2627	3
2628	2
2629	0
2630	0
2631	3
2632	3
2633	2
2634	2
2635	3
2636	1
2637	3
2638	0
2639	3
2640	0
2641	3
2642	3
2643	3
2644	1
2645	0
2646	3
2647	2
2648	3
2649	0
2650	1
2651	0
2652	3
2653	2
2654	0
2655	3
2656	3
2657	2
2658	0
2659	3
2660	2
2661	2
2662	2
2663	3
2664	2
2665	2
2666	3
2667	2
2668	3
2669	0
2670	0
2671	3
2672	2
2673	2
2674	3
2675	3
2676	2
2677	0
2678	3
2679	3
2680	3
2681	2
2682	2
2683	2
2684	3
2685	2
2686	2
2687	3
2688	3
2689	3
2690	2
2691	2
2692	3
2693	0
2694	2
2695	0
2696	1
2697	1
2698	0
2699	0
2700	3
2701	1
2702	0
2703	3
2704	0
2705	0
2706	0
2707	2
2708	3
2709	1
2710	0
2711	2
2712	1
2713	0
2714	3
2715	2
2716	2
2717	2
2718	0
2719	3
2720	0
2721	1
2722	0
2723	0
2724	3
2725	2
2726	1
2727	1
2728	2
2729	2
2730	3
2731	0
2732	2
2733	0
2734	3
2735	3
2736	0
2737	3
2738	0
2739	3
2740	1
2741	2
2742	3
2743	2
2744	3
2745	0
2746	3
2747	1
2748	3
2749	2
2750	0
2751	1
2752	0
2753	0
2754	2
2755	3
2756	3
2757	3
2758	3
2759	3
2760	2
2761	3
2762	3
2763	3
2764	3
2765	0
2766	3
2767	2
2768	0
2769	3
2770	0
2771	3
2772	3
2773	0
2774	3
2775	1
2776	3
2777	0
2778	3
2779	2
2780	0
2781	2
2782	3
2783	0
2784	2
2785	3
2786	2
2787	1
2788	1
2789	2
2790	0
2791	3
2792	3
2793	3
2794	0
2795	2
2796	2
2797	0
2798	3
2799	2
2800	0
2801	3
2802	3
2803	3
2804	2
2805	1
2806	3
2807	2
2808	3
2809	3
2810	0
2811	0
2812	2
2813	2
2814	3
2815	2
2816	3
2817	0
2818	0
2819	0
2820	3
2821	2
2822	0
2823	0
2824	0
2825	3
2826	3
2827	0
2828	0
2829	3
2830	3
2831	3
2832	3
2833	0
2834	3
2835	3
2836	2
2837	2
2838	3
2839	3
2840	3
2841	2
2842	2
2843	2
2844	1
2845	3
2846	3
2847	0
2848	2
2849	2
2850	0
2851	0
2852	3
2853	3
2854	3
2855	2
2856	0
2857	3
2858	3
2859	0
2860	0
2861	0
2862	0
2863	0
2864	0
2865	0
2866	3
2867	0
2868	2
2869	3
2870	3
2871	2
2872	2
2873	2
2874	3
2875	2
2876	2
2877	3
2878	3
2879	3
2880	3
2881	2
2882	0
2883	0
2884	3
2885	3
2886	2
2887	3
2888	0
2889	3
2890	3
2891	3
2892	2
2893	0
2894	0
2895	1
2896	1
2897	3
2898	3
2899	3
2900	1
2901	0
2902	2
2903	2
2904	0
2905	3
2906	2
2907	0
2908	3
2909	3
2910	0
2911	0
2912	3
2913	2
2914	1
2915	2
2916	3
2917	2
2918	1
2919	1
2920	0
2921	1
2922	0
2923	3
2924	2
2925	0
2926	0
2927	0
2928	0
2929	2
2930	3
2931	3
2932	2
2933	0
2934	3
2935	1
2936	2
2937	0
2938	2
2939	3
2940	3
2941	3
2942	1
2943	0
2944	0
2945	2
2946	0
2947	0
2948	2
2949	3
2950	0
2951	3
2952	3
2953	2
2954	0
2955	2
2956	2
2957	1
2958	3
2959	0
2960	2
2961	2
2962	3
2963	0
2964	3
2965	0
2966	3
2967	2
2968	3
2969	3
2970	3
2971	0
2972	3
2973	3
2974	0
2975	3
2976	0
2977	1
2978	0
2979	1
2980	2
2981	3
2982	0
2983	0
2984	3
2985	3
2986	3
2987	0
2988	3
2989	0
2990	3
2991	2
2992	0
2993	0
2994	0
2995	3
2996	3
2997	0
2998	3
2999	2
3000	3
3001	3
3002	2
3003	2
3004	3
3005	3
3006	3
3007	1
3008	2
3009	0
3010	3
3011	0
3012	3
3013	3
3014	0
3015	2
3016	0
3017	3
3018	0
3019	3
3020	0
3021	2
3022	0
3023	0
3024	3
3025	2
3026	0
3027	3
3028	3
3029	2
3030	2
3031	2
3032	2
3033	2
3034	1
3035	2
3036	2
3037	0
3038	3
3039	0
3040	2
3041	0
3042	3
3043	0
3044	3
3045	0
3046	0
3047	2
3048	0
3049	2
3050	0
3051	1
3052	2
3053	0
3054	0
3055	2
3056	3
3057	2
3058	3
3059	3
3060	2
3061	1
3062	3
3063	2
3064	3
3065	3
3066	2
3067	3
3068	2
3069	3
3070	3
3071	0
3072	3
3073	1
3074	2
3075	0
3076	2
3077	3
3078	0
3079	2
3080	2
3081	2
3082	2
3083	0
3084	3
3085	0
3086	3
3087	3
3088	2
3089	3
3090	0
3091	0
3092	3
3093	2
3094	3
3095	3
3096	3
3097	0
3098	3
3099	3
3100	0
3101	3
3102	0
3103	0
3104	0
3105	0
3106	0
3107	3
3108	3
3109	3
3110	3
3111	3
3112	3
3113	3
3114	2
3115	3
3116	3
3117	0
3118	2
3119	3
3120	3
3121	2
3122	0
3123	1
3124	2
3125	2
3126	2
3127	0
3128	3
3129	1
3130	3
3131	1
3132	0
3133	3
3134	1
3135	3
3136	0
3137	1
3138	0
3139	3
3140	3
3141	3
3142	2
3143	2
3144	2
3145	1
3146	3
3147	1
3148	2
3149	3
3150	3
3151	3
3152	3
3153	2
3154	0
3155	3
3156	0
3157	0
3158	3
3159	2
3160	2
3161	3
3162	2
3163	1
3164	3
3165	2
3166	2
3167	0
3168	1
3169	0
3170	0
3171	1
3172	2
3173	3
3174	0
3175	0
3176	2
3177	0
3178	3
3179	2
3180	2
3181	0
3182	3
3183	3
3184	3
3185	3
3186	1
3187	2
3188	0
3189	2
3190	2
3191	3
3192	3
3193	3
3194	0
3195	2
3196	1
3197	2
3198	1
3199	3
3200	3
3201	3
3202	1
3203	2
3204	2
3205	2
3206	0
3207	0
3208	3
3209	0
3210	2
3211	0
3212	0
3213	0
3214	2
3215	0
3216	3
3217	3
3218	3
3219	3
3220	3
3221	2
3222	2
3223	0
3224	3
3225	0
3226	3
3227	2
3228	3
3229	0
3230	3
3231	3
3232	2
3233	0
3234	0
3235	3
3236	3
3237	3
3238	3
3239	0
3240	2
3241	3
3242	2
3243	3
3244	0
3245	0
3246	3
3247	3
3248	3
3249	3
3250	0
3251	0
3252	3
3253	1
3254	3
3255	3
3256	3
3257	0
3258	3
3259	2
3260	2
3261	2
3262	3
3263	3
3264	0
3265	0
3266	0
3267	2
3268	3
3269	2
3270	3
3271	1
3272	3
3273	2
3274	0
3275	2
3276	0
3277	0
3278	1
3279	3
3280	3
3281	3
3282	0
3283	3
3284	1
3285	0
3286	3
3287	0
3288	2
3289	0
3290	2
3291	3
3292	1
3293	3
3294	2
3295	0
3296	0
3297	0
3298	2
3299	2
3300	3
3301	3
3302	0
3303	0
3304	3
3305	2
3306	1
3307	3
3308	0
3309	0
3310	3
3311	0
3312	0
3313	3
3314	0
3315	3
3316	3
3317	0
3318	2
3319	1
3320	0
3321	3
3322	3
3323	2
3324	3
3325	1
3326	2
3327	0
3328	0
3329	3
3330	0
3331	2
3332	2
3333	0
3334	2
3335	0
3336	2
3337	1
3338	3
3339	3
3340	2
3341	3
3342	1
3343	3
3344	3
3345	2
3346	3
3347	1
3348	0
3349	0
3350	2
3351	1
3352	3
3353	0
3354	3
3355	3
3356	0
3357	2
3358	3
3359	3
3360	2
3361	0
3362	0
3363	3
3364	3
3365	2
3366	3
3367	3
3368	2
3369	3
3370	0
3371	3
3372	2
3373	0
3374	3
3375	3
3376	3
3377	1
3378	2
3379	3
3380	3
3381	2
3382	2
3383	2
3384	0
3385	2
3386	0
3387	2
3388	0
3389	2
3390	3
3391	3
3392	0
3393	0
3394	0
3395	3
3396	3
3397	2
3398	0
3399	3
3400	2
3401	3
3402	3
3403	1
3404	0
3405	0
3406	3
3407	3
3408	2
3409	0
3410	0
3411	0
3412	3
3413	1
3414	0
3415	3
3416	2
3417	3
3418	2
3419	2
3420	3
3421	2
3422	3
3423	2
3424	0
3425	2
3426	0
3427	3
3428	3
3429	3
3430	0
3431	0
3432	2
3433	2
3434	3
3435	3
3436	0
3437	1
3438	2
3439	3
3440	2
3441	0
3442	0
3443	0
3444	3
3445	2
3446	2
3447	0
3448	3
3449	0
3450	0
3451	0
3452	0
3453	3
3454	1
3455	2
3456	0
3457	0
3458	0
3459	0
3460	3
3461	3
3462	1
3463	0
3464	2
3465	3
3466	3
3467	3
3468	3
3469	0
3470	0
3471	3
3472	3
3473	3
3474	2
3475	2
3476	3
3477	2
3478	3
3479	1
3480	3
3481	2
3482	2
3483	3
3484	0
3485	3
3486	3
3487	0
3488	0
3489	3
3490	0
3491	3
3492	3
3493	3
3494	3
3495	0
3496	2
3497	3
3498	3
3499	3
3500	1
3501	3
3502	2
3503	0
3504	2
3505	3
3506	2
3507	3
3508	2
3509	1
3510	2
3511	3
3512	0
3513	2
3514	3
3515	2
3516	0
3517	3
3518	1
3519	3
3520	0
3521	0
3522	0
3523	2
3524	2
3525	0
3526	3
3527	3
3528	3
3529	3
3530	3
3531	3
3532	1
3533	3
3534	2
3535	0
3536	3
3537	3
3538	2
3539	1
3540	2
3541	3
3542	2
3543	3
3544	1
3545	3
3546	3
3547	1
3548	0
3549	3
3550	2
3551	3
3552	3
3553	2
3554	0
3555	2
3556	2
3557	0
3558	2
3559	3
3560	2
3561	3
3562	0
3563	3
3564	3
3565	0
3566	3
3567	3
3568	3
3569	0
3570	3
3571	0
3572	3
3573	2
3574	3
3575	0
3576	3
3577	3
3578	2
3579	3
3580	2
3581	1
3582	1
3583	3
3584	2
3585	1
3586	3
3587	3
3588	2
3589	3
3590	0
3591	3
3592	2
3593	2
3594	0
3595	3
3596	3
3597	0
3598	3
3599	3
3600	2
3601	1
3602	0
3603	0
3604	2
3605	3
3606	1
3607	0
3608	0
3609	0
3610	0
3611	3
3612	3
3613	3
3614	3
3615	0
3616	2
3617	2
3618	2
3619	3
3620	2
3621	2
3622	3
3623	2
3624	0
3625	3
3626	3
3627	3
3628	1
3629	0
3630	3
3631	3
3632	3
3633	1
3634	0
3635	0
3636	0
3637	2
3638	3
3639	1
3640	3
3641	3
3642	2
3643	3
3644	3
3645	3
3646	0
3647	1
3648	2
3649	0
3650	0
3651	3
3652	3
3653	0
3654	3
3655	1
3656	2
3657	3
3658	0
3659	2
3660	1
3661	0
3662	3
3663	1
3664	3
3665	2
3666	3
3667	3
3668	3
3669	3
3670	3
3671	3
3672	3
3673	3
3674	2
3675	2
3676	3
3677	0
3678	3
3679	2
3680	2
3681	3
3682	0
3683	2
3684	3
3685	2
3686	3
3687	3
3688	2
3689	3
3690	1
3691	0
3692	0
3693	0
3694	3
3695	3
3696	3
3697	2
3698	3
3699	3
3700	3
3701	0
3702	3
3703	1
3704	3
3705	0
3706	3
3707	1
3708	3
3709	3
3710	0
3711	0
3712	1
3713	3
3714	0
3715	3
3716	2
3717	2
3718	3
3719	3
3720	3
3721	0
3722	0
3723	3
3724	2
3725	3
3726	3
3727	2
3728	0
3729	2
3730	0
3731	2
3732	3
3733	1
3734	3
3735	3
3736	3
3737	3
3738	2
3739	1
3740	3
3741	3
3742	1
3743	2
3744	3
3745	0
3746	3
3747	2
3748	2
3749	0
3750	2
3751	3
3752	2
3753	3
3754	3
3755	3
3756	3
3757	0
3758	3
3759	3
3760	3
3761	2
3762	0
3763	1
3764	0
3765	2
3766	3
3767	2
3768	3
3769	1
3770	3
3771	0
3772	1
3773	2
3774	3
3775	1
3776	0
3777	3
3778	0
3779	3
3780	3
3781	0
3782	3
3783	3
3784	2
3785	2
3786	3
3787	1
3788	2
3789	3
3790	3
3791	3
3792	2
3793	3
3794	2
3795	0
3796	0
3797	2
3798	3
3799	3
3800	3
3801	3
3802	3
3803	1
3804	3
3805	3
3806	3
3807	2
3808	0
3809	2
3810	0
3811	3
3812	3
3813	3
3814	3
3815	0
3816	2
3817	0
3818	3
3819	3
3820	2
3821	0
3822	3
3823	0
3824	2
3825	1
3826	0
3827	0
3828	3
3829	0
3830	2
3831	2
3832	3
3833	0
3834	3
3835	0
3836	2
3837	3
3838	3
3839	2
3840	2
3841	0
3842	0
3843	2
3844	3
3845	2
3846	0
3847	0
3848	3
3849	3
3850	3
3851	0
3852	2
3853	3
3854	3
3855	1
3856	3
3857	3
3858	0
3859	0
3860	2
3861	2
3862	2
3863	0
3864	3
3865	2
3866	0
3867	2
3868	0
3869	3
3870	2
3871	2
3872	0
3873	0
3874	0
3875	3
3876	3
3877	0
3878	0
3879	0
3880	0
3881	3
3882	3
3883	2
3884	3
3885	3
3886	3
3887	3
3888	3
3889	3
3890	0
3891	0
3892	2
3893	3
3894	2
3895	3
3896	0
3897	3
3898	0
3899	1
3900	0
3901	2
3902	3
3903	3
3904	2
3905	0
3906	0
3907	2
3908	2
3909	3
3910	2
3911	2
3912	0
3913	0
3914	2
3915	3
3916	0
3917	0
3918	3
3919	0
3920	3
3921	2
3922	0
3923	0
3924	3
3925	3
3926	2
3927	2
3928	3
3929	2
3930	3
3931	2
3932	0
3933	2
3934	2
3935	1
3936	3
3937	1
3938	0
3939	2
3940	2
3941	1
3942	3
3943	0
3944	0
3945	0
3946	3
3947	0
3948	0
3949	3
3950	3
3951	1
3952	3
3953	0
3954	3
3955	3
3956	3
3957	0
3958	2
3959	3
3960	3
3961	3
3962	0
3963	2
3964	0
3965	2
3966	3
3967	0
3968	3
3969	0
3970	0
3971	2
3972	2
3973	1
3974	2
3975	0
3976	1
3977	3
3978	0
3979	3
3980	3
3981	0
3982	1
3983	3
3984	3
3985	3
3986	0
3987	1
3988	0
3989	2
3990	2
3991	1
3992	2
3993	1
3994	0
3995	1
3996	0
3997	1
3998	3
3999	0
4000	3
4001	0
4002	0
4003	3
4004	3
4005	3
4006	2
4007	3
4008	3
4009	3
4010	3
4011	1
4012	3
4013	3
4014	0
4015	0
4016	3
4017	3
4018	3
4019	3
4020	2
4021	3
4022	2
4023	0
4024	3
4025	3
4026	3
4027	2
4028	3
4029	2
4030	3
4031	0
4032	2
4033	2
4034	0
4035	3
4036	2
4037	2
4038	0
4039	0
4040	2
4041	3
4042	1
4043	0
4044	3
4045	3
4046	3
4047	3
4048	3
4049	0
4050	0
4051	3
4052	3
4053	3
4054	2
4055	0
4056	2
4057	2
4058	3
4059	1
4060	3
4061	2
4062	2
4063	2
4064	1
4065	0
4066	0
4067	0
4068	3
4069	2
4070	3
4071	3
4072	3
4073	3
4074	0
4075	2
4076	2
4077	2
4078	3
4079	3
4080	3
4081	0
4082	2
4083	3
4084	3
4085	0
4086	2
4087	0
4088	3
4089	3
4090	0
4091	1
4092	0
4093	2
4094	3
4095	1
