COMMAND
./sim gshare 13 7 ./proj2-traces/gcc_trace.txt
OUTPUT
number of predictions:2000000
number of mispredictions:211218
misprediction rate:   10.56%
FINAL GSHARE CONTENTS
0	0
1	3
2	3
3	3
4	1
5	0
6	3
7	3
8	0
9	0
10	0
11	0
12	0
13	0
14	2
15	3
16	3
17	0
18	3
19	0
20	1
21	3
22	2
23	0
24	1
25	0
26	0
27	0
28	1
29	0
30	3
31	3
32	0
33	3
34	1
35	3
36	2
37	0
38	3
39	2
40	3
41	0
42	0
43	3
44	0
45	3
46	0
47	1
48	0
49	2
50	3
51	3
52	0
53	3
54	0
55	2
56	0
57	3
58	3
59	3
60	0
61	0
62	3
63	0
64	3
65	3
66	3
67	3
68	0
69	3
70	0
71	0
72	0
73	3
74	0
75	3
76	3
77	3
78	3
79	0
80	0
81	0
82	0
83	0
84	3
85	3
86	2
87	3
88	3
89	1
90	0
91	0
92	0
93	0
94	3
95	3
96	0
97	2
98	0
99	0
100	1
101	0
102	0
103	3
104	0
105	0
106	0
107	3
108	3
109	0
110	0
111	0
112	3
113	3
114	3
115	3
116	1
117	0
118	0
119	2
120	0
121	0
122	3
123	3
124	0
125	3
126	3
127	0
128	0
129	3
130	0
131	0
132	0
133	0
134	0
135	0
136	0
137	1
138	3
139	3
140	0
141	1
142	0
143	3
144	0
145	0
146	0
147	2
148	3
149	3
150	3
151	3
152	0
153	3
154	3
155	3
156	3
157	3
158	2
159	3
160	0
161	1
162	1
163	3
164	0
165	1
166	0
167	2
168	0
169	0
170	0
171	2
172	3
173	0
174	0
175	0
176	0
177	0
178	3
179	3
180	0
181	3
182	1
183	0
184	0
185	3
186	3
187	0
188	3
189	3
190	3
191	2
192	0
193	0
194	3
195	0
196	0
197	2
198	0
199	1
200	0
201	0
202	2
203	3
204	1
205	3
206	3
207	0
208	0
209	1
210	0
211	3
212	0
213	3
214	0
215	0
216	3
217	0
218	0
219	0
220	0
221	2
222	2
223	3
224	3
225	1
226	0
227	0
228	0
229	2
230	0
231	2
232	0
233	3
234	0
235	3
236	0
237	3
238	0
239	3
240	0
241	3
242	3
243	0
244	3
245	0
246	3
247	0
248	0
249	2
250	3
251	3
252	3
253	0
254	3
255	1
256	3
257	3
258	3
259	0
260	0
261	0
262	3
263	3
264	3
265	0
266	0
267	0
268	2
269	3
270	3
271	3
272	0
273	3
274	3
275	0
276	0
277	3
278	0
279	0
280	3
281	1
282	0
283	0
284	0
285	3
286	0
287	3
288	0
289	0
290	3
291	0
292	0
293	3
294	0
295	0
296	0
297	0
298	0
299	3
300	0
301	3
302	3
303	0
304	3
305	3
306	3
307	0
308	0
309	0
310	0
311	3
312	3
313	3
314	2
315	3
316	3
317	3
318	3
319	1
320	3
321	3
322	1
323	0
324	2
325	0
326	3
327	0
328	1
329	1
330	0
331	0
332	3
333	3
334	2
335	0
336	2
337	3
338	0
339	0
340	3
341	0
342	0
343	0
344	0
345	0
346	3
347	3
348	3
349	0
350	3
351	3
352	0
353	3
354	1
355	0
356	1
357	3
358	0
359	1
360	0
361	1
362	0
363	0
364	3
365	3
366	3
367	3
368	2
369	3
370	3
371	0
372	0
373	3
374	0
375	0
376	3
377	3
378	0
379	3
380	3
381	0
382	1
383	0
384	0
385	3
386	3
387	2
388	3
389	0
390	3
391	0
392	0
393	3
394	0
395	0
396	3
397	3
398	3
399	3
400	3
401	0
402	0
403	0
404	3
405	3
406	3
407	0
408	0
409	0
410	2
411	0
412	2
413	3
414	3
415	0
416	3
417	0
418	3
419	3
420	0
421	1
422	0
423	3
424	0
425	0
426	2
427	3
428	0
429	1
430	3
431	2
432	0
433	3
434	3
435	2
436	3
437	3
438	3
439	0
440	1
441	1
442	3
443	3
444	3
445	3
446	3
447	0
448	3
449	3
450	3
451	0
452	0
453	3
454	0
455	3
456	3
457	0
458	3
459	1
460	3
461	3
462	3
463	2
464	3
465	3
466	3
467	0
468	0
469	3
470	0
471	3
472	2
473	0
474	3
475	0
476	0
477	0
478	0
479	3
480	2
481	3
482	0
483	1
484	0
485	0
486	0
487	0
488	1
489	0
490	3
491	1
492	3
493	1
494	3
495	3
496	0
497	3
498	2
499	0
500	2
501	2
502	0
503	3
504	3
505	1
506	0
507	3
508	3
509	3
510	3
511	3
512	0
513	1
514	3
515	0
516	1
517	0
518	2
519	0
520	0
521	3
522	3
523	0
524	3
525	3
526	0
527	0
528	0
529	3
530	1
531	0
532	3
533	3
534	0
535	2
536	3
537	3
538	3
539	3
540	3
541	1
542	3
543	2
544	2
545	2
546	0
547	0
548	0
549	3
550	3
551	0
552	0
553	0
554	0
555	3
556	3
557	0
558	0
559	0
560	0
561	3
562	0
563	0
564	3
565	0
566	2
567	1
568	2
569	0
570	0
571	2
572	0
573	1
574	0
575	0
576	0
577	1
578	3
579	0
580	0
581	0
582	0
583	0
584	3
585	0
586	2
587	0
588	3
589	3
590	3
591	0
592	3
593	1
594	3
595	0
596	3
597	3
598	0
599	1
600	3
601	1
602	3
603	1
604	1
605	0
606	3
607	3
608	3
609	2
610	0
611	3
612	0
613	2
614	3
615	1
616	0
617	3
618	0
619	3
620	2
621	2
622	0
623	0
624	2
625	0
626	0
627	0
628	2
629	2
630	2
631	3
632	3
633	0
634	0
635	2
636	0
637	0
638	3
639	2
640	0
641	0
642	0
643	0
644	0
645	3
646	3
647	3
648	0
649	0
650	3
651	1
652	0
653	1
654	0
655	1
656	3
657	3
658	2
659	3
660	0
661	3
662	0
663	3
664	1
665	0
666	0
667	3
668	0
669	3
670	1
671	2
672	0
673	0
674	0
675	0
676	2
677	3
678	3
679	0
680	0
681	3
682	3
683	3
684	3
685	2
686	0
687	0
688	3
689	3
690	0
691	3
692	3
693	2
694	3
695	0
696	3
697	3
698	0
699	0
700	3
701	3
702	0
703	0
704	1
705	0
706	3
707	0
708	3
709	0
710	0
711	3
712	0
713	1
714	3
715	0
716	1
717	2
718	0
719	3
720	3
721	3
722	0
723	0
724	3
725	3
726	0
727	0
728	0
729	0
730	3
731	3
732	3
733	3
734	2
735	1
736	0
737	0
738	0
739	0
740	3
741	2
742	0
743	0
744	1
745	0
746	3
747	3
748	2
749	0
750	3
751	0
752	3
753	3
754	0
755	0
756	3
757	3
758	0
759	3
760	3
761	2
762	0
763	0
764	0
765	2
766	3
767	0
768	0
769	0
770	3
771	0
772	3
773	3
774	0
775	0
776	0
777	3
778	1
779	0
780	0
781	3
782	1
783	0
784	0
785	0
786	0
787	0
788	2
789	3
790	2
791	1
792	0
793	0
794	3
795	0
796	0
797	3
798	0
799	2
800	0
801	1
802	1
803	2
804	0
805	3
806	0
807	2
808	0
809	3
810	0
811	0
812	3
813	3
814	1
815	3
816	0
817	3
818	3
819	3
820	0
821	3
822	1
823	0
824	2
825	3
826	0
827	0
828	3
829	0
830	1
831	0
832	3
833	2
834	3
835	3
836	1
837	3
838	3
839	3
840	3
841	3
842	3
843	2
844	2
845	3
846	3
847	0
848	0
849	3
850	1
851	3
852	0
853	3
854	3
855	1
856	3
857	0
858	0
859	0
860	1
861	0
862	0
863	0
864	3
865	0
866	0
867	0
868	0
869	0
870	0
871	0
872	0
873	2
874	0
875	3
876	3
877	3
878	3
879	3
880	3
881	3
882	2
883	0
884	0
885	0
886	1
887	0
888	3
889	0
890	2
891	3
892	0
893	0
894	1
895	0
896	0
897	3
898	3
899	3
900	3
901	0
902	3
903	0
904	0
905	3
906	3
907	3
908	3
909	3
910	0
911	0
912	0
913	3
914	0
915	0
916	3
917	3
918	3
919	0
920	0
921	3
922	3
923	2
924	3
925	3
926	3
927	3
928	3
929	1
930	3
931	0
932	0
933	2
934	0
935	3
936	0
937	3
938	1
939	3
940	3
941	0
942	3
943	3
944	2
945	3
946	2
947	3
948	0
949	1
950	3
951	3
952	0
953	3
954	3
955	0
956	3
957	0
958	3
959	0
960	0
961	3
962	3
963	0
964	0
965	3
966	3
967	3
968	0
969	3
970	3
971	2
972	0
973	3
974	0
975	1
976	1
977	3
978	0
979	0
980	0
981	3
982	3
983	3
984	3
985	3
986	0
987	3
988	3
989	3
990	0
991	1
992	0
993	3
994	2
995	3
996	0
997	3
998	0
999	3
1000	0
1001	3
1002	3
1003	2
1004	0
1005	2
1006	3
1007	3
1008	3
1009	3
1010	0
1011	3
1012	0
1013	3
1014	0
1015	3
1016	2
1017	2
1018	3
1019	3
1020	3
1021	2
1022	1
1023	2
1024	1
1025	1
1026	0
1027	2
1028	3
1029	0
1030	2
1031	0
1032	3
1033	0
1034	1
1035	2
1036	2
1037	0
1038	3
1039	3
1040	0
1041	3
1042	0
1043	2
1044	3
1045	3
1046	0
1047	0
1048	0
1049	1
1050	0
1051	0
1052	3
1053	3
1054	0
1055	3
1056	3
1057	1
1058	0
1059	0
1060	0
1061	3
1062	0
1063	0
1064	3
1065	2
1066	0
1067	3
1068	0
1069	0
1070	0
1071	0
1072	0
1073	0
1074	0
1075	2
1076	0
1077	0
1078	0
1079	3
1080	3
1081	0
1082	2
1083	0
1084	3
1085	0
1086	0
1087	3
1088	3
1089	3
1090	3
1091	1
1092	2
1093	0
1094	1
1095	0
1096	3
1097	0
1098	0
1099	3
1100	3
1101	0
1102	0
1103	3
1104	0
1105	1
1106	0
1107	3
1108	3
1109	3
1110	0
1111	3
1112	1
1113	0
1114	3
1115	1
1116	1
1117	3
1118	0
1119	2
1120	0
1121	0
1122	3
1123	3
1124	3
1125	3
1126	0
1127	3
1128	3
1129	3
1130	0
1131	3
1132	2
1133	0
1134	0
1135	1
1136	0
1137	0
1138	0
1139	3
1140	2
1141	0
1142	2
1143	0
1144	0
1145	3
1146	3
1147	0
1148	0
1149	0
1150	0
1151	3
1152	3
1153	0
1154	0
1155	0
1156	3
1157	3
1158	3
1159	0
1160	1
1161	3
1162	0
1163	3
1164	0
1165	1
1166	3
1167	3
1168	0
1169	0
1170	0
1171	1
1172	0
1173	3
1174	3
1175	0
1176	0
1177	2
1178	3
1179	0
1180	3
1181	3
1182	0
1183	1
1184	3
1185	0
1186	0
1187	0
1188	1
1189	3
1190	0
1191	0
1192	2
1193	3
1194	2
1195	3
1196	3
1197	0
1198	1
1199	3
1200	3
1201	0
1202	0
1203	3
1204	0
1205	1
1206	1
1207	0
1208	0
1209	0
1210	3
1211	3
1212	3
1213	0
1214	3
1215	0
1216	3
1217	0
1218	0
1219	0
1220	3
1221	1
1222	0
1223	3
1224	0
1225	2
1226	1
1227	0
1228	1
1229	2
1230	3
1231	3
1232	0
1233	0
1234	0
1235	1
1236	3
1237	3
1238	1
1239	0
1240	0
1241	2
1242	3
1243	1
1244	0
1245	3
1246	0
1247	0
1248	3
1249	3
1250	0
1251	3
1252	0
1253	0
1254	0
1255	2
1256	3
1257	3
1258	0
1259	2
1260	3
1261	3
1262	3
1263	3
1264	3
1265	3
1266	2
1267	2
1268	0
1269	1
1270	3
1271	0
1272	1
1273	3
1274	1
1275	0
1276	0
1277	2
1278	3
1279	0
1280	3
1281	0
1282	0
1283	0
1284	0
1285	3
1286	0
1287	0
1288	0
1289	0
1290	3
1291	0
1292	3
1293	2
1294	3
1295	3
1296	0
1297	0
1298	0
1299	3
1300	3
1301	3
1302	2
1303	3
1304	3
1305	3
1306	3
1307	0
1308	0
1309	3
1310	3
1311	0
1312	3
1313	0
1314	3
1315	3
1316	0
1317	3
1318	0
1319	1
1320	1
1321	0
1322	0
1323	1
1324	3
1325	3
1326	0
1327	0
1328	1
1329	3
1330	3
1331	3
1332	3
1333	3
1334	3
1335	3
1336	0
1337	0
1338	3
1339	0
1340	0
1341	0
1342	0
1343	0
1344	3
1345	1
1346	0
1347	3
1348	0
1349	1
1350	3
1351	3
1352	3
1353	1
1354	2
1355	0
1356	3
1357	0
1358	0
1359	3
1360	0
1361	3
1362	0
1363	3
1364	3
1365	3
1366	0
1367	0
1368	3
1369	3
1370	3
1371	2
1372	0
1373	0
1374	0
1375	1
1376	0
1377	2
1378	0
1379	3
1380	1
1381	3
1382	0
1383	0
1384	3
1385	0
1386	2
1387	3
1388	3
1389	0
1390	3
1391	3
1392	0
1393	1
1394	0
1395	3
1396	3
1397	0
1398	0
1399	3
1400	0
1401	1
1402	1
1403	0
1404	2
1405	1
1406	3
1407	3
1408	3
1409	3
1410	0
1411	3
1412	0
1413	3
1414	1
1415	0
1416	2
1417	0
1418	1
1419	3
1420	1
1421	0
1422	3
1423	0
1424	3
1425	3
1426	0
1427	3
1428	2
1429	3
1430	0
1431	3
1432	3
1433	2
1434	0
1435	1
1436	0
1437	3
1438	2
1439	0
1440	2
1441	0
1442	2
1443	3
1444	0
1445	2
1446	0
1447	1
1448	3
1449	3
1450	3
1451	3
1452	3
1453	3
1454	0
1455	0
1456	0
1457	0
1458	0
1459	0
1460	0
1461	2
1462	0
1463	0
1464	3
1465	0
1466	3
1467	0
1468	3
1469	3
1470	0
1471	3
1472	3
1473	0
1474	0
1475	2
1476	0
1477	3
1478	2
1479	0
1480	2
1481	0
1482	3
1483	1
1484	0
1485	2
1486	3
1487	0
1488	2
1489	1
1490	0
1491	0
1492	2
1493	3
1494	3
1495	1
1496	3
1497	0
1498	1
1499	3
1500	1
1501	3
1502	3
1503	1
1504	0
1505	1
1506	3
1507	0
1508	0
1509	3
1510	0
1511	0
1512	0
1513	3
1514	3
1515	3
1516	0
1517	2
1518	2
1519	0
1520	3
1521	0
1522	0
1523	3
1524	3
1525	0
1526	0
1527	2
1528	0
1529	3
1530	3
1531	0
1532	0
1533	0
1534	3
1535	3
1536	3
1537	3
1538	0
1539	0
1540	0
1541	1
1542	0
1543	2
1544	0
1545	3
1546	0
1547	0
1548	0
1549	0
1550	0
1551	0
1552	0
1553	0
1554	2
1555	3
1556	0
1557	3
1558	2
1559	0
1560	0
1561	0
1562	3
1563	0
1564	3
1565	0
1566	0
1567	3
1568	3
1569	0
1570	3
1571	0
1572	3
1573	3
1574	0
1575	3
1576	0
1577	1
1578	3
1579	3
1580	1
1581	0
1582	0
1583	3
1584	0
1585	3
1586	3
1587	3
1588	0
1589	0
1590	0
1591	3
1592	0
1593	2
1594	3
1595	1
1596	3
1597	3
1598	3
1599	0
1600	1
1601	0
1602	0
1603	1
1604	0
1605	0
1606	3
1607	1
1608	1
1609	0
1610	0
1611	1
1612	0
1613	3
1614	0
1615	3
1616	0
1617	0
1618	0
1619	3
1620	3
1621	3
1622	0
1623	3
1624	0
1625	0
1626	3
1627	3
1628	0
1629	3
1630	0
1631	0
1632	0
1633	0
1634	3
1635	0
1636	1
1637	0
1638	0
1639	0
1640	3
1641	3
1642	0
1643	3
1644	3
1645	3
1646	0
1647	1
1648	3
1649	3
1650	1
1651	3
1652	0
1653	3
1654	1
1655	0
1656	0
1657	0
1658	0
1659	0
1660	0
1661	0
1662	2
1663	3
1664	1
1665	1
1666	0
1667	3
1668	2
1669	1
1670	0
1671	0
1672	3
1673	3
1674	2
1675	0
1676	1
1677	0
1678	0
1679	3
1680	0
1681	0
1682	3
1683	3
1684	3
1685	3
1686	3
1687	3
1688	0
1689	3
1690	0
1691	3
1692	2
1693	3
1694	0
1695	3
1696	0
1697	0
1698	2
1699	0
1700	0
1701	3
1702	1
1703	3
1704	0
1705	3
1706	0
1707	3
1708	2
1709	0
1710	3
1711	0
1712	0
1713	3
1714	2
1715	3
1716	3
1717	1
1718	1
1719	0
1720	0
1721	0
1722	0
1723	0
1724	1
1725	0
1726	3
1727	0
1728	1
1729	0
1730	0
1731	2
1732	0
1733	2
1734	3
1735	3
1736	3
1737	3
1738	0
1739	0
1740	2
1741	3
1742	3
1743	3
1744	0
1745	1
1746	0
1747	3
1748	3
1749	3
1750	3
1751	0
1752	1
1753	0
1754	0
1755	3
1756	3
1757	3
1758	1
1759	3
1760	3
1761	0
1762	3
1763	1
1764	3
1765	3
1766	3
1767	3
1768	3
1769	3
1770	0
1771	3
1772	3
1773	3
1774	3
1775	2
1776	0
1777	3
1778	0
1779	2
1780	3
1781	0
1782	0
1783	0
1784	0
1785	3
1786	0
1787	0
1788	0
1789	0
1790	3
1791	0
1792	2
1793	1
1794	0
1795	0
1796	1
1797	1
1798	3
1799	0
1800	3
1801	3
1802	0
1803	0
1804	0
1805	3
1806	0
1807	0
1808	0
1809	0
1810	2
1811	2
1812	0
1813	3
1814	3
1815	0
1816	0
1817	0
1818	1
1819	0
1820	0
1821	0
1822	0
1823	0
1824	0
1825	0
1826	3
1827	3
1828	0
1829	3
1830	3
1831	0
1832	0
1833	3
1834	2
1835	1
1836	0
1837	0
1838	3
1839	3
1840	3
1841	3
1842	0
1843	3
1844	0
1845	0
1846	0
1847	0
1848	0
1849	3
1850	0
1851	0
1852	0
1853	0
1854	3
1855	3
1856	3
1857	1
1858	0
1859	3
1860	0
1861	0
1862	3
1863	3
1864	0
1865	0
1866	1
1867	0
1868	0
1869	3
1870	0
1871	0
1872	0
1873	3
1874	0
1875	3
1876	0
1877	2
1878	0
1879	0
1880	0
1881	1
1882	3
1883	3
1884	0
1885	0
1886	3
1887	0
1888	0
1889	3
1890	3
1891	0
1892	2
1893	3
1894	0
1895	0
1896	0
1897	3
1898	0
1899	3
1900	0
1901	0
1902	1
1903	0
1904	0
1905	3
1906	3
1907	0
1908	0
1909	0
1910	3
1911	0
1912	0
1913	3
1914	3
1915	0
1916	3
1917	2
1918	0
1919	1
1920	3
1921	0
1922	1
1923	3
1924	0
1925	1
1926	2
1927	3
1928	1
1929	3
1930	1
1931	3
1932	0
1933	0
1934	3
1935	0
1936	0
1937	0
1938	0
1939	0
1940	1
1941	3
1942	3
1943	3
1944	3
1945	3
1946	1
1947	0
1948	2
1949	3
1950	1
1951	0
1952	2
1953	0
1954	2
1955	2
1956	2
1957	3
1958	1
1959	0
1960	3
1961	3
1962	2
1963	2
1964	3
1965	3
1966	3
1967	3
1968	3
1969	0
1970	3
1971	0
1972	0
1973	0
1974	3
1975	3
1976	3
1977	0
1978	0
1979	2
1980	0
1981	0
1982	3
1983	0
1984	2
1985	1
1986	0
1987	3
1988	1
1989	2
1990	3
1991	3
1992	2
1993	3
1994	0
1995	0
1996	3
1997	1
1998	3
1999	0
2000	0
2001	3
2002	3
2003	0
2004	0
2005	3
2006	3
2007	0
2008	3
2009	0
2010	3
2011	0
2012	1
2013	3
2014	3
2015	3
2016	0
2017	1
2018	1
2019	0
2020	0
2021	3
2022	0
2023	0
2024	3
2025	3
2026	3
2027	1
2028	0
2029	3
2030	3
2031	1
2032	3
2033	2
2034	0
2035	1
2036	3
2037	0
2038	3
2039	0
2040	0
2041	2
2042	0
2043	0
2044	0
2045	0
2046	3
2047	3
2048	0
2049	2
2050	3
2051	3
2052	3
2053	0
2054	3
2055	0
2056	0
2057	0
2058	1
2059	3
2060	3
2061	0
2062	0
2063	0
2064	0
2065	3
2066	1
2067	3
2068	0
2069	3
2070	3
2071	3
2072	0
2073	0
2074	3
2075	0
2076	0
2077	3
2078	3
2079	2
2080	3
2081	3
2082	0
2083	3
2084	0
2085	1
2086	3
2087	0
2088	3
2089	3
2090	0
2091	3
2092	0
2093	3
2094	0
2095	0
2096	3
2097	3
2098	0
2099	2
2100	3
2101	3
2102	3
2103	3
2104	1
2105	3
2106	0
2107	1
2108	3
2109	0
2110	3
2111	3
2112	0
2113	0
2114	0
2115	0
2116	0
2117	3
2118	3
2119	3
2120	0
2121	0
2122	3
2123	3
2124	3
2125	0
2126	0
2127	0
2128	0
2129	3
2130	3
2131	3
2132	3
2133	0
2134	0
2135	0
2136	0
2137	0
2138	3
2139	3
2140	0
2141	3
2142	3
2143	3
2144	0
2145	3
2146	0
2147	3
2148	0
2149	0
2150	0
2151	0
2152	0
2153	0
2154	0
2155	3
2156	0
2157	3
2158	0
2159	0
2160	0
2161	0
2162	1
2163	3
2164	3
2165	0
2166	0
2167	0
2168	2
2169	2
2170	0
2171	0
2172	0
2173	3
2174	3
2175	3
2176	3
2177	3
2178	1
2179	0
2180	3
2181	0
2182	2
2183	0
2184	0
2185	0
2186	0
2187	3
2188	0
2189	0
2190	3
2191	0
2192	0
2193	0
2194	0
2195	0
2196	0
2197	1
2198	3
2199	1
2200	3
2201	0
2202	3
2203	3
2204	0
2205	3
2206	0
2207	3
2208	0
2209	3
2210	0
2211	1
2212	3
2213	0
2214	0
2215	0
2216	0
2217	0
2218	0
2219	3
2220	3
2221	0
2222	3
2223	0
2224	3
2225	0
2226	0
2227	0
2228	3
2229	3
2230	3
2231	0
2232	3
2233	0
2234	0
2235	0
2236	0
2237	3
2238	0
2239	3
2240	3
2241	3
2242	0
2243	0
2244	2
2245	0
2246	0
2247	3
2248	0
2249	0
2250	2
2251	3
2252	3
2253	1
2254	3
2255	0
2256	0
2257	3
2258	0
2259	1
2260	0
2261	0
2262	0
2263	0
2264	0
2265	0
2266	0
2267	0
2268	3
2269	0
2270	2
2271	3
2272	2
2273	0
2274	0
2275	0
2276	0
2277	0
2278	0
2279	0
2280	0
2281	0
2282	3
2283	2
2284	0
2285	3
2286	0
2287	3
2288	2
2289	0
2290	0
2291	0
2292	3
2293	2
2294	3
2295	0
2296	0
2297	2
2298	2
2299	3
2300	2
2301	3
2302	3
2303	2
2304	0
2305	3
2306	3
2307	3
2308	3
2309	1
2310	3
2311	0
2312	0
2313	3
2314	0
2315	3
2316	3
2317	0
2318	3
2319	0
2320	0
2321	0
2322	0
2323	0
2324	3
2325	1
2326	0
2327	0
2328	3
2329	0
2330	2
2331	2
2332	0
2333	2
2334	0
2335	3
2336	0
2337	0
2338	0
2339	0
2340	3
2341	1
2342	0
2343	0
2344	0
2345	0
2346	3
2347	3
2348	0
2349	0
2350	2
2351	0
2352	0
2353	3
2354	2
2355	0
2356	3
2357	0
2358	0
2359	1
2360	0
2361	0
2362	0
2363	3
2364	0
2365	3
2366	3
2367	3
2368	0
2369	3
2370	1
2371	0
2372	3
2373	0
2374	0
2375	0
2376	0
2377	2
2378	2
2379	0
2380	3
2381	3
2382	2
2383	0
2384	0
2385	0
2386	3
2387	2
2388	0
2389	0
2390	0
2391	0
2392	3
2393	0
2394	3
2395	3
2396	0
2397	2
2398	3
2399	3
2400	3
2401	3
2402	0
2403	0
2404	0
2405	3
2406	0
2407	3
2408	0
2409	1
2410	0
2411	3
2412	0
2413	2
2414	3
2415	0
2416	0
2417	2
2418	3
2419	2
2420	3
2421	0
2422	1
2423	3
2424	3
2425	3
2426	0
2427	0
2428	0
2429	2
2430	3
2431	0
2432	3
2433	3
2434	3
2435	2
2436	2
2437	0
2438	0
2439	0
2440	0
2441	0
2442	0
2443	3
2444	3
2445	0
2446	0
2447	3
2448	0
2449	3
2450	0
2451	0
2452	2
2453	2
2454	2
2455	0
2456	0
2457	0
2458	3
2459	3
2460	2
2461	3
2462	0
2463	0
2464	0
2465	0
2466	3
2467	2
2468	0
2469	2
2470	0
2471	0
2472	3
2473	0
2474	3
2475	3
2476	3
2477	1
2478	3
2479	0
2480	0
2481	0
2482	1
2483	1
2484	0
2485	3
2486	0
2487	3
2488	3
2489	3
2490	0
2491	3
2492	0
2493	3
2494	3
2495	3
2496	2
2497	3
2498	3
2499	0
2500	1
2501	2
2502	0
2503	1
2504	0
2505	3
2506	0
2507	3
2508	3
2509	0
2510	1
2511	0
2512	0
2513	0
2514	3
2515	3
2516	3
2517	0
2518	3
2519	1
2520	0
2521	0
2522	0
2523	3
2524	0
2525	0
2526	0
2527	3
2528	0
2529	2
2530	0
2531	0
2532	0
2533	3
2534	0
2535	0
2536	0
2537	0
2538	3
2539	2
2540	3
2541	3
2542	3
2543	1
2544	3
2545	0
2546	3
2547	0
2548	3
2549	3
2550	0
2551	3
2552	3
2553	0
2554	0
2555	0
2556	3
2557	3
2558	3
2559	3
2560	2
2561	2
2562	1
2563	0
2564	3
2565	3
2566	3
2567	0
2568	0
2569	3
2570	0
2571	3
2572	3
2573	3
2574	2
2575	3
2576	3
2577	0
2578	2
2579	0
2580	2
2581	3
2582	3
2583	3
2584	0
2585	0
2586	1
2587	2
2588	0
2589	0
2590	0
2591	3
2592	3
2593	3
2594	3
2595	2
2596	0
2597	0
2598	0
2599	0
2600	3
2601	3
2602	0
2603	3
2604	1
2605	3
2606	0
2607	0
2608	0
2609	3
2610	0
2611	3
2612	0
2613	0
2614	0
2615	3
2616	0
2617	0
2618	3
2619	0
2620	0
2621	2
2622	0
2623	1
2624	1
2625	2
2626	3
2627	0
2628	0
2629	3
2630	3
2631	2
2632	0
2633	0
2634	0
2635	0
2636	3
2637	3
2638	0
2639	0
2640	3
2641	0
2642	0
2643	3
2644	0
2645	1
2646	3
2647	3
2648	0
2649	0
2650	0
2651	3
2652	0
2653	3
2654	3
2655	3
2656	3
2657	3
2658	3
2659	0
2660	1
2661	3
2662	1
2663	0
2664	3
2665	0
2666	3
2667	3
2668	2
2669	1
2670	3
2671	0
2672	3
2673	3
2674	2
2675	3
2676	3
2677	0
2678	3
2679	3
2680	0
2681	0
2682	0
2683	0
2684	3
2685	3
2686	0
2687	3
2688	3
2689	3
2690	0
2691	2
2692	3
2693	0
2694	1
2695	0
2696	0
2697	1
2698	3
2699	0
2700	0
2701	3
2702	3
2703	2
2704	0
2705	3
2706	3
2707	0
2708	0
2709	3
2710	3
2711	0
2712	0
2713	0
2714	3
2715	3
2716	0
2717	3
2718	3
2719	0
2720	3
2721	1
2722	0
2723	0
2724	0
2725	0
2726	0
2727	0
2728	3
2729	3
2730	0
2731	3
2732	0
2733	0
2734	1
2735	0
2736	0
2737	0
2738	0
2739	0
2740	0
2741	2
2742	3
2743	3
2744	3
2745	0
2746	3
2747	0
2748	3
2749	3
2750	1
2751	0
2752	0
2753	3
2754	3
2755	3
2756	3
2757	1
2758	3
2759	3
2760	1
2761	3
2762	3
2763	0
2764	0
2765	3
2766	3
2767	2
2768	0
2769	3
2770	0
2771	0
2772	1
2773	3
2774	3
2775	2
2776	0
2777	0
2778	0
2779	3
2780	0
2781	3
2782	2
2783	3
2784	0
2785	3
2786	3
2787	0
2788	0
2789	3
2790	0
2791	1
2792	3
2793	0
2794	0
2795	3
2796	0
2797	0
2798	3
2799	0
2800	1
2801	1
2802	2
2803	3
2804	0
2805	0
2806	3
2807	0
2808	3
2809	0
2810	2
2811	0
2812	3
2813	3
2814	2
2815	1
2816	0
2817	0
2818	0
2819	3
2820	3
2821	0
2822	3
2823	3
2824	0
2825	2
2826	0
2827	0
2828	3
2829	0
2830	3
2831	3
2832	0
2833	1
2834	3
2835	0
2836	0
2837	3
2838	0
2839	3
2840	1
2841	0
2842	0
2843	2
2844	3
2845	3
2846	3
2847	3
2848	0
2849	3
2850	0
2851	0
2852	3
2853	3
2854	0
2855	0
2856	1
2857	3
2858	0
2859	1
2860	2
2861	3
2862	0
2863	0
2864	3
2865	3
2866	0
2867	2
2868	0
2869	0
2870	0
2871	0
2872	3
2873	3
2874	1
2875	0
2876	0
2877	3
2878	0
2879	3
2880	3
2881	3
2882	0
2883	0
2884	0
2885	0
2886	3
2887	0
2888	0
2889	3
2890	2
2891	1
2892	1
2893	1
2894	2
2895	0
2896	2
2897	0
2898	0
2899	3
2900	3
2901	0
2902	0
2903	0
2904	1
2905	3
2906	3
2907	0
2908	0
2909	3
2910	0
2911	3
2912	3
2913	0
2914	3
2915	0
2916	3
2917	3
2918	0
2919	0
2920	0
2921	2
2922	0
2923	3
2924	3
2925	3
2926	3
2927	0
2928	3
2929	3
2930	0
2931	3
2932	0
2933	3
2934	0
2935	0
2936	3
2937	0
2938	0
2939	0
2940	0
2941	3
2942	3
2943	0
2944	3
2945	2
2946	0
2947	0
2948	0
2949	0
2950	1
2951	3
2952	0
2953	3
2954	3
2955	3
2956	1
2957	2
2958	3
2959	0
2960	2
2961	3
2962	0
2963	0
2964	1
2965	3
2966	0
2967	3
2968	1
2969	1
2970	3
2971	0
2972	0
2973	2
2974	3
2975	3
2976	3
2977	3
2978	3
2979	1
2980	0
2981	3
2982	0
2983	3
2984	0
2985	0
2986	0
2987	3
2988	0
2989	0
2990	3
2991	0
2992	0
2993	3
2994	0
2995	3
2996	0
2997	3
2998	3
2999	0
3000	0
3001	3
3002	3
3003	2
3004	3
3005	3
3006	3
3007	3
3008	0
3009	0
3010	0
3011	0
3012	3
3013	0
3014	3
3015	0
3016	2
3017	3
3018	3
3019	3
3020	2
3021	0
3022	0
3023	0
3024	2
3025	0
3026	0
3027	0
3028	0
3029	0
3030	0
3031	0
3032	3
3033	0
3034	2
3035	3
3036	2
3037	2
3038	0
3039	3
3040	0
3041	0
3042	3
3043	0
3044	3
3045	2
3046	3
3047	0
3048	3
3049	0
3050	0
3051	0
3052	1
3053	3
3054	0
3055	0
3056	0
3057	3
3058	1
3059	3
3060	3
3061	0
3062	3
3063	0
3064	0
3065	0
3066	0
3067	1
3068	2
3069	3
3070	3
3071	3
3072	0
3073	3
3074	3
3075	2
3076	0
3077	0
3078	2
3079	0
3080	3
3081	0
3082	0
3083	0
3084	3
3085	3
3086	3
3087	1
3088	3
3089	3
3090	1
3091	3
3092	3
3093	3
3094	0
3095	3
3096	0
3097	0
3098	3
3099	3
3100	3
3101	0
3102	3
3103	0
3104	0
3105	3
3106	3
3107	0
3108	0
3109	3
3110	3
3111	0
3112	0
3113	0
3114	3
3115	3
3116	3
3117	0
3118	3
3119	0
3120	0
3121	1
3122	2
3123	0
3124	3
3125	0
3126	2
3127	3
3128	1
3129	0
3130	0
3131	0
3132	0
3133	3
3134	0
3135	3
3136	0
3137	1
3138	0
3139	0
3140	0
3141	0
3142	0
3143	3
3144	0
3145	2
3146	3
3147	0
3148	3
3149	3
3150	0
3151	3
3152	0
3153	3
3154	3
3155	2
3156	0
3157	0
3158	0
3159	3
3160	0
3161	0
3162	2
3163	3
3164	2
3165	2
3166	0
3167	3
3168	0
3169	2
3170	0
3171	0
3172	2
3173	3
3174	1
3175	2
3176	3
3177	0
3178	0
3179	0
3180	0
3181	0
3182	3
3183	0
3184	0
3185	3
3186	3
3187	3
3188	3
3189	1
3190	0
3191	0
3192	2
3193	3
3194	0
3195	0
3196	1
3197	2
3198	1
3199	2
3200	3
3201	3
3202	3
3203	3
3204	3
3205	3
3206	0
3207	3
3208	2
3209	3
3210	0
3211	2
3212	3
3213	0
3214	3
3215	0
3216	0
3217	3
3218	0
3219	3
3220	3
3221	2
3222	0
3223	0
3224	0
3225	0
3226	3
3227	3
3228	0
3229	0
3230	0
3231	3
3232	0
3233	2
3234	0
3235	0
3236	0
3237	0
3238	0
3239	3
3240	0
3241	0
3242	0
3243	3
3244	2
3245	0
3246	0
3247	3
3248	3
3249	3
3250	0
3251	3
3252	3
3253	0
3254	3
3255	3
3256	3
3257	0
3258	0
3259	0
3260	0
3261	0
3262	0
3263	2
3264	0
3265	3
3266	3
3267	2
3268	3
3269	0
3270	2
3271	0
3272	0
3273	0
3274	3
3275	3
3276	0
3277	0
3278	1
3279	3
3280	0
3281	3
3282	3
3283	0
3284	3
3285	0
3286	0
3287	0
3288	0
3289	0
3290	1
3291	3
3292	2
3293	0
3294	0
3295	1
3296	0
3297	3
3298	3
3299	0
3300	0
3301	3
3302	3
3303	3
3304	3
3305	3
3306	0
3307	2
3308	3
3309	0
3310	3
3311	0
3312	3
3313	1
3314	0
3315	3
3316	0
3317	0
3318	0
3319	1
3320	3
3321	0
3322	0
3323	0
3324	0
3325	0
3326	0
3327	0
3328	0
3329	0
3330	0
3331	3
3332	2
3333	3
3334	3
3335	3
3336	3
3337	3
3338	0
3339	1
3340	3
3341	3
3342	0
3343	3
3344	3
3345	3
3346	2
3347	1
3348	3
3349	1
3350	0
3351	3
3352	0
3353	0
3354	3
3355	3
3356	0
3357	2
3358	0
3359	3
3360	2
3361	3
3362	0
3363	0
3364	0
3365	3
3366	0
3367	1
3368	3
3369	1
3370	0
3371	2
3372	3
3373	2
3374	3
3375	0
3376	0
3377	0
3378	3
3379	0
3380	0
3381	0
3382	3
3383	3
3384	3
3385	0
3386	1
3387	2
3388	3
3389	2
3390	3
3391	3
3392	0
3393	0
3394	0
3395	1
3396	0
3397	1
3398	3
3399	0
3400	3
3401	0
3402	0
3403	0
3404	3
3405	3
3406	3
3407	0
3408	1
3409	3
3410	0
3411	3
3412	3
3413	2
3414	0
3415	0
3416	0
3417	1
3418	3
3419	3
3420	3
3421	3
3422	0
3423	0
3424	1
3425	0
3426	1
3427	0
3428	0
3429	3
3430	0
3431	0
3432	3
3433	0
3434	0
3435	2
3436	0
3437	0
3438	3
3439	0
3440	0
3441	3
3442	3
3443	0
3444	0
3445	0
3446	0
3447	3
3448	2
3449	0
3450	0
3451	0
3452	3
3453	0
3454	0
3455	3
3456	0
3457	3
3458	1
3459	0
3460	3
3461	0
3462	0
3463	3
3464	3
3465	3
3466	3
3467	0
3468	0
3469	0
3470	3
3471	0
3472	3
3473	0
3474	1
3475	0
3476	3
3477	0
3478	0
3479	3
3480	0
3481	3
3482	0
3483	3
3484	3
3485	3
3486	1
3487	3
3488	0
3489	3
3490	3
3491	0
3492	0
3493	3
3494	0
3495	3
3496	3
3497	0
3498	0
3499	0
3500	0
3501	1
3502	0
3503	3
3504	1
3505	2
3506	0
3507	0
3508	0
3509	0
3510	0
3511	3
3512	0
3513	0
3514	0
3515	0
3516	3
3517	3
3518	0
3519	0
3520	3
3521	0
3522	0
3523	3
3524	2
3525	0
3526	0
3527	3
3528	3
3529	1
3530	1
3531	3
3532	3
3533	0
3534	3
3535	0
3536	2
3537	3
3538	3
3539	3
3540	0
3541	1
3542	0
3543	0
3544	0
3545	3
3546	3
3547	1
3548	3
3549	1
3550	0
3551	1
3552	1
3553	3
3554	3
3555	0
3556	0
3557	3
3558	0
3559	3
3560	3
3561	0
3562	0
3563	0
3564	1
3565	0
3566	0
3567	3
3568	3
3569	2
3570	1
3571	0
3572	3
3573	0
3574	3
3575	3
3576	3
3577	0
3578	0
3579	0
3580	3
3581	0
3582	0
3583	0
3584	3
3585	0
3586	3
3587	0
3588	3
3589	0
3590	3
3591	0
3592	2
3593	3
3594	3
3595	0
3596	0
3597	0
3598	2
3599	0
3600	0
3601	2
3602	0
3603	0
3604	3
3605	0
3606	1
3607	2
3608	3
3609	0
3610	3
3611	0
3612	3
3613	2
3614	3
3615	2
3616	2
3617	0
3618	0
3619	3
3620	0
3621	3
3622	0
3623	1
3624	3
3625	0
3626	1
3627	3
3628	0
3629	3
3630	0
3631	0
3632	3
3633	2
3634	3
3635	0
3636	3
3637	0
3638	0
3639	0
3640	0
3641	0
3642	0
3643	1
3644	3
3645	0
3646	3
3647	2
3648	3
3649	0
3650	0
3651	3
3652	3
3653	1
3654	0
3655	2
3656	1
3657	0
3658	0
3659	2
3660	0
3661	2
3662	3
3663	1
3664	0
3665	3
3666	0
3667	2
3668	0
3669	3
3670	2
3671	0
3672	0
3673	3
3674	3
3675	3
3676	2
3677	3
3678	0
3679	3
3680	3
3681	1
3682	0
3683	0
3684	0
3685	3
3686	2
3687	0
3688	0
3689	0
3690	0
3691	3
3692	3
3693	3
3694	3
3695	0
3696	3
3697	3
3698	3
3699	3
3700	0
3701	0
3702	0
3703	0
3704	0
3705	0
3706	0
3707	2
3708	3
3709	0
3710	3
3711	0
3712	2
3713	1
3714	3
3715	3
3716	1
3717	0
3718	3
3719	0
3720	0
3721	0
3722	0
3723	0
3724	0
3725	3
3726	3
3727	0
3728	3
3729	3
3730	0
3731	3
3732	3
3733	0
3734	3
3735	0
3736	0
3737	0
3738	3
3739	3
3740	3
3741	0
3742	0
3743	3
3744	3
3745	0
3746	0
3747	3
3748	0
3749	2
3750	2
3751	3
3752	2
3753	0
3754	3
3755	3
3756	3
3757	3
3758	0
3759	1
3760	3
3761	1
3762	0
3763	3
3764	1
3765	2
3766	0
3767	0
3768	0
3769	3
3770	0
3771	3
3772	3
3773	0
3774	3
3775	3
3776	3
3777	0
3778	3
3779	0
3780	0
3781	0
3782	0
3783	0
3784	3
3785	0
3786	0
3787	0
3788	1
3789	3
3790	3
3791	0
3792	0
3793	1
3794	3
3795	0
3796	3
3797	2
3798	2
3799	0
3800	0
3801	0
3802	3
3803	3
3804	3
3805	3
3806	3
3807	3
3808	0
3809	0
3810	1
3811	2
3812	0
3813	3
3814	0
3815	0
3816	3
3817	0
3818	3
3819	3
3820	3
3821	1
3822	3
3823	0
3824	0
3825	3
3826	3
3827	3
3828	0
3829	0
3830	0
3831	3
3832	2
3833	0
3834	0
3835	0
3836	0
3837	2
3838	0
3839	0
3840	3
3841	3
3842	3
3843	0
3844	3
3845	0
3846	3
3847	0
3848	0
3849	3
3850	0
3851	0
3852	1
3853	3
3854	0
3855	0
3856	2
3857	3
3858	3
3859	1
3860	3
3861	3
3862	0
3863	0
3864	0
3865	3
3866	3
3867	1
3868	0
3869	0
3870	0
3871	1
3872	0
3873	0
3874	3
3875	0
3876	0
3877	3
3878	3
3879	3
3880	3
3881	0
3882	0
3883	3
3884	3
3885	3
3886	3
3887	0
3888	1
3889	3
3890	3
3891	0
3892	0
3893	0
3894	0
3895	2
3896	0
3897	3
3898	0
3899	1
3900	3
3901	0
3902	3
3903	0
3904	0
3905	3
3906	3
3907	3
3908	0
3909	3
3910	3
3911	3
3912	0
3913	0
3914	0
3915	0
3916	2
3917	3
3918	0
3919	0
3920	0
3921	3
3922	3
3923	3
3924	0
3925	3
3926	2
3927	0
3928	0
3929	3
3930	3
3931	0
3932	0
3933	1
3934	3
3935	0
3936	0
3937	0
3938	0
3939	1
3940	0
3941	3
3942	0
3943	0
3944	2
3945	0
3946	0
3947	3
3948	3
3949	3
3950	3
3951	0
3952	2
3953	2
3954	0
3955	3
3956	0
3957	3
3958	3
3959	3
3960	3
3961	0
3962	0
3963	1
3964	0
3965	3
3966	1
3967	3
3968	3
3969	1
3970	3
3971	3
3972	2
3973	1
3974	0
3975	0
3976	0
3977	0
3978	0
3979	0
3980	1
3981	0
3982	0
3983	3
3984	0
3985	2
3986	0
3987	1
3988	3
3989	0
3990	0
3991	0
3992	1
3993	3
3994	3
3995	3
3996	3
3997	0
3998	0
3999	2
4000	0
4001	1
4002	0
4003	3
4004	2
4005	2
4006	0
4007	3
4008	3
4009	0
4010	0
4011	2
4012	0
4013	0
4014	3
4015	0
4016	0
4017	2
4018	3
4019	0
4020	0
4021	0
4022	3
4023	3
4024	1
4025	0
4026	2
4027	3
4028	0
4029	0
4030	3
4031	0
4032	3
4033	3
4034	0
4035	3
4036	2
4037	0
4038	0
4039	3
4040	0
4041	0
4042	3
4043	0
4044	0
4045	3
4046	0
4047	3
4048	0
4049	0
4050	3
4051	2
4052	0
4053	3
4054	0
4055	0
4056	0
4057	0
4058	3
4059	0
4060	3
4061	0
4062	2
4063	0
4064	1
4065	0
4066	3
4067	0
4068	0
4069	0
4070	0
4071	3
4072	3
4073	0
4074	0
4075	3
4076	0
4077	2
4078	3
4079	0
4080	0
4081	2
4082	3
4083	0
4084	0
4085	0
4086	0
4087	2
4088	3
4089	0
4090	0
4091	3
4092	0
4093	0
4094	0
4095	2
4096	3
4097	3
4098	0
4099	1
4100	0
4101	0
4102	0
4103	2
4104	1
4105	0
4106	3
4107	0
4108	0
4109	3
4110	1
4111	0
4112	2
4113	1
4114	3
4115	3
4116	3
4117	0
4118	3
4119	1
4120	2
4121	3
4122	3
4123	0
4124	0
4125	3
4126	0
4127	3
4128	2
4129	0
4130	3
4131	3
4132	0
4133	0
4134	1
4135	3
4136	0
4137	0
4138	0
4139	0
4140	2
4141	2
4142	0
4143	1
4144	3
4145	0
4146	2
4147	0
4148	0
4149	3
4150	3
4151	0
4152	2
4153	0
4154	0
4155	0
4156	2
4157	3
4158	3
4159	3
4160	3
4161	3
4162	3
4163	3
4164	2
4165	3
4166	2
4167	1
4168	0
4169	0
4170	0
4171	2
4172	3
4173	3
4174	2
4175	0
4176	0
4177	0
4178	0
4179	1
4180	3
4181	2
4182	0
4183	0
4184	3
4185	3
4186	0
4187	3
4188	3
4189	3
4190	2
4191	3
4192	0
4193	3
4194	3
4195	1
4196	0
4197	2
4198	0
4199	3
4200	0
4201	0
4202	2
4203	0
4204	3
4205	1
4206	0
4207	3
4208	0
4209	3
4210	0
4211	0
4212	0
4213	3
4214	0
4215	0
4216	1
4217	2
4218	0
4219	1
4220	0
4221	0
4222	0
4223	0
4224	3
4225	3
4226	3
4227	3
4228	3
4229	3
4230	0
4231	0
4232	0
4233	0
4234	0
4235	0
4236	0
4237	0
4238	3
4239	3
4240	3
4241	3
4242	0
4243	0
4244	2
4245	0
4246	0
4247	3
4248	3
4249	3
4250	3
4251	0
4252	1
4253	3
4254	3
4255	3
4256	3
4257	3
4258	3
4259	3
4260	3
4261	3
4262	3
4263	3
4264	3
4265	3
4266	0
4267	0
4268	2
4269	3
4270	2
4271	3
4272	1
4273	0
4274	0
4275	3
4276	0
4277	3
4278	0
4279	0
4280	3
4281	0
4282	0
4283	1
4284	0
4285	0
4286	1
4287	1
4288	3
4289	3
4290	0
4291	0
4292	3
4293	3
4294	0
4295	0
4296	2
4297	3
4298	0
4299	0
4300	3
4301	3
4302	3
4303	0
4304	3
4305	3
4306	0
4307	3
4308	2
4309	3
4310	3
4311	3
4312	3
4313	0
4314	3
4315	0
4316	3
4317	2
4318	3
4319	3
4320	1
4321	0
4322	0
4323	3
4324	3
4325	3
4326	0
4327	0
4328	0
4329	3
4330	3
4331	3
4332	3
4333	0
4334	3
4335	3
4336	1
4337	0
4338	1
4339	0
4340	0
4341	2
4342	2
4343	0
4344	3
4345	0
4346	0
4347	3
4348	0
4349	3
4350	3
4351	2
4352	3
4353	3
4354	3
4355	3
4356	3
4357	3
4358	0
4359	0
4360	0
4361	3
4362	3
4363	0
4364	3
4365	3
4366	0
4367	0
4368	3
4369	0
4370	2
4371	3
4372	0
4373	3
4374	3
4375	3
4376	2
4377	3
4378	0
4379	0
4380	3
4381	2
4382	0
4383	3
4384	0
4385	3
4386	3
4387	0
4388	3
4389	0
4390	0
4391	3
4392	0
4393	0
4394	0
4395	1
4396	3
4397	0
4398	0
4399	1
4400	0
4401	0
4402	3
4403	0
4404	3
4405	0
4406	2
4407	3
4408	2
4409	0
4410	3
4411	3
4412	0
4413	3
4414	3
4415	2
4416	3
4417	3
4418	3
4419	3
4420	1
4421	1
4422	3
4423	0
4424	3
4425	0
4426	0
4427	0
4428	3
4429	3
4430	3
4431	0
4432	0
4433	0
4434	3
4435	3
4436	3
4437	3
4438	0
4439	3
4440	3
4441	3
4442	0
4443	3
4444	0
4445	3
4446	0
4447	3
4448	2
4449	3
4450	3
4451	2
4452	0
4453	3
4454	3
4455	0
4456	0
4457	1
4458	0
4459	0
4460	1
4461	0
4462	1
4463	0
4464	0
4465	3
4466	0
4467	2
4468	0
4469	0
4470	0
4471	0
4472	3
4473	3
4474	0
4475	0
4476	3
4477	0
4478	3
4479	0
4480	3
4481	3
4482	0
4483	0
4484	3
4485	0
4486	3
4487	3
4488	0
4489	0
4490	0
4491	0
4492	3
4493	3
4494	0
4495	0
4496	0
4497	0
4498	0
4499	2
4500	0
4501	3
4502	3
4503	3
4504	1
4505	0
4506	3
4507	2
4508	3
4509	0
4510	0
4511	3
4512	2
4513	1
4514	0
4515	0
4516	0
4517	0
4518	0
4519	0
4520	1
4521	3
4522	0
4523	0
4524	0
4525	0
4526	3
4527	2
4528	3
4529	0
4530	3
4531	3
4532	0
4533	3
4534	0
4535	3
4536	3
4537	0
4538	0
4539	3
4540	2
4541	0
4542	3
4543	3
4544	3
4545	3
4546	1
4547	3
4548	0
4549	2
4550	3
4551	3
4552	3
4553	3
4554	2
4555	0
4556	3
4557	3
4558	0
4559	0
4560	3
4561	0
4562	3
4563	3
4564	0
4565	2
4566	0
4567	0
4568	2
4569	3
4570	3
4571	3
4572	1
4573	1
4574	0
4575	3
4576	1
4577	3
4578	2
4579	0
4580	0
4581	3
4582	0
4583	0
4584	0
4585	2
4586	0
4587	0
4588	3
4589	2
4590	3
4591	0
4592	3
4593	0
4594	1
4595	0
4596	0
4597	1
4598	3
4599	0
4600	3
4601	0
4602	0
4603	3
4604	0
4605	1
4606	3
4607	0
4608	3
4609	3
4610	0
4611	0
4612	3
4613	3
4614	0
4615	3
4616	0
4617	3
4618	1
4619	0
4620	1
4621	3
4622	3
4623	1
4624	0
4625	0
4626	3
4627	3
4628	0
4629	2
4630	0
4631	3
4632	3
4633	3
4634	0
4635	0
4636	0
4637	0
4638	0
4639	3
4640	0
4641	3
4642	2
4643	0
4644	0
4645	2
4646	3
4647	3
4648	2
4649	2
4650	3
4651	3
4652	3
4653	0
4654	3
4655	0
4656	0
4657	3
4658	0
4659	3
4660	3
4661	3
4662	3
4663	3
4664	2
4665	0
4666	0
4667	0
4668	2
4669	3
4670	3
4671	3
4672	3
4673	2
4674	1
4675	0
4676	0
4677	0
4678	3
4679	3
4680	0
4681	0
4682	0
4683	1
4684	2
4685	0
4686	1
4687	0
4688	3
4689	0
4690	0
4691	3
4692	0
4693	0
4694	3
4695	0
4696	3
4697	1
4698	0
4699	2
4700	3
4701	0
4702	0
4703	0
4704	3
4705	3
4706	0
4707	0
4708	0
4709	1
4710	0
4711	3
4712	3
4713	0
4714	0
4715	3
4716	3
4717	3
4718	0
4719	3
4720	2
4721	2
4722	2
4723	3
4724	3
4725	0
4726	0
4727	2
4728	0
4729	0
4730	0
4731	1
4732	0
4733	2
4734	0
4735	0
4736	3
4737	3
4738	0
4739	0
4740	3
4741	0
4742	3
4743	3
4744	0
4745	3
4746	3
4747	3
4748	3
4749	3
4750	3
4751	0
4752	0
4753	0
4754	3
4755	3
4756	0
4757	0
4758	1
4759	0
4760	0
4761	2
4762	3
4763	1
4764	3
4765	3
4766	0
4767	3
4768	3
4769	3
4770	3
4771	0
4772	3
4773	0
4774	2
4775	3
4776	0
4777	3
4778	0
4779	0
4780	3
4781	0
4782	0
4783	0
4784	0
4785	0
4786	0
4787	0
4788	3
4789	0
4790	1
4791	3
4792	0
4793	3
4794	0
4795	0
4796	0
4797	0
4798	3
4799	1
4800	0
4801	2
4802	0
4803	3
4804	3
4805	2
4806	0
4807	3
4808	0
4809	0
4810	0
4811	0
4812	3
4813	0
4814	0
4815	0
4816	3
4817	0
4818	3
4819	3
4820	3
4821	3
4822	0
4823	0
4824	3
4825	0
4826	3
4827	1
4828	0
4829	3
4830	3
4831	3
4832	2
4833	3
4834	2
4835	0
4836	0
4837	0
4838	3
4839	0
4840	3
4841	3
4842	2
4843	0
4844	3
4845	0
4846	0
4847	3
4848	2
4849	2
4850	1
4851	0
4852	2
4853	0
4854	2
4855	0
4856	0
4857	0
4858	2
4859	0
4860	0
4861	1
4862	3
4863	0
4864	0
4865	3
4866	3
4867	0
4868	3
4869	3
4870	0
4871	3
4872	1
4873	3
4874	3
4875	2
4876	3
4877	3
4878	3
4879	3
4880	2
4881	3
4882	0
4883	0
4884	3
4885	3
4886	3
4887	3
4888	3
4889	1
4890	1
4891	2
4892	0
4893	2
4894	1
4895	0
4896	3
4897	3
4898	3
4899	3
4900	0
4901	2
4902	0
4903	3
4904	3
4905	2
4906	1
4907	3
4908	2
4909	0
4910	3
4911	0
4912	0
4913	3
4914	0
4915	3
4916	3
4917	0
4918	0
4919	0
4920	2
4921	0
4922	0
4923	0
4924	0
4925	3
4926	0
4927	0
4928	2
4929	0
4930	1
4931	0
4932	3
4933	3
4934	0
4935	3
4936	0
4937	0
4938	0
4939	3
4940	3
4941	0
4942	2
4943	3
4944	0
4945	0
4946	3
4947	0
4948	0
4949	1
4950	1
4951	3
4952	3
4953	3
4954	3
4955	2
4956	3
4957	3
4958	0
4959	0
4960	3
4961	3
4962	0
4963	3
4964	3
4965	2
4966	0
4967	0
4968	0
4969	0
4970	2
4971	3
4972	2
4973	0
4974	1
4975	0
4976	0
4977	2
4978	3
4979	3
4980	2
4981	3
4982	0
4983	1
4984	0
4985	0
4986	3
4987	0
4988	0
4989	3
4990	1
4991	3
4992	3
4993	0
4994	0
4995	3
4996	3
4997	0
4998	0
4999	3
5000	3
5001	0
5002	3
5003	0
5004	3
5005	3
5006	3
5007	2
5008	0
5009	0
5010	3
5011	3
5012	3
5013	3
5014	0
5015	3
5016	0
5017	2
5018	0
5019	3
5020	3
5021	3
5022	3
5023	0
5024	3
5025	3
5026	3
5027	0
5028	0
5029	3
5030	3
5031	3
5032	3
5033	3
5034	3
5035	0
5036	3
5037	3
5038	2
5039	3
5040	3
5041	0
5042	3
5043	0
5044	3
5045	0
5046	0
5047	1
5048	3
5049	1
5050	0
5051	0
5052	2
5053	1
5054	0
5055	0
5056	0
5057	0
5058	0
5059	3
5060	3
5061	3
5062	3
5063	3
5064	0
5065	3
5066	0
5067	3
5068	3
5069	2
5070	2
5071	0
5072	3
5073	2
5074	0
5075	3
5076	3
5077	0
5078	0
5079	0
5080	0
5081	2
5082	3
5083	3
5084	3
5085	2
5086	2
5087	3
5088	3
5089	3
5090	3
5091	0
5092	3
5093	3
5094	3
5095	3
5096	0
5097	0
5098	3
5099	1
5100	0
5101	0
5102	3
5103	0
5104	1
5105	1
5106	3
5107	1
5108	1
5109	0
5110	3
5111	3
5112	3
5113	0
5114	0
5115	3
5116	0
5117	3
5118	3
5119	0
5120	0
5121	1
5122	0
5123	3
5124	2
5125	3
5126	2
5127	2
5128	1
5129	0
5130	3
5131	3
5132	3
5133	0
5134	0
5135	3
5136	0
5137	1
5138	3
5139	0
5140	0
5141	3
5142	3
5143	3
5144	0
5145	3
5146	2
5147	1
5148	0
5149	1
5150	0
5151	3
5152	0
5153	2
5154	0
5155	0
5156	3
5157	3
5158	0
5159	0
5160	3
5161	0
5162	1
5163	1
5164	3
5165	0
5166	0
5167	3
5168	0
5169	3
5170	0
5171	3
5172	0
5173	3
5174	3
5175	3
5176	3
5177	0
5178	3
5179	3
5180	3
5181	0
5182	2
5183	0
5184	3
5185	2
5186	0
5187	0
5188	1
5189	0
5190	3
5191	3
5192	3
5193	0
5194	0
5195	3
5196	3
5197	3
5198	3
5199	0
5200	0
5201	3
5202	0
5203	3
5204	0
5205	3
5206	0
5207	2
5208	0
5209	0
5210	0
5211	2
5212	3
5213	0
5214	1
5215	3
5216	1
5217	3
5218	0
5219	0
5220	0
5221	3
5222	3
5223	0
5224	2
5225	0
5226	3
5227	0
5228	3
5229	0
5230	3
5231	0
5232	3
5233	0
5234	0
5235	3
5236	3
5237	0
5238	3
5239	3
5240	3
5241	3
5242	0
5243	0
5244	0
5245	0
5246	3
5247	1
5248	0
5249	0
5250	0
5251	0
5252	0
5253	2
5254	0
5255	2
5256	3
5257	0
5258	0
5259	2
5260	3
5261	3
5262	3
5263	3
5264	3
5265	0
5266	0
5267	3
5268	2
5269	3
5270	0
5271	3
5272	3
5273	3
5274	0
5275	3
5276	3
5277	2
5278	0
5279	3
5280	0
5281	3
5282	1
5283	0
5284	2
5285	3
5286	0
5287	0
5288	0
5289	0
5290	3
5291	3
5292	1
5293	3
5294	1
5295	3
5296	3
5297	0
5298	0
5299	3
5300	0
5301	3
5302	3
5303	0
5304	2
5305	0
5306	0
5307	0
5308	0
5309	0
5310	3
5311	3
5312	3
5313	3
5314	0
5315	0
5316	3
5317	1
5318	0
5319	3
5320	3
5321	0
5322	3
5323	3
5324	0
5325	1
5326	0
5327	3
5328	3
5329	0
5330	0
5331	3
5332	0
5333	3
5334	2
5335	0
5336	3
5337	3
5338	0
5339	0
5340	3
5341	0
5342	0
5343	1
5344	0
5345	2
5346	0
5347	3
5348	0
5349	0
5350	1
5351	2
5352	2
5353	0
5354	3
5355	0
5356	1
5357	3
5358	0
5359	3
5360	3
5361	3
5362	0
5363	0
5364	2
5365	3
5366	3
5367	2
5368	3
5369	0
5370	0
5371	0
5372	0
5373	1
5374	3
5375	0
5376	3
5377	2
5378	3
5379	3
5380	3
5381	3
5382	0
5383	3
5384	1
5385	0
5386	0
5387	3
5388	3
5389	3
5390	0
5391	3
5392	0
5393	0
5394	0
5395	3
5396	3
5397	3
5398	3
5399	0
5400	1
5401	2
5402	3
5403	0
5404	0
5405	1
5406	3
5407	1
5408	0
5409	0
5410	0
5411	0
5412	3
5413	3
5414	0
5415	0
5416	3
5417	3
5418	3
5419	3
5420	3
5421	0
5422	0
5423	3
5424	3
5425	1
5426	0
5427	3
5428	1
5429	3
5430	3
5431	1
5432	1
5433	0
5434	0
5435	3
5436	3
5437	1
5438	0
5439	3
5440	0
5441	3
5442	0
5443	0
5444	0
5445	0
5446	1
5447	3
5448	3
5449	0
5450	0
5451	2
5452	0
5453	0
5454	3
5455	3
5456	0
5457	0
5458	0
5459	0
5460	0
5461	0
5462	0
5463	0
5464	0
5465	0
5466	0
5467	0
5468	3
5469	1
5470	2
5471	3
5472	0
5473	3
5474	0
5475	1
5476	3
5477	3
5478	3
5479	0
5480	2
5481	0
5482	3
5483	0
5484	0
5485	1
5486	0
5487	3
5488	3
5489	2
5490	3
5491	3
5492	3
5493	0
5494	3
5495	1
5496	3
5497	1
5498	0
5499	3
5500	0
5501	0
5502	3
5503	1
5504	0
5505	2
5506	3
5507	1
5508	3
5509	3
5510	0
5511	3
5512	3
5513	3
5514	0
5515	0
5516	2
5517	0
5518	0
5519	0
5520	1
5521	0
5522	0
5523	2
5524	0
5525	3
5526	3
5527	3
5528	0
5529	3
5530	0
5531	0
5532	2
5533	0
5534	3
5535	3
5536	2
5537	0
5538	0
5539	2
5540	2
5541	0
5542	0
5543	0
5544	2
5545	2
5546	3
5547	2
5548	3
5549	0
5550	1
5551	0
5552	2
5553	3
5554	0
5555	3
5556	3
5557	2
5558	2
5559	3
5560	0
5561	0
5562	3
5563	3
5564	0
5565	0
5566	2
5567	3
5568	3
5569	0
5570	0
5571	3
5572	2
5573	3
5574	0
5575	1
5576	2
5577	3
5578	0
5579	1
5580	3
5581	0
5582	3
5583	1
5584	3
5585	0
5586	0
5587	3
5588	0
5589	2
5590	3
5591	2
5592	2
5593	3
5594	0
5595	0
5596	3
5597	3
5598	2
5599	0
5600	0
5601	2
5602	0
5603	3
5604	3
5605	0
5606	3
5607	0
5608	3
5609	3
5610	0
5611	3
5612	2
5613	3
5614	1
5615	0
5616	1
5617	3
5618	0
5619	2
5620	1
5621	0
5622	3
5623	0
5624	0
5625	3
5626	3
5627	0
5628	0
5629	2
5630	3
5631	3
5632	0
5633	1
5634	0
5635	3
5636	3
5637	3
5638	0
5639	0
5640	0
5641	0
5642	0
5643	3
5644	3
5645	3
5646	2
5647	3
5648	0
5649	1
5650	3
5651	3
5652	0
5653	3
5654	0
5655	0
5656	3
5657	3
5658	0
5659	3
5660	3
5661	3
5662	0
5663	1
5664	0
5665	0
5666	0
5667	0
5668	3
5669	1
5670	3
5671	3
5672	3
5673	1
5674	2
5675	3
5676	2
5677	3
5678	0
5679	0
5680	0
5681	0
5682	0
5683	2
5684	2
5685	3
5686	0
5687	0
5688	3
5689	0
5690	1
5691	0
5692	0
5693	0
5694	1
5695	3
5696	0
5697	0
5698	3
5699	3
5700	1
5701	3
5702	1
5703	3
5704	0
5705	0
5706	0
5707	3
5708	2
5709	3
5710	3
5711	3
5712	3
5713	0
5714	0
5715	0
5716	0
5717	0
5718	1
5719	0
5720	3
5721	1
5722	2
5723	3
5724	3
5725	2
5726	0
5727	3
5728	0
5729	0
5730	0
5731	0
5732	0
5733	3
5734	0
5735	3
5736	3
5737	1
5738	0
5739	0
5740	3
5741	3
5742	0
5743	0
5744	3
5745	0
5746	0
5747	0
5748	3
5749	1
5750	0
5751	0
5752	0
5753	0
5754	0
5755	3
5756	0
5757	0
5758	3
5759	0
5760	3
5761	3
5762	0
5763	3
5764	3
5765	3
5766	3
5767	3
5768	0
5769	3
5770	0
5771	0
5772	3
5773	3
5774	2
5775	3
5776	0
5777	0
5778	0
5779	3
5780	0
5781	1
5782	3
5783	0
5784	0
5785	3
5786	0
5787	3
5788	3
5789	0
5790	0
5791	3
5792	3
5793	0
5794	3
5795	0
5796	0
5797	0
5798	0
5799	0
5800	3
5801	0
5802	3
5803	0
5804	0
5805	3
5806	0
5807	0
5808	3
5809	0
5810	1
5811	0
5812	3
5813	3
5814	0
5815	3
5816	2
5817	0
5818	0
5819	3
5820	0
5821	0
5822	3
5823	3
5824	0
5825	3
5826	0
5827	3
5828	1
5829	3
5830	3
5831	0
5832	0
5833	2
5834	0
5835	3
5836	0
5837	0
5838	3
5839	0
5840	0
5841	0
5842	3
5843	3
5844	0
5845	3
5846	1
5847	0
5848	0
5849	3
5850	0
5851	2
5852	3
5853	3
5854	0
5855	0
5856	3
5857	0
5858	0
5859	0
5860	0
5861	1
5862	1
5863	3
5864	3
5865	2
5866	3
5867	0
5868	0
5869	3
5870	0
5871	0
5872	3
5873	0
5874	0
5875	3
5876	3
5877	0
5878	3
5879	2
5880	3
5881	2
5882	0
5883	3
5884	0
5885	0
5886	0
5887	0
5888	0
5889	0
5890	0
5891	2
5892	2
5893	3
5894	3
5895	3
5896	3
5897	3
5898	0
5899	0
5900	0
5901	0
5902	0
5903	1
5904	0
5905	0
5906	3
5907	1
5908	0
5909	3
5910	0
5911	0
5912	0
5913	3
5914	0
5915	3
5916	3
5917	2
5918	3
5919	0
5920	0
5921	0
5922	2
5923	3
5924	0
5925	1
5926	0
5927	0
5928	3
5929	3
5930	0
5931	3
5932	3
5933	0
5934	0
5935	0
5936	1
5937	0
5938	0
5939	3
5940	3
5941	0
5942	2
5943	3
5944	0
5945	1
5946	0
5947	3
5948	3
5949	3
5950	0
5951	1
5952	3
5953	3
5954	0
5955	0
5956	3
5957	3
5958	0
5959	3
5960	0
5961	1
5962	0
5963	1
5964	3
5965	0
5966	0
5967	1
5968	2
5969	0
5970	0
5971	0
5972	0
5973	0
5974	0
5975	0
5976	3
5977	3
5978	3
5979	3
5980	0
5981	3
5982	3
5983	0
5984	0
5985	3
5986	0
5987	3
5988	3
5989	1
5990	3
5991	0
5992	0
5993	0
5994	0
5995	0
5996	0
5997	0
5998	0
5999	0
6000	3
6001	0
6002	3
6003	3
6004	1
6005	0
6006	1
6007	0
6008	0
6009	3
6010	1
6011	0
6012	0
6013	0
6014	3
6015	3
6016	0
6017	0
6018	0
6019	3
6020	0
6021	3
6022	3
6023	3
6024	3
6025	3
6026	3
6027	0
6028	3
6029	0
6030	2
6031	3
6032	0
6033	0
6034	2
6035	0
6036	0
6037	0
6038	0
6039	0
6040	0
6041	3
6042	0
6043	0
6044	3
6045	0
6046	0
6047	3
6048	0
6049	0
6050	0
6051	0
6052	0
6053	0
6054	1
6055	3
6056	3
6057	3
6058	3
6059	1
6060	0
6061	0
6062	3
6063	2
6064	3
6065	0
6066	3
6067	0
6068	3
6069	2
6070	3
6071	0
6072	1
6073	3
6074	0
6075	3
6076	0
6077	3
6078	0
6079	3
6080	0
6081	2
6082	0
6083	3
6084	3
6085	1
6086	0
6087	3
6088	3
6089	1
6090	0
6091	3
6092	3
6093	0
6094	0
6095	3
6096	0
6097	0
6098	0
6099	3
6100	0
6101	0
6102	3
6103	0
6104	1
6105	3
6106	3
6107	0
6108	3
6109	3
6110	0
6111	0
6112	0
6113	1
6114	0
6115	1
6116	0
6117	3
6118	0
6119	3
6120	3
6121	0
6122	3
6123	0
6124	0
6125	0
6126	2
6127	0
6128	0
6129	3
6130	0
6131	3
6132	2
6133	0
6134	0
6135	0
6136	3
6137	0
6138	3
6139	0
6140	0
6141	1
6142	0
6143	3
6144	0
6145	3
6146	0
6147	0
6148	0
6149	3
6150	3
6151	0
6152	3
6153	3
6154	0
6155	2
6156	3
6157	3
6158	3
6159	0
6160	0
6161	0
6162	0
6163	3
6164	3
6165	3
6166	0
6167	2
6168	3
6169	3
6170	3
6171	3
6172	1
6173	1
6174	0
6175	3
6176	3
6177	0
6178	1
6179	3
6180	3
6181	0
6182	0
6183	3
6184	3
6185	0
6186	0
6187	0
6188	0
6189	1
6190	0
6191	1
6192	2
6193	0
6194	1
6195	3
6196	3
6197	3
6198	3
6199	3
6200	0
6201	0
6202	0
6203	3
6204	3
6205	0
6206	0
6207	0
6208	0
6209	0
6210	0
6211	3
6212	0
6213	0
6214	0
6215	2
6216	1
6217	3
6218	1
6219	0
6220	3
6221	3
6222	0
6223	2
6224	0
6225	0
6226	0
6227	3
6228	0
6229	3
6230	3
6231	3
6232	2
6233	0
6234	3
6235	0
6236	3
6237	2
6238	0
6239	3
6240	3
6241	3
6242	2
6243	3
6244	3
6245	0
6246	0
6247	0
6248	3
6249	0
6250	1
6251	0
6252	0
6253	3
6254	3
6255	3
6256	1
6257	0
6258	3
6259	0
6260	0
6261	0
6262	0
6263	0
6264	0
6265	3
6266	3
6267	3
6268	3
6269	2
6270	0
6271	3
6272	0
6273	3
6274	0
6275	0
6276	3
6277	3
6278	3
6279	3
6280	0
6281	0
6282	0
6283	3
6284	3
6285	3
6286	3
6287	0
6288	0
6289	0
6290	0
6291	0
6292	0
6293	0
6294	1
6295	2
6296	0
6297	0
6298	3
6299	0
6300	3
6301	0
6302	0
6303	2
6304	1
6305	3
6306	3
6307	3
6308	3
6309	0
6310	0
6311	0
6312	3
6313	0
6314	0
6315	3
6316	3
6317	3
6318	0
6319	0
6320	1
6321	3
6322	3
6323	0
6324	3
6325	0
6326	0
6327	1
6328	3
6329	0
6330	0
6331	0
6332	0
6333	0
6334	0
6335	3
6336	2
6337	3
6338	0
6339	2
6340	3
6341	2
6342	0
6343	1
6344	2
6345	3
6346	3
6347	0
6348	3
6349	3
6350	3
6351	3
6352	3
6353	0
6354	0
6355	2
6356	0
6357	3
6358	0
6359	3
6360	0
6361	3
6362	0
6363	0
6364	3
6365	0
6366	2
6367	3
6368	3
6369	2
6370	0
6371	3
6372	3
6373	0
6374	0
6375	0
6376	2
6377	0
6378	0
6379	1
6380	0
6381	1
6382	3
6383	3
6384	0
6385	0
6386	3
6387	0
6388	0
6389	3
6390	0
6391	3
6392	0
6393	0
6394	0
6395	2
6396	0
6397	2
6398	0
6399	3
6400	1
6401	3
6402	0
6403	3
6404	0
6405	0
6406	3
6407	3
6408	1
6409	3
6410	0
6411	0
6412	3
6413	3
6414	0
6415	0
6416	0
6417	0
6418	0
6419	3
6420	0
6421	0
6422	1
6423	0
6424	0
6425	0
6426	3
6427	0
6428	0
6429	3
6430	0
6431	0
6432	3
6433	0
6434	0
6435	0
6436	0
6437	3
6438	0
6439	3
6440	3
6441	0
6442	3
6443	0
6444	3
6445	0
6446	0
6447	0
6448	2
6449	3
6450	0
6451	0
6452	3
6453	3
6454	3
6455	0
6456	0
6457	1
6458	0
6459	0
6460	1
6461	2
6462	0
6463	3
6464	0
6465	3
6466	0
6467	0
6468	0
6469	0
6470	3
6471	2
6472	0
6473	0
6474	1
6475	0
6476	3
6477	0
6478	3
6479	0
6480	3
6481	0
6482	0
6483	3
6484	0
6485	0
6486	3
6487	2
6488	0
6489	3
6490	3
6491	3
6492	0
6493	0
6494	0
6495	3
6496	3
6497	3
6498	3
6499	3
6500	3
6501	3
6502	0
6503	3
6504	1
6505	0
6506	0
6507	0
6508	3
6509	3
6510	2
6511	3
6512	1
6513	3
6514	3
6515	0
6516	3
6517	0
6518	3
6519	3
6520	0
6521	1
6522	0
6523	2
6524	0
6525	1
6526	0
6527	2
6528	0
6529	3
6530	0
6531	2
6532	3
6533	2
6534	0
6535	3
6536	0
6537	0
6538	0
6539	0
6540	3
6541	0
6542	3
6543	1
6544	3
6545	3
6546	0
6547	0
6548	3
6549	3
6550	2
6551	3
6552	3
6553	3
6554	0
6555	0
6556	1
6557	3
6558	0
6559	1
6560	3
6561	0
6562	3
6563	3
6564	0
6565	0
6566	0
6567	2
6568	3
6569	0
6570	0
6571	2
6572	0
6573	3
6574	0
6575	0
6576	0
6577	0
6578	0
6579	2
6580	0
6581	0
6582	2
6583	3
6584	3
6585	0
6586	1
6587	0
6588	3
6589	3
6590	3
6591	3
6592	0
6593	3
6594	0
6595	0
6596	3
6597	2
6598	3
6599	0
6600	0
6601	3
6602	0
6603	0
6604	0
6605	3
6606	0
6607	0
6608	3
6609	0
6610	0
6611	0
6612	2
6613	0
6614	3
6615	2
6616	3
6617	3
6618	3
6619	0
6620	0
6621	3
6622	3
6623	2
6624	1
6625	1
6626	3
6627	2
6628	3
6629	0
6630	0
6631	3
6632	0
6633	0
6634	0
6635	2
6636	3
6637	0
6638	0
6639	0
6640	0
6641	0
6642	3
6643	2
6644	3
6645	3
6646	0
6647	0
6648	3
6649	0
6650	0
6651	0
6652	0
6653	3
6654	3
6655	3
6656	0
6657	0
6658	1
6659	0
6660	3
6661	0
6662	3
6663	2
6664	0
6665	2
6666	1
6667	0
6668	0
6669	3
6670	2
6671	0
6672	0
6673	3
6674	3
6675	0
6676	0
6677	3
6678	3
6679	3
6680	0
6681	3
6682	0
6683	0
6684	0
6685	3
6686	0
6687	0
6688	3
6689	3
6690	0
6691	2
6692	0
6693	0
6694	0
6695	0
6696	1
6697	0
6698	1
6699	0
6700	2
6701	3
6702	0
6703	0
6704	0
6705	3
6706	3
6707	0
6708	0
6709	3
6710	1
6711	3
6712	0
6713	0
6714	0
6715	3
6716	2
6717	3
6718	3
6719	1
6720	3
6721	0
6722	0
6723	3
6724	3
6725	2
6726	3
6727	1
6728	3
6729	0
6730	0
6731	3
6732	3
6733	3
6734	0
6735	0
6736	1
6737	0
6738	0
6739	3
6740	0
6741	1
6742	1
6743	1
6744	0
6745	3
6746	0
6747	1
6748	3
6749	3
6750	1
6751	0
6752	3
6753	3
6754	0
6755	3
6756	0
6757	0
6758	0
6759	3
6760	3
6761	0
6762	0
6763	0
6764	3
6765	3
6766	0
6767	3
6768	1
6769	3
6770	3
6771	0
6772	3
6773	0
6774	2
6775	3
6776	3
6777	1
6778	3
6779	3
6780	0
6781	3
6782	1
6783	0
6784	0
6785	3
6786	3
6787	3
6788	3
6789	0
6790	0
6791	3
6792	0
6793	3
6794	2
6795	1
6796	3
6797	3
6798	3
6799	0
6800	0
6801	0
6802	0
6803	0
6804	0
6805	3
6806	0
6807	3
6808	1
6809	3
6810	3
6811	0
6812	0
6813	0
6814	0
6815	3
6816	3
6817	1
6818	0
6819	0
6820	3
6821	0
6822	0
6823	3
6824	1
6825	0
6826	2
6827	3
6828	3
6829	0
6830	0
6831	0
6832	3
6833	2
6834	3
6835	0
6836	0
6837	0
6838	0
6839	2
6840	3
6841	0
6842	1
6843	2
6844	0
6845	3
6846	3
6847	3
6848	0
6849	2
6850	3
6851	3
6852	3
6853	3
6854	0
6855	3
6856	1
6857	3
6858	0
6859	3
6860	3
6861	3
6862	2
6863	3
6864	0
6865	0
6866	0
6867	0
6868	0
6869	3
6870	3
6871	3
6872	3
6873	3
6874	3
6875	1
6876	3
6877	3
6878	0
6879	2
6880	3
6881	3
6882	0
6883	3
6884	3
6885	2
6886	1
6887	3
6888	3
6889	3
6890	3
6891	0
6892	2
6893	3
6894	3
6895	0
6896	0
6897	0
6898	3
6899	0
6900	3
6901	0
6902	3
6903	3
6904	1
6905	0
6906	0
6907	3
6908	3
6909	3
6910	3
6911	3
6912	3
6913	0
6914	0
6915	2
6916	0
6917	3
6918	0
6919	0
6920	0
6921	3
6922	0
6923	3
6924	3
6925	3
6926	2
6927	0
6928	2
6929	3
6930	0
6931	0
6932	3
6933	0
6934	0
6935	3
6936	3
6937	3
6938	0
6939	0
6940	0
6941	0
6942	3
6943	0
6944	3
6945	0
6946	0
6947	2
6948	3
6949	3
6950	0
6951	0
6952	3
6953	2
6954	3
6955	3
6956	0
6957	0
6958	0
6959	0
6960	3
6961	3
6962	0
6963	0
6964	0
6965	3
6966	1
6967	0
6968	3
6969	0
6970	0
6971	3
6972	3
6973	1
6974	3
6975	0
6976	0
6977	0
6978	0
6979	0
6980	3
6981	3
6982	2
6983	0
6984	0
6985	0
6986	1
6987	3
6988	3
6989	3
6990	3
6991	3
6992	3
6993	0
6994	0
6995	0
6996	0
6997	0
6998	0
6999	3
7000	0
7001	1
7002	3
7003	2
7004	2
7005	0
7006	0
7007	0
7008	2
7009	2
7010	0
7011	2
7012	3
7013	3
7014	0
7015	0
7016	3
7017	3
7018	3
7019	3
7020	3
7021	0
7022	0
7023	3
7024	0
7025	3
7026	0
7027	0
7028	3
7029	0
7030	3
7031	0
7032	2
7033	0
7034	3
7035	3
7036	3
7037	0
7038	3
7039	3
7040	0
7041	3
7042	0
7043	2
7044	3
7045	3
7046	3
7047	3
7048	1
7049	3
7050	3
7051	2
7052	3
7053	2
7054	3
7055	1
7056	2
7057	0
7058	3
7059	2
7060	1
7061	0
7062	3
7063	3
7064	3
7065	0
7066	3
7067	1
7068	0
7069	0
7070	0
7071	0
7072	0
7073	3
7074	0
7075	0
7076	3
7077	0
7078	3
7079	0
7080	3
7081	0
7082	0
7083	3
7084	3
7085	0
7086	0
7087	0
7088	2
7089	0
7090	3
7091	0
7092	0
7093	0
7094	0
7095	0
7096	3
7097	1
7098	2
7099	0
7100	3
7101	0
7102	3
7103	0
7104	3
7105	0
7106	0
7107	3
7108	1
7109	3
7110	3
7111	2
7112	0
7113	0
7114	3
7115	3
7116	3
7117	3
7118	2
7119	2
7120	0
7121	0
7122	1
7123	0
7124	0
7125	0
7126	0
7127	3
7128	3
7129	3
7130	0
7131	3
7132	0
7133	3
7134	2
7135	3
7136	2
7137	0
7138	3
7139	1
7140	2
7141	3
7142	0
7143	3
7144	0
7145	3
7146	0
7147	0
7148	0
7149	0
7150	0
7151	3
7152	0
7153	3
7154	3
7155	0
7156	3
7157	1
7158	0
7159	1
7160	2
7161	0
7162	3
7163	3
7164	3
7165	0
7166	0
7167	0
7168	3
7169	0
7170	0
7171	0
7172	3
7173	0
7174	3
7175	3
7176	2
7177	3
7178	3
7179	3
7180	2
7181	3
7182	3
7183	0
7184	0
7185	1
7186	2
7187	0
7188	3
7189	3
7190	0
7191	2
7192	3
7193	3
7194	3
7195	3
7196	1
7197	1
7198	0
7199	3
7200	1
7201	3
7202	0
7203	0
7204	0
7205	0
7206	1
7207	0
7208	3
7209	3
7210	3
7211	3
7212	0
7213	0
7214	3
7215	1
7216	0
7217	0
7218	0
7219	2
7220	0
7221	3
7222	3
7223	3
7224	0
7225	2
7226	3
7227	1
7228	3
7229	0
7230	0
7231	0
7232	0
7233	0
7234	2
7235	3
7236	3
7237	0
7238	3
7239	3
7240	0
7241	3
7242	0
7243	3
7244	0
7245	0
7246	3
7247	3
7248	0
7249	0
7250	1
7251	3
7252	0
7253	0
7254	0
7255	0
7256	2
7257	3
7258	0
7259	3
7260	0
7261	1
7262	0
7263	0
7264	3
7265	3
7266	2
7267	0
7268	3
7269	2
7270	1
7271	0
7272	3
7273	0
7274	0
7275	3
7276	0
7277	3
7278	3
7279	0
7280	0
7281	3
7282	0
7283	1
7284	3
7285	0
7286	2
7287	3
7288	0
7289	1
7290	0
7291	3
7292	0
7293	2
7294	3
7295	0
7296	3
7297	2
7298	0
7299	3
7300	0
7301	0
7302	0
7303	2
7304	0
7305	1
7306	2
7307	1
7308	1
7309	3
7310	3
7311	3
7312	0
7313	3
7314	1
7315	3
7316	3
7317	0
7318	3
7319	2
7320	0
7321	3
7322	2
7323	3
7324	0
7325	0
7326	0
7327	0
7328	3
7329	3
7330	0
7331	3
7332	0
7333	0
7334	1
7335	1
7336	3
7337	2
7338	3
7339	0
7340	0
7341	0
7342	3
7343	0
7344	2
7345	0
7346	0
7347	0
7348	0
7349	3
7350	3
7351	3
7352	1
7353	0
7354	0
7355	3
7356	0
7357	0
7358	0
7359	3
7360	0
7361	3
7362	0
7363	0
7364	2
7365	0
7366	1
7367	0
7368	1
7369	0
7370	0
7371	0
7372	0
7373	3
7374	0
7375	3
7376	0
7377	0
7378	3
7379	1
7380	0
7381	0
7382	0
7383	1
7384	0
7385	3
7386	3
7387	2
7388	0
7389	3
7390	2
7391	3
7392	2
7393	1
7394	1
7395	3
7396	3
7397	0
7398	1
7399	0
7400	2
7401	0
7402	3
7403	0
7404	0
7405	0
7406	3
7407	3
7408	0
7409	0
7410	3
7411	3
7412	0
7413	0
7414	0
7415	0
7416	3
7417	0
7418	3
7419	0
7420	0
7421	0
7422	3
7423	3
7424	3
7425	3
7426	2
7427	2
7428	3
7429	0
7430	3
7431	3
7432	0
7433	0
7434	0
7435	0
7436	2
7437	0
7438	3
7439	0
7440	0
7441	0
7442	0
7443	0
7444	0
7445	0
7446	0
7447	3
7448	0
7449	0
7450	0
7451	0
7452	0
7453	3
7454	0
7455	0
7456	0
7457	3
7458	3
7459	0
7460	0
7461	0
7462	0
7463	3
7464	3
7465	1
7466	0
7467	0
7468	3
7469	3
7470	1
7471	3
7472	3
7473	3
7474	3
7475	3
7476	0
7477	0
7478	3
7479	2
7480	3
7481	1
7482	3
7483	0
7484	0
7485	0
7486	0
7487	2
7488	0
7489	2
7490	0
7491	3
7492	3
7493	1
7494	0
7495	0
7496	2
7497	0
7498	2
7499	3
7500	1
7501	2
7502	0
7503	0
7504	3
7505	3
7506	3
7507	0
7508	3
7509	3
7510	0
7511	1
7512	0
7513	3
7514	0
7515	0
7516	0
7517	2
7518	0
7519	1
7520	0
7521	3
7522	1
7523	0
7524	0
7525	2
7526	3
7527	0
7528	3
7529	0
7530	0
7531	0
7532	3
7533	2
7534	3
7535	0
7536	3
7537	2
7538	3
7539	2
7540	0
7541	2
7542	0
7543	3
7544	3
7545	0
7546	0
7547	3
7548	3
7549	0
7550	3
7551	1
7552	1
7553	3
7554	0
7555	0
7556	3
7557	0
7558	0
7559	2
7560	0
7561	2
7562	0
7563	3
7564	0
7565	0
7566	3
7567	0
7568	0
7569	3
7570	0
7571	0
7572	0
7573	2
7574	0
7575	0
7576	3
7577	3
7578	2
7579	0
7580	0
7581	3
7582	0
7583	3
7584	0
7585	0
7586	3
7587	0
7588	0
7589	3
7590	0
7591	3
7592	2
7593	3
7594	0
7595	1
7596	3
7597	3
7598	3
7599	0
7600	1
7601	3
7602	3
7603	3
7604	3
7605	0
7606	3
7607	3
7608	3
7609	0
7610	3
7611	0
7612	0
7613	0
7614	1
7615	3
7616	0
7617	3
7618	0
7619	3
7620	2
7621	0
7622	3
7623	0
7624	0
7625	0
7626	0
7627	0
7628	0
7629	3
7630	3
7631	0
7632	3
7633	3
7634	0
7635	0
7636	0
7637	3
7638	1
7639	1
7640	3
7641	3
7642	3
7643	0
7644	0
7645	1
7646	0
7647	1
7648	3
7649	3
7650	2
7651	0
7652	0
7653	1
7654	0
7655	3
7656	3
7657	0
7658	3
7659	2
7660	1
7661	1
7662	3
7663	0
7664	3
7665	3
7666	3
7667	3
7668	0
7669	0
7670	2
7671	3
7672	2
7673	0
7674	3
7675	0
7676	0
7677	0
7678	3
7679	0
7680	1
7681	2
7682	0
7683	2
7684	3
7685	2
7686	3
7687	3
7688	0
7689	3
7690	3
7691	2
7692	3
7693	3
7694	2
7695	0
7696	0
7697	2
7698	3
7699	0
7700	3
7701	3
7702	0
7703	0
7704	3
7705	3
7706	1
7707	0
7708	3
7709	0
7710	0
7711	0
7712	0
7713	0
7714	3
7715	3
7716	0
7717	3
7718	0
7719	2
7720	0
7721	0
7722	0
7723	2
7724	3
7725	1
7726	2
7727	0
7728	2
7729	3
7730	2
7731	2
7732	3
7733	3
7734	2
7735	0
7736	0
7737	0
7738	0
7739	2
7740	3
7741	3
7742	1
7743	2
7744	3
7745	1
7746	3
7747	1
7748	3
7749	3
7750	3
7751	3
7752	3
7753	0
7754	3
7755	3
7756	3
7757	1
7758	3
7759	0
7760	0
7761	0
7762	0
7763	0
7764	1
7765	2
7766	0
7767	0
7768	3
7769	3
7770	0
7771	3
7772	1
7773	3
7774	0
7775	1
7776	0
7777	3
7778	0
7779	1
7780	3
7781	0
7782	0
7783	3
7784	3
7785	3
7786	0
7787	3
7788	3
7789	0
7790	3
7791	3
7792	3
7793	3
7794	0
7795	0
7796	0
7797	0
7798	3
7799	0
7800	0
7801	3
7802	0
7803	1
7804	0
7805	0
7806	0
7807	0
7808	0
7809	0
7810	3
7811	3
7812	3
7813	3
7814	3
7815	3
7816	3
7817	2
7818	3
7819	0
7820	3
7821	0
7822	3
7823	0
7824	0
7825	0
7826	0
7827	0
7828	2
7829	3
7830	3
7831	2
7832	3
7833	3
7834	3
7835	0
7836	1
7837	0
7838	0
7839	0
7840	0
7841	3
7842	2
7843	0
7844	1
7845	0
7846	0
7847	3
7848	0
7849	2
7850	3
7851	3
7852	0
7853	1
7854	3
7855	3
7856	3
7857	3
7858	0
7859	3
7860	0
7861	3
7862	3
7863	3
7864	3
7865	0
7866	1
7867	0
7868	3
7869	0
7870	0
7871	2
7872	0
7873	3
7874	3
7875	3
7876	3
7877	3
7878	3
7879	3
7880	0
7881	2
7882	0
7883	3
7884	1
7885	0
7886	2
7887	0
7888	2
7889	0
7890	3
7891	0
7892	3
7893	3
7894	1
7895	3
7896	3
7897	0
7898	0
7899	0
7900	0
7901	0
7902	0
7903	0
7904	0
7905	3
7906	3
7907	0
7908	0
7909	0
7910	0
7911	0
7912	3
7913	0
7914	0
7915	3
7916	0
7917	0
7918	3
7919	1
7920	0
7921	0
7922	0
7923	3
7924	0
7925	0
7926	3
7927	0
7928	1
7929	2
7930	3
7931	0
7932	0
7933	3
7934	3
7935	0
7936	0
7937	3
7938	0
7939	3
7940	0
7941	1
7942	0
7943	3
7944	0
7945	3
7946	3
7947	1
7948	0
7949	3
7950	1
7951	0
7952	3
7953	0
7954	0
7955	0
7956	0
7957	3
7958	0
7959	0
7960	0
7961	3
7962	3
7963	0
7964	0
7965	3
7966	0
7967	3
7968	3
7969	0
7970	0
7971	3
7972	0
7973	0
7974	3
7975	0
7976	3
7977	1
7978	0
7979	3
7980	0
7981	0
7982	0
7983	3
7984	3
7985	3
7986	0
7987	2
7988	2
7989	1
7990	3
7991	3
7992	0
7993	1
7994	1
7995	0
7996	3
7997	3
7998	0
7999	0
8000	0
8001	0
8002	1
8003	2
8004	3
8005	0
8006	3
8007	3
8008	0
8009	0
8010	1
8011	3
8012	3
8013	2
8014	1
8015	0
8016	3
8017	0
8018	0
8019	3
8020	2
8021	0
8022	3
8023	3
8024	3
8025	2
8026	0
8027	3
8028	0
8029	3
8030	3
8031	0
8032	2
8033	1
8034	0
8035	0
8036	0
8037	0
8038	0
8039	3
8040	0
8041	1
8042	0
8043	3
8044	3
8045	0
8046	3
8047	3
8048	3
8049	3
8050	0
8051	3
8052	3
8053	3
8054	3
8055	3
8056	0
8057	0
8058	0
8059	1
8060	0
8061	0
8062	0
8063	3
8064	3
8065	0
8066	1
8067	3
8068	3
8069	0
8070	0
8071	0
8072	0
8073	0
8074	0
8075	3
8076	3
8077	0
8078	0
8079	3
8080	0
8081	0
8082	0
8083	0
8084	3
8085	3
8086	0
8087	0
8088	3
8089	2
8090	0
8091	0
8092	0
8093	3
8094	0
8095	0
8096	1
8097	3
8098	0
8099	1
8100	3
8101	0
8102	0
8103	3
8104	3
8105	3
8106	0
8107	3
8108	3
8109	0
8110	2
8111	3
8112	0
8113	2
8114	0
8115	3
8116	2
8117	0
8118	3
8119	1
8120	3
8121	0
8122	0
8123	3
8124	3
8125	0
8126	0
8127	0
8128	3
8129	0
8130	0
8131	3
8132	3
8133	3
8134	3
8135	3
8136	0
8137	0
8138	0
8139	1
8140	2
8141	3
8142	3
8143	3
8144	1
8145	0
8146	3
8147	0
8148	3
8149	0
8150	0
8151	0
8152	0
8153	1
8154	0
8155	0
8156	0
8157	0
8158	0
8159	3
8160	0
8161	3
8162	1
8163	0
8164	2
8165	0
8166	3
8167	3
8168	3
8169	0
8170	3
8171	2
8172	1
8173	0
8174	3
8175	0
8176	3
8177	0
8178	3
8179	3
8180	3
8181	3
8182	0
8183	3
8184	0
8185	0
8186	2
8187	3
8188	1
8189	3
8190	3
8191	3
