COMMAND
./sim gshare 12 11 ./proj2-traces/jpeg_trace.txt
OUTPUT
number of predictions:2000000
number of mispredictions:147675
misprediction rate:   7.38%
FINAL GSHARE CONTENTS
0	3
1	3
2	3
3	3
4	3
5	3
6	3
7	3
8	3
9	3
10	3
11	3
12	3
13	0
14	3
15	0
16	3
17	3
18	3
19	3
20	3
21	0
22	3
23	3
24	3
25	3
26	3
27	3
28	3
29	3
30	3
31	3
32	3
33	1
34	2
35	0
36	3
37	3
38	3
39	3
40	3
41	3
42	3
43	3
44	3
45	3
46	2
47	2
48	0
49	1
50	3
51	0
52	0
53	0
54	3
55	3
56	0
57	1
58	3
59	2
60	3
61	2
62	3
63	1
64	3
65	0
66	0
67	1
68	2
69	0
70	2
71	3
72	3
73	3
74	3
75	3
76	3
77	3
78	3
79	2
80	3
81	3
82	2
83	3
84	3
85	3
86	3
87	3
88	3
89	3
90	3
91	3
92	3
93	2
94	3
95	3
96	2
97	3
98	0
99	2
100	3
101	3
102	3
103	3
104	0
105	3
106	0
107	2
108	3
109	3
110	0
111	3
112	1
113	3
114	3
115	2
116	3
117	3
118	1
119	3
120	3
121	3
122	3
123	3
124	3
125	3
126	3
127	3
128	3
129	3
130	0
131	3
132	3
133	3
134	3
135	3
136	3
137	1
138	0
139	3
140	3
141	0
142	3
143	3
144	3
145	0
146	3
147	3
148	2
149	0
150	3
151	1
152	0
153	3
154	3
155	3
156	1
157	1
158	2
159	2
160	3
161	0
162	1
163	3
164	3
165	3
166	3
167	3
168	2
169	3
170	0
171	3
172	3
173	3
174	3
175	3
176	3
177	1
178	3
179	3
180	3
181	3
182	3
183	2
184	1
185	1
186	0
187	0
188	2
189	1
190	1
191	1
192	3
193	3
194	2
195	3
196	3
197	3
198	2
199	3
200	3
201	3
202	3
203	3
204	3
205	1
206	3
207	3
208	0
209	3
210	2
211	3
212	3
213	3
214	3
215	2
216	3
217	3
218	0
219	3
220	3
221	3
222	0
223	3
224	3
225	0
226	3
227	3
228	0
229	3
230	3
231	3
232	3
233	3
234	3
235	3
236	1
237	0
238	2
239	3
240	0
241	0
242	0
243	3
244	0
245	3
246	3
247	3
248	3
249	2
250	3
251	3
252	3
253	3
254	0
255	0
256	2
257	1
258	3
259	1
260	2
261	3
262	3
263	3
264	2
265	1
266	0
267	0
268	1
269	2
270	0
271	3
272	3
273	1
274	3
275	3
276	3
277	2
278	3
279	3
280	3
281	3
282	1
283	3
284	3
285	3
286	3
287	3
288	3
289	1
290	0
291	3
292	3
293	2
294	3
295	3
296	3
297	3
298	3
299	3
300	3
301	0
302	2
303	3
304	3
305	0
306	1
307	3
308	0
309	3
310	3
311	3
312	3
313	3
314	3
315	3
316	3
317	0
318	0
319	3
320	3
321	3
322	3
323	3
324	2
325	3
326	0
327	3
328	0
329	3
330	0
331	3
332	3
333	3
334	3
335	0
336	3
337	0
338	0
339	1
340	3
341	2
342	3
343	3
344	3
345	1
346	0
347	2
348	3
349	0
350	3
351	3
352	3
353	0
354	3
355	2
356	1
357	3
358	3
359	1
360	0
361	0
362	2
363	3
364	3
365	1
366	0
367	0
368	3
369	3
370	2
371	0
372	3
373	3
374	3
375	3
376	0
377	1
378	0
379	2
380	3
381	0
382	1
383	0
384	2
385	3
386	3
387	3
388	3
389	3
390	0
391	0
392	0
393	3
394	3
395	3
396	1
397	3
398	0
399	3
400	2
401	0
402	1
403	3
404	3
405	2
406	3
407	3
408	0
409	3
410	3
411	0
412	3
413	3
414	3
415	0
416	0
417	1
418	3
419	0
420	3
421	1
422	0
423	0
424	3
425	2
426	2
427	0
428	2
429	3
430	0
431	3
432	2
433	0
434	3
435	0
436	3
437	3
438	3
439	3
440	2
441	3
442	3
443	2
444	2
445	3
446	3
447	0
448	0
449	3
450	3
451	3
452	3
453	0
454	3
455	0
456	3
457	3
458	3
459	3
460	3
461	2
462	3
463	2
464	3
465	3
466	3
467	1
468	3
469	2
470	3
471	3
472	3
473	2
474	3
475	0
476	3
477	2
478	2
479	3
480	3
481	3
482	3
483	3
484	3
485	3
486	3
487	3
488	0
489	3
490	2
491	3
492	2
493	3
494	1
495	0
496	2
497	3
498	3
499	1
500	2
501	3
502	3
503	3
504	3
505	3
506	3
507	3
508	3
509	3
510	3
511	1
512	3
513	0
514	3
515	2
516	3
517	3
518	3
519	2
520	3
521	3
522	2
523	3
524	3
525	3
526	3
527	2
528	3
529	0
530	3
531	0
532	2
533	0
534	0
535	2
536	3
537	2
538	3
539	0
540	3
541	0
542	1
543	2
544	2
545	2
546	0
547	2
548	0
549	0
550	1
551	0
552	2
553	2
554	3
555	3
556	1
557	3
558	3
559	2
560	3
561	2
562	0
563	2
564	3
565	3
566	3
567	3
568	3
569	0
570	3
571	3
572	3
573	0
574	3
575	3
576	3
577	0
578	3
579	0
580	2
581	3
582	3
583	3
584	0
585	3
586	2
587	3
588	3
589	3
590	0
591	3
592	3
593	3
594	2
595	3
596	3
597	3
598	3
599	3
600	2
601	3
602	3
603	2
604	3
605	3
606	3
607	0
608	0
609	0
610	3
611	2
612	3
613	0
614	3
615	2
616	1
617	0
618	3
619	3
620	2
621	0
622	3
623	2
624	0
625	0
626	1
627	0
628	3
629	2
630	0
631	2
632	3
633	2
634	1
635	2
636	0
637	3
638	3
639	2
640	2
641	3
642	3
643	3
644	0
645	3
646	3
647	2
648	3
649	0
650	3
651	1
652	3
653	3
654	0
655	0
656	3
657	3
658	3
659	2
660	3
661	3
662	3
663	1
664	3
665	3
666	3
667	2
668	2
669	2
670	3
671	3
672	3
673	3
674	3
675	3
676	3
677	3
678	3
679	3
680	3
681	3
682	3
683	2
684	2
685	1
686	3
687	2
688	3
689	2
690	1
691	3
692	3
693	3
694	3
695	0
696	3
697	3
698	3
699	3
700	1
701	0
702	3
703	3
704	2
705	3
706	3
707	3
708	1
709	3
710	3
711	3
712	3
713	3
714	1
715	3
716	3
717	3
718	1
719	3
720	3
721	0
722	3
723	3
724	3
725	3
726	3
727	3
728	3
729	3
730	3
731	0
732	3
733	3
734	3
735	3
736	3
737	3
738	3
739	3
740	3
741	2
742	3
743	0
744	3
745	3
746	3
747	2
748	1
749	2
750	1
751	0
752	3
753	0
754	3
755	0
756	1
757	3
758	3
759	3
760	3
761	3
762	2
763	1
764	2
765	3
766	2
767	0
768	3
769	3
770	0
771	3
772	3
773	0
774	3
775	2
776	3
777	3
778	3
779	2
780	2
781	1
782	3
783	1
784	3
785	3
786	3
787	3
788	0
789	3
790	3
791	3
792	3
793	3
794	3
795	2
796	3
797	3
798	3
799	3
800	3
801	2
802	3
803	3
804	3
805	0
806	3
807	3
808	3
809	3
810	3
811	0
812	3
813	0
814	3
815	2
816	3
817	3
818	3
819	2
820	3
821	0
822	3
823	3
824	3
825	3
826	3
827	2
828	3
829	3
830	1
831	0
832	3
833	2
834	3
835	1
836	3
837	0
838	2
839	1
840	3
841	1
842	2
843	3
844	2
845	3
846	3
847	2
848	3
849	2
850	3
851	3
852	1
853	3
854	3
855	2
856	3
857	3
858	3
859	3
860	0
861	3
862	3
863	3
864	1
865	3
866	3
867	3
868	3
869	0
870	3
871	3
872	3
873	0
874	3
875	0
876	3
877	0
878	3
879	0
880	3
881	0
882	2
883	0
884	2
885	3
886	0
887	3
888	0
889	3
890	0
891	3
892	3
893	0
894	0
895	0
896	0
897	3
898	1
899	3
900	0
901	3
902	0
903	0
904	3
905	1
906	0
907	3
908	2
909	0
910	0
911	0
912	0
913	0
914	3
915	0
916	2
917	3
918	1
919	2
920	0
921	2
922	1
923	0
924	2
925	0
926	0
927	0
928	0
929	0
930	3
931	1
932	3
933	1
934	2
935	1
936	0
937	3
938	0
939	0
940	0
941	1
942	0
943	3
944	0
945	0
946	0
947	0
948	0
949	0
950	3
951	3
952	0
953	0
954	3
955	0
956	2
957	3
958	3
959	0
960	2
961	3
962	3
963	3
964	3
965	2
966	2
967	0
968	3
969	3
970	3
971	2
972	2
973	0
974	1
975	0
976	3
977	3
978	3
979	3
980	3
981	2
982	1
983	0
984	2
985	3
986	3
987	0
988	1
989	3
990	3
991	0
992	3
993	0
994	3
995	3
996	3
997	1
998	2
999	2
1000	1
1001	0
1002	3
1003	0
1004	0
1005	0
1006	3
1007	0
1008	2
1009	2
1010	0
1011	0
1012	1
1013	3
1014	2
1015	3
1016	3
1017	3
1018	3
1019	1
1020	2
1021	3
1022	3
1023	0
1024	3
1025	0
1026	3
1027	3
1028	3
1029	3
1030	3
1031	3
1032	3
1033	0
1034	3
1035	0
1036	3
1037	3
1038	3
1039	0
1040	3
1041	3
1042	3
1043	3
1044	2
1045	0
1046	3
1047	2
1048	2
1049	3
1050	3
1051	2
1052	0
1053	3
1054	3
1055	3
1056	3
1057	0
1058	3
1059	2
1060	1
1061	3
1062	2
1063	2
1064	3
1065	2
1066	2
1067	3
1068	3
1069	0
1070	3
1071	3
1072	1
1073	0
1074	2
1075	0
1076	2
1077	3
1078	2
1079	2
1080	2
1081	3
1082	2
1083	2
1084	0
1085	0
1086	3
1087	3
1088	3
1089	1
1090	0
1091	3
1092	3
1093	3
1094	3
1095	2
1096	3
1097	0
1098	3
1099	0
1100	3
1101	0
1102	3
1103	2
1104	2
1105	0
1106	3
1107	3
1108	3
1109	0
1110	3
1111	3
1112	2
1113	3
1114	3
1115	2
1116	3
1117	0
1118	1
1119	0
1120	3
1121	2
1122	3
1123	3
1124	3
1125	3
1126	2
1127	0
1128	0
1129	3
1130	3
1131	3
1132	0
1133	0
1134	0
1135	3
1136	3
1137	3
1138	3
1139	1
1140	2
1141	3
1142	3
1143	2
1144	1
1145	3
1146	2
1147	3
1148	0
1149	3
1150	3
1151	0
1152	3
1153	3
1154	3
1155	3
1156	3
1157	0
1158	3
1159	3
1160	3
1161	0
1162	3
1163	2
1164	3
1165	1
1166	3
1167	0
1168	2
1169	3
1170	3
1171	3
1172	3
1173	1
1174	3
1175	1
1176	3
1177	0
1178	1
1179	3
1180	3
1181	3
1182	3
1183	0
1184	3
1185	1
1186	2
1187	2
1188	3
1189	3
1190	0
1191	3
1192	0
1193	3
1194	2
1195	0
1196	0
1197	3
1198	1
1199	2
1200	3
1201	3
1202	3
1203	3
1204	3
1205	3
1206	3
1207	3
1208	2
1209	2
1210	1
1211	0
1212	3
1213	2
1214	3
1215	0
1216	3
1217	3
1218	1
1219	2
1220	3
1221	3
1222	3
1223	3
1224	0
1225	3
1226	1
1227	3
1228	3
1229	3
1230	2
1231	1
1232	2
1233	3
1234	1
1235	2
1236	3
1237	3
1238	3
1239	3
1240	3
1241	3
1242	2
1243	3
1244	0
1245	3
1246	2
1247	3
1248	3
1249	3
1250	3
1251	1
1252	2
1253	3
1254	1
1255	3
1256	3
1257	3
1258	2
1259	3
1260	1
1261	3
1262	0
1263	0
1264	3
1265	0
1266	3
1267	1
1268	0
1269	3
1270	3
1271	2
1272	3
1273	3
1274	2
1275	3
1276	3
1277	0
1278	2
1279	3
1280	2
1281	2
1282	0
1283	2
1284	3
1285	0
1286	3
1287	3
1288	3
1289	0
1290	3
1291	2
1292	3
1293	3
1294	1
1295	0
1296	3
1297	2
1298	2
1299	3
1300	1
1301	3
1302	1
1303	0
1304	3
1305	2
1306	2
1307	3
1308	2
1309	0
1310	3
1311	3
1312	2
1313	2
1314	3
1315	2
1316	3
1317	1
1318	3
1319	3
1320	0
1321	2
1322	2
1323	2
1324	2
1325	1
1326	3
1327	3
1328	3
1329	2
1330	3
1331	3
1332	3
1333	0
1334	3
1335	0
1336	3
1337	1
1338	3
1339	3
1340	3
1341	2
1342	3
1343	3
1344	0
1345	0
1346	1
1347	3
1348	3
1349	3
1350	2
1351	2
1352	3
1353	0
1354	3
1355	3
1356	3
1357	3
1358	3
1359	3
1360	3
1361	2
1362	2
1363	3
1364	0
1365	0
1366	1
1367	3
1368	1
1369	0
1370	1
1371	3
1372	2
1373	3
1374	2
1375	2
1376	1
1377	3
1378	0
1379	0
1380	3
1381	0
1382	3
1383	1
1384	3
1385	0
1386	0
1387	1
1388	3
1389	2
1390	2
1391	3
1392	2
1393	1
1394	0
1395	3
1396	3
1397	3
1398	3
1399	2
1400	3
1401	1
1402	3
1403	2
1404	3
1405	0
1406	3
1407	1
1408	0
1409	3
1410	3
1411	3
1412	3
1413	0
1414	3
1415	3
1416	2
1417	3
1418	3
1419	0
1420	0
1421	2
1422	0
1423	3
1424	3
1425	0
1426	3
1427	3
1428	3
1429	1
1430	3
1431	3
1432	2
1433	2
1434	2
1435	3
1436	0
1437	3
1438	2
1439	2
1440	3
1441	3
1442	2
1443	3
1444	0
1445	1
1446	3
1447	2
1448	3
1449	0
1450	2
1451	2
1452	0
1453	3
1454	3
1455	1
1456	0
1457	0
1458	3
1459	0
1460	3
1461	0
1462	3
1463	1
1464	3
1465	3
1466	0
1467	0
1468	1
1469	3
1470	3
1471	0
1472	3
1473	3
1474	3
1475	1
1476	3
1477	2
1478	3
1479	3
1480	3
1481	3
1482	3
1483	2
1484	2
1485	0
1486	2
1487	1
1488	3
1489	3
1490	3
1491	3
1492	1
1493	3
1494	2
1495	2
1496	3
1497	3
1498	2
1499	2
1500	2
1501	3
1502	3
1503	1
1504	3
1505	3
1506	0
1507	0
1508	3
1509	3
1510	3
1511	3
1512	2
1513	1
1514	3
1515	0
1516	3
1517	3
1518	3
1519	2
1520	0
1521	2
1522	0
1523	3
1524	2
1525	3
1526	0
1527	2
1528	3
1529	2
1530	2
1531	2
1532	3
1533	0
1534	2
1535	0
1536	3
1537	3
1538	3
1539	3
1540	3
1541	3
1542	3
1543	3
1544	3
1545	3
1546	3
1547	0
1548	3
1549	3
1550	3
1551	0
1552	3
1553	0
1554	3
1555	0
1556	2
1557	0
1558	3
1559	3
1560	3
1561	3
1562	3
1563	2
1564	3
1565	0
1566	0
1567	2
1568	3
1569	2
1570	3
1571	2
1572	2
1573	2
1574	3
1575	1
1576	3
1577	3
1578	3
1579	2
1580	3
1581	3
1582	3
1583	2
1584	3
1585	0
1586	3
1587	2
1588	3
1589	0
1590	3
1591	1
1592	3
1593	0
1594	3
1595	0
1596	3
1597	2
1598	3
1599	2
1600	3
1601	0
1602	3
1603	0
1604	3
1605	3
1606	3
1607	3
1608	3
1609	3
1610	3
1611	3
1612	3
1613	3
1614	3
1615	3
1616	0
1617	3
1618	3
1619	1
1620	3
1621	3
1622	3
1623	3
1624	2
1625	3
1626	3
1627	0
1628	3
1629	3
1630	3
1631	3
1632	3
1633	3
1634	3
1635	0
1636	3
1637	3
1638	3
1639	3
1640	2
1641	3
1642	0
1643	3
1644	3
1645	3
1646	3
1647	3
1648	2
1649	1
1650	3
1651	1
1652	3
1653	3
1654	3
1655	2
1656	3
1657	3
1658	3
1659	3
1660	0
1661	3
1662	3
1663	3
1664	3
1665	3
1666	3
1667	2
1668	3
1669	3
1670	3
1671	3
1672	2
1673	0
1674	2
1675	0
1676	3
1677	0
1678	3
1679	0
1680	3
1681	2
1682	3
1683	3
1684	3
1685	3
1686	2
1687	2
1688	3
1689	0
1690	2
1691	3
1692	3
1693	0
1694	2
1695	3
1696	3
1697	3
1698	1
1699	3
1700	3
1701	3
1702	2
1703	3
1704	2
1705	3
1706	1
1707	3
1708	3
1709	3
1710	3
1711	0
1712	3
1713	3
1714	0
1715	0
1716	2
1717	3
1718	3
1719	0
1720	3
1721	3
1722	3
1723	3
1724	3
1725	2
1726	0
1727	3
1728	3
1729	3
1730	3
1731	3
1732	2
1733	3
1734	3
1735	3
1736	3
1737	3
1738	3
1739	3
1740	3
1741	3
1742	2
1743	3
1744	0
1745	3
1746	3
1747	3
1748	2
1749	3
1750	2
1751	3
1752	2
1753	3
1754	1
1755	3
1756	2
1757	3
1758	3
1759	3
1760	0
1761	0
1762	3
1763	2
1764	1
1765	0
1766	3
1767	0
1768	3
1769	3
1770	1
1771	0
1772	3
1773	3
1774	3
1775	0
1776	3
1777	0
1778	2
1779	3
1780	0
1781	3
1782	3
1783	3
1784	3
1785	3
1786	3
1787	0
1788	0
1789	3
1790	3
1791	2
1792	2
1793	0
1794	3
1795	3
1796	3
1797	3
1798	3
1799	3
1800	0
1801	3
1802	0
1803	3
1804	3
1805	3
1806	0
1807	3
1808	2
1809	3
1810	0
1811	3
1812	1
1813	3
1814	3
1815	3
1816	3
1817	3
1818	3
1819	2
1820	1
1821	3
1822	1
1823	3
1824	3
1825	2
1826	2
1827	3
1828	3
1829	0
1830	3
1831	3
1832	0
1833	0
1834	0
1835	0
1836	3
1837	3
1838	3
1839	3
1840	2
1841	2
1842	3
1843	3
1844	2
1845	3
1846	3
1847	3
1848	3
1849	2
1850	0
1851	3
1852	2
1853	3
1854	3
1855	2
1856	0
1857	3
1858	0
1859	1
1860	1
1861	0
1862	0
1863	1
1864	3
1865	2
1866	3
1867	3
1868	0
1869	0
1870	0
1871	0
1872	1
1873	3
1874	2
1875	3
1876	2
1877	2
1878	3
1879	3
1880	3
1881	3
1882	2
1883	3
1884	3
1885	2
1886	1
1887	0
1888	1
1889	2
1890	0
1891	3
1892	1
1893	2
1894	0
1895	3
1896	3
1897	2
1898	3
1899	3
1900	2
1901	3
1902	2
1903	3
1904	2
1905	3
1906	2
1907	3
1908	0
1909	1
1910	0
1911	3
1912	3
1913	2
1914	0
1915	2
1916	0
1917	2
1918	3
1919	2
1920	3
1921	0
1922	3
1923	0
1924	3
1925	3
1926	3
1927	3
1928	2
1929	3
1930	3
1931	1
1932	3
1933	3
1934	3
1935	3
1936	2
1937	3
1938	0
1939	3
1940	3
1941	2
1942	2
1943	2
1944	3
1945	0
1946	0
1947	1
1948	0
1949	3
1950	2
1951	3
1952	3
1953	3
1954	3
1955	0
1956	3
1957	2
1958	3
1959	3
1960	3
1961	0
1962	3
1963	3
1964	0
1965	3
1966	0
1967	1
1968	3
1969	3
1970	1
1971	3
1972	3
1973	3
1974	3
1975	3
1976	3
1977	3
1978	0
1979	0
1980	0
1981	2
1982	2
1983	2
1984	3
1985	3
1986	3
1987	1
1988	3
1989	2
1990	0
1991	2
1992	3
1993	3
1994	3
1995	3
1996	2
1997	2
1998	0
1999	3
2000	2
2001	3
2002	3
2003	3
2004	3
2005	3
2006	1
2007	3
2008	1
2009	0
2010	3
2011	3
2012	2
2013	2
2014	3
2015	3
2016	3
2017	3
2018	1
2019	3
2020	2
2021	2
2022	3
2023	3
2024	1
2025	3
2026	0
2027	3
2028	0
2029	3
2030	1
2031	0
2032	0
2033	3
2034	2
2035	3
2036	3
2037	3
2038	3
2039	3
2040	2
2041	3
2042	2
2043	2
2044	3
2045	2
2046	3
2047	2
2048	0
2049	2
2050	1
2051	0
2052	3
2053	2
2054	3
2055	0
2056	3
2057	2
2058	1
2059	3
2060	0
2061	3
2062	1
2063	3
2064	3
2065	0
2066	3
2067	2
2068	3
2069	3
2070	0
2071	0
2072	3
2073	2
2074	3
2075	2
2076	0
2077	2
2078	1
2079	3
2080	2
2081	3
2082	0
2083	3
2084	3
2085	2
2086	3
2087	3
2088	1
2089	0
2090	0
2091	2
2092	2
2093	0
2094	0
2095	0
2096	3
2097	0
2098	0
2099	3
2100	0
2101	0
2102	1
2103	0
2104	1
2105	0
2106	0
2107	0
2108	0
2109	0
2110	3
2111	3
2112	3
2113	0
2114	0
2115	0
2116	3
2117	1
2118	3
2119	0
2120	3
2121	0
2122	0
2123	0
2124	3
2125	0
2126	3
2127	0
2128	0
2129	3
2130	3
2131	3
2132	0
2133	0
2134	0
2135	3
2136	2
2137	3
2138	3
2139	3
2140	3
2141	3
2142	0
2143	0
2144	0
2145	0
2146	3
2147	1
2148	3
2149	2
2150	3
2151	3
2152	3
2153	3
2154	0
2155	3
2156	3
2157	3
2158	0
2159	2
2160	0
2161	0
2162	2
2163	0
2164	1
2165	0
2166	3
2167	0
2168	0
2169	3
2170	3
2171	0
2172	3
2173	3
2174	0
2175	0
2176	3
2177	3
2178	0
2179	0
2180	3
2181	3
2182	3
2183	0
2184	0
2185	2
2186	0
2187	3
2188	0
2189	3
2190	3
2191	3
2192	0
2193	3
2194	0
2195	2
2196	2
2197	2
2198	3
2199	3
2200	0
2201	2
2202	0
2203	0
2204	1
2205	3
2206	2
2207	3
2208	3
2209	0
2210	3
2211	3
2212	0
2213	0
2214	0
2215	3
2216	3
2217	0
2218	3
2219	0
2220	0
2221	0
2222	2
2223	2
2224	0
2225	0
2226	0
2227	3
2228	0
2229	0
2230	0
2231	0
2232	3
2233	2
2234	3
2235	2
2236	1
2237	2
2238	3
2239	3
2240	0
2241	0
2242	3
2243	2
2244	3
2245	2
2246	3
2247	3
2248	0
2249	0
2250	0
2251	3
2252	3
2253	3
2254	0
2255	3
2256	0
2257	2
2258	3
2259	3
2260	3
2261	3
2262	2
2263	0
2264	0
2265	3
2266	0
2267	3
2268	3
2269	3
2270	0
2271	3
2272	1
2273	3
2274	3
2275	3
2276	0
2277	3
2278	3
2279	3
2280	0
2281	2
2282	0
2283	2
2284	0
2285	0
2286	1
2287	0
2288	3
2289	0
2290	3
2291	3
2292	1
2293	0
2294	2
2295	3
2296	0
2297	0
2298	0
2299	3
2300	1
2301	2
2302	0
2303	0
2304	0
2305	0
2306	0
2307	3
2308	2
2309	2
2310	2
2311	3
2312	3
2313	3
2314	3
2315	0
2316	3
2317	3
2318	0
2319	2
2320	3
2321	0
2322	1
2323	3
2324	3
2325	1
2326	2
2327	3
2328	2
2329	1
2330	3
2331	0
2332	3
2333	2
2334	3
2335	0
2336	0
2337	0
2338	3
2339	2
2340	0
2341	3
2342	3
2343	3
2344	0
2345	3
2346	3
2347	3
2348	3
2349	3
2350	3
2351	3
2352	3
2353	3
2354	3
2355	3
2356	3
2357	3
2358	0
2359	3
2360	3
2361	3
2362	3
2363	2
2364	3
2365	3
2366	3
2367	2
2368	0
2369	2
2370	0
2371	1
2372	1
2373	0
2374	3
2375	0
2376	0
2377	3
2378	0
2379	2
2380	2
2381	3
2382	0
2383	0
2384	0
2385	3
2386	0
2387	0
2388	3
2389	3
2390	3
2391	3
2392	0
2393	0
2394	0
2395	3
2396	3
2397	2
2398	3
2399	3
2400	0
2401	2
2402	0
2403	0
2404	3
2405	3
2406	3
2407	3
2408	3
2409	3
2410	3
2411	2
2412	3
2413	3
2414	3
2415	0
2416	1
2417	0
2418	3
2419	2
2420	3
2421	3
2422	3
2423	0
2424	2
2425	3
2426	3
2427	0
2428	3
2429	3
2430	1
2431	3
2432	3
2433	0
2434	0
2435	3
2436	2
2437	3
2438	2
2439	3
2440	1
2441	2
2442	2
2443	0
2444	0
2445	1
2446	0
2447	2
2448	0
2449	2
2450	0
2451	0
2452	1
2453	0
2454	1
2455	0
2456	2
2457	0
2458	3
2459	0
2460	0
2461	0
2462	1
2463	0
2464	0
2465	3
2466	0
2467	2
2468	3
2469	3
2470	2
2471	0
2472	0
2473	2
2474	0
2475	2
2476	0
2477	2
2478	0
2479	0
2480	0
2481	3
2482	0
2483	0
2484	1
2485	0
2486	3
2487	1
2488	3
2489	3
2490	0
2491	2
2492	0
2493	3
2494	3
2495	3
2496	0
2497	0
2498	0
2499	3
2500	3
2501	0
2502	0
2503	0
2504	0
2505	0
2506	3
2507	0
2508	0
2509	3
2510	0
2511	0
2512	0
2513	3
2514	0
2515	2
2516	0
2517	0
2518	0
2519	3
2520	0
2521	2
2522	0
2523	3
2524	0
2525	3
2526	0
2527	0
2528	0
2529	3
2530	1
2531	2
2532	0
2533	3
2534	0
2535	2
2536	0
2537	2
2538	0
2539	2
2540	0
2541	2
2542	0
2543	3
2544	0
2545	2
2546	2
2547	0
2548	0
2549	0
2550	3
2551	2
2552	3
2553	2
2554	0
2555	3
2556	2
2557	0
2558	3
2559	2
2560	3
2561	3
2562	3
2563	0
2564	3
2565	3
2566	3
2567	3
2568	3
2569	3
2570	3
2571	2
2572	0
2573	0
2574	3
2575	3
2576	3
2577	2
2578	3
2579	1
2580	3
2581	2
2582	0
2583	3
2584	3
2585	3
2586	0
2587	1
2588	0
2589	3
2590	2
2591	3
2592	1
2593	3
2594	3
2595	0
2596	3
2597	3
2598	3
2599	2
2600	0
2601	3
2602	1
2603	2
2604	0
2605	3
2606	3
2607	3
2608	2
2609	0
2610	3
2611	0
2612	3
2613	0
2614	3
2615	0
2616	2
2617	2
2618	3
2619	2
2620	3
2621	0
2622	3
2623	3
2624	3
2625	1
2626	0
2627	0
2628	0
2629	0
2630	3
2631	0
2632	2
2633	2
2634	3
2635	0
2636	0
2637	2
2638	3
2639	0
2640	1
2641	3
2642	0
2643	3
2644	3
2645	2
2646	3
2647	2
2648	1
2649	2
2650	3
2651	1
2652	1
2653	2
2654	3
2655	1
2656	2
2657	0
2658	3
2659	2
2660	3
2661	3
2662	3
2663	3
2664	3
2665	3
2666	3
2667	3
2668	3
2669	2
2670	3
2671	3
2672	2
2673	3
2674	3
2675	3
2676	3
2677	0
2678	3
2679	0
2680	0
2681	2
2682	2
2683	3
2684	3
2685	3
2686	0
2687	2
2688	3
2689	2
2690	2
2691	1
2692	3
2693	0
2694	3
2695	3
2696	3
2697	3
2698	2
2699	3
2700	1
2701	2
2702	1
2703	3
2704	0
2705	3
2706	0
2707	0
2708	3
2709	2
2710	3
2711	0
2712	1
2713	2
2714	2
2715	2
2716	0
2717	0
2718	2
2719	3
2720	3
2721	0
2722	0
2723	0
2724	3
2725	3
2726	3
2727	2
2728	0
2729	3
2730	0
2731	3
2732	3
2733	0
2734	3
2735	3
2736	3
2737	3
2738	0
2739	3
2740	3
2741	0
2742	0
2743	3
2744	3
2745	3
2746	3
2747	3
2748	0
2749	0
2750	0
2751	2
2752	0
2753	3
2754	3
2755	0
2756	0
2757	2
2758	0
2759	2
2760	1
2761	0
2762	0
2763	2
2764	2
2765	3
2766	0
2767	3
2768	3
2769	3
2770	0
2771	3
2772	3
2773	3
2774	2
2775	2
2776	1
2777	2
2778	0
2779	2
2780	0
2781	3
2782	3
2783	1
2784	2
2785	3
2786	0
2787	2
2788	3
2789	2
2790	3
2791	3
2792	3
2793	0
2794	3
2795	0
2796	3
2797	2
2798	3
2799	0
2800	3
2801	0
2802	0
2803	3
2804	3
2805	0
2806	3
2807	2
2808	3
2809	0
2810	2
2811	0
2812	1
2813	3
2814	3
2815	0
2816	3
2817	3
2818	3
2819	1
2820	3
2821	1
2822	3
2823	3
2824	0
2825	0
2826	1
2827	0
2828	3
2829	2
2830	1
2831	1
2832	3
2833	3
2834	3
2835	3
2836	2
2837	0
2838	0
2839	3
2840	3
2841	3
2842	3
2843	0
2844	3
2845	0
2846	3
2847	0
2848	3
2849	1
2850	1
2851	2
2852	0
2853	3
2854	0
2855	3
2856	1
2857	3
2858	1
2859	2
2860	1
2861	2
2862	3
2863	3
2864	2
2865	0
2866	0
2867	2
2868	3
2869	3
2870	0
2871	3
2872	1
2873	3
2874	0
2875	2
2876	3
2877	1
2878	0
2879	1
2880	0
2881	0
2882	2
2883	0
2884	2
2885	0
2886	0
2887	0
2888	3
2889	3
2890	2
2891	0
2892	3
2893	3
2894	3
2895	0
2896	2
2897	2
2898	3
2899	2
2900	2
2901	2
2902	2
2903	2
2904	3
2905	3
2906	2
2907	3
2908	2
2909	3
2910	3
2911	3
2912	3
2913	0
2914	1
2915	1
2916	3
2917	3
2918	3
2919	0
2920	3
2921	3
2922	3
2923	0
2924	3
2925	1
2926	3
2927	0
2928	2
2929	3
2930	1
2931	3
2932	3
2933	0
2934	3
2935	3
2936	0
2937	2
2938	2
2939	0
2940	2
2941	0
2942	1
2943	1
2944	2
2945	3
2946	3
2947	2
2948	3
2949	3
2950	3
2951	3
2952	1
2953	3
2954	2
2955	3
2956	0
2957	3
2958	2
2959	3
2960	2
2961	3
2962	0
2963	2
2964	3
2965	0
2966	0
2967	2
2968	1
2969	3
2970	3
2971	0
2972	3
2973	0
2974	2
2975	3
2976	3
2977	3
2978	3
2979	3
2980	3
2981	0
2982	3
2983	3
2984	2
2985	3
2986	0
2987	3
2988	1
2989	3
2990	1
2991	1
2992	1
2993	3
2994	3
2995	3
2996	3
2997	2
2998	1
2999	2
3000	3
3001	3
3002	3
3003	1
3004	3
3005	3
3006	3
3007	2
3008	0
3009	0
3010	1
3011	2
3012	0
3013	2
3014	3
3015	3
3016	0
3017	3
3018	2
3019	3
3020	2
3021	0
3022	3
3023	0
3024	3
3025	3
3026	2
3027	3
3028	2
3029	3
3030	1
3031	2
3032	3
3033	2
3034	3
3035	2
3036	3
3037	2
3038	2
3039	3
3040	3
3041	3
3042	3
3043	3
3044	0
3045	2
3046	3
3047	2
3048	1
3049	0
3050	1
3051	3
3052	0
3053	0
3054	0
3055	2
3056	2
3057	3
3058	3
3059	3
3060	0
3061	0
3062	0
3063	3
3064	2
3065	0
3066	0
3067	0
3068	3
3069	1
3070	3
3071	0
3072	3
3073	2
3074	3
3075	0
3076	3
3077	3
3078	3
3079	1
3080	3
3081	0
3082	1
3083	0
3084	0
3085	0
3086	3
3087	3
3088	3
3089	0
3090	2
3091	3
3092	0
3093	3
3094	0
3095	2
3096	3
3097	0
3098	0
3099	2
3100	1
3101	3
3102	0
3103	1
3104	3
3105	2
3106	3
3107	3
3108	3
3109	2
3110	0
3111	2
3112	3
3113	0
3114	0
3115	2
3116	3
3117	0
3118	1
3119	2
3120	3
3121	2
3122	0
3123	3
3124	3
3125	2
3126	2
3127	0
3128	3
3129	3
3130	0
3131	3
3132	3
3133	0
3134	3
3135	0
3136	0
3137	3
3138	0
3139	1
3140	3
3141	0
3142	3
3143	2
3144	1
3145	3
3146	2
3147	3
3148	3
3149	2
3150	3
3151	2
3152	1
3153	1
3154	0
3155	3
3156	3
3157	3
3158	1
3159	0
3160	2
3161	3
3162	3
3163	3
3164	3
3165	3
3166	3
3167	1
3168	0
3169	3
3170	3
3171	3
3172	0
3173	3
3174	2
3175	0
3176	3
3177	3
3178	1
3179	0
3180	3
3181	3
3182	2
3183	0
3184	3
3185	3
3186	3
3187	3
3188	3
3189	0
3190	2
3191	3
3192	1
3193	3
3194	1
3195	0
3196	1
3197	2
3198	2
3199	2
3200	3
3201	2
3202	0
3203	0
3204	0
3205	0
3206	1
3207	3
3208	3
3209	3
3210	3
3211	3
3212	2
3213	0
3214	0
3215	2
3216	3
3217	1
3218	2
3219	3
3220	3
3221	0
3222	3
3223	0
3224	1
3225	3
3226	0
3227	0
3228	0
3229	3
3230	3
3231	3
3232	3
3233	2
3234	0
3235	2
3236	0
3237	0
3238	3
3239	0
3240	0
3241	1
3242	0
3243	3
3244	2
3245	2
3246	3
3247	3
3248	3
3249	1
3250	3
3251	0
3252	3
3253	3
3254	2
3255	3
3256	2
3257	2
3258	3
3259	0
3260	2
3261	0
3262	0
3263	0
3264	1
3265	0
3266	3
3267	2
3268	0
3269	2
3270	0
3271	3
3272	3
3273	0
3274	3
3275	3
3276	2
3277	0
3278	0
3279	0
3280	3
3281	3
3282	3
3283	3
3284	2
3285	3
3286	2
3287	3
3288	3
3289	0
3290	3
3291	0
3292	0
3293	2
3294	0
3295	3
3296	3
3297	0
3298	2
3299	2
3300	0
3301	0
3302	1
3303	0
3304	3
3305	3
3306	0
3307	3
3308	0
3309	3
3310	3
3311	1
3312	2
3313	2
3314	2
3315	3
3316	0
3317	0
3318	3
3319	0
3320	3
3321	0
3322	3
3323	3
3324	0
3325	2
3326	0
3327	3
3328	3
3329	2
3330	2
3331	3
3332	3
3333	1
3334	2
3335	0
3336	3
3337	3
3338	3
3339	0
3340	1
3341	3
3342	1
3343	3
3344	1
3345	0
3346	1
3347	3
3348	2
3349	0
3350	3
3351	3
3352	0
3353	0
3354	3
3355	3
3356	1
3357	1
3358	3
3359	0
3360	2
3361	3
3362	3
3363	3
3364	3
3365	0
3366	3
3367	1
3368	0
3369	3
3370	0
3371	3
3372	3
3373	0
3374	3
3375	0
3376	3
3377	0
3378	0
3379	3
3380	3
3381	0
3382	0
3383	3
3384	3
3385	3
3386	3
3387	2
3388	3
3389	3
3390	3
3391	3
3392	1
3393	0
3394	0
3395	3
3396	0
3397	1
3398	2
3399	2
3400	0
3401	3
3402	0
3403	3
3404	0
3405	2
3406	3
3407	3
3408	3
3409	3
3410	0
3411	0
3412	0
3413	3
3414	2
3415	3
3416	1
3417	1
3418	3
3419	0
3420	1
3421	2
3422	3
3423	3
3424	3
3425	3
3426	0
3427	3
3428	1
3429	3
3430	3
3431	3
3432	3
3433	3
3434	2
3435	2
3436	1
3437	3
3438	2
3439	0
3440	3
3441	2
3442	2
3443	0
3444	3
3445	0
3446	1
3447	0
3448	1
3449	2
3450	0
3451	0
3452	2
3453	3
3454	3
3455	2
3456	2
3457	0
3458	0
3459	3
3460	0
3461	0
3462	1
3463	0
3464	0
3465	2
3466	0
3467	1
3468	0
3469	0
3470	0
3471	0
3472	3
3473	0
3474	0
3475	0
3476	1
3477	0
3478	3
3479	3
3480	3
3481	2
3482	2
3483	2
3484	0
3485	0
3486	3
3487	3
3488	2
3489	3
3490	3
3491	3
3492	3
3493	0
3494	2
3495	3
3496	0
3497	1
3498	0
3499	3
3500	2
3501	3
3502	0
3503	0
3504	2
3505	1
3506	0
3507	3
3508	3
3509	3
3510	2
3511	0
3512	3
3513	1
3514	3
3515	2
3516	3
3517	0
3518	3
3519	0
3520	3
3521	3
3522	2
3523	2
3524	2
3525	2
3526	3
3527	3
3528	3
3529	3
3530	0
3531	3
3532	3
3533	3
3534	0
3535	0
3536	2
3537	3
3538	0
3539	3
3540	1
3541	3
3542	0
3543	2
3544	2
3545	3
3546	1
3547	3
3548	0
3549	1
3550	3
3551	3
3552	0
3553	3
3554	1
3555	3
3556	0
3557	0
3558	0
3559	3
3560	3
3561	1
3562	1
3563	0
3564	3
3565	3
3566	3
3567	3
3568	3
3569	1
3570	3
3571	2
3572	3
3573	0
3574	3
3575	3
3576	3
3577	0
3578	3
3579	3
3580	1
3581	0
3582	3
3583	2
3584	3
3585	0
3586	3
3587	0
3588	0
3589	0
3590	3
3591	0
3592	1
3593	0
3594	2
3595	3
3596	0
3597	3
3598	3
3599	0
3600	1
3601	2
3602	3
3603	0
3604	1
3605	3
3606	3
3607	3
3608	3
3609	3
3610	3
3611	0
3612	3
3613	0
3614	1
3615	0
3616	2
3617	0
3618	3
3619	3
3620	1
3621	3
3622	0
3623	0
3624	3
3625	3
3626	1
3627	2
3628	3
3629	0
3630	1
3631	0
3632	1
3633	3
3634	3
3635	3
3636	3
3637	3
3638	2
3639	3
3640	3
3641	1
3642	3
3643	0
3644	3
3645	0
3646	1
3647	2
3648	3
3649	0
3650	2
3651	0
3652	3
3653	3
3654	2
3655	3
3656	3
3657	3
3658	3
3659	3
3660	3
3661	3
3662	3
3663	1
3664	1
3665	3
3666	3
3667	2
3668	1
3669	3
3670	2
3671	3
3672	2
3673	3
3674	3
3675	3
3676	3
3677	3
3678	3
3679	3
3680	1
3681	1
3682	3
3683	3
3684	3
3685	3
3686	3
3687	3
3688	3
3689	3
3690	3
3691	3
3692	3
3693	3
3694	1
3695	2
3696	3
3697	3
3698	3
3699	2
3700	1
3701	1
3702	3
3703	3
3704	3
3705	3
3706	3
3707	3
3708	3
3709	1
3710	3
3711	3
3712	2
3713	1
3714	3
3715	3
3716	3
3717	3
3718	3
3719	0
3720	3
3721	0
3722	3
3723	1
3724	3
3725	0
3726	2
3727	0
3728	0
3729	3
3730	2
3731	3
3732	3
3733	3
3734	3
3735	3
3736	3
3737	2
3738	3
3739	0
3740	3
3741	0
3742	3
3743	0
3744	3
3745	0
3746	3
3747	0
3748	3
3749	3
3750	2
3751	3
3752	3
3753	3
3754	0
3755	3
3756	3
3757	2
3758	3
3759	3
3760	3
3761	3
3762	3
3763	2
3764	3
3765	3
3766	3
3767	1
3768	3
3769	0
3770	0
3771	3
3772	3
3773	3
3774	3
3775	0
3776	3
3777	0
3778	3
3779	0
3780	3
3781	3
3782	3
3783	3
3784	3
3785	0
3786	1
3787	0
3788	3
3789	2
3790	2
3791	3
3792	2
3793	3
3794	3
3795	3
3796	0
3797	3
3798	3
3799	3
3800	2
3801	3
3802	3
3803	3
3804	3
3805	0
3806	3
3807	3
3808	0
3809	0
3810	3
3811	1
3812	3
3813	0
3814	3
3815	3
3816	0
3817	2
3818	0
3819	3
3820	3
3821	3
3822	3
3823	3
3824	3
3825	1
3826	3
3827	3
3828	1
3829	3
3830	3
3831	2
3832	0
3833	0
3834	3
3835	3
3836	3
3837	1
3838	3
3839	0
3840	3
3841	0
3842	2
3843	3
3844	1
3845	0
3846	2
3847	0
3848	0
3849	3
3850	1
3851	3
3852	3
3853	1
3854	3
3855	3
3856	3
3857	3
3858	0
3859	2
3860	3
3861	2
3862	1
3863	3
3864	3
3865	3
3866	0
3867	2
3868	1
3869	0
3870	2
3871	0
3872	3
3873	1
3874	2
3875	0
3876	3
3877	2
3878	2
3879	2
3880	0
3881	2
3882	0
3883	2
3884	1
3885	2
3886	1
3887	2
3888	0
3889	0
3890	0
3891	2
3892	3
3893	0
3894	3
3895	1
3896	1
3897	2
3898	0
3899	0
3900	3
3901	0
3902	3
3903	2
3904	3
3905	0
3906	2
3907	0
3908	0
3909	3
3910	3
3911	0
3912	2
3913	1
3914	2
3915	1
3916	3
3917	3
3918	1
3919	3
3920	3
3921	0
3922	2
3923	0
3924	3
3925	3
3926	2
3927	3
3928	1
3929	1
3930	3
3931	3
3932	2
3933	0
3934	3
3935	0
3936	1
3937	2
3938	3
3939	3
3940	2
3941	0
3942	3
3943	0
3944	2
3945	0
3946	3
3947	3
3948	3
3949	0
3950	2
3951	1
3952	2
3953	3
3954	3
3955	2
3956	2
3957	3
3958	3
3959	0
3960	2
3961	2
3962	0
3963	2
3964	3
3965	1
3966	3
3967	3
3968	3
3969	0
3970	3
3971	0
3972	1
3973	3
3974	3
3975	0
3976	2
3977	3
3978	2
3979	3
3980	0
3981	3
3982	2
3983	3
3984	3
3985	3
3986	2
3987	0
3988	0
3989	0
3990	3
3991	0
3992	3
3993	2
3994	3
3995	2
3996	3
3997	2
3998	2
3999	2
4000	1
4001	0
4002	1
4003	0
4004	3
4005	0
4006	2
4007	0
4008	3
4009	0
4010	2
4011	2
4012	3
4013	0
4014	0
4015	3
4016	3
4017	0
4018	0
4019	0
4020	1
4021	3
4022	3
4023	3
4024	3
4025	0
4026	0
4027	0
4028	3
4029	0
4030	3
4031	2
4032	3
4033	3
4034	3
4035	0
4036	3
4037	3
4038	3
4039	0
4040	3
4041	3
4042	3
4043	0
4044	3
4045	3
4046	3
4047	3
4048	3
4049	0
4050	3
4051	0
4052	3
4053	3
4054	3
4055	3
4056	3
4057	3
4058	2
4059	3
4060	2
4061	3
4062	3
4063	3
4064	3
4065	3
4066	3
4067	3
4068	3
4069	2
4070	3
4071	2
4072	2
4073	3
4074	0
4075	3
4076	2
4077	2
4078	3
4079	0
4080	1
4081	3
4082	3
4083	3
4084	0
4085	0
4086	3
4087	0
4088	3
4089	2
4090	3
4091	0
4092	1
4093	0
4094	3
4095	0
