COMMAND
./sim gshare 12 10 ./proj2-traces/gcc_trace.txt
OUTPUT
number of predictions:2000000
number of mispredictions:286523
misprediction rate:   14.33%
FINAL GSHARE CONTENTS
0	3
1	3
2	3
3	0
4	3
5	3
6	3
7	0
8	1
9	3
10	0
11	2
12	1
13	3
14	2
15	0
16	2
17	0
18	3
19	0
20	3
21	0
22	0
23	1
24	1
25	0
26	3
27	0
28	3
29	3
30	0
31	3
32	3
33	1
34	0
35	3
36	3
37	0
38	0
39	0
40	3
41	0
42	2
43	0
44	3
45	3
46	0
47	1
48	2
49	0
50	1
51	0
52	0
53	0
54	0
55	0
56	3
57	3
58	3
59	3
60	3
61	2
62	0
63	0
64	1
65	3
66	3
67	3
68	3
69	3
70	3
71	0
72	3
73	3
74	3
75	3
76	3
77	3
78	3
79	3
80	3
81	0
82	3
83	3
84	3
85	0
86	3
87	3
88	0
89	1
90	3
91	1
92	0
93	1
94	1
95	0
96	3
97	0
98	1
99	0
100	2
101	0
102	0
103	2
104	2
105	3
106	3
107	2
108	3
109	0
110	0
111	0
112	3
113	1
114	3
115	3
116	2
117	0
118	3
119	0
120	0
121	3
122	2
123	0
124	1
125	1
126	3
127	0
128	2
129	3
130	2
131	3
132	2
133	1
134	3
135	3
136	3
137	2
138	1
139	3
140	0
141	0
142	0
143	0
144	0
145	0
146	3
147	3
148	0
149	0
150	3
151	3
152	3
153	0
154	3
155	1
156	2
157	1
158	0
159	0
160	3
161	1
162	0
163	3
164	0
165	1
166	0
167	3
168	0
169	3
170	2
171	3
172	0
173	2
174	0
175	0
176	3
177	0
178	2
179	0
180	1
181	0
182	3
183	0
184	1
185	0
186	2
187	0
188	3
189	0
190	0
191	0
192	1
193	1
194	1
195	3
196	0
197	2
198	0
199	0
200	1
201	0
202	0
203	0
204	0
205	1
206	0
207	0
208	3
209	2
210	3
211	3
212	0
213	0
214	3
215	2
216	3
217	0
218	0
219	0
220	1
221	0
222	1
223	0
224	0
225	0
226	3
227	2
228	0
229	0
230	2
231	3
232	0
233	3
234	3
235	0
236	0
237	0
238	0
239	3
240	0
241	0
242	0
243	3
244	0
245	0
246	3
247	0
248	3
249	3
250	3
251	2
252	0
253	0
254	0
255	3
256	0
257	3
258	3
259	3
260	3
261	3
262	0
263	0
264	3
265	3
266	3
267	2
268	2
269	1
270	3
271	3
272	0
273	0
274	0
275	3
276	3
277	0
278	3
279	0
280	1
281	3
282	0
283	1
284	0
285	3
286	3
287	0
288	0
289	0
290	0
291	0
292	2
293	0
294	3
295	3
296	0
297	3
298	3
299	3
300	0
301	0
302	3
303	0
304	3
305	3
306	3
307	3
308	0
309	3
310	2
311	0
312	3
313	1
314	3
315	0
316	0
317	0
318	2
319	3
320	3
321	0
322	3
323	2
324	1
325	1
326	3
327	0
328	0
329	1
330	3
331	3
332	0
333	0
334	3
335	1
336	3
337	0
338	2
339	0
340	3
341	0
342	0
343	3
344	0
345	3
346	3
347	0
348	0
349	1
350	3
351	2
352	2
353	1
354	3
355	2
356	3
357	3
358	0
359	3
360	1
361	0
362	0
363	0
364	3
365	0
366	0
367	1
368	0
369	0
370	3
371	3
372	3
373	0
374	3
375	3
376	0
377	0
378	3
379	3
380	0
381	2
382	0
383	2
384	0
385	3
386	0
387	3
388	0
389	0
390	0
391	3
392	0
393	3
394	2
395	3
396	3
397	0
398	3
399	3
400	3
401	0
402	0
403	3
404	0
405	0
406	0
407	0
408	3
409	1
410	0
411	3
412	2
413	0
414	0
415	0
416	0
417	0
418	0
419	3
420	3
421	0
422	0
423	1
424	3
425	0
426	1
427	0
428	0
429	0
430	1
431	0
432	3
433	0
434	3
435	0
436	0
437	0
438	2
439	0
440	0
441	0
442	3
443	0
444	3
445	1
446	3
447	0
448	0
449	0
450	3
451	0
452	0
453	1
454	2
455	0
456	0
457	3
458	3
459	0
460	1
461	1
462	0
463	0
464	0
465	0
466	1
467	0
468	0
469	0
470	1
471	0
472	0
473	0
474	0
475	3
476	3
477	0
478	0
479	0
480	0
481	3
482	0
483	1
484	2
485	0
486	3
487	0
488	0
489	0
490	3
491	1
492	0
493	1
494	0
495	0
496	0
497	2
498	3
499	3
500	3
501	0
502	1
503	3
504	3
505	0
506	0
507	3
508	3
509	3
510	1
511	0
512	0
513	3
514	2
515	0
516	1
517	1
518	0
519	1
520	0
521	0
522	0
523	0
524	3
525	0
526	0
527	0
528	0
529	1
530	0
531	0
532	0
533	0
534	1
535	3
536	0
537	0
538	3
539	0
540	0
541	0
542	0
543	1
544	0
545	3
546	3
547	0
548	0
549	3
550	2
551	2
552	0
553	3
554	2
555	3
556	3
557	0
558	2
559	2
560	2
561	0
562	2
563	1
564	0
565	2
566	3
567	0
568	0
569	3
570	0
571	3
572	3
573	3
574	3
575	3
576	3
577	3
578	2
579	3
580	3
581	3
582	0
583	0
584	3
585	3
586	2
587	3
588	0
589	1
590	2
591	3
592	3
593	0
594	3
595	0
596	1
597	0
598	3
599	0
600	2
601	0
602	1
603	3
604	0
605	3
606	0
607	3
608	3
609	1
610	0
611	3
612	3
613	3
614	0
615	0
616	0
617	3
618	3
619	3
620	0
621	3
622	0
623	0
624	3
625	3
626	1
627	3
628	0
629	2
630	0
631	3
632	0
633	1
634	0
635	2
636	0
637	3
638	2
639	0
640	3
641	3
642	3
643	2
644	3
645	3
646	1
647	3
648	3
649	0
650	1
651	3
652	3
653	3
654	3
655	3
656	0
657	2
658	3
659	3
660	3
661	1
662	0
663	0
664	3
665	2
666	2
667	3
668	0
669	0
670	0
671	3
672	3
673	3
674	0
675	1
676	3
677	0
678	2
679	1
680	3
681	0
682	0
683	2
684	3
685	0
686	0
687	3
688	0
689	0
690	0
691	0
692	2
693	3
694	2
695	2
696	3
697	1
698	3
699	0
700	0
701	3
702	0
703	0
704	3
705	0
706	0
707	3
708	0
709	3
710	3
711	3
712	3
713	3
714	1
715	3
716	1
717	0
718	0
719	3
720	3
721	3
722	0
723	1
724	0
725	3
726	0
727	0
728	3
729	0
730	0
731	3
732	3
733	0
734	3
735	0
736	3
737	3
738	3
739	1
740	0
741	3
742	1
743	3
744	3
745	0
746	0
747	0
748	2
749	0
750	3
751	3
752	2
753	0
754	2
755	0
756	3
757	2
758	0
759	2
760	3
761	0
762	0
763	0
764	0
765	3
766	3
767	0
768	3
769	3
770	1
771	1
772	3
773	3
774	0
775	0
776	3
777	2
778	3
779	0
780	3
781	3
782	3
783	0
784	2
785	3
786	3
787	3
788	0
789	0
790	0
791	0
792	2
793	3
794	2
795	0
796	0
797	3
798	0
799	2
800	0
801	2
802	3
803	0
804	3
805	0
806	1
807	3
808	0
809	0
810	0
811	0
812	0
813	3
814	0
815	0
816	3
817	3
818	0
819	0
820	2
821	0
822	0
823	0
824	3
825	3
826	0
827	0
828	0
829	3
830	0
831	1
832	3
833	1
834	0
835	0
836	0
837	1
838	0
839	0
840	3
841	3
842	0
843	1
844	3
845	3
846	0
847	2
848	3
849	2
850	0
851	0
852	0
853	0
854	3
855	3
856	3
857	0
858	0
859	0
860	3
861	0
862	0
863	3
864	0
865	0
866	3
867	0
868	3
869	0
870	3
871	3
872	0
873	3
874	0
875	0
876	0
877	3
878	0
879	0
880	0
881	0
882	0
883	3
884	2
885	0
886	0
887	3
888	3
889	3
890	0
891	0
892	3
893	2
894	0
895	3
896	2
897	3
898	0
899	3
900	3
901	3
902	1
903	3
904	2
905	3
906	3
907	0
908	0
909	0
910	3
911	0
912	0
913	0
914	0
915	0
916	0
917	0
918	3
919	0
920	3
921	3
922	3
923	0
924	2
925	1
926	3
927	2
928	0
929	2
930	1
931	3
932	0
933	3
934	0
935	2
936	0
937	1
938	3
939	0
940	3
941	3
942	3
943	0
944	0
945	3
946	0
947	0
948	0
949	0
950	3
951	0
952	3
953	3
954	3
955	0
956	3
957	2
958	0
959	0
960	2
961	0
962	3
963	3
964	3
965	1
966	3
967	0
968	1
969	1
970	0
971	2
972	3
973	2
974	3
975	0
976	0
977	0
978	0
979	0
980	0
981	2
982	0
983	3
984	3
985	3
986	0
987	2
988	2
989	3
990	0
991	3
992	3
993	3
994	1
995	0
996	3
997	0
998	0
999	0
1000	3
1001	0
1002	0
1003	1
1004	2
1005	1
1006	0
1007	0
1008	1
1009	3
1010	0
1011	0
1012	3
1013	0
1014	0
1015	0
1016	3
1017	2
1018	0
1019	3
1020	3
1021	1
1022	0
1023	0
1024	0
1025	0
1026	3
1027	3
1028	3
1029	1
1030	3
1031	3
1032	3
1033	3
1034	3
1035	3
1036	2
1037	3
1038	2
1039	0
1040	0
1041	3
1042	3
1043	3
1044	0
1045	0
1046	0
1047	0
1048	0
1049	2
1050	0
1051	0
1052	0
1053	1
1054	0
1055	3
1056	1
1057	3
1058	0
1059	3
1060	2
1061	3
1062	0
1063	0
1064	3
1065	2
1066	3
1067	3
1068	3
1069	3
1070	3
1071	3
1072	0
1073	3
1074	3
1075	3
1076	0
1077	1
1078	0
1079	3
1080	3
1081	3
1082	2
1083	0
1084	2
1085	3
1086	2
1087	0
1088	3
1089	0
1090	0
1091	3
1092	0
1093	2
1094	0
1095	3
1096	0
1097	3
1098	0
1099	3
1100	2
1101	0
1102	0
1103	3
1104	3
1105	3
1106	3
1107	3
1108	0
1109	3
1110	0
1111	0
1112	0
1113	3
1114	3
1115	0
1116	3
1117	2
1118	0
1119	0
1120	0
1121	2
1122	1
1123	2
1124	3
1125	0
1126	3
1127	3
1128	0
1129	1
1130	0
1131	0
1132	3
1133	0
1134	0
1135	3
1136	3
1137	1
1138	0
1139	0
1140	3
1141	0
1142	0
1143	2
1144	3
1145	0
1146	1
1147	0
1148	0
1149	2
1150	1
1151	3
1152	0
1153	0
1154	3
1155	3
1156	0
1157	0
1158	0
1159	3
1160	0
1161	2
1162	1
1163	0
1164	0
1165	0
1166	0
1167	3
1168	0
1169	1
1170	0
1171	3
1172	3
1173	0
1174	0
1175	0
1176	0
1177	3
1178	0
1179	3
1180	3
1181	0
1182	0
1183	3
1184	0
1185	0
1186	0
1187	0
1188	0
1189	3
1190	1
1191	3
1192	3
1193	0
1194	1
1195	3
1196	1
1197	0
1198	0
1199	1
1200	3
1201	0
1202	3
1203	0
1204	0
1205	0
1206	3
1207	1
1208	0
1209	0
1210	0
1211	2
1212	0
1213	3
1214	0
1215	3
1216	3
1217	3
1218	0
1219	3
1220	0
1221	3
1222	1
1223	1
1224	0
1225	1
1226	0
1227	0
1228	0
1229	3
1230	0
1231	3
1232	1
1233	0
1234	0
1235	3
1236	0
1237	3
1238	0
1239	3
1240	3
1241	0
1242	0
1243	0
1244	0
1245	0
1246	1
1247	0
1248	0
1249	3
1250	0
1251	3
1252	0
1253	0
1254	0
1255	0
1256	0
1257	3
1258	0
1259	2
1260	0
1261	1
1262	1
1263	0
1264	0
1265	0
1266	3
1267	3
1268	3
1269	3
1270	3
1271	3
1272	3
1273	1
1274	0
1275	3
1276	0
1277	3
1278	0
1279	3
1280	1
1281	0
1282	3
1283	0
1284	0
1285	0
1286	0
1287	0
1288	3
1289	3
1290	3
1291	0
1292	0
1293	0
1294	2
1295	3
1296	0
1297	3
1298	3
1299	0
1300	0
1301	0
1302	3
1303	3
1304	1
1305	3
1306	0
1307	3
1308	0
1309	3
1310	0
1311	3
1312	0
1313	0
1314	3
1315	0
1316	0
1317	1
1318	0
1319	3
1320	0
1321	0
1322	1
1323	1
1324	0
1325	0
1326	0
1327	1
1328	1
1329	3
1330	0
1331	0
1332	0
1333	3
1334	3
1335	2
1336	0
1337	3
1338	2
1339	0
1340	2
1341	3
1342	0
1343	3
1344	3
1345	2
1346	0
1347	3
1348	0
1349	1
1350	3
1351	3
1352	0
1353	2
1354	0
1355	3
1356	0
1357	0
1358	2
1359	2
1360	3
1361	1
1362	0
1363	0
1364	0
1365	3
1366	3
1367	0
1368	3
1369	2
1370	0
1371	2
1372	3
1373	0
1374	2
1375	0
1376	3
1377	0
1378	0
1379	3
1380	3
1381	1
1382	1
1383	3
1384	0
1385	1
1386	0
1387	0
1388	0
1389	0
1390	0
1391	0
1392	0
1393	3
1394	3
1395	3
1396	2
1397	0
1398	3
1399	2
1400	3
1401	3
1402	0
1403	3
1404	0
1405	0
1406	3
1407	0
1408	0
1409	0
1410	3
1411	0
1412	0
1413	0
1414	3
1415	3
1416	0
1417	0
1418	3
1419	3
1420	3
1421	0
1422	0
1423	2
1424	3
1425	3
1426	0
1427	0
1428	3
1429	2
1430	2
1431	0
1432	2
1433	0
1434	0
1435	0
1436	0
1437	3
1438	0
1439	3
1440	0
1441	3
1442	3
1443	3
1444	2
1445	0
1446	0
1447	3
1448	3
1449	2
1450	2
1451	0
1452	3
1453	0
1454	3
1455	3
1456	3
1457	3
1458	0
1459	3
1460	1
1461	3
1462	2
1463	3
1464	0
1465	0
1466	2
1467	3
1468	1
1469	3
1470	1
1471	3
1472	2
1473	3
1474	3
1475	3
1476	1
1477	3
1478	0
1479	3
1480	0
1481	3
1482	3
1483	3
1484	0
1485	2
1486	1
1487	3
1488	1
1489	3
1490	3
1491	0
1492	0
1493	0
1494	0
1495	0
1496	3
1497	3
1498	3
1499	3
1500	2
1501	3
1502	3
1503	0
1504	1
1505	1
1506	0
1507	0
1508	2
1509	0
1510	3
1511	0
1512	0
1513	0
1514	2
1515	3
1516	3
1517	0
1518	0
1519	0
1520	1
1521	1
1522	3
1523	0
1524	0
1525	0
1526	0
1527	1
1528	0
1529	1
1530	0
1531	3
1532	2
1533	0
1534	0
1535	0
1536	3
1537	1
1538	2
1539	3
1540	0
1541	3
1542	3
1543	3
1544	0
1545	3
1546	3
1547	0
1548	0
1549	2
1550	3
1551	2
1552	3
1553	3
1554	0
1555	0
1556	0
1557	3
1558	0
1559	0
1560	3
1561	3
1562	0
1563	0
1564	1
1565	0
1566	3
1567	0
1568	0
1569	0
1570	3
1571	3
1572	3
1573	3
1574	0
1575	2
1576	0
1577	3
1578	0
1579	0
1580	3
1581	2
1582	0
1583	2
1584	3
1585	0
1586	0
1587	3
1588	0
1589	3
1590	0
1591	3
1592	3
1593	0
1594	0
1595	3
1596	3
1597	0
1598	2
1599	3
1600	0
1601	1
1602	0
1603	0
1604	2
1605	3
1606	3
1607	3
1608	3
1609	0
1610	0
1611	2
1612	2
1613	3
1614	0
1615	0
1616	0
1617	3
1618	0
1619	3
1620	0
1621	3
1622	0
1623	0
1624	2
1625	1
1626	0
1627	0
1628	0
1629	0
1630	0
1631	3
1632	3
1633	3
1634	3
1635	0
1636	0
1637	3
1638	0
1639	0
1640	2
1641	3
1642	3
1643	3
1644	0
1645	0
1646	0
1647	0
1648	0
1649	3
1650	0
1651	0
1652	2
1653	1
1654	1
1655	1
1656	3
1657	3
1658	0
1659	3
1660	0
1661	3
1662	0
1663	1
1664	3
1665	3
1666	2
1667	0
1668	3
1669	0
1670	3
1671	0
1672	2
1673	3
1674	0
1675	0
1676	0
1677	3
1678	1
1679	0
1680	3
1681	0
1682	3
1683	1
1684	2
1685	1
1686	3
1687	0
1688	0
1689	3
1690	3
1691	3
1692	3
1693	1
1694	0
1695	0
1696	0
1697	3
1698	3
1699	0
1700	1
1701	0
1702	0
1703	0
1704	3
1705	3
1706	0
1707	1
1708	3
1709	0
1710	0
1711	3
1712	3
1713	0
1714	0
1715	0
1716	0
1717	1
1718	1
1719	0
1720	3
1721	3
1722	0
1723	2
1724	3
1725	3
1726	0
1727	3
1728	3
1729	3
1730	0
1731	3
1732	3
1733	2
1734	0
1735	0
1736	0
1737	2
1738	0
1739	3
1740	1
1741	3
1742	3
1743	2
1744	0
1745	2
1746	0
1747	0
1748	1
1749	3
1750	2
1751	0
1752	2
1753	2
1754	0
1755	3
1756	0
1757	3
1758	3
1759	0
1760	0
1761	3
1762	1
1763	3
1764	2
1765	3
1766	0
1767	1
1768	0
1769	2
1770	3
1771	2
1772	3
1773	0
1774	2
1775	1
1776	3
1777	3
1778	3
1779	0
1780	3
1781	0
1782	0
1783	0
1784	2
1785	0
1786	0
1787	0
1788	3
1789	3
1790	0
1791	3
1792	1
1793	2
1794	3
1795	0
1796	3
1797	1
1798	3
1799	0
1800	3
1801	0
1802	3
1803	0
1804	0
1805	3
1806	1
1807	0
1808	3
1809	3
1810	0
1811	0
1812	0
1813	3
1814	3
1815	0
1816	0
1817	1
1818	2
1819	0
1820	3
1821	1
1822	1
1823	3
1824	0
1825	3
1826	0
1827	0
1828	0
1829	0
1830	0
1831	3
1832	0
1833	1
1834	0
1835	3
1836	1
1837	0
1838	0
1839	0
1840	3
1841	2
1842	1
1843	0
1844	0
1845	3
1846	2
1847	3
1848	0
1849	2
1850	3
1851	3
1852	3
1853	0
1854	0
1855	3
1856	0
1857	1
1858	3
1859	0
1860	0
1861	0
1862	0
1863	3
1864	2
1865	3
1866	0
1867	2
1868	0
1869	0
1870	3
1871	3
1872	2
1873	1
1874	0
1875	0
1876	0
1877	2
1878	0
1879	3
1880	3
1881	0
1882	0
1883	3
1884	0
1885	3
1886	0
1887	0
1888	0
1889	3
1890	1
1891	3
1892	0
1893	0
1894	0
1895	0
1896	0
1897	1
1898	0
1899	0
1900	0
1901	3
1902	0
1903	3
1904	3
1905	0
1906	2
1907	0
1908	3
1909	3
1910	0
1911	0
1912	2
1913	1
1914	3
1915	0
1916	3
1917	3
1918	0
1919	3
1920	3
1921	1
1922	3
1923	3
1924	0
1925	0
1926	0
1927	1
1928	1
1929	0
1930	0
1931	0
1932	3
1933	3
1934	3
1935	3
1936	0
1937	0
1938	2
1939	0
1940	1
1941	3
1942	3
1943	1
1944	0
1945	3
1946	0
1947	3
1948	3
1949	0
1950	0
1951	1
1952	3
1953	0
1954	0
1955	3
1956	0
1957	0
1958	3
1959	3
1960	1
1961	3
1962	3
1963	0
1964	3
1965	0
1966	3
1967	0
1968	3
1969	3
1970	3
1971	0
1972	0
1973	3
1974	3
1975	0
1976	0
1977	0
1978	0
1979	3
1980	0
1981	3
1982	0
1983	2
1984	3
1985	3
1986	2
1987	3
1988	0
1989	2
1990	1
1991	3
1992	1
1993	0
1994	3
1995	3
1996	1
1997	3
1998	0
1999	3
2000	0
2001	1
2002	0
2003	2
2004	2
2005	3
2006	0
2007	0
2008	1
2009	3
2010	0
2011	0
2012	0
2013	3
2014	3
2015	2
2016	3
2017	3
2018	0
2019	3
2020	3
2021	3
2022	1
2023	3
2024	3
2025	0
2026	0
2027	3
2028	3
2029	0
2030	0
2031	3
2032	3
2033	0
2034	3
2035	1
2036	3
2037	0
2038	3
2039	3
2040	0
2041	0
2042	3
2043	3
2044	1
2045	3
2046	0
2047	1
2048	3
2049	1
2050	0
2051	3
2052	3
2053	0
2054	0
2055	0
2056	0
2057	0
2058	0
2059	3
2060	3
2061	0
2062	0
2063	3
2064	0
2065	3
2066	0
2067	3
2068	0
2069	3
2070	0
2071	3
2072	0
2073	3
2074	0
2075	0
2076	0
2077	1
2078	3
2079	3
2080	1
2081	2
2082	0
2083	0
2084	0
2085	3
2086	0
2087	3
2088	3
2089	2
2090	0
2091	3
2092	0
2093	0
2094	0
2095	0
2096	0
2097	1
2098	0
2099	3
2100	3
2101	0
2102	0
2103	3
2104	0
2105	3
2106	3
2107	0
2108	1
2109	3
2110	3
2111	0
2112	1
2113	2
2114	3
2115	1
2116	0
2117	3
2118	0
2119	3
2120	0
2121	0
2122	0
2123	2
2124	0
2125	1
2126	0
2127	0
2128	3
2129	3
2130	1
2131	1
2132	0
2133	0
2134	3
2135	3
2136	1
2137	1
2138	0
2139	3
2140	0
2141	0
2142	0
2143	3
2144	0
2145	3
2146	0
2147	3
2148	0
2149	3
2150	1
2151	0
2152	0
2153	0
2154	0
2155	3
2156	0
2157	0
2158	2
2159	0
2160	0
2161	0
2162	3
2163	3
2164	1
2165	1
2166	2
2167	3
2168	0
2169	3
2170	3
2171	3
2172	0
2173	1
2174	1
2175	3
2176	2
2177	0
2178	0
2179	3
2180	3
2181	3
2182	3
2183	0
2184	0
2185	0
2186	3
2187	3
2188	0
2189	0
2190	3
2191	2
2192	0
2193	0
2194	0
2195	3
2196	0
2197	3
2198	0
2199	0
2200	0
2201	3
2202	1
2203	1
2204	0
2205	0
2206	3
2207	3
2208	1
2209	0
2210	0
2211	0
2212	3
2213	2
2214	0
2215	1
2216	1
2217	3
2218	0
2219	0
2220	3
2221	3
2222	3
2223	0
2224	0
2225	2
2226	0
2227	3
2228	0
2229	1
2230	0
2231	1
2232	0
2233	1
2234	3
2235	2
2236	0
2237	0
2238	3
2239	0
2240	3
2241	0
2242	0
2243	0
2244	1
2245	0
2246	0
2247	0
2248	2
2249	0
2250	0
2251	3
2252	3
2253	1
2254	3
2255	3
2256	0
2257	0
2258	3
2259	3
2260	3
2261	0
2262	3
2263	0
2264	0
2265	0
2266	0
2267	0
2268	0
2269	2
2270	0
2271	2
2272	3
2273	0
2274	3
2275	3
2276	0
2277	0
2278	3
2279	0
2280	0
2281	0
2282	3
2283	3
2284	0
2285	3
2286	0
2287	0
2288	3
2289	0
2290	0
2291	0
2292	1
2293	0
2294	2
2295	3
2296	0
2297	0
2298	0
2299	0
2300	3
2301	0
2302	2
2303	0
2304	3
2305	0
2306	0
2307	3
2308	0
2309	2
2310	3
2311	0
2312	0
2313	0
2314	0
2315	0
2316	1
2317	3
2318	0
2319	0
2320	3
2321	0
2322	0
2323	3
2324	0
2325	3
2326	3
2327	0
2328	0
2329	0
2330	2
2331	3
2332	0
2333	0
2334	0
2335	0
2336	3
2337	2
2338	0
2339	3
2340	0
2341	1
2342	0
2343	1
2344	0
2345	0
2346	3
2347	2
2348	3
2349	3
2350	0
2351	3
2352	0
2353	0
2354	2
2355	0
2356	0
2357	3
2358	0
2359	0
2360	0
2361	1
2362	3
2363	3
2364	0
2365	0
2366	3
2367	1
2368	3
2369	2
2370	2
2371	1
2372	0
2373	3
2374	0
2375	3
2376	0
2377	1
2378	1
2379	0
2380	0
2381	2
2382	0
2383	0
2384	3
2385	3
2386	0
2387	0
2388	1
2389	3
2390	3
2391	3
2392	0
2393	3
2394	3
2395	0
2396	3
2397	2
2398	0
2399	0
2400	2
2401	1
2402	0
2403	3
2404	3
2405	2
2406	3
2407	0
2408	0
2409	0
2410	0
2411	3
2412	3
2413	0
2414	1
2415	0
2416	0
2417	0
2418	3
2419	0
2420	3
2421	0
2422	0
2423	1
2424	2
2425	0
2426	0
2427	0
2428	3
2429	0
2430	1
2431	3
2432	0
2433	1
2434	0
2435	0
2436	0
2437	1
2438	2
2439	3
2440	0
2441	0
2442	0
2443	3
2444	0
2445	1
2446	1
2447	0
2448	0
2449	1
2450	3
2451	3
2452	1
2453	0
2454	0
2455	0
2456	3
2457	3
2458	0
2459	3
2460	3
2461	2
2462	0
2463	2
2464	3
2465	3
2466	0
2467	0
2468	2
2469	0
2470	0
2471	0
2472	0
2473	3
2474	0
2475	0
2476	1
2477	3
2478	3
2479	3
2480	1
2481	3
2482	2
2483	0
2484	0
2485	0
2486	3
2487	0
2488	3
2489	0
2490	0
2491	2
2492	3
2493	0
2494	0
2495	0
2496	2
2497	0
2498	3
2499	1
2500	1
2501	3
2502	0
2503	3
2504	0
2505	3
2506	3
2507	0
2508	0
2509	0
2510	3
2511	0
2512	0
2513	3
2514	0
2515	2
2516	2
2517	0
2518	2
2519	2
2520	0
2521	0
2522	3
2523	0
2524	2
2525	3
2526	0
2527	1
2528	0
2529	1
2530	2
2531	0
2532	0
2533	0
2534	0
2535	1
2536	0
2537	0
2538	0
2539	3
2540	0
2541	0
2542	3
2543	1
2544	0
2545	0
2546	3
2547	0
2548	3
2549	1
2550	2
2551	0
2552	0
2553	0
2554	0
2555	2
2556	1
2557	0
2558	3
2559	2
2560	1
2561	0
2562	3
2563	3
2564	0
2565	0
2566	0
2567	0
2568	1
2569	2
2570	3
2571	3
2572	0
2573	3
2574	0
2575	0
2576	0
2577	3
2578	3
2579	2
2580	0
2581	2
2582	0
2583	0
2584	1
2585	2
2586	0
2587	0
2588	0
2589	2
2590	0
2591	3
2592	3
2593	3
2594	0
2595	0
2596	0
2597	3
2598	3
2599	1
2600	0
2601	0
2602	3
2603	0
2604	0
2605	0
2606	0
2607	2
2608	3
2609	3
2610	3
2611	3
2612	3
2613	2
2614	1
2615	3
2616	3
2617	2
2618	3
2619	1
2620	2
2621	3
2622	0
2623	3
2624	0
2625	0
2626	0
2627	0
2628	2
2629	0
2630	3
2631	3
2632	3
2633	1
2634	0
2635	0
2636	3
2637	3
2638	0
2639	3
2640	0
2641	0
2642	0
2643	0
2644	3
2645	0
2646	3
2647	1
2648	3
2649	0
2650	0
2651	0
2652	3
2653	0
2654	0
2655	3
2656	1
2657	3
2658	0
2659	2
2660	0
2661	3
2662	1
2663	2
2664	0
2665	3
2666	0
2667	0
2668	0
2669	3
2670	3
2671	0
2672	0
2673	0
2674	0
2675	1
2676	0
2677	3
2678	2
2679	0
2680	3
2681	0
2682	3
2683	0
2684	3
2685	0
2686	3
2687	0
2688	0
2689	0
2690	0
2691	3
2692	3
2693	0
2694	0
2695	3
2696	1
2697	2
2698	0
2699	3
2700	0
2701	3
2702	2
2703	0
2704	3
2705	3
2706	1
2707	3
2708	0
2709	3
2710	3
2711	0
2712	2
2713	3
2714	2
2715	0
2716	1
2717	3
2718	3
2719	3
2720	1
2721	3
2722	3
2723	1
2724	0
2725	2
2726	3
2727	0
2728	1
2729	3
2730	3
2731	2
2732	0
2733	0
2734	1
2735	3
2736	0
2737	0
2738	0
2739	0
2740	0
2741	0
2742	3
2743	0
2744	0
2745	3
2746	0
2747	3
2748	0
2749	0
2750	0
2751	3
2752	2
2753	3
2754	0
2755	3
2756	0
2757	3
2758	3
2759	3
2760	0
2761	0
2762	3
2763	3
2764	3
2765	3
2766	1
2767	3
2768	0
2769	2
2770	0
2771	3
2772	0
2773	0
2774	0
2775	3
2776	0
2777	3
2778	0
2779	0
2780	1
2781	0
2782	0
2783	3
2784	1
2785	0
2786	0
2787	0
2788	0
2789	0
2790	0
2791	0
2792	0
2793	0
2794	0
2795	1
2796	0
2797	0
2798	3
2799	0
2800	0
2801	0
2802	2
2803	1
2804	0
2805	0
2806	0
2807	2
2808	0
2809	3
2810	3
2811	0
2812	1
2813	2
2814	3
2815	0
2816	0
2817	0
2818	3
2819	0
2820	2
2821	0
2822	3
2823	0
2824	3
2825	0
2826	0
2827	0
2828	3
2829	0
2830	0
2831	0
2832	0
2833	0
2834	0
2835	3
2836	0
2837	0
2838	3
2839	3
2840	3
2841	3
2842	0
2843	0
2844	0
2845	0
2846	1
2847	0
2848	0
2849	0
2850	3
2851	0
2852	0
2853	3
2854	0
2855	2
2856	0
2857	0
2858	3
2859	0
2860	0
2861	3
2862	2
2863	0
2864	1
2865	0
2866	0
2867	0
2868	0
2869	2
2870	0
2871	0
2872	0
2873	3
2874	1
2875	0
2876	3
2877	3
2878	0
2879	0
2880	3
2881	1
2882	3
2883	0
2884	3
2885	0
2886	3
2887	0
2888	3
2889	3
2890	3
2891	0
2892	3
2893	3
2894	2
2895	0
2896	2
2897	0
2898	0
2899	0
2900	2
2901	0
2902	0
2903	0
2904	3
2905	3
2906	1
2907	3
2908	3
2909	2
2910	0
2911	1
2912	3
2913	3
2914	0
2915	0
2916	0
2917	3
2918	0
2919	3
2920	3
2921	3
2922	0
2923	3
2924	3
2925	3
2926	0
2927	0
2928	0
2929	2
2930	0
2931	0
2932	0
2933	0
2934	0
2935	0
2936	3
2937	3
2938	0
2939	3
2940	1
2941	3
2942	0
2943	3
2944	2
2945	1
2946	0
2947	0
2948	3
2949	3
2950	0
2951	0
2952	0
2953	2
2954	3
2955	2
2956	0
2957	3
2958	0
2959	0
2960	0
2961	1
2962	0
2963	0
2964	3
2965	0
2966	0
2967	0
2968	0
2969	0
2970	3
2971	0
2972	0
2973	0
2974	3
2975	0
2976	0
2977	3
2978	3
2979	0
2980	3
2981	3
2982	3
2983	0
2984	0
2985	1
2986	3
2987	0
2988	0
2989	2
2990	3
2991	1
2992	3
2993	0
2994	1
2995	3
2996	3
2997	0
2998	0
2999	0
3000	2
3001	1
3002	0
3003	3
3004	3
3005	2
3006	1
3007	3
3008	0
3009	0
3010	1
3011	0
3012	0
3013	2
3014	1
3015	0
3016	3
3017	0
3018	1
3019	0
3020	3
3021	0
3022	1
3023	3
3024	0
3025	0
3026	0
3027	0
3028	3
3029	0
3030	0
3031	0
3032	1
3033	0
3034	0
3035	0
3036	3
3037	0
3038	3
3039	2
3040	3
3041	0
3042	3
3043	3
3044	2
3045	3
3046	0
3047	2
3048	2
3049	0
3050	1
3051	0
3052	0
3053	0
3054	3
3055	3
3056	3
3057	0
3058	0
3059	3
3060	0
3061	3
3062	1
3063	3
3064	2
3065	2
3066	3
3067	3
3068	2
3069	3
3070	3
3071	3
3072	0
3073	3
3074	2
3075	1
3076	0
3077	0
3078	0
3079	1
3080	0
3081	0
3082	3
3083	3
3084	3
3085	3
3086	0
3087	3
3088	1
3089	0
3090	3
3091	2
3092	3
3093	0
3094	0
3095	3
3096	0
3097	0
3098	1
3099	1
3100	0
3101	0
3102	3
3103	1
3104	0
3105	0
3106	3
3107	3
3108	0
3109	0
3110	0
3111	3
3112	2
3113	0
3114	2
3115	3
3116	3
3117	3
3118	3
3119	3
3120	0
3121	0
3122	3
3123	2
3124	0
3125	3
3126	3
3127	0
3128	0
3129	3
3130	3
3131	3
3132	0
3133	0
3134	0
3135	1
3136	0
3137	0
3138	3
3139	0
3140	0
3141	1
3142	0
3143	0
3144	3
3145	3
3146	3
3147	3
3148	2
3149	0
3150	1
3151	2
3152	2
3153	0
3154	3
3155	3
3156	0
3157	1
3158	0
3159	2
3160	3
3161	0
3162	0
3163	3
3164	2
3165	0
3166	0
3167	2
3168	0
3169	2
3170	3
3171	3
3172	3
3173	0
3174	1
3175	2
3176	1
3177	3
3178	0
3179	2
3180	1
3181	3
3182	3
3183	3
3184	0
3185	0
3186	0
3187	3
3188	0
3189	3
3190	0
3191	3
3192	3
3193	0
3194	1
3195	3
3196	3
3197	2
3198	0
3199	0
3200	3
3201	1
3202	0
3203	2
3204	2
3205	3
3206	2
3207	2
3208	3
3209	3
3210	0
3211	3
3212	2
3213	3
3214	2
3215	3
3216	0
3217	0
3218	3
3219	3
3220	3
3221	3
3222	0
3223	3
3224	0
3225	0
3226	0
3227	0
3228	0
3229	3
3230	3
3231	3
3232	3
3233	3
3234	0
3235	3
3236	1
3237	2
3238	1
3239	3
3240	3
3241	3
3242	3
3243	2
3244	3
3245	3
3246	2
3247	2
3248	2
3249	0
3250	0
3251	1
3252	3
3253	3
3254	3
3255	3
3256	2
3257	0
3258	0
3259	3
3260	1
3261	3
3262	3
3263	3
3264	0
3265	2
3266	1
3267	0
3268	0
3269	3
3270	1
3271	0
3272	0
3273	0
3274	0
3275	3
3276	0
3277	3
3278	2
3279	1
3280	0
3281	3
3282	3
3283	0
3284	0
3285	2
3286	0
3287	0
3288	1
3289	0
3290	3
3291	3
3292	0
3293	2
3294	3
3295	3
3296	0
3297	3
3298	0
3299	0
3300	0
3301	0
3302	0
3303	3
3304	0
3305	3
3306	3
3307	3
3308	0
3309	0
3310	2
3311	3
3312	3
3313	3
3314	0
3315	3
3316	3
3317	0
3318	0
3319	0
3320	0
3321	0
3322	3
3323	0
3324	0
3325	0
3326	0
3327	3
3328	3
3329	2
3330	3
3331	0
3332	3
3333	3
3334	1
3335	2
3336	0
3337	2
3338	0
3339	3
3340	0
3341	1
3342	0
3343	0
3344	2
3345	3
3346	0
3347	0
3348	3
3349	0
3350	1
3351	0
3352	0
3353	0
3354	0
3355	0
3356	0
3357	0
3358	0
3359	0
3360	2
3361	3
3362	0
3363	0
3364	0
3365	0
3366	0
3367	2
3368	0
3369	1
3370	3
3371	3
3372	2
3373	0
3374	3
3375	3
3376	1
3377	0
3378	2
3379	3
3380	3
3381	0
3382	1
3383	2
3384	2
3385	0
3386	1
3387	0
3388	3
3389	0
3390	0
3391	2
3392	0
3393	0
3394	0
3395	1
3396	2
3397	2
3398	3
3399	2
3400	3
3401	2
3402	3
3403	3
3404	0
3405	0
3406	2
3407	0
3408	2
3409	3
3410	0
3411	2
3412	3
3413	2
3414	0
3415	3
3416	1
3417	3
3418	0
3419	0
3420	1
3421	3
3422	3
3423	3
3424	3
3425	1
3426	1
3427	3
3428	0
3429	0
3430	0
3431	1
3432	3
3433	0
3434	0
3435	0
3436	3
3437	0
3438	0
3439	0
3440	1
3441	0
3442	3
3443	1
3444	3
3445	3
3446	0
3447	3
3448	3
3449	0
3450	3
3451	3
3452	0
3453	3
3454	0
3455	1
3456	0
3457	0
3458	0
3459	0
3460	0
3461	0
3462	0
3463	0
3464	0
3465	3
3466	0
3467	3
3468	1
3469	3
3470	0
3471	3
3472	1
3473	0
3474	1
3475	1
3476	0
3477	0
3478	0
3479	0
3480	0
3481	3
3482	0
3483	3
3484	0
3485	0
3486	3
3487	2
3488	3
3489	0
3490	3
3491	3
3492	0
3493	2
3494	0
3495	3
3496	0
3497	0
3498	3
3499	3
3500	2
3501	0
3502	3
3503	3
3504	0
3505	0
3506	0
3507	0
3508	0
3509	0
3510	3
3511	1
3512	0
3513	0
3514	0
3515	0
3516	0
3517	0
3518	2
3519	0
3520	0
3521	0
3522	0
3523	3
3524	0
3525	0
3526	3
3527	0
3528	3
3529	2
3530	3
3531	3
3532	0
3533	0
3534	3
3535	2
3536	1
3537	3
3538	3
3539	0
3540	1
3541	0
3542	0
3543	3
3544	0
3545	3
3546	0
3547	3
3548	3
3549	0
3550	3
3551	3
3552	2
3553	3
3554	1
3555	3
3556	1
3557	0
3558	3
3559	3
3560	3
3561	3
3562	3
3563	3
3564	3
3565	1
3566	0
3567	3
3568	0
3569	1
3570	0
3571	3
3572	3
3573	3
3574	0
3575	3
3576	3
3577	3
3578	3
3579	0
3580	3
3581	3
3582	1
3583	3
3584	3
3585	3
3586	3
3587	2
3588	0
3589	2
3590	3
3591	3
3592	0
3593	0
3594	0
3595	3
3596	3
3597	3
3598	0
3599	3
3600	1
3601	0
3602	2
3603	3
3604	3
3605	3
3606	2
3607	3
3608	3
3609	0
3610	3
3611	0
3612	3
3613	0
3614	3
3615	0
3616	3
3617	1
3618	3
3619	3
3620	3
3621	0
3622	3
3623	3
3624	3
3625	3
3626	1
3627	2
3628	3
3629	3
3630	0
3631	2
3632	3
3633	0
3634	3
3635	0
3636	0
3637	3
3638	0
3639	0
3640	3
3641	3
3642	3
3643	3
3644	0
3645	1
3646	3
3647	0
3648	3
3649	0
3650	3
3651	3
3652	0
3653	0
3654	3
3655	2
3656	3
3657	3
3658	3
3659	1
3660	0
3661	3
3662	0
3663	3
3664	3
3665	3
3666	2
3667	1
3668	0
3669	0
3670	3
3671	3
3672	3
3673	2
3674	0
3675	3
3676	3
3677	2
3678	3
3679	0
3680	0
3681	0
3682	2
3683	0
3684	0
3685	3
3686	3
3687	0
3688	2
3689	0
3690	3
3691	3
3692	2
3693	0
3694	0
3695	0
3696	0
3697	3
3698	3
3699	3
3700	3
3701	3
3702	0
3703	3
3704	3
3705	0
3706	1
3707	3
3708	2
3709	2
3710	0
3711	0
3712	1
3713	3
3714	2
3715	0
3716	3
3717	1
3718	0
3719	0
3720	1
3721	0
3722	0
3723	3
3724	3
3725	0
3726	0
3727	2
3728	0
3729	0
3730	0
3731	0
3732	1
3733	0
3734	1
3735	0
3736	0
3737	2
3738	0
3739	3
3740	1
3741	3
3742	0
3743	3
3744	3
3745	0
3746	0
3747	0
3748	3
3749	1
3750	3
3751	0
3752	2
3753	3
3754	3
3755	0
3756	3
3757	3
3758	0
3759	0
3760	3
3761	0
3762	3
3763	0
3764	3
3765	0
3766	2
3767	0
3768	3
3769	1
3770	2
3771	3
3772	3
3773	3
3774	0
3775	3
3776	0
3777	0
3778	3
3779	3
3780	0
3781	0
3782	2
3783	3
3784	0
3785	0
3786	3
3787	2
3788	3
3789	3
3790	0
3791	2
3792	0
3793	0
3794	0
3795	0
3796	0
3797	1
3798	3
3799	3
3800	0
3801	0
3802	3
3803	0
3804	3
3805	0
3806	1
3807	2
3808	0
3809	3
3810	0
3811	3
3812	1
3813	2
3814	0
3815	0
3816	0
3817	3
3818	2
3819	0
3820	0
3821	2
3822	3
3823	3
3824	0
3825	2
3826	3
3827	0
3828	3
3829	3
3830	3
3831	0
3832	0
3833	2
3834	3
3835	3
3836	0
3837	3
3838	0
3839	3
3840	0
3841	1
3842	0
3843	0
3844	2
3845	2
3846	1
3847	1
3848	3
3849	3
3850	0
3851	0
3852	0
3853	0
3854	3
3855	0
3856	3
3857	1
3858	3
3859	3
3860	3
3861	0
3862	3
3863	0
3864	1
3865	2
3866	0
3867	0
3868	0
3869	1
3870	3
3871	0
3872	0
3873	0
3874	3
3875	0
3876	0
3877	0
3878	0
3879	2
3880	3
3881	0
3882	0
3883	2
3884	0
3885	0
3886	3
3887	3
3888	0
3889	0
3890	3
3891	3
3892	0
3893	0
3894	0
3895	0
3896	0
3897	3
3898	3
3899	0
3900	0
3901	1
3902	0
3903	0
3904	1
3905	0
3906	0
3907	0
3908	0
3909	1
3910	3
3911	0
3912	3
3913	3
3914	3
3915	0
3916	3
3917	3
3918	3
3919	0
3920	3
3921	1
3922	3
3923	3
3924	1
3925	0
3926	0
3927	0
3928	3
3929	0
3930	3
3931	3
3932	0
3933	3
3934	0
3935	3
3936	0
3937	3
3938	0
3939	0
3940	3
3941	0
3942	3
3943	3
3944	3
3945	1
3946	0
3947	0
3948	0
3949	2
3950	0
3951	3
3952	3
3953	3
3954	0
3955	3
3956	3
3957	3
3958	3
3959	1
3960	0
3961	1
3962	0
3963	3
3964	3
3965	3
3966	3
3967	0
3968	2
3969	3
3970	1
3971	0
3972	3
3973	0
3974	3
3975	0
3976	3
3977	3
3978	0
3979	2
3980	1
3981	0
3982	0
3983	3
3984	3
3985	3
3986	3
3987	3
3988	3
3989	3
3990	0
3991	0
3992	0
3993	0
3994	1
3995	3
3996	0
3997	3
3998	0
3999	1
4000	3
4001	3
4002	1
4003	0
4004	3
4005	1
4006	2
4007	0
4008	0
4009	3
4010	3
4011	3
4012	3
4013	3
4014	3
4015	3
4016	3
4017	0
4018	0
4019	3
4020	1
4021	1
4022	3
4023	0
4024	2
4025	0
4026	0
4027	3
4028	3
4029	0
4030	0
4031	3
4032	3
4033	1
4034	0
4035	0
4036	1
4037	0
4038	3
4039	1
4040	0
4041	2
4042	1
4043	3
4044	0
4045	3
4046	0
4047	0
4048	0
4049	0
4050	3
4051	2
4052	0
4053	2
4054	1
4055	1
4056	3
4057	0
4058	3
4059	2
4060	2
4061	2
4062	3
4063	3
4064	2
4065	3
4066	0
4067	1
4068	2
4069	0
4070	3
4071	0
4072	0
4073	0
4074	3
4075	0
4076	3
4077	0
4078	0
4079	0
4080	3
4081	0
4082	1
4083	0
4084	3
4085	0
4086	3
4087	3
4088	3
4089	0
4090	3
4091	0
4092	3
4093	0
4094	3
4095	3
