COMMAND
./sim gshare 11 8 ./proj2-traces/jpeg_trace.txt
OUTPUT
number of predictions:2000000
number of mispredictions:143348
misprediction rate:   7.17%
FINAL GSHARE CONTENTS
0	3
1	3
2	3
3	0
4	3
5	3
6	3
7	0
8	3
9	3
10	3
11	3
12	1
13	2
14	3
15	2
16	0
17	2
18	3
19	0
20	1
21	1
22	3
23	0
24	0
25	3
26	0
27	0
28	0
29	0
30	2
31	3
32	3
33	3
34	0
35	3
36	3
37	2
38	3
39	1
40	0
41	3
42	3
43	3
44	2
45	2
46	3
47	1
48	2
49	0
50	0
51	0
52	1
53	3
54	3
55	2
56	3
57	0
58	0
59	0
60	3
61	0
62	3
63	0
64	3
65	0
66	2
67	0
68	0
69	3
70	3
71	0
72	3
73	3
74	0
75	0
76	1
77	2
78	3
79	0
80	2
81	3
82	3
83	0
84	3
85	0
86	3
87	0
88	3
89	0
90	2
91	3
92	1
93	3
94	2
95	0
96	0
97	2
98	0
99	3
100	3
101	0
102	3
103	0
104	2
105	0
106	0
107	1
108	3
109	0
110	3
111	0
112	3
113	0
114	0
115	3
116	3
117	0
118	2
119	0
120	2
121	0
122	0
123	0
124	3
125	1
126	3
127	0
128	3
129	0
130	3
131	1
132	0
133	0
134	0
135	0
136	3
137	1
138	1
139	3
140	0
141	1
142	1
143	0
144	3
145	0
146	2
147	3
148	2
149	2
150	3
151	1
152	3
153	3
154	1
155	3
156	2
157	0
158	3
159	3
160	1
161	3
162	3
163	3
164	3
165	2
166	0
167	0
168	3
169	3
170	3
171	3
172	2
173	0
174	2
175	0
176	2
177	3
178	0
179	1
180	2
181	3
182	3
183	1
184	3
185	3
186	3
187	3
188	3
189	0
190	1
191	2
192	0
193	3
194	3
195	3
196	1
197	2
198	3
199	0
200	0
201	3
202	3
203	3
204	3
205	3
206	0
207	3
208	1
209	2
210	3
211	2
212	2
213	2
214	3
215	0
216	1
217	3
218	3
219	0
220	0
221	1
222	3
223	0
224	0
225	3
226	3
227	3
228	2
229	2
230	0
231	0
232	0
233	3
234	3
235	3
236	1
237	2
238	3
239	0
240	1
241	0
242	3
243	0
244	3
245	3
246	3
247	0
248	0
249	0
250	0
251	0
252	1
253	0
254	3
255	0
256	2
257	3
258	3
259	3
260	1
261	1
262	2
263	2
264	1
265	3
266	1
267	3
268	2
269	0
270	2
271	2
272	3
273	3
274	0
275	0
276	2
277	1
278	3
279	3
280	3
281	2
282	0
283	3
284	2
285	3
286	3
287	0
288	3
289	1
290	3
291	0
292	2
293	3
294	3
295	3
296	3
297	3
298	3
299	0
300	3
301	3
302	3
303	3
304	3
305	3
306	1
307	2
308	3
309	3
310	3
311	3
312	3
313	0
314	3
315	0
316	0
317	2
318	0
319	3
320	3
321	2
322	3
323	0
324	1
325	1
326	3
327	3
328	1
329	0
330	3
331	0
332	3
333	0
334	3
335	0
336	3
337	0
338	0
339	0
340	2
341	3
342	0
343	3
344	1
345	0
346	0
347	0
348	2
349	0
350	0
351	0
352	1
353	2
354	3
355	0
356	1
357	3
358	3
359	1
360	3
361	2
362	2
363	1
364	3
365	3
366	3
367	3
368	1
369	3
370	2
371	0
372	3
373	1
374	3
375	3
376	0
377	1
378	0
379	0
380	2
381	0
382	3
383	3
384	3
385	1
386	0
387	3
388	1
389	0
390	2
391	1
392	1
393	0
394	0
395	2
396	2
397	3
398	3
399	0
400	1
401	3
402	1
403	0
404	0
405	3
406	3
407	3
408	1
409	3
410	0
411	3
412	1
413	3
414	0
415	0
416	1
417	1
418	2
419	2
420	1
421	0
422	3
423	0
424	0
425	0
426	1
427	0
428	3
429	3
430	0
431	0
432	3
433	0
434	3
435	0
436	2
437	3
438	0
439	3
440	1
441	3
442	2
443	3
444	3
445	2
446	3
447	0
448	0
449	3
450	0
451	0
452	0
453	3
454	3
455	0
456	3
457	0
458	2
459	0
460	2
461	3
462	3
463	0
464	0
465	3
466	3
467	2
468	0
469	3
470	3
471	0
472	0
473	0
474	3
475	0
476	0
477	3
478	3
479	3
480	3
481	2
482	3
483	0
484	3
485	3
486	3
487	2
488	0
489	2
490	3
491	1
492	0
493	2
494	3
495	0
496	3
497	0
498	3
499	0
500	3
501	3
502	2
503	0
504	0
505	0
506	3
507	3
508	0
509	3
510	2
511	1
512	3
513	2
514	3
515	2
516	0
517	0
518	2
519	3
520	3
521	1
522	0
523	2
524	3
525	0
526	2
527	3
528	0
529	0
530	0
531	2
532	3
533	0
534	0
535	3
536	3
537	3
538	0
539	1
540	3
541	0
542	0
543	3
544	3
545	0
546	3
547	2
548	2
549	0
550	2
551	3
552	0
553	2
554	2
555	3
556	0
557	1
558	0
559	3
560	0
561	0
562	3
563	3
564	0
565	2
566	2
567	3
568	0
569	3
570	3
571	2
572	2
573	0
574	2
575	1
576	1
577	3
578	2
579	3
580	2
581	3
582	0
583	3
584	3
585	2
586	3
587	3
588	3
589	3
590	0
591	2
592	0
593	3
594	2
595	0
596	0
597	3
598	2
599	3
600	0
601	0
602	3
603	2
604	1
605	2
606	1
607	0
608	3
609	3
610	3
611	3
612	0
613	1
614	3
615	1
616	3
617	3
618	0
619	3
620	1
621	2
622	3
623	2
624	3
625	3
626	3
627	2
628	3
629	2
630	0
631	0
632	0
633	3
634	3
635	0
636	0
637	3
638	1
639	1
640	3
641	3
642	2
643	0
644	2
645	0
646	0
647	3
648	2
649	2
650	2
651	2
652	1
653	0
654	3
655	3
656	3
657	3
658	0
659	3
660	0
661	0
662	3
663	3
664	0
665	2
666	3
667	3
668	2
669	0
670	3
671	3
672	0
673	0
674	2
675	3
676	0
677	3
678	0
679	3
680	2
681	3
682	2
683	3
684	0
685	3
686	3
687	3
688	2
689	3
690	2
691	3
692	3
693	0
694	3
695	0
696	0
697	3
698	3
699	3
700	1
701	3
702	3
703	3
704	0
705	0
706	3
707	3
708	3
709	2
710	3
711	0
712	3
713	3
714	3
715	2
716	1
717	3
718	3
719	0
720	3
721	3
722	2
723	3
724	0
725	0
726	0
727	0
728	3
729	3
730	3
731	3
732	0
733	3
734	1
735	1
736	3
737	2
738	3
739	3
740	0
741	2
742	0
743	1
744	3
745	0
746	3
747	3
748	0
749	3
750	0
751	3
752	3
753	3
754	2
755	3
756	3
757	0
758	3
759	1
760	3
761	3
762	2
763	3
764	3
765	3
766	3
767	3
768	3
769	0
770	2
771	0
772	3
773	1
774	3
775	3
776	2
777	2
778	3
779	0
780	3
781	2
782	3
783	2
784	0
785	2
786	3
787	0
788	0
789	3
790	0
791	3
792	2
793	3
794	0
795	3
796	2
797	2
798	2
799	1
800	3
801	3
802	3
803	1
804	3
805	3
806	0
807	1
808	3
809	0
810	3
811	3
812	0
813	3
814	2
815	3
816	1
817	3
818	3
819	3
820	0
821	0
822	3
823	1
824	1
825	2
826	0
827	3
828	3
829	0
830	0
831	3
832	2
833	2
834	2
835	0
836	3
837	0
838	1
839	1
840	3
841	3
842	0
843	3
844	0
845	0
846	1
847	2
848	0
849	3
850	2
851	2
852	0
853	1
854	0
855	3
856	3
857	0
858	0
859	3
860	0
861	1
862	0
863	0
864	0
865	2
866	0
867	0
868	0
869	3
870	0
871	0
872	2
873	0
874	0
875	0
876	0
877	0
878	0
879	3
880	2
881	0
882	0
883	2
884	0
885	0
886	1
887	3
888	3
889	0
890	1
891	0
892	2
893	0
894	3
895	3
896	3
897	0
898	3
899	0
900	2
901	0
902	1
903	3
904	3
905	3
906	3
907	0
908	0
909	3
910	0
911	3
912	3
913	2
914	3
915	3
916	0
917	3
918	2
919	0
920	2
921	1
922	3
923	2
924	3
925	2
926	0
927	3
928	2
929	0
930	3
931	3
932	0
933	0
934	2
935	0
936	3
937	0
938	3
939	0
940	0
941	1
942	0
943	3
944	3
945	0
946	3
947	2
948	0
949	2
950	0
951	1
952	3
953	0
954	3
955	3
956	2
957	1
958	2
959	1
960	3
961	0
962	0
963	2
964	3
965	3
966	2
967	0
968	3
969	3
970	2
971	3
972	1
973	3
974	1
975	3
976	3
977	0
978	0
979	3
980	0
981	0
982	2
983	0
984	1
985	2
986	3
987	3
988	0
989	1
990	3
991	2
992	3
993	0
994	0
995	0
996	0
997	2
998	3
999	3
1000	3
1001	0
1002	3
1003	3
1004	3
1005	1
1006	3
1007	2
1008	2
1009	3
1010	0
1011	2
1012	0
1013	0
1014	3
1015	3
1016	0
1017	3
1018	0
1019	0
1020	2
1021	1
1022	2
1023	1
1024	1
1025	2
1026	0
1027	0
1028	3
1029	3
1030	1
1031	2
1032	3
1033	2
1034	3
1035	0
1036	3
1037	3
1038	3
1039	1
1040	1
1041	3
1042	2
1043	1
1044	2
1045	0
1046	3
1047	3
1048	3
1049	3
1050	3
1051	0
1052	0
1053	1
1054	3
1055	0
1056	3
1057	3
1058	3
1059	0
1060	2
1061	0
1062	3
1063	2
1064	3
1065	3
1066	3
1067	1
1068	0
1069	3
1070	2
1071	0
1072	3
1073	1
1074	3
1075	0
1076	3
1077	3
1078	0
1079	3
1080	3
1081	2
1082	0
1083	0
1084	3
1085	3
1086	3
1087	2
1088	3
1089	1
1090	3
1091	0
1092	0
1093	1
1094	0
1095	3
1096	3
1097	0
1098	3
1099	2
1100	1
1101	2
1102	0
1103	3
1104	3
1105	2
1106	3
1107	0
1108	1
1109	3
1110	3
1111	3
1112	3
1113	3
1114	1
1115	3
1116	0
1117	2
1118	3
1119	3
1120	3
1121	0
1122	3
1123	0
1124	3
1125	0
1126	3
1127	3
1128	0
1129	3
1130	0
1131	3
1132	3
1133	0
1134	3
1135	3
1136	0
1137	3
1138	3
1139	2
1140	3
1141	0
1142	3
1143	0
1144	3
1145	2
1146	0
1147	0
1148	1
1149	2
1150	2
1151	3
1152	3
1153	0
1154	3
1155	3
1156	0
1157	0
1158	3
1159	2
1160	3
1161	3
1162	3
1163	3
1164	2
1165	0
1166	3
1167	2
1168	3
1169	2
1170	3
1171	1
1172	3
1173	0
1174	3
1175	3
1176	3
1177	0
1178	3
1179	1
1180	0
1181	3
1182	3
1183	3
1184	3
1185	3
1186	2
1187	3
1188	0
1189	0
1190	1
1191	2
1192	3
1193	0
1194	2
1195	1
1196	1
1197	0
1198	3
1199	3
1200	3
1201	0
1202	3
1203	0
1204	0
1205	0
1206	3
1207	0
1208	3
1209	1
1210	0
1211	3
1212	0
1213	3
1214	0
1215	3
1216	3
1217	3
1218	3
1219	3
1220	3
1221	3
1222	3
1223	2
1224	3
1225	3
1226	3
1227	3
1228	2
1229	2
1230	3
1231	3
1232	1
1233	1
1234	3
1235	2
1236	2
1237	0
1238	3
1239	3
1240	3
1241	0
1242	0
1243	1
1244	0
1245	0
1246	1
1247	0
1248	3
1249	2
1250	3
1251	3
1252	3
1253	3
1254	3
1255	3
1256	3
1257	0
1258	0
1259	3
1260	3
1261	0
1262	1
1263	1
1264	3
1265	2
1266	3
1267	3
1268	0
1269	3
1270	3
1271	3
1272	3
1273	3
1274	2
1275	3
1276	1
1277	2
1278	0
1279	3
1280	3
1281	3
1282	3
1283	1
1284	1
1285	3
1286	3
1287	2
1288	3
1289	3
1290	3
1291	3
1292	3
1293	3
1294	3
1295	3
1296	3
1297	1
1298	2
1299	0
1300	3
1301	3
1302	0
1303	3
1304	3
1305	0
1306	3
1307	3
1308	3
1309	3
1310	3
1311	0
1312	3
1313	0
1314	3
1315	3
1316	3
1317	1
1318	3
1319	0
1320	3
1321	3
1322	2
1323	2
1324	0
1325	1
1326	0
1327	3
1328	3
1329	3
1330	2
1331	0
1332	0
1333	1
1334	3
1335	1
1336	3
1337	0
1338	0
1339	3
1340	3
1341	3
1342	0
1343	0
1344	3
1345	2
1346	3
1347	2
1348	3
1349	2
1350	2
1351	0
1352	3
1353	2
1354	1
1355	2
1356	1
1357	3
1358	3
1359	0
1360	3
1361	3
1362	2
1363	0
1364	0
1365	3
1366	1
1367	0
1368	2
1369	3
1370	3
1371	0
1372	2
1373	0
1374	0
1375	2
1376	0
1377	1
1378	3
1379	3
1380	3
1381	3
1382	3
1383	2
1384	3
1385	3
1386	3
1387	1
1388	3
1389	3
1390	3
1391	2
1392	0
1393	2
1394	3
1395	2
1396	3
1397	0
1398	3
1399	0
1400	3
1401	3
1402	3
1403	2
1404	3
1405	0
1406	3
1407	2
1408	3
1409	3
1410	0
1411	0
1412	3
1413	0
1414	3
1415	0
1416	3
1417	0
1418	2
1419	0
1420	0
1421	3
1422	3
1423	0
1424	3
1425	3
1426	2
1427	1
1428	3
1429	3
1430	3
1431	0
1432	3
1433	3
1434	3
1435	1
1436	1
1437	1
1438	3
1439	0
1440	3
1441	3
1442	2
1443	2
1444	3
1445	3
1446	3
1447	3
1448	3
1449	3
1450	3
1451	3
1452	0
1453	1
1454	3
1455	0
1456	3
1457	0
1458	3
1459	0
1460	2
1461	3
1462	3
1463	0
1464	2
1465	3
1466	0
1467	3
1468	2
1469	2
1470	3
1471	3
1472	2
1473	3
1474	0
1475	3
1476	0
1477	3
1478	3
1479	0
1480	3
1481	3
1482	3
1483	2
1484	1
1485	3
1486	3
1487	2
1488	3
1489	2
1490	1
1491	2
1492	0
1493	3
1494	3
1495	0
1496	2
1497	0
1498	0
1499	2
1500	1
1501	2
1502	0
1503	0
1504	0
1505	3
1506	0
1507	1
1508	3
1509	3
1510	3
1511	3
1512	2
1513	3
1514	3
1515	2
1516	3
1517	0
1518	3
1519	1
1520	3
1521	3
1522	2
1523	0
1524	0
1525	3
1526	0
1527	3
1528	3
1529	1
1530	3
1531	0
1532	3
1533	3
1534	3
1535	3
1536	0
1537	2
1538	3
1539	3
1540	2
1541	3
1542	0
1543	3
1544	3
1545	3
1546	3
1547	2
1548	0
1549	0
1550	1
1551	1
1552	3
1553	1
1554	3
1555	0
1556	3
1557	0
1558	1
1559	2
1560	3
1561	0
1562	3
1563	3
1564	3
1565	1
1566	3
1567	3
1568	3
1569	0
1570	3
1571	0
1572	0
1573	0
1574	3
1575	3
1576	2
1577	3
1578	3
1579	2
1580	0
1581	0
1582	0
1583	0
1584	3
1585	1
1586	3
1587	0
1588	3
1589	0
1590	3
1591	3
1592	3
1593	1
1594	3
1595	1
1596	3
1597	2
1598	3
1599	0
1600	3
1601	3
1602	0
1603	3
1604	0
1605	0
1606	3
1607	3
1608	3
1609	0
1610	0
1611	1
1612	3
1613	0
1614	2
1615	3
1616	3
1617	3
1618	2
1619	3
1620	0
1621	0
1622	1
1623	3
1624	3
1625	3
1626	3
1627	2
1628	2
1629	0
1630	3
1631	3
1632	2
1633	3
1634	0
1635	2
1636	1
1637	0
1638	2
1639	1
1640	2
1641	3
1642	0
1643	2
1644	0
1645	0
1646	2
1647	3
1648	0
1649	3
1650	1
1651	0
1652	0
1653	0
1654	2
1655	3
1656	3
1657	2
1658	0
1659	0
1660	0
1661	3
1662	3
1663	3
1664	2
1665	2
1666	3
1667	3
1668	0
1669	3
1670	2
1671	3
1672	3
1673	0
1674	3
1675	3
1676	3
1677	2
1678	3
1679	1
1680	3
1681	3
1682	3
1683	1
1684	3
1685	2
1686	2
1687	3
1688	3
1689	1
1690	3
1691	3
1692	3
1693	3
1694	3
1695	3
1696	3
1697	1
1698	3
1699	3
1700	3
1701	3
1702	0
1703	3
1704	3
1705	0
1706	3
1707	0
1708	3
1709	3
1710	3
1711	3
1712	3
1713	3
1714	3
1715	3
1716	0
1717	1
1718	0
1719	3
1720	3
1721	1
1722	3
1723	3
1724	3
1725	2
1726	3
1727	3
1728	3
1729	3
1730	3
1731	3
1732	3
1733	2
1734	3
1735	3
1736	3
1737	3
1738	3
1739	3
1740	1
1741	3
1742	3
1743	3
1744	2
1745	3
1746	3
1747	2
1748	3
1749	3
1750	3
1751	3
1752	3
1753	3
1754	0
1755	3
1756	2
1757	2
1758	2
1759	3
1760	0
1761	3
1762	2
1763	3
1764	3
1765	2
1766	0
1767	3
1768	3
1769	3
1770	3
1771	3
1772	2
1773	3
1774	0
1775	3
1776	0
1777	3
1778	3
1779	0
1780	3
1781	3
1782	3
1783	1
1784	3
1785	2
1786	3
1787	2
1788	3
1789	1
1790	3
1791	0
1792	3
1793	3
1794	0
1795	3
1796	3
1797	3
1798	3
1799	3
1800	3
1801	0
1802	3
1803	0
1804	2
1805	3
1806	3
1807	3
1808	3
1809	0
1810	0
1811	2
1812	3
1813	1
1814	2
1815	1
1816	3
1817	3
1818	0
1819	3
1820	2
1821	3
1822	3
1823	3
1824	3
1825	3
1826	3
1827	0
1828	3
1829	0
1830	3
1831	3
1832	0
1833	1
1834	3
1835	3
1836	0
1837	3
1838	3
1839	3
1840	3
1841	1
1842	3
1843	3
1844	3
1845	1
1846	3
1847	0
1848	3
1849	0
1850	0
1851	0
1852	3
1853	3
1854	3
1855	3
1856	3
1857	3
1858	3
1859	3
1860	2
1861	1
1862	3
1863	3
1864	3
1865	2
1866	2
1867	3
1868	3
1869	3
1870	2
1871	0
1872	3
1873	1
1874	3
1875	3
1876	3
1877	3
1878	2
1879	3
1880	3
1881	3
1882	3
1883	3
1884	3
1885	0
1886	3
1887	3
1888	0
1889	0
1890	2
1891	2
1892	3
1893	0
1894	2
1895	1
1896	3
1897	3
1898	3
1899	3
1900	3
1901	1
1902	3
1903	0
1904	3
1905	1
1906	3
1907	3
1908	3
1909	3
1910	0
1911	3
1912	3
1913	0
1914	2
1915	3
1916	3
1917	3
1918	3
1919	0
1920	3
1921	0
1922	3
1923	3
1924	3
1925	3
1926	3
1927	3
1928	3
1929	2
1930	3
1931	3
1932	1
1933	0
1934	3
1935	3
1936	0
1937	1
1938	3
1939	0
1940	2
1941	3
1942	3
1943	3
1944	3
1945	3
1946	3
1947	0
1948	3
1949	3
1950	3
1951	2
1952	3
1953	3
1954	2
1955	2
1956	0
1957	3
1958	2
1959	2
1960	3
1961	3
1962	3
1963	3
1964	3
1965	1
1966	3
1967	3
1968	3
1969	3
1970	1
1971	3
1972	0
1973	0
1974	3
1975	3
1976	3
1977	1
1978	3
1979	3
1980	3
1981	3
1982	2
1983	3
1984	3
1985	3
1986	3
1987	3
1988	0
1989	0
1990	3
1991	3
1992	3
1993	3
1994	2
1995	3
1996	2
1997	2
1998	2
1999	3
2000	3
2001	3
2002	3
2003	3
2004	1
2005	1
2006	3
2007	0
2008	1
2009	3
2010	0
2011	1
2012	3
2013	3
2014	3
2015	0
2016	2
2017	3
2018	3
2019	0
2020	3
2021	3
2022	3
2023	3
2024	3
2025	3
2026	3
2027	0
2028	2
2029	0
2030	0
2031	3
2032	3
2033	1
2034	3
2035	1
2036	0
2037	2
2038	3
2039	3
2040	3
2041	0
2042	3
2043	0
2044	2
2045	0
2046	1
2047	3
