COMMAND
./sim gshare 13 2 ./proj2-traces/perl_trace.txt
OUTPUT
number of predictions:2000000
number of mispredictions:184575
misprediction rate:   9.23%
FINAL GSHARE CONTENTS
0	2
1	2
2	3
3	2
4	2
5	1
6	2
7	2
8	2
9	2
10	3
11	2
12	3
13	3
14	2
15	2
16	2
17	2
18	2
19	2
20	2
21	2
22	2
23	2
24	1
25	3
26	3
27	2
28	2
29	2
30	2
31	3
32	2
33	2
34	0
35	3
36	3
37	2
38	3
39	3
40	2
41	3
42	3
43	3
44	1
45	2
46	2
47	0
48	1
49	3
50	3
51	2
52	2
53	0
54	2
55	2
56	2
57	1
58	2
59	0
60	0
61	2
62	2
63	2
64	0
65	2
66	2
67	2
68	2
69	0
70	2
71	2
72	2
73	3
74	2
75	2
76	2
77	2
78	2
79	3
80	2
81	2
82	2
83	3
84	2
85	0
86	2
87	2
88	2
89	2
90	2
91	2
92	2
93	2
94	2
95	1
96	2
97	2
98	2
99	3
100	2
101	0
102	2
103	2
104	2
105	2
106	1
107	2
108	3
109	2
110	2
111	3
112	2
113	0
114	0
115	3
116	2
117	2
118	2
119	2
120	2
121	0
122	2
123	2
124	2
125	2
126	2
127	2
128	3
129	2
130	2
131	1
132	3
133	2
134	0
135	0
136	2
137	3
138	3
139	3
140	3
141	0
142	2
143	2
144	1
145	2
146	1
147	2
148	2
149	2
150	2
151	0
152	2
153	2
154	2
155	2
156	2
157	2
158	3
159	2
160	2
161	0
162	2
163	3
164	2
165	0
166	2
167	0
168	2
169	0
170	2
171	3
172	2
173	2
174	2
175	2
176	2
177	2
178	0
179	2
180	2
181	2
182	2
183	2
184	3
185	3
186	2
187	1
188	2
189	3
190	2
191	2
192	1
193	2
194	2
195	2
196	0
197	2
198	2
199	2
200	2
201	3
202	2
203	2
204	2
205	2
206	2
207	2
208	0
209	2
210	0
211	2
212	2
213	0
214	2
215	0
216	0
217	2
218	0
219	0
220	2
221	3
222	1
223	2
224	2
225	3
226	3
227	1
228	2
229	2
230	2
231	2
232	2
233	2
234	2
235	2
236	2
237	2
238	3
239	3
240	2
241	0
242	3
243	2
244	2
245	2
246	2
247	2
248	3
249	3
250	2
251	3
252	3
253	2
254	3
255	3
256	2
257	2
258	2
259	2
260	2
261	2
262	2
263	1
264	2
265	2
266	3
267	2
268	2
269	3
270	2
271	2
272	2
273	3
274	2
275	2
276	2
277	1
278	3
279	2
280	2
281	2
282	3
283	3
284	2
285	2
286	2
287	3
288	2
289	2
290	2
291	2
292	2
293	2
294	2
295	2
296	3
297	2
298	2
299	3
300	2
301	3
302	3
303	2
304	2
305	2
306	2
307	2
308	2
309	2
310	2
311	2
312	2
313	2
314	2
315	3
316	2
317	2
318	2
319	0
320	2
321	3
322	2
323	0
324	2
325	3
326	2
327	0
328	2
329	2
330	2
331	2
332	2
333	2
334	3
335	2
336	3
337	2
338	1
339	2
340	2
341	0
342	0
343	2
344	2
345	3
346	2
347	2
348	2
349	2
350	2
351	2
352	2
353	3
354	2
355	2
356	2
357	2
358	2
359	2
360	2
361	2
362	3
363	2
364	2
365	2
366	2
367	2
368	2
369	2
370	2
371	2
372	2
373	2
374	2
375	0
376	0
377	2
378	2
379	2
380	3
381	3
382	2
383	2
384	2
385	2
386	2
387	2
388	2
389	3
390	2
391	2
392	2
393	2
394	2
395	2
396	2
397	2
398	2
399	2
400	2
401	2
402	2
403	2
404	2
405	2
406	2
407	0
408	2
409	2
410	2
411	3
412	2
413	2
414	2
415	2
416	0
417	2
418	2
419	0
420	2
421	2
422	2
423	3
424	2
425	2
426	2
427	2
428	3
429	0
430	2
431	0
432	2
433	2
434	2
435	0
436	2
437	2
438	2
439	2
440	2
441	2
442	2
443	2
444	2
445	2
446	2
447	2
448	2
449	2
450	2
451	2
452	3
453	2
454	2
455	1
456	2
457	2
458	2
459	2
460	2
461	2
462	2
463	2
464	2
465	2
466	2
467	2
468	2
469	2
470	2
471	2
472	2
473	2
474	2
475	2
476	2
477	2
478	2
479	2
480	2
481	2
482	2
483	1
484	2
485	1
486	2
487	3
488	0
489	2
490	3
491	2
492	2
493	2
494	2
495	2
496	2
497	2
498	2
499	0
500	2
501	2
502	2
503	2
504	3
505	2
506	2
507	2
508	3
509	2
510	2
511	2
512	2
513	0
514	2
515	2
516	2
517	3
518	2
519	2
520	2
521	1
522	2
523	2
524	2
525	2
526	3
527	2
528	2
529	2
530	1
531	2
532	2
533	3
534	2
535	2
536	2
537	2
538	3
539	2
540	2
541	2
542	2
543	2
544	2
545	2
546	2
547	0
548	2
549	2
550	2
551	2
552	2
553	2
554	2
555	2
556	2
557	2
558	2
559	2
560	3
561	3
562	2
563	2
564	2
565	2
566	0
567	2
568	2
569	2
570	2
571	2
572	2
573	2
574	2
575	1
576	2
577	2
578	2
579	2
580	2
581	2
582	2
583	2
584	2
585	2
586	0
587	1
588	2
589	2
590	2
591	2
592	2
593	2
594	1
595	2
596	0
597	2
598	3
599	2
600	2
601	2
602	0
603	3
604	2
605	2
606	1
607	2
608	2
609	2
610	2
611	2
612	2
613	3
614	2
615	3
616	2
617	2
618	3
619	0
620	2
621	3
622	2
623	2
624	0
625	2
626	0
627	3
628	2
629	2
630	2
631	2
632	2
633	2
634	1
635	2
636	2
637	2
638	3
639	1
640	1
641	2
642	2
643	2
644	3
645	2
646	2
647	3
648	2
649	2
650	2
651	2
652	2
653	2
654	3
655	3
656	2
657	2
658	2
659	3
660	3
661	2
662	2
663	2
664	0
665	2
666	2
667	2
668	0
669	2
670	2
671	2
672	2
673	2
674	2
675	2
676	1
677	2
678	2
679	2
680	2
681	2
682	2
683	3
684	2
685	2
686	1
687	2
688	2
689	2
690	2
691	2
692	1
693	2
694	2
695	2
696	2
697	2
698	2
699	2
700	2
701	2
702	2
703	2
704	2
705	2
706	2
707	2
708	0
709	0
710	3
711	2
712	2
713	2
714	2
715	0
716	3
717	2
718	2
719	2
720	2
721	2
722	2
723	2
724	2
725	3
726	2
727	2
728	2
729	2
730	2
731	2
732	2
733	2
734	2
735	2
736	2
737	2
738	2
739	2
740	2
741	3
742	2
743	2
744	2
745	2
746	2
747	0
748	2
749	2
750	2
751	2
752	2
753	2
754	2
755	3
756	2
757	2
758	2
759	2
760	3
761	2
762	2
763	2
764	0
765	2
766	2
767	2
768	2
769	2
770	2
771	0
772	2
773	2
774	2
775	2
776	3
777	2
778	2
779	2
780	2
781	2
782	2
783	2
784	2
785	2
786	3
787	2
788	2
789	2
790	2
791	2
792	0
793	0
794	2
795	2
796	2
797	2
798	3
799	2
800	2
801	2
802	2
803	2
804	2
805	2
806	2
807	2
808	2
809	2
810	3
811	2
812	2
813	2
814	2
815	2
816	2
817	2
818	2
819	1
820	2
821	2
822	0
823	2
824	2
825	2
826	2
827	2
828	1
829	2
830	2
831	1
832	2
833	2
834	3
835	2
836	2
837	2
838	2
839	2
840	0
841	3
842	2
843	2
844	3
845	2
846	2
847	2
848	3
849	2
850	2
851	2
852	2
853	3
854	2
855	2
856	0
857	3
858	2
859	2
860	3
861	3
862	0
863	2
864	0
865	2
866	3
867	2
868	0
869	2
870	2
871	2
872	3
873	0
874	2
875	2
876	2
877	2
878	2
879	2
880	2
881	2
882	0
883	2
884	2
885	2
886	3
887	0
888	3
889	2
890	0
891	2
892	2
893	2
894	2
895	2
896	2
897	2
898	2
899	2
900	3
901	3
902	2
903	3
904	2
905	0
906	2
907	2
908	1
909	2
910	2
911	2
912	2
913	3
914	2
915	2
916	2
917	2
918	2
919	0
920	2
921	2
922	2
923	2
924	2
925	2
926	2
927	2
928	2
929	0
930	3
931	2
932	2
933	2
934	2
935	2
936	2
937	2
938	2
939	2
940	2
941	2
942	2
943	2
944	2
945	3
946	1
947	2
948	2
949	2
950	3
951	2
952	2
953	2
954	2
955	2
956	2
957	2
958	2
959	2
960	2
961	2
962	2
963	2
964	2
965	2
966	2
967	2
968	1
969	2
970	0
971	2
972	2
973	2
974	3
975	2
976	3
977	3
978	0
979	2
980	2
981	2
982	2
983	1
984	2
985	2
986	0
987	2
988	2
989	2
990	3
991	3
992	2
993	2
994	2
995	2
996	2
997	3
998	0
999	2
1000	3
1001	0
1002	2
1003	3
1004	2
1005	2
1006	2
1007	2
1008	2
1009	2
1010	0
1011	2
1012	2
1013	2
1014	2
1015	3
1016	2
1017	2
1018	2
1019	2
1020	2
1021	2
1022	2
1023	1
1024	1
1025	2
1026	1
1027	2
1028	2
1029	2
1030	2
1031	3
1032	2
1033	2
1034	2
1035	2
1036	2
1037	2
1038	2
1039	2
1040	2
1041	2
1042	2
1043	2
1044	2
1045	2
1046	2
1047	0
1048	2
1049	2
1050	2
1051	2
1052	2
1053	3
1054	2
1055	2
1056	2
1057	0
1058	2
1059	2
1060	2
1061	0
1062	2
1063	3
1064	3
1065	2
1066	2
1067	2
1068	2
1069	2
1070	3
1071	2
1072	2
1073	2
1074	2
1075	0
1076	2
1077	2
1078	2
1079	2
1080	2
1081	2
1082	2
1083	2
1084	0
1085	2
1086	3
1087	2
1088	2
1089	2
1090	2
1091	2
1092	2
1093	2
1094	1
1095	1
1096	2
1097	2
1098	2
1099	2
1100	2
1101	2
1102	2
1103	3
1104	2
1105	0
1106	2
1107	2
1108	2
1109	2
1110	2
1111	0
1112	2
1113	2
1114	2
1115	2
1116	2
1117	2
1118	0
1119	2
1120	2
1121	2
1122	2
1123	2
1124	0
1125	2
1126	0
1127	2
1128	2
1129	2
1130	2
1131	2
1132	2
1133	2
1134	3
1135	2
1136	2
1137	2
1138	1
1139	2
1140	2
1141	1
1142	3
1143	0
1144	2
1145	2
1146	2
1147	2
1148	2
1149	2
1150	2
1151	3
1152	2
1153	2
1154	2
1155	2
1156	2
1157	2
1158	2
1159	2
1160	2
1161	3
1162	2
1163	2
1164	2
1165	2
1166	2
1167	2
1168	2
1169	2
1170	2
1171	2
1172	3
1173	2
1174	1
1175	2
1176	2
1177	0
1178	2
1179	2
1180	2
1181	2
1182	2
1183	2
1184	2
1185	2
1186	2
1187	2
1188	2
1189	2
1190	2
1191	2
1192	2
1193	2
1194	0
1195	1
1196	2
1197	2
1198	0
1199	2
1200	2
1201	2
1202	2
1203	2
1204	2
1205	0
1206	3
1207	2
1208	2
1209	2
1210	3
1211	3
1212	2
1213	3
1214	3
1215	2
1216	2
1217	2
1218	2
1219	2
1220	2
1221	0
1222	2
1223	0
1224	3
1225	2
1226	2
1227	0
1228	2
1229	2
1230	2
1231	2
1232	2
1233	3
1234	2
1235	3
1236	2
1237	2
1238	3
1239	2
1240	2
1241	2
1242	2
1243	2
1244	2
1245	0
1246	2
1247	0
1248	2
1249	2
1250	2
1251	2
1252	2
1253	3
1254	3
1255	3
1256	2
1257	3
1258	3
1259	3
1260	2
1261	2
1262	2
1263	2
1264	0
1265	2
1266	2
1267	2
1268	2
1269	2
1270	2
1271	0
1272	2
1273	2
1274	3
1275	2
1276	0
1277	2
1278	2
1279	2
1280	2
1281	2
1282	2
1283	2
1284	2
1285	3
1286	2
1287	2
1288	2
1289	2
1290	2
1291	2
1292	2
1293	2
1294	2
1295	2
1296	2
1297	2
1298	2
1299	2
1300	3
1301	2
1302	2
1303	2
1304	2
1305	2
1306	3
1307	2
1308	1
1309	3
1310	1
1311	2
1312	3
1313	3
1314	0
1315	2
1316	1
1317	2
1318	2
1319	2
1320	2
1321	2
1322	2
1323	0
1324	2
1325	2
1326	2
1327	2
1328	3
1329	2
1330	2
1331	1
1332	2
1333	2
1334	2
1335	2
1336	2
1337	2
1338	2
1339	2
1340	0
1341	2
1342	2
1343	2
1344	2
1345	0
1346	2
1347	2
1348	2
1349	2
1350	2
1351	2
1352	2
1353	2
1354	2
1355	1
1356	2
1357	3
1358	1
1359	2
1360	2
1361	2
1362	2
1363	2
1364	3
1365	3
1366	2
1367	3
1368	2
1369	2
1370	2
1371	2
1372	2
1373	2
1374	2
1375	2
1376	2
1377	2
1378	1
1379	1
1380	2
1381	0
1382	2
1383	2
1384	0
1385	2
1386	2
1387	3
1388	2
1389	2
1390	3
1391	2
1392	2
1393	2
1394	2
1395	0
1396	2
1397	2
1398	2
1399	2
1400	2
1401	2
1402	3
1403	1
1404	3
1405	1
1406	0
1407	2
1408	2
1409	2
1410	2
1411	2
1412	2
1413	2
1414	2
1415	2
1416	2
1417	1
1418	2
1419	2
1420	2
1421	2
1422	1
1423	2
1424	2
1425	2
1426	2
1427	2
1428	2
1429	1
1430	2
1431	2
1432	3
1433	2
1434	2
1435	2
1436	0
1437	0
1438	2
1439	1
1440	0
1441	2
1442	3
1443	3
1444	2
1445	2
1446	2
1447	2
1448	2
1449	2
1450	0
1451	3
1452	2
1453	2
1454	3
1455	2
1456	2
1457	2
1458	0
1459	2
1460	2
1461	2
1462	2
1463	3
1464	2
1465	2
1466	3
1467	3
1468	2
1469	1
1470	2
1471	2
1472	2
1473	2
1474	3
1475	2
1476	0
1477	2
1478	0
1479	2
1480	1
1481	2
1482	2
1483	3
1484	2
1485	3
1486	3
1487	2
1488	2
1489	2
1490	3
1491	2
1492	2
1493	2
1494	2
1495	2
1496	3
1497	2
1498	2
1499	2
1500	2
1501	2
1502	0
1503	2
1504	2
1505	2
1506	2
1507	3
1508	2
1509	2
1510	2
1511	1
1512	2
1513	1
1514	2
1515	0
1516	0
1517	2
1518	3
1519	2
1520	3
1521	0
1522	2
1523	2
1524	2
1525	2
1526	2
1527	2
1528	2
1529	2
1530	3
1531	2
1532	0
1533	2
1534	2
1535	2
1536	2
1537	3
1538	2
1539	2
1540	2
1541	2
1542	2
1543	2
1544	3
1545	3
1546	2
1547	2
1548	2
1549	2
1550	3
1551	2
1552	2
1553	1
1554	2
1555	0
1556	2
1557	2
1558	3
1559	2
1560	2
1561	2
1562	2
1563	2
1564	0
1565	2
1566	2
1567	2
1568	2
1569	2
1570	2
1571	3
1572	2
1573	2
1574	2
1575	0
1576	2
1577	2
1578	2
1579	3
1580	2
1581	2
1582	2
1583	2
1584	0
1585	2
1586	2
1587	2
1588	3
1589	3
1590	2
1591	1
1592	3
1593	0
1594	3
1595	2
1596	3
1597	2
1598	3
1599	2
1600	2
1601	0
1602	2
1603	3
1604	2
1605	2
1606	2
1607	2
1608	3
1609	2
1610	2
1611	2
1612	3
1613	3
1614	2
1615	2
1616	2
1617	2
1618	2
1619	2
1620	2
1621	2
1622	2
1623	2
1624	3
1625	2
1626	3
1627	0
1628	2
1629	3
1630	2
1631	0
1632	2
1633	2
1634	3
1635	2
1636	2
1637	3
1638	2
1639	2
1640	2
1641	0
1642	2
1643	2
1644	2
1645	2
1646	0
1647	0
1648	2
1649	2
1650	2
1651	2
1652	2
1653	2
1654	3
1655	2
1656	2
1657	2
1658	2
1659	2
1660	2
1661	2
1662	2
1663	2
1664	2
1665	2
1666	3
1667	2
1668	2
1669	2
1670	2
1671	2
1672	2
1673	2
1674	2
1675	2
1676	2
1677	2
1678	0
1679	2
1680	2
1681	0
1682	2
1683	2
1684	2
1685	2
1686	2
1687	2
1688	2
1689	2
1690	2
1691	2
1692	1
1693	3
1694	0
1695	2
1696	0
1697	2
1698	3
1699	3
1700	2
1701	2
1702	2
1703	2
1704	2
1705	2
1706	3
1707	2
1708	2
1709	0
1710	2
1711	2
1712	3
1713	2
1714	2
1715	0
1716	2
1717	2
1718	2
1719	2
1720	2
1721	2
1722	2
1723	2
1724	3
1725	2
1726	2
1727	0
1728	3
1729	2
1730	2
1731	2
1732	2
1733	2
1734	2
1735	2
1736	0
1737	2
1738	2
1739	2
1740	2
1741	0
1742	0
1743	2
1744	2
1745	2
1746	3
1747	2
1748	2
1749	2
1750	2
1751	3
1752	2
1753	2
1754	2
1755	2
1756	2
1757	2
1758	3
1759	2
1760	2
1761	2
1762	2
1763	2
1764	2
1765	2
1766	2
1767	2
1768	2
1769	2
1770	3
1771	2
1772	2
1773	0
1774	3
1775	1
1776	2
1777	3
1778	3
1779	2
1780	2
1781	2
1782	2
1783	2
1784	2
1785	3
1786	2
1787	2
1788	3
1789	1
1790	2
1791	2
1792	2
1793	2
1794	2
1795	3
1796	2
1797	2
1798	2
1799	0
1800	1
1801	3
1802	0
1803	2
1804	2
1805	3
1806	2
1807	0
1808	2
1809	2
1810	2
1811	0
1812	3
1813	2
1814	2
1815	2
1816	2
1817	2
1818	2
1819	2
1820	3
1821	2
1822	3
1823	3
1824	3
1825	3
1826	3
1827	2
1828	2
1829	2
1830	3
1831	3
1832	2
1833	3
1834	2
1835	2
1836	1
1837	2
1838	3
1839	2
1840	2
1841	3
1842	3
1843	2
1844	2
1845	2
1846	2
1847	2
1848	2
1849	2
1850	2
1851	0
1852	2
1853	2
1854	3
1855	0
1856	0
1857	2
1858	2
1859	2
1860	2
1861	2
1862	2
1863	0
1864	2
1865	2
1866	2
1867	2
1868	2
1869	2
1870	2
1871	2
1872	3
1873	2
1874	2
1875	2
1876	2
1877	2
1878	2
1879	2
1880	2
1881	1
1882	2
1883	2
1884	2
1885	1
1886	2
1887	2
1888	0
1889	3
1890	2
1891	2
1892	0
1893	2
1894	3
1895	2
1896	3
1897	2
1898	3
1899	2
1900	2
1901	0
1902	2
1903	2
1904	3
1905	2
1906	3
1907	2
1908	2
1909	0
1910	0
1911	2
1912	3
1913	2
1914	2
1915	2
1916	2
1917	2
1918	1
1919	3
1920	2
1921	2
1922	2
1923	2
1924	2
1925	2
1926	2
1927	2
1928	2
1929	2
1930	2
1931	0
1932	2
1933	2
1934	2
1935	3
1936	2
1937	2
1938	2
1939	2
1940	2
1941	1
1942	2
1943	2
1944	2
1945	2
1946	2
1947	0
1948	2
1949	2
1950	1
1951	2
1952	2
1953	3
1954	2
1955	2
1956	2
1957	1
1958	2
1959	2
1960	2
1961	2
1962	2
1963	2
1964	0
1965	2
1966	3
1967	3
1968	2
1969	2
1970	2
1971	2
1972	2
1973	3
1974	2
1975	2
1976	2
1977	2
1978	2
1979	3
1980	2
1981	3
1982	2
1983	2
1984	1
1985	2
1986	3
1987	2
1988	2
1989	2
1990	2
1991	3
1992	2
1993	3
1994	2
1995	2
1996	2
1997	2
1998	3
1999	2
2000	2
2001	2
2002	3
2003	3
2004	2
2005	0
2006	2
2007	2
2008	3
2009	2
2010	2
2011	2
2012	3
2013	2
2014	2
2015	2
2016	2
2017	2
2018	2
2019	2
2020	2
2021	2
2022	2
2023	2
2024	3
2025	2
2026	2
2027	0
2028	2
2029	1
2030	2
2031	2
2032	2
2033	2
2034	2
2035	0
2036	2
2037	0
2038	3
2039	0
2040	3
2041	0
2042	2
2043	3
2044	2
2045	1
2046	2
2047	2
2048	2
2049	2
2050	2
2051	2
2052	2
2053	2
2054	2
2055	3
2056	2
2057	2
2058	3
2059	1
2060	3
2061	3
2062	2
2063	2
2064	2
2065	2
2066	2
2067	2
2068	2
2069	3
2070	1
2071	2
2072	2
2073	2
2074	0
2075	0
2076	2
2077	2
2078	3
2079	2
2080	2
2081	2
2082	0
2083	3
2084	2
2085	2
2086	3
2087	2
2088	2
2089	2
2090	3
2091	2
2092	3
2093	2
2094	2
2095	1
2096	3
2097	3
2098	1
2099	2
2100	2
2101	2
2102	2
2103	0
2104	2
2105	2
2106	1
2107	2
2108	0
2109	2
2110	1
2111	2
2112	1
2113	2
2114	2
2115	2
2116	2
2117	2
2118	2
2119	2
2120	3
2121	3
2122	2
2123	2
2124	2
2125	2
2126	3
2127	2
2128	2
2129	2
2130	2
2131	1
2132	2
2133	2
2134	2
2135	3
2136	2
2137	2
2138	2
2139	2
2140	2
2141	2
2142	2
2143	3
2144	2
2145	2
2146	2
2147	2
2148	3
2149	2
2150	2
2151	2
2152	2
2153	2
2154	0
2155	2
2156	2
2157	2
2158	0
2159	3
2160	2
2161	3
2162	0
2163	3
2164	3
2165	2
2166	0
2167	2
2168	2
2169	2
2170	2
2171	3
2172	2
2173	2
2174	2
2175	1
2176	3
2177	2
2178	0
2179	1
2180	3
2181	2
2182	0
2183	0
2184	2
2185	2
2186	2
2187	3
2188	0
2189	0
2190	2
2191	2
2192	0
2193	0
2194	0
2195	2
2196	0
2197	3
2198	2
2199	3
2200	3
2201	2
2202	2
2203	2
2204	2
2205	2
2206	3
2207	2
2208	2
2209	3
2210	0
2211	2
2212	2
2213	2
2214	2
2215	1
2216	2
2217	2
2218	3
2219	2
2220	3
2221	2
2222	3
2223	2
2224	2
2225	2
2226	2
2227	2
2228	2
2229	2
2230	1
2231	2
2232	3
2233	2
2234	2
2235	2
2236	2
2237	1
2238	2
2239	0
2240	3
2241	0
2242	2
2243	0
2244	2
2245	3
2246	2
2247	2
2248	2
2249	2
2250	2
2251	2
2252	2
2253	2
2254	2
2255	2
2256	1
2257	2
2258	2
2259	2
2260	2
2261	0
2262	2
2263	2
2264	0
2265	2
2266	0
2267	2
2268	2
2269	3
2270	2
2271	3
2272	2
2273	3
2274	0
2275	0
2276	1
2277	2
2278	3
2279	2
2280	0
2281	2
2282	2
2283	2
2284	2
2285	0
2286	3
2287	3
2288	2
2289	1
2290	2
2291	0
2292	2
2293	0
2294	2
2295	2
2296	2
2297	2
2298	2
2299	2
2300	3
2301	2
2302	3
2303	2
2304	2
2305	2
2306	3
2307	2
2308	2
2309	2
2310	2
2311	2
2312	2
2313	2
2314	3
2315	2
2316	2
2317	0
2318	2
2319	3
2320	2
2321	3
2322	1
2323	2
2324	2
2325	2
2326	3
2327	2
2328	2
2329	1
2330	2
2331	2
2332	1
2333	2
2334	2
2335	2
2336	2
2337	2
2338	2
2339	2
2340	2
2341	1
2342	2
2343	2
2344	0
2345	2
2346	2
2347	2
2348	2
2349	3
2350	3
2351	2
2352	2
2353	2
2354	2
2355	2
2356	3
2357	0
2358	0
2359	2
2360	2
2361	2
2362	2
2363	2
2364	2
2365	2
2366	2
2367	0
2368	2
2369	2
2370	2
2371	0
2372	2
2373	3
2374	2
2375	0
2376	2
2377	2
2378	2
2379	2
2380	1
2381	2
2382	0
2383	2
2384	3
2385	2
2386	0
2387	2
2388	0
2389	2
2390	0
2391	2
2392	0
2393	2
2394	2
2395	2
2396	1
2397	2
2398	2
2399	3
2400	3
2401	2
2402	2
2403	3
2404	2
2405	2
2406	2
2407	2
2408	2
2409	2
2410	3
2411	2
2412	2
2413	2
2414	2
2415	2
2416	2
2417	2
2418	2
2419	2
2420	2
2421	2
2422	2
2423	0
2424	2
2425	2
2426	2
2427	2
2428	2
2429	2
2430	2
2431	2
2432	2
2433	2
2434	2
2435	2
2436	2
2437	2
2438	0
2439	2
2440	2
2441	0
2442	0
2443	2
2444	2
2445	2
2446	2
2447	2
2448	2
2449	2
2450	2
2451	2
2452	2
2453	2
2454	2
2455	1
2456	2
2457	2
2458	2
2459	2
2460	2
2461	1
2462	2
2463	3
2464	3
2465	2
2466	2
2467	2
2468	2
2469	2
2470	2
2471	3
2472	2
2473	2
2474	2
2475	2
2476	2
2477	2
2478	2
2479	2
2480	2
2481	2
2482	2
2483	2
2484	2
2485	2
2486	3
2487	0
2488	2
2489	2
2490	2
2491	2
2492	2
2493	2
2494	2
2495	2
2496	2
2497	2
2498	2
2499	2
2500	2
2501	2
2502	2
2503	2
2504	2
2505	2
2506	3
2507	2
2508	2
2509	2
2510	2
2511	2
2512	3
2513	2
2514	2
2515	2
2516	2
2517	2
2518	2
2519	2
2520	2
2521	2
2522	2
2523	2
2524	2
2525	2
2526	2
2527	2
2528	2
2529	2
2530	2
2531	2
2532	2
2533	1
2534	2
2535	3
2536	2
2537	2
2538	3
2539	2
2540	2
2541	2
2542	2
2543	2
2544	2
2545	2
2546	2
2547	2
2548	2
2549	2
2550	1
2551	2
2552	3
2553	2
2554	2
2555	2
2556	2
2557	2
2558	2
2559	0
2560	2
2561	2
2562	2
2563	2
2564	2
2565	2
2566	2
2567	2
2568	2
2569	2
2570	2
2571	2
2572	2
2573	0
2574	3
2575	2
2576	2
2577	2
2578	2
2579	2
2580	2
2581	2
2582	2
2583	2
2584	2
2585	2
2586	2
2587	2
2588	2
2589	2
2590	2
2591	2
2592	2
2593	2
2594	2
2595	2
2596	1
2597	2
2598	2
2599	3
2600	3
2601	2
2602	2
2603	2
2604	3
2605	2
2606	2
2607	2
2608	3
2609	2
2610	2
2611	3
2612	2
2613	2
2614	2
2615	2
2616	2
2617	2
2618	2
2619	2
2620	3
2621	2
2622	2
2623	2
2624	0
2625	2
2626	2
2627	2
2628	2
2629	2
2630	0
2631	2
2632	2
2633	2
2634	0
2635	3
2636	3
2637	2
2638	2
2639	0
2640	2
2641	0
2642	1
2643	2
2644	2
2645	2
2646	2
2647	2
2648	2
2649	2
2650	1
2651	2
2652	2
2653	2
2654	2
2655	2
2656	2
2657	2
2658	3
2659	2
2660	2
2661	2
2662	2
2663	1
2664	2
2665	2
2666	2
2667	2
2668	2
2669	3
2670	2
2671	1
2672	0
2673	2
2674	1
2675	0
2676	2
2677	2
2678	3
2679	2
2680	2
2681	3
2682	2
2683	2
2684	2
2685	2
2686	2
2687	2
2688	3
2689	0
2690	2
2691	2
2692	1
2693	2
2694	3
2695	3
2696	2
2697	0
2698	2
2699	2
2700	2
2701	2
2702	2
2703	3
2704	2
2705	2
2706	2
2707	2
2708	2
2709	2
2710	2
2711	2
2712	2
2713	2
2714	3
2715	2
2716	3
2717	2
2718	2
2719	2
2720	2
2721	2
2722	2
2723	2
2724	2
2725	2
2726	2
2727	2
2728	0
2729	2
2730	2
2731	2
2732	2
2733	2
2734	2
2735	2
2736	2
2737	2
2738	2
2739	2
2740	1
2741	2
2742	2
2743	2
2744	2
2745	2
2746	2
2747	2
2748	2
2749	0
2750	2
2751	2
2752	2
2753	2
2754	2
2755	2
2756	0
2757	2
2758	2
2759	2
2760	2
2761	2
2762	2
2763	2
2764	2
2765	2
2766	2
2767	2
2768	2
2769	2
2770	2
2771	2
2772	2
2773	2
2774	2
2775	2
2776	2
2777	2
2778	2
2779	2
2780	2
2781	3
2782	2
2783	2
2784	2
2785	2
2786	2
2787	2
2788	2
2789	1
2790	2
2791	2
2792	2
2793	1
2794	2
2795	0
2796	2
2797	0
2798	2
2799	2
2800	2
2801	2
2802	2
2803	2
2804	2
2805	2
2806	2
2807	2
2808	3
2809	2
2810	2
2811	2
2812	0
2813	2
2814	2
2815	0
2816	3
2817	0
2818	2
2819	2
2820	2
2821	2
2822	2
2823	2
2824	1
2825	2
2826	2
2827	2
2828	2
2829	2
2830	0
2831	2
2832	2
2833	2
2834	2
2835	2
2836	2
2837	0
2838	2
2839	3
2840	2
2841	0
2842	2
2843	2
2844	2
2845	2
2846	2
2847	2
2848	2
2849	2
2850	2
2851	2
2852	3
2853	2
2854	2
2855	2
2856	2
2857	2
2858	1
2859	2
2860	2
2861	2
2862	2
2863	2
2864	2
2865	2
2866	2
2867	2
2868	2
2869	0
2870	1
2871	2
2872	2
2873	2
2874	2
2875	2
2876	2
2877	2
2878	2
2879	2
2880	0
2881	2
2882	3
2883	2
2884	2
2885	2
2886	3
2887	2
2888	1
2889	3
2890	1
2891	2
2892	2
2893	2
2894	2
2895	2
2896	0
2897	2
2898	2
2899	2
2900	2
2901	2
2902	2
2903	0
2904	2
2905	2
2906	3
2907	2
2908	0
2909	2
2910	0
2911	2
2912	2
2913	2
2914	2
2915	2
2916	2
2917	2
2918	0
2919	2
2920	2
2921	0
2922	2
2923	3
2924	2
2925	2
2926	2
2927	2
2928	2
2929	2
2930	2
2931	2
2932	2
2933	0
2934	2
2935	2
2936	2
2937	2
2938	0
2939	2
2940	2
2941	0
2942	2
2943	1
2944	2
2945	2
2946	2
2947	2
2948	2
2949	3
2950	2
2951	1
2952	2
2953	2
2954	2
2955	2
2956	0
2957	2
2958	2
2959	2
2960	2
2961	2
2962	3
2963	2
2964	2
2965	2
2966	2
2967	2
2968	2
2969	2
2970	2
2971	2
2972	2
2973	2
2974	3
2975	2
2976	2
2977	0
2978	2
2979	2
2980	2
2981	2
2982	2
2983	2
2984	2
2985	3
2986	0
2987	2
2988	2
2989	2
2990	2
2991	2
2992	2
2993	2
2994	2
2995	2
2996	2
2997	3
2998	2
2999	2
3000	2
3001	2
3002	3
3003	2
3004	2
3005	2
3006	2
3007	3
3008	3
3009	2
3010	2
3011	2
3012	2
3013	2
3014	2
3015	2
3016	2
3017	3
3018	2
3019	2
3020	3
3021	2
3022	3
3023	2
3024	2
3025	2
3026	2
3027	2
3028	2
3029	2
3030	2
3031	2
3032	2
3033	2
3034	2
3035	2
3036	2
3037	2
3038	2
3039	2
3040	2
3041	2
3042	2
3043	2
3044	2
3045	2
3046	1
3047	2
3048	0
3049	2
3050	2
3051	0
3052	2
3053	2
3054	2
3055	3
3056	3
3057	2
3058	0
3059	2
3060	2
3061	2
3062	2
3063	2
3064	2
3065	2
3066	2
3067	0
3068	2
3069	2
3070	1
3071	2
3072	1
3073	2
3074	2
3075	2
3076	2
3077	3
3078	2
3079	2
3080	3
3081	3
3082	2
3083	3
3084	2
3085	2
3086	3
3087	2
3088	2
3089	1
3090	2
3091	2
3092	2
3093	2
3094	2
3095	2
3096	2
3097	2
3098	2
3099	2
3100	2
3101	3
3102	3
3103	2
3104	2
3105	2
3106	2
3107	2
3108	0
3109	2
3110	2
3111	2
3112	1
3113	2
3114	2
3115	2
3116	2
3117	2
3118	3
3119	0
3120	2
3121	2
3122	3
3123	2
3124	2
3125	2
3126	2
3127	2
3128	2
3129	2
3130	2
3131	1
3132	0
3133	2
3134	2
3135	2
3136	2
3137	2
3138	2
3139	2
3140	2
3141	2
3142	2
3143	2
3144	2
3145	2
3146	2
3147	2
3148	2
3149	2
3150	2
3151	2
3152	2
3153	3
3154	0
3155	2
3156	2
3157	1
3158	2
3159	2
3160	2
3161	2
3162	2
3163	0
3164	2
3165	2
3166	0
3167	1
3168	2
3169	2
3170	2
3171	2
3172	3
3173	2
3174	1
3175	2
3176	2
3177	3
3178	2
3179	0
3180	1
3181	2
3182	3
3183	0
3184	2
3185	1
3186	2
3187	2
3188	2
3189	0
3190	2
3191	2
3192	2
3193	2
3194	2
3195	0
3196	1
3197	2
3198	2
3199	2
3200	2
3201	3
3202	2
3203	2
3204	2
3205	2
3206	2
3207	2
3208	2
3209	2
3210	2
3211	2
3212	2
3213	2
3214	2
3215	3
3216	2
3217	2
3218	2
3219	2
3220	2
3221	2
3222	2
3223	2
3224	2
3225	0
3226	2
3227	2
3228	2
3229	2
3230	2
3231	2
3232	2
3233	2
3234	2
3235	2
3236	2
3237	2
3238	3
3239	2
3240	2
3241	3
3242	0
3243	3
3244	0
3245	2
3246	2
3247	2
3248	3
3249	2
3250	3
3251	2
3252	3
3253	2
3254	2
3255	2
3256	2
3257	2
3258	2
3259	2
3260	2
3261	3
3262	2
3263	2
3264	2
3265	3
3266	2
3267	2
3268	2
3269	0
3270	2
3271	0
3272	3
3273	2
3274	2
3275	2
3276	2
3277	2
3278	2
3279	2
3280	2
3281	2
3282	2
3283	0
3284	2
3285	2
3286	2
3287	2
3288	2
3289	3
3290	2
3291	2
3292	3
3293	2
3294	2
3295	0
3296	2
3297	2
3298	2
3299	2
3300	2
3301	0
3302	2
3303	2
3304	2
3305	3
3306	3
3307	2
3308	2
3309	2
3310	2
3311	2
3312	1
3313	2
3314	2
3315	2
3316	2
3317	2
3318	2
3319	2
3320	2
3321	0
3322	2
3323	2
3324	0
3325	2
3326	2
3327	2
3328	2
3329	2
3330	2
3331	3
3332	2
3333	0
3334	2
3335	2
3336	2
3337	2
3338	2
3339	2
3340	2
3341	2
3342	2
3343	2
3344	2
3345	2
3346	2
3347	2
3348	3
3349	0
3350	2
3351	2
3352	1
3353	2
3354	2
3355	2
3356	1
3357	2
3358	0
3359	2
3360	2
3361	2
3362	0
3363	2
3364	2
3365	2
3366	2
3367	2
3368	3
3369	0
3370	2
3371	2
3372	3
3373	2
3374	2
3375	1
3376	2
3377	2
3378	2
3379	0
3380	3
3381	2
3382	2
3383	2
3384	2
3385	2
3386	2
3387	2
3388	2
3389	2
3390	2
3391	3
3392	2
3393	2
3394	2
3395	2
3396	2
3397	2
3398	2
3399	0
3400	2
3401	3
3402	1
3403	0
3404	2
3405	2
3406	2
3407	2
3408	2
3409	2
3410	2
3411	0
3412	2
3413	0
3414	1
3415	3
3416	3
3417	2
3418	2
3419	2
3420	2
3421	3
3422	2
3423	2
3424	2
3425	2
3426	3
3427	3
3428	2
3429	2
3430	2
3431	2
3432	3
3433	2
3434	2
3435	2
3436	1
3437	0
3438	2
3439	3
3440	3
3441	2
3442	2
3443	0
3444	2
3445	2
3446	3
3447	2
3448	2
3449	2
3450	2
3451	2
3452	3
3453	2
3454	2
3455	2
3456	1
3457	2
3458	2
3459	2
3460	2
3461	3
3462	2
3463	3
3464	1
3465	2
3466	2
3467	3
3468	2
3469	2
3470	2
3471	2
3472	2
3473	2
3474	2
3475	2
3476	2
3477	0
3478	2
3479	2
3480	2
3481	2
3482	2
3483	0
3484	2
3485	2
3486	2
3487	3
3488	2
3489	2
3490	3
3491	2
3492	2
3493	2
3494	3
3495	1
3496	2
3497	2
3498	0
3499	0
3500	2
3501	3
3502	0
3503	2
3504	2
3505	2
3506	0
3507	2
3508	2
3509	2
3510	2
3511	3
3512	2
3513	2
3514	2
3515	1
3516	2
3517	2
3518	2
3519	2
3520	2
3521	2
3522	2
3523	2
3524	2
3525	2
3526	0
3527	3
3528	2
3529	2
3530	0
3531	2
3532	2
3533	1
3534	3
3535	2
3536	2
3537	2
3538	3
3539	2
3540	1
3541	3
3542	2
3543	2
3544	2
3545	0
3546	2
3547	0
3548	2
3549	1
3550	2
3551	3
3552	2
3553	3
3554	2
3555	0
3556	2
3557	0
3558	0
3559	0
3560	2
3561	0
3562	0
3563	3
3564	2
3565	2
3566	1
3567	2
3568	2
3569	2
3570	2
3571	2
3572	3
3573	2
3574	2
3575	2
3576	2
3577	2
3578	2
3579	2
3580	3
3581	2
3582	2
3583	2
3584	2
3585	2
3586	2
3587	2
3588	2
3589	2
3590	2
3591	2
3592	3
3593	2
3594	2
3595	2
3596	2
3597	2
3598	3
3599	2
3600	3
3601	2
3602	2
3603	0
3604	3
3605	3
3606	2
3607	2
3608	2
3609	2
3610	2
3611	2
3612	1
3613	2
3614	2
3615	2
3616	2
3617	2
3618	2
3619	3
3620	2
3621	2
3622	2
3623	0
3624	2
3625	3
3626	2
3627	2
3628	2
3629	2
3630	2
3631	2
3632	2
3633	2
3634	2
3635	2
3636	2
3637	3
3638	2
3639	2
3640	2
3641	3
3642	3
3643	3
3644	2
3645	2
3646	3
3647	3
3648	2
3649	0
3650	2
3651	3
3652	2
3653	2
3654	3
3655	2
3656	2
3657	3
3658	2
3659	2
3660	3
3661	2
3662	2
3663	2
3664	2
3665	3
3666	2
3667	2
3668	2
3669	0
3670	2
3671	0
3672	3
3673	3
3674	2
3675	0
3676	3
3677	3
3678	2
3679	3
3680	2
3681	2
3682	1
3683	2
3684	3
3685	0
3686	2
3687	2
3688	2
3689	2
3690	2
3691	3
3692	2
3693	2
3694	2
3695	2
3696	2
3697	2
3698	2
3699	2
3700	2
3701	0
3702	2
3703	0
3704	0
3705	2
3706	2
3707	2
3708	2
3709	2
3710	2
3711	2
3712	3
3713	2
3714	2
3715	3
3716	2
3717	0
3718	2
3719	0
3720	2
3721	2
3722	2
3723	2
3724	2
3725	2
3726	0
3727	2
3728	2
3729	2
3730	2
3731	2
3732	2
3733	2
3734	3
3735	2
3736	2
3737	3
3738	2
3739	2
3740	2
3741	2
3742	2
3743	3
3744	0
3745	2
3746	2
3747	0
3748	2
3749	2
3750	2
3751	2
3752	2
3753	2
3754	3
3755	2
3756	2
3757	1
3758	3
3759	2
3760	2
3761	2
3762	0
3763	0
3764	2
3765	2
3766	2
3767	3
3768	2
3769	2
3770	2
3771	2
3772	2
3773	3
3774	2
3775	0
3776	2
3777	2
3778	2
3779	2
3780	2
3781	0
3782	2
3783	3
3784	2
3785	2
3786	1
3787	2
3788	0
3789	2
3790	3
3791	0
3792	2
3793	2
3794	3
3795	2
3796	3
3797	0
3798	2
3799	2
3800	2
3801	2
3802	2
3803	2
3804	3
3805	2
3806	3
3807	2
3808	2
3809	2
3810	2
3811	2
3812	2
3813	2
3814	2
3815	2
3816	2
3817	2
3818	2
3819	3
3820	2
3821	2
3822	0
3823	2
3824	2
3825	3
3826	3
3827	2
3828	2
3829	1
3830	3
3831	2
3832	2
3833	2
3834	2
3835	2
3836	2
3837	0
3838	3
3839	3
3840	2
3841	3
3842	2
3843	2
3844	3
3845	0
3846	2
3847	2
3848	2
3849	3
3850	0
3851	2
3852	3
3853	1
3854	2
3855	3
3856	3
3857	2
3858	2
3859	0
3860	3
3861	2
3862	3
3863	2
3864	2
3865	2
3866	3
3867	1
3868	2
3869	2
3870	2
3871	3
3872	1
3873	3
3874	2
3875	2
3876	2
3877	2
3878	2
3879	0
3880	2
3881	2
3882	3
3883	2
3884	0
3885	2
3886	3
3887	2
3888	2
3889	3
3890	3
3891	2
3892	2
3893	2
3894	2
3895	2
3896	2
3897	2
3898	2
3899	0
3900	2
3901	2
3902	3
3903	2
3904	2
3905	2
3906	2
3907	2
3908	1
3909	2
3910	1
3911	2
3912	2
3913	2
3914	3
3915	2
3916	2
3917	3
3918	2
3919	2
3920	3
3921	2
3922	0
3923	2
3924	2
3925	2
3926	3
3927	2
3928	0
3929	3
3930	2
3931	2
3932	3
3933	1
3934	2
3935	1
3936	0
3937	0
3938	2
3939	2
3940	2
3941	2
3942	0
3943	2
3944	2
3945	0
3946	2
3947	2
3948	3
3949	1
3950	2
3951	3
3952	2
3953	0
3954	0
3955	2
3956	1
3957	0
3958	3
3959	2
3960	3
3961	2
3962	3
3963	0
3964	2
3965	3
3966	2
3967	0
3968	2
3969	3
3970	2
3971	2
3972	0
3973	2
3974	2
3975	2
3976	2
3977	2
3978	2
3979	2
3980	2
3981	3
3982	2
3983	2
3984	2
3985	2
3986	2
3987	3
3988	2
3989	2
3990	2
3991	0
3992	3
3993	2
3994	2
3995	2
3996	0
3997	3
3998	2
3999	2
4000	2
4001	2
4002	3
4003	2
4004	2
4005	0
4006	3
4007	1
4008	2
4009	2
4010	3
4011	2
4012	2
4013	2
4014	3
4015	2
4016	2
4017	2
4018	3
4019	1
4020	2
4021	3
4022	3
4023	3
4024	2
4025	2
4026	2
4027	2
4028	2
4029	2
4030	2
4031	2
4032	2
4033	2
4034	2
4035	2
4036	2
4037	2
4038	2
4039	2
4040	2
4041	0
4042	2
4043	2
4044	3
4045	3
4046	2
4047	2
4048	2
4049	0
4050	3
4051	2
4052	2
4053	0
4054	2
4055	2
4056	3
4057	2
4058	2
4059	2
4060	3
4061	2
4062	2
4063	2
4064	2
4065	2
4066	2
4067	2
4068	2
4069	2
4070	2
4071	2
4072	1
4073	2
4074	2
4075	0
4076	0
4077	2
4078	2
4079	2
4080	2
4081	3
4082	2
4083	0
4084	2
4085	2
4086	2
4087	0
4088	3
4089	2
4090	3
4091	3
4092	3
4093	2
4094	2
4095	2
4096	3
4097	3
4098	2
4099	2
4100	2
4101	2
4102	2
4103	2
4104	2
4105	2
4106	3
4107	2
4108	2
4109	1
4110	1
4111	1
4112	2
4113	3
4114	3
4115	2
4116	2
4117	2
4118	0
4119	3
4120	2
4121	2
4122	0
4123	0
4124	2
4125	2
4126	2
4127	2
4128	2
4129	3
4130	2
4131	3
4132	3
4133	2
4134	3
4135	2
4136	3
4137	2
4138	3
4139	2
4140	0
4141	2
4142	2
4143	1
4144	3
4145	2
4146	2
4147	2
4148	2
4149	2
4150	2
4151	2
4152	2
4153	2
4154	2
4155	3
4156	0
4157	2
4158	2
4159	1
4160	2
4161	3
4162	0
4163	2
4164	2
4165	0
4166	2
4167	2
4168	2
4169	2
4170	2
4171	2
4172	2
4173	2
4174	2
4175	2
4176	3
4177	0
4178	2
4179	0
4180	2
4181	2
4182	3
4183	2
4184	2
4185	2
4186	3
4187	2
4188	3
4189	2
4190	2
4191	2
4192	0
4193	3
4194	3
4195	2
4196	2
4197	2
4198	2
4199	2
4200	2
4201	2
4202	3
4203	2
4204	2
4205	1
4206	2
4207	3
4208	2
4209	2
4210	3
4211	3
4212	0
4213	2
4214	2
4215	2
4216	3
4217	2
4218	2
4219	2
4220	2
4221	0
4222	2
4223	0
4224	2
4225	2
4226	0
4227	0
4228	2
4229	2
4230	0
4231	3
4232	0
4233	2
4234	0
4235	2
4236	0
4237	2
4238	2
4239	2
4240	1
4241	0
4242	2
4243	3
4244	2
4245	2
4246	3
4247	0
4248	3
4249	2
4250	2
4251	2
4252	3
4253	0
4254	2
4255	2
4256	2
4257	0
4258	0
4259	2
4260	3
4261	2
4262	3
4263	3
4264	2
4265	2
4266	2
4267	2
4268	2
4269	2
4270	2
4271	2
4272	3
4273	2
4274	3
4275	2
4276	3
4277	2
4278	2
4279	2
4280	2
4281	2
4282	2
4283	2
4284	2
4285	2
4286	2
4287	2
4288	2
4289	0
4290	2
4291	2
4292	2
4293	2
4294	2
4295	2
4296	2
4297	3
4298	2
4299	2
4300	3
4301	2
4302	2
4303	2
4304	2
4305	2
4306	2
4307	0
4308	2
4309	2
4310	2
4311	2
4312	0
4313	2
4314	0
4315	0
4316	2
4317	3
4318	2
4319	3
4320	2
4321	3
4322	2
4323	0
4324	2
4325	2
4326	2
4327	2
4328	2
4329	2
4330	2
4331	2
4332	2
4333	2
4334	3
4335	1
4336	2
4337	2
4338	2
4339	2
4340	2
4341	2
4342	2
4343	2
4344	2
4345	2
4346	2
4347	2
4348	3
4349	1
4350	3
4351	2
4352	2
4353	1
4354	3
4355	0
4356	2
4357	3
4358	2
4359	2
4360	0
4361	2
4362	2
4363	2
4364	2
4365	2
4366	2
4367	1
4368	2
4369	0
4370	2
4371	3
4372	2
4373	2
4374	2
4375	2
4376	2
4377	2
4378	2
4379	2
4380	2
4381	2
4382	0
4383	2
4384	2
4385	2
4386	2
4387	1
4388	2
4389	2
4390	0
4391	3
4392	3
4393	2
4394	3
4395	2
4396	2
4397	3
4398	0
4399	2
4400	2
4401	2
4402	3
4403	2
4404	3
4405	0
4406	2
4407	2
4408	2
4409	2
4410	2
4411	3
4412	2
4413	3
4414	3
4415	0
4416	2
4417	2
4418	2
4419	1
4420	2
4421	2
4422	2
4423	2
4424	2
4425	2
4426	2
4427	2
4428	2
4429	3
4430	0
4431	3
4432	2
4433	2
4434	3
4435	2
4436	2
4437	2
4438	2
4439	2
4440	2
4441	2
4442	2
4443	2
4444	2
4445	1
4446	2
4447	2
4448	2
4449	2
4450	2
4451	2
4452	2
4453	2
4454	2
4455	2
4456	2
4457	2
4458	3
4459	2
4460	0
4461	2
4462	2
4463	1
4464	2
4465	2
4466	2
4467	2
4468	2
4469	2
4470	2
4471	0
4472	2
4473	0
4474	2
4475	2
4476	2
4477	3
4478	3
4479	2
4480	2
4481	2
4482	2
4483	2
4484	2
4485	2
4486	2
4487	1
4488	2
4489	2
4490	2
4491	2
4492	2
4493	2
4494	2
4495	2
4496	2
4497	2
4498	2
4499	2
4500	3
4501	2
4502	2
4503	2
4504	2
4505	2
4506	3
4507	2
4508	2
4509	3
4510	2
4511	2
4512	2
4513	2
4514	2
4515	3
4516	2
4517	2
4518	1
4519	2
4520	2
4521	0
4522	3
4523	0
4524	2
4525	2
4526	2
4527	2
4528	2
4529	2
4530	0
4531	2
4532	2
4533	1
4534	2
4535	2
4536	2
4537	2
4538	2
4539	2
4540	2
4541	2
4542	2
4543	1
4544	2
4545	2
4546	2
4547	2
4548	2
4549	2
4550	2
4551	2
4552	2
4553	2
4554	2
4555	2
4556	2
4557	2
4558	2
4559	2
4560	2
4561	2
4562	2
4563	2
4564	2
4565	2
4566	2
4567	2
4568	2
4569	2
4570	2
4571	2
4572	2
4573	2
4574	2
4575	2
4576	2
4577	2
4578	2
4579	0
4580	2
4581	2
4582	2
4583	1
4584	2
4585	2
4586	2
4587	2
4588	2
4589	2
4590	2
4591	2
4592	2
4593	2
4594	2
4595	2
4596	2
4597	2
4598	2
4599	2
4600	2
4601	2
4602	2
4603	2
4604	2
4605	3
4606	2
4607	0
4608	2
4609	1
4610	2
4611	2
4612	2
4613	0
4614	2
4615	2
4616	2
4617	1
4618	2
4619	2
4620	2
4621	3
4622	0
4623	2
4624	2
4625	2
4626	0
4627	2
4628	2
4629	2
4630	2
4631	2
4632	2
4633	1
4634	2
4635	2
4636	2
4637	2
4638	2
4639	2
4640	2
4641	2
4642	2
4643	2
4644	2
4645	2
4646	2
4647	3
4648	2
4649	2
4650	2
4651	2
4652	2
4653	2
4654	1
4655	2
4656	3
4657	2
4658	2
4659	2
4660	2
4661	2
4662	0
4663	2
4664	2
4665	2
4666	2
4667	2
4668	2
4669	2
4670	0
4671	2
4672	2
4673	3
4674	2
4675	2
4676	2
4677	2
4678	2
4679	2
4680	3
4681	2
4682	0
4683	2
4684	0
4685	0
4686	2
4687	2
4688	0
4689	2
4690	0
4691	2
4692	2
4693	2
4694	2
4695	2
4696	2
4697	2
4698	2
4699	2
4700	2
4701	2
4702	2
4703	2
4704	2
4705	0
4706	2
4707	2
4708	3
4709	3
4710	2
4711	0
4712	2
4713	2
4714	3
4715	2
4716	2
4717	2
4718	2
4719	2
4720	2
4721	1
4722	3
4723	1
4724	3
4725	3
4726	2
4727	0
4728	2
4729	3
4730	1
4731	2
4732	2
4733	2
4734	2
4735	2
4736	2
4737	2
4738	0
4739	2
4740	2
4741	2
4742	2
4743	3
4744	2
4745	2
4746	2
4747	2
4748	2
4749	2
4750	2
4751	2
4752	2
4753	2
4754	2
4755	2
4756	2
4757	2
4758	0
4759	2
4760	2
4761	2
4762	2
4763	2
4764	0
4765	2
4766	2
4767	2
4768	2
4769	2
4770	2
4771	2
4772	2
4773	2
4774	2
4775	2
4776	2
4777	2
4778	2
4779	3
4780	2
4781	2
4782	3
4783	2
4784	2
4785	2
4786	2
4787	2
4788	1
4789	2
4790	2
4791	2
4792	2
4793	2
4794	2
4795	2
4796	2
4797	2
4798	2
4799	3
4800	2
4801	2
4802	2
4803	2
4804	2
4805	2
4806	2
4807	2
4808	2
4809	2
4810	2
4811	2
4812	2
4813	2
4814	2
4815	2
4816	2
4817	2
4818	2
4819	2
4820	2
4821	2
4822	2
4823	2
4824	2
4825	2
4826	2
4827	2
4828	2
4829	2
4830	2
4831	2
4832	2
4833	2
4834	2
4835	2
4836	2
4837	2
4838	2
4839	2
4840	2
4841	2
4842	2
4843	0
4844	2
4845	2
4846	2
4847	2
4848	2
4849	2
4850	2
4851	3
4852	2
4853	3
4854	2
4855	2
4856	2
4857	2
4858	2
4859	2
4860	2
4861	2
4862	2
4863	3
4864	2
4865	2
4866	2
4867	2
4868	2
4869	3
4870	2
4871	2
4872	2
4873	2
4874	2
4875	2
4876	2
4877	2
4878	2
4879	3
4880	3
4881	2
4882	2
4883	2
4884	2
4885	0
4886	0
4887	0
4888	2
4889	3
4890	2
4891	3
4892	2
4893	2
4894	3
4895	2
4896	2
4897	2
4898	1
4899	2
4900	3
4901	2
4902	2
4903	2
4904	2
4905	0
4906	3
4907	2
4908	2
4909	2
4910	2
4911	2
4912	2
4913	2
4914	2
4915	2
4916	2
4917	1
4918	1
4919	3
4920	2
4921	2
4922	2
4923	2
4924	2
4925	2
4926	2
4927	0
4928	2
4929	2
4930	2
4931	2
4932	3
4933	1
4934	3
4935	2
4936	2
4937	2
4938	2
4939	2
4940	2
4941	3
4942	2
4943	2
4944	2
4945	2
4946	2
4947	2
4948	2
4949	2
4950	2
4951	2
4952	2
4953	3
4954	2
4955	2
4956	2
4957	2
4958	3
4959	3
4960	0
4961	2
4962	2
4963	2
4964	2
4965	2
4966	2
4967	2
4968	2
4969	2
4970	2
4971	2
4972	2
4973	2
4974	3
4975	2
4976	2
4977	2
4978	0
4979	2
4980	2
4981	2
4982	2
4983	0
4984	2
4985	2
4986	2
4987	2
4988	2
4989	3
4990	2
4991	2
4992	2
4993	2
4994	1
4995	0
4996	3
4997	1
4998	2
4999	2
5000	2
5001	2
5002	2
5003	2
5004	2
5005	2
5006	2
5007	2
5008	2
5009	3
5010	2
5011	2
5012	2
5013	0
5014	2
5015	2
5016	1
5017	2
5018	2
5019	2
5020	3
5021	3
5022	2
5023	2
5024	2
5025	2
5026	3
5027	3
5028	3
5029	2
5030	2
5031	2
5032	2
5033	3
5034	2
5035	2
5036	2
5037	3
5038	2
5039	3
5040	2
5041	2
5042	1
5043	3
5044	2
5045	1
5046	2
5047	0
5048	2
5049	2
5050	1
5051	2
5052	2
5053	2
5054	2
5055	2
5056	2
5057	0
5058	2
5059	2
5060	2
5061	0
5062	2
5063	2
5064	2
5065	2
5066	0
5067	2
5068	2
5069	2
5070	2
5071	2
5072	2
5073	2
5074	2
5075	2
5076	2
5077	2
5078	2
5079	2
5080	3
5081	2
5082	2
5083	0
5084	2
5085	2
5086	2
5087	2
5088	2
5089	2
5090	2
5091	2
5092	2
5093	0
5094	2
5095	2
5096	1
5097	2
5098	2
5099	2
5100	1
5101	2
5102	2
5103	2
5104	2
5105	2
5106	0
5107	2
5108	3
5109	2
5110	2
5111	0
5112	2
5113	2
5114	2
5115	2
5116	3
5117	3
5118	2
5119	2
5120	2
5121	2
5122	2
5123	2
5124	3
5125	1
5126	2
5127	2
5128	2
5129	2
5130	3
5131	3
5132	3
5133	2
5134	2
5135	2
5136	2
5137	2
5138	2
5139	0
5140	2
5141	2
5142	2
5143	0
5144	2
5145	0
5146	2
5147	0
5148	2
5149	2
5150	2
5151	2
5152	2
5153	2
5154	2
5155	2
5156	2
5157	0
5158	2
5159	2
5160	3
5161	2
5162	2
5163	0
5164	0
5165	2
5166	2
5167	2
5168	2
5169	2
5170	2
5171	0
5172	2
5173	2
5174	2
5175	2
5176	2
5177	2
5178	2
5179	3
5180	2
5181	2
5182	2
5183	2
5184	2
5185	2
5186	2
5187	2
5188	2
5189	2
5190	3
5191	2
5192	2
5193	2
5194	2
5195	2
5196	2
5197	2
5198	3
5199	2
5200	2
5201	2
5202	2
5203	2
5204	2
5205	1
5206	2
5207	2
5208	2
5209	2
5210	2
5211	0
5212	2
5213	2
5214	3
5215	3
5216	2
5217	3
5218	2
5219	2
5220	2
5221	2
5222	2
5223	2
5224	2
5225	2
5226	2
5227	2
5228	2
5229	2
5230	2
5231	2
5232	2
5233	2
5234	2
5235	2
5236	2
5237	2
5238	2
5239	3
5240	2
5241	2
5242	2
5243	2
5244	2
5245	2
5246	2
5247	2
5248	2
5249	2
5250	2
5251	2
5252	1
5253	2
5254	2
5255	2
5256	2
5257	1
5258	2
5259	2
5260	2
5261	2
5262	2
5263	1
5264	2
5265	2
5266	2
5267	0
5268	2
5269	2
5270	2
5271	2
5272	2
5273	0
5274	2
5275	2
5276	2
5277	2
5278	2
5279	2
5280	2
5281	2
5282	2
5283	2
5284	2
5285	2
5286	2
5287	2
5288	2
5289	0
5290	2
5291	3
5292	2
5293	2
5294	0
5295	2
5296	0
5297	2
5298	0
5299	2
5300	2
5301	2
5302	2
5303	2
5304	2
5305	3
5306	2
5307	3
5308	2
5309	2
5310	2
5311	2
5312	2
5313	3
5314	2
5315	2
5316	0
5317	0
5318	2
5319	2
5320	2
5321	3
5322	2
5323	0
5324	2
5325	3
5326	2
5327	2
5328	2
5329	3
5330	0
5331	3
5332	2
5333	2
5334	2
5335	2
5336	1
5337	2
5338	2
5339	2
5340	3
5341	2
5342	1
5343	2
5344	2
5345	1
5346	2
5347	3
5348	2
5349	0
5350	2
5351	2
5352	1
5353	3
5354	0
5355	2
5356	0
5357	1
5358	3
5359	3
5360	2
5361	3
5362	2
5363	3
5364	2
5365	2
5366	2
5367	2
5368	2
5369	2
5370	2
5371	2
5372	3
5373	2
5374	2
5375	2
5376	2
5377	1
5378	2
5379	2
5380	2
5381	2
5382	2
5383	3
5384	2
5385	2
5386	2
5387	3
5388	2
5389	2
5390	2
5391	2
5392	3
5393	2
5394	2
5395	2
5396	2
5397	3
5398	2
5399	3
5400	2
5401	2
5402	1
5403	2
5404	0
5405	2
5406	0
5407	2
5408	2
5409	3
5410	0
5411	2
5412	2
5413	0
5414	2
5415	0
5416	2
5417	2
5418	2
5419	2
5420	2
5421	2
5422	2
5423	2
5424	3
5425	2
5426	3
5427	2
5428	0
5429	2
5430	2
5431	2
5432	2
5433	3
5434	2
5435	2
5436	3
5437	2
5438	2
5439	2
5440	2
5441	2
5442	2
5443	2
5444	2
5445	2
5446	0
5447	3
5448	2
5449	2
5450	2
5451	2
5452	2
5453	3
5454	2
5455	3
5456	2
5457	3
5458	2
5459	2
5460	3
5461	3
5462	2
5463	0
5464	0
5465	0
5466	2
5467	3
5468	2
5469	2
5470	2
5471	2
5472	2
5473	2
5474	2
5475	2
5476	2
5477	3
5478	2
5479	3
5480	2
5481	2
5482	1
5483	3
5484	3
5485	2
5486	2
5487	3
5488	2
5489	2
5490	2
5491	2
5492	2
5493	0
5494	2
5495	2
5496	2
5497	2
5498	3
5499	2
5500	3
5501	0
5502	2
5503	2
5504	0
5505	2
5506	2
5507	1
5508	2
5509	1
5510	3
5511	2
5512	3
5513	3
5514	2
5515	2
5516	3
5517	2
5518	3
5519	2
5520	2
5521	2
5522	2
5523	2
5524	2
5525	2
5526	2
5527	2
5528	2
5529	0
5530	2
5531	2
5532	3
5533	1
5534	3
5535	2
5536	2
5537	2
5538	2
5539	3
5540	1
5541	3
5542	2
5543	2
5544	2
5545	3
5546	3
5547	3
5548	2
5549	0
5550	3
5551	2
5552	3
5553	2
5554	0
5555	2
5556	3
5557	2
5558	2
5559	2
5560	3
5561	0
5562	2
5563	2
5564	2
5565	2
5566	2
5567	2
5568	3
5569	0
5570	3
5571	2
5572	2
5573	2
5574	0
5575	2
5576	2
5577	2
5578	1
5579	2
5580	2
5581	2
5582	3
5583	3
5584	3
5585	0
5586	2
5587	1
5588	3
5589	2
5590	1
5591	3
5592	3
5593	2
5594	2
5595	2
5596	2
5597	0
5598	2
5599	3
5600	3
5601	3
5602	2
5603	0
5604	3
5605	2
5606	3
5607	3
5608	2
5609	2
5610	2
5611	0
5612	0
5613	2
5614	3
5615	0
5616	3
5617	2
5618	0
5619	2
5620	2
5621	3
5622	2
5623	0
5624	2
5625	2
5626	3
5627	2
5628	1
5629	0
5630	3
5631	2
5632	2
5633	3
5634	2
5635	3
5636	2
5637	2
5638	2
5639	2
5640	3
5641	3
5642	2
5643	2
5644	2
5645	2
5646	3
5647	2
5648	2
5649	1
5650	2
5651	2
5652	2
5653	1
5654	3
5655	1
5656	0
5657	3
5658	2
5659	2
5660	2
5661	2
5662	2
5663	2
5664	2
5665	2
5666	2
5667	3
5668	2
5669	2
5670	2
5671	3
5672	3
5673	2
5674	2
5675	3
5676	2
5677	1
5678	3
5679	2
5680	1
5681	1
5682	2
5683	2
5684	2
5685	2
5686	2
5687	2
5688	2
5689	2
5690	2
5691	2
5692	2
5693	2
5694	2
5695	3
5696	2
5697	0
5698	2
5699	2
5700	3
5701	2
5702	2
5703	2
5704	2
5705	0
5706	2
5707	2
5708	2
5709	3
5710	2
5711	3
5712	2
5713	2
5714	2
5715	0
5716	2
5717	0
5718	2
5719	2
5720	2
5721	1
5722	2
5723	0
5724	2
5725	3
5726	2
5727	2
5728	0
5729	2
5730	2
5731	2
5732	0
5733	0
5734	2
5735	3
5736	2
5737	2
5738	2
5739	2
5740	2
5741	2
5742	2
5743	3
5744	2
5745	2
5746	2
5747	2
5748	3
5749	2
5750	3
5751	0
5752	2
5753	0
5754	2
5755	3
5756	2
5757	2
5758	3
5759	2
5760	2
5761	2
5762	3
5763	2
5764	2
5765	2
5766	3
5767	2
5768	2
5769	3
5770	2
5771	3
5772	2
5773	3
5774	0
5775	2
5776	2
5777	2
5778	2
5779	0
5780	2
5781	2
5782	0
5783	2
5784	0
5785	3
5786	2
5787	2
5788	0
5789	2
5790	2
5791	2
5792	1
5793	2
5794	1
5795	3
5796	2
5797	2
5798	2
5799	2
5800	2
5801	0
5802	2
5803	2
5804	0
5805	2
5806	2
5807	2
5808	2
5809	2
5810	0
5811	2
5812	2
5813	3
5814	2
5815	2
5816	2
5817	2
5818	2
5819	2
5820	2
5821	2
5822	2
5823	2
5824	2
5825	2
5826	2
5827	2
5828	2
5829	2
5830	0
5831	2
5832	2
5833	2
5834	2
5835	3
5836	2
5837	2
5838	3
5839	0
5840	2
5841	2
5842	2
5843	2
5844	2
5845	2
5846	2
5847	2
5848	2
5849	2
5850	2
5851	2
5852	2
5853	2
5854	2
5855	2
5856	3
5857	2
5858	2
5859	2
5860	1
5861	1
5862	3
5863	2
5864	1
5865	2
5866	2
5867	2
5868	2
5869	2
5870	0
5871	3
5872	2
5873	2
5874	2
5875	2
5876	2
5877	2
5878	2
5879	1
5880	2
5881	2
5882	2
5883	3
5884	3
5885	2
5886	2
5887	2
5888	2
5889	3
5890	0
5891	3
5892	3
5893	2
5894	0
5895	3
5896	2
5897	3
5898	0
5899	3
5900	3
5901	3
5902	3
5903	3
5904	2
5905	3
5906	2
5907	2
5908	1
5909	2
5910	1
5911	2
5912	2
5913	0
5914	2
5915	2
5916	2
5917	2
5918	2
5919	2
5920	0
5921	3
5922	0
5923	2
5924	2
5925	2
5926	3
5927	3
5928	3
5929	2
5930	3
5931	2
5932	2
5933	1
5934	3
5935	2
5936	2
5937	3
5938	2
5939	2
5940	2
5941	2
5942	2
5943	2
5944	2
5945	2
5946	2
5947	0
5948	2
5949	2
5950	2
5951	2
5952	2
5953	3
5954	2
5955	2
5956	2
5957	2
5958	3
5959	2
5960	2
5961	2
5962	2
5963	3
5964	3
5965	2
5966	2
5967	2
5968	2
5969	3
5970	3
5971	2
5972	2
5973	2
5974	3
5975	2
5976	2
5977	2
5978	2
5979	3
5980	2
5981	0
5982	2
5983	2
5984	2
5985	3
5986	2
5987	2
5988	3
5989	3
5990	2
5991	3
5992	3
5993	2
5994	2
5995	2
5996	2
5997	2
5998	2
5999	0
6000	0
6001	2
6002	3
6003	2
6004	2
6005	2
6006	2
6007	2
6008	0
6009	2
6010	2
6011	2
6012	0
6013	2
6014	2
6015	2
6016	3
6017	2
6018	2
6019	2
6020	2
6021	2
6022	2
6023	2
6024	2
6025	2
6026	2
6027	1
6028	2
6029	2
6030	2
6031	2
6032	2
6033	2
6034	2
6035	2
6036	2
6037	2
6038	2
6039	2
6040	2
6041	2
6042	2
6043	0
6044	2
6045	2
6046	2
6047	2
6048	2
6049	1
6050	2
6051	2
6052	2
6053	0
6054	3
6055	2
6056	3
6057	2
6058	0
6059	0
6060	2
6061	2
6062	0
6063	2
6064	2
6065	2
6066	3
6067	2
6068	2
6069	2
6070	1
6071	2
6072	2
6073	2
6074	2
6075	2
6076	2
6077	2
6078	2
6079	2
6080	2
6081	2
6082	2
6083	3
6084	1
6085	2
6086	2
6087	2
6088	2
6089	2
6090	2
6091	2
6092	2
6093	1
6094	2
6095	2
6096	2
6097	2
6098	2
6099	3
6100	2
6101	2
6102	2
6103	2
6104	3
6105	2
6106	3
6107	2
6108	3
6109	2
6110	2
6111	3
6112	2
6113	2
6114	1
6115	2
6116	2
6117	2
6118	2
6119	2
6120	2
6121	2
6122	2
6123	2
6124	2
6125	3
6126	2
6127	2
6128	3
6129	2
6130	2
6131	0
6132	2
6133	2
6134	2
6135	2
6136	0
6137	2
6138	3
6139	3
6140	2
6141	2
6142	2
6143	2
6144	2
6145	2
6146	2
6147	2
6148	2
6149	2
6150	2
6151	1
6152	2
6153	2
6154	3
6155	2
6156	2
6157	3
6158	2
6159	2
6160	2
6161	2
6162	2
6163	2
6164	2
6165	2
6166	2
6167	2
6168	2
6169	2
6170	3
6171	3
6172	1
6173	2
6174	2
6175	2
6176	2
6177	3
6178	2
6179	3
6180	2
6181	2
6182	2
6183	2
6184	2
6185	2
6186	2
6187	2
6188	2
6189	2
6190	2
6191	0
6192	3
6193	2
6194	2
6195	2
6196	2
6197	2
6198	3
6199	2
6200	0
6201	1
6202	2
6203	2
6204	0
6205	2
6206	2
6207	2
6208	2
6209	2
6210	2
6211	2
6212	2
6213	2
6214	2
6215	2
6216	2
6217	3
6218	0
6219	2
6220	2
6221	2
6222	2
6223	1
6224	3
6225	2
6226	2
6227	2
6228	2
6229	2
6230	3
6231	2
6232	2
6233	3
6234	3
6235	2
6236	2
6237	2
6238	0
6239	2
6240	2
6241	2
6242	3
6243	2
6244	2
6245	2
6246	2
6247	2
6248	2
6249	0
6250	2
6251	2
6252	2
6253	2
6254	2
6255	3
6256	0
6257	3
6258	2
6259	3
6260	2
6261	2
6262	0
6263	1
6264	2
6265	2
6266	2
6267	0
6268	2
6269	3
6270	2
6271	2
6272	2
6273	0
6274	0
6275	1
6276	2
6277	2
6278	3
6279	2
6280	2
6281	2
6282	2
6283	2
6284	1
6285	2
6286	0
6287	0
6288	0
6289	2
6290	2
6291	3
6292	2
6293	2
6294	2
6295	3
6296	2
6297	2
6298	2
6299	2
6300	2
6301	3
6302	2
6303	2
6304	1
6305	2
6306	0
6307	2
6308	3
6309	2
6310	2
6311	0
6312	3
6313	2
6314	2
6315	2
6316	3
6317	2
6318	2
6319	2
6320	2
6321	0
6322	2
6323	2
6324	2
6325	2
6326	2
6327	2
6328	2
6329	3
6330	3
6331	1
6332	2
6333	2
6334	3
6335	1
6336	2
6337	0
6338	2
6339	2
6340	2
6341	2
6342	2
6343	2
6344	2
6345	2
6346	2
6347	2
6348	3
6349	2
6350	1
6351	2
6352	2
6353	2
6354	2
6355	2
6356	2
6357	3
6358	2
6359	2
6360	2
6361	2
6362	0
6363	2
6364	2
6365	2
6366	2
6367	2
6368	2
6369	3
6370	2
6371	2
6372	2
6373	2
6374	2
6375	2
6376	0
6377	2
6378	2
6379	2
6380	2
6381	2
6382	2
6383	2
6384	2
6385	2
6386	1
6387	2
6388	2
6389	2
6390	2
6391	2
6392	0
6393	2
6394	2
6395	3
6396	2
6397	2
6398	0
6399	2
6400	2
6401	2
6402	2
6403	2
6404	2
6405	2
6406	3
6407	1
6408	0
6409	3
6410	2
6411	1
6412	2
6413	0
6414	2
6415	2
6416	1
6417	0
6418	1
6419	3
6420	0
6421	2
6422	0
6423	2
6424	2
6425	2
6426	2
6427	2
6428	2
6429	2
6430	2
6431	2
6432	3
6433	3
6434	2
6435	2
6436	2
6437	2
6438	2
6439	2
6440	2
6441	2
6442	2
6443	2
6444	2
6445	2
6446	0
6447	2
6448	2
6449	2
6450	0
6451	2
6452	0
6453	2
6454	2
6455	3
6456	2
6457	2
6458	2
6459	2
6460	2
6461	2
6462	3
6463	0
6464	1
6465	2
6466	2
6467	0
6468	2
6469	2
6470	2
6471	2
6472	0
6473	0
6474	2
6475	3
6476	2
6477	2
6478	2
6479	2
6480	2
6481	2
6482	2
6483	2
6484	2
6485	2
6486	2
6487	2
6488	2
6489	2
6490	2
6491	2
6492	2
6493	1
6494	2
6495	2
6496	2
6497	2
6498	2
6499	0
6500	2
6501	2
6502	3
6503	2
6504	2
6505	2
6506	3
6507	2
6508	0
6509	2
6510	2
6511	2
6512	2
6513	2
6514	2
6515	2
6516	2
6517	2
6518	2
6519	0
6520	2
6521	0
6522	2
6523	1
6524	2
6525	2
6526	2
6527	2
6528	2
6529	2
6530	2
6531	2
6532	2
6533	1
6534	2
6535	2
6536	2
6537	2
6538	2
6539	2
6540	2
6541	2
6542	2
6543	2
6544	2
6545	2
6546	2
6547	2
6548	2
6549	1
6550	2
6551	2
6552	2
6553	2
6554	2
6555	2
6556	2
6557	2
6558	2
6559	2
6560	3
6561	2
6562	2
6563	0
6564	0
6565	2
6566	1
6567	2
6568	2
6569	2
6570	3
6571	2
6572	2
6573	0
6574	2
6575	2
6576	2
6577	2
6578	2
6579	2
6580	2
6581	2
6582	2
6583	2
6584	2
6585	2
6586	2
6587	2
6588	2
6589	2
6590	2
6591	2
6592	2
6593	2
6594	2
6595	3
6596	2
6597	2
6598	1
6599	2
6600	2
6601	2
6602	2
6603	2
6604	2
6605	1
6606	2
6607	2
6608	3
6609	2
6610	2
6611	2
6612	3
6613	2
6614	2
6615	2
6616	2
6617	2
6618	2
6619	2
6620	2
6621	2
6622	2
6623	2
6624	2
6625	2
6626	2
6627	3
6628	2
6629	2
6630	2
6631	2
6632	2
6633	2
6634	2
6635	2
6636	2
6637	2
6638	2
6639	2
6640	2
6641	1
6642	2
6643	2
6644	2
6645	2
6646	2
6647	2
6648	2
6649	2
6650	2
6651	2
6652	2
6653	2
6654	2
6655	3
6656	2
6657	2
6658	1
6659	1
6660	2
6661	2
6662	3
6663	2
6664	2
6665	2
6666	2
6667	2
6668	2
6669	3
6670	2
6671	2
6672	2
6673	2
6674	2
6675	2
6676	2
6677	2
6678	2
6679	2
6680	2
6681	2
6682	2
6683	2
6684	3
6685	2
6686	2
6687	2
6688	2
6689	2
6690	2
6691	2
6692	2
6693	2
6694	3
6695	2
6696	2
6697	0
6698	2
6699	2
6700	3
6701	2
6702	2
6703	1
6704	3
6705	2
6706	2
6707	3
6708	2
6709	2
6710	0
6711	2
6712	3
6713	3
6714	2
6715	2
6716	3
6717	2
6718	0
6719	2
6720	2
6721	2
6722	2
6723	2
6724	2
6725	2
6726	0
6727	2
6728	2
6729	2
6730	3
6731	3
6732	3
6733	0
6734	0
6735	0
6736	0
6737	2
6738	2
6739	1
6740	2
6741	0
6742	3
6743	2
6744	3
6745	2
6746	2
6747	3
6748	2
6749	2
6750	0
6751	2
6752	2
6753	3
6754	2
6755	2
6756	3
6757	3
6758	2
6759	2
6760	2
6761	2
6762	3
6763	2
6764	2
6765	0
6766	0
6767	2
6768	0
6769	2
6770	0
6771	0
6772	2
6773	2
6774	2
6775	2
6776	2
6777	3
6778	2
6779	2
6780	2
6781	2
6782	2
6783	1
6784	3
6785	2
6786	2
6787	0
6788	0
6789	2
6790	2
6791	3
6792	2
6793	2
6794	3
6795	2
6796	2
6797	2
6798	1
6799	2
6800	2
6801	2
6802	2
6803	3
6804	2
6805	2
6806	2
6807	2
6808	2
6809	2
6810	2
6811	2
6812	3
6813	2
6814	2
6815	2
6816	2
6817	2
6818	2
6819	2
6820	2
6821	2
6822	2
6823	2
6824	2
6825	2
6826	2
6827	2
6828	2
6829	1
6830	2
6831	2
6832	2
6833	2
6834	2
6835	2
6836	2
6837	2
6838	2
6839	2
6840	2
6841	2
6842	2
6843	2
6844	2
6845	0
6846	0
6847	2
6848	2
6849	3
6850	2
6851	2
6852	2
6853	2
6854	2
6855	2
6856	2
6857	2
6858	2
6859	2
6860	2
6861	2
6862	2
6863	2
6864	2
6865	2
6866	2
6867	2
6868	2
6869	2
6870	2
6871	2
6872	2
6873	2
6874	2
6875	2
6876	2
6877	2
6878	2
6879	2
6880	2
6881	2
6882	2
6883	2
6884	2
6885	2
6886	2
6887	2
6888	2
6889	2
6890	2
6891	0
6892	2
6893	3
6894	2
6895	3
6896	2
6897	2
6898	2
6899	3
6900	3
6901	2
6902	2
6903	2
6904	2
6905	2
6906	2
6907	2
6908	3
6909	2
6910	2
6911	2
6912	2
6913	2
6914	2
6915	3
6916	2
6917	2
6918	2
6919	2
6920	2
6921	2
6922	2
6923	2
6924	2
6925	2
6926	2
6927	2
6928	2
6929	2
6930	2
6931	2
6932	0
6933	2
6934	2
6935	2
6936	2
6937	2
6938	2
6939	2
6940	2
6941	2
6942	2
6943	2
6944	2
6945	2
6946	0
6947	2
6948	2
6949	3
6950	2
6951	2
6952	2
6953	1
6954	2
6955	2
6956	2
6957	2
6958	3
6959	2
6960	2
6961	2
6962	2
6963	2
6964	2
6965	1
6966	1
6967	3
6968	0
6969	2
6970	2
6971	2
6972	2
6973	2
6974	3
6975	2
6976	2
6977	2
6978	2
6979	2
6980	3
6981	3
6982	3
6983	2
6984	2
6985	2
6986	2
6987	2
6988	0
6989	0
6990	0
6991	2
6992	1
6993	2
6994	0
6995	2
6996	0
6997	0
6998	2
6999	2
7000	2
7001	3
7002	2
7003	2
7004	2
7005	2
7006	2
7007	2
7008	0
7009	2
7010	2
7011	2
7012	2
7013	2
7014	0
7015	2
7016	0
7017	2
7018	2
7019	2
7020	2
7021	2
7022	2
7023	2
7024	2
7025	2
7026	1
7027	2
7028	2
7029	3
7030	2
7031	2
7032	2
7033	2
7034	2
7035	2
7036	2
7037	2
7038	2
7039	2
7040	2
7041	2
7042	2
7043	0
7044	2
7045	2
7046	3
7047	2
7048	2
7049	2
7050	3
7051	2
7052	3
7053	2
7054	2
7055	2
7056	2
7057	0
7058	2
7059	2
7060	2
7061	2
7062	2
7063	2
7064	3
7065	2
7066	2
7067	2
7068	0
7069	2
7070	2
7071	2
7072	2
7073	2
7074	3
7075	2
7076	3
7077	2
7078	2
7079	2
7080	2
7081	3
7082	2
7083	2
7084	2
7085	2
7086	2
7087	2
7088	2
7089	2
7090	2
7091	2
7092	2
7093	3
7094	2
7095	2
7096	0
7097	0
7098	2
7099	2
7100	3
7101	2
7102	2
7103	2
7104	2
7105	2
7106	2
7107	2
7108	2
7109	2
7110	2
7111	2
7112	2
7113	2
7114	0
7115	2
7116	2
7117	2
7118	2
7119	2
7120	2
7121	2
7122	2
7123	2
7124	2
7125	2
7126	2
7127	2
7128	2
7129	2
7130	2
7131	2
7132	2
7133	2
7134	2
7135	2
7136	2
7137	2
7138	2
7139	2
7140	2
7141	2
7142	1
7143	2
7144	3
7145	2
7146	2
7147	2
7148	1
7149	2
7150	2
7151	3
7152	3
7153	2
7154	2
7155	1
7156	3
7157	2
7158	2
7159	1
7160	2
7161	2
7162	2
7163	1
7164	3
7165	2
7166	2
7167	2
7168	2
7169	2
7170	2
7171	2
7172	3
7173	2
7174	3
7175	2
7176	2
7177	2
7178	2
7179	3
7180	1
7181	2
7182	0
7183	1
7184	2
7185	2
7186	1
7187	2
7188	2
7189	0
7190	2
7191	0
7192	2
7193	2
7194	2
7195	0
7196	2
7197	0
7198	2
7199	2
7200	2
7201	2
7202	2
7203	3
7204	2
7205	2
7206	2
7207	2
7208	2
7209	2
7210	0
7211	2
7212	2
7213	2
7214	2
7215	2
7216	2
7217	2
7218	2
7219	0
7220	2
7221	2
7222	2
7223	2
7224	1
7225	2
7226	2
7227	2
7228	2
7229	2
7230	3
7231	2
7232	2
7233	1
7234	0
7235	2
7236	2
7237	2
7238	2
7239	3
7240	2
7241	2
7242	3
7243	2
7244	2
7245	2
7246	2
7247	2
7248	2
7249	2
7250	2
7251	3
7252	2
7253	3
7254	2
7255	2
7256	2
7257	2
7258	2
7259	2
7260	2
7261	2
7262	2
7263	3
7264	2
7265	3
7266	1
7267	1
7268	0
7269	2
7270	3
7271	2
7272	2
7273	2
7274	0
7275	1
7276	2
7277	2
7278	2
7279	2
7280	2
7281	2
7282	2
7283	2
7284	2
7285	2
7286	1
7287	2
7288	2
7289	2
7290	2
7291	2
7292	3
7293	2
7294	0
7295	2
7296	2
7297	3
7298	2
7299	2
7300	2
7301	2
7302	2
7303	2
7304	1
7305	0
7306	2
7307	1
7308	2
7309	2
7310	2
7311	0
7312	2
7313	2
7314	3
7315	2
7316	2
7317	2
7318	2
7319	2
7320	2
7321	2
7322	2
7323	2
7324	2
7325	2
7326	1
7327	2
7328	2
7329	1
7330	2
7331	2
7332	2
7333	2
7334	2
7335	2
7336	2
7337	2
7338	2
7339	0
7340	2
7341	2
7342	0
7343	2
7344	3
7345	2
7346	2
7347	2
7348	2
7349	2
7350	2
7351	3
7352	2
7353	2
7354	2
7355	3
7356	2
7357	3
7358	2
7359	2
7360	2
7361	2
7362	2
7363	0
7364	2
7365	2
7366	2
7367	2
7368	2
7369	1
7370	2
7371	2
7372	3
7373	2
7374	2
7375	2
7376	2
7377	2
7378	0
7379	2
7380	0
7381	2
7382	2
7383	2
7384	2
7385	0
7386	0
7387	2
7388	2
7389	2
7390	2
7391	1
7392	2
7393	3
7394	2
7395	2
7396	2
7397	3
7398	2
7399	3
7400	2
7401	2
7402	2
7403	2
7404	2
7405	0
7406	3
7407	2
7408	2
7409	3
7410	2
7411	2
7412	2
7413	2
7414	2
7415	0
7416	2
7417	2
7418	2
7419	3
7420	3
7421	2
7422	2
7423	2
7424	3
7425	2
7426	2
7427	2
7428	2
7429	2
7430	3
7431	1
7432	3
7433	2
7434	2
7435	2
7436	2
7437	2
7438	2
7439	2
7440	3
7441	2
7442	2
7443	2
7444	3
7445	2
7446	2
7447	2
7448	3
7449	2
7450	2
7451	2
7452	0
7453	3
7454	2
7455	2
7456	2
7457	0
7458	0
7459	2
7460	2
7461	3
7462	2
7463	2
7464	2
7465	0
7466	2
7467	2
7468	2
7469	2
7470	2
7471	2
7472	3
7473	3
7474	1
7475	0
7476	0
7477	2
7478	3
7479	2
7480	2
7481	3
7482	2
7483	2
7484	2
7485	2
7486	3
7487	2
7488	2
7489	2
7490	2
7491	2
7492	3
7493	2
7494	2
7495	2
7496	2
7497	1
7498	2
7499	2
7500	2
7501	3
7502	3
7503	2
7504	2
7505	2
7506	2
7507	1
7508	2
7509	2
7510	1
7511	3
7512	2
7513	2
7514	3
7515	2
7516	2
7517	2
7518	2
7519	1
7520	2
7521	2
7522	2
7523	2
7524	2
7525	2
7526	2
7527	2
7528	3
7529	2
7530	2
7531	2
7532	2
7533	2
7534	2
7535	3
7536	2
7537	2
7538	2
7539	2
7540	2
7541	1
7542	2
7543	2
7544	2
7545	2
7546	2
7547	2
7548	3
7549	0
7550	2
7551	2
7552	3
7553	3
7554	2
7555	3
7556	2
7557	2
7558	2
7559	3
7560	2
7561	2
7562	2
7563	2
7564	2
7565	3
7566	2
7567	2
7568	2
7569	2
7570	2
7571	2
7572	3
7573	2
7574	2
7575	2
7576	2
7577	2
7578	2
7579	2
7580	2
7581	2
7582	2
7583	1
7584	2
7585	2
7586	2
7587	2
7588	0
7589	2
7590	2
7591	2
7592	2
7593	2
7594	2
7595	2
7596	3
7597	2
7598	2
7599	2
7600	2
7601	2
7602	0
7603	2
7604	2
7605	3
7606	2
7607	2
7608	2
7609	2
7610	2
7611	3
7612	0
7613	2
7614	2
7615	2
7616	3
7617	2
7618	2
7619	2
7620	2
7621	2
7622	2
7623	2
7624	2
7625	2
7626	2
7627	0
7628	2
7629	2
7630	3
7631	2
7632	3
7633	0
7634	2
7635	2
7636	2
7637	0
7638	0
7639	2
7640	3
7641	0
7642	2
7643	2
7644	2
7645	0
7646	3
7647	0
7648	2
7649	2
7650	2
7651	0
7652	3
7653	0
7654	2
7655	3
7656	2
7657	2
7658	2
7659	0
7660	2
7661	2
7662	3
7663	0
7664	0
7665	3
7666	2
7667	2
7668	1
7669	2
7670	2
7671	2
7672	2
7673	2
7674	2
7675	2
7676	2
7677	2
7678	2
7679	2
7680	2
7681	2
7682	2
7683	3
7684	2
7685	2
7686	2
7687	0
7688	3
7689	2
7690	2
7691	2
7692	2
7693	0
7694	3
7695	2
7696	2
7697	3
7698	3
7699	1
7700	3
7701	2
7702	2
7703	2
7704	0
7705	1
7706	2
7707	2
7708	3
7709	2
7710	0
7711	0
7712	0
7713	2
7714	2
7715	3
7716	2
7717	2
7718	2
7719	2
7720	1
7721	2
7722	2
7723	2
7724	2
7725	1
7726	1
7727	2
7728	2
7729	2
7730	0
7731	2
7732	2
7733	2
7734	2
7735	2
7736	2
7737	2
7738	2
7739	2
7740	2
7741	2
7742	2
7743	3
7744	3
7745	0
7746	2
7747	3
7748	3
7749	2
7750	1
7751	2
7752	2
7753	2
7754	2
7755	2
7756	2
7757	0
7758	2
7759	2
7760	2
7761	3
7762	2
7763	2
7764	3
7765	2
7766	2
7767	2
7768	3
7769	2
7770	0
7771	2
7772	2
7773	0
7774	2
7775	2
7776	2
7777	2
7778	2
7779	2
7780	2
7781	0
7782	2
7783	2
7784	1
7785	2
7786	2
7787	0
7788	3
7789	2
7790	2
7791	3
7792	2
7793	2
7794	2
7795	3
7796	2
7797	3
7798	2
7799	0
7800	2
7801	3
7802	2
7803	2
7804	3
7805	2
7806	3
7807	2
7808	2
7809	2
7810	2
7811	3
7812	2
7813	2
7814	3
7815	2
7816	3
7817	3
7818	2
7819	3
7820	2
7821	2
7822	2
7823	2
7824	2
7825	2
7826	2
7827	2
7828	2
7829	0
7830	2
7831	0
7832	2
7833	3
7834	0
7835	2
7836	3
7837	3
7838	2
7839	2
7840	0
7841	2
7842	1
7843	2
7844	2
7845	2
7846	3
7847	2
7848	2
7849	3
7850	3
7851	2
7852	2
7853	0
7854	2
7855	2
7856	2
7857	2
7858	0
7859	2
7860	2
7861	2
7862	2
7863	3
7864	2
7865	2
7866	1
7867	2
7868	2
7869	2
7870	2
7871	2
7872	2
7873	2
7874	2
7875	2
7876	2
7877	2
7878	2
7879	3
7880	0
7881	2
7882	2
7883	3
7884	3
7885	2
7886	2
7887	3
7888	2
7889	2
7890	2
7891	0
7892	2
7893	2
7894	2
7895	2
7896	2
7897	2
7898	2
7899	3
7900	2
7901	2
7902	3
7903	2
7904	2
7905	2
7906	2
7907	2
7908	2
7909	2
7910	3
7911	3
7912	2
7913	2
7914	3
7915	2
7916	2
7917	2
7918	2
7919	2
7920	2
7921	2
7922	0
7923	3
7924	2
7925	2
7926	2
7927	0
7928	2
7929	0
7930	2
7931	0
7932	3
7933	2
7934	0
7935	2
7936	2
7937	3
7938	3
7939	1
7940	3
7941	1
7942	3
7943	2
7944	2
7945	3
7946	0
7947	2
7948	2
7949	1
7950	2
7951	0
7952	3
7953	0
7954	2
7955	0
7956	2
7957	2
7958	2
7959	3
7960	2
7961	3
7962	2
7963	1
7964	3
7965	2
7966	3
7967	2
7968	0
7969	2
7970	2
7971	3
7972	2
7973	3
7974	3
7975	3
7976	2
7977	2
7978	2
7979	2
7980	2
7981	2
7982	3
7983	2
7984	2
7985	2
7986	2
7987	2
7988	2
7989	2
7990	3
7991	2
7992	2
7993	2
7994	2
7995	0
7996	2
7997	2
7998	0
7999	2
8000	2
8001	3
8002	2
8003	3
8004	3
8005	3
8006	2
8007	2
8008	2
8009	0
8010	2
8011	2
8012	2
8013	2
8014	2
8015	0
8016	3
8017	2
8018	3
8019	2
8020	3
8021	2
8022	2
8023	2
8024	2
8025	2
8026	2
8027	2
8028	2
8029	0
8030	2
8031	2
8032	2
8033	3
8034	2
8035	0
8036	2
8037	2
8038	3
8039	2
8040	2
8041	2
8042	2
8043	2
8044	0
8045	2
8046	2
8047	2
8048	1
8049	3
8050	3
8051	2
8052	2
8053	2
8054	3
8055	2
8056	0
8057	2
8058	2
8059	2
8060	2
8061	3
8062	3
8063	2
8064	3
8065	2
8066	2
8067	2
8068	2
8069	2
8070	2
8071	2
8072	2
8073	0
8074	2
8075	2
8076	3
8077	2
8078	2
8079	2
8080	3
8081	0
8082	2
8083	3
8084	3
8085	2
8086	2
8087	2
8088	2
8089	1
8090	2
8091	1
8092	2
8093	2
8094	2
8095	2
8096	3
8097	3
8098	2
8099	2
8100	2
8101	0
8102	0
8103	3
8104	2
8105	2
8106	2
8107	2
8108	2
8109	3
8110	2
8111	2
8112	0
8113	2
8114	2
8115	2
8116	2
8117	2
8118	2
8119	3
8120	2
8121	2
8122	2
8123	2
8124	2
8125	1
8126	2
8127	2
8128	2
8129	2
8130	2
8131	2
8132	2
8133	2
8134	2
8135	2
8136	3
8137	2
8138	2
8139	2
8140	2
8141	2
8142	3
8143	3
8144	2
8145	2
8146	2
8147	2
8148	2
8149	0
8150	2
8151	2
8152	3
8153	2
8154	2
8155	1
8156	2
8157	2
8158	2
8159	2
8160	3
8161	2
8162	2
8163	2
8164	1
8165	2
8166	2
8167	2
8168	2
8169	2
8170	0
8171	2
8172	2
8173	2
8174	3
8175	3
8176	3
8177	2
8178	2
8179	0
8180	3
8181	2
8182	2
8183	2
8184	1
8185	2
8186	3
8187	2
8188	2
8189	2
8190	3
8191	2
