COMMAND
./sim gshare 11 6 ./proj2-traces/perl_trace.txt
OUTPUT
number of predictions:2000000
number of mispredictions:172036
misprediction rate:   8.60%
FINAL GSHARE CONTENTS
0	3
1	3
2	3
3	0
4	2
5	2
6	3
7	2
8	2
9	0
10	3
11	0
12	3
13	0
14	0
15	3
16	2
17	3
18	3
19	0
20	3
21	0
22	1
23	1
24	3
25	2
26	0
27	1
28	0
29	3
30	2
31	0
32	1
33	0
34	0
35	0
36	3
37	2
38	3
39	0
40	1
41	3
42	0
43	0
44	0
45	0
46	3
47	3
48	1
49	3
50	2
51	0
52	0
53	0
54	0
55	0
56	3
57	3
58	1
59	3
60	0
61	3
62	2
63	0
64	2
65	1
66	0
67	3
68	3
69	2
70	2
71	1
72	1
73	3
74	3
75	3
76	1
77	0
78	0
79	3
80	0
81	3
82	3
83	3
84	2
85	2
86	3
87	3
88	0
89	3
90	3
91	3
92	2
93	3
94	0
95	3
96	1
97	3
98	1
99	0
100	3
101	3
102	1
103	0
104	1
105	2
106	1
107	2
108	3
109	3
110	3
111	3
112	0
113	3
114	3
115	0
116	3
117	3
118	3
119	0
120	3
121	0
122	0
123	3
124	2
125	3
126	1
127	1
128	0
129	3
130	3
131	3
132	2
133	3
134	3
135	0
136	1
137	0
138	0
139	3
140	3
141	0
142	0
143	1
144	0
145	3
146	2
147	0
148	0
149	0
150	3
151	0
152	0
153	0
154	0
155	3
156	3
157	3
158	0
159	3
160	2
161	0
162	2
163	3
164	1
165	2
166	0
167	3
168	2
169	3
170	3
171	3
172	0
173	3
174	0
175	0
176	0
177	1
178	0
179	3
180	3
181	3
182	3
183	0
184	0
185	3
186	3
187	3
188	3
189	3
190	3
191	3
192	1
193	0
194	0
195	3
196	3
197	3
198	0
199	3
200	3
201	3
202	0
203	3
204	2
205	0
206	0
207	3
208	3
209	3
210	0
211	0
212	3
213	1
214	3
215	2
216	1
217	0
218	3
219	0
220	3
221	3
222	0
223	3
224	1
225	3
226	2
227	1
228	2
229	3
230	2
231	0
232	2
233	1
234	3
235	3
236	2
237	0
238	0
239	3
240	0
241	3
242	3
243	3
244	0
245	0
246	3
247	2
248	0
249	3
250	2
251	2
252	3
253	1
254	2
255	3
256	3
257	3
258	0
259	3
260	2
261	3
262	3
263	1
264	0
265	3
266	0
267	3
268	3
269	2
270	3
271	2
272	3
273	3
274	0
275	0
276	3
277	0
278	2
279	0
280	0
281	1
282	3
283	0
284	3
285	3
286	0
287	0
288	2
289	0
290	0
291	3
292	2
293	3
294	0
295	3
296	0
297	3
298	2
299	1
300	3
301	0
302	3
303	0
304	3
305	3
306	0
307	0
308	3
309	1
310	2
311	0
312	3
313	0
314	1
315	0
316	3
317	3
318	2
319	2
320	3
321	0
322	0
323	3
324	3
325	3
326	3
327	3
328	3
329	3
330	3
331	3
332	0
333	3
334	3
335	0
336	3
337	3
338	2
339	3
340	3
341	2
342	2
343	0
344	3
345	3
346	3
347	2
348	0
349	0
350	0
351	1
352	2
353	0
354	0
355	1
356	3
357	1
358	2
359	3
360	3
361	3
362	3
363	3
364	3
365	3
366	3
367	3
368	2
369	0
370	0
371	3
372	2
373	1
374	3
375	2
376	3
377	3
378	3
379	3
380	0
381	3
382	1
383	3
384	0
385	3
386	1
387	1
388	3
389	3
390	2
391	0
392	0
393	3
394	0
395	3
396	3
397	1
398	3
399	0
400	3
401	3
402	0
403	3
404	1
405	1
406	3
407	1
408	3
409	0
410	3
411	1
412	0
413	3
414	3
415	3
416	1
417	2
418	0
419	0
420	3
421	0
422	0
423	3
424	3
425	3
426	3
427	2
428	3
429	3
430	3
431	0
432	3
433	3
434	0
435	3
436	3
437	1
438	0
439	0
440	0
441	3
442	1
443	0
444	0
445	3
446	3
447	2
448	2
449	1
450	0
451	0
452	3
453	2
454	1
455	3
456	0
457	0
458	2
459	1
460	0
461	0
462	0
463	0
464	3
465	0
466	0
467	3
468	1
469	0
470	0
471	1
472	2
473	2
474	1
475	1
476	0
477	2
478	3
479	2
480	2
481	0
482	2
483	0
484	3
485	0
486	3
487	2
488	0
489	3
490	3
491	0
492	3
493	0
494	0
495	0
496	3
497	2
498	0
499	3
500	2
501	0
502	0
503	0
504	3
505	0
506	3
507	3
508	3
509	3
510	2
511	3
512	2
513	3
514	0
515	3
516	3
517	3
518	0
519	0
520	3
521	3
522	0
523	0
524	2
525	0
526	3
527	1
528	0
529	3
530	3
531	3
532	3
533	0
534	3
535	0
536	0
537	0
538	0
539	2
540	3
541	2
542	3
543	2
544	0
545	3
546	0
547	2
548	0
549	3
550	0
551	0
552	3
553	1
554	0
555	3
556	3
557	3
558	3
559	3
560	0
561	3
562	3
563	3
564	3
565	0
566	3
567	2
568	2
569	0
570	1
571	0
572	0
573	1
574	3
575	2
576	2
577	3
578	0
579	3
580	3
581	3
582	3
583	0
584	3
585	3
586	3
587	3
588	0
589	0
590	0
591	0
592	0
593	3
594	3
595	3
596	3
597	0
598	3
599	2
600	3
601	1
602	0
603	1
604	3
605	2
606	2
607	0
608	0
609	3
610	0
611	3
612	1
613	1
614	3
615	0
616	0
617	0
618	0
619	2
620	1
621	0
622	3
623	3
624	3
625	3
626	3
627	0
628	3
629	3
630	0
631	3
632	0
633	0
634	2
635	1
636	0
637	3
638	2
639	3
640	3
641	2
642	0
643	3
644	3
645	2
646	0
647	3
648	0
649	3
650	3
651	3
652	1
653	3
654	2
655	2
656	3
657	3
658	3
659	2
660	3
661	0
662	3
663	3
664	3
665	3
666	3
667	0
668	2
669	3
670	2
671	1
672	1
673	2
674	0
675	2
676	3
677	2
678	0
679	3
680	3
681	3
682	3
683	0
684	3
685	0
686	0
687	3
688	3
689	3
690	3
691	2
692	0
693	0
694	3
695	0
696	0
697	3
698	1
699	3
700	0
701	2
702	0
703	3
704	0
705	3
706	0
707	3
708	3
709	3
710	2
711	0
712	2
713	0
714	0
715	3
716	3
717	3
718	0
719	0
720	0
721	3
722	3
723	0
724	3
725	2
726	3
727	3
728	2
729	3
730	3
731	0
732	1
733	3
734	0
735	3
736	2
737	0
738	0
739	3
740	3
741	0
742	1
743	1
744	3
745	3
746	0
747	0
748	3
749	0
750	0
751	3
752	2
753	1
754	3
755	0
756	2
757	0
758	3
759	2
760	3
761	3
762	2
763	0
764	3
765	0
766	3
767	0
768	3
769	3
770	0
771	0
772	3
773	3
774	0
775	3
776	2
777	3
778	0
779	0
780	1
781	3
782	0
783	0
784	1
785	2
786	3
787	0
788	0
789	3
790	0
791	3
792	3
793	3
794	1
795	1
796	3
797	3
798	3
799	3
800	0
801	3
802	0
803	3
804	0
805	0
806	3
807	0
808	0
809	3
810	0
811	3
812	2
813	0
814	0
815	3
816	3
817	1
818	3
819	0
820	0
821	3
822	2
823	0
824	3
825	0
826	2
827	0
828	0
829	0
830	3
831	0
832	1
833	0
834	0
835	3
836	3
837	3
838	0
839	0
840	3
841	3
842	3
843	0
844	3
845	0
846	3
847	2
848	3
849	3
850	0
851	0
852	3
853	3
854	3
855	0
856	3
857	3
858	2
859	3
860	2
861	3
862	2
863	2
864	2
865	3
866	0
867	3
868	3
869	0
870	0
871	3
872	2
873	3
874	3
875	0
876	2
877	2
878	0
879	0
880	3
881	3
882	3
883	0
884	3
885	0
886	3
887	0
888	0
889	3
890	3
891	3
892	3
893	3
894	3
895	0
896	3
897	3
898	1
899	0
900	3
901	0
902	2
903	0
904	2
905	3
906	3
907	0
908	3
909	0
910	0
911	3
912	3
913	3
914	0
915	0
916	3
917	0
918	3
919	0
920	3
921	3
922	2
923	2
924	3
925	3
926	3
927	0
928	0
929	1
930	0
931	0
932	3
933	3
934	0
935	3
936	1
937	0
938	3
939	0
940	3
941	0
942	3
943	0
944	3
945	2
946	3
947	0
948	3
949	0
950	2
951	0
952	3
953	1
954	1
955	3
956	3
957	3
958	0
959	0
960	0
961	3
962	0
963	3
964	3
965	3
966	0
967	0
968	3
969	2
970	2
971	0
972	2
973	0
974	2
975	1
976	0
977	2
978	1
979	2
980	2
981	0
982	3
983	0
984	2
985	3
986	0
987	1
988	0
989	1
990	3
991	0
992	0
993	1
994	0
995	3
996	3
997	3
998	0
999	1
1000	0
1001	3
1002	2
1003	3
1004	3
1005	0
1006	3
1007	0
1008	1
1009	2
1010	0
1011	0
1012	0
1013	3
1014	0
1015	3
1016	2
1017	3
1018	3
1019	3
1020	3
1021	3
1022	3
1023	3
1024	3
1025	0
1026	3
1027	1
1028	2
1029	0
1030	3
1031	3
1032	3
1033	3
1034	3
1035	0
1036	3
1037	0
1038	1
1039	0
1040	3
1041	0
1042	0
1043	0
1044	3
1045	0
1046	2
1047	3
1048	3
1049	1
1050	3
1051	2
1052	3
1053	0
1054	3
1055	0
1056	2
1057	0
1058	0
1059	3
1060	3
1061	3
1062	3
1063	3
1064	3
1065	2
1066	3
1067	0
1068	2
1069	0
1070	1
1071	0
1072	1
1073	1
1074	0
1075	0
1076	2
1077	0
1078	1
1079	3
1080	3
1081	2
1082	3
1083	3
1084	0
1085	0
1086	0
1087	0
1088	3
1089	0
1090	0
1091	0
1092	0
1093	2
1094	0
1095	2
1096	3
1097	0
1098	3
1099	2
1100	2
1101	0
1102	2
1103	3
1104	3
1105	0
1106	0
1107	0
1108	3
1109	3
1110	3
1111	0
1112	3
1113	2
1114	3
1115	0
1116	3
1117	1
1118	2
1119	0
1120	0
1121	0
1122	0
1123	3
1124	3
1125	0
1126	2
1127	3
1128	3
1129	2
1130	1
1131	0
1132	3
1133	3
1134	0
1135	0
1136	3
1137	3
1138	3
1139	2
1140	3
1141	0
1142	1
1143	3
1144	3
1145	0
1146	3
1147	1
1148	3
1149	1
1150	3
1151	0
1152	0
1153	0
1154	3
1155	3
1156	2
1157	0
1158	2
1159	1
1160	0
1161	3
1162	3
1163	2
1164	0
1165	0
1166	3
1167	3
1168	2
1169	2
1170	0
1171	3
1172	3
1173	0
1174	3
1175	3
1176	2
1177	0
1178	3
1179	3
1180	2
1181	3
1182	2
1183	3
1184	3
1185	0
1186	2
1187	3
1188	3
1189	0
1190	3
1191	3
1192	2
1193	1
1194	3
1195	0
1196	1
1197	0
1198	0
1199	1
1200	3
1201	3
1202	1
1203	0
1204	3
1205	3
1206	3
1207	2
1208	3
1209	3
1210	1
1211	3
1212	3
1213	1
1214	0
1215	0
1216	0
1217	0
1218	1
1219	3
1220	3
1221	2
1222	0
1223	3
1224	0
1225	3
1226	3
1227	0
1228	3
1229	3
1230	1
1231	0
1232	3
1233	2
1234	1
1235	2
1236	3
1237	3
1238	0
1239	3
1240	3
1241	2
1242	1
1243	0
1244	0
1245	1
1246	0
1247	3
1248	3
1249	0
1250	3
1251	0
1252	2
1253	0
1254	3
1255	2
1256	3
1257	3
1258	3
1259	0
1260	0
1261	0
1262	1
1263	3
1264	3
1265	0
1266	0
1267	1
1268	0
1269	2
1270	2
1271	3
1272	0
1273	3
1274	3
1275	3
1276	3
1277	3
1278	2
1279	2
1280	3
1281	0
1282	0
1283	1
1284	2
1285	0
1286	3
1287	2
1288	0
1289	0
1290	3
1291	3
1292	0
1293	1
1294	3
1295	3
1296	3
1297	3
1298	0
1299	0
1300	1
1301	0
1302	0
1303	1
1304	0
1305	1
1306	0
1307	0
1308	3
1309	3
1310	2
1311	0
1312	3
1313	0
1314	0
1315	1
1316	3
1317	0
1318	1
1319	0
1320	0
1321	3
1322	3
1323	3
1324	0
1325	0
1326	0
1327	0
1328	3
1329	3
1330	1
1331	0
1332	3
1333	3
1334	2
1335	2
1336	3
1337	2
1338	0
1339	3
1340	1
1341	3
1342	2
1343	2
1344	0
1345	0
1346	1
1347	3
1348	2
1349	2
1350	3
1351	0
1352	3
1353	2
1354	3
1355	3
1356	2
1357	0
1358	1
1359	3
1360	3
1361	3
1362	3
1363	3
1364	2
1365	1
1366	3
1367	0
1368	1
1369	3
1370	3
1371	3
1372	3
1373	3
1374	3
1375	2
1376	2
1377	3
1378	3
1379	0
1380	3
1381	3
1382	3
1383	0
1384	3
1385	0
1386	1
1387	2
1388	2
1389	0
1390	2
1391	1
1392	3
1393	2
1394	0
1395	3
1396	3
1397	0
1398	2
1399	0
1400	3
1401	3
1402	2
1403	0
1404	2
1405	3
1406	3
1407	0
1408	0
1409	0
1410	1
1411	2
1412	3
1413	0
1414	2
1415	3
1416	3
1417	3
1418	3
1419	3
1420	2
1421	0
1422	3
1423	3
1424	3
1425	0
1426	2
1427	1
1428	3
1429	3
1430	0
1431	0
1432	3
1433	0
1434	3
1435	0
1436	2
1437	0
1438	3
1439	0
1440	1
1441	3
1442	2
1443	1
1444	3
1445	3
1446	1
1447	3
1448	2
1449	1
1450	3
1451	3
1452	1
1453	1
1454	0
1455	3
1456	3
1457	3
1458	1
1459	0
1460	1
1461	0
1462	3
1463	0
1464	3
1465	3
1466	1
1467	1
1468	3
1469	0
1470	3
1471	0
1472	0
1473	3
1474	0
1475	3
1476	3
1477	0
1478	3
1479	1
1480	0
1481	2
1482	3
1483	0
1484	3
1485	3
1486	0
1487	0
1488	3
1489	2
1490	0
1491	0
1492	3
1493	0
1494	0
1495	2
1496	3
1497	3
1498	0
1499	0
1500	0
1501	3
1502	3
1503	0
1504	3
1505	3
1506	0
1507	2
1508	2
1509	0
1510	3
1511	3
1512	2
1513	3
1514	3
1515	3
1516	3
1517	2
1518	3
1519	2
1520	3
1521	3
1522	3
1523	0
1524	3
1525	0
1526	1
1527	1
1528	0
1529	3
1530	2
1531	0
1532	0
1533	3
1534	3
1535	3
1536	0
1537	2
1538	0
1539	2
1540	1
1541	3
1542	0
1543	3
1544	0
1545	2
1546	0
1547	0
1548	3
1549	1
1550	3
1551	3
1552	3
1553	0
1554	0
1555	3
1556	0
1557	0
1558	2
1559	2
1560	3
1561	0
1562	3
1563	3
1564	0
1565	0
1566	3
1567	3
1568	0
1569	0
1570	0
1571	2
1572	3
1573	0
1574	3
1575	0
1576	0
1577	2
1578	3
1579	3
1580	0
1581	3
1582	3
1583	3
1584	3
1585	0
1586	2
1587	3
1588	3
1589	0
1590	0
1591	0
1592	0
1593	0
1594	3
1595	3
1596	3
1597	0
1598	2
1599	0
1600	0
1601	0
1602	0
1603	3
1604	1
1605	0
1606	1
1607	2
1608	2
1609	3
1610	0
1611	2
1612	0
1613	0
1614	0
1615	1
1616	3
1617	0
1618	3
1619	0
1620	3
1621	3
1622	0
1623	0
1624	0
1625	0
1626	3
1627	0
1628	3
1629	0
1630	3
1631	0
1632	1
1633	0
1634	0
1635	2
1636	3
1637	0
1638	0
1639	3
1640	2
1641	2
1642	0
1643	0
1644	0
1645	0
1646	0
1647	2
1648	3
1649	0
1650	1
1651	0
1652	0
1653	1
1654	3
1655	0
1656	0
1657	0
1658	3
1659	0
1660	0
1661	3
1662	1
1663	2
1664	0
1665	0
1666	1
1667	3
1668	2
1669	0
1670	0
1671	3
1672	1
1673	0
1674	3
1675	0
1676	0
1677	0
1678	2
1679	3
1680	3
1681	3
1682	3
1683	3
1684	3
1685	2
1686	3
1687	0
1688	2
1689	0
1690	2
1691	3
1692	0
1693	3
1694	3
1695	0
1696	3
1697	2
1698	0
1699	2
1700	0
1701	3
1702	3
1703	0
1704	0
1705	0
1706	0
1707	3
1708	1
1709	0
1710	0
1711	1
1712	2
1713	3
1714	0
1715	3
1716	3
1717	2
1718	3
1719	3
1720	2
1721	0
1722	0
1723	3
1724	2
1725	3
1726	3
1727	0
1728	3
1729	0
1730	0
1731	3
1732	2
1733	0
1734	2
1735	3
1736	3
1737	3
1738	3
1739	3
1740	3
1741	2
1742	3
1743	3
1744	1
1745	0
1746	3
1747	3
1748	2
1749	3
1750	3
1751	3
1752	0
1753	0
1754	3
1755	0
1756	0
1757	3
1758	0
1759	0
1760	3
1761	0
1762	3
1763	3
1764	2
1765	3
1766	3
1767	1
1768	0
1769	3
1770	0
1771	3
1772	3
1773	0
1774	3
1775	3
1776	0
1777	3
1778	3
1779	3
1780	3
1781	0
1782	2
1783	0
1784	3
1785	0
1786	3
1787	2
1788	0
1789	2
1790	3
1791	1
1792	0
1793	0
1794	2
1795	2
1796	3
1797	0
1798	2
1799	3
1800	2
1801	2
1802	3
1803	3
1804	3
1805	0
1806	0
1807	3
1808	2
1809	1
1810	0
1811	0
1812	2
1813	2
1814	3
1815	3
1816	3
1817	0
1818	1
1819	0
1820	3
1821	3
1822	3
1823	0
1824	2
1825	0
1826	3
1827	0
1828	0
1829	3
1830	3
1831	3
1832	3
1833	3
1834	3
1835	0
1836	3
1837	0
1838	3
1839	3
1840	3
1841	0
1842	0
1843	3
1844	2
1845	3
1846	3
1847	3
1848	3
1849	0
1850	3
1851	3
1852	1
1853	3
1854	0
1855	0
1856	3
1857	0
1858	2
1859	0
1860	2
1861	0
1862	3
1863	0
1864	2
1865	2
1866	0
1867	2
1868	3
1869	0
1870	2
1871	3
1872	3
1873	1
1874	0
1875	2
1876	3
1877	3
1878	3
1879	3
1880	2
1881	0
1882	0
1883	1
1884	0
1885	3
1886	0
1887	0
1888	0
1889	0
1890	0
1891	0
1892	3
1893	0
1894	3
1895	1
1896	1
1897	2
1898	3
1899	0
1900	3
1901	3
1902	3
1903	0
1904	2
1905	0
1906	0
1907	3
1908	3
1909	1
1910	1
1911	0
1912	1
1913	0
1914	3
1915	3
1916	0
1917	3
1918	0
1919	0
1920	3
1921	0
1922	0
1923	1
1924	2
1925	0
1926	3
1927	0
1928	2
1929	2
1930	3
1931	0
1932	0
1933	0
1934	2
1935	3
1936	2
1937	3
1938	2
1939	0
1940	0
1941	0
1942	3
1943	0
1944	3
1945	0
1946	0
1947	0
1948	2
1949	2
1950	3
1951	0
1952	3
1953	1
1954	0
1955	3
1956	3
1957	0
1958	3
1959	3
1960	2
1961	3
1962	3
1963	2
1964	0
1965	0
1966	0
1967	3
1968	3
1969	0
1970	3
1971	0
1972	3
1973	3
1974	3
1975	3
1976	3
1977	0
1978	0
1979	3
1980	0
1981	2
1982	3
1983	0
1984	2
1985	3
1986	0
1987	3
1988	2
1989	0
1990	2
1991	1
1992	3
1993	2
1994	3
1995	2
1996	2
1997	0
1998	0
1999	3
2000	3
2001	0
2002	2
2003	3
2004	3
2005	0
2006	0
2007	0
2008	1
2009	0
2010	0
2011	2
2012	0
2013	0
2014	3
2015	0
2016	3
2017	0
2018	2
2019	3
2020	3
2021	3
2022	2
2023	1
2024	2
2025	3
2026	0
2027	0
2028	3
2029	0
2030	3
2031	0
2032	3
2033	1
2034	2
2035	3
2036	3
2037	0
2038	2
2039	0
2040	3
2041	0
2042	0
2043	3
2044	3
2045	3
2046	3
2047	0
