COMMAND
./sim gshare 12 4 ./proj2-traces/perl_trace.txt
OUTPUT
number of predictions:2000000
number of mispredictions:161749
misprediction rate:   8.09%
FINAL GSHARE CONTENTS
0	3
1	2
2	2
3	2
4	3
5	2
6	3
7	2
8	0
9	2
10	0
11	3
12	2
13	3
14	2
15	3
16	3
17	3
18	2
19	2
20	2
21	0
22	0
23	0
24	0
25	0
26	3
27	3
28	1
29	1
30	1
31	2
32	2
33	3
34	0
35	3
36	2
37	1
38	0
39	3
40	2
41	2
42	1
43	3
44	3
45	2
46	3
47	2
48	2
49	2
50	3
51	2
52	3
53	3
54	0
55	1
56	2
57	3
58	2
59	2
60	3
61	2
62	3
63	0
64	1
65	2
66	0
67	0
68	2
69	3
70	2
71	0
72	2
73	2
74	0
75	2
76	3
77	3
78	2
79	0
80	2
81	3
82	2
83	2
84	0
85	3
86	0
87	2
88	1
89	3
90	2
91	1
92	3
93	2
94	0
95	3
96	0
97	2
98	2
99	0
100	3
101	0
102	0
103	2
104	2
105	3
106	0
107	2
108	0
109	2
110	2
111	2
112	2
113	0
114	3
115	3
116	2
117	2
118	1
119	0
120	0
121	3
122	2
123	1
124	2
125	3
126	2
127	2
128	3
129	2
130	2
131	1
132	2
133	2
134	0
135	3
136	2
137	2
138	3
139	2
140	1
141	2
142	3
143	3
144	3
145	2
146	2
147	2
148	2
149	2
150	3
151	2
152	3
153	3
154	2
155	0
156	0
157	3
158	2
159	3
160	2
161	2
162	0
163	2
164	2
165	2
166	0
167	0
168	2
169	3
170	3
171	0
172	3
173	2
174	0
175	2
176	1
177	3
178	0
179	0
180	3
181	3
182	2
183	3
184	2
185	2
186	2
187	1
188	2
189	2
190	2
191	2
192	2
193	3
194	3
195	3
196	1
197	2
198	2
199	2
200	2
201	2
202	2
203	0
204	2
205	2
206	3
207	0
208	3
209	2
210	2
211	2
212	2
213	2
214	2
215	2
216	3
217	2
218	1
219	0
220	2
221	3
222	2
223	1
224	3
225	3
226	0
227	3
228	2
229	2
230	1
231	3
232	0
233	2
234	1
235	0
236	2
237	2
238	3
239	0
240	2
241	2
242	2
243	0
244	2
245	2
246	2
247	0
248	3
249	2
250	3
251	3
252	3
253	3
254	3
255	1
256	0
257	1
258	1
259	1
260	3
261	3
262	2
263	3
264	0
265	3
266	0
267	3
268	2
269	0
270	3
271	1
272	2
273	3
274	3
275	1
276	2
277	3
278	2
279	3
280	0
281	0
282	3
283	2
284	0
285	2
286	3
287	3
288	0
289	3
290	0
291	3
292	2
293	2
294	2
295	2
296	3
297	1
298	2
299	0
300	3
301	2
302	3
303	2
304	3
305	2
306	3
307	2
308	2
309	1
310	3
311	0
312	3
313	1
314	2
315	2
316	3
317	2
318	0
319	0
320	3
321	1
322	2
323	1
324	3
325	3
326	2
327	2
328	2
329	2
330	0
331	2
332	3
333	3
334	2
335	1
336	3
337	3
338	1
339	2
340	2
341	0
342	2
343	3
344	3
345	3
346	2
347	0
348	2
349	0
350	3
351	3
352	0
353	0
354	2
355	2
356	2
357	0
358	0
359	2
360	3
361	2
362	3
363	3
364	0
365	0
366	0
367	3
368	2
369	3
370	2
371	2
372	3
373	0
374	1
375	0
376	2
377	3
378	2
379	2
380	3
381	3
382	2
383	1
384	1
385	2
386	2
387	0
388	2
389	2
390	1
391	0
392	3
393	3
394	3
395	2
396	0
397	3
398	2
399	3
400	1
401	0
402	2
403	3
404	2
405	2
406	2
407	2
408	2
409	3
410	2
411	0
412	2
413	2
414	2
415	3
416	3
417	0
418	2
419	2
420	2
421	2
422	2
423	1
424	2
425	2
426	3
427	1
428	3
429	2
430	3
431	2
432	1
433	2
434	0
435	0
436	2
437	2
438	3
439	3
440	2
441	2
442	2
443	3
444	2
445	2
446	2
447	3
448	3
449	0
450	2
451	2
452	0
453	3
454	2
455	0
456	2
457	0
458	0
459	2
460	2
461	2
462	3
463	2
464	1
465	3
466	0
467	2
468	3
469	0
470	2
471	0
472	3
473	2
474	1
475	2
476	2
477	3
478	2
479	1
480	2
481	3
482	2
483	0
484	2
485	0
486	3
487	1
488	2
489	2
490	1
491	0
492	2
493	2
494	2
495	3
496	2
497	2
498	0
499	0
500	1
501	2
502	2
503	2
504	3
505	2
506	2
507	0
508	3
509	1
510	2
511	3
512	2
513	1
514	2
515	3
516	3
517	3
518	2
519	3
520	0
521	3
522	0
523	2
524	2
525	0
526	0
527	3
528	2
529	1
530	2
531	2
532	2
533	2
534	2
535	0
536	2
537	0
538	3
539	2
540	2
541	3
542	3
543	3
544	2
545	3
546	0
547	3
548	3
549	0
550	3
551	3
552	3
553	2
554	2
555	3
556	3
557	2
558	3
559	0
560	3
561	2
562	2
563	1
564	2
565	1
566	3
567	0
568	2
569	2
570	2
571	3
572	3
573	2
574	3
575	0
576	0
577	0
578	1
579	1
580	2
581	3
582	0
583	3
584	0
585	2
586	0
587	3
588	3
589	2
590	3
591	2
592	3
593	2
594	3
595	2
596	2
597	0
598	0
599	3
600	2
601	0
602	2
603	2
604	2
605	1
606	0
607	3
608	2
609	2
610	2
611	2
612	2
613	3
614	2
615	2
616	2
617	1
618	0
619	2
620	3
621	0
622	3
623	1
624	3
625	2
626	1
627	3
628	3
629	2
630	0
631	0
632	0
633	2
634	2
635	2
636	3
637	0
638	1
639	2
640	3
641	3
642	2
643	0
644	3
645	2
646	0
647	3
648	2
649	2
650	3
651	3
652	2
653	3
654	0
655	3
656	2
657	0
658	2
659	3
660	2
661	2
662	3
663	2
664	2
665	2
666	2
667	0
668	0
669	2
670	2
671	2
672	0
673	1
674	2
675	3
676	2
677	2
678	0
679	2
680	0
681	3
682	3
683	0
684	3
685	0
686	2
687	3
688	3
689	2
690	3
691	2
692	3
693	3
694	2
695	2
696	2
697	0
698	3
699	0
700	2
701	1
702	2
703	1
704	1
705	3
706	2
707	3
708	0
709	2
710	0
711	3
712	0
713	3
714	2
715	0
716	0
717	2
718	3
719	2
720	3
721	2
722	3
723	3
724	2
725	2
726	2
727	0
728	3
729	0
730	0
731	2
732	3
733	0
734	2
735	0
736	3
737	3
738	2
739	3
740	1
741	0
742	0
743	2
744	2
745	2
746	3
747	0
748	2
749	0
750	0
751	3
752	1
753	2
754	0
755	2
756	2
757	2
758	2
759	0
760	3
761	3
762	3
763	0
764	3
765	1
766	2
767	2
768	2
769	3
770	2
771	2
772	3
773	2
774	2
775	0
776	3
777	2
778	0
779	2
780	3
781	2
782	0
783	2
784	2
785	3
786	2
787	0
788	3
789	2
790	3
791	0
792	0
793	0
794	2
795	3
796	2
797	3
798	2
799	2
800	2
801	3
802	0
803	3
804	3
805	2
806	3
807	2
808	3
809	2
810	3
811	2
812	3
813	3
814	2
815	0
816	2
817	3
818	2
819	0
820	3
821	0
822	2
823	1
824	2
825	2
826	2
827	0
828	0
829	2
830	2
831	0
832	2
833	0
834	2
835	1
836	2
837	3
838	3
839	3
840	2
841	2
842	0
843	3
844	3
845	3
846	2
847	3
848	2
849	3
850	2
851	3
852	2
853	0
854	2
855	2
856	2
857	2
858	2
859	0
860	3
861	2
862	0
863	2
864	1
865	2
866	2
867	2
868	0
869	1
870	3
871	2
872	3
873	3
874	0
875	1
876	0
877	0
878	2
879	3
880	2
881	3
882	3
883	0
884	2
885	2
886	3
887	0
888	2
889	1
890	2
891	1
892	3
893	2
894	2
895	2
896	3
897	3
898	3
899	0
900	2
901	1
902	2
903	0
904	2
905	3
906	2
907	2
908	2
909	2
910	1
911	3
912	2
913	1
914	2
915	3
916	2
917	2
918	1
919	3
920	2
921	2
922	2
923	2
924	2
925	2
926	2
927	2
928	2
929	0
930	0
931	2
932	2
933	0
934	3
935	2
936	3
937	3
938	3
939	0
940	2
941	2
942	0
943	0
944	2
945	2
946	3
947	0
948	1
949	3
950	2
951	3
952	2
953	2
954	2
955	0
956	2
957	2
958	2
959	2
960	3
961	2
962	2
963	2
964	0
965	0
966	0
967	2
968	1
969	3
970	2
971	0
972	3
973	2
974	3
975	2
976	3
977	2
978	0
979	2
980	2
981	3
982	2
983	0
984	3
985	2
986	0
987	2
988	3
989	2
990	3
991	3
992	3
993	3
994	2
995	0
996	2
997	0
998	2
999	2
1000	1
1001	0
1002	0
1003	3
1004	2
1005	1
1006	3
1007	3
1008	1
1009	3
1010	2
1011	2
1012	0
1013	3
1014	2
1015	2
1016	2
1017	3
1018	2
1019	2
1020	3
1021	0
1022	2
1023	2
1024	2
1025	3
1026	3
1027	3
1028	2
1029	2
1030	0
1031	2
1032	3
1033	3
1034	2
1035	3
1036	2
1037	3
1038	0
1039	3
1040	2
1041	3
1042	3
1043	3
1044	0
1045	0
1046	3
1047	2
1048	2
1049	0
1050	2
1051	0
1052	2
1053	2
1054	3
1055	2
1056	3
1057	0
1058	0
1059	2
1060	2
1061	0
1062	3
1063	3
1064	2
1065	0
1066	2
1067	2
1068	3
1069	3
1070	3
1071	3
1072	1
1073	2
1074	3
1075	2
1076	3
1077	2
1078	0
1079	2
1080	0
1081	2
1082	2
1083	2
1084	0
1085	2
1086	0
1087	0
1088	0
1089	0
1090	2
1091	3
1092	2
1093	3
1094	2
1095	2
1096	3
1097	2
1098	0
1099	3
1100	3
1101	3
1102	0
1103	2
1104	0
1105	2
1106	3
1107	0
1108	3
1109	2
1110	3
1111	0
1112	0
1113	3
1114	2
1115	2
1116	2
1117	2
1118	0
1119	2
1120	0
1121	2
1122	3
1123	2
1124	0
1125	2
1126	2
1127	2
1128	2
1129	0
1130	3
1131	2
1132	2
1133	2
1134	0
1135	3
1136	2
1137	0
1138	1
1139	3
1140	3
1141	3
1142	3
1143	0
1144	1
1145	0
1146	2
1147	2
1148	3
1149	3
1150	0
1151	3
1152	3
1153	0
1154	0
1155	0
1156	3
1157	1
1158	0
1159	0
1160	2
1161	1
1162	2
1163	1
1164	2
1165	2
1166	2
1167	3
1168	2
1169	2
1170	2
1171	3
1172	2
1173	3
1174	2
1175	2
1176	2
1177	0
1178	2
1179	2
1180	3
1181	0
1182	2
1183	2
1184	1
1185	3
1186	3
1187	3
1188	2
1189	0
1190	3
1191	1
1192	3
1193	3
1194	0
1195	0
1196	0
1197	3
1198	0
1199	2
1200	0
1201	2
1202	3
1203	0
1204	2
1205	1
1206	0
1207	3
1208	2
1209	2
1210	2
1211	3
1212	2
1213	3
1214	2
1215	2
1216	2
1217	2
1218	1
1219	2
1220	2
1221	2
1222	2
1223	2
1224	2
1225	2
1226	0
1227	0
1228	2
1229	3
1230	3
1231	3
1232	2
1233	2
1234	2
1235	2
1236	2
1237	2
1238	2
1239	2
1240	3
1241	3
1242	1
1243	1
1244	2
1245	0
1246	3
1247	3
1248	3
1249	3
1250	0
1251	0
1252	1
1253	2
1254	3
1255	2
1256	0
1257	2
1258	3
1259	2
1260	2
1261	1
1262	3
1263	0
1264	3
1265	3
1266	0
1267	0
1268	0
1269	1
1270	2
1271	2
1272	2
1273	0
1274	2
1275	3
1276	0
1277	1
1278	3
1279	2
1280	1
1281	3
1282	1
1283	0
1284	2
1285	2
1286	2
1287	0
1288	3
1289	2
1290	3
1291	3
1292	2
1293	3
1294	3
1295	2
1296	3
1297	2
1298	2
1299	1
1300	2
1301	2
1302	3
1303	2
1304	1
1305	0
1306	2
1307	0
1308	0
1309	2
1310	2
1311	3
1312	3
1313	3
1314	0
1315	3
1316	2
1317	0
1318	2
1319	3
1320	3
1321	2
1322	3
1323	2
1324	0
1325	3
1326	3
1327	1
1328	3
1329	1
1330	0
1331	2
1332	2
1333	2
1334	2
1335	1
1336	0
1337	2
1338	2
1339	3
1340	0
1341	2
1342	2
1343	0
1344	0
1345	0
1346	2
1347	0
1348	3
1349	3
1350	1
1351	2
1352	0
1353	1
1354	3
1355	2
1356	2
1357	2
1358	0
1359	2
1360	3
1361	2
1362	2
1363	0
1364	3
1365	3
1366	2
1367	2
1368	2
1369	3
1370	2
1371	3
1372	0
1373	3
1374	3
1375	3
1376	1
1377	3
1378	2
1379	3
1380	0
1381	0
1382	0
1383	3
1384	3
1385	2
1386	3
1387	2
1388	3
1389	3
1390	1
1391	3
1392	0
1393	3
1394	0
1395	3
1396	2
1397	3
1398	3
1399	0
1400	2
1401	0
1402	3
1403	3
1404	3
1405	3
1406	3
1407	2
1408	2
1409	1
1410	0
1411	1
1412	3
1413	2
1414	0
1415	0
1416	2
1417	2
1418	0
1419	1
1420	0
1421	2
1422	0
1423	0
1424	2
1425	2
1426	2
1427	3
1428	2
1429	1
1430	3
1431	2
1432	1
1433	0
1434	2
1435	2
1436	2
1437	3
1438	2
1439	2
1440	0
1441	2
1442	2
1443	3
1444	3
1445	0
1446	2
1447	0
1448	3
1449	2
1450	0
1451	3
1452	2
1453	1
1454	0
1455	2
1456	0
1457	2
1458	1
1459	0
1460	2
1461	3
1462	2
1463	3
1464	2
1465	2
1466	2
1467	3
1468	2
1469	2
1470	2
1471	2
1472	2
1473	2
1474	2
1475	0
1476	0
1477	2
1478	2
1479	0
1480	3
1481	2
1482	0
1483	0
1484	2
1485	1
1486	2
1487	2
1488	1
1489	3
1490	3
1491	3
1492	2
1493	1
1494	2
1495	3
1496	1
1497	2
1498	3
1499	2
1500	3
1501	0
1502	2
1503	2
1504	2
1505	3
1506	2
1507	2
1508	2
1509	0
1510	2
1511	2
1512	2
1513	2
1514	3
1515	2
1516	2
1517	3
1518	2
1519	2
1520	3
1521	2
1522	2
1523	3
1524	3
1525	0
1526	2
1527	0
1528	0
1529	2
1530	3
1531	2
1532	3
1533	1
1534	3
1535	3
1536	3
1537	2
1538	2
1539	0
1540	3
1541	3
1542	3
1543	2
1544	2
1545	3
1546	3
1547	2
1548	2
1549	2
1550	1
1551	0
1552	2
1553	0
1554	3
1555	2
1556	2
1557	2
1558	3
1559	0
1560	3
1561	0
1562	1
1563	2
1564	2
1565	0
1566	1
1567	2
1568	2
1569	3
1570	0
1571	3
1572	0
1573	2
1574	2
1575	3
1576	2
1577	0
1578	3
1579	3
1580	2
1581	2
1582	3
1583	0
1584	3
1585	2
1586	1
1587	3
1588	3
1589	0
1590	0
1591	2
1592	3
1593	2
1594	2
1595	0
1596	0
1597	2
1598	3
1599	0
1600	0
1601	2
1602	2
1603	0
1604	0
1605	3
1606	3
1607	2
1608	2
1609	1
1610	2
1611	0
1612	3
1613	3
1614	3
1615	0
1616	3
1617	2
1618	0
1619	2
1620	3
1621	3
1622	3
1623	0
1624	2
1625	3
1626	0
1627	2
1628	1
1629	2
1630	2
1631	2
1632	0
1633	3
1634	0
1635	2
1636	2
1637	1
1638	2
1639	1
1640	0
1641	3
1642	3
1643	3
1644	0
1645	2
1646	1
1647	3
1648	0
1649	1
1650	0
1651	0
1652	2
1653	0
1654	3
1655	3
1656	2
1657	1
1658	2
1659	3
1660	1
1661	3
1662	3
1663	2
1664	3
1665	2
1666	0
1667	1
1668	3
1669	0
1670	0
1671	3
1672	0
1673	0
1674	2
1675	3
1676	2
1677	2
1678	3
1679	3
1680	0
1681	3
1682	2
1683	2
1684	3
1685	2
1686	3
1687	0
1688	3
1689	0
1690	3
1691	1
1692	0
1693	2
1694	2
1695	2
1696	0
1697	3
1698	3
1699	2
1700	2
1701	0
1702	3
1703	2
1704	1
1705	3
1706	2
1707	0
1708	2
1709	1
1710	0
1711	3
1712	0
1713	2
1714	3
1715	2
1716	0
1717	2
1718	3
1719	3
1720	2
1721	2
1722	1
1723	2
1724	1
1725	3
1726	2
1727	0
1728	3
1729	2
1730	2
1731	2
1732	3
1733	1
1734	3
1735	2
1736	0
1737	3
1738	2
1739	0
1740	3
1741	2
1742	0
1743	3
1744	2
1745	3
1746	2
1747	0
1748	2
1749	0
1750	0
1751	2
1752	3
1753	0
1754	2
1755	2
1756	3
1757	0
1758	2
1759	3
1760	3
1761	3
1762	2
1763	0
1764	2
1765	0
1766	2
1767	3
1768	3
1769	3
1770	2
1771	0
1772	0
1773	2
1774	0
1775	2
1776	1
1777	3
1778	2
1779	0
1780	1
1781	2
1782	1
1783	0
1784	0
1785	0
1786	3
1787	3
1788	3
1789	2
1790	3
1791	1
1792	1
1793	3
1794	3
1795	2
1796	2
1797	2
1798	3
1799	2
1800	0
1801	2
1802	3
1803	2
1804	3
1805	0
1806	1
1807	3
1808	2
1809	1
1810	1
1811	0
1812	3
1813	2
1814	3
1815	0
1816	0
1817	0
1818	0
1819	2
1820	1
1821	2
1822	0
1823	2
1824	3
1825	3
1826	0
1827	1
1828	3
1829	2
1830	3
1831	3
1832	0
1833	3
1834	3
1835	0
1836	2
1837	3
1838	1
1839	1
1840	3
1841	2
1842	2
1843	3
1844	3
1845	0
1846	2
1847	0
1848	0
1849	3
1850	1
1851	0
1852	0
1853	2
1854	2
1855	0
1856	0
1857	0
1858	2
1859	2
1860	2
1861	3
1862	3
1863	2
1864	2
1865	2
1866	0
1867	2
1868	3
1869	2
1870	3
1871	3
1872	3
1873	0
1874	1
1875	2
1876	2
1877	0
1878	1
1879	2
1880	0
1881	2
1882	3
1883	2
1884	3
1885	1
1886	3
1887	2
1888	1
1889	2
1890	0
1891	3
1892	1
1893	3
1894	2
1895	3
1896	2
1897	2
1898	3
1899	2
1900	3
1901	0
1902	3
1903	3
1904	2
1905	0
1906	3
1907	0
1908	2
1909	3
1910	3
1911	1
1912	0
1913	0
1914	2
1915	3
1916	1
1917	3
1918	2
1919	1
1920	3
1921	2
1922	0
1923	0
1924	2
1925	2
1926	0
1927	2
1928	3
1929	1
1930	2
1931	2
1932	2
1933	2
1934	2
1935	0
1936	2
1937	2
1938	2
1939	2
1940	3
1941	0
1942	0
1943	0
1944	2
1945	0
1946	2
1947	2
1948	1
1949	3
1950	2
1951	1
1952	0
1953	3
1954	3
1955	3
1956	1
1957	2
1958	3
1959	2
1960	2
1961	2
1962	3
1963	2
1964	2
1965	1
1966	0
1967	2
1968	2
1969	2
1970	3
1971	2
1972	3
1973	2
1974	3
1975	2
1976	3
1977	2
1978	2
1979	2
1980	3
1981	3
1982	2
1983	0
1984	3
1985	0
1986	2
1987	2
1988	3
1989	1
1990	2
1991	0
1992	2
1993	3
1994	3
1995	2
1996	2
1997	2
1998	2
1999	3
2000	3
2001	2
2002	3
2003	2
2004	3
2005	0
2006	2
2007	2
2008	2
2009	0
2010	2
2011	2
2012	2
2013	3
2014	3
2015	2
2016	3
2017	3
2018	2
2019	1
2020	2
2021	2
2022	2
2023	2
2024	2
2025	2
2026	2
2027	0
2028	2
2029	2
2030	3
2031	1
2032	3
2033	2
2034	2
2035	2
2036	3
2037	3
2038	2
2039	0
2040	0
2041	2
2042	2
2043	2
2044	2
2045	2
2046	3
2047	3
2048	3
2049	3
2050	3
2051	3
2052	3
2053	3
2054	2
2055	0
2056	2
2057	3
2058	3
2059	3
2060	2
2061	0
2062	3
2063	1
2064	3
2065	0
2066	1
2067	0
2068	2
2069	3
2070	2
2071	2
2072	1
2073	2
2074	3
2075	0
2076	2
2077	2
2078	0
2079	3
2080	2
2081	0
2082	0
2083	2
2084	2
2085	2
2086	3
2087	2
2088	3
2089	3
2090	3
2091	2
2092	2
2093	1
2094	1
2095	1
2096	2
2097	2
2098	2
2099	2
2100	2
2101	0
2102	0
2103	3
2104	3
2105	0
2106	3
2107	1
2108	0
2109	2
2110	3
2111	2
2112	2
2113	0
2114	2
2115	1
2116	3
2117	0
2118	2
2119	3
2120	2
2121	3
2122	2
2123	3
2124	0
2125	0
2126	0
2127	2
2128	3
2129	2
2130	0
2131	2
2132	3
2133	0
2134	0
2135	3
2136	3
2137	3
2138	2
2139	0
2140	3
2141	3
2142	2
2143	2
2144	2
2145	0
2146	3
2147	2
2148	0
2149	0
2150	0
2151	1
2152	2
2153	0
2154	3
2155	2
2156	1
2157	3
2158	2
2159	0
2160	2
2161	0
2162	0
2163	0
2164	0
2165	0
2166	3
2167	1
2168	2
2169	2
2170	1
2171	0
2172	2
2173	1
2174	2
2175	2
2176	1
2177	2
2178	2
2179	0
2180	2
2181	2
2182	0
2183	3
2184	1
2185	2
2186	2
2187	2
2188	2
2189	2
2190	0
2191	2
2192	2
2193	0
2194	2
2195	3
2196	1
2197	3
2198	2
2199	3
2200	3
2201	2
2202	2
2203	2
2204	3
2205	2
2206	2
2207	2
2208	3
2209	3
2210	1
2211	2
2212	3
2213	0
2214	3
2215	0
2216	2
2217	3
2218	3
2219	3
2220	2
2221	3
2222	1
2223	2
2224	2
2225	2
2226	0
2227	2
2228	2
2229	1
2230	2
2231	3
2232	0
2233	3
2234	1
2235	2
2236	2
2237	3
2238	2
2239	3
2240	2
2241	2
2242	3
2243	1
2244	2
2245	1
2246	0
2247	3
2248	2
2249	1
2250	2
2251	3
2252	2
2253	3
2254	3
2255	2
2256	2
2257	2
2258	3
2259	3
2260	0
2261	0
2262	3
2263	2
2264	1
2265	2
2266	0
2267	2
2268	3
2269	2
2270	0
2271	1
2272	3
2273	1
2274	2
2275	2
2276	2
2277	3
2278	3
2279	3
2280	0
2281	2
2282	2
2283	2
2284	3
2285	0
2286	3
2287	3
2288	2
2289	3
2290	3
2291	0
2292	3
2293	3
2294	2
2295	2
2296	3
2297	2
2298	3
2299	3
2300	2
2301	2
2302	2
2303	2
2304	3
2305	3
2306	1
2307	2
2308	3
2309	1
2310	2
2311	2
2312	2
2313	3
2314	0
2315	3
2316	2
2317	0
2318	3
2319	3
2320	1
2321	2
2322	1
2323	0
2324	3
2325	2
2326	3
2327	3
2328	2
2329	2
2330	3
2331	2
2332	3
2333	1
2334	1
2335	2
2336	1
2337	0
2338	0
2339	3
2340	3
2341	0
2342	3
2343	2
2344	3
2345	1
2346	3
2347	2
2348	2
2349	2
2350	2
2351	1
2352	3
2353	2
2354	3
2355	0
2356	1
2357	2
2358	1
2359	2
2360	2
2361	1
2362	3
2363	2
2364	0
2365	2
2366	3
2367	2
2368	0
2369	3
2370	3
2371	0
2372	3
2373	0
2374	2
2375	2
2376	2
2377	0
2378	2
2379	1
2380	0
2381	0
2382	0
2383	2
2384	2
2385	3
2386	2
2387	2
2388	3
2389	1
2390	3
2391	3
2392	0
2393	3
2394	3
2395	0
2396	3
2397	3
2398	2
2399	3
2400	3
2401	0
2402	2
2403	2
2404	2
2405	0
2406	1
2407	2
2408	2
2409	2
2410	3
2411	3
2412	3
2413	0
2414	2
2415	1
2416	2
2417	1
2418	0
2419	3
2420	3
2421	0
2422	2
2423	0
2424	2
2425	2
2426	0
2427	0
2428	3
2429	1
2430	3
2431	2
2432	3
2433	2
2434	0
2435	0
2436	0
2437	0
2438	3
2439	3
2440	2
2441	0
2442	2
2443	3
2444	2
2445	0
2446	3
2447	2
2448	0
2449	0
2450	3
2451	0
2452	3
2453	1
2454	2
2455	3
2456	0
2457	3
2458	2
2459	0
2460	2
2461	3
2462	0
2463	3
2464	3
2465	0
2466	0
2467	3
2468	3
2469	1
2470	3
2471	3
2472	2
2473	2
2474	3
2475	2
2476	2
2477	3
2478	3
2479	2
2480	3
2481	2
2482	0
2483	2
2484	2
2485	2
2486	2
2487	2
2488	2
2489	3
2490	3
2491	2
2492	2
2493	1
2494	2
2495	1
2496	2
2497	2
2498	2
2499	1
2500	3
2501	2
2502	2
2503	3
2504	2
2505	0
2506	2
2507	2
2508	3
2509	3
2510	3
2511	3
2512	2
2513	0
2514	3
2515	1
2516	1
2517	0
2518	3
2519	2
2520	3
2521	2
2522	3
2523	0
2524	2
2525	2
2526	0
2527	3
2528	3
2529	3
2530	2
2531	1
2532	2
2533	3
2534	3
2535	2
2536	1
2537	3
2538	3
2539	3
2540	0
2541	0
2542	3
2543	3
2544	3
2545	3
2546	3
2547	3
2548	3
2549	2
2550	2
2551	0
2552	3
2553	2
2554	2
2555	2
2556	3
2557	1
2558	3
2559	0
2560	2
2561	0
2562	3
2563	2
2564	2
2565	2
2566	3
2567	3
2568	3
2569	3
2570	3
2571	2
2572	2
2573	3
2574	3
2575	0
2576	3
2577	2
2578	0
2579	2
2580	2
2581	2
2582	3
2583	2
2584	2
2585	2
2586	1
2587	2
2588	2
2589	2
2590	0
2591	2
2592	2
2593	2
2594	0
2595	3
2596	2
2597	2
2598	3
2599	0
2600	2
2601	2
2602	2
2603	2
2604	2
2605	2
2606	3
2607	3
2608	0
2609	3
2610	2
2611	2
2612	3
2613	0
2614	2
2615	3
2616	2
2617	2
2618	3
2619	0
2620	1
2621	2
2622	2
2623	2
2624	0
2625	3
2626	2
2627	3
2628	1
2629	0
2630	0
2631	2
2632	2
2633	3
2634	0
2635	2
2636	0
2637	0
2638	0
2639	2
2640	0
2641	2
2642	0
2643	1
2644	1
2645	0
2646	3
2647	3
2648	3
2649	2
2650	2
2651	2
2652	2
2653	2
2654	2
2655	0
2656	2
2657	1
2658	3
2659	3
2660	0
2661	3
2662	2
2663	3
2664	2
2665	0
2666	1
2667	3
2668	3
2669	3
2670	2
2671	3
2672	3
2673	3
2674	0
2675	3
2676	2
2677	0
2678	3
2679	2
2680	3
2681	2
2682	2
2683	2
2684	2
2685	1
2686	2
2687	2
2688	3
2689	3
2690	0
2691	3
2692	2
2693	2
2694	0
2695	0
2696	2
2697	2
2698	2
2699	3
2700	3
2701	2
2702	1
2703	1
2704	2
2705	2
2706	2
2707	3
2708	2
2709	2
2710	3
2711	0
2712	2
2713	3
2714	2
2715	0
2716	3
2717	3
2718	3
2719	1
2720	3
2721	0
2722	0
2723	0
2724	3
2725	2
2726	0
2727	3
2728	2
2729	0
2730	3
2731	3
2732	3
2733	2
2734	3
2735	2
2736	2
2737	2
2738	0
2739	2
2740	2
2741	3
2742	3
2743	3
2744	2
2745	3
2746	2
2747	3
2748	2
2749	2
2750	2
2751	2
2752	2
2753	0
2754	2
2755	2
2756	2
2757	2
2758	2
2759	2
2760	2
2761	3
2762	0
2763	3
2764	3
2765	0
2766	3
2767	2
2768	2
2769	0
2770	3
2771	2
2772	0
2773	0
2774	0
2775	2
2776	2
2777	0
2778	0
2779	2
2780	3
2781	3
2782	2
2783	1
2784	0
2785	3
2786	2
2787	3
2788	2
2789	0
2790	3
2791	1
2792	2
2793	3
2794	0
2795	3
2796	3
2797	2
2798	1
2799	1
2800	2
2801	2
2802	2
2803	2
2804	3
2805	2
2806	2
2807	2
2808	3
2809	2
2810	3
2811	2
2812	2
2813	2
2814	1
2815	3
2816	2
2817	2
2818	3
2819	3
2820	2
2821	2
2822	3
2823	2
2824	1
2825	3
2826	0
2827	3
2828	2
2829	0
2830	3
2831	0
2832	2
2833	0
2834	2
2835	0
2836	2
2837	3
2838	0
2839	2
2840	2
2841	0
2842	2
2843	0
2844	2
2845	3
2846	0
2847	2
2848	0
2849	2
2850	0
2851	3
2852	2
2853	2
2854	3
2855	3
2856	2
2857	3
2858	3
2859	3
2860	3
2861	3
2862	3
2863	1
2864	3
2865	3
2866	2
2867	2
2868	3
2869	0
2870	2
2871	2
2872	2
2873	2
2874	3
2875	2
2876	0
2877	2
2878	3
2879	0
2880	2
2881	3
2882	2
2883	1
2884	3
2885	2
2886	0
2887	0
2888	3
2889	3
2890	3
2891	1
2892	0
2893	1
2894	0
2895	2
2896	0
2897	3
2898	0
2899	2
2900	2
2901	2
2902	2
2903	2
2904	2
2905	2
2906	3
2907	3
2908	2
2909	3
2910	2
2911	0
2912	2
2913	3
2914	3
2915	0
2916	2
2917	3
2918	2
2919	2
2920	2
2921	2
2922	2
2923	3
2924	2
2925	2
2926	3
2927	2
2928	0
2929	0
2930	0
2931	2
2932	2
2933	2
2934	0
2935	2
2936	3
2937	2
2938	2
2939	2
2940	2
2941	0
2942	0
2943	2
2944	3
2945	2
2946	2
2947	2
2948	0
2949	3
2950	3
2951	1
2952	2
2953	1
2954	2
2955	0
2956	3
2957	2
2958	3
2959	2
2960	0
2961	2
2962	0
2963	3
2964	2
2965	2
2966	3
2967	2
2968	2
2969	3
2970	2
2971	0
2972	3
2973	3
2974	3
2975	1
2976	3
2977	0
2978	0
2979	2
2980	3
2981	2
2982	2
2983	3
2984	2
2985	2
2986	3
2987	2
2988	2
2989	2
2990	3
2991	2
2992	2
2993	2
2994	0
2995	2
2996	1
2997	3
2998	2
2999	2
3000	3
3001	2
3002	3
3003	2
3004	3
3005	3
3006	2
3007	0
3008	2
3009	0
3010	2
3011	2
3012	0
3013	2
3014	0
3015	2
3016	3
3017	2
3018	1
3019	2
3020	2
3021	3
3022	3
3023	2
3024	2
3025	2
3026	3
3027	3
3028	2
3029	0
3030	3
3031	2
3032	3
3033	3
3034	0
3035	0
3036	2
3037	3
3038	2
3039	3
3040	0
3041	1
3042	3
3043	3
3044	2
3045	0
3046	1
3047	3
3048	0
3049	1
3050	0
3051	0
3052	1
3053	2
3054	3
3055	2
3056	3
3057	2
3058	3
3059	0
3060	3
3061	2
3062	3
3063	2
3064	3
3065	2
3066	2
3067	2
3068	3
3069	2
3070	3
3071	3
3072	2
3073	0
3074	3
3075	3
3076	2
3077	3
3078	2
3079	2
3080	3
3081	3
3082	0
3083	1
3084	3
3085	0
3086	3
3087	3
3088	2
3089	3
3090	2
3091	0
3092	3
3093	2
3094	2
3095	3
3096	1
3097	2
3098	2
3099	2
3100	1
3101	3
3102	2
3103	2
3104	2
3105	1
3106	0
3107	3
3108	3
3109	2
3110	0
3111	0
3112	3
3113	0
3114	2
3115	2
3116	2
3117	2
3118	3
3119	0
3120	3
3121	3
3122	2
3123	2
3124	0
3125	2
3126	3
3127	2
3128	2
3129	3
3130	2
3131	0
3132	3
3133	3
3134	3
3135	0
3136	2
3137	2
3138	0
3139	3
3140	3
3141	2
3142	2
3143	0
3144	2
3145	1
3146	2
3147	2
3148	3
3149	1
3150	2
3151	2
3152	3
3153	2
3154	2
3155	0
3156	3
3157	1
3158	2
3159	2
3160	3
3161	2
3162	3
3163	2
3164	2
3165	2
3166	0
3167	3
3168	0
3169	3
3170	3
3171	1
3172	3
3173	2
3174	3
3175	3
3176	3
3177	2
3178	2
3179	0
3180	1
3181	3
3182	2
3183	3
3184	0
3185	3
3186	1
3187	3
3188	2
3189	0
3190	3
3191	0
3192	3
3193	2
3194	2
3195	1
3196	3
3197	0
3198	2
3199	2
3200	0
3201	2
3202	0
3203	1
3204	2
3205	3
3206	3
3207	3
3208	2
3209	0
3210	2
3211	3
3212	2
3213	1
3214	0
3215	3
3216	2
3217	3
3218	2
3219	2
3220	2
3221	2
3222	2
3223	3
3224	1
3225	0
3226	2
3227	2
3228	2
3229	1
3230	3
3231	2
3232	3
3233	3
3234	0
3235	2
3236	3
3237	3
3238	3
3239	0
3240	2
3241	0
3242	3
3243	1
3244	0
3245	0
3246	2
3247	2
3248	2
3249	2
3250	0
3251	1
3252	1
3253	2
3254	2
3255	2
3256	3
3257	2
3258	3
3259	3
3260	2
3261	3
3262	2
3263	2
3264	2
3265	0
3266	2
3267	3
3268	2
3269	2
3270	2
3271	1
3272	2
3273	2
3274	0
3275	2
3276	2
3277	1
3278	2
3279	2
3280	3
3281	2
3282	2
3283	2
3284	2
3285	0
3286	3
3287	3
3288	3
3289	2
3290	0
3291	2
3292	3
3293	1
3294	2
3295	2
3296	3
3297	3
3298	2
3299	0
3300	2
3301	2
3302	3
3303	0
3304	2
3305	3
3306	2
3307	0
3308	2
3309	0
3310	2
3311	0
3312	3
3313	3
3314	0
3315	2
3316	2
3317	2
3318	2
3319	1
3320	0
3321	1
3322	3
3323	2
3324	3
3325	2
3326	0
3327	3
3328	2
3329	0
3330	3
3331	2
3332	3
3333	1
3334	2
3335	1
3336	2
3337	3
3338	0
3339	3
3340	2
3341	1
3342	3
3343	3
3344	2
3345	2
3346	3
3347	0
3348	2
3349	2
3350	2
3351	3
3352	2
3353	1
3354	3
3355	0
3356	1
3357	2
3358	0
3359	2
3360	0
3361	3
3362	0
3363	3
3364	2
3365	3
3366	3
3367	0
3368	3
3369	2
3370	3
3371	2
3372	0
3373	3
3374	1
3375	0
3376	3
3377	3
3378	0
3379	0
3380	1
3381	2
3382	3
3383	3
3384	2
3385	2
3386	2
3387	3
3388	0
3389	2
3390	3
3391	0
3392	2
3393	0
3394	0
3395	2
3396	3
3397	3
3398	2
3399	2
3400	2
3401	3
3402	3
3403	2
3404	2
3405	0
3406	2
3407	0
3408	2
3409	3
3410	3
3411	0
3412	3
3413	3
3414	2
3415	2
3416	2
3417	3
3418	2
3419	1
3420	3
3421	3
3422	1
3423	3
3424	0
3425	3
3426	3
3427	1
3428	2
3429	0
3430	2
3431	2
3432	2
3433	1
3434	2
3435	2
3436	2
3437	1
3438	2
3439	3
3440	2
3441	3
3442	3
3443	3
3444	2
3445	0
3446	0
3447	0
3448	3
3449	2
3450	0
3451	0
3452	3
3453	2
3454	3
3455	2
3456	2
3457	2
3458	0
3459	2
3460	3
3461	3
3462	2
3463	3
3464	2
3465	3
3466	2
3467	2
3468	3
3469	3
3470	0
3471	1
3472	2
3473	0
3474	2
3475	3
3476	2
3477	0
3478	2
3479	2
3480	2
3481	0
3482	2
3483	0
3484	2
3485	0
3486	3
3487	3
3488	3
3489	2
3490	0
3491	0
3492	3
3493	2
3494	3
3495	0
3496	2
3497	2
3498	0
3499	3
3500	1
3501	0
3502	3
3503	2
3504	2
3505	0
3506	0
3507	2
3508	2
3509	3
3510	2
3511	0
3512	2
3513	2
3514	2
3515	3
3516	2
3517	3
3518	2
3519	2
3520	1
3521	0
3522	2
3523	2
3524	2
3525	0
3526	2
3527	2
3528	2
3529	2
3530	3
3531	2
3532	2
3533	1
3534	3
3535	2
3536	2
3537	2
3538	3
3539	2
3540	2
3541	2
3542	2
3543	2
3544	2
3545	2
3546	2
3547	1
3548	2
3549	2
3550	2
3551	2
3552	0
3553	2
3554	2
3555	0
3556	2
3557	0
3558	3
3559	3
3560	2
3561	0
3562	2
3563	3
3564	1
3565	1
3566	3
3567	2
3568	2
3569	2
3570	1
3571	3
3572	3
3573	0
3574	2
3575	2
3576	0
3577	2
3578	3
3579	2
3580	1
3581	2
3582	1
3583	3
3584	2
3585	1
3586	0
3587	3
3588	2
3589	0
3590	2
3591	1
3592	2
3593	3
3594	3
3595	2
3596	3
3597	0
3598	3
3599	3
3600	1
3601	1
3602	2
3603	3
3604	2
3605	2
3606	3
3607	2
3608	2
3609	0
3610	2
3611	2
3612	3
3613	2
3614	2
3615	2
3616	0
3617	1
3618	3
3619	3
3620	3
3621	2
3622	3
3623	0
3624	2
3625	2
3626	2
3627	3
3628	2
3629	1
3630	3
3631	1
3632	3
3633	2
3634	0
3635	2
3636	0
3637	1
3638	1
3639	3
3640	3
3641	1
3642	2
3643	1
3644	3
3645	2
3646	3
3647	2
3648	2
3649	3
3650	3
3651	2
3652	2
3653	2
3654	2
3655	3
3656	2
3657	3
3658	0
3659	3
3660	2
3661	0
3662	2
3663	2
3664	3
3665	2
3666	1
3667	0
3668	2
3669	2
3670	3
3671	2
3672	3
3673	3
3674	3
3675	1
3676	2
3677	2
3678	0
3679	3
3680	0
3681	3
3682	3
3683	3
3684	3
3685	3
3686	3
3687	2
3688	0
3689	0
3690	3
3691	1
3692	2
3693	3
3694	2
3695	3
3696	0
3697	2
3698	3
3699	3
3700	2
3701	1
3702	3
3703	0
3704	2
3705	3
3706	2
3707	2
3708	3
3709	1
3710	3
3711	0
3712	2
3713	2
3714	3
3715	3
3716	3
3717	2
3718	3
3719	3
3720	1
3721	3
3722	2
3723	3
3724	1
3725	0
3726	2
3727	2
3728	2
3729	3
3730	2
3731	1
3732	3
3733	0
3734	2
3735	1
3736	2
3737	0
3738	3
3739	2
3740	3
3741	3
3742	3
3743	2
3744	1
3745	2
3746	0
3747	2
3748	2
3749	0
3750	3
3751	2
3752	2
3753	3
3754	3
3755	3
3756	2
3757	0
3758	2
3759	1
3760	2
3761	2
3762	0
3763	3
3764	2
3765	1
3766	2
3767	3
3768	2
3769	2
3770	0
3771	3
3772	2
3773	3
3774	3
3775	2
3776	2
3777	0
3778	2
3779	2
3780	2
3781	0
3782	0
3783	3
3784	3
3785	3
3786	0
3787	3
3788	3
3789	2
3790	3
3791	2
3792	2
3793	0
3794	2
3795	2
3796	0
3797	0
3798	2
3799	2
3800	2
3801	1
3802	0
3803	2
3804	3
3805	3
3806	2
3807	3
3808	2
3809	3
3810	2
3811	1
3812	3
3813	3
3814	3
3815	3
3816	2
3817	2
3818	2
3819	0
3820	0
3821	0
3822	3
3823	0
3824	2
3825	2
3826	0
3827	2
3828	2
3829	3
3830	3
3831	0
3832	3
3833	0
3834	3
3835	0
3836	3
3837	3
3838	2
3839	1
3840	2
3841	2
3842	0
3843	3
3844	2
3845	1
3846	2
3847	2
3848	3
3849	3
3850	3
3851	1
3852	2
3853	3
3854	3
3855	3
3856	3
3857	0
3858	3
3859	1
3860	3
3861	2
3862	2
3863	3
3864	2
3865	1
3866	0
3867	2
3868	3
3869	2
3870	3
3871	0
3872	2
3873	3
3874	0
3875	3
3876	2
3877	3
3878	2
3879	3
3880	2
3881	2
3882	3
3883	3
3884	2
3885	2
3886	0
3887	2
3888	3
3889	3
3890	2
3891	2
3892	0
3893	2
3894	2
3895	2
3896	2
3897	3
3898	3
3899	1
3900	0
3901	2
3902	3
3903	0
3904	2
3905	0
3906	0
3907	0
3908	2
3909	2
3910	0
3911	0
3912	2
3913	3
3914	1
3915	2
3916	2
3917	0
3918	2
3919	3
3920	2
3921	3
3922	3
3923	0
3924	2
3925	0
3926	2
3927	0
3928	2
3929	3
3930	2
3931	1
3932	2
3933	2
3934	2
3935	3
3936	0
3937	2
3938	3
3939	2
3940	3
3941	3
3942	0
3943	2
3944	3
3945	2
3946	3
3947	2
3948	2
3949	2
3950	2
3951	1
3952	2
3953	0
3954	0
3955	3
3956	2
3957	1
3958	2
3959	0
3960	1
3961	2
3962	2
3963	2
3964	2
3965	1
3966	3
3967	0
3968	3
3969	3
3970	2
3971	2
3972	3
3973	3
3974	3
3975	3
3976	2
3977	3
3978	2
3979	0
3980	3
3981	2
3982	1
3983	2
3984	2
3985	2
3986	2
3987	2
3988	2
3989	2
3990	2
3991	0
3992	2
3993	1
3994	0
3995	2
3996	0
3997	2
3998	3
3999	2
4000	0
4001	2
4002	0
4003	3
4004	2
4005	3
4006	3
4007	2
4008	2
4009	0
4010	0
4011	2
4012	3
4013	1
4014	1
4015	2
4016	3
4017	2
4018	0
4019	2
4020	2
4021	3
4022	2
4023	2
4024	2
4025	2
4026	3
4027	1
4028	2
4029	2
4030	2
4031	2
4032	2
4033	0
4034	2
4035	2
4036	2
4037	0
4038	0
4039	3
4040	0
4041	2
4042	2
4043	2
4044	3
4045	2
4046	3
4047	0
4048	2
4049	2
4050	3
4051	0
4052	3
4053	0
4054	2
4055	2
4056	3
4057	3
4058	0
4059	1
4060	2
4061	2
4062	2
4063	0
4064	2
4065	2
4066	2
4067	3
4068	2
4069	3
4070	0
4071	2
4072	3
4073	2
4074	2
4075	0
4076	0
4077	2
4078	0
4079	3
4080	2
4081	0
4082	2
4083	3
4084	3
4085	2
4086	2
4087	0
4088	2
4089	1
4090	2
4091	2
4092	0
4093	3
4094	2
4095	1
