COMMAND
./sim gshare 13 12 ./proj2-traces/perl_trace.txt
OUTPUT
number of predictions:2000000
number of mispredictions:101816
misprediction rate:   5.09%
FINAL GSHARE CONTENTS
0	3
1	1
2	3
3	2
4	3
5	0
6	1
7	3
8	2
9	0
10	3
11	2
12	0
13	2
14	0
15	1
16	3
17	0
18	1
19	0
20	1
21	0
22	3
23	0
24	0
25	3
26	3
27	0
28	3
29	2
30	3
31	3
32	3
33	3
34	3
35	2
36	1
37	2
38	0
39	3
40	2
41	1
42	1
43	2
44	3
45	3
46	0
47	1
48	0
49	3
50	3
51	3
52	0
53	3
54	3
55	0
56	0
57	0
58	3
59	0
60	2
61	1
62	3
63	3
64	3
65	1
66	3
67	2
68	3
69	2
70	3
71	3
72	3
73	3
74	3
75	1
76	1
77	2
78	3
79	3
80	2
81	2
82	3
83	2
84	3
85	3
86	3
87	1
88	3
89	0
90	3
91	2
92	0
93	3
94	3
95	2
96	3
97	2
98	2
99	3
100	3
101	2
102	3
103	2
104	2
105	3
106	3
107	3
108	3
109	3
110	3
111	3
112	2
113	1
114	3
115	0
116	3
117	1
118	3
119	0
120	2
121	0
122	3
123	2
124	3
125	2
126	3
127	0
128	2
129	2
130	2
131	0
132	0
133	2
134	0
135	2
136	1
137	3
138	0
139	3
140	2
141	3
142	2
143	3
144	3
145	0
146	0
147	3
148	3
149	2
150	2
151	0
152	1
153	3
154	2
155	3
156	3
157	3
158	2
159	3
160	3
161	3
162	0
163	3
164	3
165	2
166	3
167	1
168	3
169	0
170	1
171	3
172	2
173	0
174	3
175	3
176	1
177	0
178	3
179	0
180	3
181	2
182	3
183	1
184	2
185	0
186	0
187	0
188	3
189	3
190	2
191	1
192	2
193	0
194	2
195	0
196	3
197	1
198	3
199	3
200	3
201	1
202	2
203	3
204	3
205	3
206	2
207	1
208	2
209	0
210	3
211	1
212	0
213	1
214	2
215	1
216	3
217	3
218	0
219	1
220	3
221	2
222	3
223	2
224	3
225	3
226	2
227	3
228	0
229	3
230	0
231	0
232	0
233	3
234	2
235	3
236	0
237	1
238	2
239	0
240	3
241	2
242	3
243	3
244	3
245	0
246	3
247	2
248	3
249	3
250	3
251	3
252	2
253	3
254	2
255	2
256	3
257	2
258	2
259	2
260	0
261	3
262	3
263	2
264	3
265	2
266	3
267	3
268	3
269	2
270	3
271	3
272	3
273	1
274	0
275	0
276	3
277	0
278	3
279	3
280	3
281	2
282	3
283	3
284	3
285	2
286	3
287	1
288	3
289	3
290	3
291	3
292	3
293	2
294	3
295	3
296	3
297	3
298	2
299	0
300	2
301	2
302	1
303	2
304	3
305	3
306	3
307	0
308	3
309	1
310	2
311	2
312	3
313	1
314	3
315	1
316	3
317	3
318	0
319	0
320	2
321	2
322	3
323	1
324	3
325	0
326	3
327	1
328	3
329	1
330	3
331	2
332	2
333	3
334	3
335	0
336	0
337	0
338	1
339	3
340	1
341	0
342	1
343	3
344	2
345	1
346	2
347	0
348	3
349	0
350	3
351	2
352	0
353	2
354	0
355	3
356	0
357	2
358	2
359	1
360	2
361	2
362	2
363	0
364	2
365	3
366	3
367	0
368	2
369	3
370	2
371	2
372	2
373	3
374	2
375	2
376	0
377	1
378	2
379	2
380	0
381	2
382	1
383	2
384	3
385	3
386	3
387	2
388	3
389	3
390	3
391	0
392	1
393	0
394	2
395	1
396	3
397	2
398	2
399	2
400	3
401	1
402	0
403	2
404	3
405	1
406	3
407	3
408	3
409	3
410	3
411	2
412	1
413	0
414	2
415	3
416	3
417	0
418	2
419	3
420	2
421	3
422	3
423	2
424	2
425	0
426	3
427	2
428	3
429	0
430	3
431	0
432	2
433	1
434	3
435	1
436	3
437	3
438	2
439	2
440	2
441	3
442	3
443	1
444	3
445	1
446	3
447	1
448	2
449	0
450	0
451	0
452	3
453	3
454	3
455	0
456	0
457	0
458	3
459	0
460	0
461	3
462	3
463	3
464	2
465	3
466	3
467	3
468	3
469	0
470	2
471	0
472	3
473	2
474	3
475	0
476	3
477	0
478	2
479	1
480	2
481	2
482	3
483	3
484	0
485	0
486	3
487	3
488	1
489	3
490	3
491	0
492	3
493	1
494	3
495	1
496	2
497	3
498	3
499	2
500	0
501	0
502	1
503	3
504	3
505	2
506	3
507	3
508	2
509	0
510	2
511	3
512	3
513	1
514	3
515	3
516	2
517	3
518	3
519	3
520	3
521	0
522	2
523	0
524	0
525	3
526	1
527	3
528	1
529	3
530	1
531	3
532	3
533	3
534	3
535	3
536	2
537	3
538	2
539	1
540	3
541	3
542	3
543	3
544	2
545	2
546	3
547	2
548	2
549	2
550	2
551	0
552	3
553	3
554	2
555	3
556	3
557	3
558	3
559	3
560	2
561	3
562	3
563	3
564	1
565	2
566	2
567	0
568	3
569	0
570	2
571	3
572	3
573	3
574	3
575	2
576	3
577	3
578	3
579	3
580	0
581	3
582	2
583	2
584	3
585	3
586	2
587	3
588	1
589	0
590	2
591	3
592	3
593	3
594	2
595	3
596	2
597	3
598	3
599	2
600	2
601	0
602	0
603	2
604	2
605	2
606	3
607	2
608	0
609	3
610	3
611	3
612	1
613	3
614	1
615	3
616	2
617	3
618	1
619	2
620	0
621	0
622	3
623	2
624	3
625	3
626	3
627	3
628	3
629	2
630	3
631	3
632	2
633	3
634	0
635	3
636	0
637	3
638	0
639	2
640	3
641	2
642	0
643	2
644	3
645	3
646	3
647	0
648	3
649	2
650	3
651	0
652	3
653	0
654	0
655	3
656	3
657	3
658	3
659	3
660	3
661	3
662	0
663	2
664	3
665	3
666	3
667	2
668	3
669	3
670	3
671	0
672	3
673	0
674	2
675	3
676	0
677	3
678	3
679	1
680	3
681	1
682	3
683	0
684	3
685	0
686	3
687	2
688	3
689	0
690	3
691	3
692	3
693	2
694	2
695	2
696	2
697	0
698	3
699	0
700	3
701	2
702	3
703	2
704	3
705	1
706	3
707	3
708	3
709	3
710	3
711	1
712	3
713	0
714	3
715	2
716	2
717	0
718	3
719	1
720	3
721	3
722	0
723	3
724	3
725	0
726	3
727	0
728	2
729	3
730	3
731	2
732	3
733	2
734	2
735	0
736	3
737	0
738	0
739	0
740	0
741	2
742	3
743	2
744	2
745	2
746	3
747	2
748	3
749	0
750	3
751	0
752	0
753	0
754	3
755	2
756	3
757	0
758	1
759	2
760	3
761	0
762	3
763	1
764	2
765	0
766	1
767	0
768	3
769	3
770	3
771	1
772	3
773	3
774	3
775	2
776	3
777	3
778	3
779	0
780	3
781	2
782	3
783	3
784	3
785	2
786	2
787	3
788	3
789	0
790	3
791	0
792	2
793	2
794	2
795	2
796	3
797	1
798	2
799	0
800	3
801	3
802	2
803	0
804	2
805	2
806	3
807	2
808	3
809	2
810	3
811	3
812	3
813	3
814	3
815	2
816	3
817	3
818	2
819	2
820	3
821	3
822	3
823	3
824	2
825	3
826	2
827	3
828	3
829	3
830	3
831	3
832	3
833	0
834	2
835	0
836	0
837	2
838	3
839	1
840	1
841	3
842	2
843	2
844	3
845	3
846	3
847	3
848	0
849	0
850	3
851	1
852	3
853	2
854	3
855	3
856	3
857	0
858	2
859	2
860	3
861	3
862	2
863	1
864	2
865	3
866	3
867	0
868	2
869	0
870	2
871	2
872	3
873	2
874	0
875	1
876	3
877	2
878	1
879	2
880	3
881	0
882	3
883	0
884	3
885	0
886	3
887	2
888	3
889	3
890	3
891	1
892	3
893	2
894	3
895	0
896	3
897	3
898	3
899	0
900	3
901	2
902	1
903	0
904	2
905	3
906	2
907	2
908	3
909	0
910	2
911	0
912	3
913	3
914	3
915	2
916	2
917	1
918	3
919	2
920	0
921	1
922	3
923	3
924	3
925	3
926	3
927	3
928	2
929	3
930	3
931	3
932	3
933	0
934	3
935	3
936	3
937	1
938	2
939	0
940	2
941	3
942	3
943	3
944	3
945	0
946	3
947	2
948	3
949	2
950	3
951	2
952	2
953	0
954	0
955	0
956	3
957	0
958	3
959	3
960	3
961	2
962	3
963	3
964	3
965	2
966	2
967	2
968	3
969	2
970	3
971	3
972	3
973	0
974	3
975	3
976	2
977	3
978	3
979	0
980	2
981	2
982	3
983	3
984	3
985	2
986	2
987	2
988	2
989	3
990	0
991	3
992	3
993	0
994	3
995	3
996	2
997	0
998	0
999	2
1000	2
1001	0
1002	3
1003	3
1004	3
1005	2
1006	2
1007	0
1008	3
1009	2
1010	1
1011	3
1012	3
1013	3
1014	2
1015	3
1016	2
1017	3
1018	2
1019	0
1020	2
1021	1
1022	3
1023	2
1024	1
1025	3
1026	2
1027	3
1028	0
1029	3
1030	3
1031	3
1032	0
1033	3
1034	2
1035	3
1036	0
1037	0
1038	0
1039	3
1040	3
1041	3
1042	0
1043	2
1044	0
1045	2
1046	3
1047	3
1048	1
1049	3
1050	0
1051	3
1052	3
1053	2
1054	0
1055	1
1056	2
1057	1
1058	1
1059	3
1060	2
1061	3
1062	3
1063	3
1064	2
1065	3
1066	3
1067	3
1068	0
1069	2
1070	0
1071	3
1072	3
1073	3
1074	0
1075	2
1076	3
1077	0
1078	0
1079	3
1080	3
1081	2
1082	3
1083	0
1084	2
1085	3
1086	2
1087	3
1088	3
1089	2
1090	1
1091	3
1092	0
1093	2
1094	3
1095	3
1096	3
1097	3
1098	2
1099	3
1100	3
1101	3
1102	3
1103	2
1104	0
1105	1
1106	3
1107	3
1108	2
1109	0
1110	3
1111	2
1112	0
1113	0
1114	2
1115	2
1116	0
1117	3
1118	1
1119	3
1120	3
1121	2
1122	0
1123	0
1124	2
1125	2
1126	3
1127	2
1128	2
1129	0
1130	3
1131	1
1132	2
1133	1
1134	3
1135	2
1136	1
1137	0
1138	3
1139	3
1140	0
1141	3
1142	3
1143	3
1144	3
1145	3
1146	3
1147	3
1148	3
1149	3
1150	0
1151	3
1152	2
1153	0
1154	0
1155	3
1156	0
1157	2
1158	2
1159	1
1160	2
1161	3
1162	2
1163	2
1164	3
1165	2
1166	1
1167	2
1168	2
1169	3
1170	0
1171	3
1172	2
1173	0
1174	0
1175	2
1176	3
1177	2
1178	3
1179	3
1180	2
1181	3
1182	2
1183	3
1184	2
1185	3
1186	3
1187	0
1188	1
1189	0
1190	2
1191	0
1192	1
1193	3
1194	3
1195	3
1196	1
1197	2
1198	3
1199	0
1200	2
1201	2
1202	2
1203	0
1204	0
1205	3
1206	0
1207	3
1208	2
1209	1
1210	3
1211	2
1212	0
1213	2
1214	3
1215	2
1216	3
1217	3
1218	0
1219	2
1220	3
1221	3
1222	3
1223	3
1224	3
1225	0
1226	3
1227	3
1228	2
1229	3
1230	3
1231	3
1232	3
1233	3
1234	3
1235	0
1236	3
1237	1
1238	3
1239	3
1240	2
1241	3
1242	3
1243	3
1244	3
1245	2
1246	3
1247	2
1248	0
1249	0
1250	0
1251	0
1252	0
1253	3
1254	1
1255	3
1256	2
1257	2
1258	2
1259	1
1260	3
1261	2
1262	3
1263	0
1264	2
1265	2
1266	2
1267	2
1268	3
1269	2
1270	3
1271	2
1272	3
1273	2
1274	3
1275	3
1276	3
1277	0
1278	3
1279	1
1280	0
1281	2
1282	3
1283	3
1284	3
1285	2
1286	3
1287	1
1288	3
1289	2
1290	2
1291	3
1292	3
1293	1
1294	2
1295	2
1296	3
1297	2
1298	2
1299	1
1300	3
1301	0
1302	1
1303	1
1304	2
1305	0
1306	3
1307	3
1308	3
1309	0
1310	3
1311	2
1312	3
1313	2
1314	1
1315	3
1316	3
1317	0
1318	2
1319	2
1320	3
1321	1
1322	2
1323	2
1324	2
1325	3
1326	3
1327	1
1328	3
1329	3
1330	3
1331	2
1332	3
1333	2
1334	0
1335	2
1336	3
1337	3
1338	3
1339	0
1340	3
1341	0
1342	3
1343	3
1344	3
1345	2
1346	3
1347	2
1348	3
1349	2
1350	3
1351	2
1352	3
1353	2
1354	3
1355	3
1356	2
1357	2
1358	3
1359	0
1360	2
1361	2
1362	2
1363	2
1364	2
1365	0
1366	1
1367	3
1368	3
1369	3
1370	2
1371	3
1372	2
1373	3
1374	2
1375	3
1376	3
1377	2
1378	2
1379	0
1380	3
1381	3
1382	2
1383	3
1384	2
1385	1
1386	2
1387	2
1388	3
1389	2
1390	3
1391	0
1392	3
1393	1
1394	3
1395	3
1396	3
1397	2
1398	3
1399	3
1400	3
1401	3
1402	3
1403	2
1404	2
1405	2
1406	0
1407	0
1408	2
1409	0
1410	3
1411	3
1412	2
1413	0
1414	1
1415	3
1416	2
1417	0
1418	1
1419	0
1420	3
1421	3
1422	2
1423	2
1424	3
1425	2
1426	3
1427	1
1428	3
1429	2
1430	3
1431	2
1432	0
1433	2
1434	3
1435	1
1436	3
1437	2
1438	0
1439	2
1440	3
1441	0
1442	3
1443	3
1444	2
1445	0
1446	0
1447	2
1448	3
1449	3
1450	3
1451	0
1452	2
1453	2
1454	3
1455	0
1456	2
1457	0
1458	3
1459	2
1460	2
1461	2
1462	3
1463	2
1464	1
1465	0
1466	2
1467	1
1468	1
1469	2
1470	3
1471	0
1472	3
1473	2
1474	3
1475	3
1476	3
1477	3
1478	3
1479	2
1480	0
1481	3
1482	0
1483	1
1484	2
1485	3
1486	2
1487	3
1488	0
1489	0
1490	0
1491	2
1492	0
1493	0
1494	3
1495	1
1496	1
1497	0
1498	1
1499	0
1500	2
1501	1
1502	3
1503	1
1504	3
1505	3
1506	3
1507	3
1508	1
1509	3
1510	1
1511	0
1512	3
1513	3
1514	3
1515	1
1516	3
1517	3
1518	3
1519	3
1520	2
1521	2
1522	2
1523	2
1524	3
1525	2
1526	2
1527	3
1528	3
1529	2
1530	3
1531	3
1532	3
1533	3
1534	3
1535	2
1536	3
1537	3
1538	3
1539	3
1540	3
1541	3
1542	3
1543	0
1544	3
1545	3
1546	3
1547	3
1548	2
1549	1
1550	3
1551	3
1552	3
1553	1
1554	3
1555	3
1556	3
1557	3
1558	3
1559	3
1560	3
1561	0
1562	3
1563	3
1564	3
1565	3
1566	3
1567	3
1568	3
1569	3
1570	3
1571	0
1572	3
1573	3
1574	3
1575	3
1576	3
1577	3
1578	0
1579	2
1580	1
1581	3
1582	2
1583	0
1584	2
1585	3
1586	3
1587	0
1588	3
1589	3
1590	3
1591	3
1592	3
1593	2
1594	3
1595	3
1596	3
1597	3
1598	3
1599	3
1600	2
1601	3
1602	1
1603	2
1604	3
1605	3
1606	2
1607	3
1608	2
1609	3
1610	2
1611	3
1612	3
1613	3
1614	3
1615	3
1616	1
1617	3
1618	3
1619	1
1620	2
1621	2
1622	1
1623	2
1624	2
1625	2
1626	2
1627	1
1628	0
1629	1
1630	3
1631	1
1632	0
1633	0
1634	3
1635	2
1636	0
1637	0
1638	2
1639	3
1640	2
1641	3
1642	2
1643	0
1644	3
1645	0
1646	3
1647	3
1648	3
1649	3
1650	0
1651	3
1652	2
1653	0
1654	3
1655	3
1656	1
1657	3
1658	2
1659	2
1660	2
1661	2
1662	3
1663	3
1664	3
1665	3
1666	0
1667	3
1668	3
1669	3
1670	3
1671	2
1672	0
1673	3
1674	3
1675	0
1676	1
1677	3
1678	3
1679	1
1680	3
1681	0
1682	3
1683	3
1684	3
1685	3
1686	3
1687	3
1688	1
1689	2
1690	3
1691	3
1692	3
1693	1
1694	3
1695	3
1696	0
1697	3
1698	3
1699	3
1700	3
1701	3
1702	2
1703	1
1704	2
1705	1
1706	2
1707	0
1708	1
1709	0
1710	3
1711	3
1712	3
1713	0
1714	3
1715	1
1716	0
1717	2
1718	3
1719	0
1720	2
1721	2
1722	3
1723	2
1724	1
1725	3
1726	1
1727	3
1728	3
1729	2
1730	3
1731	2
1732	3
1733	3
1734	3
1735	3
1736	2
1737	2
1738	2
1739	2
1740	2
1741	3
1742	3
1743	2
1744	3
1745	2
1746	3
1747	0
1748	3
1749	2
1750	3
1751	2
1752	3
1753	1
1754	3
1755	2
1756	3
1757	2
1758	1
1759	3
1760	2
1761	3
1762	0
1763	2
1764	3
1765	2
1766	3
1767	2
1768	1
1769	1
1770	2
1771	1
1772	3
1773	0
1774	3
1775	3
1776	1
1777	0
1778	0
1779	3
1780	3
1781	2
1782	1
1783	3
1784	2
1785	0
1786	3
1787	0
1788	3
1789	0
1790	0
1791	3
1792	3
1793	2
1794	2
1795	2
1796	0
1797	0
1798	1
1799	0
1800	3
1801	0
1802	2
1803	0
1804	3
1805	0
1806	2
1807	2
1808	2
1809	0
1810	3
1811	3
1812	3
1813	2
1814	3
1815	0
1816	3
1817	2
1818	2
1819	0
1820	3
1821	1
1822	2
1823	2
1824	2
1825	3
1826	2
1827	0
1828	2
1829	3
1830	2
1831	0
1832	3
1833	3
1834	3
1835	3
1836	1
1837	2
1838	3
1839	0
1840	2
1841	2
1842	0
1843	1
1844	2
1845	0
1846	2
1847	2
1848	0
1849	2
1850	0
1851	0
1852	3
1853	0
1854	3
1855	3
1856	3
1857	1
1858	3
1859	0
1860	0
1861	0
1862	0
1863	1
1864	2
1865	0
1866	3
1867	2
1868	2
1869	0
1870	2
1871	0
1872	0
1873	0
1874	0
1875	0
1876	0
1877	0
1878	0
1879	0
1880	2
1881	0
1882	3
1883	0
1884	2
1885	1
1886	2
1887	0
1888	0
1889	0
1890	1
1891	1
1892	0
1893	0
1894	1
1895	0
1896	2
1897	0
1898	1
1899	2
1900	0
1901	3
1902	2
1903	0
1904	3
1905	0
1906	0
1907	0
1908	3
1909	0
1910	0
1911	0
1912	2
1913	0
1914	3
1915	0
1916	0
1917	0
1918	1
1919	1
1920	0
1921	2
1922	1
1923	2
1924	0
1925	2
1926	0
1927	2
1928	0
1929	3
1930	3
1931	2
1932	3
1933	0
1934	2
1935	1
1936	3
1937	2
1938	0
1939	0
1940	2
1941	2
1942	1
1943	3
1944	1
1945	3
1946	0
1947	2
1948	3
1949	2
1950	3
1951	2
1952	1
1953	3
1954	0
1955	3
1956	0
1957	3
1958	0
1959	0
1960	2
1961	2
1962	3
1963	3
1964	0
1965	3
1966	0
1967	3
1968	0
1969	2
1970	1
1971	2
1972	3
1973	3
1974	0
1975	3
1976	3
1977	2
1978	0
1979	2
1980	3
1981	0
1982	0
1983	2
1984	1
1985	2
1986	2
1987	3
1988	0
1989	1
1990	1
1991	1
1992	1
1993	2
1994	1
1995	2
1996	1
1997	0
1998	2
1999	0
2000	3
2001	0
2002	0
2003	0
2004	2
2005	2
2006	0
2007	0
2008	2
2009	3
2010	3
2011	3
2012	2
2013	3
2014	2
2015	2
2016	3
2017	2
2018	2
2019	3
2020	3
2021	2
2022	0
2023	1
2024	1
2025	1
2026	2
2027	3
2028	2
2029	2
2030	2
2031	3
2032	3
2033	2
2034	3
2035	2
2036	2
2037	2
2038	0
2039	2
2040	3
2041	0
2042	3
2043	0
2044	3
2045	2
2046	2
2047	0
2048	0
2049	1
2050	3
2051	2
2052	0
2053	3
2054	0
2055	3
2056	3
2057	0
2058	3
2059	1
2060	3
2061	0
2062	0
2063	3
2064	3
2065	2
2066	3
2067	1
2068	3
2069	2
2070	3
2071	0
2072	3
2073	2
2074	2
2075	0
2076	3
2077	3
2078	0
2079	2
2080	3
2081	0
2082	3
2083	1
2084	2
2085	1
2086	3
2087	1
2088	3
2089	2
2090	3
2091	2
2092	3
2093	3
2094	2
2095	2
2096	3
2097	2
2098	3
2099	0
2100	3
2101	3
2102	3
2103	0
2104	3
2105	0
2106	3
2107	1
2108	3
2109	3
2110	3
2111	2
2112	3
2113	3
2114	3
2115	0
2116	1
2117	3
2118	3
2119	0
2120	3
2121	0
2122	1
2123	0
2124	3
2125	0
2126	3
2127	0
2128	1
2129	0
2130	3
2131	3
2132	3
2133	0
2134	0
2135	1
2136	3
2137	3
2138	2
2139	0
2140	0
2141	3
2142	3
2143	1
2144	2
2145	0
2146	3
2147	2
2148	3
2149	0
2150	3
2151	0
2152	3
2153	0
2154	3
2155	1
2156	3
2157	3
2158	3
2159	0
2160	3
2161	0
2162	3
2163	0
2164	0
2165	2
2166	3
2167	3
2168	3
2169	0
2170	3
2171	2
2172	2
2173	3
2174	3
2175	2
2176	3
2177	0
2178	2
2179	0
2180	0
2181	3
2182	0
2183	3
2184	3
2185	2
2186	3
2187	2
2188	3
2189	3
2190	3
2191	0
2192	3
2193	0
2194	1
2195	2
2196	2
2197	3
2198	3
2199	3
2200	3
2201	3
2202	2
2203	1
2204	2
2205	0
2206	0
2207	1
2208	0
2209	3
2210	3
2211	0
2212	0
2213	1
2214	0
2215	1
2216	3
2217	3
2218	3
2219	3
2220	2
2221	1
2222	0
2223	0
2224	3
2225	3
2226	0
2227	1
2228	3
2229	3
2230	3
2231	2
2232	3
2233	0
2234	3
2235	2
2236	2
2237	3
2238	3
2239	0
2240	2
2241	3
2242	0
2243	3
2244	0
2245	1
2246	3
2247	1
2248	3
2249	3
2250	3
2251	2
2252	3
2253	0
2254	3
2255	0
2256	0
2257	0
2258	0
2259	0
2260	2
2261	1
2262	0
2263	2
2264	0
2265	0
2266	3
2267	3
2268	3
2269	2
2270	3
2271	3
2272	3
2273	3
2274	3
2275	1
2276	3
2277	2
2278	3
2279	0
2280	3
2281	3
2282	2
2283	3
2284	3
2285	1
2286	0
2287	1
2288	1
2289	0
2290	3
2291	3
2292	2
2293	0
2294	3
2295	2
2296	0
2297	0
2298	3
2299	0
2300	0
2301	1
2302	3
2303	0
2304	3
2305	2
2306	3
2307	1
2308	3
2309	1
2310	2
2311	3
2312	3
2313	2
2314	2
2315	3
2316	0
2317	0
2318	3
2319	2
2320	3
2321	1
2322	0
2323	0
2324	3
2325	1
2326	0
2327	0
2328	0
2329	0
2330	0
2331	1
2332	0
2333	1
2334	0
2335	3
2336	0
2337	2
2338	3
2339	2
2340	2
2341	0
2342	0
2343	0
2344	3
2345	3
2346	3
2347	0
2348	3
2349	2
2350	0
2351	0
2352	2
2353	0
2354	0
2355	3
2356	3
2357	2
2358	3
2359	3
2360	3
2361	0
2362	3
2363	1
2364	3
2365	3
2366	3
2367	2
2368	3
2369	3
2370	3
2371	3
2372	3
2373	3
2374	2
2375	3
2376	2
2377	3
2378	0
2379	2
2380	3
2381	1
2382	3
2383	3
2384	0
2385	2
2386	0
2387	1
2388	0
2389	3
2390	3
2391	3
2392	3
2393	3
2394	3
2395	3
2396	3
2397	3
2398	3
2399	3
2400	3
2401	2
2402	0
2403	2
2404	3
2405	3
2406	3
2407	3
2408	2
2409	0
2410	3
2411	3
2412	1
2413	0
2414	0
2415	1
2416	0
2417	2
2418	2
2419	2
2420	3
2421	3
2422	3
2423	3
2424	3
2425	2
2426	3
2427	3
2428	3
2429	2
2430	0
2431	2
2432	1
2433	1
2434	2
2435	3
2436	0
2437	2
2438	3
2439	2
2440	2
2441	0
2442	0
2443	3
2444	0
2445	3
2446	1
2447	3
2448	3
2449	0
2450	2
2451	0
2452	3
2453	2
2454	3
2455	3
2456	3
2457	3
2458	2
2459	1
2460	2
2461	2
2462	3
2463	3
2464	3
2465	0
2466	2
2467	3
2468	3
2469	3
2470	3
2471	3
2472	3
2473	1
2474	3
2475	0
2476	3
2477	0
2478	3
2479	3
2480	3
2481	3
2482	3
2483	0
2484	3
2485	3
2486	3
2487	3
2488	1
2489	0
2490	3
2491	1
2492	2
2493	1
2494	3
2495	3
2496	1
2497	0
2498	1
2499	3
2500	3
2501	1
2502	0
2503	2
2504	3
2505	1
2506	0
2507	3
2508	0
2509	1
2510	3
2511	1
2512	3
2513	0
2514	2
2515	0
2516	1
2517	2
2518	3
2519	3
2520	3
2521	2
2522	3
2523	3
2524	0
2525	0
2526	3
2527	2
2528	2
2529	3
2530	3
2531	1
2532	1
2533	0
2534	2
2535	3
2536	3
2537	0
2538	3
2539	3
2540	2
2541	1
2542	3
2543	0
2544	3
2545	0
2546	3
2547	1
2548	3
2549	3
2550	3
2551	0
2552	3
2553	3
2554	0
2555	3
2556	2
2557	0
2558	0
2559	2
2560	0
2561	0
2562	0
2563	0
2564	0
2565	0
2566	0
2567	2
2568	3
2569	0
2570	3
2571	3
2572	1
2573	0
2574	0
2575	0
2576	3
2577	0
2578	3
2579	0
2580	3
2581	0
2582	1
2583	2
2584	0
2585	0
2586	3
2587	0
2588	3
2589	0
2590	2
2591	0
2592	3
2593	2
2594	3
2595	0
2596	2
2597	1
2598	1
2599	0
2600	3
2601	0
2602	3
2603	0
2604	0
2605	1
2606	0
2607	0
2608	3
2609	0
2610	3
2611	0
2612	3
2613	2
2614	3
2615	2
2616	3
2617	1
2618	3
2619	3
2620	2
2621	1
2622	3
2623	0
2624	3
2625	3
2626	3
2627	2
2628	3
2629	3
2630	3
2631	3
2632	3
2633	2
2634	2
2635	2
2636	3
2637	0
2638	3
2639	1
2640	3
2641	2
2642	0
2643	1
2644	3
2645	1
2646	2
2647	3
2648	3
2649	1
2650	3
2651	0
2652	3
2653	0
2654	3
2655	3
2656	3
2657	0
2658	3
2659	0
2660	3
2661	0
2662	3
2663	0
2664	3
2665	1
2666	3
2667	1
2668	3
2669	0
2670	3
2671	0
2672	1
2673	0
2674	3
2675	1
2676	3
2677	3
2678	3
2679	0
2680	3
2681	0
2682	3
2683	0
2684	3
2685	3
2686	3
2687	3
2688	3
2689	1
2690	3
2691	0
2692	2
2693	0
2694	0
2695	0
2696	3
2697	0
2698	0
2699	3
2700	2
2701	1
2702	3
2703	3
2704	3
2705	1
2706	3
2707	1
2708	3
2709	0
2710	1
2711	0
2712	0
2713	1
2714	3
2715	3
2716	3
2717	0
2718	2
2719	0
2720	0
2721	0
2722	0
2723	2
2724	0
2725	2
2726	3
2727	2
2728	3
2729	2
2730	3
2731	3
2732	3
2733	0
2734	3
2735	0
2736	1
2737	3
2738	3
2739	3
2740	1
2741	2
2742	3
2743	3
2744	3
2745	0
2746	3
2747	0
2748	3
2749	0
2750	2
2751	3
2752	0
2753	3
2754	3
2755	2
2756	3
2757	3
2758	0
2759	0
2760	3
2761	0
2762	2
2763	3
2764	3
2765	3
2766	3
2767	3
2768	3
2769	3
2770	3
2771	3
2772	1
2773	2
2774	3
2775	3
2776	2
2777	3
2778	2
2779	0
2780	3
2781	3
2782	3
2783	3
2784	2
2785	0
2786	2
2787	3
2788	3
2789	2
2790	2
2791	1
2792	2
2793	3
2794	3
2795	0
2796	0
2797	3
2798	3
2799	3
2800	3
2801	2
2802	3
2803	0
2804	3
2805	3
2806	3
2807	1
2808	0
2809	0
2810	3
2811	2
2812	2
2813	2
2814	3
2815	1
2816	3
2817	0
2818	2
2819	3
2820	2
2821	0
2822	3
2823	0
2824	3
2825	3
2826	2
2827	3
2828	0
2829	2
2830	3
2831	3
2832	3
2833	3
2834	3
2835	3
2836	1
2837	0
2838	2
2839	1
2840	1
2841	3
2842	1
2843	2
2844	0
2845	3
2846	0
2847	1
2848	2
2849	3
2850	2
2851	1
2852	3
2853	0
2854	1
2855	0
2856	2
2857	1
2858	2
2859	3
2860	3
2861	3
2862	3
2863	3
2864	0
2865	3
2866	0
2867	3
2868	3
2869	0
2870	1
2871	0
2872	3
2873	3
2874	3
2875	0
2876	3
2877	1
2878	0
2879	3
2880	0
2881	0
2882	3
2883	3
2884	3
2885	3
2886	3
2887	3
2888	0
2889	3
2890	0
2891	2
2892	1
2893	2
2894	0
2895	1
2896	3
2897	3
2898	0
2899	3
2900	3
2901	3
2902	3
2903	3
2904	3
2905	3
2906	3
2907	1
2908	3
2909	3
2910	0
2911	0
2912	3
2913	0
2914	3
2915	3
2916	3
2917	0
2918	3
2919	0
2920	3
2921	1
2922	3
2923	3
2924	3
2925	3
2926	3
2927	3
2928	2
2929	0
2930	3
2931	3
2932	3
2933	2
2934	3
2935	3
2936	3
2937	1
2938	3
2939	0
2940	3
2941	3
2942	3
2943	0
2944	3
2945	3
2946	0
2947	0
2948	0
2949	3
2950	3
2951	3
2952	1
2953	0
2954	3
2955	3
2956	2
2957	3
2958	2
2959	2
2960	0
2961	0
2962	3
2963	3
2964	3
2965	3
2966	3
2967	2
2968	0
2969	3
2970	0
2971	2
2972	0
2973	3
2974	1
2975	3
2976	1
2977	3
2978	0
2979	3
2980	0
2981	3
2982	0
2983	2
2984	3
2985	2
2986	3
2987	3
2988	3
2989	3
2990	3
2991	1
2992	3
2993	3
2994	3
2995	0
2996	2
2997	3
2998	3
2999	3
3000	3
3001	1
3002	3
3003	0
3004	0
3005	2
3006	0
3007	3
3008	2
3009	0
3010	3
3011	3
3012	0
3013	0
3014	3
3015	1
3016	3
3017	0
3018	2
3019	0
3020	3
3021	3
3022	3
3023	3
3024	3
3025	3
3026	3
3027	0
3028	3
3029	1
3030	3
3031	3
3032	3
3033	2
3034	3
3035	3
3036	0
3037	0
3038	3
3039	3
3040	3
3041	0
3042	0
3043	3
3044	2
3045	3
3046	3
3047	0
3048	3
3049	0
3050	3
3051	1
3052	3
3053	1
3054	3
3055	3
3056	3
3057	3
3058	0
3059	3
3060	3
3061	0
3062	3
3063	2
3064	0
3065	2
3066	0
3067	3
3068	3
3069	3
3070	3
3071	3
3072	3
3073	1
3074	0
3075	2
3076	0
3077	3
3078	3
3079	3
3080	3
3081	1
3082	3
3083	0
3084	3
3085	2
3086	3
3087	3
3088	3
3089	2
3090	3
3091	3
3092	3
3093	0
3094	3
3095	1
3096	0
3097	3
3098	0
3099	3
3100	3
3101	3
3102	0
3103	3
3104	1
3105	3
3106	1
3107	2
3108	1
3109	1
3110	3
3111	1
3112	1
3113	2
3114	2
3115	3
3116	3
3117	0
3118	0
3119	3
3120	0
3121	0
3122	2
3123	3
3124	1
3125	1
3126	3
3127	2
3128	1
3129	0
3130	3
3131	1
3132	3
3133	2
3134	3
3135	1
3136	3
3137	1
3138	3
3139	3
3140	0
3141	2
3142	2
3143	3
3144	2
3145	2
3146	2
3147	3
3148	2
3149	1
3150	1
3151	3
3152	3
3153	3
3154	0
3155	2
3156	3
3157	1
3158	3
3159	3
3160	0
3161	3
3162	3
3163	2
3164	0
3165	3
3166	3
3167	0
3168	3
3169	1
3170	0
3171	2
3172	2
3173	1
3174	0
3175	2
3176	2
3177	0
3178	1
3179	1
3180	0
3181	0
3182	2
3183	0
3184	3
3185	2
3186	0
3187	1
3188	0
3189	3
3190	3
3191	3
3192	3
3193	3
3194	3
3195	3
3196	1
3197	3
3198	2
3199	3
3200	3
3201	3
3202	3
3203	3
3204	3
3205	3
3206	1
3207	1
3208	3
3209	0
3210	3
3211	3
3212	3
3213	1
3214	1
3215	2
3216	0
3217	1
3218	0
3219	3
3220	0
3221	1
3222	2
3223	0
3224	3
3225	2
3226	0
3227	3
3228	2
3229	0
3230	0
3231	3
3232	3
3233	0
3234	3
3235	0
3236	0
3237	3
3238	1
3239	2
3240	0
3241	0
3242	0
3243	0
3244	2
3245	0
3246	3
3247	0
3248	0
3249	1
3250	0
3251	0
3252	3
3253	0
3254	0
3255	3
3256	0
3257	1
3258	0
3259	0
3260	1
3261	1
3262	1
3263	0
3264	0
3265	1
3266	0
3267	3
3268	2
3269	3
3270	3
3271	3
3272	0
3273	3
3274	0
3275	3
3276	0
3277	0
3278	3
3279	2
3280	0
3281	0
3282	2
3283	2
3284	2
3285	1
3286	2
3287	3
3288	1
3289	3
3290	1
3291	1
3292	3
3293	2
3294	3
3295	2
3296	2
3297	1
3298	0
3299	1
3300	1
3301	1
3302	3
3303	1
3304	3
3305	1
3306	1
3307	3
3308	0
3309	3
3310	2
3311	2
3312	2
3313	0
3314	3
3315	1
3316	0
3317	2
3318	1
3319	0
3320	0
3321	0
3322	2
3323	2
3324	2
3325	1
3326	2
3327	3
3328	2
3329	2
3330	2
3331	3
3332	3
3333	3
3334	3
3335	3
3336	1
3337	2
3338	3
3339	0
3340	3
3341	2
3342	3
3343	2
3344	3
3345	2
3346	3
3347	0
3348	2
3349	3
3350	3
3351	2
3352	2
3353	3
3354	0
3355	1
3356	3
3357	3
3358	0
3359	2
3360	3
3361	1
3362	0
3363	3
3364	1
3365	1
3366	0
3367	3
3368	3
3369	2
3370	3
3371	3
3372	3
3373	3
3374	3
3375	3
3376	3
3377	3
3378	3
3379	3
3380	3
3381	0
3382	3
3383	3
3384	3
3385	2
3386	3
3387	2
3388	3
3389	2
3390	1
3391	3
3392	3
3393	1
3394	3
3395	1
3396	2
3397	2
3398	3
3399	3
3400	3
3401	3
3402	2
3403	3
3404	2
3405	0
3406	2
3407	2
3408	3
3409	0
3410	2
3411	3
3412	3
3413	3
3414	3
3415	0
3416	2
3417	2
3418	2
3419	2
3420	1
3421	3
3422	3
3423	0
3424	3
3425	3
3426	0
3427	2
3428	3
3429	0
3430	0
3431	3
3432	3
3433	2
3434	3
3435	3
3436	2
3437	3
3438	3
3439	3
3440	3
3441	3
3442	3
3443	3
3444	0
3445	1
3446	2
3447	3
3448	3
3449	1
3450	0
3451	2
3452	1
3453	0
3454	2
3455	3
3456	1
3457	2
3458	3
3459	0
3460	3
3461	2
3462	3
3463	2
3464	3
3465	2
3466	0
3467	0
3468	3
3469	0
3470	0
3471	0
3472	3
3473	1
3474	1
3475	0
3476	3
3477	0
3478	0
3479	1
3480	2
3481	0
3482	0
3483	1
3484	2
3485	3
3486	0
3487	1
3488	2
3489	2
3490	3
3491	2
3492	0
3493	2
3494	2
3495	3
3496	3
3497	3
3498	0
3499	2
3500	3
3501	3
3502	2
3503	0
3504	2
3505	3
3506	1
3507	3
3508	1
3509	1
3510	3
3511	2
3512	2
3513	0
3514	3
3515	0
3516	3
3517	1
3518	3
3519	3
3520	3
3521	0
3522	2
3523	0
3524	3
3525	3
3526	3
3527	3
3528	3
3529	3
3530	3
3531	0
3532	2
3533	3
3534	3
3535	0
3536	2
3537	2
3538	3
3539	1
3540	2
3541	3
3542	3
3543	2
3544	3
3545	3
3546	3
3547	3
3548	3
3549	3
3550	2
3551	3
3552	3
3553	2
3554	3
3555	0
3556	3
3557	0
3558	3
3559	2
3560	3
3561	0
3562	2
3563	0
3564	0
3565	0
3566	0
3567	0
3568	3
3569	3
3570	3
3571	0
3572	3
3573	0
3574	3
3575	2
3576	3
3577	0
3578	2
3579	2
3580	0
3581	3
3582	1
3583	3
3584	3
3585	3
3586	3
3587	1
3588	3
3589	3
3590	1
3591	3
3592	0
3593	3
3594	0
3595	2
3596	1
3597	3
3598	2
3599	0
3600	0
3601	0
3602	3
3603	0
3604	0
3605	2
3606	2
3607	0
3608	2
3609	0
3610	3
3611	2
3612	3
3613	1
3614	0
3615	3
3616	3
3617	3
3618	0
3619	3
3620	3
3621	3
3622	0
3623	2
3624	3
3625	3
3626	3
3627	3
3628	3
3629	3
3630	2
3631	3
3632	3
3633	3
3634	3
3635	2
3636	3
3637	2
3638	0
3639	2
3640	2
3641	3
3642	1
3643	3
3644	0
3645	1
3646	3
3647	3
3648	0
3649	0
3650	3
3651	0
3652	3
3653	2
3654	0
3655	3
3656	0
3657	2
3658	3
3659	2
3660	3
3661	1
3662	3
3663	2
3664	0
3665	3
3666	3
3667	0
3668	0
3669	3
3670	3
3671	0
3672	1
3673	3
3674	3
3675	2
3676	3
3677	2
3678	2
3679	3
3680	0
3681	2
3682	3
3683	2
3684	0
3685	2
3686	3
3687	0
3688	3
3689	2
3690	2
3691	3
3692	3
3693	2
3694	3
3695	3
3696	2
3697	3
3698	2
3699	3
3700	2
3701	1
3702	0
3703	3
3704	3
3705	0
3706	3
3707	3
3708	0
3709	1
3710	0
3711	3
3712	3
3713	3
3714	2
3715	0
3716	3
3717	2
3718	1
3719	1
3720	3
3721	0
3722	3
3723	2
3724	2
3725	2
3726	3
3727	2
3728	1
3729	3
3730	2
3731	3
3732	3
3733	0
3734	0
3735	0
3736	2
3737	0
3738	3
3739	0
3740	3
3741	1
3742	1
3743	1
3744	3
3745	1
3746	0
3747	2
3748	0
3749	3
3750	0
3751	2
3752	3
3753	2
3754	3
3755	3
3756	3
3757	3
3758	3
3759	3
3760	1
3761	1
3762	2
3763	2
3764	0
3765	2
3766	3
3767	2
3768	3
3769	3
3770	2
3771	0
3772	0
3773	2
3774	3
3775	2
3776	1
3777	2
3778	2
3779	2
3780	0
3781	0
3782	2
3783	0
3784	1
3785	0
3786	1
3787	0
3788	3
3789	0
3790	3
3791	0
3792	3
3793	1
3794	2
3795	0
3796	3
3797	1
3798	3
3799	0
3800	3
3801	3
3802	3
3803	0
3804	3
3805	2
3806	0
3807	1
3808	0
3809	0
3810	2
3811	2
3812	2
3813	2
3814	3
3815	2
3816	0
3817	0
3818	0
3819	0
3820	3
3821	1
3822	3
3823	0
3824	3
3825	0
3826	2
3827	0
3828	0
3829	0
3830	3
3831	0
3832	0
3833	0
3834	3
3835	0
3836	1
3837	0
3838	3
3839	1
3840	0
3841	3
3842	3
3843	2
3844	3
3845	2
3846	0
3847	3
3848	3
3849	2
3850	3
3851	3
3852	3
3853	2
3854	3
3855	3
3856	0
3857	2
3858	2
3859	3
3860	3
3861	3
3862	2
3863	3
3864	0
3865	2
3866	3
3867	0
3868	3
3869	3
3870	2
3871	3
3872	3
3873	2
3874	1
3875	0
3876	0
3877	1
3878	3
3879	3
3880	3
3881	1
3882	3
3883	2
3884	1
3885	1
3886	3
3887	2
3888	0
3889	3
3890	0
3891	0
3892	3
3893	2
3894	0
3895	3
3896	2
3897	2
3898	3
3899	3
3900	0
3901	2
3902	3
3903	3
3904	2
3905	0
3906	3
3907	2
3908	0
3909	2
3910	2
3911	2
3912	0
3913	3
3914	3
3915	2
3916	0
3917	2
3918	3
3919	0
3920	0
3921	3
3922	3
3923	0
3924	0
3925	1
3926	3
3927	0
3928	3
3929	0
3930	3
3931	2
3932	3
3933	2
3934	3
3935	0
3936	0
3937	0
3938	0
3939	0
3940	1
3941	1
3942	0
3943	1
3944	2
3945	3
3946	3
3947	0
3948	2
3949	0
3950	0
3951	3
3952	3
3953	3
3954	0
3955	3
3956	2
3957	3
3958	3
3959	0
3960	0
3961	3
3962	0
3963	1
3964	1
3965	2
3966	0
3967	0
3968	3
3969	2
3970	0
3971	0
3972	0
3973	2
3974	2
3975	3
3976	3
3977	2
3978	2
3979	2
3980	1
3981	3
3982	1
3983	3
3984	3
3985	3
3986	2
3987	2
3988	3
3989	1
3990	3
3991	2
3992	2
3993	3
3994	2
3995	1
3996	0
3997	2
3998	0
3999	3
4000	3
4001	3
4002	3
4003	3
4004	0
4005	3
4006	1
4007	3
4008	1
4009	3
4010	3
4011	3
4012	3
4013	3
4014	3
4015	3
4016	3
4017	3
4018	0
4019	2
4020	0
4021	3
4022	3
4023	1
4024	3
4025	3
4026	2
4027	3
4028	3
4029	3
4030	3
4031	1
4032	2
4033	3
4034	1
4035	2
4036	1
4037	0
4038	3
4039	3
4040	3
4041	3
4042	2
4043	3
4044	0
4045	3
4046	2
4047	2
4048	3
4049	1
4050	0
4051	0
4052	3
4053	0
4054	3
4055	3
4056	1
4057	3
4058	2
4059	0
4060	1
4061	0
4062	1
4063	0
4064	3
4065	3
4066	0
4067	3
4068	2
4069	3
4070	2
4071	1
4072	2
4073	3
4074	0
4075	3
4076	3
4077	3
4078	3
4079	3
4080	3
4081	3
4082	2
4083	1
4084	2
4085	3
4086	3
4087	0
4088	2
4089	3
4090	0
4091	0
4092	0
4093	2
4094	3
4095	2
4096	1
4097	0
4098	0
4099	2
4100	2
4101	3
4102	2
4103	0
4104	2
4105	2
4106	0
4107	3
4108	2
4109	2
4110	2
4111	2
4112	2
4113	3
4114	1
4115	0
4116	2
4117	2
4118	3
4119	1
4120	2
4121	0
4122	2
4123	0
4124	1
4125	0
4126	2
4127	3
4128	0
4129	0
4130	2
4131	2
4132	2
4133	0
4134	2
4135	2
4136	1
4137	0
4138	1
4139	0
4140	2
4141	1
4142	2
4143	2
4144	3
4145	0
4146	3
4147	2
4148	1
4149	1
4150	0
4151	0
4152	3
4153	0
4154	2
4155	1
4156	2
4157	3
4158	3
4159	1
4160	3
4161	2
4162	0
4163	3
4164	3
4165	0
4166	0
4167	0
4168	2
4169	1
4170	3
4171	2
4172	3
4173	0
4174	0
4175	3
4176	3
4177	2
4178	3
4179	2
4180	2
4181	3
4182	3
4183	2
4184	2
4185	0
4186	2
4187	2
4188	0
4189	3
4190	3
4191	2
4192	1
4193	0
4194	1
4195	2
4196	3
4197	3
4198	2
4199	3
4200	0
4201	2
4202	2
4203	2
4204	0
4205	3
4206	2
4207	3
4208	2
4209	3
4210	2
4211	3
4212	2
4213	3
4214	0
4215	3
4216	2
4217	3
4218	2
4219	3
4220	2
4221	0
4222	0
4223	3
4224	0
4225	2
4226	2
4227	0
4228	0
4229	0
4230	0
4231	3
4232	2
4233	2
4234	0
4235	0
4236	3
4237	3
4238	3
4239	1
4240	1
4241	0
4242	3
4243	0
4244	0
4245	0
4246	3
4247	0
4248	3
4249	2
4250	3
4251	3
4252	2
4253	0
4254	1
4255	3
4256	2
4257	3
4258	3
4259	0
4260	3
4261	0
4262	0
4263	1
4264	0
4265	0
4266	0
4267	0
4268	3
4269	3
4270	0
4271	2
4272	0
4273	0
4274	0
4275	3
4276	3
4277	0
4278	0
4279	2
4280	2
4281	2
4282	2
4283	2
4284	0
4285	0
4286	0
4287	3
4288	2
4289	1
4290	0
4291	2
4292	2
4293	2
4294	2
4295	3
4296	0
4297	3
4298	2
4299	3
4300	2
4301	0
4302	3
4303	3
4304	1
4305	3
4306	0
4307	3
4308	1
4309	0
4310	3
4311	3
4312	2
4313	1
4314	2
4315	2
4316	2
4317	3
4318	3
4319	3
4320	3
4321	0
4322	2
4323	0
4324	2
4325	3
4326	2
4327	3
4328	0
4329	2
4330	0
4331	2
4332	3
4333	2
4334	0
4335	2
4336	2
4337	0
4338	2
4339	1
4340	2
4341	0
4342	1
4343	2
4344	2
4345	3
4346	3
4347	0
4348	3
4349	3
4350	2
4351	3
4352	0
4353	0
4354	0
4355	0
4356	3
4357	0
4358	3
4359	1
4360	0
4361	2
4362	2
4363	3
4364	2
4365	2
4366	3
4367	1
4368	1
4369	0
4370	2
4371	3
4372	3
4373	1
4374	0
4375	0
4376	2
4377	1
4378	3
4379	0
4380	3
4381	0
4382	0
4383	2
4384	2
4385	2
4386	0
4387	0
4388	2
4389	0
4390	2
4391	0
4392	2
4393	2
4394	0
4395	0
4396	2
4397	0
4398	2
4399	0
4400	2
4401	3
4402	2
4403	3
4404	3
4405	3
4406	2
4407	1
4408	2
4409	2
4410	3
4411	3
4412	3
4413	2
4414	0
4415	2
4416	3
4417	2
4418	0
4419	2
4420	0
4421	3
4422	3
4423	0
4424	3
4425	3
4426	2
4427	0
4428	3
4429	0
4430	2
4431	3
4432	1
4433	3
4434	0
4435	3
4436	0
4437	0
4438	0
4439	1
4440	2
4441	3
4442	2
4443	3
4444	0
4445	0
4446	1
4447	3
4448	2
4449	2
4450	1
4451	1
4452	1
4453	2
4454	0
4455	1
4456	3
4457	0
4458	2
4459	0
4460	3
4461	0
4462	2
4463	0
4464	2
4465	3
4466	3
4467	3
4468	2
4469	0
4470	0
4471	3
4472	0
4473	3
4474	3
4475	3
4476	2
4477	2
4478	3
4479	3
4480	1
4481	0
4482	3
4483	1
4484	0
4485	1
4486	3
4487	3
4488	3
4489	2
4490	0
4491	0
4492	0
4493	0
4494	1
4495	1
4496	0
4497	0
4498	2
4499	3
4500	0
4501	0
4502	2
4503	0
4504	2
4505	0
4506	2
4507	0
4508	0
4509	0
4510	0
4511	3
4512	1
4513	0
4514	2
4515	2
4516	2
4517	0
4518	2
4519	3
4520	3
4521	0
4522	3
4523	0
4524	2
4525	0
4526	2
4527	0
4528	2
4529	1
4530	2
4531	0
4532	2
4533	0
4534	2
4535	0
4536	0
4537	0
4538	2
4539	0
4540	0
4541	0
4542	2
4543	0
4544	3
4545	3
4546	2
4547	0
4548	2
4549	0
4550	1
4551	2
4552	2
4553	0
4554	2
4555	0
4556	1
4557	0
4558	2
4559	0
4560	0
4561	3
4562	1
4563	3
4564	3
4565	1
4566	2
4567	0
4568	2
4569	2
4570	2
4571	2
4572	2
4573	0
4574	2
4575	0
4576	3
4577	3
4578	1
4579	0
4580	1
4581	0
4582	2
4583	2
4584	2
4585	0
4586	0
4587	0
4588	1
4589	0
4590	3
4591	2
4592	0
4593	0
4594	3
4595	3
4596	0
4597	0
4598	0
4599	2
4600	1
4601	0
4602	0
4603	0
4604	1
4605	0
4606	2
4607	0
4608	2
4609	0
4610	3
4611	3
4612	3
4613	0
4614	3
4615	3
4616	3
4617	0
4618	3
4619	0
4620	3
4621	3
4622	3
4623	2
4624	3
4625	3
4626	3
4627	3
4628	3
4629	3
4630	3
4631	0
4632	3
4633	2
4634	3
4635	3
4636	3
4637	3
4638	3
4639	0
4640	2
4641	0
4642	1
4643	0
4644	3
4645	0
4646	3
4647	0
4648	3
4649	0
4650	3
4651	3
4652	3
4653	3
4654	3
4655	2
4656	3
4657	2
4658	3
4659	0
4660	3
4661	3
4662	3
4663	3
4664	3
4665	3
4666	3
4667	3
4668	3
4669	3
4670	3
4671	3
4672	3
4673	0
4674	2
4675	1
4676	3
4677	2
4678	1
4679	2
4680	3
4681	2
4682	3
4683	2
4684	3
4685	0
4686	3
4687	3
4688	3
4689	3
4690	3
4691	3
4692	3
4693	3
4694	3
4695	0
4696	3
4697	2
4698	3
4699	2
4700	3
4701	2
4702	3
4703	3
4704	0
4705	3
4706	3
4707	2
4708	3
4709	3
4710	0
4711	3
4712	0
4713	0
4714	2
4715	3
4716	0
4717	3
4718	3
4719	2
4720	3
4721	3
4722	2
4723	3
4724	3
4725	0
4726	3
4727	1
4728	3
4729	1
4730	0
4731	0
4732	3
4733	2
4734	0
4735	0
4736	2
4737	3
4738	0
4739	1
4740	2
4741	3
4742	1
4743	2
4744	3
4745	3
4746	1
4747	3
4748	3
4749	3
4750	2
4751	3
4752	3
4753	0
4754	3
4755	0
4756	3
4757	2
4758	0
4759	0
4760	3
4761	2
4762	1
4763	0
4764	3
4765	3
4766	3
4767	1
4768	3
4769	1
4770	0
4771	2
4772	0
4773	3
4774	1
4775	3
4776	0
4777	3
4778	0
4779	2
4780	0
4781	0
4782	0
4783	3
4784	1
4785	2
4786	3
4787	3
4788	2
4789	3
4790	2
4791	0
4792	3
4793	3
4794	0
4795	2
4796	3
4797	2
4798	3
4799	0
4800	2
4801	0
4802	3
4803	2
4804	0
4805	3
4806	0
4807	2
4808	1
4809	2
4810	0
4811	3
4812	3
4813	2
4814	0
4815	2
4816	3
4817	2
4818	3
4819	3
4820	2
4821	0
4822	2
4823	0
4824	0
4825	2
4826	2
4827	2
4828	3
4829	0
4830	0
4831	0
4832	0
4833	0
4834	2
4835	0
4836	0
4837	0
4838	0
4839	2
4840	1
4841	3
4842	1
4843	0
4844	2
4845	2
4846	2
4847	2
4848	0
4849	0
4850	0
4851	3
4852	0
4853	3
4854	0
4855	2
4856	2
4857	3
4858	3
4859	3
4860	0
4861	0
4862	1
4863	0
4864	2
4865	0
4866	2
4867	0
4868	3
4869	0
4870	0
4871	0
4872	3
4873	0
4874	3
4875	0
4876	0
4877	3
4878	3
4879	3
4880	3
4881	3
4882	0
4883	0
4884	3
4885	2
4886	0
4887	3
4888	3
4889	3
4890	1
4891	0
4892	0
4893	3
4894	1
4895	0
4896	3
4897	0
4898	2
4899	1
4900	2
4901	2
4902	3
4903	3
4904	0
4905	0
4906	0
4907	1
4908	2
4909	3
4910	0
4911	2
4912	2
4913	0
4914	3
4915	3
4916	0
4917	3
4918	3
4919	2
4920	0
4921	0
4922	3
4923	0
4924	1
4925	3
4926	0
4927	0
4928	2
4929	2
4930	1
4931	2
4932	0
4933	1
4934	2
4935	3
4936	0
4937	3
4938	2
4939	2
4940	2
4941	3
4942	1
4943	1
4944	2
4945	0
4946	2
4947	3
4948	3
4949	2
4950	2
4951	3
4952	2
4953	2
4954	3
4955	0
4956	3
4957	0
4958	2
4959	2
4960	2
4961	3
4962	0
4963	0
4964	3
4965	1
4966	3
4967	1
4968	0
4969	0
4970	0
4971	2
4972	2
4973	0
4974	3
4975	2
4976	0
4977	2
4978	0
4979	3
4980	1
4981	0
4982	0
4983	3
4984	0
4985	2
4986	0
4987	2
4988	0
4989	2
4990	0
4991	2
4992	0
4993	3
4994	3
4995	3
4996	2
4997	3
4998	3
4999	0
5000	3
5001	3
5002	1
5003	3
5004	3
5005	1
5006	2
5007	0
5008	1
5009	3
5010	2
5011	0
5012	2
5013	2
5014	1
5015	0
5016	2
5017	3
5018	3
5019	2
5020	1
5021	2
5022	0
5023	2
5024	2
5025	2
5026	3
5027	2
5028	2
5029	0
5030	1
5031	0
5032	0
5033	0
5034	2
5035	1
5036	0
5037	0
5038	1
5039	0
5040	2
5041	0
5042	3
5043	3
5044	3
5045	0
5046	1
5047	3
5048	3
5049	2
5050	1
5051	0
5052	3
5053	3
5054	2
5055	2
5056	0
5057	3
5058	2
5059	2
5060	3
5061	0
5062	2
5063	0
5064	1
5065	0
5066	3
5067	0
5068	3
5069	0
5070	3
5071	3
5072	3
5073	1
5074	3
5075	3
5076	1
5077	3
5078	3
5079	0
5080	2
5081	0
5082	2
5083	3
5084	3
5085	3
5086	2
5087	2
5088	3
5089	0
5090	2
5091	3
5092	2
5093	3
5094	3
5095	0
5096	3
5097	3
5098	2
5099	3
5100	0
5101	1
5102	2
5103	2
5104	3
5105	0
5106	3
5107	0
5108	1
5109	2
5110	2
5111	1
5112	2
5113	3
5114	3
5115	3
5116	3
5117	3
5118	3
5119	0
5120	2
5121	0
5122	0
5123	3
5124	3
5125	2
5126	2
5127	3
5128	3
5129	3
5130	3
5131	3
5132	1
5133	2
5134	3
5135	3
5136	2
5137	1
5138	2
5139	3
5140	2
5141	3
5142	0
5143	3
5144	2
5145	0
5146	0
5147	0
5148	0
5149	3
5150	0
5151	2
5152	3
5153	2
5154	2
5155	0
5156	1
5157	2
5158	0
5159	3
5160	2
5161	3
5162	3
5163	3
5164	2
5165	3
5166	2
5167	1
5168	2
5169	3
5170	1
5171	3
5172	2
5173	0
5174	1
5175	3
5176	2
5177	0
5178	1
5179	3
5180	2
5181	3
5182	0
5183	3
5184	3
5185	0
5186	2
5187	3
5188	2
5189	0
5190	2
5191	3
5192	3
5193	3
5194	2
5195	1
5196	3
5197	0
5198	2
5199	3
5200	3
5201	3
5202	3
5203	3
5204	3
5205	0
5206	3
5207	1
5208	3
5209	0
5210	0
5211	3
5212	3
5213	3
5214	3
5215	0
5216	2
5217	0
5218	3
5219	3
5220	2
5221	1
5222	1
5223	0
5224	1
5225	2
5226	0
5227	0
5228	2
5229	0
5230	2
5231	1
5232	3
5233	1
5234	0
5235	0
5236	1
5237	3
5238	2
5239	0
5240	2
5241	0
5242	2
5243	1
5244	3
5245	3
5246	3
5247	3
5248	1
5249	3
5250	3
5251	0
5252	2
5253	1
5254	3
5255	2
5256	2
5257	1
5258	2
5259	1
5260	3
5261	0
5262	2
5263	0
5264	3
5265	2
5266	3
5267	3
5268	1
5269	0
5270	1
5271	0
5272	3
5273	0
5274	2
5275	2
5276	1
5277	3
5278	2
5279	0
5280	2
5281	0
5282	0
5283	3
5284	3
5285	0
5286	3
5287	0
5288	0
5289	0
5290	2
5291	0
5292	3
5293	3
5294	0
5295	1
5296	0
5297	2
5298	0
5299	3
5300	0
5301	0
5302	0
5303	3
5304	0
5305	3
5306	3
5307	3
5308	0
5309	0
5310	0
5311	0
5312	3
5313	0
5314	3
5315	0
5316	1
5317	3
5318	2
5319	3
5320	2
5321	1
5322	2
5323	3
5324	2
5325	3
5326	0
5327	1
5328	2
5329	3
5330	0
5331	0
5332	1
5333	3
5334	3
5335	3
5336	3
5337	1
5338	2
5339	3
5340	2
5341	3
5342	3
5343	3
5344	2
5345	2
5346	1
5347	0
5348	1
5349	3
5350	2
5351	3
5352	2
5353	3
5354	1
5355	1
5356	2
5357	0
5358	2
5359	0
5360	3
5361	3
5362	0
5363	3
5364	2
5365	2
5366	3
5367	3
5368	3
5369	3
5370	2
5371	3
5372	3
5373	0
5374	1
5375	3
5376	2
5377	3
5378	2
5379	0
5380	2
5381	2
5382	2
5383	3
5384	2
5385	3
5386	3
5387	3
5388	1
5389	0
5390	3
5391	3
5392	0
5393	2
5394	0
5395	2
5396	3
5397	1
5398	2
5399	0
5400	1
5401	1
5402	2
5403	1
5404	0
5405	2
5406	2
5407	3
5408	2
5409	3
5410	2
5411	3
5412	0
5413	2
5414	1
5415	3
5416	0
5417	2
5418	2
5419	3
5420	3
5421	2
5422	3
5423	3
5424	3
5425	2
5426	3
5427	3
5428	3
5429	3
5430	3
5431	3
5432	2
5433	3
5434	2
5435	2
5436	2
5437	3
5438	3
5439	3
5440	0
5441	2
5442	2
5443	3
5444	0
5445	3
5446	3
5447	2
5448	2
5449	3
5450	2
5451	3
5452	3
5453	2
5454	2
5455	3
5456	0
5457	3
5458	3
5459	3
5460	1
5461	3
5462	0
5463	0
5464	2
5465	3
5466	3
5467	3
5468	2
5469	3
5470	2
5471	3
5472	3
5473	2
5474	3
5475	0
5476	3
5477	2
5478	2
5479	3
5480	2
5481	0
5482	2
5483	2
5484	3
5485	2
5486	2
5487	3
5488	2
5489	3
5490	2
5491	3
5492	3
5493	0
5494	3
5495	2
5496	0
5497	3
5498	2
5499	3
5500	3
5501	3
5502	0
5503	0
5504	2
5505	3
5506	3
5507	2
5508	1
5509	0
5510	0
5511	3
5512	3
5513	3
5514	3
5515	3
5516	2
5517	0
5518	3
5519	3
5520	3
5521	3
5522	3
5523	1
5524	0
5525	3
5526	3
5527	1
5528	3
5529	3
5530	3
5531	3
5532	3
5533	2
5534	3
5535	2
5536	0
5537	3
5538	0
5539	3
5540	3
5541	2
5542	3
5543	0
5544	2
5545	1
5546	2
5547	3
5548	2
5549	3
5550	2
5551	1
5552	0
5553	1
5554	3
5555	3
5556	3
5557	3
5558	0
5559	3
5560	0
5561	1
5562	1
5563	3
5564	3
5565	3
5566	0
5567	3
5568	3
5569	2
5570	1
5571	2
5572	3
5573	2
5574	2
5575	0
5576	3
5577	0
5578	2
5579	3
5580	0
5581	3
5582	1
5583	1
5584	2
5585	0
5586	1
5587	0
5588	2
5589	3
5590	0
5591	1
5592	1
5593	3
5594	2
5595	2
5596	2
5597	2
5598	2
5599	0
5600	3
5601	3
5602	3
5603	0
5604	2
5605	2
5606	1
5607	0
5608	0
5609	2
5610	3
5611	0
5612	0
5613	0
5614	2
5615	3
5616	3
5617	0
5618	0
5619	0
5620	2
5621	1
5622	0
5623	1
5624	1
5625	1
5626	3
5627	2
5628	3
5629	2
5630	2
5631	2
5632	2
5633	0
5634	0
5635	1
5636	3
5637	0
5638	3
5639	2
5640	3
5641	3
5642	0
5643	0
5644	3
5645	2
5646	2
5647	0
5648	2
5649	1
5650	2
5651	1
5652	3
5653	3
5654	3
5655	2
5656	1
5657	2
5658	0
5659	2
5660	1
5661	3
5662	3
5663	2
5664	0
5665	3
5666	0
5667	3
5668	1
5669	0
5670	2
5671	0
5672	2
5673	2
5674	3
5675	3
5676	1
5677	3
5678	1
5679	2
5680	3
5681	3
5682	3
5683	3
5684	1
5685	0
5686	3
5687	3
5688	1
5689	2
5690	0
5691	0
5692	0
5693	0
5694	3
5695	3
5696	3
5697	3
5698	3
5699	2
5700	3
5701	3
5702	2
5703	3
5704	3
5705	0
5706	3
5707	3
5708	3
5709	3
5710	2
5711	1
5712	2
5713	1
5714	1
5715	3
5716	0
5717	2
5718	3
5719	3
5720	2
5721	3
5722	3
5723	0
5724	2
5725	0
5726	3
5727	0
5728	0
5729	2
5730	2
5731	3
5732	2
5733	2
5734	2
5735	3
5736	3
5737	2
5738	0
5739	2
5740	2
5741	3
5742	3
5743	2
5744	1
5745	2
5746	3
5747	2
5748	2
5749	2
5750	2
5751	3
5752	3
5753	0
5754	2
5755	2
5756	3
5757	3
5758	2
5759	1
5760	3
5761	1
5762	1
5763	3
5764	2
5765	1
5766	1
5767	1
5768	0
5769	0
5770	0
5771	0
5772	0
5773	1
5774	2
5775	0
5776	3
5777	0
5778	0
5779	0
5780	1
5781	1
5782	0
5783	0
5784	0
5785	0
5786	3
5787	1
5788	1
5789	0
5790	0
5791	0
5792	0
5793	3
5794	1
5795	0
5796	2
5797	3
5798	3
5799	2
5800	0
5801	0
5802	0
5803	1
5804	0
5805	1
5806	0
5807	0
5808	0
5809	2
5810	3
5811	2
5812	0
5813	3
5814	2
5815	2
5816	1
5817	3
5818	3
5819	1
5820	0
5821	3
5822	0
5823	1
5824	1
5825	0
5826	0
5827	0
5828	1
5829	3
5830	0
5831	0
5832	2
5833	0
5834	0
5835	0
5836	3
5837	2
5838	3
5839	0
5840	2
5841	3
5842	1
5843	3
5844	0
5845	3
5846	0
5847	1
5848	2
5849	3
5850	2
5851	1
5852	3
5853	3
5854	3
5855	1
5856	2
5857	2
5858	0
5859	3
5860	2
5861	1
5862	2
5863	3
5864	0
5865	0
5866	1
5867	0
5868	2
5869	1
5870	1
5871	3
5872	3
5873	2
5874	3
5875	2
5876	2
5877	3
5878	1
5879	3
5880	0
5881	0
5882	3
5883	0
5884	1
5885	0
5886	2
5887	0
5888	3
5889	2
5890	2
5891	3
5892	2
5893	3
5894	0
5895	3
5896	3
5897	1
5898	3
5899	2
5900	0
5901	0
5902	0
5903	3
5904	2
5905	2
5906	1
5907	3
5908	1
5909	3
5910	2
5911	3
5912	2
5913	3
5914	1
5915	3
5916	3
5917	2
5918	0
5919	3
5920	2
5921	0
5922	3
5923	2
5924	2
5925	1
5926	1
5927	2
5928	2
5929	2
5930	3
5931	0
5932	2
5933	2
5934	1
5935	3
5936	1
5937	2
5938	2
5939	2
5940	2
5941	0
5942	0
5943	3
5944	0
5945	3
5946	1
5947	3
5948	1
5949	2
5950	3
5951	3
5952	2
5953	2
5954	2
5955	2
5956	3
5957	2
5958	0
5959	3
5960	2
5961	0
5962	2
5963	2
5964	1
5965	3
5966	1
5967	3
5968	2
5969	2
5970	2
5971	3
5972	2
5973	0
5974	2
5975	0
5976	1
5977	2
5978	1
5979	0
5980	2
5981	2
5982	3
5983	0
5984	1
5985	3
5986	2
5987	0
5988	3
5989	0
5990	0
5991	3
5992	2
5993	3
5994	2
5995	3
5996	2
5997	0
5998	2
5999	2
6000	3
6001	0
6002	0
6003	3
6004	3
6005	0
6006	0
6007	0
6008	2
6009	2
6010	2
6011	0
6012	3
6013	0
6014	2
6015	0
6016	0
6017	2
6018	0
6019	0
6020	0
6021	3
6022	0
6023	2
6024	3
6025	2
6026	1
6027	0
6028	3
6029	1
6030	3
6031	3
6032	0
6033	1
6034	2
6035	2
6036	2
6037	3
6038	2
6039	2
6040	1
6041	3
6042	3
6043	3
6044	3
6045	3
6046	0
6047	2
6048	1
6049	3
6050	1
6051	1
6052	0
6053	3
6054	0
6055	3
6056	1
6057	2
6058	2
6059	3
6060	3
6061	3
6062	0
6063	3
6064	0
6065	2
6066	0
6067	0
6068	0
6069	3
6070	0
6071	3
6072	1
6073	3
6074	0
6075	0
6076	3
6077	0
6078	3
6079	3
6080	0
6081	2
6082	2
6083	3
6084	0
6085	2
6086	3
6087	0
6088	2
6089	3
6090	3
6091	1
6092	3
6093	2
6094	3
6095	3
6096	1
6097	0
6098	0
6099	1
6100	3
6101	3
6102	3
6103	1
6104	3
6105	2
6106	3
6107	2
6108	2
6109	1
6110	3
6111	2
6112	3
6113	0
6114	3
6115	3
6116	3
6117	0
6118	3
6119	2
6120	3
6121	0
6122	2
6123	0
6124	3
6125	0
6126	3
6127	0
6128	0
6129	0
6130	0
6131	0
6132	0
6133	0
6134	0
6135	0
6136	2
6137	0
6138	3
6139	0
6140	0
6141	1
6142	3
6143	1
6144	3
6145	3
6146	2
6147	2
6148	3
6149	2
6150	1
6151	0
6152	0
6153	1
6154	3
6155	2
6156	0
6157	3
6158	0
6159	3
6160	3
6161	2
6162	2
6163	3
6164	1
6165	3
6166	2
6167	2
6168	2
6169	2
6170	0
6171	3
6172	1
6173	3
6174	3
6175	3
6176	2
6177	3
6178	3
6179	3
6180	3
6181	0
6182	2
6183	0
6184	0
6185	2
6186	3
6187	2
6188	0
6189	3
6190	0
6191	1
6192	1
6193	3
6194	1
6195	2
6196	0
6197	2
6198	0
6199	2
6200	2
6201	3
6202	0
6203	3
6204	0
6205	3
6206	1
6207	3
6208	3
6209	3
6210	0
6211	1
6212	0
6213	3
6214	3
6215	2
6216	1
6217	2
6218	3
6219	2
6220	3
6221	0
6222	3
6223	1
6224	0
6225	3
6226	0
6227	0
6228	3
6229	2
6230	0
6231	0
6232	0
6233	0
6234	3
6235	2
6236	3
6237	3
6238	3
6239	0
6240	2
6241	0
6242	2
6243	0
6244	0
6245	3
6246	2
6247	0
6248	0
6249	3
6250	1
6251	1
6252	2
6253	3
6254	2
6255	3
6256	2
6257	3
6258	3
6259	0
6260	2
6261	1
6262	1
6263	0
6264	3
6265	2
6266	2
6267	0
6268	1
6269	0
6270	0
6271	0
6272	3
6273	3
6274	3
6275	3
6276	2
6277	3
6278	0
6279	0
6280	0
6281	0
6282	0
6283	2
6284	2
6285	1
6286	3
6287	1
6288	0
6289	3
6290	2
6291	3
6292	2
6293	3
6294	2
6295	3
6296	2
6297	3
6298	2
6299	3
6300	2
6301	1
6302	2
6303	2
6304	3
6305	2
6306	0
6307	3
6308	0
6309	3
6310	1
6311	2
6312	3
6313	3
6314	3
6315	0
6316	3
6317	0
6318	3
6319	1
6320	1
6321	2
6322	3
6323	0
6324	3
6325	1
6326	2
6327	3
6328	2
6329	3
6330	2
6331	0
6332	2
6333	1
6334	1
6335	0
6336	2
6337	3
6338	3
6339	3
6340	3
6341	0
6342	1
6343	0
6344	0
6345	3
6346	0
6347	3
6348	0
6349	0
6350	2
6351	0
6352	2
6353	3
6354	0
6355	0
6356	0
6357	0
6358	0
6359	2
6360	1
6361	2
6362	3
6363	2
6364	1
6365	3
6366	3
6367	3
6368	0
6369	0
6370	1
6371	3
6372	3
6373	0
6374	0
6375	2
6376	2
6377	0
6378	3
6379	3
6380	3
6381	0
6382	3
6383	2
6384	2
6385	3
6386	3
6387	3
6388	2
6389	3
6390	2
6391	2
6392	3
6393	1
6394	2
6395	2
6396	2
6397	3
6398	2
6399	3
6400	3
6401	0
6402	0
6403	3
6404	3
6405	3
6406	2
6407	2
6408	3
6409	2
6410	3
6411	3
6412	3
6413	1
6414	2
6415	1
6416	0
6417	0
6418	1
6419	0
6420	3
6421	3
6422	2
6423	3
6424	2
6425	0
6426	2
6427	3
6428	2
6429	1
6430	2
6431	0
6432	2
6433	1
6434	1
6435	3
6436	0
6437	3
6438	3
6439	3
6440	3
6441	3
6442	2
6443	2
6444	3
6445	3
6446	0
6447	3
6448	0
6449	0
6450	0
6451	3
6452	0
6453	1
6454	0
6455	3
6456	0
6457	3
6458	3
6459	2
6460	1
6461	3
6462	3
6463	0
6464	2
6465	2
6466	3
6467	2
6468	2
6469	2
6470	3
6471	0
6472	2
6473	0
6474	2
6475	2
6476	3
6477	2
6478	1
6479	0
6480	3
6481	2
6482	0
6483	2
6484	1
6485	0
6486	3
6487	2
6488	2
6489	3
6490	0
6491	3
6492	2
6493	1
6494	3
6495	1
6496	2
6497	2
6498	0
6499	3
6500	0
6501	2
6502	0
6503	3
6504	3
6505	1
6506	3
6507	2
6508	2
6509	3
6510	1
6511	3
6512	0
6513	3
6514	3
6515	0
6516	3
6517	3
6518	3
6519	2
6520	3
6521	3
6522	2
6523	2
6524	2
6525	3
6526	1
6527	3
6528	2
6529	3
6530	2
6531	0
6532	2
6533	2
6534	3
6535	2
6536	3
6537	1
6538	3
6539	2
6540	2
6541	2
6542	2
6543	3
6544	0
6545	1
6546	3
6547	3
6548	3
6549	1
6550	0
6551	3
6552	0
6553	1
6554	2
6555	2
6556	2
6557	3
6558	2
6559	2
6560	2
6561	3
6562	3
6563	3
6564	3
6565	2
6566	1
6567	3
6568	3
6569	3
6570	3
6571	1
6572	2
6573	3
6574	3
6575	3
6576	3
6577	2
6578	3
6579	2
6580	2
6581	3
6582	3
6583	3
6584	2
6585	3
6586	3
6587	3
6588	3
6589	1
6590	2
6591	0
6592	2
6593	3
6594	1
6595	0
6596	0
6597	2
6598	0
6599	2
6600	1
6601	3
6602	0
6603	0
6604	1
6605	2
6606	1
6607	1
6608	3
6609	2
6610	0
6611	3
6612	2
6613	3
6614	2
6615	0
6616	0
6617	3
6618	0
6619	3
6620	2
6621	3
6622	2
6623	3
6624	2
6625	0
6626	2
6627	1
6628	2
6629	0
6630	2
6631	3
6632	1
6633	3
6634	3
6635	2
6636	3
6637	1
6638	3
6639	0
6640	0
6641	3
6642	3
6643	2
6644	2
6645	3
6646	0
6647	3
6648	1
6649	3
6650	3
6651	3
6652	0
6653	3
6654	1
6655	0
6656	2
6657	0
6658	1
6659	0
6660	2
6661	3
6662	3
6663	2
6664	3
6665	3
6666	3
6667	3
6668	3
6669	1
6670	3
6671	0
6672	1
6673	0
6674	2
6675	0
6676	0
6677	1
6678	3
6679	0
6680	0
6681	0
6682	2
6683	3
6684	0
6685	0
6686	3
6687	1
6688	0
6689	0
6690	0
6691	2
6692	0
6693	0
6694	0
6695	0
6696	2
6697	1
6698	0
6699	0
6700	0
6701	0
6702	3
6703	3
6704	2
6705	0
6706	3
6707	0
6708	0
6709	1
6710	0
6711	0
6712	0
6713	3
6714	3
6715	0
6716	3
6717	0
6718	0
6719	0
6720	3
6721	3
6722	3
6723	1
6724	3
6725	0
6726	1
6727	2
6728	3
6729	1
6730	3
6731	3
6732	2
6733	3
6734	2
6735	0
6736	2
6737	1
6738	3
6739	0
6740	3
6741	1
6742	3
6743	0
6744	2
6745	3
6746	3
6747	0
6748	0
6749	0
6750	3
6751	0
6752	0
6753	0
6754	0
6755	3
6756	0
6757	1
6758	0
6759	2
6760	3
6761	0
6762	3
6763	2
6764	0
6765	0
6766	2
6767	2
6768	1
6769	1
6770	1
6771	0
6772	3
6773	0
6774	0
6775	0
6776	3
6777	1
6778	0
6779	0
6780	3
6781	1
6782	3
6783	0
6784	3
6785	3
6786	3
6787	0
6788	2
6789	0
6790	3
6791	0
6792	2
6793	0
6794	1
6795	3
6796	3
6797	0
6798	2
6799	1
6800	0
6801	0
6802	3
6803	0
6804	2
6805	0
6806	3
6807	0
6808	3
6809	0
6810	3
6811	3
6812	3
6813	0
6814	3
6815	0
6816	3
6817	0
6818	0
6819	0
6820	2
6821	1
6822	0
6823	2
6824	2
6825	2
6826	3
6827	0
6828	3
6829	0
6830	3
6831	2
6832	2
6833	1
6834	3
6835	0
6836	3
6837	0
6838	1
6839	0
6840	1
6841	0
6842	3
6843	3
6844	3
6845	0
6846	0
6847	0
6848	2
6849	3
6850	2
6851	0
6852	2
6853	1
6854	2
6855	2
6856	2
6857	3
6858	3
6859	0
6860	0
6861	3
6862	0
6863	1
6864	3
6865	3
6866	2
6867	0
6868	0
6869	3
6870	2
6871	3
6872	3
6873	0
6874	2
6875	0
6876	0
6877	2
6878	3
6879	3
6880	2
6881	3
6882	3
6883	0
6884	3
6885	0
6886	2
6887	3
6888	2
6889	0
6890	2
6891	0
6892	3
6893	0
6894	0
6895	0
6896	0
6897	2
6898	2
6899	2
6900	2
6901	3
6902	0
6903	1
6904	3
6905	0
6906	3
6907	1
6908	1
6909	0
6910	0
6911	3
6912	3
6913	3
6914	3
6915	2
6916	2
6917	2
6918	3
6919	1
6920	2
6921	2
6922	3
6923	2
6924	2
6925	3
6926	1
6927	2
6928	3
6929	3
6930	3
6931	2
6932	0
6933	3
6934	0
6935	2
6936	1
6937	0
6938	3
6939	3
6940	3
6941	0
6942	3
6943	3
6944	0
6945	2
6946	3
6947	3
6948	2
6949	2
6950	0
6951	0
6952	3
6953	0
6954	3
6955	2
6956	2
6957	3
6958	1
6959	0
6960	3
6961	3
6962	0
6963	3
6964	2
6965	1
6966	3
6967	1
6968	0
6969	1
6970	2
6971	3
6972	3
6973	3
6974	3
6975	3
6976	1
6977	3
6978	0
6979	2
6980	0
6981	3
6982	0
6983	3
6984	0
6985	3
6986	1
6987	3
6988	1
6989	3
6990	0
6991	3
6992	0
6993	3
6994	1
6995	3
6996	2
6997	3
6998	1
6999	3
7000	3
7001	3
7002	0
7003	3
7004	3
7005	3
7006	3
7007	3
7008	0
7009	0
7010	2
7011	3
7012	0
7013	3
7014	1
7015	1
7016	3
7017	3
7018	0
7019	0
7020	0
7021	3
7022	1
7023	2
7024	3
7025	0
7026	3
7027	0
7028	2
7029	3
7030	0
7031	0
7032	3
7033	2
7034	0
7035	0
7036	0
7037	3
7038	2
7039	0
7040	0
7041	2
7042	0
7043	0
7044	1
7045	2
7046	2
7047	3
7048	2
7049	2
7050	3
7051	2
7052	3
7053	2
7054	0
7055	2
7056	0
7057	0
7058	1
7059	3
7060	3
7061	2
7062	0
7063	0
7064	3
7065	0
7066	0
7067	0
7068	2
7069	1
7070	3
7071	0
7072	3
7073	3
7074	2
7075	2
7076	3
7077	2
7078	2
7079	3
7080	3
7081	3
7082	3
7083	0
7084	3
7085	3
7086	0
7087	3
7088	3
7089	3
7090	2
7091	3
7092	1
7093	3
7094	3
7095	1
7096	3
7097	3
7098	0
7099	3
7100	1
7101	2
7102	0
7103	3
7104	0
7105	3
7106	3
7107	0
7108	1
7109	3
7110	2
7111	2
7112	3
7113	3
7114	2
7115	3
7116	1
7117	3
7118	3
7119	0
7120	3
7121	3
7122	2
7123	3
7124	1
7125	3
7126	2
7127	3
7128	0
7129	0
7130	2
7131	3
7132	2
7133	2
7134	0
7135	3
7136	3
7137	3
7138	3
7139	3
7140	3
7141	3
7142	3
7143	3
7144	2
7145	3
7146	3
7147	3
7148	0
7149	3
7150	0
7151	3
7152	1
7153	0
7154	3
7155	0
7156	2
7157	0
7158	2
7159	1
7160	3
7161	3
7162	3
7163	2
7164	3
7165	3
7166	0
7167	0
7168	3
7169	2
7170	0
7171	3
7172	3
7173	3
7174	3
7175	3
7176	3
7177	0
7178	0
7179	1
7180	3
7181	3
7182	0
7183	2
7184	3
7185	0
7186	3
7187	3
7188	3
7189	0
7190	2
7191	2
7192	3
7193	0
7194	3
7195	2
7196	0
7197	3
7198	2
7199	1
7200	3
7201	2
7202	3
7203	0
7204	0
7205	0
7206	2
7207	0
7208	3
7209	3
7210	3
7211	0
7212	3
7213	1
7214	3
7215	3
7216	0
7217	0
7218	2
7219	0
7220	3
7221	1
7222	0
7223	2
7224	3
7225	0
7226	3
7227	2
7228	2
7229	0
7230	3
7231	0
7232	3
7233	0
7234	3
7235	3
7236	0
7237	3
7238	0
7239	2
7240	1
7241	2
7242	1
7243	0
7244	3
7245	3
7246	1
7247	3
7248	2
7249	3
7250	1
7251	2
7252	0
7253	3
7254	1
7255	3
7256	2
7257	3
7258	3
7259	3
7260	3
7261	3
7262	1
7263	3
7264	0
7265	1
7266	1
7267	0
7268	0
7269	0
7270	3
7271	0
7272	2
7273	3
7274	2
7275	0
7276	3
7277	0
7278	2
7279	0
7280	3
7281	1
7282	3
7283	1
7284	3
7285	2
7286	3
7287	1
7288	1
7289	1
7290	2
7291	0
7292	2
7293	0
7294	3
7295	3
7296	0
7297	0
7298	3
7299	3
7300	2
7301	2
7302	2
7303	3
7304	2
7305	2
7306	2
7307	2
7308	0
7309	3
7310	0
7311	0
7312	0
7313	0
7314	2
7315	2
7316	2
7317	1
7318	3
7319	3
7320	2
7321	0
7322	0
7323	3
7324	0
7325	3
7326	0
7327	0
7328	3
7329	3
7330	3
7331	3
7332	3
7333	3
7334	1
7335	1
7336	0
7337	3
7338	2
7339	2
7340	3
7341	3
7342	2
7343	3
7344	0
7345	0
7346	0
7347	2
7348	1
7349	0
7350	3
7351	3
7352	3
7353	0
7354	3
7355	0
7356	2
7357	0
7358	2
7359	0
7360	3
7361	0
7362	2
7363	3
7364	2
7365	0
7366	0
7367	0
7368	2
7369	1
7370	3
7371	1
7372	3
7373	0
7374	2
7375	0
7376	3
7377	1
7378	3
7379	0
7380	2
7381	2
7382	3
7383	3
7384	3
7385	0
7386	2
7387	3
7388	2
7389	3
7390	2
7391	3
7392	3
7393	3
7394	3
7395	2
7396	3
7397	0
7398	3
7399	2
7400	3
7401	0
7402	3
7403	0
7404	3
7405	0
7406	3
7407	0
7408	3
7409	0
7410	3
7411	3
7412	3
7413	2
7414	3
7415	3
7416	3
7417	3
7418	3
7419	3
7420	3
7421	3
7422	3
7423	0
7424	3
7425	1
7426	2
7427	0
7428	3
7429	3
7430	2
7431	0
7432	3
7433	3
7434	2
7435	0
7436	2
7437	2
7438	3
7439	0
7440	1
7441	0
7442	2
7443	0
7444	3
7445	2
7446	3
7447	0
7448	2
7449	1
7450	2
7451	0
7452	3
7453	3
7454	2
7455	0
7456	2
7457	0
7458	1
7459	2
7460	0
7461	0
7462	3
7463	3
7464	0
7465	0
7466	2
7467	2
7468	2
7469	2
7470	2
7471	2
7472	3
7473	3
7474	3
7475	3
7476	1
7477	3
7478	0
7479	1
7480	3
7481	3
7482	0
7483	0
7484	2
7485	1
7486	2
7487	0
7488	0
7489	1
7490	3
7491	3
7492	3
7493	2
7494	2
7495	0
7496	3
7497	3
7498	3
7499	3
7500	3
7501	3
7502	3
7503	3
7504	1
7505	2
7506	3
7507	2
7508	3
7509	3
7510	2
7511	2
7512	2
7513	3
7514	2
7515	3
7516	0
7517	3
7518	2
7519	3
7520	0
7521	0
7522	3
7523	0
7524	0
7525	1
7526	3
7527	2
7528	1
7529	3
7530	2
7531	1
7532	1
7533	1
7534	2
7535	3
7536	2
7537	3
7538	2
7539	3
7540	1
7541	0
7542	0
7543	0
7544	0
7545	0
7546	3
7547	3
7548	2
7549	0
7550	1
7551	0
7552	3
7553	0
7554	3
7555	3
7556	3
7557	0
7558	2
7559	1
7560	2
7561	3
7562	3
7563	1
7564	1
7565	2
7566	3
7567	0
7568	2
7569	2
7570	2
7571	3
7572	3
7573	2
7574	3
7575	2
7576	3
7577	2
7578	2
7579	0
7580	2
7581	0
7582	3
7583	1
7584	3
7585	0
7586	1
7587	0
7588	3
7589	3
7590	2
7591	1
7592	0
7593	2
7594	3
7595	1
7596	2
7597	1
7598	3
7599	3
7600	3
7601	2
7602	2
7603	3
7604	1
7605	1
7606	2
7607	2
7608	1
7609	1
7610	2
7611	2
7612	0
7613	0
7614	2
7615	2
7616	2
7617	0
7618	3
7619	0
7620	3
7621	3
7622	3
7623	3
7624	3
7625	1
7626	3
7627	2
7628	0
7629	0
7630	3
7631	0
7632	0
7633	3
7634	3
7635	0
7636	3
7637	0
7638	1
7639	0
7640	3
7641	0
7642	3
7643	3
7644	3
7645	2
7646	3
7647	0
7648	2
7649	3
7650	3
7651	3
7652	2
7653	1
7654	1
7655	2
7656	1
7657	1
7658	3
7659	0
7660	2
7661	2
7662	3
7663	0
7664	3
7665	3
7666	3
7667	2
7668	3
7669	3
7670	0
7671	3
7672	3
7673	3
7674	3
7675	3
7676	3
7677	1
7678	3
7679	2
7680	2
7681	1
7682	3
7683	2
7684	2
7685	3
7686	3
7687	2
7688	2
7689	2
7690	2
7691	0
7692	3
7693	2
7694	2
7695	3
7696	2
7697	1
7698	3
7699	0
7700	3
7701	3
7702	2
7703	3
7704	2
7705	1
7706	2
7707	0
7708	3
7709	3
7710	3
7711	1
7712	0
7713	0
7714	2
7715	3
7716	3
7717	3
7718	2
7719	2
7720	0
7721	0
7722	3
7723	2
7724	3
7725	1
7726	0
7727	3
7728	3
7729	3
7730	2
7731	3
7732	3
7733	0
7734	2
7735	1
7736	0
7737	3
7738	2
7739	3
7740	1
7741	1
7742	2
7743	3
7744	3
7745	2
7746	3
7747	3
7748	2
7749	2
7750	2
7751	3
7752	0
7753	1
7754	2
7755	3
7756	3
7757	3
7758	2
7759	1
7760	3
7761	3
7762	2
7763	0
7764	3
7765	3
7766	2
7767	2
7768	2
7769	3
7770	2
7771	0
7772	3
7773	0
7774	3
7775	0
7776	3
7777	3
7778	2
7779	1
7780	2
7781	0
7782	3
7783	2
7784	0
7785	3
7786	2
7787	1
7788	3
7789	2
7790	0
7791	2
7792	2
7793	3
7794	1
7795	3
7796	3
7797	2
7798	2
7799	2
7800	0
7801	3
7802	0
7803	0
7804	3
7805	2
7806	2
7807	1
7808	2
7809	0
7810	2
7811	0
7812	2
7813	1
7814	3
7815	1
7816	2
7817	0
7818	2
7819	0
7820	2
7821	0
7822	3
7823	0
7824	0
7825	0
7826	1
7827	3
7828	3
7829	0
7830	1
7831	0
7832	3
7833	0
7834	3
7835	0
7836	3
7837	0
7838	3
7839	0
7840	2
7841	3
7842	1
7843	0
7844	2
7845	3
7846	0
7847	2
7848	3
7849	2
7850	1
7851	0
7852	3
7853	3
7854	2
7855	0
7856	3
7857	1
7858	2
7859	2
7860	2
7861	2
7862	2
7863	0
7864	0
7865	3
7866	0
7867	3
7868	1
7869	0
7870	2
7871	3
7872	0
7873	0
7874	2
7875	0
7876	2
7877	2
7878	2
7879	1
7880	0
7881	1
7882	0
7883	0
7884	2
7885	0
7886	3
7887	0
7888	2
7889	2
7890	2
7891	0
7892	2
7893	3
7894	2
7895	0
7896	3
7897	0
7898	2
7899	3
7900	3
7901	0
7902	3
7903	0
7904	3
7905	1
7906	3
7907	3
7908	3
7909	3
7910	0
7911	3
7912	0
7913	0
7914	2
7915	2
7916	0
7917	0
7918	1
7919	0
7920	0
7921	3
7922	3
7923	3
7924	0
7925	3
7926	0
7927	3
7928	3
7929	0
7930	1
7931	2
7932	2
7933	3
7934	3
7935	0
7936	3
7937	3
7938	3
7939	0
7940	3
7941	0
7942	3
7943	2
7944	3
7945	3
7946	3
7947	0
7948	0
7949	3
7950	3
7951	3
7952	0
7953	3
7954	3
7955	1
7956	3
7957	2
7958	2
7959	1
7960	2
7961	0
7962	2
7963	2
7964	2
7965	3
7966	0
7967	3
7968	3
7969	3
7970	3
7971	3
7972	3
7973	2
7974	0
7975	0
7976	3
7977	3
7978	3
7979	0
7980	3
7981	1
7982	0
7983	1
7984	3
7985	3
7986	3
7987	0
7988	0
7989	2
7990	0
7991	0
7992	2
7993	3
7994	3
7995	3
7996	2
7997	2
7998	3
7999	3
8000	2
8001	3
8002	2
8003	3
8004	0
8005	3
8006	3
8007	3
8008	2
8009	2
8010	2
8011	3
8012	2
8013	2
8014	0
8015	3
8016	3
8017	2
8018	3
8019	1
8020	1
8021	3
8022	3
8023	2
8024	2
8025	3
8026	3
8027	3
8028	2
8029	3
8030	3
8031	3
8032	1
8033	3
8034	2
8035	0
8036	1
8037	3
8038	0
8039	2
8040	2
8041	3
8042	2
8043	3
8044	2
8045	3
8046	2
8047	2
8048	2
8049	3
8050	2
8051	3
8052	2
8053	3
8054	1
8055	3
8056	2
8057	3
8058	0
8059	3
8060	3
8061	2
8062	2
8063	0
8064	3
8065	0
8066	2
8067	1
8068	2
8069	0
8070	3
8071	2
8072	0
8073	2
8074	2
8075	1
8076	3
8077	3
8078	3
8079	3
8080	3
8081	0
8082	3
8083	2
8084	3
8085	0
8086	0
8087	0
8088	1
8089	0
8090	2
8091	2
8092	3
8093	3
8094	2
8095	0
8096	0
8097	3
8098	2
8099	3
8100	3
8101	1
8102	1
8103	2
8104	2
8105	2
8106	1
8107	3
8108	2
8109	3
8110	0
8111	1
8112	2
8113	2
8114	0
8115	2
8116	1
8117	2
8118	2
8119	1
8120	2
8121	3
8122	3
8123	0
8124	3
8125	2
8126	2
8127	3
8128	0
8129	3
8130	0
8131	0
8132	1
8133	3
8134	3
8135	0
8136	2
8137	1
8138	1
8139	2
8140	1
8141	3
8142	0
8143	0
8144	0
8145	3
8146	3
8147	1
8148	2
8149	2
8150	2
8151	0
8152	2
8153	0
8154	2
8155	2
8156	3
8157	2
8158	1
8159	0
8160	2
8161	0
8162	2
8163	0
8164	3
8165	0
8166	3
8167	3
8168	1
8169	0
8170	2
8171	0
8172	3
8173	2
8174	3
8175	0
8176	3
8177	1
8178	0
8179	3
8180	3
8181	2
8182	0
8183	1
8184	0
8185	3
8186	0
8187	2
8188	3
8189	3
8190	0
8191	0
