COMMAND
./sim gshare 13 9 ./proj2-traces/gcc_trace.txt
OUTPUT
number of predictions:2000000
number of mispredictions:226033
misprediction rate:   11.30%
FINAL GSHARE CONTENTS
0	0
1	0
2	3
3	3
4	0
5	3
6	3
7	2
8	0
9	0
10	1
11	0
12	0
13	3
14	3
15	1
16	3
17	3
18	3
19	0
20	1
21	3
22	3
23	0
24	2
25	0
26	3
27	3
28	3
29	0
30	3
31	3
32	3
33	3
34	3
35	3
36	0
37	3
38	0
39	3
40	3
41	0
42	0
43	3
44	0
45	0
46	1
47	3
48	0
49	3
50	3
51	3
52	3
53	0
54	0
55	1
56	1
57	0
58	0
59	0
60	0
61	0
62	3
63	3
64	0
65	3
66	0
67	3
68	3
69	3
70	0
71	3
72	0
73	3
74	0
75	3
76	3
77	0
78	3
79	1
80	0
81	2
82	0
83	0
84	3
85	1
86	3
87	1
88	0
89	2
90	2
91	0
92	1
93	0
94	3
95	3
96	3
97	3
98	3
99	0
100	2
101	3
102	0
103	3
104	3
105	0
106	3
107	3
108	3
109	0
110	0
111	1
112	3
113	3
114	3
115	3
116	0
117	1
118	0
119	2
120	2
121	0
122	0
123	3
124	0
125	3
126	3
127	1
128	0
129	2
130	0
131	0
132	0
133	3
134	0
135	0
136	0
137	0
138	3
139	0
140	3
141	3
142	1
143	3
144	0
145	1
146	3
147	0
148	1
149	3
150	3
151	3
152	1
153	0
154	3
155	3
156	3
157	0
158	3
159	0
160	0
161	0
162	3
163	1
164	0
165	3
166	0
167	0
168	0
169	3
170	0
171	0
172	0
173	2
174	0
175	3
176	0
177	0
178	3
179	1
180	2
181	3
182	3
183	0
184	3
185	3
186	2
187	3
188	0
189	2
190	3
191	0
192	0
193	3
194	0
195	0
196	0
197	3
198	3
199	0
200	0
201	0
202	2
203	3
204	2
205	0
206	2
207	2
208	0
209	3
210	0
211	0
212	0
213	3
214	0
215	0
216	0
217	0
218	2
219	0
220	1
221	0
222	0
223	3
224	3
225	0
226	1
227	0
228	0
229	3
230	3
231	0
232	3
233	3
234	0
235	2
236	1
237	3
238	0
239	3
240	0
241	1
242	2
243	3
244	3
245	0
246	0
247	0
248	0
249	2
250	1
251	0
252	0
253	0
254	0
255	3
256	3
257	3
258	3
259	0
260	1
261	0
262	3
263	0
264	2
265	2
266	3
267	0
268	3
269	0
270	3
271	3
272	3
273	3
274	3
275	0
276	2
277	0
278	2
279	3
280	3
281	0
282	1
283	3
284	2
285	3
286	3
287	0
288	3
289	0
290	3
291	0
292	0
293	0
294	0
295	3
296	3
297	2
298	0
299	0
300	0
301	3
302	2
303	2
304	3
305	3
306	3
307	0
308	0
309	0
310	0
311	3
312	0
313	3
314	2
315	0
316	3
317	2
318	0
319	0
320	3
321	3
322	3
323	0
324	0
325	2
326	0
327	0
328	0
329	3
330	0
331	0
332	3
333	3
334	3
335	0
336	3
337	0
338	3
339	0
340	2
341	0
342	0
343	1
344	0
345	0
346	3
347	3
348	3
349	3
350	3
351	3
352	2
353	3
354	3
355	1
356	3
357	3
358	0
359	0
360	0
361	3
362	0
363	3
364	3
365	0
366	0
367	0
368	3
369	3
370	0
371	0
372	3
373	0
374	0
375	0
376	3
377	0
378	0
379	3
380	3
381	3
382	1
383	3
384	0
385	3
386	3
387	0
388	3
389	3
390	0
391	0
392	0
393	0
394	3
395	0
396	0
397	3
398	2
399	3
400	0
401	0
402	3
403	2
404	3
405	2
406	3
407	0
408	1
409	0
410	1
411	0
412	3
413	0
414	3
415	0
416	0
417	0
418	0
419	1
420	1
421	3
422	0
423	0
424	0
425	0
426	3
427	3
428	3
429	3
430	3
431	1
432	0
433	3
434	3
435	3
436	3
437	3
438	3
439	0
440	0
441	0
442	3
443	0
444	3
445	3
446	3
447	3
448	3
449	2
450	3
451	0
452	0
453	3
454	0
455	3
456	2
457	0
458	0
459	3
460	3
461	2
462	3
463	3
464	3
465	3
466	0
467	0
468	0
469	0
470	0
471	3
472	3
473	3
474	3
475	0
476	0
477	3
478	0
479	3
480	3
481	3
482	0
483	1
484	2
485	3
486	0
487	1
488	0
489	3
490	3
491	0
492	0
493	0
494	3
495	3
496	0
497	1
498	0
499	0
500	0
501	2
502	0
503	3
504	3
505	0
506	0
507	0
508	3
509	0
510	1
511	3
512	3
513	0
514	2
515	0
516	3
517	0
518	0
519	0
520	0
521	2
522	3
523	2
524	3
525	1
526	3
527	3
528	0
529	0
530	3
531	0
532	0
533	3
534	0
535	1
536	0
537	0
538	0
539	3
540	1
541	2
542	0
543	3
544	0
545	2
546	3
547	0
548	0
549	3
550	3
551	2
552	0
553	0
554	3
555	2
556	1
557	3
558	0
559	0
560	0
561	3
562	3
563	0
564	3
565	0
566	2
567	0
568	3
569	0
570	1
571	1
572	2
573	0
574	3
575	0
576	1
577	1
578	3
579	0
580	0
581	3
582	0
583	2
584	3
585	0
586	0
587	3
588	3
589	0
590	0
591	0
592	3
593	0
594	3
595	0
596	3
597	0
598	1
599	3
600	0
601	2
602	0
603	2
604	0
605	0
606	0
607	2
608	3
609	0
610	3
611	0
612	1
613	3
614	0
615	0
616	3
617	1
618	0
619	1
620	3
621	1
622	3
623	2
624	3
625	1
626	0
627	0
628	3
629	2
630	1
631	2
632	2
633	0
634	0
635	2
636	3
637	2
638	3
639	3
640	3
641	3
642	0
643	3
644	0
645	3
646	3
647	0
648	3
649	3
650	1
651	3
652	0
653	3
654	0
655	1
656	3
657	3
658	3
659	0
660	3
661	3
662	0
663	0
664	0
665	3
666	3
667	3
668	0
669	3
670	2
671	0
672	0
673	2
674	0
675	0
676	3
677	3
678	0
679	3
680	3
681	3
682	3
683	3
684	3
685	3
686	0
687	3
688	0
689	0
690	3
691	0
692	3
693	0
694	1
695	0
696	3
697	0
698	2
699	3
700	1
701	0
702	0
703	2
704	0
705	1
706	0
707	0
708	3
709	3
710	0
711	3
712	3
713	2
714	3
715	0
716	3
717	1
718	3
719	0
720	2
721	3
722	1
723	0
724	3
725	3
726	0
727	0
728	0
729	1
730	3
731	3
732	2
733	2
734	3
735	0
736	0
737	3
738	0
739	2
740	3
741	3
742	0
743	3
744	0
745	0
746	1
747	3
748	3
749	3
750	1
751	0
752	3
753	0
754	3
755	0
756	0
757	0
758	0
759	0
760	0
761	0
762	0
763	3
764	3
765	3
766	3
767	3
768	0
769	3
770	3
771	0
772	3
773	3
774	0
775	0
776	3
777	0
778	0
779	0
780	1
781	0
782	2
783	2
784	0
785	3
786	3
787	3
788	3
789	3
790	2
791	0
792	3
793	2
794	3
795	0
796	0
797	0
798	0
799	3
800	3
801	0
802	1
803	3
804	0
805	3
806	0
807	0
808	1
809	3
810	0
811	0
812	3
813	1
814	1
815	0
816	0
817	3
818	0
819	0
820	0
821	0
822	0
823	3
824	0
825	3
826	2
827	0
828	3
829	3
830	3
831	1
832	1
833	3
834	0
835	0
836	0
837	1
838	3
839	3
840	3
841	3
842	0
843	3
844	3
845	0
846	1
847	0
848	3
849	3
850	3
851	0
852	0
853	2
854	0
855	2
856	2
857	3
858	0
859	0
860	0
861	0
862	3
863	0
864	0
865	1
866	0
867	3
868	0
869	2
870	0
871	2
872	0
873	0
874	0
875	2
876	0
877	0
878	3
879	0
880	3
881	3
882	3
883	1
884	1
885	3
886	3
887	0
888	0
889	3
890	0
891	3
892	3
893	3
894	0
895	0
896	2
897	3
898	0
899	2
900	0
901	3
902	3
903	3
904	0
905	3
906	3
907	3
908	3
909	1
910	3
911	3
912	1
913	3
914	0
915	0
916	3
917	1
918	0
919	0
920	3
921	3
922	3
923	1
924	3
925	0
926	3
927	3
928	0
929	2
930	3
931	0
932	0
933	0
934	1
935	0
936	0
937	3
938	3
939	3
940	2
941	3
942	3
943	3
944	0
945	3
946	0
947	0
948	0
949	1
950	0
951	1
952	0
953	0
954	0
955	0
956	3
957	3
958	0
959	3
960	0
961	2
962	0
963	3
964	0
965	3
966	3
967	3
968	2
969	2
970	3
971	3
972	3
973	3
974	3
975	0
976	3
977	3
978	0
979	0
980	3
981	3
982	0
983	3
984	3
985	3
986	0
987	3
988	0
989	0
990	3
991	0
992	0
993	0
994	3
995	2
996	0
997	3
998	0
999	3
1000	0
1001	1
1002	3
1003	0
1004	1
1005	3
1006	0
1007	3
1008	3
1009	3
1010	2
1011	0
1012	0
1013	2
1014	0
1015	3
1016	1
1017	3
1018	3
1019	3
1020	0
1021	3
1022	0
1023	3
1024	2
1025	0
1026	0
1027	2
1028	0
1029	3
1030	0
1031	0
1032	3
1033	0
1034	1
1035	0
1036	2
1037	0
1038	3
1039	3
1040	2
1041	0
1042	0
1043	2
1044	1
1045	0
1046	2
1047	0
1048	0
1049	0
1050	0
1051	2
1052	0
1053	0
1054	0
1055	0
1056	3
1057	1
1058	1
1059	0
1060	3
1061	3
1062	0
1063	0
1064	3
1065	0
1066	2
1067	0
1068	3
1069	0
1070	3
1071	0
1072	1
1073	0
1074	0
1075	0
1076	3
1077	3
1078	0
1079	0
1080	3
1081	0
1082	0
1083	0
1084	3
1085	0
1086	0
1087	0
1088	3
1089	0
1090	3
1091	3
1092	0
1093	0
1094	0
1095	1
1096	0
1097	1
1098	3
1099	3
1100	3
1101	0
1102	0
1103	3
1104	0
1105	3
1106	0
1107	1
1108	0
1109	0
1110	0
1111	3
1112	1
1113	0
1114	2
1115	3
1116	3
1117	1
1118	1
1119	3
1120	1
1121	2
1122	1
1123	3
1124	3
1125	0
1126	0
1127	3
1128	0
1129	3
1130	3
1131	1
1132	3
1133	0
1134	0
1135	2
1136	0
1137	1
1138	0
1139	3
1140	0
1141	0
1142	0
1143	3
1144	0
1145	3
1146	3
1147	0
1148	0
1149	0
1150	1
1151	3
1152	3
1153	0
1154	0
1155	2
1156	0
1157	3
1158	3
1159	0
1160	0
1161	3
1162	1
1163	3
1164	3
1165	0
1166	3
1167	3
1168	0
1169	0
1170	0
1171	0
1172	3
1173	2
1174	1
1175	0
1176	0
1177	2
1178	0
1179	2
1180	3
1181	2
1182	2
1183	0
1184	3
1185	0
1186	0
1187	0
1188	3
1189	3
1190	3
1191	0
1192	3
1193	3
1194	0
1195	0
1196	0
1197	2
1198	3
1199	3
1200	3
1201	0
1202	0
1203	3
1204	3
1205	3
1206	1
1207	0
1208	1
1209	0
1210	3
1211	3
1212	3
1213	3
1214	1
1215	1
1216	1
1217	0
1218	3
1219	3
1220	0
1221	3
1222	0
1223	0
1224	1
1225	3
1226	0
1227	0
1228	1
1229	3
1230	3
1231	3
1232	3
1233	1
1234	0
1235	0
1236	3
1237	0
1238	0
1239	0
1240	0
1241	1
1242	0
1243	2
1244	1
1245	3
1246	3
1247	0
1248	3
1249	3
1250	0
1251	3
1252	0
1253	3
1254	0
1255	1
1256	2
1257	3
1258	0
1259	0
1260	0
1261	0
1262	0
1263	0
1264	3
1265	3
1266	3
1267	1
1268	3
1269	2
1270	0
1271	0
1272	1
1273	3
1274	1
1275	0
1276	0
1277	3
1278	3
1279	3
1280	3
1281	3
1282	0
1283	2
1284	3
1285	2
1286	2
1287	0
1288	0
1289	0
1290	3
1291	0
1292	3
1293	3
1294	0
1295	3
1296	0
1297	0
1298	2
1299	0
1300	3
1301	3
1302	0
1303	3
1304	1
1305	0
1306	0
1307	0
1308	0
1309	3
1310	3
1311	0
1312	0
1313	0
1314	0
1315	3
1316	3
1317	0
1318	0
1319	0
1320	0
1321	3
1322	0
1323	0
1324	1
1325	3
1326	0
1327	0
1328	0
1329	2
1330	0
1331	3
1332	3
1333	3
1334	3
1335	3
1336	0
1337	3
1338	3
1339	0
1340	1
1341	0
1342	0
1343	0
1344	0
1345	2
1346	0
1347	3
1348	0
1349	3
1350	3
1351	0
1352	0
1353	0
1354	3
1355	0
1356	1
1357	0
1358	3
1359	2
1360	0
1361	0
1362	0
1363	3
1364	3
1365	3
1366	0
1367	3
1368	3
1369	3
1370	0
1371	0
1372	1
1373	0
1374	3
1375	3
1376	0
1377	3
1378	0
1379	3
1380	2
1381	3
1382	0
1383	0
1384	0
1385	0
1386	3
1387	0
1388	3
1389	3
1390	1
1391	1
1392	3
1393	3
1394	0
1395	3
1396	2
1397	0
1398	0
1399	0
1400	0
1401	3
1402	3
1403	3
1404	0
1405	0
1406	0
1407	1
1408	3
1409	2
1410	2
1411	3
1412	3
1413	3
1414	0
1415	2
1416	3
1417	3
1418	3
1419	3
1420	0
1421	0
1422	0
1423	0
1424	3
1425	0
1426	0
1427	0
1428	3
1429	0
1430	0
1431	3
1432	1
1433	3
1434	3
1435	0
1436	3
1437	3
1438	3
1439	0
1440	0
1441	2
1442	0
1443	3
1444	0
1445	3
1446	0
1447	1
1448	3
1449	3
1450	1
1451	3
1452	3
1453	3
1454	0
1455	2
1456	1
1457	0
1458	3
1459	3
1460	0
1461	3
1462	0
1463	1
1464	3
1465	0
1466	3
1467	0
1468	3
1469	0
1470	1
1471	0
1472	1
1473	0
1474	0
1475	0
1476	2
1477	3
1478	3
1479	0
1480	0
1481	3
1482	3
1483	1
1484	1
1485	2
1486	3
1487	1
1488	1
1489	3
1490	0
1491	3
1492	3
1493	0
1494	0
1495	0
1496	0
1497	0
1498	0
1499	3
1500	0
1501	3
1502	3
1503	3
1504	0
1505	0
1506	3
1507	0
1508	0
1509	3
1510	0
1511	1
1512	0
1513	0
1514	3
1515	3
1516	3
1517	2
1518	3
1519	3
1520	3
1521	1
1522	3
1523	3
1524	3
1525	3
1526	0
1527	0
1528	3
1529	3
1530	0
1531	2
1532	1
1533	1
1534	3
1535	0
1536	0
1537	3
1538	0
1539	3
1540	0
1541	3
1542	0
1543	3
1544	0
1545	2
1546	0
1547	3
1548	0
1549	1
1550	3
1551	3
1552	3
1553	2
1554	3
1555	3
1556	0
1557	3
1558	3
1559	3
1560	1
1561	3
1562	3
1563	3
1564	0
1565	3
1566	0
1567	3
1568	3
1569	3
1570	3
1571	3
1572	1
1573	3
1574	3
1575	2
1576	0
1577	3
1578	3
1579	0
1580	3
1581	1
1582	3
1583	3
1584	3
1585	3
1586	3
1587	0
1588	3
1589	0
1590	0
1591	0
1592	0
1593	0
1594	3
1595	0
1596	0
1597	0
1598	3
1599	3
1600	0
1601	3
1602	1
1603	3
1604	0
1605	3
1606	3
1607	0
1608	1
1609	2
1610	0
1611	3
1612	3
1613	3
1614	3
1615	0
1616	0
1617	0
1618	3
1619	3
1620	0
1621	0
1622	3
1623	0
1624	3
1625	0
1626	3
1627	3
1628	0
1629	3
1630	1
1631	3
1632	0
1633	1
1634	1
1635	3
1636	3
1637	3
1638	0
1639	1
1640	2
1641	3
1642	0
1643	3
1644	0
1645	3
1646	0
1647	3
1648	3
1649	3
1650	3
1651	0
1652	0
1653	3
1654	3
1655	0
1656	0
1657	3
1658	3
1659	0
1660	0
1661	0
1662	0
1663	3
1664	1
1665	0
1666	1
1667	0
1668	2
1669	0
1670	3
1671	3
1672	3
1673	3
1674	2
1675	3
1676	0
1677	3
1678	0
1679	3
1680	0
1681	0
1682	0
1683	0
1684	1
1685	3
1686	0
1687	0
1688	3
1689	1
1690	0
1691	3
1692	3
1693	3
1694	3
1695	3
1696	0
1697	1
1698	0
1699	2
1700	3
1701	3
1702	3
1703	2
1704	1
1705	3
1706	0
1707	2
1708	3
1709	3
1710	0
1711	3
1712	0
1713	2
1714	2
1715	2
1716	0
1717	3
1718	2
1719	0
1720	3
1721	0
1722	2
1723	1
1724	2
1725	3
1726	3
1727	0
1728	1
1729	0
1730	0
1731	2
1732	0
1733	3
1734	2
1735	2
1736	3
1737	3
1738	0
1739	2
1740	3
1741	0
1742	3
1743	2
1744	0
1745	3
1746	0
1747	3
1748	2
1749	3
1750	3
1751	0
1752	2
1753	3
1754	0
1755	3
1756	3
1757	2
1758	3
1759	0
1760	3
1761	0
1762	3
1763	3
1764	3
1765	3
1766	3
1767	3
1768	3
1769	2
1770	0
1771	2
1772	0
1773	3
1774	2
1775	3
1776	0
1777	0
1778	3
1779	2
1780	3
1781	3
1782	0
1783	3
1784	3
1785	3
1786	0
1787	3
1788	3
1789	2
1790	3
1791	0
1792	0
1793	3
1794	0
1795	2
1796	0
1797	2
1798	1
1799	0
1800	3
1801	1
1802	2
1803	0
1804	1
1805	2
1806	3
1807	0
1808	0
1809	0
1810	3
1811	3
1812	0
1813	0
1814	0
1815	0
1816	0
1817	3
1818	0
1819	0
1820	0
1821	0
1822	3
1823	3
1824	0
1825	0
1826	2
1827	2
1828	0
1829	0
1830	3
1831	0
1832	3
1833	0
1834	1
1835	0
1836	0
1837	3
1838	3
1839	3
1840	3
1841	1
1842	3
1843	1
1844	1
1845	3
1846	3
1847	0
1848	0
1849	2
1850	3
1851	0
1852	1
1853	0
1854	3
1855	3
1856	0
1857	3
1858	3
1859	1
1860	0
1861	0
1862	2
1863	0
1864	0
1865	3
1866	0
1867	3
1868	0
1869	0
1870	1
1871	0
1872	0
1873	0
1874	0
1875	3
1876	0
1877	3
1878	0
1879	0
1880	0
1881	0
1882	0
1883	3
1884	0
1885	0
1886	0
1887	0
1888	0
1889	2
1890	1
1891	0
1892	0
1893	0
1894	0
1895	3
1896	0
1897	3
1898	0
1899	3
1900	0
1901	0
1902	0
1903	2
1904	0
1905	0
1906	0
1907	3
1908	0
1909	3
1910	3
1911	0
1912	0
1913	0
1914	3
1915	3
1916	3
1917	0
1918	3
1919	0
1920	0
1921	0
1922	2
1923	0
1924	3
1925	0
1926	3
1927	2
1928	2
1929	0
1930	0
1931	3
1932	3
1933	1
1934	3
1935	1
1936	1
1937	0
1938	0
1939	2
1940	0
1941	0
1942	3
1943	0
1944	1
1945	3
1946	2
1947	0
1948	0
1949	2
1950	3
1951	2
1952	2
1953	0
1954	0
1955	2
1956	0
1957	0
1958	0
1959	3
1960	3
1961	3
1962	3
1963	2
1964	3
1965	2
1966	3
1967	0
1968	0
1969	1
1970	2
1971	3
1972	0
1973	0
1974	3
1975	3
1976	0
1977	3
1978	1
1979	0
1980	0
1981	2
1982	3
1983	3
1984	0
1985	0
1986	0
1987	3
1988	0
1989	3
1990	3
1991	0
1992	3
1993	3
1994	2
1995	0
1996	0
1997	0
1998	3
1999	1
2000	0
2001	2
2002	0
2003	0
2004	3
2005	0
2006	0
2007	0
2008	3
2009	0
2010	3
2011	0
2012	0
2013	2
2014	3
2015	3
2016	1
2017	1
2018	3
2019	0
2020	1
2021	0
2022	0
2023	3
2024	3
2025	3
2026	0
2027	2
2028	0
2029	3
2030	3
2031	3
2032	0
2033	3
2034	1
2035	3
2036	1
2037	0
2038	3
2039	3
2040	2
2041	2
2042	0
2043	3
2044	0
2045	3
2046	3
2047	0
2048	2
2049	2
2050	3
2051	3
2052	3
2053	0
2054	0
2055	0
2056	0
2057	0
2058	0
2059	0
2060	0
2061	3
2062	2
2063	3
2064	0
2065	3
2066	0
2067	2
2068	3
2069	1
2070	3
2071	0
2072	0
2073	0
2074	0
2075	2
2076	0
2077	0
2078	3
2079	1
2080	0
2081	2
2082	0
2083	3
2084	3
2085	0
2086	3
2087	0
2088	0
2089	3
2090	0
2091	3
2092	1
2093	0
2094	2
2095	0
2096	3
2097	3
2098	1
2099	3
2100	0
2101	3
2102	3
2103	0
2104	0
2105	3
2106	0
2107	2
2108	3
2109	2
2110	0
2111	0
2112	0
2113	0
2114	3
2115	3
2116	1
2117	1
2118	0
2119	3
2120	1
2121	0
2122	1
2123	2
2124	3
2125	3
2126	2
2127	3
2128	0
2129	3
2130	1
2131	0
2132	3
2133	0
2134	0
2135	0
2136	0
2137	2
2138	0
2139	3
2140	0
2141	3
2142	3
2143	2
2144	0
2145	3
2146	0
2147	0
2148	2
2149	0
2150	0
2151	0
2152	0
2153	0
2154	3
2155	3
2156	2
2157	0
2158	0
2159	3
2160	0
2161	3
2162	3
2163	0
2164	3
2165	0
2166	2
2167	0
2168	0
2169	0
2170	3
2171	3
2172	0
2173	2
2174	3
2175	1
2176	3
2177	0
2178	0
2179	0
2180	3
2181	3
2182	3
2183	0
2184	0
2185	0
2186	0
2187	3
2188	0
2189	3
2190	3
2191	3
2192	3
2193	3
2194	1
2195	3
2196	3
2197	0
2198	2
2199	0
2200	2
2201	0
2202	0
2203	3
2204	0
2205	3
2206	3
2207	3
2208	0
2209	0
2210	0
2211	0
2212	0
2213	0
2214	3
2215	3
2216	3
2217	0
2218	0
2219	0
2220	3
2221	3
2222	0
2223	0
2224	0
2225	3
2226	0
2227	3
2228	0
2229	2
2230	0
2231	0
2232	3
2233	0
2234	0
2235	3
2236	3
2237	1
2238	0
2239	0
2240	3
2241	3
2242	0
2243	0
2244	2
2245	0
2246	3
2247	0
2248	0
2249	0
2250	3
2251	2
2252	3
2253	3
2254	0
2255	0
2256	3
2257	3
2258	0
2259	2
2260	0
2261	0
2262	2
2263	0
2264	0
2265	3
2266	0
2267	3
2268	3
2269	3
2270	3
2271	3
2272	2
2273	3
2274	0
2275	0
2276	2
2277	3
2278	0
2279	0
2280	0
2281	0
2282	3
2283	3
2284	3
2285	1
2286	3
2287	3
2288	2
2289	3
2290	0
2291	0
2292	3
2293	0
2294	3
2295	0
2296	0
2297	0
2298	3
2299	3
2300	3
2301	0
2302	0
2303	3
2304	0
2305	0
2306	3
2307	1
2308	3
2309	0
2310	0
2311	0
2312	0
2313	1
2314	0
2315	3
2316	0
2317	3
2318	3
2319	3
2320	0
2321	0
2322	0
2323	0
2324	3
2325	0
2326	0
2327	1
2328	1
2329	3
2330	2
2331	3
2332	0
2333	3
2334	3
2335	3
2336	3
2337	3
2338	3
2339	0
2340	3
2341	2
2342	3
2343	0
2344	0
2345	0
2346	0
2347	3
2348	1
2349	2
2350	0
2351	3
2352	0
2353	0
2354	0
2355	0
2356	3
2357	1
2358	3
2359	0
2360	0
2361	0
2362	3
2363	3
2364	3
2365	3
2366	3
2367	3
2368	2
2369	0
2370	3
2371	2
2372	0
2373	0
2374	0
2375	0
2376	3
2377	0
2378	3
2379	3
2380	0
2381	2
2382	3
2383	0
2384	0
2385	3
2386	0
2387	0
2388	0
2389	3
2390	0
2391	0
2392	0
2393	3
2394	3
2395	2
2396	3
2397	3
2398	1
2399	3
2400	0
2401	0
2402	0
2403	0
2404	3
2405	0
2406	0
2407	2
2408	0
2409	3
2410	0
2411	3
2412	0
2413	3
2414	3
2415	0
2416	0
2417	1
2418	3
2419	0
2420	3
2421	0
2422	0
2423	3
2424	3
2425	0
2426	0
2427	2
2428	0
2429	3
2430	0
2431	3
2432	2
2433	0
2434	3
2435	0
2436	0
2437	2
2438	0
2439	1
2440	3
2441	0
2442	0
2443	3
2444	0
2445	3
2446	3
2447	3
2448	3
2449	0
2450	0
2451	3
2452	1
2453	0
2454	0
2455	0
2456	0
2457	3
2458	3
2459	0
2460	3
2461	3
2462	0
2463	0
2464	1
2465	3
2466	1
2467	2
2468	0
2469	0
2470	0
2471	0
2472	3
2473	0
2474	0
2475	3
2476	0
2477	3
2478	3
2479	3
2480	0
2481	3
2482	0
2483	0
2484	2
2485	3
2486	2
2487	0
2488	3
2489	0
2490	0
2491	3
2492	3
2493	3
2494	0
2495	2
2496	2
2497	0
2498	1
2499	3
2500	0
2501	3
2502	2
2503	0
2504	0
2505	0
2506	0
2507	3
2508	3
2509	3
2510	2
2511	0
2512	0
2513	3
2514	0
2515	0
2516	3
2517	0
2518	0
2519	0
2520	0
2521	0
2522	0
2523	3
2524	3
2525	3
2526	2
2527	3
2528	0
2529	3
2530	1
2531	0
2532	3
2533	3
2534	0
2535	1
2536	2
2537	0
2538	0
2539	0
2540	3
2541	0
2542	0
2543	0
2544	0
2545	3
2546	1
2547	2
2548	0
2549	0
2550	0
2551	3
2552	0
2553	0
2554	0
2555	3
2556	1
2557	3
2558	3
2559	3
2560	2
2561	0
2562	1
2563	2
2564	3
2565	3
2566	0
2567	0
2568	1
2569	3
2570	0
2571	3
2572	3
2573	1
2574	3
2575	3
2576	2
2577	3
2578	1
2579	0
2580	3
2581	1
2582	3
2583	0
2584	0
2585	0
2586	1
2587	0
2588	3
2589	1
2590	0
2591	3
2592	0
2593	1
2594	0
2595	3
2596	3
2597	3
2598	0
2599	3
2600	0
2601	0
2602	3
2603	0
2604	3
2605	2
2606	1
2607	0
2608	0
2609	2
2610	1
2611	3
2612	3
2613	0
2614	3
2615	3
2616	3
2617	3
2618	1
2619	0
2620	0
2621	3
2622	3
2623	0
2624	3
2625	3
2626	3
2627	0
2628	3
2629	3
2630	3
2631	3
2632	0
2633	0
2634	0
2635	1
2636	3
2637	3
2638	0
2639	3
2640	3
2641	2
2642	0
2643	3
2644	0
2645	1
2646	0
2647	3
2648	3
2649	0
2650	0
2651	0
2652	1
2653	3
2654	3
2655	3
2656	0
2657	3
2658	0
2659	3
2660	2
2661	1
2662	3
2663	0
2664	0
2665	0
2666	3
2667	0
2668	2
2669	3
2670	0
2671	0
2672	3
2673	3
2674	0
2675	0
2676	3
2677	0
2678	3
2679	3
2680	3
2681	0
2682	0
2683	0
2684	0
2685	1
2686	0
2687	0
2688	2
2689	1
2690	0
2691	3
2692	1
2693	0
2694	3
2695	2
2696	3
2697	1
2698	1
2699	0
2700	0
2701	2
2702	3
2703	0
2704	0
2705	2
2706	0
2707	0
2708	0
2709	0
2710	3
2711	0
2712	3
2713	2
2714	3
2715	0
2716	0
2717	2
2718	3
2719	0
2720	3
2721	2
2722	0
2723	3
2724	0
2725	2
2726	0
2727	0
2728	0
2729	0
2730	3
2731	3
2732	3
2733	3
2734	2
2735	3
2736	3
2737	3
2738	0
2739	0
2740	3
2741	3
2742	3
2743	0
2744	3
2745	0
2746	3
2747	1
2748	0
2749	0
2750	3
2751	0
2752	0
2753	3
2754	3
2755	1
2756	0
2757	2
2758	3
2759	3
2760	3
2761	0
2762	3
2763	0
2764	3
2765	2
2766	1
2767	3
2768	0
2769	3
2770	0
2771	0
2772	1
2773	3
2774	3
2775	0
2776	3
2777	3
2778	2
2779	3
2780	2
2781	2
2782	0
2783	0
2784	0
2785	3
2786	3
2787	0
2788	3
2789	3
2790	0
2791	0
2792	0
2793	3
2794	0
2795	3
2796	3
2797	1
2798	3
2799	3
2800	2
2801	3
2802	3
2803	0
2804	1
2805	0
2806	0
2807	2
2808	3
2809	0
2810	0
2811	0
2812	1
2813	2
2814	3
2815	3
2816	3
2817	3
2818	3
2819	0
2820	1
2821	0
2822	0
2823	3
2824	1
2825	1
2826	0
2827	0
2828	3
2829	0
2830	0
2831	3
2832	0
2833	1
2834	3
2835	0
2836	3
2837	3
2838	1
2839	3
2840	0
2841	3
2842	0
2843	0
2844	3
2845	0
2846	0
2847	3
2848	0
2849	3
2850	0
2851	3
2852	2
2853	3
2854	0
2855	0
2856	0
2857	3
2858	0
2859	3
2860	3
2861	2
2862	0
2863	0
2864	0
2865	1
2866	0
2867	0
2868	3
2869	0
2870	0
2871	0
2872	0
2873	3
2874	0
2875	0
2876	3
2877	3
2878	0
2879	3
2880	3
2881	0
2882	0
2883	0
2884	0
2885	0
2886	0
2887	0
2888	0
2889	0
2890	0
2891	0
2892	3
2893	3
2894	3
2895	3
2896	2
2897	3
2898	3
2899	3
2900	3
2901	0
2902	0
2903	0
2904	0
2905	0
2906	3
2907	0
2908	3
2909	1
2910	3
2911	0
2912	3
2913	0
2914	2
2915	3
2916	3
2917	3
2918	0
2919	0
2920	3
2921	3
2922	3
2923	1
2924	0
2925	3
2926	1
2927	2
2928	2
2929	0
2930	0
2931	0
2932	3
2933	0
2934	0
2935	0
2936	0
2937	2
2938	0
2939	3
2940	0
2941	1
2942	0
2943	3
2944	3
2945	0
2946	0
2947	0
2948	1
2949	3
2950	3
2951	3
2952	0
2953	3
2954	3
2955	3
2956	1
2957	0
2958	3
2959	3
2960	0
2961	3
2962	0
2963	2
2964	0
2965	3
2966	0
2967	1
2968	0
2969	0
2970	0
2971	0
2972	0
2973	1
2974	0
2975	3
2976	0
2977	3
2978	3
2979	0
2980	0
2981	0
2982	1
2983	0
2984	3
2985	2
2986	0
2987	3
2988	3
2989	3
2990	3
2991	3
2992	3
2993	3
2994	0
2995	0
2996	2
2997	0
2998	0
2999	0
3000	3
3001	3
3002	1
3003	0
3004	1
3005	3
3006	3
3007	0
3008	0
3009	0
3010	0
3011	2
3012	0
3013	3
3014	0
3015	3
3016	3
3017	0
3018	0
3019	3
3020	0
3021	3
3022	0
3023	3
3024	3
3025	0
3026	0
3027	3
3028	1
3029	0
3030	3
3031	2
3032	0
3033	1
3034	3
3035	3
3036	0
3037	3
3038	0
3039	3
3040	0
3041	1
3042	3
3043	3
3044	2
3045	2
3046	3
3047	0
3048	1
3049	0
3050	0
3051	3
3052	1
3053	1
3054	2
3055	0
3056	1
3057	2
3058	0
3059	0
3060	0
3061	3
3062	1
3063	0
3064	0
3065	2
3066	3
3067	3
3068	3
3069	2
3070	3
3071	3
3072	3
3073	3
3074	2
3075	0
3076	0
3077	0
3078	2
3079	0
3080	0
3081	0
3082	0
3083	0
3084	3
3085	0
3086	3
3087	1
3088	3
3089	3
3090	3
3091	0
3092	0
3093	3
3094	0
3095	0
3096	2
3097	0
3098	0
3099	1
3100	3
3101	3
3102	0
3103	3
3104	0
3105	3
3106	1
3107	1
3108	0
3109	0
3110	0
3111	3
3112	0
3113	0
3114	3
3115	0
3116	3
3117	0
3118	3
3119	1
3120	0
3121	3
3122	0
3123	0
3124	0
3125	3
3126	0
3127	0
3128	0
3129	0
3130	3
3131	3
3132	1
3133	0
3134	0
3135	0
3136	0
3137	2
3138	3
3139	0
3140	0
3141	0
3142	0
3143	2
3144	0
3145	3
3146	3
3147	0
3148	1
3149	3
3150	2
3151	3
3152	0
3153	0
3154	0
3155	0
3156	3
3157	0
3158	0
3159	1
3160	0
3161	3
3162	0
3163	3
3164	3
3165	1
3166	0
3167	0
3168	0
3169	3
3170	0
3171	3
3172	0
3173	1
3174	0
3175	1
3176	0
3177	0
3178	2
3179	0
3180	3
3181	2
3182	3
3183	0
3184	1
3185	0
3186	3
3187	2
3188	3
3189	2
3190	0
3191	0
3192	2
3193	0
3194	0
3195	3
3196	3
3197	0
3198	3
3199	1
3200	0
3201	3
3202	3
3203	2
3204	3
3205	2
3206	0
3207	2
3208	0
3209	0
3210	0
3211	3
3212	3
3213	0
3214	0
3215	0
3216	3
3217	3
3218	0
3219	1
3220	3
3221	0
3222	0
3223	0
3224	0
3225	1
3226	0
3227	1
3228	0
3229	3
3230	0
3231	3
3232	0
3233	3
3234	0
3235	3
3236	3
3237	0
3238	3
3239	3
3240	0
3241	0
3242	1
3243	3
3244	1
3245	0
3246	0
3247	3
3248	3
3249	3
3250	0
3251	0
3252	0
3253	2
3254	3
3255	0
3256	0
3257	3
3258	2
3259	3
3260	3
3261	0
3262	0
3263	3
3264	2
3265	0
3266	3
3267	0
3268	0
3269	3
3270	2
3271	0
3272	0
3273	2
3274	0
3275	3
3276	0
3277	2
3278	2
3279	0
3280	0
3281	1
3282	3
3283	3
3284	0
3285	3
3286	1
3287	3
3288	3
3289	0
3290	0
3291	0
3292	0
3293	0
3294	0
3295	3
3296	3
3297	3
3298	0
3299	2
3300	0
3301	3
3302	0
3303	3
3304	0
3305	3
3306	0
3307	3
3308	0
3309	0
3310	0
3311	0
3312	0
3313	3
3314	3
3315	3
3316	3
3317	0
3318	3
3319	3
3320	2
3321	0
3322	3
3323	0
3324	3
3325	0
3326	0
3327	0
3328	0
3329	0
3330	3
3331	0
3332	3
3333	0
3334	0
3335	0
3336	0
3337	0
3338	3
3339	3
3340	0
3341	3
3342	0
3343	0
3344	0
3345	0
3346	3
3347	0
3348	0
3349	0
3350	3
3351	3
3352	0
3353	3
3354	0
3355	3
3356	3
3357	2
3358	0
3359	0
3360	0
3361	3
3362	0
3363	0
3364	1
3365	3
3366	1
3367	3
3368	0
3369	0
3370	3
3371	3
3372	3
3373	3
3374	0
3375	3
3376	3
3377	1
3378	1
3379	0
3380	2
3381	0
3382	0
3383	3
3384	3
3385	3
3386	0
3387	0
3388	3
3389	3
3390	1
3391	0
3392	0
3393	0
3394	0
3395	0
3396	0
3397	3
3398	0
3399	0
3400	0
3401	0
3402	2
3403	3
3404	2
3405	3
3406	3
3407	0
3408	0
3409	0
3410	0
3411	0
3412	0
3413	3
3414	0
3415	0
3416	0
3417	0
3418	3
3419	0
3420	3
3421	3
3422	2
3423	3
3424	1
3425	3
3426	3
3427	3
3428	0
3429	0
3430	1
3431	0
3432	3
3433	0
3434	3
3435	3
3436	3
3437	1
3438	3
3439	0
3440	0
3441	3
3442	2
3443	3
3444	0
3445	0
3446	0
3447	0
3448	3
3449	0
3450	0
3451	0
3452	3
3453	0
3454	1
3455	2
3456	0
3457	3
3458	1
3459	3
3460	2
3461	1
3462	0
3463	0
3464	0
3465	0
3466	3
3467	0
3468	0
3469	3
3470	1
3471	0
3472	3
3473	3
3474	3
3475	0
3476	3
3477	3
3478	0
3479	3
3480	3
3481	3
3482	3
3483	2
3484	2
3485	1
3486	0
3487	0
3488	3
3489	3
3490	3
3491	0
3492	3
3493	0
3494	0
3495	3
3496	0
3497	3
3498	0
3499	0
3500	3
3501	3
3502	1
3503	3
3504	1
3505	3
3506	3
3507	0
3508	0
3509	2
3510	0
3511	3
3512	3
3513	3
3514	0
3515	0
3516	0
3517	3
3518	0
3519	3
3520	3
3521	0
3522	0
3523	0
3524	0
3525	0
3526	0
3527	2
3528	3
3529	0
3530	0
3531	3
3532	3
3533	0
3534	0
3535	0
3536	0
3537	0
3538	3
3539	2
3540	1
3541	0
3542	0
3543	3
3544	3
3545	1
3546	0
3547	0
3548	3
3549	0
3550	0
3551	0
3552	3
3553	3
3554	3
3555	0
3556	3
3557	3
3558	0
3559	0
3560	3
3561	0
3562	0
3563	3
3564	3
3565	3
3566	3
3567	3
3568	3
3569	3
3570	3
3571	0
3572	1
3573	0
3574	0
3575	3
3576	1
3577	0
3578	0
3579	0
3580	0
3581	0
3582	0
3583	0
3584	3
3585	0
3586	0
3587	3
3588	0
3589	3
3590	2
3591	0
3592	2
3593	0
3594	3
3595	3
3596	0
3597	3
3598	3
3599	0
3600	0
3601	2
3602	3
3603	0
3604	0
3605	0
3606	1
3607	3
3608	3
3609	0
3610	3
3611	0
3612	0
3613	0
3614	1
3615	0
3616	3
3617	3
3618	3
3619	1
3620	0
3621	0
3622	1
3623	2
3624	0
3625	2
3626	2
3627	3
3628	0
3629	0
3630	2
3631	3
3632	3
3633	3
3634	0
3635	2
3636	3
3637	0
3638	0
3639	0
3640	3
3641	0
3642	1
3643	3
3644	3
3645	0
3646	2
3647	0
3648	0
3649	3
3650	0
3651	3
3652	0
3653	3
3654	0
3655	0
3656	0
3657	1
3658	2
3659	3
3660	0
3661	2
3662	0
3663	0
3664	3
3665	3
3666	0
3667	0
3668	3
3669	0
3670	3
3671	0
3672	0
3673	1
3674	3
3675	3
3676	3
3677	0
3678	2
3679	3
3680	3
3681	2
3682	0
3683	3
3684	0
3685	3
3686	0
3687	0
3688	0
3689	0
3690	0
3691	3
3692	3
3693	3
3694	3
3695	0
3696	3
3697	0
3698	0
3699	3
3700	0
3701	3
3702	0
3703	0
3704	0
3705	0
3706	0
3707	0
3708	3
3709	0
3710	0
3711	0
3712	2
3713	0
3714	0
3715	0
3716	0
3717	3
3718	3
3719	0
3720	0
3721	0
3722	3
3723	0
3724	3
3725	3
3726	3
3727	1
3728	3
3729	0
3730	0
3731	3
3732	3
3733	2
3734	2
3735	0
3736	0
3737	3
3738	0
3739	3
3740	3
3741	1
3742	0
3743	1
3744	3
3745	0
3746	1
3747	0
3748	0
3749	3
3750	3
3751	0
3752	0
3753	0
3754	0
3755	3
3756	0
3757	3
3758	3
3759	3
3760	3
3761	3
3762	0
3763	3
3764	0
3765	0
3766	0
3767	0
3768	1
3769	0
3770	0
3771	3
3772	3
3773	0
3774	3
3775	3
3776	0
3777	3
3778	3
3779	3
3780	0
3781	0
3782	0
3783	1
3784	3
3785	0
3786	3
3787	0
3788	3
3789	3
3790	1
3791	0
3792	1
3793	2
3794	3
3795	3
3796	3
3797	3
3798	0
3799	0
3800	0
3801	0
3802	0
3803	0
3804	3
3805	3
3806	3
3807	3
3808	0
3809	0
3810	1
3811	2
3812	0
3813	1
3814	0
3815	1
3816	0
3817	0
3818	3
3819	0
3820	3
3821	3
3822	3
3823	0
3824	0
3825	1
3826	3
3827	3
3828	3
3829	3
3830	3
3831	1
3832	0
3833	0
3834	0
3835	0
3836	3
3837	0
3838	0
3839	3
3840	3
3841	0
3842	2
3843	0
3844	0
3845	3
3846	1
3847	0
3848	3
3849	3
3850	2
3851	0
3852	2
3853	0
3854	0
3855	0
3856	0
3857	3
3858	3
3859	0
3860	3
3861	0
3862	3
3863	0
3864	0
3865	2
3866	3
3867	3
3868	1
3869	2
3870	3
3871	0
3872	1
3873	3
3874	0
3875	0
3876	1
3877	3
3878	1
3879	2
3880	3
3881	0
3882	3
3883	3
3884	1
3885	0
3886	3
3887	0
3888	0
3889	2
3890	2
3891	0
3892	0
3893	3
3894	0
3895	3
3896	0
3897	3
3898	3
3899	0
3900	3
3901	3
3902	3
3903	0
3904	0
3905	3
3906	3
3907	3
3908	0
3909	3
3910	0
3911	0
3912	3
3913	0
3914	3
3915	1
3916	0
3917	3
3918	3
3919	0
3920	0
3921	3
3922	0
3923	2
3924	3
3925	3
3926	3
3927	2
3928	0
3929	0
3930	3
3931	1
3932	0
3933	0
3934	3
3935	2
3936	0
3937	1
3938	3
3939	0
3940	0
3941	3
3942	3
3943	0
3944	2
3945	0
3946	0
3947	3
3948	2
3949	3
3950	3
3951	3
3952	0
3953	1
3954	3
3955	3
3956	3
3957	3
3958	3
3959	1
3960	0
3961	3
3962	0
3963	0
3964	2
3965	3
3966	3
3967	0
3968	0
3969	1
3970	3
3971	2
3972	1
3973	3
3974	3
3975	3
3976	0
3977	0
3978	2
3979	0
3980	0
3981	0
3982	0
3983	0
3984	0
3985	0
3986	3
3987	0
3988	0
3989	0
3990	2
3991	0
3992	0
3993	3
3994	0
3995	2
3996	0
3997	0
3998	3
3999	0
4000	0
4001	1
4002	0
4003	3
4004	0
4005	1
4006	1
4007	1
4008	2
4009	0
4010	3
4011	3
4012	3
4013	0
4014	3
4015	3
4016	0
4017	3
4018	2
4019	0
4020	3
4021	0
4022	0
4023	3
4024	3
4025	0
4026	3
4027	3
4028	0
4029	0
4030	0
4031	1
4032	3
4033	3
4034	3
4035	0
4036	2
4037	0
4038	0
4039	1
4040	0
4041	0
4042	3
4043	1
4044	3
4045	3
4046	1
4047	0
4048	3
4049	0
4050	3
4051	3
4052	3
4053	0
4054	0
4055	3
4056	0
4057	0
4058	3
4059	0
4060	2
4061	0
4062	2
4063	2
4064	0
4065	0
4066	3
4067	0
4068	0
4069	2
4070	0
4071	0
4072	0
4073	0
4074	2
4075	3
4076	3
4077	0
4078	3
4079	3
4080	0
4081	0
4082	0
4083	3
4084	0
4085	2
4086	0
4087	0
4088	3
4089	0
4090	0
4091	2
4092	0
4093	2
4094	0
4095	3
4096	3
4097	2
4098	0
4099	2
4100	0
4101	1
4102	0
4103	2
4104	0
4105	0
4106	0
4107	0
4108	0
4109	0
4110	3
4111	3
4112	3
4113	0
4114	3
4115	0
4116	0
4117	0
4118	0
4119	0
4120	3
4121	3
4122	3
4123	0
4124	1
4125	3
4126	3
4127	3
4128	0
4129	3
4130	2
4131	0
4132	0
4133	2
4134	3
4135	0
4136	1
4137	0
4138	3
4139	0
4140	0
4141	3
4142	0
4143	0
4144	2
4145	0
4146	0
4147	0
4148	3
4149	0
4150	0
4151	3
4152	0
4153	0
4154	3
4155	0
4156	3
4157	3
4158	0
4159	3
4160	2
4161	0
4162	0
4163	3
4164	2
4165	2
4166	1
4167	0
4168	3
4169	0
4170	0
4171	0
4172	3
4173	3
4174	0
4175	1
4176	0
4177	0
4178	0
4179	3
4180	0
4181	1
4182	0
4183	0
4184	0
4185	3
4186	0
4187	0
4188	3
4189	3
4190	2
4191	3
4192	0
4193	3
4194	3
4195	0
4196	0
4197	3
4198	0
4199	0
4200	0
4201	0
4202	1
4203	0
4204	0
4205	0
4206	0
4207	0
4208	0
4209	3
4210	0
4211	3
4212	0
4213	0
4214	1
4215	0
4216	3
4217	0
4218	1
4219	3
4220	3
4221	3
4222	0
4223	3
4224	3
4225	3
4226	2
4227	3
4228	0
4229	3
4230	0
4231	3
4232	3
4233	0
4234	0
4235	0
4236	3
4237	0
4238	0
4239	3
4240	3
4241	2
4242	3
4243	3
4244	1
4245	3
4246	0
4247	3
4248	3
4249	3
4250	3
4251	3
4252	0
4253	0
4254	3
4255	3
4256	2
4257	3
4258	3
4259	3
4260	3
4261	2
4262	3
4263	1
4264	0
4265	0
4266	0
4267	0
4268	1
4269	3
4270	3
4271	3
4272	3
4273	3
4274	0
4275	3
4276	3
4277	3
4278	0
4279	0
4280	0
4281	3
4282	0
4283	0
4284	0
4285	0
4286	0
4287	0
4288	3
4289	0
4290	0
4291	3
4292	3
4293	3
4294	0
4295	0
4296	3
4297	0
4298	3
4299	0
4300	3
4301	3
4302	3
4303	0
4304	3
4305	0
4306	0
4307	1
4308	3
4309	2
4310	2
4311	3
4312	0
4313	0
4314	3
4315	0
4316	3
4317	3
4318	0
4319	2
4320	3
4321	3
4322	0
4323	3
4324	3
4325	3
4326	0
4327	0
4328	0
4329	3
4330	0
4331	0
4332	3
4333	3
4334	3
4335	2
4336	3
4337	3
4338	3
4339	3
4340	0
4341	3
4342	0
4343	3
4344	3
4345	2
4346	3
4347	3
4348	0
4349	3
4350	3
4351	3
4352	3
4353	3
4354	2
4355	3
4356	2
4357	0
4358	3
4359	3
4360	0
4361	3
4362	3
4363	0
4364	3
4365	2
4366	3
4367	2
4368	0
4369	0
4370	0
4371	3
4372	0
4373	0
4374	2
4375	3
4376	1
4377	2
4378	0
4379	3
4380	3
4381	3
4382	3
4383	0
4384	3
4385	3
4386	3
4387	1
4388	3
4389	2
4390	0
4391	3
4392	0
4393	3
4394	3
4395	0
4396	3
4397	3
4398	0
4399	3
4400	3
4401	0
4402	2
4403	0
4404	0
4405	3
4406	3
4407	1
4408	1
4409	0
4410	2
4411	3
4412	3
4413	3
4414	3
4415	3
4416	3
4417	0
4418	1
4419	3
4420	3
4421	0
4422	3
4423	0
4424	0
4425	0
4426	0
4427	1
4428	3
4429	0
4430	3
4431	0
4432	0
4433	3
4434	3
4435	3
4436	0
4437	3
4438	0
4439	0
4440	3
4441	3
4442	0
4443	3
4444	3
4445	1
4446	3
4447	0
4448	1
4449	3
4450	0
4451	3
4452	0
4453	3
4454	0
4455	0
4456	0
4457	0
4458	0
4459	1
4460	3
4461	0
4462	3
4463	0
4464	2
4465	0
4466	3
4467	2
4468	0
4469	0
4470	0
4471	2
4472	3
4473	3
4474	0
4475	3
4476	1
4477	3
4478	0
4479	0
4480	0
4481	3
4482	0
4483	3
4484	3
4485	3
4486	0
4487	0
4488	0
4489	0
4490	0
4491	0
4492	3
4493	0
4494	0
4495	3
4496	0
4497	3
4498	0
4499	3
4500	0
4501	3
4502	0
4503	3
4504	3
4505	0
4506	0
4507	1
4508	1
4509	3
4510	3
4511	3
4512	0
4513	0
4514	0
4515	3
4516	0
4517	3
4518	2
4519	3
4520	0
4521	0
4522	0
4523	2
4524	3
4525	3
4526	3
4527	3
4528	3
4529	0
4530	3
4531	0
4532	3
4533	3
4534	2
4535	3
4536	0
4537	1
4538	3
4539	3
4540	3
4541	0
4542	3
4543	3
4544	3
4545	0
4546	1
4547	3
4548	0
4549	3
4550	3
4551	0
4552	0
4553	3
4554	3
4555	0
4556	3
4557	2
4558	0
4559	3
4560	3
4561	3
4562	2
4563	3
4564	0
4565	3
4566	0
4567	0
4568	3
4569	3
4570	2
4571	0
4572	3
4573	1
4574	3
4575	3
4576	3
4577	2
4578	0
4579	3
4580	1
4581	3
4582	3
4583	2
4584	2
4585	3
4586	2
4587	3
4588	3
4589	3
4590	3
4591	3
4592	3
4593	0
4594	3
4595	0
4596	0
4597	0
4598	2
4599	0
4600	2
4601	0
4602	0
4603	0
4604	1
4605	3
4606	3
4607	3
4608	0
4609	3
4610	3
4611	0
4612	0
4613	3
4614	0
4615	3
4616	3
4617	0
4618	0
4619	0
4620	0
4621	0
4622	3
4623	3
4624	0
4625	0
4626	3
4627	1
4628	3
4629	0
4630	0
4631	3
4632	3
4633	3
4634	0
4635	2
4636	0
4637	0
4638	3
4639	3
4640	0
4641	0
4642	3
4643	0
4644	2
4645	3
4646	2
4647	3
4648	2
4649	3
4650	1
4651	0
4652	3
4653	3
4654	2
4655	3
4656	0
4657	0
4658	2
4659	0
4660	0
4661	3
4662	3
4663	0
4664	0
4665	0
4666	0
4667	0
4668	0
4669	0
4670	0
4671	1
4672	3
4673	2
4674	0
4675	0
4676	0
4677	3
4678	3
4679	3
4680	3
4681	0
4682	0
4683	3
4684	0
4685	2
4686	3
4687	0
4688	2
4689	2
4690	0
4691	3
4692	0
4693	0
4694	0
4695	3
4696	3
4697	0
4698	0
4699	2
4700	3
4701	0
4702	0
4703	3
4704	3
4705	0
4706	3
4707	0
4708	0
4709	3
4710	3
4711	1
4712	0
4713	0
4714	0
4715	0
4716	3
4717	2
4718	1
4719	1
4720	3
4721	0
4722	0
4723	3
4724	3
4725	0
4726	0
4727	3
4728	0
4729	3
4730	3
4731	3
4732	3
4733	0
4734	0
4735	0
4736	3
4737	0
4738	0
4739	0
4740	3
4741	3
4742	1
4743	3
4744	0
4745	3
4746	0
4747	3
4748	0
4749	2
4750	3
4751	0
4752	1
4753	0
4754	0
4755	0
4756	0
4757	0
4758	3
4759	2
4760	1
4761	3
4762	3
4763	0
4764	0
4765	0
4766	0
4767	3
4768	3
4769	0
4770	0
4771	0
4772	3
4773	0
4774	3
4775	1
4776	3
4777	3
4778	3
4779	3
4780	0
4781	0
4782	0
4783	1
4784	0
4785	0
4786	2
4787	0
4788	3
4789	0
4790	2
4791	3
4792	0
4793	3
4794	0
4795	1
4796	3
4797	0
4798	0
4799	1
4800	2
4801	0
4802	0
4803	3
4804	1
4805	3
4806	3
4807	0
4808	0
4809	0
4810	1
4811	0
4812	0
4813	2
4814	0
4815	0
4816	2
4817	0
4818	3
4819	1
4820	2
4821	1
4822	2
4823	3
4824	0
4825	3
4826	3
4827	0
4828	0
4829	0
4830	3
4831	3
4832	2
4833	3
4834	3
4835	3
4836	3
4837	2
4838	3
4839	0
4840	0
4841	0
4842	1
4843	0
4844	2
4845	3
4846	3
4847	3
4848	2
4849	1
4850	1
4851	0
4852	3
4853	0
4854	0
4855	1
4856	3
4857	1
4858	3
4859	1
4860	3
4861	3
4862	3
4863	3
4864	0
4865	3
4866	3
4867	0
4868	3
4869	2
4870	0
4871	3
4872	0
4873	3
4874	3
4875	0
4876	2
4877	2
4878	2
4879	3
4880	3
4881	3
4882	1
4883	2
4884	3
4885	3
4886	0
4887	0
4888	3
4889	0
4890	0
4891	0
4892	3
4893	0
4894	0
4895	3
4896	3
4897	3
4898	2
4899	0
4900	0
4901	3
4902	0
4903	3
4904	0
4905	3
4906	0
4907	0
4908	3
4909	0
4910	3
4911	2
4912	0
4913	3
4914	0
4915	3
4916	3
4917	3
4918	3
4919	3
4920	3
4921	3
4922	0
4923	1
4924	3
4925	0
4926	0
4927	0
4928	1
4929	1
4930	2
4931	0
4932	1
4933	0
4934	3
4935	0
4936	0
4937	3
4938	3
4939	3
4940	3
4941	0
4942	3
4943	3
4944	1
4945	0
4946	3
4947	2
4948	1
4949	3
4950	0
4951	3
4952	0
4953	3
4954	2
4955	1
4956	0
4957	0
4958	0
4959	3
4960	3
4961	0
4962	0
4963	3
4964	3
4965	2
4966	0
4967	3
4968	0
4969	0
4970	3
4971	0
4972	3
4973	0
4974	0
4975	0
4976	0
4977	0
4978	0
4979	0
4980	3
4981	3
4982	0
4983	0
4984	0
4985	3
4986	3
4987	3
4988	3
4989	0
4990	3
4991	3
4992	3
4993	3
4994	1
4995	0
4996	3
4997	0
4998	0
4999	3
5000	3
5001	3
5002	2
5003	0
5004	2
5005	3
5006	3
5007	0
5008	3
5009	1
5010	3
5011	3
5012	3
5013	3
5014	0
5015	3
5016	3
5017	3
5018	0
5019	3
5020	3
5021	3
5022	3
5023	0
5024	3
5025	0
5026	3
5027	0
5028	0
5029	0
5030	0
5031	3
5032	1
5033	3
5034	3
5035	3
5036	0
5037	3
5038	0
5039	0
5040	3
5041	0
5042	3
5043	0
5044	0
5045	0
5046	3
5047	2
5048	0
5049	3
5050	3
5051	3
5052	0
5053	3
5054	0
5055	2
5056	1
5057	3
5058	3
5059	0
5060	3
5061	1
5062	2
5063	3
5064	0
5065	0
5066	0
5067	3
5068	3
5069	2
5070	3
5071	0
5072	3
5073	1
5074	3
5075	3
5076	3
5077	0
5078	3
5079	3
5080	0
5081	3
5082	3
5083	0
5084	2
5085	0
5086	3
5087	1
5088	3
5089	3
5090	0
5091	0
5092	3
5093	0
5094	0
5095	1
5096	0
5097	0
5098	0
5099	3
5100	0
5101	3
5102	3
5103	3
5104	1
5105	3
5106	0
5107	3
5108	0
5109	3
5110	0
5111	3
5112	0
5113	0
5114	3
5115	3
5116	3
5117	1
5118	0
5119	0
5120	0
5121	0
5122	0
5123	3
5124	3
5125	3
5126	3
5127	0
5128	1
5129	0
5130	3
5131	3
5132	0
5133	0
5134	0
5135	3
5136	0
5137	1
5138	0
5139	3
5140	0
5141	3
5142	0
5143	3
5144	3
5145	1
5146	3
5147	0
5148	3
5149	0
5150	0
5151	3
5152	0
5153	2
5154	0
5155	1
5156	0
5157	3
5158	0
5159	3
5160	1
5161	0
5162	3
5163	0
5164	3
5165	0
5166	0
5167	3
5168	0
5169	3
5170	0
5171	3
5172	1
5173	3
5174	3
5175	2
5176	2
5177	3
5178	3
5179	3
5180	3
5181	0
5182	2
5183	3
5184	2
5185	3
5186	0
5187	3
5188	0
5189	3
5190	0
5191	2
5192	3
5193	0
5194	3
5195	2
5196	1
5197	3
5198	3
5199	3
5200	0
5201	3
5202	0
5203	0
5204	3
5205	3
5206	0
5207	3
5208	3
5209	0
5210	2
5211	3
5212	0
5213	3
5214	2
5215	0
5216	0
5217	1
5218	0
5219	3
5220	0
5221	0
5222	1
5223	2
5224	0
5225	0
5226	0
5227	2
5228	3
5229	0
5230	3
5231	0
5232	0
5233	1
5234	0
5235	3
5236	1
5237	0
5238	3
5239	3
5240	3
5241	0
5242	0
5243	0
5244	0
5245	0
5246	1
5247	0
5248	0
5249	3
5250	0
5251	0
5252	0
5253	3
5254	0
5255	3
5256	3
5257	3
5258	3
5259	1
5260	3
5261	0
5262	0
5263	3
5264	3
5265	0
5266	0
5267	0
5268	0
5269	3
5270	0
5271	0
5272	3
5273	0
5274	1
5275	0
5276	0
5277	0
5278	0
5279	3
5280	0
5281	0
5282	0
5283	3
5284	0
5285	3
5286	0
5287	0
5288	2
5289	0
5290	3
5291	3
5292	1
5293	0
5294	2
5295	1
5296	3
5297	0
5298	0
5299	3
5300	2
5301	3
5302	2
5303	0
5304	0
5305	0
5306	0
5307	3
5308	0
5309	0
5310	3
5311	0
5312	2
5313	3
5314	1
5315	0
5316	3
5317	2
5318	0
5319	3
5320	3
5321	0
5322	3
5323	3
5324	3
5325	1
5326	0
5327	3
5328	3
5329	3
5330	0
5331	3
5332	0
5333	0
5334	3
5335	2
5336	3
5337	2
5338	0
5339	0
5340	1
5341	3
5342	0
5343	0
5344	3
5345	0
5346	0
5347	3
5348	0
5349	3
5350	0
5351	2
5352	3
5353	3
5354	3
5355	0
5356	0
5357	0
5358	0
5359	3
5360	3
5361	0
5362	0
5363	3
5364	0
5365	3
5366	3
5367	0
5368	3
5369	3
5370	0
5371	1
5372	3
5373	3
5374	0
5375	3
5376	3
5377	0
5378	0
5379	0
5380	3
5381	3
5382	3
5383	3
5384	0
5385	1
5386	3
5387	0
5388	3
5389	0
5390	0
5391	3
5392	3
5393	0
5394	0
5395	3
5396	3
5397	3
5398	0
5399	3
5400	3
5401	0
5402	0
5403	0
5404	3
5405	3
5406	3
5407	3
5408	0
5409	0
5410	3
5411	0
5412	3
5413	3
5414	0
5415	3
5416	0
5417	0
5418	1
5419	3
5420	3
5421	3
5422	0
5423	3
5424	1
5425	3
5426	0
5427	0
5428	3
5429	3
5430	3
5431	0
5432	3
5433	0
5434	2
5435	3
5436	3
5437	0
5438	0
5439	3
5440	3
5441	0
5442	1
5443	0
5444	3
5445	0
5446	0
5447	3
5448	3
5449	0
5450	1
5451	0
5452	0
5453	0
5454	0
5455	3
5456	2
5457	3
5458	0
5459	3
5460	0
5461	1
5462	0
5463	1
5464	3
5465	3
5466	2
5467	0
5468	0
5469	3
5470	0
5471	0
5472	0
5473	0
5474	0
5475	3
5476	0
5477	3
5478	1
5479	0
5480	3
5481	0
5482	0
5483	0
5484	0
5485	0
5486	0
5487	3
5488	1
5489	3
5490	0
5491	1
5492	1
5493	0
5494	1
5495	1
5496	3
5497	3
5498	0
5499	0
5500	0
5501	3
5502	3
5503	3
5504	0
5505	2
5506	0
5507	3
5508	3
5509	1
5510	0
5511	3
5512	0
5513	1
5514	0
5515	1
5516	3
5517	0
5518	0
5519	0
5520	0
5521	3
5522	0
5523	0
5524	3
5525	3
5526	3
5527	0
5528	3
5529	0
5530	0
5531	3
5532	0
5533	0
5534	3
5535	3
5536	0
5537	0
5538	0
5539	3
5540	0
5541	2
5542	2
5543	3
5544	3
5545	2
5546	0
5547	0
5548	3
5549	3
5550	0
5551	0
5552	3
5553	0
5554	3
5555	0
5556	2
5557	3
5558	3
5559	3
5560	0
5561	3
5562	3
5563	3
5564	0
5565	3
5566	2
5567	0
5568	3
5569	0
5570	0
5571	3
5572	0
5573	3
5574	1
5575	0
5576	3
5577	3
5578	3
5579	0
5580	0
5581	0
5582	3
5583	3
5584	3
5585	1
5586	0
5587	3
5588	0
5589	3
5590	0
5591	0
5592	3
5593	3
5594	1
5595	1
5596	3
5597	3
5598	3
5599	1
5600	3
5601	0
5602	0
5603	3
5604	0
5605	3
5606	3
5607	1
5608	0
5609	0
5610	0
5611	3
5612	3
5613	3
5614	0
5615	0
5616	3
5617	2
5618	0
5619	3
5620	3
5621	2
5622	3
5623	0
5624	3
5625	3
5626	0
5627	0
5628	0
5629	2
5630	0
5631	3
5632	0
5633	1
5634	0
5635	3
5636	0
5637	3
5638	2
5639	0
5640	3
5641	0
5642	2
5643	3
5644	0
5645	0
5646	0
5647	0
5648	0
5649	3
5650	0
5651	3
5652	3
5653	3
5654	0
5655	3
5656	1
5657	0
5658	0
5659	3
5660	3
5661	3
5662	1
5663	0
5664	0
5665	3
5666	0
5667	3
5668	3
5669	1
5670	2
5671	3
5672	3
5673	0
5674	0
5675	3
5676	3
5677	0
5678	3
5679	1
5680	0
5681	0
5682	0
5683	3
5684	3
5685	3
5686	0
5687	0
5688	0
5689	3
5690	0
5691	0
5692	3
5693	0
5694	1
5695	2
5696	2
5697	0
5698	0
5699	0
5700	0
5701	3
5702	3
5703	3
5704	0
5705	0
5706	2
5707	3
5708	3
5709	3
5710	0
5711	1
5712	3
5713	1
5714	0
5715	2
5716	0
5717	3
5718	0
5719	3
5720	0
5721	1
5722	0
5723	0
5724	1
5725	3
5726	0
5727	1
5728	3
5729	0
5730	1
5731	0
5732	0
5733	3
5734	0
5735	3
5736	0
5737	0
5738	1
5739	3
5740	3
5741	0
5742	0
5743	0
5744	0
5745	0
5746	3
5747	0
5748	0
5749	3
5750	2
5751	3
5752	3
5753	3
5754	0
5755	3
5756	3
5757	3
5758	3
5759	0
5760	0
5761	0
5762	0
5763	3
5764	0
5765	0
5766	0
5767	3
5768	3
5769	3
5770	0
5771	0
5772	0
5773	0
5774	3
5775	0
5776	3
5777	1
5778	0
5779	3
5780	0
5781	2
5782	1
5783	2
5784	0
5785	2
5786	3
5787	3
5788	3
5789	1
5790	0
5791	3
5792	3
5793	1
5794	0
5795	3
5796	0
5797	0
5798	3
5799	0
5800	0
5801	3
5802	0
5803	0
5804	3
5805	0
5806	2
5807	2
5808	3
5809	0
5810	0
5811	0
5812	0
5813	3
5814	0
5815	3
5816	0
5817	0
5818	0
5819	0
5820	0
5821	0
5822	2
5823	0
5824	3
5825	2
5826	0
5827	3
5828	1
5829	3
5830	3
5831	1
5832	3
5833	3
5834	0
5835	3
5836	0
5837	3
5838	3
5839	0
5840	0
5841	1
5842	0
5843	2
5844	0
5845	1
5846	0
5847	3
5848	3
5849	0
5850	0
5851	3
5852	0
5853	0
5854	3
5855	3
5856	3
5857	3
5858	3
5859	3
5860	0
5861	2
5862	3
5863	3
5864	0
5865	0
5866	0
5867	3
5868	2
5869	3
5870	0
5871	0
5872	0
5873	0
5874	0
5875	3
5876	1
5877	0
5878	0
5879	0
5880	3
5881	1
5882	3
5883	2
5884	0
5885	0
5886	0
5887	0
5888	1
5889	3
5890	0
5891	3
5892	0
5893	2
5894	0
5895	0
5896	0
5897	2
5898	0
5899	0
5900	2
5901	3
5902	0
5903	3
5904	3
5905	3
5906	0
5907	3
5908	0
5909	2
5910	0
5911	3
5912	3
5913	3
5914	0
5915	0
5916	3
5917	1
5918	0
5919	0
5920	0
5921	0
5922	0
5923	1
5924	0
5925	3
5926	1
5927	0
5928	0
5929	3
5930	0
5931	3
5932	0
5933	0
5934	0
5935	0
5936	0
5937	0
5938	1
5939	1
5940	1
5941	3
5942	2
5943	2
5944	0
5945	0
5946	0
5947	3
5948	3
5949	0
5950	2
5951	0
5952	0
5953	3
5954	0
5955	3
5956	0
5957	0
5958	0
5959	0
5960	0
5961	0
5962	1
5963	0
5964	0
5965	0
5966	2
5967	0
5968	3
5969	0
5970	0
5971	3
5972	0
5973	1
5974	0
5975	0
5976	0
5977	3
5978	3
5979	0
5980	2
5981	0
5982	2
5983	1
5984	0
5985	0
5986	0
5987	0
5988	3
5989	0
5990	3
5991	3
5992	3
5993	0
5994	0
5995	3
5996	3
5997	0
5998	3
5999	0
6000	2
6001	3
6002	0
6003	0
6004	0
6005	1
6006	0
6007	3
6008	0
6009	2
6010	3
6011	3
6012	3
6013	0
6014	0
6015	0
6016	0
6017	0
6018	3
6019	3
6020	0
6021	3
6022	1
6023	3
6024	0
6025	3
6026	0
6027	0
6028	3
6029	2
6030	3
6031	3
6032	3
6033	0
6034	0
6035	0
6036	0
6037	0
6038	0
6039	0
6040	2
6041	3
6042	3
6043	0
6044	1
6045	2
6046	3
6047	0
6048	0
6049	0
6050	0
6051	0
6052	0
6053	1
6054	0
6055	3
6056	3
6057	3
6058	3
6059	3
6060	0
6061	0
6062	3
6063	3
6064	3
6065	0
6066	0
6067	2
6068	0
6069	0
6070	0
6071	0
6072	1
6073	0
6074	3
6075	0
6076	3
6077	3
6078	0
6079	3
6080	0
6081	0
6082	0
6083	0
6084	0
6085	3
6086	0
6087	3
6088	2
6089	0
6090	0
6091	0
6092	2
6093	0
6094	3
6095	1
6096	0
6097	0
6098	0
6099	3
6100	0
6101	1
6102	2
6103	0
6104	0
6105	2
6106	0
6107	0
6108	0
6109	0
6110	3
6111	3
6112	0
6113	3
6114	0
6115	3
6116	0
6117	3
6118	0
6119	3
6120	3
6121	0
6122	0
6123	0
6124	0
6125	0
6126	2
6127	0
6128	0
6129	2
6130	0
6131	3
6132	1
6133	0
6134	3
6135	3
6136	3
6137	0
6138	3
6139	0
6140	3
6141	3
6142	0
6143	3
6144	3
6145	0
6146	0
6147	3
6148	3
6149	3
6150	0
6151	3
6152	3
6153	0
6154	0
6155	2
6156	2
6157	0
6158	0
6159	1
6160	0
6161	0
6162	0
6163	3
6164	2
6165	3
6166	0
6167	3
6168	3
6169	0
6170	0
6171	1
6172	2
6173	3
6174	3
6175	0
6176	0
6177	3
6178	1
6179	3
6180	3
6181	0
6182	0
6183	3
6184	0
6185	0
6186	0
6187	0
6188	3
6189	3
6190	0
6191	3
6192	0
6193	1
6194	2
6195	3
6196	3
6197	3
6198	0
6199	0
6200	0
6201	0
6202	3
6203	0
6204	1
6205	3
6206	0
6207	1
6208	0
6209	0
6210	0
6211	2
6212	2
6213	0
6214	3
6215	3
6216	0
6217	0
6218	3
6219	1
6220	3
6221	3
6222	0
6223	3
6224	2
6225	3
6226	1
6227	0
6228	0
6229	0
6230	0
6231	0
6232	2
6233	0
6234	2
6235	0
6236	3
6237	3
6238	0
6239	3
6240	0
6241	3
6242	3
6243	3
6244	0
6245	0
6246	0
6247	0
6248	2
6249	3
6250	3
6251	0
6252	3
6253	3
6254	0
6255	3
6256	1
6257	0
6258	0
6259	3
6260	0
6261	0
6262	0
6263	1
6264	2
6265	3
6266	3
6267	3
6268	3
6269	2
6270	1
6271	3
6272	3
6273	0
6274	0
6275	3
6276	3
6277	3
6278	1
6279	3
6280	0
6281	0
6282	3
6283	1
6284	3
6285	3
6286	3
6287	1
6288	3
6289	0
6290	3
6291	0
6292	3
6293	0
6294	2
6295	0
6296	1
6297	0
6298	3
6299	3
6300	3
6301	3
6302	0
6303	2
6304	0
6305	3
6306	3
6307	0
6308	3
6309	0
6310	0
6311	0
6312	0
6313	0
6314	0
6315	0
6316	3
6317	0
6318	3
6319	3
6320	1
6321	3
6322	0
6323	3
6324	3
6325	0
6326	3
6327	0
6328	0
6329	0
6330	3
6331	3
6332	3
6333	1
6334	3
6335	0
6336	0
6337	3
6338	0
6339	3
6340	3
6341	3
6342	0
6343	3
6344	0
6345	0
6346	2
6347	0
6348	0
6349	3
6350	3
6351	1
6352	3
6353	3
6354	0
6355	0
6356	0
6357	3
6358	0
6359	0
6360	0
6361	3
6362	0
6363	3
6364	3
6365	3
6366	0
6367	3
6368	3
6369	0
6370	3
6371	2
6372	1
6373	2
6374	3
6375	0
6376	3
6377	3
6378	0
6379	0
6380	0
6381	2
6382	2
6383	1
6384	3
6385	3
6386	0
6387	0
6388	0
6389	3
6390	0
6391	3
6392	1
6393	1
6394	0
6395	3
6396	3
6397	3
6398	0
6399	3
6400	3
6401	3
6402	0
6403	0
6404	2
6405	0
6406	3
6407	1
6408	0
6409	3
6410	3
6411	0
6412	1
6413	0
6414	0
6415	0
6416	1
6417	0
6418	0
6419	3
6420	0
6421	0
6422	3
6423	0
6424	3
6425	0
6426	3
6427	0
6428	0
6429	3
6430	0
6431	0
6432	0
6433	0
6434	0
6435	0
6436	0
6437	0
6438	3
6439	3
6440	0
6441	0
6442	3
6443	0
6444	3
6445	3
6446	0
6447	0
6448	0
6449	0
6450	0
6451	0
6452	3
6453	0
6454	3
6455	3
6456	3
6457	3
6458	0
6459	0
6460	3
6461	3
6462	0
6463	0
6464	3
6465	0
6466	0
6467	3
6468	0
6469	2
6470	3
6471	3
6472	0
6473	0
6474	1
6475	0
6476	3
6477	0
6478	3
6479	0
6480	0
6481	0
6482	0
6483	0
6484	0
6485	3
6486	3
6487	3
6488	1
6489	0
6490	3
6491	0
6492	3
6493	1
6494	3
6495	3
6496	0
6497	0
6498	0
6499	3
6500	3
6501	0
6502	0
6503	2
6504	3
6505	1
6506	0
6507	2
6508	3
6509	0
6510	3
6511	0
6512	0
6513	3
6514	2
6515	0
6516	3
6517	1
6518	2
6519	3
6520	0
6521	3
6522	0
6523	1
6524	0
6525	1
6526	0
6527	3
6528	3
6529	3
6530	0
6531	0
6532	3
6533	0
6534	0
6535	3
6536	1
6537	2
6538	0
6539	0
6540	3
6541	3
6542	3
6543	0
6544	1
6545	3
6546	0
6547	0
6548	3
6549	0
6550	0
6551	3
6552	0
6553	2
6554	1
6555	1
6556	3
6557	3
6558	0
6559	3
6560	3
6561	3
6562	3
6563	2
6564	3
6565	0
6566	0
6567	3
6568	3
6569	0
6570	2
6571	2
6572	0
6573	0
6574	0
6575	0
6576	3
6577	0
6578	0
6579	3
6580	2
6581	0
6582	1
6583	3
6584	3
6585	0
6586	3
6587	0
6588	0
6589	0
6590	1
6591	3
6592	0
6593	0
6594	3
6595	0
6596	0
6597	0
6598	3
6599	1
6600	3
6601	3
6602	0
6603	3
6604	0
6605	3
6606	3
6607	0
6608	3
6609	0
6610	0
6611	2
6612	3
6613	3
6614	3
6615	0
6616	3
6617	0
6618	0
6619	0
6620	1
6621	3
6622	3
6623	0
6624	3
6625	2
6626	0
6627	1
6628	3
6629	0
6630	3
6631	3
6632	0
6633	3
6634	0
6635	0
6636	0
6637	0
6638	0
6639	0
6640	3
6641	2
6642	0
6643	0
6644	3
6645	0
6646	2
6647	2
6648	0
6649	0
6650	0
6651	0
6652	3
6653	3
6654	0
6655	2
6656	0
6657	3
6658	0
6659	0
6660	0
6661	0
6662	1
6663	3
6664	0
6665	3
6666	3
6667	0
6668	0
6669	3
6670	3
6671	3
6672	3
6673	2
6674	3
6675	0
6676	0
6677	0
6678	3
6679	2
6680	0
6681	3
6682	0
6683	0
6684	0
6685	3
6686	0
6687	0
6688	0
6689	3
6690	3
6691	3
6692	0
6693	0
6694	2
6695	2
6696	0
6697	0
6698	3
6699	0
6700	0
6701	0
6702	0
6703	0
6704	0
6705	3
6706	3
6707	0
6708	2
6709	3
6710	3
6711	3
6712	0
6713	0
6714	0
6715	0
6716	0
6717	3
6718	3
6719	0
6720	1
6721	3
6722	0
6723	1
6724	0
6725	0
6726	3
6727	3
6728	3
6729	0
6730	0
6731	3
6732	3
6733	0
6734	0
6735	1
6736	3
6737	3
6738	1
6739	0
6740	0
6741	0
6742	0
6743	0
6744	3
6745	1
6746	1
6747	3
6748	3
6749	3
6750	0
6751	0
6752	3
6753	1
6754	0
6755	3
6756	0
6757	0
6758	3
6759	3
6760	3
6761	0
6762	0
6763	0
6764	0
6765	3
6766	1
6767	3
6768	3
6769	0
6770	3
6771	3
6772	3
6773	0
6774	2
6775	3
6776	3
6777	3
6778	0
6779	3
6780	3
6781	3
6782	0
6783	0
6784	1
6785	3
6786	0
6787	0
6788	3
6789	0
6790	0
6791	2
6792	3
6793	0
6794	3
6795	1
6796	3
6797	3
6798	0
6799	2
6800	0
6801	0
6802	3
6803	0
6804	0
6805	2
6806	0
6807	3
6808	0
6809	0
6810	3
6811	3
6812	3
6813	1
6814	0
6815	3
6816	0
6817	2
6818	2
6819	0
6820	0
6821	3
6822	0
6823	3
6824	0
6825	3
6826	0
6827	1
6828	2
6829	0
6830	0
6831	0
6832	3
6833	0
6834	0
6835	3
6836	0
6837	0
6838	0
6839	3
6840	3
6841	0
6842	3
6843	3
6844	0
6845	0
6846	2
6847	3
6848	3
6849	3
6850	3
6851	0
6852	3
6853	3
6854	1
6855	3
6856	3
6857	3
6858	3
6859	3
6860	2
6861	3
6862	0
6863	0
6864	3
6865	3
6866	3
6867	0
6868	0
6869	0
6870	3
6871	3
6872	3
6873	0
6874	3
6875	0
6876	3
6877	3
6878	0
6879	3
6880	3
6881	3
6882	3
6883	0
6884	0
6885	0
6886	3
6887	3
6888	3
6889	0
6890	0
6891	1
6892	3
6893	0
6894	3
6895	0
6896	0
6897	0
6898	1
6899	1
6900	2
6901	0
6902	0
6903	2
6904	3
6905	3
6906	2
6907	0
6908	0
6909	0
6910	0
6911	0
6912	3
6913	0
6914	0
6915	0
6916	3
6917	3
6918	0
6919	0
6920	0
6921	3
6922	3
6923	3
6924	0
6925	3
6926	3
6927	1
6928	3
6929	1
6930	0
6931	0
6932	0
6933	0
6934	0
6935	3
6936	0
6937	3
6938	0
6939	0
6940	3
6941	3
6942	1
6943	0
6944	3
6945	3
6946	0
6947	0
6948	3
6949	3
6950	0
6951	0
6952	2
6953	0
6954	3
6955	2
6956	0
6957	3
6958	0
6959	0
6960	3
6961	0
6962	3
6963	0
6964	3
6965	3
6966	0
6967	0
6968	3
6969	3
6970	0
6971	2
6972	3
6973	1
6974	3
6975	0
6976	3
6977	0
6978	0
6979	0
6980	0
6981	0
6982	3
6983	0
6984	0
6985	1
6986	3
6987	3
6988	1
6989	1
6990	3
6991	3
6992	0
6993	3
6994	0
6995	0
6996	0
6997	1
6998	0
6999	3
7000	0
7001	0
7002	3
7003	3
7004	3
7005	1
7006	0
7007	0
7008	1
7009	0
7010	3
7011	1
7012	1
7013	0
7014	3
7015	0
7016	2
7017	3
7018	3
7019	3
7020	3
7021	0
7022	3
7023	3
7024	0
7025	1
7026	0
7027	0
7028	2
7029	3
7030	3
7031	0
7032	2
7033	0
7034	0
7035	1
7036	3
7037	0
7038	3
7039	3
7040	0
7041	0
7042	0
7043	3
7044	2
7045	3
7046	0
7047	3
7048	2
7049	3
7050	3
7051	3
7052	3
7053	0
7054	0
7055	0
7056	0
7057	0
7058	3
7059	0
7060	0
7061	0
7062	3
7063	0
7064	0
7065	0
7066	3
7067	0
7068	3
7069	0
7070	3
7071	0
7072	1
7073	1
7074	0
7075	2
7076	3
7077	0
7078	3
7079	2
7080	3
7081	0
7082	3
7083	2
7084	3
7085	3
7086	3
7087	3
7088	0
7089	0
7090	0
7091	1
7092	3
7093	0
7094	0
7095	0
7096	3
7097	0
7098	3
7099	0
7100	3
7101	1
7102	3
7103	3
7104	1
7105	3
7106	3
7107	1
7108	0
7109	3
7110	0
7111	3
7112	3
7113	3
7114	3
7115	2
7116	3
7117	1
7118	2
7119	2
7120	0
7121	1
7122	1
7123	0
7124	0
7125	1
7126	0
7127	3
7128	0
7129	0
7130	3
7131	3
7132	3
7133	0
7134	1
7135	0
7136	3
7137	0
7138	3
7139	2
7140	0
7141	1
7142	0
7143	0
7144	1
7145	0
7146	0
7147	0
7148	3
7149	3
7150	3
7151	2
7152	1
7153	0
7154	1
7155	3
7156	0
7157	3
7158	3
7159	3
7160	0
7161	1
7162	1
7163	3
7164	1
7165	3
7166	0
7167	2
7168	0
7169	3
7170	3
7171	0
7172	3
7173	0
7174	3
7175	0
7176	3
7177	1
7178	3
7179	2
7180	0
7181	0
7182	0
7183	0
7184	0
7185	0
7186	3
7187	0
7188	2
7189	2
7190	2
7191	1
7192	0
7193	3
7194	3
7195	2
7196	3
7197	2
7198	3
7199	3
7200	0
7201	3
7202	0
7203	0
7204	3
7205	0
7206	3
7207	3
7208	0
7209	3
7210	0
7211	3
7212	2
7213	2
7214	0
7215	0
7216	0
7217	0
7218	0
7219	3
7220	2
7221	0
7222	3
7223	0
7224	1
7225	0
7226	2
7227	0
7228	3
7229	1
7230	3
7231	0
7232	2
7233	0
7234	0
7235	3
7236	0
7237	3
7238	3
7239	0
7240	3
7241	3
7242	0
7243	3
7244	0
7245	3
7246	3
7247	0
7248	0
7249	3
7250	0
7251	2
7252	3
7253	0
7254	0
7255	0
7256	3
7257	0
7258	3
7259	3
7260	0
7261	3
7262	3
7263	3
7264	3
7265	3
7266	0
7267	3
7268	3
7269	3
7270	3
7271	2
7272	0
7273	0
7274	0
7275	2
7276	0
7277	3
7278	3
7279	0
7280	0
7281	0
7282	3
7283	2
7284	3
7285	0
7286	0
7287	0
7288	0
7289	3
7290	0
7291	3
7292	0
7293	0
7294	3
7295	0
7296	0
7297	3
7298	2
7299	3
7300	3
7301	0
7302	3
7303	2
7304	0
7305	3
7306	3
7307	3
7308	0
7309	2
7310	3
7311	3
7312	3
7313	0
7314	3
7315	1
7316	0
7317	0
7318	3
7319	2
7320	3
7321	2
7322	3
7323	2
7324	0
7325	3
7326	3
7327	3
7328	0
7329	2
7330	3
7331	3
7332	3
7333	1
7334	1
7335	3
7336	0
7337	3
7338	3
7339	0
7340	0
7341	0
7342	3
7343	3
7344	0
7345	3
7346	0
7347	0
7348	0
7349	0
7350	2
7351	0
7352	3
7353	0
7354	3
7355	0
7356	0
7357	1
7358	3
7359	3
7360	1
7361	2
7362	3
7363	3
7364	0
7365	0
7366	0
7367	0
7368	1
7369	1
7370	0
7371	0
7372	0
7373	3
7374	2
7375	3
7376	0
7377	3
7378	0
7379	2
7380	3
7381	0
7382	0
7383	2
7384	1
7385	1
7386	3
7387	3
7388	0
7389	0
7390	1
7391	3
7392	0
7393	0
7394	3
7395	1
7396	0
7397	3
7398	1
7399	0
7400	1
7401	0
7402	3
7403	0
7404	3
7405	3
7406	0
7407	3
7408	0
7409	3
7410	0
7411	0
7412	0
7413	0
7414	0
7415	2
7416	1
7417	3
7418	3
7419	0
7420	3
7421	1
7422	3
7423	3
7424	0
7425	0
7426	0
7427	3
7428	3
7429	2
7430	0
7431	3
7432	3
7433	0
7434	0
7435	0
7436	0
7437	0
7438	3
7439	3
7440	0
7441	0
7442	3
7443	3
7444	0
7445	0
7446	0
7447	2
7448	3
7449	0
7450	3
7451	0
7452	1
7453	0
7454	0
7455	0
7456	0
7457	0
7458	0
7459	0
7460	3
7461	0
7462	3
7463	2
7464	0
7465	0
7466	3
7467	0
7468	0
7469	0
7470	3
7471	0
7472	0
7473	3
7474	0
7475	1
7476	3
7477	3
7478	3
7479	0
7480	0
7481	3
7482	0
7483	0
7484	0
7485	3
7486	0
7487	3
7488	3
7489	2
7490	3
7491	3
7492	1
7493	3
7494	0
7495	0
7496	3
7497	0
7498	0
7499	0
7500	0
7501	2
7502	0
7503	3
7504	0
7505	3
7506	1
7507	0
7508	1
7509	3
7510	3
7511	0
7512	2
7513	1
7514	0
7515	3
7516	3
7517	0
7518	3
7519	1
7520	0
7521	3
7522	0
7523	2
7524	2
7525	2
7526	0
7527	0
7528	3
7529	3
7530	2
7531	3
7532	3
7533	0
7534	0
7535	2
7536	0
7537	3
7538	0
7539	3
7540	3
7541	3
7542	3
7543	0
7544	3
7545	0
7546	0
7547	3
7548	0
7549	2
7550	1
7551	0
7552	0
7553	0
7554	3
7555	1
7556	0
7557	1
7558	3
7559	3
7560	0
7561	3
7562	2
7563	0
7564	0
7565	2
7566	3
7567	0
7568	0
7569	3
7570	3
7571	0
7572	0
7573	0
7574	0
7575	3
7576	3
7577	3
7578	3
7579	1
7580	0
7581	0
7582	3
7583	3
7584	0
7585	3
7586	0
7587	3
7588	3
7589	2
7590	0
7591	0
7592	0
7593	3
7594	0
7595	3
7596	0
7597	0
7598	3
7599	0
7600	0
7601	3
7602	3
7603	0
7604	3
7605	2
7606	1
7607	0
7608	3
7609	3
7610	2
7611	0
7612	0
7613	3
7614	3
7615	2
7616	3
7617	3
7618	0
7619	0
7620	0
7621	0
7622	1
7623	1
7624	3
7625	2
7626	3
7627	1
7628	0
7629	1
7630	3
7631	0
7632	0
7633	3
7634	0
7635	0
7636	0
7637	3
7638	2
7639	1
7640	3
7641	0
7642	3
7643	0
7644	0
7645	3
7646	3
7647	0
7648	3
7649	3
7650	3
7651	3
7652	0
7653	1
7654	0
7655	0
7656	0
7657	0
7658	0
7659	0
7660	0
7661	0
7662	3
7663	0
7664	0
7665	3
7666	3
7667	0
7668	3
7669	0
7670	3
7671	1
7672	0
7673	0
7674	0
7675	1
7676	0
7677	3
7678	3
7679	0
7680	0
7681	2
7682	1
7683	2
7684	0
7685	3
7686	0
7687	0
7688	0
7689	3
7690	0
7691	2
7692	3
7693	3
7694	3
7695	2
7696	0
7697	3
7698	0
7699	0
7700	3
7701	3
7702	1
7703	0
7704	3
7705	1
7706	3
7707	0
7708	3
7709	1
7710	1
7711	0
7712	0
7713	2
7714	3
7715	2
7716	3
7717	0
7718	0
7719	2
7720	0
7721	0
7722	1
7723	0
7724	0
7725	0
7726	3
7727	3
7728	0
7729	3
7730	3
7731	3
7732	1
7733	3
7734	3
7735	0
7736	3
7737	3
7738	0
7739	1
7740	3
7741	2
7742	2
7743	3
7744	0
7745	1
7746	0
7747	2
7748	3
7749	0
7750	3
7751	3
7752	3
7753	3
7754	0
7755	3
7756	3
7757	0
7758	0
7759	0
7760	3
7761	0
7762	0
7763	0
7764	3
7765	2
7766	0
7767	0
7768	3
7769	3
7770	3
7771	3
7772	3
7773	1
7774	0
7775	3
7776	1
7777	3
7778	0
7779	3
7780	0
7781	0
7782	3
7783	0
7784	0
7785	3
7786	0
7787	3
7788	3
7789	0
7790	3
7791	0
7792	0
7793	0
7794	3
7795	0
7796	2
7797	0
7798	0
7799	3
7800	1
7801	0
7802	0
7803	3
7804	1
7805	0
7806	3
7807	0
7808	3
7809	0
7810	0
7811	0
7812	0
7813	0
7814	3
7815	3
7816	3
7817	0
7818	0
7819	1
7820	3
7821	0
7822	0
7823	0
7824	0
7825	0
7826	3
7827	0
7828	3
7829	3
7830	0
7831	3
7832	3
7833	3
7834	3
7835	0
7836	1
7837	0
7838	3
7839	0
7840	0
7841	3
7842	1
7843	3
7844	2
7845	0
7846	0
7847	3
7848	0
7849	3
7850	3
7851	2
7852	3
7853	0
7854	2
7855	3
7856	0
7857	3
7858	0
7859	0
7860	0
7861	3
7862	0
7863	0
7864	3
7865	1
7866	3
7867	0
7868	0
7869	0
7870	3
7871	3
7872	0
7873	0
7874	0
7875	3
7876	0
7877	1
7878	3
7879	3
7880	3
7881	0
7882	0
7883	0
7884	1
7885	0
7886	0
7887	1
7888	1
7889	0
7890	3
7891	1
7892	0
7893	0
7894	3
7895	3
7896	3
7897	0
7898	0
7899	0
7900	1
7901	0
7902	3
7903	0
7904	0
7905	3
7906	3
7907	2
7908	3
7909	0
7910	0
7911	3
7912	3
7913	3
7914	3
7915	0
7916	0
7917	0
7918	3
7919	0
7920	2
7921	0
7922	0
7923	3
7924	2
7925	2
7926	3
7927	0
7928	2
7929	2
7930	0
7931	0
7932	1
7933	3
7934	2
7935	1
7936	3
7937	3
7938	0
7939	3
7940	0
7941	0
7942	3
7943	2
7944	0
7945	3
7946	3
7947	0
7948	3
7949	3
7950	1
7951	2
7952	2
7953	3
7954	0
7955	0
7956	0
7957	0
7958	0
7959	3
7960	0
7961	2
7962	3
7963	0
7964	0
7965	3
7966	2
7967	0
7968	0
7969	0
7970	0
7971	3
7972	3
7973	0
7974	0
7975	0
7976	1
7977	0
7978	2
7979	0
7980	0
7981	3
7982	0
7983	3
7984	3
7985	0
7986	0
7987	0
7988	0
7989	2
7990	0
7991	0
7992	3
7993	3
7994	0
7995	3
7996	3
7997	0
7998	2
7999	3
8000	0
8001	0
8002	0
8003	1
8004	0
8005	0
8006	0
8007	3
8008	0
8009	3
8010	0
8011	3
8012	0
8013	1
8014	2
8015	3
8016	1
8017	3
8018	0
8019	3
8020	2
8021	0
8022	3
8023	3
8024	0
8025	3
8026	1
8027	3
8028	3
8029	0
8030	0
8031	3
8032	3
8033	3
8034	0
8035	2
8036	0
8037	3
8038	3
8039	1
8040	1
8041	0
8042	0
8043	0
8044	0
8045	3
8046	3
8047	3
8048	0
8049	3
8050	3
8051	3
8052	0
8053	0
8054	0
8055	0
8056	0
8057	3
8058	0
8059	0
8060	3
8061	0
8062	1
8063	3
8064	3
8065	0
8066	0
8067	3
8068	0
8069	0
8070	0
8071	3
8072	3
8073	1
8074	0
8075	0
8076	3
8077	0
8078	1
8079	0
8080	0
8081	3
8082	0
8083	0
8084	3
8085	1
8086	0
8087	0
8088	3
8089	0
8090	0
8091	3
8092	3
8093	0
8094	3
8095	3
8096	0
8097	3
8098	0
8099	0
8100	3
8101	0
8102	1
8103	0
8104	3
8105	1
8106	2
8107	0
8108	3
8109	1
8110	3
8111	0
8112	1
8113	3
8114	2
8115	0
8116	3
8117	0
8118	3
8119	0
8120	1
8121	0
8122	0
8123	3
8124	0
8125	0
8126	0
8127	3
8128	0
8129	0
8130	0
8131	2
8132	0
8133	0
8134	0
8135	0
8136	3
8137	0
8138	2
8139	3
8140	0
8141	0
8142	0
8143	0
8144	0
8145	0
8146	3
8147	0
8148	2
8149	0
8150	0
8151	3
8152	0
8153	0
8154	3
8155	0
8156	0
8157	0
8158	2
8159	3
8160	0
8161	0
8162	0
8163	0
8164	3
8165	0
8166	3
8167	3
8168	0
8169	0
8170	0
8171	1
8172	0
8173	0
8174	3
8175	1
8176	1
8177	3
8178	3
8179	0
8180	3
8181	3
8182	0
8183	3
8184	3
8185	3
8186	0
8187	3
8188	3
8189	3
8190	3
8191	3
