COMMAND
./sim gshare 11 7 ./proj2-traces/perl_trace.txt
OUTPUT
number of predictions:2000000
number of mispredictions:171171
misprediction rate:   8.56%
FINAL GSHARE CONTENTS
0	2
1	3
2	3
3	0
4	1
5	3
6	2
7	2
8	3
9	0
10	3
11	3
12	0
13	0
14	0
15	3
16	3
17	3
18	3
19	0
20	3
21	0
22	2
23	3
24	3
25	3
26	1
27	0
28	3
29	0
30	1
31	0
32	0
33	0
34	3
35	0
36	3
37	0
38	1
39	3
40	2
41	3
42	0
43	0
44	0
45	3
46	1
47	0
48	2
49	2
50	0
51	0
52	2
53	0
54	3
55	0
56	3
57	3
58	2
59	3
60	0
61	0
62	3
63	3
64	0
65	0
66	0
67	0
68	3
69	3
70	3
71	3
72	3
73	3
74	0
75	3
76	0
77	0
78	0
79	3
80	0
81	2
82	0
83	3
84	3
85	2
86	3
87	3
88	0
89	3
90	3
91	3
92	2
93	0
94	1
95	3
96	0
97	3
98	3
99	0
100	3
101	3
102	1
103	0
104	3
105	0
106	0
107	3
108	1
109	3
110	2
111	3
112	2
113	3
114	3
115	2
116	3
117	3
118	3
119	0
120	3
121	1
122	3
123	2
124	3
125	3
126	3
127	0
128	0
129	3
130	2
131	0
132	0
133	3
134	3
135	0
136	0
137	3
138	0
139	3
140	3
141	3
142	0
143	3
144	0
145	3
146	3
147	0
148	2
149	3
150	3
151	0
152	1
153	0
154	1
155	2
156	3
157	0
158	3
159	3
160	0
161	0
162	0
163	3
164	2
165	2
166	0
167	3
168	0
169	3
170	3
171	3
172	0
173	3
174	0
175	3
176	0
177	0
178	0
179	0
180	3
181	1
182	3
183	0
184	2
185	3
186	3
187	3
188	3
189	3
190	3
191	3
192	3
193	0
194	0
195	3
196	3
197	0
198	0
199	2
200	1
201	3
202	0
203	2
204	3
205	0
206	0
207	3
208	0
209	1
210	0
211	0
212	3
213	3
214	3
215	3
216	3
217	0
218	3
219	1
220	2
221	3
222	0
223	1
224	0
225	3
226	3
227	3
228	0
229	0
230	3
231	0
232	0
233	3
234	2
235	3
236	1
237	0
238	0
239	3
240	2
241	3
242	3
243	3
244	0
245	0
246	3
247	3
248	2
249	0
250	3
251	2
252	3
253	0
254	0
255	3
256	3
257	3
258	0
259	3
260	3
261	3
262	2
263	0
264	3
265	2
266	3
267	3
268	3
269	3
270	0
271	3
272	3
273	3
274	0
275	0
276	2
277	3
278	1
279	3
280	0
281	3
282	0
283	0
284	3
285	3
286	3
287	0
288	2
289	3
290	0
291	0
292	2
293	3
294	0
295	0
296	0
297	0
298	3
299	1
300	3
301	1
302	3
303	2
304	3
305	0
306	0
307	0
308	3
309	3
310	0
311	0
312	0
313	2
314	2
315	0
316	2
317	3
318	3
319	0
320	3
321	0
322	3
323	3
324	3
325	3
326	3
327	3
328	3
329	3
330	3
331	3
332	3
333	1
334	3
335	0
336	3
337	0
338	0
339	3
340	3
341	2
342	3
343	3
344	3
345	0
346	3
347	3
348	0
349	0
350	3
351	0
352	3
353	2
354	0
355	0
356	3
357	1
358	2
359	3
360	3
361	3
362	3
363	3
364	0
365	3
366	3
367	3
368	3
369	0
370	0
371	3
372	3
373	1
374	3
375	3
376	3
377	3
378	3
379	3
380	3
381	3
382	3
383	3
384	2
385	3
386	0
387	3
388	3
389	1
390	3
391	0
392	3
393	3
394	0
395	1
396	0
397	3
398	3
399	3
400	0
401	3
402	0
403	0
404	3
405	3
406	3
407	3
408	2
409	0
410	2
411	2
412	3
413	1
414	3
415	0
416	3
417	3
418	0
419	3
420	3
421	1
422	0
423	0
424	0
425	3
426	1
427	0
428	0
429	3
430	3
431	2
432	3
433	3
434	0
435	3
436	3
437	0
438	2
439	0
440	0
441	3
442	3
443	3
444	0
445	3
446	3
447	1
448	3
449	0
450	0
451	3
452	3
453	0
454	1
455	3
456	2
457	0
458	1
459	3
460	0
461	2
462	3
463	1
464	3
465	0
466	0
467	3
468	3
469	0
470	0
471	3
472	0
473	0
474	2
475	0
476	3
477	0
478	0
479	1
480	3
481	0
482	0
483	3
484	3
485	0
486	3
487	1
488	0
489	3
490	1
491	3
492	0
493	2
494	0
495	0
496	3
497	0
498	1
499	3
500	1
501	0
502	3
503	0
504	3
505	3
506	3
507	0
508	3
509	0
510	0
511	3
512	0
513	3
514	0
515	1
516	3
517	2
518	0
519	0
520	3
521	0
522	0
523	2
524	3
525	0
526	3
527	0
528	0
529	3
530	3
531	3
532	3
533	0
534	0
535	0
536	0
537	0
538	0
539	0
540	2
541	0
542	3
543	3
544	0
545	3
546	0
547	3
548	3
549	0
550	0
551	0
552	2
553	0
554	0
555	0
556	2
557	3
558	3
559	3
560	0
561	3
562	3
563	2
564	0
565	2
566	0
567	0
568	2
569	0
570	0
571	1
572	2
573	3
574	3
575	1
576	1
577	3
578	0
579	3
580	3
581	0
582	3
583	3
584	3
585	3
586	3
587	1
588	0
589	1
590	0
591	0
592	0
593	3
594	0
595	3
596	3
597	0
598	3
599	0
600	3
601	1
602	2
603	3
604	3
605	0
606	0
607	0
608	3
609	3
610	2
611	0
612	3
613	3
614	2
615	0
616	0
617	0
618	0
619	2
620	1
621	0
622	3
623	3
624	0
625	3
626	3
627	0
628	2
629	3
630	0
631	0
632	0
633	0
634	2
635	1
636	0
637	0
638	3
639	3
640	2
641	3
642	3
643	3
644	3
645	0
646	0
647	3
648	2
649	3
650	3
651	2
652	0
653	3
654	3
655	3
656	3
657	3
658	3
659	2
660	3
661	0
662	2
663	2
664	1
665	3
666	3
667	3
668	2
669	3
670	0
671	1
672	3
673	2
674	0
675	3
676	3
677	0
678	2
679	2
680	2
681	3
682	3
683	0
684	2
685	0
686	0
687	3
688	3
689	2
690	3
691	0
692	3
693	2
694	3
695	2
696	3
697	2
698	3
699	2
700	1
701	1
702	2
703	3
704	0
705	3
706	3
707	2
708	3
709	3
710	3
711	0
712	2
713	2
714	2
715	0
716	3
717	3
718	0
719	1
720	0
721	3
722	0
723	0
724	3
725	0
726	3
727	0
728	2
729	0
730	0
731	0
732	1
733	3
734	0
735	0
736	0
737	0
738	3
739	0
740	3
741	0
742	1
743	3
744	3
745	3
746	3
747	0
748	3
749	0
750	2
751	0
752	3
753	0
754	0
755	0
756	3
757	0
758	3
759	1
760	3
761	3
762	0
763	3
764	1
765	0
766	0
767	3
768	3
769	3
770	2
771	0
772	2
773	3
774	0
775	3
776	3
777	3
778	1
779	2
780	3
781	3
782	0
783	3
784	2
785	3
786	0
787	0
788	2
789	3
790	0
791	3
792	2
793	3
794	0
795	0
796	3
797	3
798	3
799	0
800	0
801	3
802	1
803	0
804	0
805	0
806	3
807	3
808	3
809	0
810	3
811	0
812	3
813	0
814	1
815	0
816	0
817	1
818	3
819	0
820	3
821	3
822	1
823	0
824	1
825	2
826	0
827	0
828	0
829	3
830	3
831	2
832	0
833	0
834	0
835	0
836	3
837	3
838	0
839	0
840	3
841	3
842	3
843	3
844	1
845	0
846	2
847	2
848	3
849	0
850	0
851	3
852	3
853	3
854	3
855	0
856	3
857	3
858	2
859	3
860	2
861	0
862	3
863	3
864	3
865	3
866	0
867	0
868	3
869	0
870	0
871	0
872	2
873	3
874	3
875	2
876	3
877	3
878	0
879	0
880	2
881	0
882	0
883	0
884	3
885	0
886	0
887	3
888	0
889	3
890	3
891	3
892	3
893	2
894	0
895	1
896	0
897	3
898	2
899	3
900	3
901	0
902	0
903	0
904	2
905	3
906	3
907	0
908	3
909	0
910	0
911	3
912	3
913	3
914	0
915	0
916	3
917	0
918	3
919	0
920	3
921	3
922	2
923	2
924	3
925	2
926	0
927	0
928	3
929	1
930	3
931	2
932	3
933	3
934	3
935	3
936	2
937	3
938	3
939	3
940	3
941	0
942	3
943	0
944	0
945	3
946	3
947	0
948	3
949	0
950	0
951	0
952	3
953	0
954	2
955	3
956	3
957	3
958	3
959	0
960	2
961	3
962	0
963	2
964	3
965	3
966	0
967	2
968	3
969	2
970	0
971	3
972	0
973	0
974	3
975	0
976	0
977	3
978	0
979	3
980	3
981	0
982	3
983	0
984	2
985	3
986	2
987	0
988	3
989	0
990	2
991	0
992	0
993	1
994	0
995	0
996	3
997	3
998	0
999	0
1000	0
1001	2
1002	3
1003	3
1004	3
1005	2
1006	3
1007	0
1008	0
1009	0
1010	0
1011	3
1012	3
1013	3
1014	0
1015	3
1016	2
1017	3
1018	2
1019	3
1020	3
1021	0
1022	3
1023	3
1024	3
1025	0
1026	3
1027	0
1028	0
1029	0
1030	3
1031	2
1032	3
1033	0
1034	3
1035	0
1036	3
1037	0
1038	1
1039	3
1040	3
1041	2
1042	0
1043	0
1044	3
1045	1
1046	3
1047	3
1048	3
1049	3
1050	3
1051	0
1052	3
1053	3
1054	3
1055	0
1056	0
1057	2
1058	0
1059	0
1060	3
1061	3
1062	3
1063	3
1064	3
1065	2
1066	3
1067	0
1068	2
1069	0
1070	3
1071	0
1072	2
1073	0
1074	0
1075	3
1076	3
1077	3
1078	1
1079	2
1080	3
1081	2
1082	3
1083	3
1084	0
1085	0
1086	0
1087	0
1088	3
1089	1
1090	0
1091	0
1092	2
1093	3
1094	0
1095	0
1096	3
1097	2
1098	3
1099	2
1100	2
1101	1
1102	3
1103	0
1104	1
1105	0
1106	0
1107	0
1108	1
1109	2
1110	3
1111	3
1112	2
1113	0
1114	3
1115	0
1116	3
1117	0
1118	1
1119	0
1120	3
1121	0
1122	0
1123	3
1124	3
1125	0
1126	2
1127	3
1128	2
1129	3
1130	0
1131	0
1132	3
1133	3
1134	0
1135	0
1136	0
1137	3
1138	0
1139	3
1140	3
1141	0
1142	1
1143	3
1144	3
1145	0
1146	3
1147	0
1148	3
1149	0
1150	3
1151	0
1152	0
1153	0
1154	0
1155	3
1156	2
1157	0
1158	3
1159	1
1160	0
1161	1
1162	3
1163	2
1164	3
1165	0
1166	3
1167	3
1168	2
1169	0
1170	3
1171	3
1172	3
1173	0
1174	0
1175	3
1176	0
1177	3
1178	3
1179	3
1180	0
1181	0
1182	2
1183	3
1184	3
1185	3
1186	0
1187	1
1188	3
1189	2
1190	3
1191	1
1192	1
1193	3
1194	3
1195	0
1196	0
1197	0
1198	0
1199	0
1200	3
1201	0
1202	3
1203	2
1204	0
1205	0
1206	3
1207	3
1208	3
1209	3
1210	3
1211	3
1212	3
1213	0
1214	0
1215	0
1216	1
1217	0
1218	0
1219	3
1220	3
1221	3
1222	0
1223	3
1224	3
1225	2
1226	3
1227	3
1228	0
1229	3
1230	1
1231	0
1232	0
1233	0
1234	0
1235	2
1236	3
1237	2
1238	3
1239	3
1240	0
1241	3
1242	3
1243	0
1244	3
1245	0
1246	0
1247	3
1248	2
1249	0
1250	3
1251	0
1252	3
1253	1
1254	3
1255	3
1256	3
1257	1
1258	3
1259	0
1260	3
1261	0
1262	0
1263	3
1264	3
1265	0
1266	0
1267	3
1268	0
1269	1
1270	3
1271	3
1272	2
1273	3
1274	3
1275	0
1276	0
1277	0
1278	3
1279	2
1280	3
1281	0
1282	0
1283	0
1284	2
1285	0
1286	3
1287	0
1288	0
1289	0
1290	0
1291	3
1292	3
1293	3
1294	2
1295	0
1296	3
1297	0
1298	0
1299	0
1300	1
1301	0
1302	0
1303	1
1304	0
1305	0
1306	0
1307	3
1308	0
1309	3
1310	3
1311	3
1312	3
1313	0
1314	2
1315	0
1316	2
1317	3
1318	2
1319	0
1320	0
1321	3
1322	0
1323	3
1324	0
1325	0
1326	0
1327	0
1328	3
1329	2
1330	0
1331	0
1332	3
1333	2
1334	1
1335	3
1336	3
1337	3
1338	3
1339	3
1340	0
1341	3
1342	3
1343	1
1344	3
1345	0
1346	3
1347	3
1348	2
1349	0
1350	3
1351	0
1352	1
1353	0
1354	3
1355	3
1356	3
1357	3
1358	3
1359	2
1360	3
1361	2
1362	3
1363	0
1364	2
1365	3
1366	3
1367	0
1368	3
1369	3
1370	3
1371	2
1372	3
1373	0
1374	0
1375	3
1376	3
1377	3
1378	0
1379	3
1380	3
1381	2
1382	3
1383	0
1384	3
1385	2
1386	0
1387	2
1388	2
1389	3
1390	3
1391	0
1392	3
1393	2
1394	3
1395	0
1396	3
1397	1
1398	2
1399	0
1400	3
1401	3
1402	1
1403	0
1404	2
1405	3
1406	3
1407	3
1408	3
1409	3
1410	1
1411	0
1412	3
1413	3
1414	2
1415	3
1416	3
1417	2
1418	3
1419	2
1420	2
1421	0
1422	3
1423	0
1424	3
1425	0
1426	1
1427	3
1428	3
1429	3
1430	0
1431	0
1432	3
1433	3
1434	3
1435	0
1436	3
1437	3
1438	3
1439	1
1440	3
1441	3
1442	2
1443	0
1444	3
1445	2
1446	1
1447	2
1448	2
1449	1
1450	3
1451	3
1452	3
1453	2
1454	0
1455	0
1456	3
1457	3
1458	0
1459	0
1460	2
1461	3
1462	3
1463	3
1464	3
1465	3
1466	0
1467	2
1468	3
1469	0
1470	0
1471	3
1472	0
1473	3
1474	2
1475	0
1476	3
1477	0
1478	3
1479	1
1480	0
1481	2
1482	0
1483	2
1484	3
1485	3
1486	0
1487	0
1488	3
1489	3
1490	0
1491	0
1492	2
1493	2
1494	1
1495	2
1496	2
1497	3
1498	3
1499	0
1500	3
1501	1
1502	3
1503	0
1504	3
1505	3
1506	3
1507	3
1508	3
1509	1
1510	1
1511	3
1512	0
1513	3
1514	3
1515	0
1516	1
1517	2
1518	3
1519	3
1520	2
1521	3
1522	2
1523	0
1524	3
1525	0
1526	3
1527	0
1528	2
1529	3
1530	2
1531	2
1532	3
1533	3
1534	1
1535	0
1536	2
1537	0
1538	0
1539	3
1540	1
1541	3
1542	0
1543	3
1544	2
1545	0
1546	0
1547	3
1548	3
1549	0
1550	3
1551	0
1552	0
1553	1
1554	0
1555	2
1556	0
1557	1
1558	0
1559	2
1560	0
1561	0
1562	0
1563	0
1564	3
1565	3
1566	3
1567	3
1568	3
1569	0
1570	0
1571	0
1572	3
1573	0
1574	0
1575	0
1576	0
1577	0
1578	3
1579	3
1580	3
1581	0
1582	3
1583	3
1584	1
1585	0
1586	0
1587	3
1588	3
1589	0
1590	3
1591	0
1592	0
1593	0
1594	3
1595	3
1596	0
1597	1
1598	3
1599	0
1600	3
1601	0
1602	1
1603	2
1604	3
1605	3
1606	0
1607	0
1608	2
1609	3
1610	0
1611	3
1612	0
1613	0
1614	0
1615	1
1616	3
1617	0
1618	1
1619	0
1620	3
1621	0
1622	2
1623	0
1624	0
1625	0
1626	1
1627	0
1628	3
1629	0
1630	1
1631	0
1632	3
1633	0
1634	0
1635	0
1636	0
1637	2
1638	3
1639	0
1640	3
1641	2
1642	3
1643	0
1644	0
1645	2
1646	0
1647	2
1648	0
1649	2
1650	0
1651	0
1652	2
1653	0
1654	3
1655	0
1656	0
1657	0
1658	0
1659	0
1660	0
1661	0
1662	1
1663	3
1664	3
1665	1
1666	3
1667	3
1668	3
1669	0
1670	3
1671	3
1672	1
1673	0
1674	3
1675	0
1676	0
1677	0
1678	1
1679	3
1680	3
1681	0
1682	1
1683	3
1684	3
1685	0
1686	0
1687	3
1688	3
1689	0
1690	3
1691	3
1692	0
1693	2
1694	3
1695	0
1696	2
1697	3
1698	0
1699	3
1700	3
1701	3
1702	3
1703	3
1704	0
1705	0
1706	0
1707	3
1708	1
1709	3
1710	0
1711	0
1712	3
1713	0
1714	0
1715	1
1716	1
1717	2
1718	3
1719	0
1720	3
1721	0
1722	2
1723	3
1724	1
1725	0
1726	3
1727	2
1728	3
1729	0
1730	2
1731	1
1732	0
1733	3
1734	1
1735	3
1736	0
1737	0
1738	3
1739	2
1740	0
1741	3
1742	1
1743	0
1744	3
1745	0
1746	3
1747	3
1748	3
1749	0
1750	3
1751	3
1752	1
1753	3
1754	3
1755	0
1756	3
1757	2
1758	3
1759	3
1760	0
1761	0
1762	3
1763	3
1764	3
1765	0
1766	3
1767	0
1768	0
1769	0
1770	0
1771	2
1772	0
1773	0
1774	3
1775	1
1776	2
1777	3
1778	3
1779	3
1780	1
1781	3
1782	2
1783	2
1784	3
1785	3
1786	0
1787	1
1788	3
1789	0
1790	3
1791	3
1792	3
1793	0
1794	1
1795	0
1796	3
1797	2
1798	3
1799	3
1800	3
1801	1
1802	3
1803	3
1804	3
1805	3
1806	3
1807	0
1808	1
1809	0
1810	0
1811	0
1812	2
1813	0
1814	3
1815	2
1816	3
1817	2
1818	3
1819	0
1820	3
1821	3
1822	0
1823	0
1824	3
1825	0
1826	1
1827	0
1828	0
1829	3
1830	1
1831	3
1832	3
1833	0
1834	3
1835	3
1836	3
1837	3
1838	0
1839	3
1840	2
1841	0
1842	3
1843	3
1844	3
1845	1
1846	3
1847	3
1848	0
1849	0
1850	3
1851	2
1852	3
1853	0
1854	0
1855	0
1856	3
1857	3
1858	0
1859	0
1860	3
1861	0
1862	0
1863	0
1864	0
1865	2
1866	0
1867	3
1868	0
1869	0
1870	0
1871	3
1872	3
1873	0
1874	3
1875	2
1876	3
1877	3
1878	3
1879	3
1880	3
1881	3
1882	3
1883	0
1884	3
1885	0
1886	1
1887	3
1888	0
1889	0
1890	0
1891	3
1892	3
1893	3
1894	2
1895	0
1896	1
1897	0
1898	3
1899	2
1900	2
1901	3
1902	0
1903	3
1904	2
1905	0
1906	0
1907	3
1908	3
1909	0
1910	1
1911	0
1912	0
1913	2
1914	0
1915	2
1916	1
1917	3
1918	3
1919	0
1920	2
1921	0
1922	0
1923	0
1924	2
1925	0
1926	3
1927	0
1928	2
1929	0
1930	3
1931	1
1932	0
1933	0
1934	3
1935	3
1936	3
1937	3
1938	2
1939	0
1940	0
1941	0
1942	3
1943	0
1944	3
1945	0
1946	2
1947	0
1948	1
1949	3
1950	3
1951	3
1952	3
1953	2
1954	3
1955	0
1956	3
1957	0
1958	3
1959	0
1960	2
1961	3
1962	0
1963	0
1964	0
1965	2
1966	1
1967	0
1968	3
1969	0
1970	2
1971	3
1972	1
1973	3
1974	3
1975	3
1976	3
1977	0
1978	3
1979	2
1980	0
1981	0
1982	2
1983	3
1984	3
1985	3
1986	0
1987	1
1988	1
1989	1
1990	0
1991	0
1992	3
1993	0
1994	0
1995	3
1996	2
1997	1
1998	0
1999	3
2000	3
2001	3
2002	0
2003	3
2004	3
2005	0
2006	3
2007	0
2008	0
2009	2
2010	3
2011	2
2012	0
2013	0
2014	0
2015	3
2016	3
2017	2
2018	2
2019	3
2020	2
2021	0
2022	2
2023	1
2024	2
2025	0
2026	0
2027	0
2028	3
2029	3
2030	0
2031	0
2032	3
2033	0
2034	2
2035	3
2036	3
2037	0
2038	3
2039	1
2040	3
2041	1
2042	0
2043	0
2044	3
2045	0
2046	3
2047	0
