COMMAND
./sim gshare 11 4 ./proj2-traces/perl_trace.txt
OUTPUT
number of predictions:2000000
number of mispredictions:193603
misprediction rate:   9.68%
FINAL GSHARE CONTENTS
0	3
1	2
2	2
3	1
4	3
5	3
6	3
7	3
8	3
9	3
10	0
11	2
12	0
13	1
14	1
15	3
16	1
17	3
18	2
19	0
20	3
21	3
22	3
23	3
24	2
25	1
26	2
27	3
28	1
29	2
30	2
31	2
32	1
33	0
34	0
35	3
36	3
37	2
38	3
39	0
40	3
41	3
42	3
43	2
44	1
45	0
46	3
47	3
48	2
49	2
50	2
51	3
52	3
53	0
54	2
55	2
56	1
57	2
58	2
59	3
60	2
61	1
62	2
63	0
64	2
65	3
66	3
67	3
68	2
69	3
70	0
71	0
72	0
73	0
74	0
75	3
76	2
77	0
78	2
79	0
80	0
81	3
82	0
83	1
84	3
85	0
86	0
87	0
88	3
89	2
90	1
91	3
92	1
93	3
94	0
95	1
96	2
97	0
98	3
99	0
100	2
101	0
102	3
103	3
104	0
105	2
106	3
107	0
108	1
109	0
110	3
111	3
112	2
113	0
114	3
115	0
116	0
117	0
118	3
119	0
120	3
121	2
122	0
123	1
124	2
125	1
126	0
127	3
128	3
129	3
130	3
131	2
132	3
133	2
134	0
135	3
136	3
137	3
138	0
139	3
140	3
141	0
142	3
143	0
144	3
145	3
146	3
147	0
148	0
149	3
150	3
151	0
152	3
153	3
154	3
155	0
156	2
157	3
158	2
159	2
160	0
161	0
162	0
163	3
164	3
165	3
166	0
167	3
168	3
169	0
170	3
171	3
172	2
173	3
174	3
175	2
176	3
177	2
178	0
179	3
180	3
181	3
182	2
183	1
184	0
185	3
186	3
187	3
188	3
189	0
190	2
191	1
192	1
193	3
194	2
195	0
196	3
197	3
198	0
199	0
200	0
201	1
202	0
203	1
204	2
205	0
206	0
207	2
208	0
209	3
210	1
211	3
212	2
213	0
214	3
215	0
216	0
217	2
218	0
219	0
220	2
221	3
222	1
223	3
224	2
225	3
226	3
227	2
228	0
229	3
230	3
231	3
232	3
233	0
234	2
235	1
236	0
237	0
238	0
239	1
240	3
241	3
242	1
243	0
244	3
245	2
246	1
247	0
248	0
249	0
250	3
251	3
252	1
253	3
254	3
255	3
256	2
257	0
258	0
259	2
260	3
261	3
262	0
263	3
264	0
265	3
266	0
267	2
268	3
269	0
270	3
271	3
272	0
273	2
274	0
275	2
276	2
277	2
278	2
279	0
280	2
281	0
282	3
283	2
284	0
285	0
286	1
287	3
288	3
289	3
290	0
291	3
292	3
293	3
294	3
295	3
296	2
297	0
298	3
299	0
300	2
301	2
302	3
303	2
304	3
305	3
306	0
307	3
308	2
309	3
310	3
311	3
312	3
313	2
314	3
315	2
316	3
317	1
318	0
319	1
320	1
321	0
322	2
323	1
324	2
325	3
326	1
327	2
328	2
329	3
330	0
331	2
332	3
333	3
334	0
335	3
336	3
337	0
338	1
339	0
340	3
341	0
342	3
343	0
344	0
345	1
346	0
347	0
348	3
349	2
350	0
351	0
352	3
353	2
354	3
355	3
356	2
357	3
358	3
359	3
360	0
361	2
362	3
363	3
364	1
365	3
366	3
367	3
368	3
369	3
370	0
371	0
372	3
373	1
374	3
375	0
376	3
377	2
378	3
379	2
380	3
381	3
382	2
383	3
384	0
385	0
386	1
387	2
388	3
389	3
390	0
391	3
392	0
393	3
394	3
395	2
396	3
397	3
398	3
399	0
400	3
401	0
402	2
403	3
404	2
405	3
406	3
407	0
408	0
409	0
410	1
411	2
412	0
413	0
414	3
415	3
416	3
417	2
418	0
419	3
420	3
421	0
422	3
423	1
424	3
425	0
426	3
427	3
428	3
429	0
430	3
431	1
432	3
433	2
434	0
435	3
436	0
437	1
438	1
439	3
440	2
441	2
442	3
443	1
444	0
445	0
446	3
447	0
448	2
449	3
450	1
451	0
452	3
453	3
454	1
455	3
456	2
457	3
458	0
459	1
460	3
461	0
462	0
463	2
464	3
465	3
466	0
467	1
468	3
469	0
470	0
471	0
472	3
473	0
474	0
475	0
476	3
477	3
478	3
479	2
480	0
481	2
482	3
483	2
484	2
485	3
486	2
487	2
488	0
489	0
490	3
491	0
492	2
493	3
494	3
495	0
496	3
497	3
498	0
499	0
500	3
501	0
502	1
503	0
504	0
505	3
506	2
507	2
508	0
509	3
510	3
511	3
512	3
513	2
514	0
515	3
516	3
517	3
518	3
519	0
520	0
521	3
522	1
523	2
524	0
525	3
526	3
527	3
528	3
529	2
530	3
531	3
532	3
533	0
534	3
535	0
536	2
537	2
538	2
539	1
540	3
541	2
542	2
543	2
544	1
545	3
546	0
547	3
548	3
549	0
550	3
551	1
552	1
553	2
554	3
555	2
556	0
557	1
558	2
559	0
560	3
561	3
562	0
563	3
564	3
565	0
566	3
567	3
568	0
569	3
570	2
571	0
572	0
573	3
574	3
575	1
576	1
577	3
578	0
579	3
580	0
581	3
582	0
583	0
584	3
585	3
586	0
587	0
588	2
589	0
590	0
591	0
592	0
593	3
594	3
595	1
596	2
597	0
598	0
599	2
600	3
601	0
602	0
603	0
604	2
605	3
606	2
607	2
608	0
609	3
610	0
611	2
612	1
613	3
614	0
615	3
616	3
617	0
618	0
619	0
620	3
621	0
622	1
623	3
624	0
625	2
626	1
627	3
628	3
629	0
630	0
631	0
632	3
633	0
634	0
635	3
636	3
637	0
638	3
639	1
640	3
641	0
642	0
643	2
644	3
645	1
646	3
647	2
648	3
649	3
650	3
651	3
652	3
653	1
654	3
655	2
656	3
657	0
658	3
659	2
660	3
661	0
662	3
663	3
664	0
665	3
666	2
667	0
668	0
669	2
670	2
671	2
672	0
673	3
674	0
675	3
676	2
677	0
678	3
679	1
680	3
681	0
682	3
683	3
684	0
685	2
686	3
687	0
688	3
689	3
690	3
691	2
692	3
693	0
694	2
695	3
696	3
697	2
698	3
699	0
700	0
701	3
702	0
703	0
704	2
705	0
706	0
707	0
708	3
709	3
710	0
711	3
712	3
713	1
714	0
715	0
716	3
717	2
718	0
719	3
720	0
721	0
722	3
723	0
724	2
725	2
726	3
727	2
728	3
729	3
730	1
731	2
732	3
733	0
734	0
735	0
736	0
737	3
738	3
739	3
740	2
741	3
742	1
743	2
744	2
745	2
746	0
747	2
748	3
749	3
750	0
751	3
752	2
753	3
754	0
755	3
756	3
757	0
758	3
759	0
760	3
761	1
762	3
763	1
764	1
765	0
766	3
767	2
768	2
769	3
770	0
771	0
772	3
773	2
774	1
775	3
776	0
777	3
778	3
779	0
780	3
781	3
782	0
783	2
784	2
785	3
786	3
787	1
788	2
789	3
790	3
791	0
792	3
793	2
794	3
795	3
796	3
797	3
798	3
799	1
800	0
801	3
802	0
803	3
804	2
805	0
806	0
807	0
808	3
809	3
810	3
811	0
812	0
813	2
814	2
815	2
816	3
817	3
818	0
819	2
820	2
821	3
822	1
823	3
824	2
825	1
826	1
827	3
828	0
829	2
830	3
831	0
832	2
833	0
834	0
835	3
836	3
837	3
838	0
839	2
840	0
841	2
842	1
843	2
844	1
845	0
846	1
847	0
848	3
849	2
850	3
851	0
852	0
853	2
854	3
855	3
856	0
857	3
858	0
859	2
860	3
861	3
862	0
863	3
864	2
865	3
866	3
867	3
868	0
869	0
870	0
871	2
872	2
873	2
874	0
875	0
876	3
877	0
878	3
879	3
880	2
881	0
882	2
883	0
884	3
885	0
886	3
887	0
888	2
889	3
890	3
891	3
892	3
893	0
894	3
895	0
896	3
897	0
898	0
899	2
900	3
901	3
902	0
903	3
904	2
905	3
906	2
907	2
908	2
909	0
910	3
911	3
912	3
913	3
914	1
915	0
916	2
917	2
918	3
919	0
920	2
921	2
922	2
923	0
924	2
925	3
926	1
927	2
928	1
929	3
930	0
931	0
932	0
933	2
934	1
935	0
936	1
937	3
938	3
939	3
940	3
941	2
942	1
943	0
944	3
945	2
946	0
947	2
948	3
949	2
950	3
951	3
952	2
953	3
954	3
955	2
956	0
957	3
958	0
959	0
960	0
961	0
962	0
963	2
964	3
965	3
966	1
967	0
968	0
969	2
970	1
971	2
972	3
973	0
974	0
975	2
976	3
977	2
978	2
979	0
980	0
981	0
982	3
983	2
984	3
985	1
986	0
987	1
988	3
989	3
990	1
991	3
992	3
993	3
994	3
995	2
996	3
997	0
998	3
999	3
1000	3
1001	0
1002	3
1003	3
1004	1
1005	2
1006	0
1007	3
1008	0
1009	2
1010	3
1011	3
1012	3
1013	0
1014	3
1015	3
1016	3
1017	2
1018	2
1019	3
1020	3
1021	0
1022	3
1023	0
1024	3
1025	2
1026	3
1027	0
1028	3
1029	1
1030	2
1031	3
1032	3
1033	0
1034	0
1035	3
1036	1
1037	0
1038	2
1039	0
1040	1
1041	0
1042	3
1043	0
1044	3
1045	2
1046	1
1047	3
1048	1
1049	1
1050	3
1051	3
1052	3
1053	3
1054	0
1055	3
1056	3
1057	0
1058	0
1059	3
1060	1
1061	2
1062	0
1063	3
1064	3
1065	3
1066	3
1067	3
1068	3
1069	3
1070	0
1071	3
1072	3
1073	2
1074	0
1075	0
1076	3
1077	0
1078	2
1079	1
1080	2
1081	1
1082	3
1083	3
1084	0
1085	3
1086	3
1087	0
1088	2
1089	0
1090	2
1091	2
1092	2
1093	0
1094	3
1095	0
1096	1
1097	3
1098	3
1099	1
1100	3
1101	0
1102	2
1103	2
1104	2
1105	0
1106	3
1107	3
1108	2
1109	2
1110	2
1111	2
1112	3
1113	2
1114	3
1115	0
1116	3
1117	0
1118	3
1119	0
1120	3
1121	3
1122	0
1123	1
1124	3
1125	0
1126	3
1127	3
1128	0
1129	1
1130	1
1131	0
1132	0
1133	3
1134	3
1135	3
1136	1
1137	0
1138	1
1139	0
1140	0
1141	2
1142	2
1143	0
1144	2
1145	3
1146	2
1147	2
1148	3
1149	0
1150	3
1151	2
1152	3
1153	3
1154	3
1155	0
1156	2
1157	0
1158	0
1159	3
1160	0
1161	3
1162	3
1163	3
1164	2
1165	0
1166	2
1167	3
1168	2
1169	0
1170	2
1171	2
1172	3
1173	1
1174	3
1175	3
1176	0
1177	1
1178	3
1179	0
1180	1
1181	2
1182	0
1183	1
1184	0
1185	0
1186	3
1187	3
1188	3
1189	0
1190	3
1191	0
1192	3
1193	3
1194	3
1195	2
1196	3
1197	0
1198	1
1199	2
1200	3
1201	2
1202	0
1203	0
1204	0
1205	3
1206	3
1207	0
1208	3
1209	3
1210	2
1211	2
1212	0
1213	2
1214	2
1215	0
1216	3
1217	0
1218	2
1219	0
1220	2
1221	0
1222	3
1223	3
1224	3
1225	3
1226	3
1227	0
1228	1
1229	1
1230	2
1231	1
1232	0
1233	3
1234	3
1235	3
1236	3
1237	2
1238	3
1239	1
1240	3
1241	3
1242	3
1243	0
1244	2
1245	1
1246	1
1247	3
1248	1
1249	0
1250	2
1251	0
1252	2
1253	0
1254	0
1255	2
1256	0
1257	2
1258	1
1259	0
1260	0
1261	0
1262	3
1263	3
1264	3
1265	3
1266	1
1267	3
1268	3
1269	3
1270	3
1271	1
1272	3
1273	2
1274	2
1275	3
1276	2
1277	3
1278	2
1279	0
1280	0
1281	3
1282	1
1283	0
1284	3
1285	0
1286	1
1287	2
1288	3
1289	2
1290	3
1291	2
1292	2
1293	1
1294	0
1295	0
1296	3
1297	3
1298	3
1299	3
1300	2
1301	0
1302	3
1303	3
1304	0
1305	3
1306	2
1307	0
1308	0
1309	1
1310	0
1311	2
1312	2
1313	0
1314	0
1315	3
1316	2
1317	3
1318	3
1319	2
1320	3
1321	0
1322	3
1323	3
1324	3
1325	3
1326	0
1327	0
1328	3
1329	2
1330	0
1331	0
1332	2
1333	0
1334	3
1335	0
1336	2
1337	0
1338	0
1339	2
1340	1
1341	1
1342	3
1343	0
1344	0
1345	0
1346	2
1347	3
1348	2
1349	0
1350	3
1351	0
1352	1
1353	3
1354	2
1355	3
1356	3
1357	0
1358	3
1359	2
1360	3
1361	3
1362	0
1363	2
1364	3
1365	2
1366	3
1367	2
1368	3
1369	3
1370	0
1371	3
1372	3
1373	3
1374	2
1375	3
1376	3
1377	3
1378	3
1379	1
1380	2
1381	0
1382	3
1383	0
1384	0
1385	3
1386	3
1387	2
1388	0
1389	1
1390	3
1391	3
1392	3
1393	2
1394	3
1395	3
1396	3
1397	3
1398	0
1399	1
1400	3
1401	2
1402	3
1403	2
1404	3
1405	0
1406	3
1407	2
1408	3
1409	2
1410	0
1411	3
1412	2
1413	3
1414	2
1415	2
1416	0
1417	3
1418	3
1419	0
1420	3
1421	1
1422	0
1423	3
1424	1
1425	0
1426	2
1427	0
1428	3
1429	0
1430	0
1431	2
1432	1
1433	3
1434	2
1435	0
1436	0
1437	3
1438	0
1439	3
1440	0
1441	0
1442	0
1443	2
1444	2
1445	2
1446	3
1447	3
1448	2
1449	3
1450	3
1451	2
1452	3
1453	2
1454	3
1455	0
1456	3
1457	2
1458	2
1459	0
1460	1
1461	0
1462	1
1463	0
1464	2
1465	3
1466	2
1467	0
1468	2
1469	3
1470	3
1471	0
1472	1
1473	3
1474	3
1475	1
1476	3
1477	1
1478	3
1479	2
1480	3
1481	3
1482	3
1483	3
1484	3
1485	1
1486	1
1487	0
1488	3
1489	3
1490	3
1491	1
1492	3
1493	2
1494	2
1495	3
1496	3
1497	3
1498	1
1499	0
1500	2
1501	0
1502	2
1503	3
1504	3
1505	2
1506	1
1507	3
1508	3
1509	0
1510	0
1511	3
1512	2
1513	2
1514	0
1515	3
1516	0
1517	3
1518	2
1519	3
1520	3
1521	3
1522	2
1523	0
1524	3
1525	3
1526	3
1527	0
1528	3
1529	3
1530	2
1531	2
1532	0
1533	0
1534	3
1535	1
1536	3
1537	2
1538	0
1539	2
1540	1
1541	2
1542	2
1543	2
1544	0
1545	2
1546	0
1547	1
1548	3
1549	3
1550	3
1551	3
1552	2
1553	0
1554	0
1555	0
1556	3
1557	0
1558	1
1559	3
1560	3
1561	0
1562	2
1563	0
1564	1
1565	3
1566	0
1567	3
1568	0
1569	3
1570	0
1571	2
1572	3
1573	3
1574	3
1575	0
1576	3
1577	2
1578	3
1579	2
1580	0
1581	0
1582	3
1583	2
1584	3
1585	0
1586	3
1587	1
1588	0
1589	2
1590	3
1591	2
1592	2
1593	3
1594	1
1595	3
1596	3
1597	2
1598	3
1599	0
1600	1
1601	0
1602	1
1603	1
1604	3
1605	0
1606	0
1607	3
1608	0
1609	1
1610	0
1611	3
1612	3
1613	2
1614	2
1615	2
1616	3
1617	2
1618	3
1619	2
1620	3
1621	0
1622	3
1623	1
1624	3
1625	0
1626	3
1627	2
1628	2
1629	0
1630	1
1631	0
1632	0
1633	0
1634	1
1635	0
1636	1
1637	0
1638	0
1639	1
1640	3
1641	3
1642	3
1643	0
1644	0
1645	0
1646	0
1647	1
1648	3
1649	0
1650	1
1651	3
1652	2
1653	3
1654	2
1655	0
1656	0
1657	1
1658	2
1659	3
1660	3
1661	3
1662	3
1663	1
1664	3
1665	2
1666	0
1667	3
1668	2
1669	1
1670	2
1671	3
1672	2
1673	3
1674	0
1675	3
1676	3
1677	0
1678	2
1679	3
1680	2
1681	0
1682	1
1683	2
1684	3
1685	2
1686	3
1687	3
1688	0
1689	0
1690	2
1691	2
1692	3
1693	3
1694	3
1695	0
1696	2
1697	0
1698	0
1699	3
1700	2
1701	0
1702	3
1703	0
1704	0
1705	3
1706	0
1707	0
1708	0
1709	2
1710	3
1711	3
1712	0
1713	2
1714	3
1715	2
1716	2
1717	2
1718	1
1719	1
1720	1
1721	2
1722	3
1723	2
1724	0
1725	3
1726	3
1727	0
1728	3
1729	0
1730	2
1731	2
1732	2
1733	0
1734	2
1735	3
1736	2
1737	3
1738	0
1739	3
1740	3
1741	2
1742	0
1743	1
1744	3
1745	3
1746	0
1747	3
1748	1
1749	3
1750	3
1751	3
1752	2
1753	3
1754	0
1755	2
1756	2
1757	2
1758	2
1759	3
1760	1
1761	2
1762	3
1763	2
1764	0
1765	1
1766	0
1767	3
1768	0
1769	1
1770	3
1771	2
1772	0
1773	2
1774	3
1775	3
1776	0
1777	2
1778	2
1779	3
1780	2
1781	0
1782	3
1783	0
1784	2
1785	0
1786	3
1787	0
1788	2
1789	0
1790	0
1791	2
1792	3
1793	3
1794	2
1795	0
1796	2
1797	2
1798	2
1799	3
1800	1
1801	3
1802	3
1803	3
1804	2
1805	0
1806	0
1807	3
1808	3
1809	0
1810	2
1811	2
1812	2
1813	0
1814	2
1815	3
1816	2
1817	0
1818	2
1819	0
1820	0
1821	2
1822	0
1823	3
1824	2
1825	3
1826	0
1827	0
1828	3
1829	0
1830	3
1831	2
1832	1
1833	3
1834	3
1835	0
1836	3
1837	0
1838	0
1839	3
1840	2
1841	3
1842	0
1843	0
1844	0
1845	1
1846	2
1847	3
1848	3
1849	2
1850	2
1851	3
1852	3
1853	3
1854	3
1855	0
1856	0
1857	0
1858	3
1859	1
1860	0
1861	0
1862	3
1863	2
1864	3
1865	2
1866	0
1867	2
1868	3
1869	3
1870	2
1871	0
1872	3
1873	2
1874	3
1875	3
1876	3
1877	0
1878	2
1879	3
1880	3
1881	2
1882	0
1883	2
1884	3
1885	0
1886	0
1887	2
1888	0
1889	2
1890	2
1891	3
1892	3
1893	3
1894	2
1895	3
1896	2
1897	2
1898	3
1899	2
1900	1
1901	3
1902	3
1903	0
1904	0
1905	0
1906	0
1907	3
1908	2
1909	2
1910	0
1911	0
1912	2
1913	0
1914	3
1915	3
1916	1
1917	1
1918	3
1919	1
1920	3
1921	2
1922	3
1923	1
1924	2
1925	0
1926	2
1927	0
1928	1
1929	3
1930	3
1931	2
1932	3
1933	0
1934	0
1935	3
1936	2
1937	3
1938	2
1939	3
1940	0
1941	0
1942	2
1943	0
1944	2
1945	0
1946	0
1947	2
1948	2
1949	2
1950	0
1951	3
1952	0
1953	3
1954	0
1955	3
1956	2
1957	1
1958	3
1959	1
1960	2
1961	3
1962	2
1963	0
1964	3
1965	0
1966	2
1967	2
1968	3
1969	1
1970	3
1971	0
1972	0
1973	3
1974	0
1975	0
1976	3
1977	3
1978	2
1979	3
1980	0
1981	3
1982	3
1983	0
1984	0
1985	0
1986	2
1987	2
1988	2
1989	2
1990	2
1991	1
1992	2
1993	2
1994	0
1995	1
1996	0
1997	2
1998	0
1999	3
2000	3
2001	0
2002	3
2003	3
2004	2
2005	3
2006	2
2007	3
2008	1
2009	0
2010	0
2011	0
2012	3
2013	3
2014	3
2015	3
2016	2
2017	3
2018	3
2019	2
2020	1
2021	0
2022	3
2023	3
2024	3
2025	3
2026	3
2027	0
2028	0
2029	2
2030	0
2031	3
2032	2
2033	0
2034	1
2035	3
2036	0
2037	0
2038	3
2039	0
2040	3
2041	0
2042	2
2043	2
2044	3
2045	1
2046	2
2047	0
