COMMAND
./sim gshare 13 13 ./proj2-traces/jpeg_trace.txt
OUTPUT
number of predictions:2000000
number of mispredictions:144403
misprediction rate:   7.22%
FINAL GSHARE CONTENTS
0	0
1	2
2	2
3	1
4	1
5	0
6	0
7	2
8	3
9	3
10	3
11	3
12	1
13	1
14	3
15	3
16	0
17	3
18	3
19	3
20	1
21	0
22	3
23	1
24	3
25	3
26	3
27	3
28	0
29	0
30	2
31	2
32	3
33	2
34	2
35	2
36	0
37	3
38	3
39	3
40	3
41	3
42	1
43	1
44	3
45	3
46	3
47	3
48	0
49	3
50	3
51	0
52	0
53	3
54	2
55	3
56	0
57	3
58	0
59	0
60	0
61	1
62	0
63	3
64	0
65	3
66	0
67	0
68	0
69	0
70	3
71	1
72	1
73	0
74	2
75	3
76	3
77	2
78	0
79	2
80	0
81	0
82	2
83	2
84	0
85	3
86	0
87	2
88	0
89	0
90	0
91	0
92	0
93	3
94	0
95	3
96	0
97	0
98	0
99	3
100	3
101	3
102	2
103	1
104	2
105	0
106	0
107	3
108	3
109	3
110	1
111	3
112	3
113	2
114	0
115	2
116	2
117	0
118	1
119	3
120	3
121	2
122	2
123	1
124	1
125	2
126	2
127	3
128	3
129	3
130	3
131	3
132	3
133	3
134	0
135	3
136	3
137	0
138	1
139	3
140	3
141	3
142	3
143	2
144	0
145	3
146	1
147	3
148	0
149	0
150	2
151	0
152	3
153	3
154	0
155	1
156	3
157	3
158	3
159	3
160	3
161	2
162	3
163	2
164	3
165	3
166	0
167	2
168	0
169	0
170	2
171	0
172	2
173	2
174	0
175	1
176	3
177	2
178	0
179	3
180	2
181	1
182	0
183	3
184	3
185	0
186	2
187	1
188	3
189	1
190	3
191	1
192	3
193	3
194	3
195	3
196	3
197	2
198	2
199	0
200	2
201	0
202	3
203	3
204	3
205	3
206	0
207	0
208	0
209	0
210	2
211	0
212	1
213	1
214	0
215	3
216	0
217	0
218	0
219	0
220	0
221	3
222	3
223	3
224	3
225	3
226	3
227	2
228	3
229	3
230	2
231	0
232	3
233	3
234	2
235	3
236	3
237	2
238	3
239	2
240	3
241	0
242	2
243	2
244	3
245	3
246	3
247	3
248	0
249	3
250	0
251	0
252	3
253	0
254	2
255	3
256	0
257	3
258	2
259	0
260	3
261	0
262	3
263	3
264	0
265	3
266	3
267	0
268	3
269	3
270	2
271	0
272	0
273	2
274	3
275	3
276	3
277	3
278	3
279	3
280	3
281	1
282	3
283	3
284	0
285	1
286	3
287	3
288	2
289	3
290	3
291	2
292	3
293	3
294	2
295	0
296	3
297	3
298	3
299	3
300	1
301	2
302	3
303	2
304	3
305	3
306	3
307	2
308	3
309	3
310	3
311	3
312	3
313	3
314	3
315	3
316	0
317	1
318	0
319	3
320	3
321	3
322	3
323	3
324	1
325	1
326	3
327	2
328	2
329	3
330	1
331	0
332	1
333	3
334	2
335	0
336	3
337	3
338	0
339	0
340	2
341	1
342	3
343	3
344	3
345	3
346	0
347	3
348	2
349	0
350	0
351	2
352	3
353	3
354	3
355	3
356	3
357	1
358	0
359	3
360	2
361	2
362	3
363	1
364	1
365	3
366	3
367	0
368	3
369	3
370	0
371	1
372	1
373	3
374	3
375	0
376	1
377	3
378	0
379	0
380	3
381	0
382	0
383	0
384	0
385	0
386	3
387	0
388	0
389	0
390	2
391	2
392	1
393	0
394	2
395	3
396	3
397	2
398	3
399	0
400	3
401	3
402	0
403	3
404	0
405	3
406	1
407	0
408	3
409	3
410	3
411	2
412	2
413	3
414	3
415	3
416	3
417	3
418	0
419	3
420	3
421	3
422	3
423	1
424	3
425	0
426	2
427	3
428	3
429	3
430	0
431	3
432	2
433	3
434	3
435	3
436	2
437	3
438	2
439	3
440	3
441	2
442	2
443	2
444	0
445	3
446	3
447	2
448	3
449	3
450	0
451	0
452	2
453	3
454	0
455	1
456	3
457	0
458	3
459	3
460	0
461	1
462	2
463	2
464	0
465	0
466	0
467	3
468	3
469	2
470	0
471	0
472	0
473	1
474	3
475	2
476	0
477	3
478	0
479	0
480	3
481	3
482	3
483	0
484	2
485	1
486	3
487	0
488	2
489	3
490	0
491	3
492	0
493	3
494	0
495	3
496	1
497	0
498	0
499	0
500	2
501	3
502	0
503	1
504	0
505	0
506	0
507	2
508	2
509	0
510	0
511	0
512	2
513	1
514	0
515	3
516	3
517	1
518	3
519	3
520	3
521	3
522	0
523	2
524	0
525	3
526	3
527	0
528	0
529	3
530	1
531	0
532	3
533	2
534	3
535	3
536	3
537	3
538	2
539	3
540	3
541	1
542	0
543	3
544	3
545	2
546	3
547	2
548	0
549	2
550	1
551	3
552	3
553	0
554	3
555	3
556	2
557	0
558	2
559	1
560	3
561	3
562	3
563	3
564	3
565	3
566	1
567	3
568	3
569	2
570	3
571	3
572	3
573	0
574	3
575	1
576	1
577	3
578	2
579	1
580	3
581	2
582	3
583	2
584	2
585	2
586	3
587	0
588	2
589	0
590	0
591	0
592	1
593	2
594	0
595	0
596	3
597	3
598	1
599	2
600	3
601	2
602	2
603	0
604	3
605	2
606	2
607	0
608	0
609	0
610	0
611	2
612	2
613	0
614	2
615	3
616	1
617	1
618	0
619	2
620	2
621	2
622	3
623	0
624	1
625	3
626	3
627	0
628	3
629	2
630	1
631	0
632	1
633	2
634	2
635	0
636	3
637	2
638	3
639	2
640	3
641	3
642	3
643	3
644	3
645	3
646	3
647	3
648	3
649	1
650	3
651	0
652	3
653	3
654	1
655	2
656	3
657	3
658	2
659	0
660	2
661	1
662	2
663	3
664	3
665	3
666	2
667	1
668	3
669	1
670	3
671	3
672	3
673	1
674	0
675	2
676	3
677	2
678	2
679	2
680	1
681	3
682	2
683	0
684	2
685	2
686	0
687	0
688	2
689	3
690	0
691	3
692	3
693	2
694	0
695	3
696	3
697	2
698	0
699	1
700	0
701	3
702	0
703	3
704	3
705	3
706	3
707	3
708	3
709	3
710	0
711	3
712	3
713	0
714	3
715	0
716	3
717	3
718	1
719	2
720	3
721	3
722	3
723	0
724	1
725	0
726	3
727	3
728	3
729	0
730	0
731	3
732	3
733	0
734	1
735	0
736	3
737	0
738	2
739	0
740	3
741	2
742	3
743	1
744	3
745	1
746	3
747	2
748	3
749	0
750	1
751	2
752	3
753	2
754	2
755	1
756	3
757	3
758	3
759	3
760	3
761	3
762	3
763	3
764	3
765	3
766	3
767	1
768	3
769	3
770	3
771	0
772	0
773	3
774	0
775	1
776	3
777	0
778	3
779	3
780	2
781	0
782	0
783	1
784	3
785	3
786	3
787	3
788	3
789	3
790	0
791	3
792	0
793	1
794	0
795	2
796	3
797	3
798	0
799	2
800	0
801	0
802	3
803	0
804	0
805	0
806	2
807	1
808	3
809	0
810	0
811	0
812	0
813	1
814	3
815	3
816	0
817	3
818	1
819	0
820	0
821	0
822	0
823	0
824	3
825	2
826	0
827	0
828	0
829	2
830	2
831	3
832	0
833	3
834	0
835	2
836	0
837	3
838	3
839	3
840	0
841	1
842	0
843	1
844	0
845	1
846	3
847	0
848	3
849	2
850	0
851	0
852	3
853	0
854	2
855	0
856	0
857	0
858	2
859	0
860	2
861	3
862	0
863	0
864	2
865	2
866	1
867	0
868	1
869	2
870	3
871	0
872	0
873	0
874	1
875	0
876	0
877	0
878	0
879	0
880	0
881	0
882	0
883	0
884	0
885	1
886	3
887	0
888	0
889	2
890	2
891	0
892	0
893	3
894	0
895	0
896	0
897	2
898	3
899	1
900	2
901	2
902	3
903	1
904	3
905	2
906	1
907	1
908	3
909	3
910	3
911	3
912	3
913	3
914	3
915	3
916	0
917	3
918	3
919	3
920	3
921	0
922	2
923	1
924	3
925	3
926	3
927	0
928	0
929	2
930	0
931	0
932	0
933	2
934	3
935	0
936	3
937	0
938	3
939	1
940	0
941	2
942	3
943	1
944	3
945	3
946	3
947	3
948	3
949	3
950	1
951	0
952	1
953	3
954	3
955	1
956	0
957	0
958	0
959	3
960	2
961	3
962	3
963	3
964	3
965	3
966	0
967	1
968	3
969	2
970	0
971	1
972	2
973	3
974	2
975	3
976	3
977	3
978	3
979	3
980	3
981	3
982	3
983	3
984	3
985	0
986	3
987	2
988	3
989	2
990	3
991	2
992	3
993	3
994	2
995	1
996	3
997	3
998	2
999	0
1000	0
1001	1
1002	3
1003	0
1004	3
1005	2
1006	2
1007	3
1008	3
1009	1
1010	3
1011	0
1012	3
1013	1
1014	3
1015	1
1016	1
1017	0
1018	3
1019	3
1020	3
1021	1
1022	1
1023	0
1024	3
1025	2
1026	3
1027	2
1028	2
1029	3
1030	3
1031	3
1032	3
1033	3
1034	1
1035	2
1036	3
1037	3
1038	2
1039	3
1040	3
1041	3
1042	2
1043	3
1044	3
1045	1
1046	2
1047	0
1048	3
1049	3
1050	3
1051	3
1052	2
1053	0
1054	3
1055	3
1056	3
1057	2
1058	0
1059	0
1060	3
1061	0
1062	3
1063	3
1064	3
1065	0
1066	0
1067	0
1068	2
1069	0
1070	3
1071	3
1072	3
1073	2
1074	3
1075	3
1076	2
1077	3
1078	3
1079	0
1080	1
1081	3
1082	1
1083	3
1084	2
1085	3
1086	3
1087	3
1088	0
1089	3
1090	0
1091	3
1092	0
1093	0
1094	0
1095	0
1096	3
1097	0
1098	3
1099	2
1100	2
1101	3
1102	3
1103	3
1104	0
1105	3
1106	2
1107	3
1108	3
1109	3
1110	3
1111	3
1112	2
1113	2
1114	3
1115	3
1116	2
1117	3
1118	2
1119	2
1120	3
1121	1
1122	0
1123	0
1124	3
1125	2
1126	3
1127	1
1128	3
1129	3
1130	3
1131	3
1132	3
1133	2
1134	3
1135	3
1136	0
1137	0
1138	0
1139	0
1140	1
1141	2
1142	2
1143	3
1144	3
1145	2
1146	3
1147	1
1148	2
1149	3
1150	2
1151	1
1152	2
1153	1
1154	2
1155	1
1156	2
1157	3
1158	2
1159	3
1160	0
1161	2
1162	0
1163	3
1164	0
1165	3
1166	2
1167	3
1168	3
1169	3
1170	3
1171	3
1172	0
1173	0
1174	3
1175	3
1176	0
1177	3
1178	3
1179	0
1180	2
1181	3
1182	3
1183	3
1184	3
1185	1
1186	0
1187	0
1188	0
1189	3
1190	0
1191	2
1192	0
1193	1
1194	2
1195	0
1196	0
1197	2
1198	2
1199	3
1200	3
1201	1
1202	1
1203	2
1204	3
1205	0
1206	3
1207	2
1208	1
1209	2
1210	0
1211	0
1212	3
1213	0
1214	3
1215	0
1216	0
1217	2
1218	3
1219	0
1220	3
1221	0
1222	2
1223	3
1224	3
1225	2
1226	3
1227	0
1228	3
1229	0
1230	0
1231	2
1232	3
1233	3
1234	3
1235	3
1236	3
1237	0
1238	3
1239	3
1240	0
1241	3
1242	3
1243	2
1244	1
1245	0
1246	3
1247	3
1248	3
1249	2
1250	2
1251	2
1252	3
1253	3
1254	3
1255	3
1256	3
1257	0
1258	3
1259	2
1260	1
1261	2
1262	3
1263	0
1264	1
1265	3
1266	0
1267	1
1268	3
1269	3
1270	3
1271	1
1272	3
1273	0
1274	2
1275	1
1276	2
1277	2
1278	1
1279	2
1280	3
1281	3
1282	3
1283	3
1284	1
1285	3
1286	3
1287	3
1288	3
1289	3
1290	3
1291	3
1292	3
1293	3
1294	3
1295	3
1296	2
1297	3
1298	2
1299	3
1300	3
1301	3
1302	3
1303	3
1304	3
1305	0
1306	3
1307	3
1308	2
1309	3
1310	3
1311	3
1312	3
1313	3
1314	3
1315	2
1316	3
1317	3
1318	3
1319	2
1320	3
1321	3
1322	3
1323	3
1324	1
1325	2
1326	0
1327	2
1328	2
1329	3
1330	0
1331	3
1332	2
1333	3
1334	3
1335	3
1336	0
1337	2
1338	2
1339	3
1340	2
1341	3
1342	3
1343	1
1344	2
1345	1
1346	3
1347	2
1348	3
1349	3
1350	2
1351	0
1352	2
1353	2
1354	1
1355	3
1356	2
1357	3
1358	0
1359	0
1360	0
1361	3
1362	3
1363	0
1364	1
1365	3
1366	3
1367	3
1368	0
1369	3
1370	1
1371	3
1372	2
1373	2
1374	3
1375	2
1376	2
1377	0
1378	2
1379	3
1380	3
1381	1
1382	3
1383	1
1384	3
1385	2
1386	2
1387	0
1388	3
1389	0
1390	2
1391	2
1392	3
1393	1
1394	2
1395	2
1396	3
1397	3
1398	0
1399	2
1400	2
1401	3
1402	3
1403	1
1404	3
1405	3
1406	3
1407	3
1408	3
1409	2
1410	0
1411	3
1412	0
1413	1
1414	2
1415	0
1416	3
1417	0
1418	3
1419	0
1420	2
1421	3
1422	3
1423	2
1424	2
1425	3
1426	1
1427	1
1428	3
1429	3
1430	2
1431	1
1432	2
1433	1
1434	3
1435	3
1436	3
1437	3
1438	3
1439	3
1440	3
1441	3
1442	3
1443	1
1444	2
1445	1
1446	1
1447	2
1448	2
1449	2
1450	2
1451	1
1452	3
1453	3
1454	3
1455	3
1456	3
1457	3
1458	2
1459	3
1460	3
1461	3
1462	2
1463	1
1464	0
1465	3
1466	3
1467	3
1468	3
1469	2
1470	3
1471	2
1472	3
1473	3
1474	3
1475	3
1476	3
1477	3
1478	2
1479	3
1480	1
1481	0
1482	0
1483	0
1484	2
1485	3
1486	2
1487	3
1488	2
1489	2
1490	3
1491	2
1492	3
1493	1
1494	3
1495	3
1496	2
1497	3
1498	2
1499	2
1500	3
1501	3
1502	3
1503	3
1504	3
1505	3
1506	3
1507	0
1508	3
1509	3
1510	2
1511	2
1512	2
1513	2
1514	3
1515	0
1516	3
1517	3
1518	3
1519	3
1520	3
1521	3
1522	1
1523	0
1524	3
1525	3
1526	3
1527	1
1528	3
1529	3
1530	0
1531	0
1532	3
1533	3
1534	3
1535	1
1536	3
1537	3
1538	3
1539	3
1540	3
1541	3
1542	2
1543	3
1544	3
1545	0
1546	3
1547	0
1548	3
1549	0
1550	3
1551	0
1552	2
1553	2
1554	2
1555	3
1556	1
1557	0
1558	2
1559	2
1560	3
1561	3
1562	0
1563	0
1564	0
1565	2
1566	0
1567	1
1568	3
1569	2
1570	3
1571	2
1572	3
1573	2
1574	3
1575	0
1576	2
1577	0
1578	3
1579	2
1580	1
1581	0
1582	0
1583	3
1584	2
1585	0
1586	2
1587	0
1588	2
1589	2
1590	3
1591	3
1592	1
1593	0
1594	0
1595	0
1596	0
1597	1
1598	0
1599	0
1600	3
1601	3
1602	3
1603	3
1604	3
1605	3
1606	0
1607	3
1608	2
1609	3
1610	3
1611	0
1612	2
1613	3
1614	3
1615	3
1616	0
1617	0
1618	3
1619	3
1620	0
1621	3
1622	3
1623	3
1624	3
1625	2
1626	0
1627	3
1628	3
1629	3
1630	3
1631	3
1632	0
1633	3
1634	3
1635	1
1636	3
1637	3
1638	2
1639	2
1640	0
1641	2
1642	0
1643	0
1644	2
1645	3
1646	2
1647	0
1648	0
1649	0
1650	0
1651	2
1652	0
1653	3
1654	3
1655	3
1656	3
1657	3
1658	3
1659	0
1660	3
1661	3
1662	1
1663	1
1664	3
1665	2
1666	3
1667	1
1668	2
1669	3
1670	3
1671	3
1672	3
1673	1
1674	3
1675	0
1676	0
1677	1
1678	3
1679	1
1680	2
1681	3
1682	3
1683	3
1684	0
1685	3
1686	3
1687	3
1688	0
1689	3
1690	3
1691	3
1692	3
1693	3
1694	3
1695	3
1696	3
1697	3
1698	3
1699	0
1700	3
1701	3
1702	3
1703	3
1704	3
1705	3
1706	3
1707	2
1708	3
1709	3
1710	3
1711	3
1712	3
1713	3
1714	3
1715	3
1716	3
1717	3
1718	3
1719	3
1720	3
1721	1
1722	3
1723	3
1724	3
1725	0
1726	3
1727	0
1728	3
1729	3
1730	3
1731	2
1732	3
1733	1
1734	0
1735	0
1736	2
1737	3
1738	3
1739	2
1740	3
1741	3
1742	3
1743	3
1744	3
1745	3
1746	3
1747	3
1748	3
1749	2
1750	3
1751	3
1752	3
1753	3
1754	3
1755	0
1756	3
1757	1
1758	3
1759	3
1760	3
1761	3
1762	3
1763	3
1764	3
1765	3
1766	3
1767	3
1768	0
1769	1
1770	2
1771	2
1772	0
1773	2
1774	3
1775	1
1776	0
1777	2
1778	0
1779	3
1780	3
1781	3
1782	3
1783	3
1784	3
1785	3
1786	3
1787	2
1788	2
1789	0
1790	3
1791	3
1792	3
1793	3
1794	3
1795	3
1796	1
1797	2
1798	3
1799	3
1800	2
1801	3
1802	2
1803	2
1804	3
1805	3
1806	3
1807	0
1808	3
1809	0
1810	2
1811	2
1812	3
1813	3
1814	1
1815	3
1816	3
1817	3
1818	0
1819	3
1820	2
1821	0
1822	0
1823	3
1824	2
1825	2
1826	3
1827	3
1828	3
1829	2
1830	3
1831	0
1832	3
1833	3
1834	3
1835	3
1836	3
1837	0
1838	3
1839	2
1840	0
1841	2
1842	0
1843	0
1844	2
1845	0
1846	3
1847	0
1848	1
1849	2
1850	0
1851	0
1852	3
1853	2
1854	3
1855	0
1856	0
1857	2
1858	3
1859	3
1860	3
1861	2
1862	3
1863	3
1864	3
1865	2
1866	2
1867	2
1868	3
1869	3
1870	2
1871	3
1872	0
1873	3
1874	2
1875	0
1876	3
1877	3
1878	3
1879	2
1880	0
1881	0
1882	1
1883	3
1884	1
1885	3
1886	2
1887	3
1888	2
1889	0
1890	0
1891	2
1892	3
1893	2
1894	2
1895	1
1896	2
1897	2
1898	3
1899	3
1900	2
1901	0
1902	0
1903	0
1904	1
1905	3
1906	2
1907	2
1908	2
1909	2
1910	2
1911	2
1912	3
1913	2
1914	1
1915	2
1916	2
1917	2
1918	0
1919	3
1920	0
1921	0
1922	3
1923	3
1924	2
1925	2
1926	3
1927	3
1928	0
1929	2
1930	3
1931	3
1932	3
1933	3
1934	3
1935	3
1936	2
1937	3
1938	0
1939	2
1940	2
1941	2
1942	1
1943	2
1944	0
1945	2
1946	0
1947	1
1948	3
1949	0
1950	3
1951	3
1952	2
1953	3
1954	2
1955	3
1956	3
1957	3
1958	0
1959	3
1960	3
1961	3
1962	2
1963	3
1964	3
1965	3
1966	2
1967	1
1968	3
1969	3
1970	0
1971	3
1972	2
1973	3
1974	0
1975	0
1976	3
1977	3
1978	1
1979	0
1980	0
1981	2
1982	2
1983	2
1984	3
1985	2
1986	3
1987	3
1988	3
1989	3
1990	2
1991	3
1992	0
1993	2
1994	3
1995	3
1996	2
1997	2
1998	2
1999	3
2000	3
2001	3
2002	3
2003	3
2004	3
2005	2
2006	2
2007	3
2008	3
2009	2
2010	3
2011	2
2012	3
2013	3
2014	2
2015	0
2016	3
2017	3
2018	3
2019	1
2020	3
2021	1
2022	3
2023	3
2024	3
2025	2
2026	3
2027	1
2028	3
2029	3
2030	3
2031	2
2032	3
2033	3
2034	1
2035	0
2036	3
2037	3
2038	3
2039	1
2040	3
2041	3
2042	0
2043	1
2044	3
2045	3
2046	3
2047	3
2048	3
2049	2
2050	0
2051	2
2052	2
2053	3
2054	0
2055	3
2056	2
2057	1
2058	3
2059	0
2060	2
2061	2
2062	3
2063	0
2064	2
2065	3
2066	3
2067	2
2068	0
2069	2
2070	3
2071	2
2072	2
2073	0
2074	2
2075	0
2076	0
2077	1
2078	3
2079	0
2080	3
2081	3
2082	1
2083	3
2084	3
2085	3
2086	0
2087	2
2088	0
2089	3
2090	3
2091	3
2092	3
2093	3
2094	0
2095	2
2096	0
2097	3
2098	0
2099	0
2100	2
2101	3
2102	0
2103	0
2104	2
2105	2
2106	0
2107	3
2108	2
2109	1
2110	3
2111	3
2112	2
2113	2
2114	3
2115	0
2116	0
2117	3
2118	3
2119	0
2120	3
2121	1
2122	3
2123	3
2124	3
2125	3
2126	3
2127	1
2128	3
2129	0
2130	2
2131	2
2132	0
2133	2
2134	3
2135	3
2136	3
2137	2
2138	0
2139	2
2140	3
2141	2
2142	3
2143	1
2144	2
2145	3
2146	2
2147	3
2148	3
2149	2
2150	3
2151	3
2152	0
2153	3
2154	2
2155	3
2156	3
2157	3
2158	3
2159	3
2160	3
2161	3
2162	3
2163	2
2164	3
2165	3
2166	3
2167	3
2168	3
2169	3
2170	3
2171	3
2172	3
2173	3
2174	0
2175	0
2176	3
2177	3
2178	3
2179	3
2180	1
2181	3
2182	0
2183	3
2184	3
2185	1
2186	0
2187	3
2188	2
2189	2
2190	3
2191	3
2192	3
2193	3
2194	3
2195	2
2196	3
2197	3
2198	3
2199	3
2200	0
2201	0
2202	3
2203	0
2204	3
2205	2
2206	3
2207	0
2208	2
2209	2
2210	3
2211	3
2212	1
2213	0
2214	2
2215	2
2216	3
2217	3
2218	3
2219	3
2220	3
2221	0
2222	2
2223	0
2224	3
2225	3
2226	2
2227	3
2228	0
2229	1
2230	2
2231	3
2232	0
2233	3
2234	1
2235	3
2236	1
2237	1
2238	3
2239	1
2240	1
2241	3
2242	2
2243	3
2244	2
2245	2
2246	0
2247	3
2248	2
2249	2
2250	0
2251	0
2252	2
2253	3
2254	2
2255	3
2256	3
2257	3
2258	3
2259	3
2260	1
2261	3
2262	1
2263	3
2264	3
2265	3
2266	3
2267	1
2268	1
2269	3
2270	2
2271	3
2272	3
2273	3
2274	3
2275	2
2276	3
2277	0
2278	1
2279	2
2280	2
2281	3
2282	2
2283	2
2284	1
2285	0
2286	3
2287	2
2288	3
2289	2
2290	2
2291	2
2292	3
2293	1
2294	3
2295	2
2296	2
2297	3
2298	3
2299	3
2300	3
2301	0
2302	3
2303	3
2304	0
2305	3
2306	3
2307	2
2308	3
2309	3
2310	3
2311	3
2312	3
2313	0
2314	2
2315	0
2316	3
2317	3
2318	0
2319	1
2320	3
2321	3
2322	0
2323	0
2324	2
2325	0
2326	2
2327	3
2328	3
2329	2
2330	2
2331	3
2332	3
2333	2
2334	3
2335	3
2336	2
2337	3
2338	0
2339	1
2340	3
2341	3
2342	2
2343	3
2344	0
2345	3
2346	3
2347	3
2348	3
2349	3
2350	3
2351	3
2352	0
2353	0
2354	0
2355	3
2356	0
2357	0
2358	2
2359	0
2360	3
2361	0
2362	2
2363	3
2364	3
2365	0
2366	3
2367	3
2368	0
2369	3
2370	3
2371	0
2372	1
2373	3
2374	2
2375	1
2376	3
2377	3
2378	1
2379	0
2380	3
2381	3
2382	0
2383	3
2384	3
2385	3
2386	2
2387	0
2388	3
2389	3
2390	3
2391	3
2392	2
2393	3
2394	1
2395	0
2396	3
2397	2
2398	3
2399	0
2400	3
2401	3
2402	3
2403	3
2404	3
2405	3
2406	3
2407	2
2408	3
2409	1
2410	3
2411	3
2412	3
2413	3
2414	3
2415	3
2416	3
2417	2
2418	2
2419	3
2420	0
2421	3
2422	3
2423	2
2424	2
2425	2
2426	0
2427	2
2428	2
2429	0
2430	0
2431	3
2432	0
2433	3
2434	2
2435	3
2436	2
2437	2
2438	2
2439	3
2440	2
2441	2
2442	0
2443	3
2444	0
2445	2
2446	2
2447	0
2448	3
2449	0
2450	2
2451	3
2452	2
2453	0
2454	2
2455	1
2456	2
2457	2
2458	3
2459	0
2460	0
2461	2
2462	0
2463	3
2464	3
2465	2
2466	3
2467	3
2468	3
2469	3
2470	3
2471	3
2472	2
2473	1
2474	0
2475	3
2476	2
2477	3
2478	3
2479	1
2480	3
2481	0
2482	3
2483	3
2484	2
2485	1
2486	3
2487	0
2488	0
2489	3
2490	3
2491	2
2492	2
2493	1
2494	1
2495	0
2496	2
2497	2
2498	0
2499	2
2500	3
2501	1
2502	3
2503	3
2504	3
2505	2
2506	2
2507	3
2508	3
2509	3
2510	3
2511	3
2512	3
2513	3
2514	2
2515	3
2516	3
2517	3
2518	3
2519	3
2520	3
2521	3
2522	1
2523	2
2524	3
2525	2
2526	3
2527	3
2528	0
2529	0
2530	3
2531	3
2532	3
2533	3
2534	3
2535	3
2536	3
2537	3
2538	2
2539	0
2540	2
2541	2
2542	3
2543	2
2544	0
2545	3
2546	0
2547	0
2548	0
2549	0
2550	0
2551	3
2552	3
2553	0
2554	0
2555	0
2556	2
2557	2
2558	0
2559	3
2560	2
2561	2
2562	2
2563	3
2564	2
2565	3
2566	2
2567	3
2568	2
2569	2
2570	3
2571	1
2572	1
2573	2
2574	2
2575	3
2576	3
2577	2
2578	0
2579	1
2580	3
2581	3
2582	2
2583	3
2584	3
2585	2
2586	2
2587	3
2588	0
2589	3
2590	1
2591	2
2592	1
2593	2
2594	3
2595	2
2596	3
2597	0
2598	2
2599	2
2600	3
2601	3
2602	3
2603	2
2604	3
2605	2
2606	0
2607	3
2608	2
2609	0
2610	0
2611	0
2612	2
2613	2
2614	3
2615	0
2616	2
2617	3
2618	0
2619	2
2620	3
2621	0
2622	1
2623	2
2624	1
2625	2
2626	1
2627	0
2628	3
2629	3
2630	2
2631	2
2632	0
2633	0
2634	0
2635	0
2636	3
2637	3
2638	0
2639	3
2640	2
2641	3
2642	2
2643	3
2644	2
2645	2
2646	2
2647	2
2648	0
2649	2
2650	2
2651	2
2652	0
2653	2
2654	0
2655	1
2656	3
2657	3
2658	3
2659	3
2660	2
2661	3
2662	0
2663	3
2664	3
2665	3
2666	3
2667	3
2668	3
2669	3
2670	3
2671	3
2672	3
2673	2
2674	2
2675	3
2676	2
2677	0
2678	2
2679	0
2680	2
2681	2
2682	3
2683	2
2684	2
2685	2
2686	0
2687	3
2688	3
2689	3
2690	3
2691	2
2692	3
2693	2
2694	3
2695	3
2696	2
2697	0
2698	0
2699	0
2700	2
2701	3
2702	2
2703	0
2704	3
2705	3
2706	3
2707	3
2708	2
2709	2
2710	2
2711	3
2712	1
2713	3
2714	1
2715	0
2716	2
2717	2
2718	2
2719	0
2720	3
2721	3
2722	3
2723	0
2724	2
2725	0
2726	3
2727	0
2728	3
2729	2
2730	0
2731	2
2732	1
2733	3
2734	0
2735	3
2736	3
2737	3
2738	3
2739	0
2740	3
2741	0
2742	1
2743	3
2744	1
2745	3
2746	2
2747	1
2748	3
2749	2
2750	0
2751	0
2752	3
2753	2
2754	1
2755	2
2756	1
2757	3
2758	2
2759	3
2760	3
2761	3
2762	3
2763	3
2764	0
2765	3
2766	2
2767	3
2768	3
2769	2
2770	2
2771	3
2772	0
2773	0
2774	0
2775	1
2776	0
2777	0
2778	3
2779	0
2780	3
2781	0
2782	2
2783	0
2784	3
2785	3
2786	3
2787	3
2788	2
2789	1
2790	0
2791	1
2792	3
2793	2
2794	3
2795	2
2796	3
2797	3
2798	3
2799	3
2800	3
2801	3
2802	3
2803	3
2804	1
2805	0
2806	0
2807	1
2808	3
2809	3
2810	2
2811	0
2812	0
2813	0
2814	2
2815	3
2816	0
2817	2
2818	3
2819	0
2820	1
2821	2
2822	2
2823	3
2824	0
2825	3
2826	0
2827	2
2828	1
2829	0
2830	3
2831	0
2832	3
2833	2
2834	3
2835	2
2836	3
2837	3
2838	0
2839	3
2840	2
2841	3
2842	2
2843	1
2844	3
2845	1
2846	2
2847	2
2848	1
2849	2
2850	0
2851	2
2852	3
2853	3
2854	2
2855	0
2856	3
2857	2
2858	2
2859	0
2860	3
2861	3
2862	2
2863	3
2864	2
2865	0
2866	3
2867	2
2868	3
2869	0
2870	2
2871	3
2872	0
2873	3
2874	0
2875	3
2876	2
2877	3
2878	2
2879	2
2880	0
2881	2
2882	0
2883	2
2884	2
2885	2
2886	2
2887	3
2888	0
2889	2
2890	2
2891	2
2892	3
2893	2
2894	3
2895	0
2896	2
2897	2
2898	3
2899	1
2900	2
2901	0
2902	1
2903	0
2904	2
2905	2
2906	2
2907	2
2908	0
2909	2
2910	2
2911	2
2912	3
2913	3
2914	2
2915	3
2916	3
2917	1
2918	2
2919	3
2920	2
2921	2
2922	0
2923	3
2924	3
2925	3
2926	3
2927	0
2928	2
2929	2
2930	2
2931	2
2932	2
2933	3
2934	2
2935	2
2936	2
2937	0
2938	0
2939	3
2940	0
2941	3
2942	2
2943	2
2944	2
2945	2
2946	2
2947	3
2948	3
2949	3
2950	3
2951	3
2952	0
2953	3
2954	3
2955	3
2956	0
2957	0
2958	2
2959	1
2960	3
2961	2
2962	2
2963	2
2964	3
2965	3
2966	0
2967	0
2968	2
2969	2
2970	3
2971	2
2972	0
2973	3
2974	0
2975	2
2976	0
2977	1
2978	2
2979	2
2980	2
2981	1
2982	3
2983	0
2984	0
2985	0
2986	0
2987	3
2988	0
2989	0
2990	2
2991	1
2992	0
2993	2
2994	3
2995	2
2996	2
2997	3
2998	3
2999	0
3000	3
3001	2
3002	3
3003	2
3004	3
3005	3
3006	0
3007	3
3008	3
3009	3
3010	3
3011	3
3012	0
3013	3
3014	2
3015	3
3016	3
3017	3
3018	3
3019	2
3020	0
3021	0
3022	1
3023	3
3024	0
3025	0
3026	3
3027	2
3028	3
3029	3
3030	3
3031	3
3032	0
3033	3
3034	0
3035	0
3036	2
3037	0
3038	3
3039	1
3040	0
3041	0
3042	3
3043	0
3044	2
3045	3
3046	0
3047	2
3048	2
3049	3
3050	0
3051	0
3052	2
3053	3
3054	1
3055	3
3056	0
3057	3
3058	0
3059	2
3060	0
3061	3
3062	0
3063	3
3064	0
3065	0
3066	0
3067	0
3068	1
3069	3
3070	0
3071	1
3072	1
3073	3
3074	3
3075	3
3076	3
3077	3
3078	3
3079	2
3080	3
3081	3
3082	2
3083	1
3084	2
3085	3
3086	2
3087	0
3088	2
3089	2
3090	1
3091	3
3092	3
3093	1
3094	2
3095	2
3096	2
3097	2
3098	2
3099	2
3100	2
3101	3
3102	0
3103	2
3104	2
3105	3
3106	2
3107	1
3108	2
3109	3
3110	2
3111	3
3112	0
3113	2
3114	0
3115	2
3116	2
3117	3
3118	2
3119	3
3120	0
3121	2
3122	0
3123	3
3124	0
3125	3
3126	0
3127	2
3128	2
3129	3
3130	0
3131	0
3132	0
3133	3
3134	1
3135	1
3136	0
3137	0
3138	1
3139	0
3140	1
3141	0
3142	0
3143	1
3144	3
3145	0
3146	3
3147	0
3148	1
3149	0
3150	0
3151	0
3152	2
3153	3
3154	3
3155	0
3156	3
3157	3
3158	0
3159	1
3160	2
3161	3
3162	3
3163	0
3164	0
3165	3
3166	0
3167	0
3168	0
3169	3
3170	0
3171	3
3172	3
3173	3
3174	3
3175	2
3176	2
3177	2
3178	2
3179	0
3180	3
3181	2
3182	1
3183	3
3184	0
3185	3
3186	0
3187	3
3188	0
3189	0
3190	2
3191	0
3192	3
3193	3
3194	1
3195	0
3196	3
3197	3
3198	1
3199	2
3200	0
3201	0
3202	0
3203	0
3204	1
3205	1
3206	1
3207	3
3208	0
3209	0
3210	3
3211	3
3212	0
3213	0
3214	0
3215	3
3216	0
3217	0
3218	3
3219	0
3220	0
3221	0
3222	1
3223	0
3224	0
3225	3
3226	0
3227	2
3228	0
3229	3
3230	0
3231	2
3232	0
3233	0
3234	3
3235	0
3236	0
3237	1
3238	2
3239	0
3240	0
3241	0
3242	2
3243	3
3244	2
3245	2
3246	2
3247	0
3248	3
3249	3
3250	0
3251	3
3252	0
3253	0
3254	0
3255	0
3256	3
3257	3
3258	3
3259	0
3260	0
3261	0
3262	2
3263	0
3264	0
3265	0
3266	1
3267	2
3268	0
3269	3
3270	0
3271	1
3272	3
3273	2
3274	0
3275	0
3276	0
3277	2
3278	1
3279	0
3280	0
3281	1
3282	3
3283	3
3284	3
3285	0
3286	3
3287	3
3288	2
3289	2
3290	0
3291	1
3292	1
3293	0
3294	1
3295	2
3296	1
3297	2
3298	2
3299	1
3300	2
3301	3
3302	2
3303	2
3304	1
3305	0
3306	0
3307	0
3308	3
3309	2
3310	3
3311	3
3312	3
3313	3
3314	3
3315	3
3316	0
3317	0
3318	1
3319	0
3320	3
3321	3
3322	3
3323	3
3324	1
3325	2
3326	3
3327	2
3328	3
3329	3
3330	3
3331	3
3332	2
3333	3
3334	3
3335	2
3336	3
3337	0
3338	3
3339	3
3340	3
3341	3
3342	0
3343	0
3344	2
3345	3
3346	1
3347	0
3348	3
3349	3
3350	0
3351	3
3352	3
3353	2
3354	3
3355	3
3356	3
3357	2
3358	3
3359	0
3360	3
3361	1
3362	0
3363	0
3364	1
3365	3
3366	3
3367	2
3368	3
3369	3
3370	3
3371	3
3372	0
3373	0
3374	2
3375	0
3376	2
3377	0
3378	3
3379	3
3380	0
3381	3
3382	3
3383	3
3384	0
3385	2
3386	2
3387	3
3388	2
3389	0
3390	3
3391	3
3392	0
3393	0
3394	3
3395	0
3396	1
3397	0
3398	0
3399	3
3400	2
3401	0
3402	2
3403	0
3404	3
3405	0
3406	0
3407	3
3408	3
3409	0
3410	1
3411	3
3412	3
3413	3
3414	3
3415	0
3416	1
3417	3
3418	3
3419	0
3420	3
3421	3
3422	0
3423	1
3424	0
3425	2
3426	2
3427	3
3428	2
3429	3
3430	2
3431	3
3432	3
3433	3
3434	3
3435	3
3436	0
3437	2
3438	2
3439	3
3440	3
3441	3
3442	2
3443	0
3444	0
3445	0
3446	0
3447	0
3448	0
3449	0
3450	2
3451	2
3452	2
3453	2
3454	3
3455	3
3456	1
3457	1
3458	2
3459	1
3460	2
3461	3
3462	3
3463	1
3464	3
3465	3
3466	3
3467	2
3468	3
3469	3
3470	3
3471	3
3472	3
3473	3
3474	0
3475	0
3476	2
3477	2
3478	3
3479	3
3480	2
3481	3
3482	1
3483	0
3484	2
3485	3
3486	0
3487	0
3488	3
3489	0
3490	3
3491	3
3492	3
3493	3
3494	2
3495	3
3496	1
3497	0
3498	2
3499	2
3500	0
3501	3
3502	1
3503	3
3504	3
3505	2
3506	0
3507	3
3508	3
3509	1
3510	2
3511	3
3512	0
3513	0
3514	2
3515	3
3516	0
3517	0
3518	3
3519	1
3520	2
3521	3
3522	0
3523	2
3524	3
3525	2
3526	3
3527	3
3528	3
3529	1
3530	2
3531	2
3532	1
3533	2
3534	0
3535	2
3536	3
3537	3
3538	3
3539	0
3540	3
3541	3
3542	2
3543	3
3544	3
3545	0
3546	0
3547	0
3548	0
3549	0
3550	1
3551	0
3552	3
3553	0
3554	3
3555	3
3556	2
3557	2
3558	3
3559	3
3560	2
3561	1
3562	3
3563	1
3564	0
3565	2
3566	3
3567	1
3568	0
3569	2
3570	0
3571	3
3572	3
3573	3
3574	3
3575	3
3576	0
3577	3
3578	2
3579	2
3580	2
3581	0
3582	1
3583	3
3584	3
3585	3
3586	3
3587	1
3588	3
3589	3
3590	0
3591	3
3592	3
3593	0
3594	2
3595	0
3596	2
3597	0
3598	0
3599	1
3600	0
3601	3
3602	0
3603	0
3604	0
3605	0
3606	0
3607	2
3608	3
3609	0
3610	0
3611	3
3612	0
3613	0
3614	0
3615	0
3616	2
3617	0
3618	0
3619	2
3620	3
3621	3
3622	3
3623	1
3624	2
3625	0
3626	3
3627	1
3628	0
3629	0
3630	0
3631	0
3632	2
3633	2
3634	0
3635	2
3636	0
3637	3
3638	1
3639	0
3640	3
3641	0
3642	3
3643	0
3644	3
3645	0
3646	0
3647	0
3648	3
3649	3
3650	3
3651	3
3652	3
3653	3
3654	0
3655	3
3656	3
3657	2
3658	0
3659	1
3660	3
3661	3
3662	0
3663	0
3664	3
3665	2
3666	0
3667	3
3668	0
3669	0
3670	3
3671	3
3672	3
3673	3
3674	2
3675	3
3676	3
3677	3
3678	0
3679	3
3680	3
3681	2
3682	2
3683	1
3684	3
3685	2
3686	0
3687	1
3688	2
3689	2
3690	0
3691	0
3692	3
3693	2
3694	0
3695	0
3696	0
3697	0
3698	0
3699	0
3700	0
3701	0
3702	0
3703	0
3704	0
3705	3
3706	1
3707	0
3708	0
3709	3
3710	0
3711	3
3712	0
3713	3
3714	0
3715	0
3716	1
3717	3
3718	3
3719	3
3720	0
3721	3
3722	3
3723	3
3724	0
3725	0
3726	0
3727	3
3728	0
3729	2
3730	3
3731	3
3732	3
3733	3
3734	0
3735	3
3736	3
3737	2
3738	2
3739	2
3740	3
3741	3
3742	2
3743	3
3744	2
3745	3
3746	3
3747	3
3748	0
3749	2
3750	1
3751	0
3752	0
3753	0
3754	0
3755	0
3756	0
3757	0
3758	2
3759	3
3760	3
3761	2
3762	3
3763	1
3764	0
3765	1
3766	0
3767	0
3768	3
3769	3
3770	0
3771	1
3772	2
3773	0
3774	0
3775	2
3776	3
3777	3
3778	0
3779	0
3780	3
3781	3
3782	3
3783	3
3784	0
3785	3
3786	0
3787	0
3788	3
3789	3
3790	0
3791	0
3792	3
3793	3
3794	2
3795	3
3796	3
3797	3
3798	3
3799	3
3800	2
3801	3
3802	3
3803	3
3804	3
3805	3
3806	1
3807	3
3808	3
3809	0
3810	3
3811	0
3812	3
3813	3
3814	3
3815	3
3816	1
3817	0
3818	0
3819	0
3820	1
3821	3
3822	2
3823	3
3824	3
3825	3
3826	0
3827	1
3828	3
3829	2
3830	0
3831	0
3832	3
3833	3
3834	2
3835	3
3836	3
3837	2
3838	3
3839	3
3840	3
3841	2
3842	3
3843	0
3844	0
3845	0
3846	1
3847	2
3848	2
3849	0
3850	3
3851	0
3852	1
3853	2
3854	2
3855	0
3856	3
3857	3
3858	1
3859	1
3860	1
3861	0
3862	3
3863	3
3864	0
3865	0
3866	1
3867	0
3868	0
3869	0
3870	0
3871	2
3872	0
3873	0
3874	1
3875	3
3876	0
3877	2
3878	3
3879	2
3880	0
3881	2
3882	0
3883	0
3884	3
3885	0
3886	3
3887	3
3888	0
3889	1
3890	3
3891	0
3892	0
3893	0
3894	3
3895	3
3896	0
3897	2
3898	2
3899	1
3900	1
3901	3
3902	0
3903	3
3904	3
3905	2
3906	3
3907	2
3908	3
3909	3
3910	3
3911	3
3912	3
3913	3
3914	3
3915	3
3916	0
3917	1
3918	3
3919	3
3920	3
3921	2
3922	0
3923	0
3924	1
3925	1
3926	2
3927	3
3928	2
3929	3
3930	0
3931	0
3932	0
3933	2
3934	2
3935	2
3936	2
3937	2
3938	2
3939	2
3940	2
3941	2
3942	0
3943	2
3944	2
3945	3
3946	1
3947	0
3948	0
3949	0
3950	0
3951	0
3952	1
3953	2
3954	0
3955	3
3956	0
3957	3
3958	0
3959	2
3960	0
3961	2
3962	2
3963	2
3964	0
3965	2
3966	0
3967	1
3968	0
3969	0
3970	1
3971	3
3972	3
3973	2
3974	2
3975	3
3976	1
3977	1
3978	3
3979	0
3980	0
3981	1
3982	3
3983	3
3984	1
3985	2
3986	0
3987	2
3988	1
3989	0
3990	0
3991	2
3992	1
3993	3
3994	2
3995	0
3996	2
3997	3
3998	0
3999	3
4000	0
4001	3
4002	0
4003	3
4004	1
4005	3
4006	0
4007	3
4008	0
4009	0
4010	0
4011	0
4012	3
4013	2
4014	0
4015	0
4016	0
4017	0
4018	0
4019	0
4020	0
4021	0
4022	0
4023	2
4024	3
4025	0
4026	0
4027	2
4028	0
4029	0
4030	2
4031	0
4032	3
4033	0
4034	3
4035	3
4036	3
4037	0
4038	3
4039	3
4040	1
4041	3
4042	3
4043	3
4044	1
4045	0
4046	3
4047	3
4048	3
4049	2
4050	0
4051	3
4052	2
4053	3
4054	3
4055	3
4056	3
4057	0
4058	1
4059	1
4060	3
4061	3
4062	1
4063	3
4064	3
4065	3
4066	3
4067	0
4068	3
4069	2
4070	3
4071	3
4072	3
4073	0
4074	3
4075	0
4076	0
4077	0
4078	0
4079	0
4080	1
4081	0
4082	3
4083	1
4084	1
4085	3
4086	3
4087	3
4088	1
4089	3
4090	3
4091	3
4092	3
4093	3
4094	3
4095	3
4096	3
4097	3
4098	1
4099	3
4100	3
4101	2
4102	3
4103	3
4104	3
4105	3
4106	3
4107	2
4108	3
4109	2
4110	0
4111	0
4112	0
4113	3
4114	2
4115	0
4116	2
4117	2
4118	2
4119	3
4120	3
4121	3
4122	0
4123	0
4124	2
4125	0
4126	3
4127	1
4128	3
4129	2
4130	3
4131	2
4132	3
4133	0
4134	3
4135	3
4136	3
4137	2
4138	3
4139	3
4140	2
4141	2
4142	2
4143	2
4144	2
4145	0
4146	3
4147	3
4148	2
4149	3
4150	3
4151	3
4152	3
4153	3
4154	2
4155	3
4156	0
4157	2
4158	2
4159	3
4160	3
4161	3
4162	1
4163	0
4164	3
4165	0
4166	2
4167	3
4168	3
4169	1
4170	0
4171	0
4172	3
4173	2
4174	2
4175	3
4176	2
4177	3
4178	2
4179	2
4180	2
4181	2
4182	2
4183	3
4184	3
4185	3
4186	2
4187	3
4188	2
4189	2
4190	3
4191	3
4192	2
4193	0
4194	3
4195	3
4196	1
4197	0
4198	0
4199	0
4200	3
4201	2
4202	3
4203	2
4204	3
4205	0
4206	0
4207	0
4208	0
4209	3
4210	2
4211	2
4212	2
4213	0
4214	0
4215	0
4216	3
4217	2
4218	2
4219	2
4220	0
4221	3
4222	2
4223	3
4224	3
4225	3
4226	3
4227	3
4228	3
4229	0
4230	2
4231	3
4232	3
4233	2
4234	2
4235	2
4236	2
4237	0
4238	3
4239	0
4240	2
4241	3
4242	3
4243	3
4244	0
4245	1
4246	2
4247	3
4248	3
4249	2
4250	3
4251	0
4252	3
4253	3
4254	3
4255	3
4256	3
4257	3
4258	3
4259	3
4260	2
4261	1
4262	3
4263	2
4264	3
4265	3
4266	3
4267	3
4268	2
4269	1
4270	3
4271	3
4272	0
4273	1
4274	3
4275	0
4276	3
4277	3
4278	2
4279	2
4280	1
4281	3
4282	0
4283	0
4284	3
4285	3
4286	2
4287	3
4288	3
4289	3
4290	2
4291	3
4292	2
4293	1
4294	2
4295	3
4296	3
4297	3
4298	3
4299	2
4300	3
4301	3
4302	2
4303	2
4304	3
4305	3
4306	3
4307	2
4308	3
4309	3
4310	2
4311	3
4312	3
4313	3
4314	3
4315	3
4316	0
4317	3
4318	3
4319	3
4320	3
4321	3
4322	3
4323	3
4324	3
4325	3
4326	2
4327	3
4328	3
4329	3
4330	3
4331	2
4332	3
4333	3
4334	3
4335	0
4336	3
4337	3
4338	2
4339	1
4340	2
4341	3
4342	3
4343	2
4344	0
4345	3
4346	2
4347	3
4348	3
4349	3
4350	2
4351	2
4352	3
4353	3
4354	2
4355	2
4356	2
4357	2
4358	3
4359	3
4360	3
4361	3
4362	3
4363	2
4364	2
4365	0
4366	2
4367	2
4368	3
4369	3
4370	2
4371	3
4372	3
4373	0
4374	3
4375	0
4376	2
4377	3
4378	3
4379	3
4380	3
4381	3
4382	2
4383	3
4384	3
4385	2
4386	3
4387	3
4388	2
4389	1
4390	3
4391	3
4392	3
4393	2
4394	3
4395	2
4396	2
4397	3
4398	3
4399	2
4400	2
4401	1
4402	3
4403	3
4404	2
4405	3
4406	2
4407	3
4408	2
4409	0
4410	3
4411	3
4412	3
4413	3
4414	3
4415	2
4416	3
4417	3
4418	3
4419	3
4420	0
4421	3
4422	2
4423	3
4424	3
4425	3
4426	2
4427	0
4428	3
4429	0
4430	3
4431	0
4432	2
4433	1
4434	2
4435	2
4436	3
4437	1
4438	2
4439	1
4440	3
4441	0
4442	3
4443	2
4444	2
4445	2
4446	2
4447	2
4448	2
4449	3
4450	3
4451	2
4452	3
4453	3
4454	2
4455	3
4456	3
4457	3
4458	3
4459	0
4460	1
4461	3
4462	3
4463	3
4464	2
4465	3
4466	2
4467	0
4468	1
4469	0
4470	1
4471	3
4472	2
4473	2
4474	3
4475	2
4476	2
4477	3
4478	3
4479	3
4480	3
4481	2
4482	2
4483	0
4484	0
4485	0
4486	3
4487	2
4488	3
4489	2
4490	3
4491	2
4492	0
4493	2
4494	3
4495	3
4496	2
4497	2
4498	1
4499	3
4500	3
4501	2
4502	3
4503	2
4504	2
4505	3
4506	2
4507	2
4508	2
4509	3
4510	2
4511	3
4512	3
4513	3
4514	3
4515	3
4516	3
4517	3
4518	3
4519	2
4520	3
4521	2
4522	2
4523	3
4524	0
4525	3
4526	2
4527	2
4528	3
4529	3
4530	3
4531	2
4532	2
4533	3
4534	3
4535	3
4536	3
4537	3
4538	2
4539	3
4540	1
4541	3
4542	3
4543	2
4544	2
4545	3
4546	0
4547	3
4548	3
4549	0
4550	3
4551	3
4552	0
4553	2
4554	0
4555	2
4556	2
4557	0
4558	3
4559	3
4560	1
4561	3
4562	1
4563	3
4564	3
4565	3
4566	0
4567	2
4568	1
4569	0
4570	3
4571	0
4572	0
4573	0
4574	3
4575	3
4576	3
4577	2
4578	3
4579	0
4580	2
4581	3
4582	3
4583	3
4584	2
4585	3
4586	2
4587	3
4588	1
4589	3
4590	1
4591	3
4592	2
4593	2
4594	3
4595	3
4596	2
4597	2
4598	3
4599	2
4600	3
4601	3
4602	0
4603	3
4604	2
4605	0
4606	3
4607	0
4608	0
4609	3
4610	2
4611	3
4612	1
4613	3
4614	3
4615	3
4616	3
4617	0
4618	0
4619	2
4620	0
4621	2
4622	2
4623	2
4624	0
4625	2
4626	2
4627	3
4628	0
4629	3
4630	3
4631	2
4632	2
4633	3
4634	2
4635	3
4636	3
4637	1
4638	2
4639	2
4640	3
4641	3
4642	2
4643	3
4644	3
4645	3
4646	3
4647	3
4648	0
4649	3
4650	3
4651	3
4652	0
4653	0
4654	0
4655	0
4656	2
4657	3
4658	3
4659	3
4660	2
4661	2
4662	2
4663	2
4664	3
4665	3
4666	3
4667	3
4668	2
4669	3
4670	3
4671	3
4672	1
4673	3
4674	2
4675	0
4676	3
4677	2
4678	3
4679	3
4680	3
4681	0
4682	3
4683	3
4684	3
4685	3
4686	3
4687	1
4688	1
4689	2
4690	3
4691	0
4692	3
4693	2
4694	2
4695	2
4696	2
4697	2
4698	3
4699	3
4700	3
4701	3
4702	3
4703	3
4704	0
4705	3
4706	0
4707	2
4708	2
4709	3
4710	3
4711	2
4712	3
4713	3
4714	3
4715	2
4716	3
4717	2
4718	2
4719	3
4720	3
4721	3
4722	3
4723	0
4724	3
4725	3
4726	3
4727	0
4728	1
4729	1
4730	3
4731	3
4732	3
4733	3
4734	2
4735	2
4736	2
4737	2
4738	3
4739	3
4740	3
4741	3
4742	3
4743	3
4744	3
4745	3
4746	2
4747	0
4748	2
4749	2
4750	2
4751	3
4752	3
4753	0
4754	2
4755	2
4756	1
4757	3
4758	3
4759	0
4760	3
4761	0
4762	2
4763	3
4764	0
4765	2
4766	3
4767	3
4768	3
4769	2
4770	2
4771	2
4772	2
4773	2
4774	2
4775	3
4776	3
4777	2
4778	2
4779	3
4780	2
4781	3
4782	3
4783	2
4784	2
4785	2
4786	0
4787	1
4788	2
4789	2
4790	3
4791	3
4792	2
4793	3
4794	3
4795	3
4796	3
4797	2
4798	3
4799	2
4800	0
4801	2
4802	1
4803	3
4804	3
4805	2
4806	3
4807	3
4808	2
4809	2
4810	2
4811	3
4812	2
4813	1
4814	2
4815	2
4816	3
4817	0
4818	0
4819	3
4820	2
4821	3
4822	2
4823	0
4824	3
4825	2
4826	0
4827	3
4828	2
4829	2
4830	0
4831	0
4832	2
4833	2
4834	3
4835	2
4836	3
4837	2
4838	3
4839	2
4840	2
4841	3
4842	3
4843	1
4844	0
4845	2
4846	2
4847	0
4848	2
4849	2
4850	3
4851	0
4852	3
4853	2
4854	2
4855	2
4856	3
4857	1
4858	2
4859	3
4860	3
4861	0
4862	3
4863	3
4864	2
4865	1
4866	3
4867	3
4868	3
4869	3
4870	3
4871	2
4872	3
4873	2
4874	2
4875	0
4876	0
4877	1
4878	2
4879	1
4880	3
4881	3
4882	2
4883	3
4884	3
4885	3
4886	2
4887	3
4888	2
4889	2
4890	3
4891	1
4892	1
4893	3
4894	2
4895	3
4896	3
4897	2
4898	3
4899	1
4900	1
4901	2
4902	3
4903	3
4904	3
4905	3
4906	3
4907	3
4908	3
4909	0
4910	3
4911	0
4912	3
4913	3
4914	2
4915	3
4916	3
4917	2
4918	2
4919	3
4920	3
4921	3
4922	3
4923	2
4924	2
4925	0
4926	2
4927	2
4928	0
4929	1
4930	2
4931	3
4932	3
4933	0
4934	3
4935	2
4936	2
4937	3
4938	3
4939	1
4940	2
4941	0
4942	3
4943	3
4944	3
4945	3
4946	3
4947	3
4948	2
4949	3
4950	3
4951	2
4952	2
4953	3
4954	3
4955	3
4956	3
4957	3
4958	3
4959	3
4960	3
4961	0
4962	1
4963	3
4964	3
4965	3
4966	2
4967	3
4968	3
4969	3
4970	0
4971	2
4972	1
4973	3
4974	3
4975	3
4976	2
4977	2
4978	3
4979	3
4980	3
4981	3
4982	3
4983	1
4984	3
4985	3
4986	2
4987	2
4988	2
4989	3
4990	0
4991	3
4992	3
4993	0
4994	3
4995	3
4996	2
4997	3
4998	3
4999	3
5000	3
5001	3
5002	3
5003	2
5004	3
5005	3
5006	0
5007	3
5008	2
5009	0
5010	2
5011	3
5012	0
5013	1
5014	0
5015	2
5016	3
5017	0
5018	2
5019	2
5020	0
5021	3
5022	0
5023	3
5024	1
5025	3
5026	3
5027	2
5028	0
5029	3
5030	2
5031	0
5032	0
5033	0
5034	3
5035	0
5036	3
5037	3
5038	2
5039	0
5040	0
5041	3
5042	1
5043	0
5044	0
5045	2
5046	2
5047	0
5048	0
5049	0
5050	3
5051	3
5052	0
5053	0
5054	0
5055	0
5056	3
5057	3
5058	1
5059	3
5060	2
5061	3
5062	3
5063	3
5064	3
5065	3
5066	3
5067	3
5068	3
5069	2
5070	3
5071	3
5072	0
5073	3
5074	2
5075	2
5076	3
5077	3
5078	0
5079	3
5080	3
5081	3
5082	3
5083	3
5084	2
5085	2
5086	3
5087	3
5088	0
5089	2
5090	0
5091	3
5092	2
5093	2
5094	1
5095	3
5096	2
5097	2
5098	2
5099	1
5100	3
5101	3
5102	1
5103	3
5104	2
5105	0
5106	3
5107	3
5108	0
5109	1
5110	3
5111	1
5112	3
5113	1
5114	3
5115	3
5116	2
5117	3
5118	3
5119	2
5120	3
5121	2
5122	2
5123	2
5124	2
5125	3
5126	3
5127	3
5128	0
5129	2
5130	0
5131	2
5132	2
5133	2
5134	2
5135	1
5136	3
5137	3
5138	3
5139	3
5140	1
5141	2
5142	3
5143	2
5144	3
5145	3
5146	3
5147	3
5148	3
5149	3
5150	3
5151	2
5152	1
5153	3
5154	2
5155	0
5156	2
5157	2
5158	1
5159	3
5160	0
5161	2
5162	2
5163	0
5164	0
5165	2
5166	2
5167	3
5168	0
5169	0
5170	3
5171	2
5172	3
5173	2
5174	1
5175	2
5176	2
5177	2
5178	2
5179	2
5180	2
5181	1
5182	3
5183	0
5184	3
5185	0
5186	2
5187	1
5188	2
5189	2
5190	3
5191	2
5192	3
5193	2
5194	3
5195	3
5196	0
5197	2
5198	3
5199	3
5200	2
5201	3
5202	3
5203	0
5204	3
5205	3
5206	3
5207	3
5208	3
5209	0
5210	3
5211	0
5212	3
5213	3
5214	2
5215	0
5216	3
5217	3
5218	2
5219	3
5220	3
5221	2
5222	3
5223	0
5224	1
5225	2
5226	2
5227	0
5228	3
5229	0
5230	3
5231	1
5232	3
5233	0
5234	0
5235	3
5236	3
5237	0
5238	0
5239	3
5240	0
5241	1
5242	2
5243	0
5244	2
5245	3
5246	3
5247	3
5248	2
5249	2
5250	2
5251	3
5252	1
5253	3
5254	2
5255	3
5256	0
5257	3
5258	2
5259	3
5260	2
5261	0
5262	2
5263	1
5264	2
5265	3
5266	3
5267	2
5268	0
5269	0
5270	0
5271	3
5272	2
5273	2
5274	3
5275	2
5276	3
5277	0
5278	0
5279	3
5280	3
5281	3
5282	3
5283	3
5284	0
5285	0
5286	3
5287	3
5288	2
5289	2
5290	2
5291	1
5292	0
5293	0
5294	3
5295	3
5296	2
5297	2
5298	0
5299	0
5300	0
5301	2
5302	3
5303	2
5304	2
5305	2
5306	2
5307	2
5308	2
5309	2
5310	1
5311	1
5312	2
5313	3
5314	2
5315	2
5316	2
5317	3
5318	2
5319	3
5320	2
5321	3
5322	0
5323	3
5324	1
5325	2
5326	2
5327	2
5328	2
5329	3
5330	0
5331	0
5332	3
5333	3
5334	3
5335	3
5336	2
5337	2
5338	2
5339	0
5340	2
5341	2
5342	0
5343	3
5344	3
5345	3
5346	3
5347	3
5348	0
5349	0
5350	3
5351	3
5352	2
5353	2
5354	2
5355	3
5356	2
5357	0
5358	3
5359	3
5360	2
5361	2
5362	1
5363	3
5364	2
5365	2
5366	3
5367	3
5368	2
5369	3
5370	0
5371	2
5372	2
5373	3
5374	3
5375	3
5376	0
5377	2
5378	3
5379	3
5380	3
5381	2
5382	3
5383	3
5384	3
5385	3
5386	3
5387	1
5388	2
5389	2
5390	3
5391	3
5392	3
5393	3
5394	2
5395	3
5396	3
5397	3
5398	2
5399	3
5400	0
5401	3
5402	2
5403	3
5404	2
5405	3
5406	2
5407	3
5408	3
5409	0
5410	0
5411	3
5412	2
5413	2
5414	3
5415	3
5416	3
5417	3
5418	3
5419	0
5420	0
5421	3
5422	0
5423	1
5424	0
5425	0
5426	3
5427	3
5428	2
5429	3
5430	3
5431	3
5432	2
5433	3
5434	3
5435	3
5436	3
5437	3
5438	3
5439	3
5440	0
5441	2
5442	0
5443	3
5444	2
5445	3
5446	0
5447	0
5448	2
5449	0
5450	2
5451	3
5452	0
5453	0
5454	2
5455	0
5456	1
5457	2
5458	2
5459	3
5460	3
5461	3
5462	3
5463	3
5464	3
5465	3
5466	1
5467	3
5468	3
5469	2
5470	3
5471	0
5472	3
5473	0
5474	2
5475	3
5476	2
5477	3
5478	2
5479	0
5480	0
5481	2
5482	3
5483	3
5484	2
5485	2
5486	2
5487	2
5488	3
5489	2
5490	0
5491	2
5492	3
5493	3
5494	0
5495	2
5496	1
5497	0
5498	3
5499	1
5500	3
5501	3
5502	0
5503	0
5504	2
5505	3
5506	3
5507	0
5508	2
5509	2
5510	2
5511	2
5512	2
5513	2
5514	3
5515	2
5516	0
5517	2
5518	3
5519	3
5520	3
5521	2
5522	2
5523	0
5524	3
5525	2
5526	2
5527	2
5528	3
5529	3
5530	2
5531	3
5532	2
5533	0
5534	2
5535	3
5536	3
5537	1
5538	3
5539	3
5540	3
5541	3
5542	0
5543	0
5544	0
5545	0
5546	3
5547	3
5548	1
5549	1
5550	3
5551	1
5552	2
5553	3
5554	2
5555	1
5556	1
5557	3
5558	2
5559	3
5560	1
5561	3
5562	2
5563	2
5564	1
5565	2
5566	3
5567	2
5568	3
5569	3
5570	3
5571	3
5572	3
5573	2
5574	3
5575	3
5576	3
5577	3
5578	3
5579	3
5580	2
5581	2
5582	0
5583	3
5584	2
5585	3
5586	3
5587	3
5588	3
5589	2
5590	0
5591	2
5592	2
5593	2
5594	3
5595	3
5596	2
5597	0
5598	2
5599	2
5600	0
5601	2
5602	2
5603	0
5604	0
5605	0
5606	3
5607	1
5608	0
5609	3
5610	1
5611	2
5612	3
5613	0
5614	2
5615	2
5616	3
5617	2
5618	2
5619	3
5620	3
5621	3
5622	3
5623	3
5624	3
5625	2
5626	1
5627	1
5628	2
5629	0
5630	2
5631	1
5632	3
5633	1
5634	2
5635	2
5636	2
5637	3
5638	2
5639	3
5640	3
5641	0
5642	2
5643	1
5644	3
5645	1
5646	3
5647	3
5648	3
5649	3
5650	3
5651	3
5652	3
5653	3
5654	2
5655	2
5656	3
5657	3
5658	2
5659	0
5660	3
5661	3
5662	1
5663	2
5664	2
5665	2
5666	3
5667	3
5668	3
5669	2
5670	2
5671	3
5672	2
5673	2
5674	2
5675	1
5676	0
5677	0
5678	2
5679	2
5680	2
5681	2
5682	0
5683	3
5684	3
5685	2
5686	3
5687	0
5688	2
5689	3
5690	3
5691	3
5692	3
5693	3
5694	3
5695	2
5696	1
5697	2
5698	0
5699	2
5700	3
5701	1
5702	2
5703	3
5704	0
5705	2
5706	0
5707	3
5708	1
5709	0
5710	2
5711	1
5712	3
5713	3
5714	0
5715	3
5716	3
5717	3
5718	3
5719	2
5720	3
5721	3
5722	2
5723	3
5724	1
5725	3
5726	2
5727	3
5728	3
5729	3
5730	3
5731	1
5732	3
5733	0
5734	3
5735	3
5736	2
5737	2
5738	2
5739	3
5740	2
5741	2
5742	3
5743	2
5744	0
5745	3
5746	3
5747	3
5748	3
5749	0
5750	0
5751	3
5752	0
5753	2
5754	3
5755	3
5756	2
5757	1
5758	3
5759	2
5760	0
5761	0
5762	1
5763	2
5764	2
5765	2
5766	2
5767	3
5768	2
5769	2
5770	2
5771	3
5772	0
5773	0
5774	2
5775	2
5776	0
5777	3
5778	3
5779	3
5780	1
5781	0
5782	2
5783	1
5784	2
5785	2
5786	2
5787	3
5788	3
5789	2
5790	3
5791	3
5792	3
5793	3
5794	3
5795	3
5796	0
5797	1
5798	3
5799	3
5800	0
5801	2
5802	2
5803	3
5804	3
5805	3
5806	3
5807	3
5808	3
5809	3
5810	1
5811	2
5812	3
5813	2
5814	2
5815	3
5816	2
5817	3
5818	3
5819	3
5820	2
5821	3
5822	2
5823	0
5824	0
5825	2
5826	0
5827	3
5828	3
5829	3
5830	3
5831	3
5832	3
5833	3
5834	2
5835	0
5836	3
5837	3
5838	0
5839	3
5840	0
5841	2
5842	0
5843	3
5844	3
5845	3
5846	2
5847	3
5848	0
5849	2
5850	2
5851	2
5852	2
5853	2
5854	2
5855	3
5856	3
5857	3
5858	3
5859	3
5860	0
5861	0
5862	3
5863	3
5864	0
5865	0
5866	0
5867	2
5868	0
5869	3
5870	3
5871	3
5872	3
5873	3
5874	3
5875	2
5876	3
5877	0
5878	3
5879	3
5880	3
5881	2
5882	3
5883	0
5884	0
5885	3
5886	0
5887	3
5888	3
5889	2
5890	3
5891	3
5892	3
5893	3
5894	3
5895	3
5896	2
5897	2
5898	3
5899	3
5900	2
5901	1
5902	3
5903	2
5904	2
5905	3
5906	3
5907	3
5908	1
5909	3
5910	3
5911	3
5912	1
5913	3
5914	0
5915	3
5916	2
5917	2
5918	3
5919	3
5920	0
5921	3
5922	3
5923	2
5924	0
5925	2
5926	3
5927	3
5928	3
5929	2
5930	1
5931	3
5932	3
5933	0
5934	3
5935	2
5936	2
5937	3
5938	2
5939	1
5940	3
5941	3
5942	0
5943	0
5944	2
5945	3
5946	0
5947	2
5948	0
5949	3
5950	0
5951	0
5952	1
5953	3
5954	0
5955	0
5956	3
5957	3
5958	0
5959	1
5960	3
5961	3
5962	2
5963	3
5964	0
5965	3
5966	2
5967	2
5968	3
5969	3
5970	2
5971	0
5972	3
5973	3
5974	3
5975	3
5976	3
5977	3
5978	2
5979	2
5980	3
5981	3
5982	2
5983	3
5984	3
5985	3
5986	3
5987	0
5988	3
5989	3
5990	3
5991	3
5992	3
5993	1
5994	2
5995	2
5996	0
5997	0
5998	3
5999	3
6000	2
6001	2
6002	3
6003	3
6004	3
6005	2
6006	0
6007	3
6008	3
6009	0
6010	2
6011	2
6012	3
6013	2
6014	3
6015	2
6016	3
6017	2
6018	2
6019	2
6020	2
6021	2
6022	3
6023	2
6024	3
6025	0
6026	3
6027	2
6028	0
6029	0
6030	1
6031	0
6032	3
6033	2
6034	3
6035	3
6036	3
6037	3
6038	0
6039	2
6040	3
6041	3
6042	3
6043	3
6044	0
6045	2
6046	3
6047	2
6048	3
6049	3
6050	3
6051	2
6052	0
6053	0
6054	2
6055	2
6056	0
6057	2
6058	0
6059	0
6060	3
6061	3
6062	3
6063	3
6064	3
6065	0
6066	0
6067	3
6068	3
6069	3
6070	0
6071	2
6072	0
6073	0
6074	0
6075	3
6076	3
6077	2
6078	2
6079	3
6080	3
6081	3
6082	3
6083	2
6084	3
6085	3
6086	3
6087	2
6088	3
6089	3
6090	3
6091	3
6092	3
6093	3
6094	3
6095	2
6096	3
6097	3
6098	3
6099	2
6100	3
6101	3
6102	3
6103	3
6104	3
6105	2
6106	3
6107	3
6108	3
6109	3
6110	1
6111	3
6112	3
6113	2
6114	0
6115	2
6116	0
6117	2
6118	3
6119	2
6120	3
6121	0
6122	2
6123	2
6124	0
6125	1
6126	3
6127	3
6128	3
6129	3
6130	2
6131	3
6132	3
6133	3
6134	2
6135	1
6136	3
6137	3
6138	3
6139	3
6140	2
6141	0
6142	0
6143	3
6144	0
6145	0
6146	2
6147	2
6148	2
6149	3
6150	0
6151	0
6152	0
6153	3
6154	3
6155	3
6156	0
6157	0
6158	0
6159	2
6160	2
6161	3
6162	1
6163	0
6164	0
6165	3
6166	0
6167	0
6168	1
6169	2
6170	3
6171	0
6172	3
6173	3
6174	3
6175	0
6176	0
6177	3
6178	2
6179	3
6180	3
6181	3
6182	2
6183	2
6184	3
6185	1
6186	3
6187	0
6188	0
6189	0
6190	0
6191	1
6192	3
6193	3
6194	3
6195	0
6196	3
6197	3
6198	3
6199	3
6200	1
6201	0
6202	0
6203	0
6204	0
6205	1
6206	0
6207	0
6208	0
6209	0
6210	2
6211	2
6212	2
6213	3
6214	0
6215	0
6216	0
6217	0
6218	3
6219	3
6220	0
6221	1
6222	0
6223	0
6224	0
6225	3
6226	3
6227	0
6228	3
6229	0
6230	3
6231	0
6232	0
6233	2
6234	0
6235	3
6236	2
6237	1
6238	0
6239	0
6240	2
6241	1
6242	3
6243	3
6244	3
6245	3
6246	1
6247	3
6248	0
6249	0
6250	3
6251	0
6252	3
6253	2
6254	0
6255	3
6256	0
6257	1
6258	0
6259	3
6260	3
6261	0
6262	0
6263	3
6264	0
6265	3
6266	3
6267	0
6268	1
6269	3
6270	0
6271	0
6272	0
6273	0
6274	1
6275	3
6276	0
6277	1
6278	3
6279	2
6280	3
6281	3
6282	3
6283	3
6284	0
6285	3
6286	3
6287	2
6288	0
6289	3
6290	0
6291	2
6292	0
6293	1
6294	3
6295	2
6296	2
6297	0
6298	2
6299	2
6300	0
6301	0
6302	2
6303	2
6304	3
6305	3
6306	1
6307	3
6308	3
6309	3
6310	2
6311	0
6312	2
6313	2
6314	2
6315	1
6316	0
6317	3
6318	0
6319	1
6320	0
6321	3
6322	0
6323	3
6324	0
6325	2
6326	0
6327	0
6328	3
6329	3
6330	2
6331	0
6332	3
6333	2
6334	2
6335	2
6336	3
6337	0
6338	2
6339	2
6340	2
6341	0
6342	3
6343	3
6344	3
6345	3
6346	2
6347	3
6348	3
6349	0
6350	0
6351	0
6352	0
6353	0
6354	0
6355	3
6356	0
6357	0
6358	0
6359	0
6360	2
6361	3
6362	3
6363	3
6364	3
6365	0
6366	3
6367	0
6368	0
6369	3
6370	2
6371	0
6372	2
6373	3
6374	2
6375	0
6376	0
6377	2
6378	0
6379	3
6380	3
6381	2
6382	1
6383	0
6384	1
6385	2
6386	1
6387	3
6388	0
6389	3
6390	0
6391	0
6392	2
6393	2
6394	3
6395	2
6396	3
6397	3
6398	3
6399	3
6400	3
6401	2
6402	2
6403	2
6404	2
6405	3
6406	3
6407	0
6408	2
6409	0
6410	0
6411	0
6412	3
6413	0
6414	3
6415	3
6416	3
6417	3
6418	2
6419	3
6420	1
6421	3
6422	2
6423	2
6424	3
6425	3
6426	2
6427	1
6428	3
6429	3
6430	2
6431	2
6432	3
6433	0
6434	2
6435	3
6436	3
6437	3
6438	2
6439	2
6440	1
6441	2
6442	3
6443	3
6444	0
6445	2
6446	3
6447	2
6448	3
6449	2
6450	2
6451	2
6452	0
6453	3
6454	3
6455	2
6456	3
6457	1
6458	3
6459	2
6460	3
6461	3
6462	3
6463	2
6464	2
6465	3
6466	2
6467	2
6468	3
6469	3
6470	2
6471	2
6472	3
6473	2
6474	1
6475	2
6476	2
6477	3
6478	0
6479	2
6480	2
6481	0
6482	3
6483	0
6484	3
6485	3
6486	2
6487	2
6488	0
6489	0
6490	2
6491	0
6492	2
6493	2
6494	2
6495	2
6496	0
6497	2
6498	1
6499	3
6500	3
6501	1
6502	1
6503	0
6504	2
6505	2
6506	2
6507	3
6508	3
6509	2
6510	2
6511	3
6512	2
6513	3
6514	3
6515	2
6516	3
6517	3
6518	0
6519	1
6520	1
6521	2
6522	1
6523	2
6524	0
6525	2
6526	3
6527	2
6528	3
6529	2
6530	2
6531	3
6532	3
6533	2
6534	3
6535	2
6536	2
6537	3
6538	2
6539	3
6540	2
6541	0
6542	3
6543	3
6544	2
6545	3
6546	3
6547	2
6548	0
6549	3
6550	3
6551	2
6552	2
6553	3
6554	0
6555	2
6556	1
6557	2
6558	0
6559	3
6560	3
6561	0
6562	3
6563	0
6564	2
6565	0
6566	2
6567	2
6568	0
6569	3
6570	2
6571	0
6572	2
6573	3
6574	2
6575	3
6576	0
6577	0
6578	2
6579	3
6580	3
6581	0
6582	2
6583	2
6584	1
6585	3
6586	2
6587	2
6588	2
6589	2
6590	2
6591	2
6592	2
6593	2
6594	0
6595	3
6596	2
6597	2
6598	3
6599	1
6600	0
6601	3
6602	0
6603	3
6604	0
6605	1
6606	2
6607	0
6608	3
6609	3
6610	3
6611	0
6612	3
6613	3
6614	2
6615	0
6616	2
6617	1
6618	2
6619	3
6620	2
6621	3
6622	3
6623	3
6624	0
6625	3
6626	3
6627	3
6628	2
6629	3
6630	2
6631	3
6632	0
6633	3
6634	3
6635	3
6636	0
6637	0
6638	3
6639	2
6640	2
6641	2
6642	2
6643	3
6644	2
6645	2
6646	2
6647	0
6648	0
6649	2
6650	2
6651	3
6652	2
6653	2
6654	2
6655	1
6656	1
6657	3
6658	1
6659	3
6660	2
6661	2
6662	3
6663	3
6664	0
6665	0
6666	3
6667	2
6668	2
6669	0
6670	3
6671	3
6672	2
6673	2
6674	2
6675	3
6676	0
6677	2
6678	3
6679	1
6680	3
6681	0
6682	3
6683	1
6684	3
6685	3
6686	3
6687	2
6688	3
6689	2
6690	2
6691	2
6692	0
6693	0
6694	3
6695	2
6696	0
6697	0
6698	1
6699	0
6700	2
6701	3
6702	3
6703	2
6704	3
6705	2
6706	2
6707	0
6708	3
6709	1
6710	3
6711	0
6712	1
6713	3
6714	2
6715	2
6716	0
6717	3
6718	3
6719	1
6720	3
6721	1
6722	3
6723	1
6724	3
6725	3
6726	3
6727	3
6728	2
6729	2
6730	1
6731	3
6732	3
6733	3
6734	2
6735	3
6736	3
6737	2
6738	2
6739	2
6740	3
6741	3
6742	3
6743	3
6744	0
6745	0
6746	0
6747	0
6748	1
6749	3
6750	3
6751	2
6752	0
6753	2
6754	2
6755	3
6756	3
6757	3
6758	3
6759	3
6760	2
6761	2
6762	3
6763	0
6764	3
6765	1
6766	3
6767	3
6768	3
6769	3
6770	0
6771	0
6772	3
6773	3
6774	3
6775	1
6776	2
6777	3
6778	3
6779	3
6780	3
6781	0
6782	0
6783	0
6784	3
6785	1
6786	2
6787	0
6788	2
6789	0
6790	3
6791	3
6792	0
6793	0
6794	3
6795	3
6796	1
6797	2
6798	3
6799	2
6800	3
6801	3
6802	3
6803	2
6804	3
6805	3
6806	2
6807	2
6808	3
6809	3
6810	3
6811	2
6812	3
6813	3
6814	2
6815	0
6816	2
6817	3
6818	3
6819	2
6820	3
6821	3
6822	3
6823	1
6824	3
6825	3
6826	3
6827	0
6828	3
6829	3
6830	3
6831	3
6832	3
6833	3
6834	2
6835	2
6836	3
6837	2
6838	2
6839	3
6840	3
6841	3
6842	3
6843	3
6844	3
6845	3
6846	0
6847	2
6848	3
6849	3
6850	1
6851	3
6852	3
6853	3
6854	3
6855	2
6856	3
6857	3
6858	3
6859	1
6860	3
6861	3
6862	2
6863	3
6864	2
6865	0
6866	0
6867	3
6868	3
6869	3
6870	0
6871	2
6872	3
6873	3
6874	0
6875	3
6876	3
6877	3
6878	3
6879	0
6880	3
6881	3
6882	3
6883	3
6884	3
6885	3
6886	2
6887	2
6888	0
6889	3
6890	3
6891	0
6892	3
6893	3
6894	3
6895	3
6896	0
6897	3
6898	1
6899	3
6900	1
6901	2
6902	3
6903	1
6904	3
6905	3
6906	3
6907	3
6908	3
6909	3
6910	1
6911	3
6912	2
6913	2
6914	3
6915	3
6916	1
6917	2
6918	3
6919	1
6920	1
6921	3
6922	3
6923	1
6924	0
6925	0
6926	0
6927	3
6928	2
6929	1
6930	3
6931	2
6932	1
6933	0
6934	3
6935	0
6936	3
6937	2
6938	3
6939	3
6940	2
6941	3
6942	1
6943	2
6944	2
6945	0
6946	0
6947	2
6948	2
6949	2
6950	3
6951	0
6952	0
6953	1
6954	2
6955	0
6956	2
6957	3
6958	3
6959	3
6960	3
6961	0
6962	0
6963	0
6964	0
6965	0
6966	3
6967	1
6968	1
6969	3
6970	0
6971	3
6972	3
6973	0
6974	1
6975	0
6976	1
6977	2
6978	0
6979	2
6980	2
6981	3
6982	3
6983	3
6984	2
6985	3
6986	1
6987	3
6988	0
6989	1
6990	1
6991	2
6992	0
6993	3
6994	0
6995	2
6996	2
6997	2
6998	2
6999	2
7000	2
7001	2
7002	3
7003	2
7004	2
7005	1
7006	3
7007	1
7008	3
7009	3
7010	3
7011	3
7012	2
7013	3
7014	2
7015	2
7016	3
7017	2
7018	1
7019	2
7020	3
7021	3
7022	3
7023	0
7024	0
7025	3
7026	3
7027	3
7028	2
7029	2
7030	3
7031	3
7032	0
7033	3
7034	2
7035	1
7036	2
7037	3
7038	1
7039	2
7040	3
7041	2
7042	3
7043	1
7044	3
7045	3
7046	3
7047	2
7048	0
7049	2
7050	2
7051	3
7052	3
7053	3
7054	2
7055	3
7056	2
7057	2
7058	2
7059	0
7060	3
7061	3
7062	0
7063	0
7064	2
7065	0
7066	3
7067	3
7068	3
7069	1
7070	2
7071	2
7072	2
7073	3
7074	2
7075	2
7076	0
7077	2
7078	2
7079	2
7080	1
7081	3
7082	3
7083	0
7084	2
7085	2
7086	0
7087	2
7088	2
7089	3
7090	2
7091	0
7092	1
7093	1
7094	2
7095	1
7096	0
7097	0
7098	2
7099	3
7100	2
7101	0
7102	3
7103	2
7104	3
7105	3
7106	2
7107	3
7108	2
7109	3
7110	2
7111	3
7112	3
7113	3
7114	3
7115	2
7116	2
7117	3
7118	3
7119	3
7120	1
7121	3
7122	3
7123	2
7124	2
7125	2
7126	2
7127	3
7128	2
7129	3
7130	1
7131	1
7132	3
7133	3
7134	3
7135	3
7136	0
7137	0
7138	3
7139	2
7140	3
7141	3
7142	3
7143	2
7144	2
7145	3
7146	2
7147	2
7148	2
7149	0
7150	3
7151	3
7152	2
7153	0
7154	0
7155	3
7156	3
7157	2
7158	3
7159	0
7160	3
7161	3
7162	3
7163	3
7164	3
7165	3
7166	3
7167	3
7168	3
7169	2
7170	3
7171	3
7172	3
7173	3
7174	3
7175	0
7176	3
7177	2
7178	3
7179	3
7180	1
7181	3
7182	0
7183	0
7184	3
7185	3
7186	3
7187	3
7188	3
7189	2
7190	2
7191	3
7192	0
7193	3
7194	3
7195	3
7196	0
7197	0
7198	3
7199	3
7200	3
7201	3
7202	3
7203	3
7204	3
7205	3
7206	3
7207	3
7208	2
7209	3
7210	3
7211	3
7212	3
7213	3
7214	3
7215	3
7216	3
7217	0
7218	2
7219	3
7220	2
7221	3
7222	1
7223	3
7224	3
7225	3
7226	3
7227	3
7228	3
7229	3
7230	3
7231	3
7232	3
7233	0
7234	3
7235	3
7236	2
7237	1
7238	2
7239	3
7240	3
7241	3
7242	3
7243	3
7244	3
7245	3
7246	3
7247	3
7248	3
7249	3
7250	3
7251	0
7252	2
7253	3
7254	3
7255	3
7256	2
7257	3
7258	3
7259	2
7260	3
7261	3
7262	2
7263	1
7264	3
7265	0
7266	2
7267	2
7268	3
7269	3
7270	0
7271	3
7272	3
7273	3
7274	3
7275	3
7276	3
7277	3
7278	2
7279	3
7280	3
7281	3
7282	3
7283	3
7284	0
7285	3
7286	3
7287	2
7288	3
7289	2
7290	2
7291	3
7292	2
7293	1
7294	2
7295	2
7296	3
7297	2
7298	2
7299	2
7300	1
7301	3
7302	3
7303	1
7304	3
7305	1
7306	3
7307	3
7308	2
7309	3
7310	3
7311	3
7312	3
7313	3
7314	1
7315	3
7316	3
7317	2
7318	3
7319	3
7320	3
7321	3
7322	3
7323	3
7324	3
7325	2
7326	3
7327	1
7328	2
7329	3
7330	1
7331	2
7332	3
7333	2
7334	2
7335	0
7336	2
7337	3
7338	3
7339	3
7340	3
7341	3
7342	3
7343	3
7344	3
7345	2
7346	0
7347	0
7348	2
7349	3
7350	3
7351	3
7352	3
7353	3
7354	3
7355	3
7356	1
7357	3
7358	0
7359	2
7360	2
7361	3
7362	3
7363	1
7364	3
7365	3
7366	2
7367	1
7368	3
7369	3
7370	3
7371	3
7372	2
7373	2
7374	2
7375	2
7376	0
7377	1
7378	3
7379	3
7380	2
7381	1
7382	3
7383	3
7384	2
7385	3
7386	3
7387	3
7388	2
7389	3
7390	1
7391	2
7392	3
7393	2
7394	2
7395	2
7396	3
7397	3
7398	3
7399	0
7400	3
7401	3
7402	2
7403	2
7404	3
7405	0
7406	3
7407	2
7408	3
7409	3
7410	3
7411	2
7412	3
7413	3
7414	3
7415	3
7416	3
7417	3
7418	3
7419	3
7420	2
7421	3
7422	0
7423	3
7424	2
7425	0
7426	3
7427	1
7428	3
7429	3
7430	2
7431	3
7432	3
7433	2
7434	3
7435	0
7436	3
7437	3
7438	3
7439	2
7440	0
7441	2
7442	3
7443	3
7444	3
7445	3
7446	3
7447	3
7448	2
7449	3
7450	3
7451	2
7452	3
7453	3
7454	3
7455	2
7456	0
7457	0
7458	3
7459	3
7460	3
7461	3
7462	2
7463	0
7464	0
7465	3
7466	0
7467	3
7468	3
7469	0
7470	3
7471	2
7472	3
7473	3
7474	2
7475	3
7476	3
7477	3
7478	2
7479	3
7480	3
7481	3
7482	2
7483	3
7484	3
7485	3
7486	3
7487	3
7488	2
7489	0
7490	3
7491	2
7492	0
7493	0
7494	2
7495	2
7496	1
7497	2
7498	3
7499	3
7500	0
7501	3
7502	0
7503	2
7504	3
7505	3
7506	2
7507	3
7508	2
7509	2
7510	2
7511	2
7512	2
7513	0
7514	1
7515	1
7516	1
7517	0
7518	0
7519	2
7520	3
7521	2
7522	3
7523	0
7524	2
7525	0
7526	3
7527	0
7528	3
7529	2
7530	3
7531	2
7532	0
7533	0
7534	1
7535	3
7536	2
7537	3
7538	0
7539	0
7540	1
7541	3
7542	2
7543	3
7544	3
7545	3
7546	0
7547	1
7548	3
7549	0
7550	3
7551	3
7552	2
7553	2
7554	3
7555	2
7556	2
7557	3
7558	0
7559	2
7560	0
7561	2
7562	3
7563	2
7564	2
7565	0
7566	2
7567	1
7568	2
7569	3
7570	3
7571	3
7572	3
7573	3
7574	3
7575	3
7576	2
7577	1
7578	1
7579	3
7580	2
7581	3
7582	0
7583	0
7584	0
7585	3
7586	3
7587	2
7588	3
7589	1
7590	3
7591	2
7592	3
7593	2
7594	0
7595	3
7596	3
7597	1
7598	0
7599	2
7600	3
7601	3
7602	3
7603	2
7604	2
7605	3
7606	3
7607	3
7608	3
7609	2
7610	1
7611	3
7612	3
7613	3
7614	3
7615	3
7616	3
7617	0
7618	3
7619	3
7620	2
7621	3
7622	2
7623	0
7624	3
7625	3
7626	2
7627	2
7628	3
7629	0
7630	2
7631	1
7632	3
7633	1
7634	2
7635	2
7636	3
7637	2
7638	0
7639	2
7640	1
7641	2
7642	2
7643	3
7644	2
7645	3
7646	0
7647	2
7648	0
7649	3
7650	2
7651	3
7652	3
7653	1
7654	3
7655	2
7656	0
7657	2
7658	2
7659	2
7660	0
7661	0
7662	3
7663	3
7664	0
7665	0
7666	2
7667	2
7668	0
7669	2
7670	3
7671	3
7672	2
7673	2
7674	1
7675	2
7676	3
7677	0
7678	3
7679	1
7680	3
7681	3
7682	3
7683	3
7684	2
7685	3
7686	3
7687	0
7688	0
7689	2
7690	3
7691	3
7692	3
7693	0
7694	1
7695	0
7696	0
7697	3
7698	0
7699	3
7700	2
7701	3
7702	2
7703	3
7704	3
7705	3
7706	3
7707	3
7708	3
7709	3
7710	1
7711	2
7712	3
7713	3
7714	3
7715	3
7716	0
7717	3
7718	3
7719	0
7720	0
7721	2
7722	3
7723	0
7724	3
7725	3
7726	1
7727	3
7728	3
7729	3
7730	0
7731	3
7732	1
7733	3
7734	1
7735	1
7736	3
7737	0
7738	0
7739	3
7740	3
7741	3
7742	2
7743	3
7744	3
7745	2
7746	2
7747	2
7748	3
7749	3
7750	3
7751	3
7752	3
7753	3
7754	2
7755	3
7756	3
7757	0
7758	2
7759	0
7760	2
7761	0
7762	3
7763	3
7764	2
7765	2
7766	3
7767	3
7768	3
7769	0
7770	0
7771	3
7772	1
7773	3
7774	0
7775	3
7776	3
7777	3
7778	3
7779	3
7780	3
7781	3
7782	2
7783	0
7784	3
7785	0
7786	3
7787	3
7788	3
7789	3
7790	2
7791	2
7792	1
7793	2
7794	3
7795	3
7796	3
7797	0
7798	1
7799	2
7800	0
7801	2
7802	1
7803	2
7804	3
7805	3
7806	3
7807	0
7808	3
7809	2
7810	2
7811	3
7812	3
7813	2
7814	2
7815	2
7816	2
7817	3
7818	2
7819	3
7820	3
7821	2
7822	3
7823	3
7824	1
7825	0
7826	1
7827	3
7828	3
7829	3
7830	3
7831	3
7832	1
7833	3
7834	3
7835	3
7836	3
7837	3
7838	3
7839	3
7840	3
7841	1
7842	3
7843	2
7844	2
7845	3
7846	3
7847	3
7848	3
7849	3
7850	0
7851	3
7852	3
7853	3
7854	2
7855	3
7856	3
7857	2
7858	3
7859	3
7860	0
7861	2
7862	3
7863	3
7864	0
7865	0
7866	3
7867	3
7868	2
7869	3
7870	2
7871	0
7872	3
7873	3
7874	2
7875	3
7876	0
7877	3
7878	3
7879	3
7880	3
7881	3
7882	3
7883	3
7884	0
7885	1
7886	3
7887	3
7888	3
7889	3
7890	3
7891	3
7892	3
7893	2
7894	3
7895	3
7896	3
7897	3
7898	3
7899	3
7900	3
7901	3
7902	3
7903	3
7904	3
7905	3
7906	2
7907	3
7908	2
7909	3
7910	3
7911	3
7912	3
7913	3
7914	1
7915	3
7916	3
7917	0
7918	3
7919	0
7920	2
7921	3
7922	3
7923	3
7924	3
7925	3
7926	0
7927	0
7928	3
7929	3
7930	0
7931	3
7932	3
7933	3
7934	2
7935	2
7936	3
7937	2
7938	3
7939	3
7940	0
7941	2
7942	3
7943	0
7944	3
7945	2
7946	2
7947	3
7948	2
7949	0
7950	2
7951	2
7952	3
7953	3
7954	1
7955	3
7956	3
7957	3
7958	3
7959	0
7960	3
7961	3
7962	2
7963	0
7964	2
7965	3
7966	2
7967	0
7968	0
7969	2
7970	0
7971	0
7972	0
7973	2
7974	3
7975	2
7976	3
7977	2
7978	3
7979	0
7980	2
7981	1
7982	2
7983	2
7984	3
7985	2
7986	0
7987	2
7988	3
7989	3
7990	0
7991	2
7992	3
7993	3
7994	3
7995	0
7996	3
7997	3
7998	3
7999	2
8000	0
8001	2
8002	0
8003	0
8004	2
8005	3
8006	3
8007	2
8008	2
8009	3
8010	3
8011	3
8012	2
8013	3
8014	0
8015	2
8016	2
8017	3
8018	2
8019	0
8020	3
8021	0
8022	1
8023	3
8024	3
8025	3
8026	3
8027	2
8028	3
8029	3
8030	3
8031	2
8032	3
8033	2
8034	2
8035	2
8036	3
8037	3
8038	2
8039	3
8040	2
8041	2
8042	3
8043	3
8044	0
8045	0
8046	3
8047	0
8048	3
8049	0
8050	3
8051	0
8052	3
8053	3
8054	3
8055	3
8056	2
8057	3
8058	2
8059	2
8060	3
8061	3
8062	0
8063	1
8064	3
8065	3
8066	3
8067	3
8068	3
8069	3
8070	2
8071	3
8072	2
8073	3
8074	3
8075	0
8076	3
8077	0
8078	3
8079	3
8080	3
8081	3
8082	3
8083	3
8084	3
8085	3
8086	3
8087	3
8088	3
8089	2
8090	3
8091	3
8092	3
8093	2
8094	3
8095	3
8096	3
8097	3
8098	3
8099	3
8100	3
8101	2
8102	3
8103	3
8104	3
8105	3
8106	2
8107	3
8108	3
8109	3
8110	3
8111	3
8112	0
8113	2
8114	0
8115	0
8116	2
8117	2
8118	3
8119	3
8120	3
8121	3
8122	3
8123	3
8124	2
8125	3
8126	0
8127	3
8128	3
8129	3
8130	0
8131	3
8132	3
8133	3
8134	3
8135	3
8136	3
8137	2
8138	3
8139	0
8140	3
8141	3
8142	3
8143	3
8144	2
8145	3
8146	3
8147	3
8148	3
8149	3
8150	1
8151	3
8152	3
8153	3
8154	3
8155	3
8156	3
8157	2
8158	3
8159	3
8160	3
8161	3
8162	3
8163	3
8164	3
8165	1
8166	3
8167	3
8168	3
8169	3
8170	3
8171	3
8172	2
8173	3
8174	1
8175	2
8176	3
8177	3
8178	3
8179	1
8180	3
8181	3
8182	0
8183	2
8184	3
8185	3
8186	3
8187	3
8188	3
8189	3
8190	0
8191	3
