COMMAND
./sim gshare 12 10 ./proj2-traces/jpeg_trace.txt
OUTPUT
number of predictions:2000000
number of mispredictions:143647
misprediction rate:   7.18%
FINAL GSHARE CONTENTS
0	3
1	0
2	3
3	3
4	3
5	3
6	3
7	3
8	3
9	3
10	3
11	3
12	3
13	0
14	3
15	0
16	0
17	3
18	3
19	3
20	3
21	0
22	3
23	1
24	3
25	3
26	3
27	3
28	2
29	3
30	3
31	3
32	2
33	0
34	3
35	1
36	2
37	3
38	3
39	1
40	3
41	3
42	3
43	0
44	0
45	1
46	2
47	3
48	3
49	2
50	0
51	0
52	1
53	3
54	3
55	1
56	3
57	3
58	3
59	1
60	3
61	1
62	2
63	2
64	2
65	3
66	0
67	0
68	0
69	2
70	3
71	0
72	3
73	3
74	3
75	3
76	3
77	0
78	2
79	3
80	1
81	3
82	3
83	3
84	3
85	3
86	3
87	3
88	2
89	3
90	3
91	3
92	1
93	1
94	3
95	3
96	0
97	1
98	2
99	2
100	2
101	0
102	3
103	3
104	0
105	2
106	0
107	3
108	0
109	1
110	3
111	3
112	1
113	0
114	3
115	3
116	0
117	0
118	3
119	3
120	2
121	0
122	3
123	3
124	3
125	0
126	3
127	3
128	0
129	3
130	3
131	3
132	0
133	1
134	3
135	3
136	0
137	0
138	3
139	3
140	3
141	2
142	3
143	3
144	0
145	3
146	3
147	0
148	3
149	1
150	3
151	1
152	3
153	2
154	0
155	3
156	1
157	3
158	2
159	0
160	1
161	3
162	3
163	0
164	3
165	3
166	3
167	3
168	0
169	3
170	3
171	2
172	1
173	3
174	3
175	3
176	3
177	1
178	3
179	3
180	2
181	3
182	3
183	3
184	0
185	0
186	0
187	0
188	3
189	2
190	0
191	0
192	2
193	3
194	3
195	3
196	3
197	1
198	3
199	3
200	3
201	3
202	3
203	3
204	3
205	1
206	3
207	3
208	1
209	3
210	3
211	1
212	0
213	2
214	3
215	3
216	3
217	3
218	3
219	2
220	3
221	3
222	3
223	3
224	3
225	3
226	3
227	1
228	3
229	3
230	3
231	0
232	0
233	3
234	3
235	3
236	3
237	3
238	1
239	0
240	0
241	2
242	3
243	3
244	3
245	3
246	3
247	3
248	3
249	2
250	3
251	3
252	3
253	0
254	2
255	1
256	3
257	1
258	2
259	1
260	3
261	3
262	2
263	3
264	0
265	2
266	2
267	0
268	0
269	3
270	1
271	2
272	3
273	0
274	3
275	3
276	3
277	3
278	3
279	0
280	3
281	3
282	2
283	3
284	3
285	2
286	3
287	3
288	2
289	2
290	1
291	3
292	3
293	3
294	3
295	3
296	3
297	3
298	0
299	3
300	3
301	3
302	1
303	3
304	1
305	3
306	3
307	0
308	3
309	3
310	0
311	2
312	3
313	3
314	3
315	3
316	3
317	0
318	2
319	0
320	2
321	3
322	3
323	3
324	0
325	3
326	2
327	3
328	1
329	3
330	0
331	3
332	1
333	0
334	3
335	0
336	0
337	2
338	3
339	0
340	2
341	3
342	3
343	1
344	3
345	3
346	0
347	0
348	0
349	1
350	3
351	3
352	3
353	3
354	3
355	1
356	3
357	3
358	2
359	3
360	0
361	3
362	3
363	3
364	3
365	0
366	1
367	0
368	3
369	2
370	3
371	1
372	3
373	2
374	3
375	3
376	2
377	0
378	0
379	3
380	1
381	0
382	3
383	0
384	3
385	0
386	1
387	3
388	2
389	0
390	3
391	1
392	3
393	3
394	0
395	3
396	1
397	1
398	0
399	3
400	1
401	0
402	2
403	3
404	2
405	3
406	3
407	2
408	3
409	0
410	3
411	1
412	3
413	0
414	3
415	3
416	3
417	0
418	0
419	0
420	3
421	0
422	1
423	1
424	3
425	0
426	2
427	3
428	0
429	3
430	0
431	2
432	3
433	0
434	0
435	0
436	3
437	3
438	3
439	3
440	3
441	2
442	2
443	3
444	3
445	0
446	3
447	3
448	3
449	0
450	2
451	3
452	3
453	0
454	3
455	0
456	3
457	0
458	2
459	3
460	3
461	0
462	3
463	2
464	2
465	1
466	3
467	3
468	3
469	3
470	3
471	3
472	3
473	0
474	3
475	3
476	3
477	3
478	3
479	2
480	0
481	3
482	3
483	3
484	3
485	2
486	3
487	3
488	2
489	3
490	0
491	3
492	1
493	0
494	3
495	2
496	3
497	2
498	2
499	3
500	3
501	2
502	3
503	3
504	3
505	2
506	3
507	3
508	3
509	0
510	0
511	3
512	3
513	1
514	2
515	0
516	3
517	2
518	3
519	3
520	2
521	3
522	3
523	3
524	3
525	3
526	3
527	3
528	3
529	1
530	3
531	0
532	0
533	2
534	2
535	0
536	3
537	1
538	2
539	0
540	1
541	2
542	2
543	0
544	2
545	2
546	0
547	2
548	1
549	1
550	0
551	0
552	2
553	3
554	3
555	3
556	3
557	3
558	2
559	2
560	0
561	0
562	3
563	2
564	3
565	3
566	3
567	2
568	3
569	1
570	3
571	0
572	3
573	3
574	3
575	0
576	3
577	0
578	3
579	1
580	3
581	3
582	3
583	3
584	0
585	3
586	3
587	3
588	3
589	2
590	0
591	3
592	2
593	3
594	3
595	2
596	3
597	0
598	3
599	3
600	0
601	2
602	3
603	3
604	0
605	0
606	3
607	3
608	3
609	0
610	0
611	2
612	3
613	2
614	3
615	0
616	3
617	3
618	1
619	2
620	3
621	2
622	3
623	0
624	2
625	0
626	0
627	3
628	0
629	2
630	3
631	2
632	3
633	2
634	3
635	2
636	3
637	3
638	0
639	3
640	3
641	3
642	3
643	3
644	3
645	2
646	0
647	3
648	3
649	0
650	1
651	0
652	2
653	1
654	3
655	0
656	3
657	1
658	3
659	3
660	2
661	2
662	3
663	3
664	3
665	2
666	3
667	3
668	3
669	3
670	2
671	2
672	3
673	3
674	3
675	3
676	3
677	3
678	3
679	3
680	3
681	1
682	3
683	2
684	1
685	1
686	2
687	2
688	0
689	3
690	3
691	2
692	3
693	0
694	3
695	3
696	3
697	2
698	3
699	3
700	3
701	2
702	0
703	0
704	3
705	3
706	3
707	3
708	3
709	2
710	3
711	3
712	1
713	3
714	2
715	3
716	3
717	2
718	0
719	3
720	2
721	3
722	3
723	2
724	3
725	2
726	3
727	3
728	3
729	3
730	3
731	3
732	0
733	3
734	3
735	3
736	3
737	3
738	3
739	2
740	2
741	0
742	3
743	2
744	3
745	3
746	3
747	3
748	1
749	2
750	2
751	0
752	3
753	0
754	3
755	0
756	3
757	1
758	1
759	3
760	1
761	0
762	3
763	3
764	2
765	0
766	2
767	3
768	0
769	3
770	3
771	3
772	3
773	2
774	2
775	0
776	3
777	3
778	0
779	2
780	3
781	2
782	1
783	1
784	3
785	3
786	2
787	3
788	2
789	2
790	2
791	3
792	3
793	3
794	3
795	2
796	3
797	3
798	3
799	3
800	3
801	3
802	0
803	2
804	3
805	3
806	3
807	1
808	3
809	0
810	3
811	2
812	3
813	0
814	3
815	3
816	3
817	3
818	3
819	0
820	3
821	3
822	3
823	0
824	3
825	3
826	3
827	2
828	3
829	0
830	3
831	2
832	3
833	3
834	2
835	2
836	3
837	0
838	2
839	2
840	2
841	2
842	3
843	2
844	3
845	3
846	0
847	2
848	2
849	3
850	3
851	2
852	1
853	2
854	3
855	3
856	3
857	1
858	3
859	3
860	3
861	0
862	0
863	3
864	3
865	3
866	1
867	3
868	3
869	2
870	2
871	1
872	3
873	0
874	3
875	0
876	3
877	0
878	2
879	0
880	1
881	0
882	3
883	0
884	0
885	2
886	2
887	3
888	0
889	3
890	0
891	3
892	0
893	0
894	3
895	0
896	0
897	3
898	0
899	3
900	0
901	0
902	0
903	3
904	2
905	2
906	0
907	3
908	0
909	0
910	0
911	1
912	3
913	0
914	0
915	0
916	0
917	3
918	3
919	0
920	0
921	0
922	0
923	3
924	0
925	0
926	3
927	0
928	2
929	0
930	0
931	0
932	2
933	0
934	0
935	1
936	0
937	0
938	0
939	3
940	0
941	0
942	1
943	3
944	0
945	0
946	1
947	0
948	3
949	3
950	3
951	1
952	1
953	0
954	0
955	2
956	3
957	1
958	2
959	3
960	3
961	0
962	3
963	3
964	2
965	0
966	3
967	1
968	2
969	3
970	3
971	3
972	0
973	0
974	2
975	0
976	3
977	0
978	3
979	3
980	2
981	3
982	2
983	0
984	3
985	0
986	2
987	3
988	3
989	0
990	3
991	3
992	3
993	0
994	3
995	2
996	2
997	0
998	3
999	3
1000	2
1001	0
1002	3
1003	1
1004	3
1005	0
1006	3
1007	1
1008	0
1009	0
1010	2
1011	1
1012	2
1013	0
1014	0
1015	3
1016	3
1017	1
1018	3
1019	3
1020	3
1021	3
1022	3
1023	3
1024	3
1025	3
1026	2
1027	1
1028	3
1029	3
1030	1
1031	3
1032	3
1033	0
1034	3
1035	3
1036	3
1037	2
1038	2
1039	3
1040	3
1041	3
1042	3
1043	3
1044	3
1045	0
1046	2
1047	2
1048	3
1049	2
1050	3
1051	3
1052	3
1053	3
1054	0
1055	2
1056	3
1057	3
1058	3
1059	0
1060	0
1061	1
1062	1
1063	3
1064	2
1065	3
1066	3
1067	2
1068	2
1069	3
1070	3
1071	2
1072	1
1073	0
1074	0
1075	0
1076	0
1077	2
1078	3
1079	3
1080	2
1081	2
1082	3
1083	3
1084	2
1085	3
1086	2
1087	0
1088	3
1089	3
1090	0
1091	1
1092	3
1093	3
1094	3
1095	3
1096	3
1097	0
1098	3
1099	0
1100	3
1101	1
1102	3
1103	0
1104	2
1105	1
1106	2
1107	3
1108	3
1109	3
1110	3
1111	0
1112	3
1113	2
1114	1
1115	3
1116	3
1117	2
1118	1
1119	0
1120	3
1121	3
1122	3
1123	2
1124	2
1125	3
1126	3
1127	3
1128	0
1129	3
1130	3
1131	3
1132	0
1133	0
1134	0
1135	3
1136	3
1137	1
1138	1
1139	2
1140	2
1141	3
1142	3
1143	3
1144	2
1145	3
1146	2
1147	3
1148	3
1149	0
1150	0
1151	3
1152	1
1153	3
1154	3
1155	3
1156	3
1157	3
1158	3
1159	0
1160	3
1161	3
1162	3
1163	0
1164	3
1165	3
1166	3
1167	0
1168	1
1169	3
1170	3
1171	3
1172	3
1173	2
1174	2
1175	1
1176	1
1177	3
1178	3
1179	0
1180	3
1181	0
1182	2
1183	3
1184	2
1185	2
1186	0
1187	1
1188	0
1189	2
1190	1
1191	3
1192	2
1193	0
1194	0
1195	2
1196	0
1197	2
1198	0
1199	3
1200	3
1201	3
1202	2
1203	2
1204	3
1205	3
1206	2
1207	3
1208	1
1209	3
1210	0
1211	2
1212	3
1213	3
1214	3
1215	0
1216	1
1217	3
1218	3
1219	3
1220	3
1221	3
1222	3
1223	3
1224	1
1225	2
1226	2
1227	3
1228	2
1229	1
1230	3
1231	3
1232	1
1233	0
1234	3
1235	3
1236	3
1237	3
1238	3
1239	3
1240	2
1241	2
1242	3
1243	3
1244	2
1245	3
1246	0
1247	3
1248	3
1249	1
1250	2
1251	3
1252	1
1253	2
1254	1
1255	3
1256	2
1257	2
1258	2
1259	3
1260	1
1261	0
1262	0
1263	3
1264	3
1265	0
1266	3
1267	1
1268	1
1269	2
1270	2
1271	3
1272	3
1273	3
1274	1
1275	3
1276	2
1277	2
1278	3
1279	2
1280	0
1281	3
1282	1
1283	2
1284	3
1285	3
1286	3
1287	0
1288	3
1289	3
1290	3
1291	0
1292	0
1293	2
1294	3
1295	3
1296	3
1297	3
1298	3
1299	3
1300	3
1301	0
1302	0
1303	3
1304	2
1305	3
1306	3
1307	3
1308	3
1309	0
1310	2
1311	3
1312	2
1313	1
1314	0
1315	2
1316	3
1317	3
1318	3
1319	3
1320	0
1321	2
1322	3
1323	2
1324	3
1325	3
1326	3
1327	3
1328	3
1329	3
1330	1
1331	3
1332	3
1333	0
1334	1
1335	2
1336	3
1337	1
1338	2
1339	3
1340	3
1341	2
1342	3
1343	3
1344	3
1345	1
1346	0
1347	2
1348	3
1349	2
1350	3
1351	3
1352	3
1353	2
1354	3
1355	3
1356	3
1357	3
1358	3
1359	3
1360	3
1361	3
1362	3
1363	2
1364	0
1365	3
1366	1
1367	0
1368	3
1369	2
1370	1
1371	2
1372	3
1373	2
1374	2
1375	3
1376	0
1377	0
1378	3
1379	3
1380	3
1381	0
1382	3
1383	1
1384	0
1385	2
1386	3
1387	0
1388	2
1389	3
1390	3
1391	3
1392	0
1393	3
1394	0
1395	1
1396	3
1397	0
1398	3
1399	3
1400	3
1401	2
1402	3
1403	3
1404	3
1405	2
1406	3
1407	0
1408	1
1409	3
1410	2
1411	2
1412	3
1413	3
1414	3
1415	0
1416	3
1417	3
1418	3
1419	1
1420	0
1421	2
1422	0
1423	3
1424	3
1425	3
1426	3
1427	0
1428	3
1429	3
1430	3
1431	2
1432	2
1433	3
1434	2
1435	3
1436	2
1437	3
1438	0
1439	2
1440	2
1441	0
1442	3
1443	3
1444	0
1445	0
1446	3
1447	0
1448	2
1449	3
1450	2
1451	0
1452	3
1453	2
1454	0
1455	3
1456	2
1457	0
1458	0
1459	1
1460	3
1461	0
1462	3
1463	0
1464	3
1465	2
1466	3
1467	2
1468	3
1469	3
1470	0
1471	0
1472	3
1473	3
1474	2
1475	3
1476	3
1477	2
1478	1
1479	2
1480	3
1481	3
1482	3
1483	3
1484	2
1485	0
1486	2
1487	0
1488	2
1489	2
1490	3
1491	3
1492	2
1493	2
1494	1
1495	3
1496	3
1497	3
1498	2
1499	3
1500	3
1501	1
1502	3
1503	3
1504	2
1505	2
1506	3
1507	3
1508	3
1509	3
1510	3
1511	3
1512	3
1513	0
1514	2
1515	0
1516	3
1517	3
1518	3
1519	3
1520	0
1521	3
1522	1
1523	3
1524	0
1525	3
1526	3
1527	3
1528	3
1529	2
1530	3
1531	2
1532	2
1533	1
1534	3
1535	0
1536	3
1537	1
1538	3
1539	3
1540	3
1541	2
1542	3
1543	3
1544	3
1545	0
1546	3
1547	3
1548	2
1549	0
1550	3
1551	3
1552	3
1553	3
1554	2
1555	0
1556	2
1557	3
1558	3
1559	0
1560	3
1561	2
1562	3
1563	3
1564	0
1565	3
1566	3
1567	0
1568	3
1569	2
1570	3
1571	2
1572	3
1573	2
1574	2
1575	1
1576	3
1577	3
1578	3
1579	2
1580	3
1581	3
1582	2
1583	3
1584	3
1585	0
1586	3
1587	0
1588	3
1589	1
1590	3
1591	0
1592	3
1593	0
1594	3
1595	0
1596	2
1597	2
1598	3
1599	2
1600	3
1601	0
1602	3
1603	0
1604	3
1605	0
1606	3
1607	3
1608	3
1609	0
1610	2
1611	3
1612	3
1613	0
1614	3
1615	3
1616	2
1617	2
1618	3
1619	3
1620	3
1621	0
1622	3
1623	3
1624	3
1625	0
1626	3
1627	3
1628	3
1629	3
1630	3
1631	3
1632	3
1633	2
1634	2
1635	3
1636	2
1637	3
1638	3
1639	3
1640	0
1641	3
1642	2
1643	3
1644	3
1645	3
1646	3
1647	3
1648	3
1649	3
1650	2
1651	0
1652	3
1653	2
1654	3
1655	3
1656	3
1657	2
1658	2
1659	3
1660	3
1661	3
1662	1
1663	3
1664	3
1665	3
1666	2
1667	3
1668	3
1669	1
1670	3
1671	3
1672	2
1673	0
1674	2
1675	0
1676	1
1677	0
1678	3
1679	0
1680	2
1681	2
1682	3
1683	3
1684	2
1685	2
1686	3
1687	3
1688	3
1689	3
1690	3
1691	0
1692	2
1693	0
1694	3
1695	3
1696	1
1697	2
1698	3
1699	3
1700	2
1701	3
1702	3
1703	3
1704	1
1705	0
1706	3
1707	3
1708	3
1709	0
1710	2
1711	3
1712	1
1713	0
1714	0
1715	3
1716	3
1717	0
1718	2
1719	3
1720	3
1721	1
1722	2
1723	3
1724	3
1725	2
1726	0
1727	3
1728	3
1729	3
1730	3
1731	3
1732	3
1733	3
1734	3
1735	3
1736	3
1737	3
1738	3
1739	3
1740	2
1741	3
1742	3
1743	3
1744	3
1745	3
1746	0
1747	3
1748	0
1749	3
1750	2
1751	3
1752	2
1753	3
1754	3
1755	3
1756	2
1757	2
1758	3
1759	3
1760	3
1761	2
1762	0
1763	0
1764	3
1765	3
1766	1
1767	0
1768	1
1769	3
1770	0
1771	3
1772	3
1773	0
1774	2
1775	3
1776	3
1777	3
1778	2
1779	0
1780	3
1781	3
1782	3
1783	3
1784	3
1785	0
1786	3
1787	3
1788	3
1789	2
1790	0
1791	3
1792	2
1793	3
1794	3
1795	3
1796	3
1797	3
1798	3
1799	3
1800	0
1801	3
1802	0
1803	3
1804	0
1805	2
1806	3
1807	3
1808	0
1809	3
1810	2
1811	3
1812	3
1813	3
1814	3
1815	2
1816	3
1817	1
1818	3
1819	3
1820	1
1821	3
1822	1
1823	3
1824	2
1825	3
1826	1
1827	3
1828	3
1829	3
1830	3
1831	0
1832	0
1833	2
1834	0
1835	0
1836	3
1837	0
1838	3
1839	3
1840	3
1841	3
1842	3
1843	3
1844	3
1845	3
1846	2
1847	2
1848	0
1849	3
1850	2
1851	2
1852	3
1853	3
1854	0
1855	2
1856	0
1857	3
1858	1
1859	0
1860	1
1861	1
1862	1
1863	0
1864	1
1865	1
1866	3
1867	3
1868	0
1869	0
1870	0
1871	1
1872	3
1873	3
1874	1
1875	3
1876	3
1877	3
1878	2
1879	2
1880	3
1881	3
1882	3
1883	3
1884	3
1885	0
1886	3
1887	0
1888	0
1889	3
1890	0
1891	3
1892	0
1893	3
1894	0
1895	2
1896	3
1897	2
1898	2
1899	3
1900	2
1901	3
1902	2
1903	2
1904	2
1905	3
1906	0
1907	3
1908	2
1909	3
1910	0
1911	1
1912	0
1913	2
1914	2
1915	2
1916	3
1917	2
1918	0
1919	2
1920	3
1921	0
1922	3
1923	0
1924	3
1925	2
1926	2
1927	3
1928	3
1929	3
1930	2
1931	1
1932	3
1933	2
1934	2
1935	3
1936	0
1937	0
1938	3
1939	3
1940	3
1941	2
1942	3
1943	2
1944	3
1945	1
1946	0
1947	0
1948	0
1949	3
1950	0
1951	3
1952	3
1953	1
1954	2
1955	3
1956	3
1957	2
1958	2
1959	2
1960	3
1961	3
1962	2
1963	0
1964	1
1965	2
1966	0
1967	3
1968	1
1969	3
1970	0
1971	3
1972	3
1973	3
1974	3
1975	3
1976	3
1977	0
1978	0
1979	3
1980	2
1981	2
1982	0
1983	2
1984	3
1985	1
1986	3
1987	3
1988	3
1989	2
1990	3
1991	2
1992	3
1993	3
1994	3
1995	3
1996	0
1997	3
1998	3
1999	2
2000	3
2001	3
2002	3
2003	2
2004	3
2005	3
2006	1
2007	2
2008	3
2009	3
2010	0
2011	0
2012	3
2013	3
2014	2
2015	3
2016	2
2017	1
2018	3
2019	3
2020	2
2021	3
2022	3
2023	2
2024	0
2025	3
2026	3
2027	3
2028	0
2029	2
2030	1
2031	3
2032	2
2033	3
2034	1
2035	3
2036	3
2037	3
2038	0
2039	2
2040	2
2041	2
2042	1
2043	3
2044	3
2045	3
2046	3
2047	1
2048	2
2049	0
2050	1
2051	2
2052	3
2053	2
2054	3
2055	0
2056	3
2057	3
2058	3
2059	2
2060	3
2061	3
2062	0
2063	3
2064	3
2065	2
2066	3
2067	0
2068	2
2069	0
2070	0
2071	3
2072	3
2073	2
2074	3
2075	2
2076	0
2077	3
2078	3
2079	2
2080	2
2081	2
2082	0
2083	3
2084	3
2085	2
2086	3
2087	2
2088	0
2089	0
2090	0
2091	1
2092	0
2093	0
2094	2
2095	0
2096	2
2097	2
2098	1
2099	1
2100	2
2101	0
2102	0
2103	0
2104	2
2105	0
2106	1
2107	0
2108	3
2109	3
2110	0
2111	0
2112	0
2113	0
2114	3
2115	0
2116	3
2117	0
2118	3
2119	3
2120	3
2121	0
2122	2
2123	0
2124	3
2125	0
2126	3
2127	3
2128	0
2129	3
2130	3
2131	3
2132	0
2133	0
2134	3
2135	3
2136	2
2137	3
2138	3
2139	3
2140	0
2141	0
2142	0
2143	2
2144	3
2145	0
2146	0
2147	0
2148	3
2149	0
2150	3
2151	3
2152	3
2153	3
2154	2
2155	3
2156	0
2157	3
2158	3
2159	3
2160	0
2161	0
2162	0
2163	3
2164	3
2165	0
2166	0
2167	3
2168	3
2169	0
2170	2
2171	3
2172	2
2173	0
2174	3
2175	3
2176	3
2177	0
2178	3
2179	3
2180	3
2181	0
2182	3
2183	3
2184	0
2185	2
2186	0
2187	3
2188	0
2189	3
2190	0
2191	3
2192	0
2193	3
2194	0
2195	2
2196	3
2197	2
2198	1
2199	3
2200	3
2201	2
2202	0
2203	0
2204	2
2205	3
2206	0
2207	2
2208	2
2209	0
2210	3
2211	3
2212	2
2213	0
2214	0
2215	3
2216	3
2217	0
2218	3
2219	0
2220	0
2221	0
2222	0
2223	3
2224	0
2225	0
2226	3
2227	2
2228	2
2229	0
2230	0
2231	3
2232	3
2233	2
2234	3
2235	2
2236	1
2237	3
2238	2
2239	2
2240	0
2241	2
2242	0
2243	0
2244	3
2245	3
2246	3
2247	2
2248	3
2249	3
2250	0
2251	0
2252	0
2253	3
2254	3
2255	3
2256	0
2257	3
2258	2
2259	2
2260	3
2261	1
2262	2
2263	2
2264	3
2265	3
2266	0
2267	3
2268	0
2269	2
2270	0
2271	3
2272	1
2273	3
2274	3
2275	3
2276	0
2277	3
2278	3
2279	3
2280	0
2281	2
2282	2
2283	2
2284	1
2285	0
2286	0
2287	3
2288	3
2289	0
2290	3
2291	3
2292	0
2293	3
2294	3
2295	3
2296	3
2297	1
2298	0
2299	1
2300	1
2301	0
2302	0
2303	2
2304	0
2305	0
2306	0
2307	3
2308	2
2309	3
2310	2
2311	3
2312	3
2313	0
2314	0
2315	3
2316	0
2317	2
2318	0
2319	3
2320	3
2321	3
2322	2
2323	0
2324	3
2325	1
2326	1
2327	1
2328	3
2329	0
2330	2
2331	3
2332	3
2333	0
2334	3
2335	3
2336	3
2337	2
2338	3
2339	0
2340	3
2341	2
2342	0
2343	3
2344	3
2345	3
2346	0
2347	3
2348	3
2349	1
2350	3
2351	3
2352	3
2353	2
2354	1
2355	3
2356	0
2357	2
2358	3
2359	3
2360	3
2361	2
2362	0
2363	3
2364	3
2365	3
2366	3
2367	3
2368	0
2369	1
2370	2
2371	2
2372	1
2373	2
2374	2
2375	0
2376	0
2377	2
2378	0
2379	3
2380	0
2381	2
2382	2
2383	3
2384	0
2385	3
2386	2
2387	0
2388	2
2389	0
2390	3
2391	3
2392	0
2393	0
2394	0
2395	3
2396	3
2397	3
2398	2
2399	2
2400	2
2401	2
2402	0
2403	0
2404	3
2405	3
2406	3
2407	3
2408	3
2409	3
2410	3
2411	0
2412	3
2413	0
2414	3
2415	0
2416	3
2417	0
2418	1
2419	3
2420	3
2421	0
2422	3
2423	3
2424	3
2425	2
2426	0
2427	0
2428	1
2429	2
2430	3
2431	3
2432	0
2433	0
2434	1
2435	3
2436	2
2437	3
2438	2
2439	3
2440	3
2441	0
2442	0
2443	0
2444	0
2445	2
2446	3
2447	1
2448	0
2449	2
2450	3
2451	3
2452	2
2453	0
2454	2
2455	3
2456	3
2457	0
2458	1
2459	3
2460	0
2461	0
2462	0
2463	1
2464	0
2465	3
2466	0
2467	2
2468	3
2469	0
2470	0
2471	3
2472	0
2473	2
2474	0
2475	2
2476	0
2477	0
2478	2
2479	3
2480	0
2481	0
2482	3
2483	3
2484	2
2485	2
2486	3
2487	0
2488	0
2489	2
2490	3
2491	3
2492	0
2493	3
2494	3
2495	3
2496	0
2497	3
2498	0
2499	0
2500	3
2501	0
2502	0
2503	3
2504	3
2505	0
2506	0
2507	0
2508	0
2509	0
2510	0
2511	3
2512	0
2513	2
2514	0
2515	3
2516	0
2517	3
2518	0
2519	3
2520	0
2521	2
2522	0
2523	3
2524	3
2525	0
2526	0
2527	3
2528	3
2529	2
2530	0
2531	3
2532	2
2533	2
2534	0
2535	3
2536	0
2537	2
2538	0
2539	2
2540	0
2541	3
2542	0
2543	3
2544	2
2545	0
2546	1
2547	2
2548	2
2549	0
2550	2
2551	2
2552	0
2553	2
2554	3
2555	3
2556	3
2557	2
2558	2
2559	0
2560	3
2561	0
2562	2
2563	3
2564	3
2565	3
2566	3
2567	3
2568	3
2569	2
2570	3
2571	3
2572	3
2573	0
2574	0
2575	0
2576	3
2577	1
2578	0
2579	3
2580	2
2581	3
2582	3
2583	2
2584	1
2585	1
2586	3
2587	3
2588	1
2589	3
2590	0
2591	3
2592	1
2593	2
2594	2
2595	1
2596	3
2597	3
2598	3
2599	3
2600	1
2601	3
2602	3
2603	3
2604	2
2605	2
2606	0
2607	3
2608	3
2609	0
2610	2
2611	2
2612	3
2613	0
2614	3
2615	0
2616	2
2617	2
2618	3
2619	2
2620	3
2621	3
2622	3
2623	2
2624	3
2625	1
2626	0
2627	2
2628	0
2629	0
2630	2
2631	1
2632	3
2633	0
2634	1
2635	3
2636	0
2637	0
2638	1
2639	0
2640	2
2641	3
2642	2
2643	2
2644	3
2645	1
2646	0
2647	3
2648	1
2649	1
2650	0
2651	0
2652	3
2653	1
2654	0
2655	2
2656	3
2657	0
2658	3
2659	2
2660	2
2661	3
2662	3
2663	2
2664	3
2665	3
2666	3
2667	3
2668	3
2669	2
2670	3
2671	2
2672	3
2673	2
2674	2
2675	3
2676	3
2677	0
2678	3
2679	3
2680	2
2681	3
2682	1
2683	2
2684	0
2685	2
2686	1
2687	3
2688	3
2689	1
2690	3
2691	2
2692	3
2693	0
2694	3
2695	3
2696	3
2697	3
2698	1
2699	3
2700	2
2701	1
2702	0
2703	3
2704	2
2705	0
2706	0
2707	3
2708	2
2709	2
2710	3
2711	0
2712	2
2713	3
2714	1
2715	0
2716	3
2717	2
2718	0
2719	1
2720	0
2721	3
2722	3
2723	0
2724	2
2725	1
2726	3
2727	3
2728	0
2729	0
2730	1
2731	3
2732	3
2733	0
2734	3
2735	0
2736	0
2737	3
2738	3
2739	2
2740	1
2741	2
2742	3
2743	0
2744	3
2745	3
2746	3
2747	3
2748	0
2749	2
2750	2
2751	0
2752	3
2753	3
2754	0
2755	3
2756	1
2757	2
2758	0
2759	1
2760	1
2761	2
2762	1
2763	0
2764	3
2765	3
2766	0
2767	3
2768	3
2769	3
2770	0
2771	2
2772	1
2773	3
2774	3
2775	2
2776	1
2777	2
2778	0
2779	2
2780	2
2781	3
2782	0
2783	3
2784	0
2785	2
2786	0
2787	3
2788	3
2789	3
2790	3
2791	3
2792	3
2793	0
2794	3
2795	0
2796	3
2797	0
2798	3
2799	0
2800	0
2801	0
2802	3
2803	3
2804	1
2805	2
2806	3
2807	0
2808	2
2809	0
2810	3
2811	2
2812	1
2813	0
2814	3
2815	3
2816	3
2817	3
2818	2
2819	1
2820	3
2821	3
2822	3
2823	2
2824	3
2825	0
2826	0
2827	0
2828	2
2829	0
2830	2
2831	3
2832	2
2833	3
2834	3
2835	3
2836	2
2837	0
2838	0
2839	3
2840	3
2841	0
2842	3
2843	3
2844	3
2845	0
2846	3
2847	0
2848	2
2849	3
2850	1
2851	2
2852	0
2853	3
2854	0
2855	3
2856	0
2857	2
2858	1
2859	3
2860	3
2861	3
2862	3
2863	0
2864	0
2865	0
2866	3
2867	2
2868	2
2869	2
2870	1
2871	3
2872	2
2873	2
2874	0
2875	3
2876	0
2877	0
2878	3
2879	2
2880	2
2881	0
2882	2
2883	0
2884	0
2885	0
2886	1
2887	0
2888	2
2889	0
2890	3
2891	0
2892	3
2893	0
2894	3
2895	0
2896	2
2897	2
2898	3
2899	2
2900	2
2901	2
2902	2
2903	2
2904	0
2905	3
2906	3
2907	3
2908	3
2909	3
2910	2
2911	2
2912	3
2913	0
2914	1
2915	3
2916	3
2917	0
2918	2
2919	3
2920	3
2921	0
2922	3
2923	3
2924	3
2925	0
2926	3
2927	0
2928	3
2929	2
2930	2
2931	3
2932	3
2933	0
2934	3
2935	3
2936	2
2937	3
2938	2
2939	0
2940	2
2941	0
2942	2
2943	3
2944	1
2945	2
2946	3
2947	3
2948	3
2949	3
2950	2
2951	3
2952	3
2953	3
2954	0
2955	1
2956	0
2957	2
2958	2
2959	3
2960	0
2961	3
2962	3
2963	2
2964	0
2965	2
2966	2
2967	0
2968	3
2969	0
2970	3
2971	2
2972	2
2973	3
2974	3
2975	0
2976	3
2977	3
2978	2
2979	3
2980	3
2981	3
2982	2
2983	2
2984	2
2985	3
2986	0
2987	3
2988	1
2989	3
2990	2
2991	1
2992	3
2993	3
2994	1
2995	3
2996	2
2997	2
2998	3
2999	2
3000	3
3001	2
3002	3
3003	1
3004	3
3005	3
3006	3
3007	2
3008	1
3009	2
3010	0
3011	0
3012	3
3013	3
3014	0
3015	3
3016	2
3017	3
3018	0
3019	3
3020	3
3021	2
3022	2
3023	0
3024	2
3025	2
3026	3
3027	3
3028	2
3029	2
3030	3
3031	3
3032	3
3033	0
3034	3
3035	2
3036	3
3037	0
3038	3
3039	2
3040	2
3041	3
3042	3
3043	3
3044	3
3045	3
3046	2
3047	1
3048	0
3049	0
3050	3
3051	0
3052	0
3053	2
3054	3
3055	0
3056	0
3057	1
3058	3
3059	3
3060	0
3061	0
3062	0
3063	0
3064	0
3065	2
3066	3
3067	0
3068	3
3069	3
3070	2
3071	0
3072	3
3073	0
3074	3
3075	0
3076	3
3077	3
3078	3
3079	2
3080	3
3081	0
3082	3
3083	0
3084	3
3085	0
3086	0
3087	3
3088	2
3089	3
3090	3
3091	0
3092	3
3093	3
3094	0
3095	0
3096	0
3097	2
3098	1
3099	0
3100	1
3101	1
3102	2
3103	3
3104	3
3105	3
3106	3
3107	3
3108	0
3109	2
3110	0
3111	2
3112	0
3113	0
3114	0
3115	2
3116	2
3117	2
3118	2
3119	0
3120	2
3121	3
3122	3
3123	2
3124	3
3125	0
3126	3
3127	2
3128	0
3129	3
3130	1
3131	3
3132	3
3133	2
3134	1
3135	0
3136	0
3137	0
3138	0
3139	3
3140	3
3141	2
3142	3
3143	0
3144	0
3145	3
3146	2
3147	3
3148	3
3149	2
3150	3
3151	2
3152	3
3153	0
3154	0
3155	2
3156	3
3157	2
3158	0
3159	3
3160	1
3161	3
3162	3
3163	3
3164	3
3165	3
3166	3
3167	3
3168	0
3169	3
3170	2
3171	3
3172	3
3173	3
3174	0
3175	3
3176	2
3177	0
3178	3
3179	3
3180	2
3181	0
3182	2
3183	3
3184	3
3185	3
3186	3
3187	3
3188	3
3189	3
3190	2
3191	0
3192	0
3193	1
3194	3
3195	2
3196	2
3197	3
3198	1
3199	1
3200	3
3201	3
3202	0
3203	0
3204	1
3205	3
3206	0
3207	0
3208	3
3209	3
3210	3
3211	3
3212	0
3213	3
3214	2
3215	0
3216	3
3217	3
3218	2
3219	2
3220	3
3221	0
3222	3
3223	0
3224	0
3225	1
3226	1
3227	2
3228	3
3229	0
3230	0
3231	3
3232	2
3233	2
3234	1
3235	3
3236	3
3237	0
3238	0
3239	2
3240	0
3241	3
3242	1
3243	1
3244	3
3245	2
3246	2
3247	3
3248	3
3249	1
3250	3
3251	0
3252	3
3253	2
3254	3
3255	3
3256	3
3257	0
3258	1
3259	2
3260	0
3261	0
3262	0
3263	1
3264	3
3265	2
3266	3
3267	0
3268	1
3269	2
3270	0
3271	3
3272	3
3273	3
3274	3
3275	0
3276	0
3277	0
3278	1
3279	2
3280	3
3281	3
3282	3
3283	3
3284	3
3285	3
3286	1
3287	3
3288	3
3289	0
3290	3
3291	0
3292	0
3293	3
3294	0
3295	2
3296	3
3297	2
3298	3
3299	0
3300	1
3301	0
3302	0
3303	1
3304	3
3305	3
3306	0
3307	3
3308	0
3309	1
3310	2
3311	3
3312	3
3313	3
3314	2
3315	2
3316	3
3317	0
3318	1
3319	3
3320	3
3321	3
3322	3
3323	3
3324	0
3325	2
3326	1
3327	2
3328	3
3329	3
3330	3
3331	0
3332	3
3333	1
3334	2
3335	0
3336	3
3337	0
3338	0
3339	3
3340	2
3341	2
3342	3
3343	3
3344	2
3345	3
3346	3
3347	0
3348	3
3349	3
3350	0
3351	0
3352	0
3353	0
3354	3
3355	3
3356	3
3357	3
3358	2
3359	0
3360	3
3361	3
3362	3
3363	3
3364	3
3365	0
3366	1
3367	0
3368	0
3369	3
3370	2
3371	3
3372	3
3373	0
3374	3
3375	2
3376	0
3377	2
3378	3
3379	0
3380	0
3381	3
3382	3
3383	0
3384	3
3385	2
3386	3
3387	2
3388	3
3389	1
3390	3
3391	3
3392	0
3393	0
3394	3
3395	3
3396	0
3397	1
3398	1
3399	2
3400	1
3401	3
3402	0
3403	3
3404	3
3405	3
3406	0
3407	3
3408	3
3409	3
3410	3
3411	0
3412	2
3413	3
3414	0
3415	3
3416	3
3417	0
3418	0
3419	0
3420	1
3421	3
3422	3
3423	2
3424	0
3425	3
3426	3
3427	3
3428	1
3429	3
3430	3
3431	2
3432	2
3433	1
3434	3
3435	3
3436	0
3437	1
3438	3
3439	3
3440	2
3441	0
3442	3
3443	0
3444	0
3445	0
3446	3
3447	0
3448	0
3449	2
3450	2
3451	0
3452	3
3453	3
3454	2
3455	3
3456	0
3457	0
3458	2
3459	3
3460	0
3461	1
3462	2
3463	0
3464	0
3465	3
3466	2
3467	0
3468	0
3469	0
3470	2
3471	2
3472	0
3473	3
3474	3
3475	0
3476	1
3477	3
3478	3
3479	2
3480	2
3481	2
3482	3
3483	2
3484	0
3485	0
3486	3
3487	3
3488	3
3489	3
3490	2
3491	3
3492	3
3493	3
3494	3
3495	0
3496	0
3497	2
3498	0
3499	2
3500	0
3501	0
3502	2
3503	2
3504	0
3505	2
3506	2
3507	2
3508	2
3509	0
3510	1
3511	3
3512	3
3513	0
3514	3
3515	1
3516	3
3517	0
3518	3
3519	3
3520	2
3521	3
3522	3
3523	2
3524	3
3525	3
3526	0
3527	0
3528	2
3529	3
3530	0
3531	3
3532	0
3533	0
3534	0
3535	3
3536	0
3537	3
3538	2
3539	2
3540	0
3541	2
3542	0
3543	3
3544	2
3545	3
3546	1
3547	3
3548	3
3549	3
3550	1
3551	1
3552	0
3553	3
3554	1
3555	0
3556	0
3557	0
3558	0
3559	1
3560	3
3561	0
3562	3
3563	0
3564	3
3565	3
3566	3
3567	2
3568	3
3569	1
3570	2
3571	1
3572	3
3573	3
3574	0
3575	2
3576	3
3577	0
3578	3
3579	1
3580	1
3581	2
3582	1
3583	0
3584	3
3585	0
3586	3
3587	0
3588	3
3589	0
3590	0
3591	2
3592	1
3593	3
3594	3
3595	3
3596	3
3597	0
3598	1
3599	3
3600	1
3601	0
3602	0
3603	0
3604	3
3605	3
3606	1
3607	3
3608	3
3609	0
3610	3
3611	3
3612	1
3613	0
3614	3
3615	2
3616	3
3617	3
3618	3
3619	0
3620	0
3621	3
3622	2
3623	3
3624	2
3625	1
3626	2
3627	3
3628	1
3629	0
3630	0
3631	0
3632	1
3633	3
3634	3
3635	3
3636	3
3637	3
3638	3
3639	3
3640	3
3641	3
3642	1
3643	1
3644	0
3645	0
3646	3
3647	0
3648	2
3649	0
3650	3
3651	2
3652	2
3653	0
3654	3
3655	3
3656	2
3657	3
3658	3
3659	0
3660	3
3661	3
3662	3
3663	3
3664	3
3665	3
3666	1
3667	0
3668	1
3669	3
3670	3
3671	3
3672	3
3673	3
3674	2
3675	3
3676	3
3677	3
3678	3
3679	3
3680	1
3681	3
3682	3
3683	0
3684	3
3685	3
3686	2
3687	3
3688	3
3689	3
3690	3
3691	3
3692	1
3693	3
3694	3
3695	2
3696	3
3697	1
3698	2
3699	3
3700	2
3701	3
3702	2
3703	1
3704	3
3705	3
3706	3
3707	3
3708	3
3709	3
3710	2
3711	1
3712	2
3713	3
3714	1
3715	1
3716	3
3717	0
3718	3
3719	3
3720	1
3721	1
3722	3
3723	0
3724	0
3725	2
3726	3
3727	0
3728	3
3729	3
3730	2
3731	3
3732	3
3733	3
3734	3
3735	3
3736	3
3737	2
3738	3
3739	0
3740	3
3741	0
3742	2
3743	0
3744	3
3745	0
3746	3
3747	3
3748	0
3749	3
3750	2
3751	3
3752	3
3753	3
3754	3
3755	3
3756	0
3757	3
3758	3
3759	0
3760	3
3761	2
3762	3
3763	3
3764	3
3765	1
3766	3
3767	3
3768	0
3769	3
3770	3
3771	0
3772	3
3773	0
3774	1
3775	3
3776	3
3777	1
3778	0
3779	0
3780	3
3781	1
3782	3
3783	3
3784	1
3785	2
3786	3
3787	0
3788	1
3789	3
3790	3
3791	2
3792	2
3793	3
3794	2
3795	0
3796	3
3797	3
3798	0
3799	3
3800	3
3801	3
3802	2
3803	3
3804	0
3805	3
3806	3
3807	0
3808	3
3809	2
3810	0
3811	0
3812	3
3813	3
3814	0
3815	0
3816	0
3817	3
3818	0
3819	0
3820	3
3821	3
3822	3
3823	0
3824	3
3825	2
3826	3
3827	2
3828	3
3829	3
3830	3
3831	1
3832	3
3833	2
3834	3
3835	3
3836	3
3837	0
3838	3
3839	0
3840	3
3841	3
3842	3
3843	0
3844	2
3845	0
3846	0
3847	0
3848	0
3849	3
3850	0
3851	0
3852	3
3853	3
3854	3
3855	0
3856	2
3857	3
3858	3
3859	2
3860	0
3861	3
3862	3
3863	2
3864	0
3865	3
3866	3
3867	3
3868	0
3869	0
3870	3
3871	0
3872	0
3873	0
3874	3
3875	2
3876	1
3877	2
3878	3
3879	1
3880	0
3881	2
3882	0
3883	2
3884	1
3885	2
3886	3
3887	2
3888	0
3889	0
3890	2
3891	0
3892	3
3893	1
3894	2
3895	0
3896	0
3897	0
3898	3
3899	0
3900	3
3901	0
3902	3
3903	0
3904	2
3905	0
3906	3
3907	2
3908	2
3909	3
3910	1
3911	2
3912	0
3913	3
3914	3
3915	0
3916	1
3917	1
3918	3
3919	3
3920	1
3921	0
3922	3
3923	0
3924	2
3925	1
3926	3
3927	3
3928	3
3929	0
3930	3
3931	3
3932	2
3933	2
3934	3
3935	0
3936	1
3937	3
3938	3
3939	0
3940	3
3941	3
3942	0
3943	0
3944	3
3945	3
3946	2
3947	0
3948	2
3949	0
3950	3
3951	0
3952	3
3953	3
3954	3
3955	0
3956	3
3957	3
3958	1
3959	2
3960	0
3961	2
3962	2
3963	2
3964	3
3965	3
3966	2
3967	2
3968	3
3969	3
3970	2
3971	0
3972	3
3973	3
3974	1
3975	1
3976	2
3977	3
3978	1
3979	2
3980	2
3981	3
3982	3
3983	3
3984	3
3985	3
3986	3
3987	0
3988	3
3989	0
3990	2
3991	0
3992	1
3993	2
3994	3
3995	2
3996	2
3997	2
3998	3
3999	2
4000	1
4001	0
4002	0
4003	0
4004	2
4005	3
4006	2
4007	0
4008	3
4009	2
4010	3
4011	0
4012	1
4013	3
4014	3
4015	0
4016	0
4017	2
4018	3
4019	0
4020	3
4021	3
4022	3
4023	3
4024	1
4025	3
4026	2
4027	0
4028	3
4029	2
4030	1
4031	0
4032	3
4033	3
4034	3
4035	0
4036	3
4037	0
4038	2
4039	3
4040	3
4041	3
4042	3
4043	0
4044	3
4045	3
4046	3
4047	3
4048	3
4049	3
4050	3
4051	0
4052	3
4053	3
4054	3
4055	1
4056	1
4057	3
4058	3
4059	2
4060	2
4061	3
4062	2
4063	2
4064	3
4065	3
4066	3
4067	2
4068	3
4069	3
4070	0
4071	1
4072	0
4073	2
4074	3
4075	3
4076	2
4077	0
4078	1
4079	0
4080	3
4081	3
4082	0
4083	3
4084	3
4085	3
4086	2
4087	0
4088	3
4089	3
4090	3
4091	0
4092	3
4093	0
4094	1
4095	0
