COMMAND
./sim gshare 13 12 ./proj2-traces/jpeg_trace.txt
OUTPUT
number of predictions:2000000
number of mispredictions:143374
misprediction rate:   7.17%
FINAL GSHARE CONTENTS
0	0
1	3
2	1
3	2
4	0
5	2
6	3
7	0
8	3
9	3
10	3
11	3
12	1
13	1
14	3
15	3
16	3
17	3
18	3
19	3
20	1
21	0
22	3
23	1
24	3
25	3
26	3
27	2
28	0
29	0
30	0
31	3
32	2
33	3
34	1
35	3
36	0
37	0
38	3
39	3
40	3
41	2
42	0
43	3
44	2
45	3
46	3
47	3
48	3
49	0
50	0
51	3
52	3
53	0
54	3
55	2
56	3
57	0
58	0
59	0
60	3
61	0
62	3
63	0
64	3
65	0
66	3
67	0
68	0
69	0
70	3
71	0
72	1
73	0
74	3
75	3
76	2
77	3
78	0
79	2
80	3
81	0
82	2
83	2
84	3
85	0
86	1
87	0
88	2
89	0
90	3
91	0
92	3
93	0
94	1
95	0
96	2
97	0
98	3
99	2
100	3
101	3
102	3
103	1
104	3
105	0
106	0
107	3
108	2
109	3
110	2
111	2
112	2
113	3
114	2
115	0
116	2
117	0
118	1
119	3
120	2
121	3
122	2
123	1
124	1
125	2
126	2
127	3
128	2
129	3
130	3
131	3
132	0
133	3
134	3
135	0
136	2
137	3
138	0
139	3
140	2
141	3
142	0
143	3
144	2
145	3
146	2
147	1
148	1
149	0
150	2
151	0
152	2
153	3
154	1
155	0
156	2
157	3
158	2
159	3
160	2
161	2
162	2
163	3
164	3
165	3
166	0
167	2
168	1
169	0
170	0
171	0
172	2
173	2
174	1
175	0
176	2
177	3
178	3
179	0
180	1
181	2
182	3
183	0
184	1
185	0
186	2
187	1
188	3
189	1
190	3
191	1
192	0
193	3
194	3
195	3
196	0
197	3
198	0
199	2
200	2
201	3
202	3
203	2
204	1
205	3
206	0
207	2
208	3
209	0
210	0
211	2
212	1
213	0
214	0
215	3
216	0
217	0
218	0
219	3
220	2
221	3
222	2
223	3
224	3
225	3
226	3
227	2
228	3
229	3
230	1
231	2
232	3
233	3
234	2
235	3
236	2
237	3
238	3
239	2
240	1
241	2
242	2
243	2
244	0
245	3
246	3
247	3
248	2
249	0
250	0
251	0
252	1
253	3
254	2
255	3
256	3
257	0
258	2
259	0
260	0
261	2
262	3
263	3
264	3
265	0
266	0
267	3
268	1
269	3
270	2
271	2
272	0
273	1
274	3
275	3
276	0
277	3
278	3
279	3
280	3
281	2
282	3
283	0
284	0
285	2
286	0
287	3
288	3
289	2
290	0
291	3
292	3
293	3
294	2
295	0
296	3
297	3
298	2
299	3
300	3
301	0
302	3
303	3
304	0
305	3
306	2
307	3
308	0
309	3
310	3
311	3
312	0
313	3
314	3
315	3
316	1
317	0
318	3
319	2
320	3
321	3
322	3
323	3
324	2
325	0
326	2
327	3
328	3
329	0
330	0
331	3
332	3
333	0
334	0
335	2
336	3
337	3
338	2
339	0
340	0
341	3
342	2
343	3
344	3
345	1
346	3
347	0
348	2
349	0
350	3
351	2
352	3
353	3
354	3
355	3
356	3
357	3
358	3
359	0
360	3
361	2
362	1
363	3
364	3
365	0
366	3
367	0
368	3
369	3
370	1
371	0
372	3
373	1
374	3
375	3
376	0
377	3
378	0
379	0
380	1
381	2
382	0
383	0
384	2
385	0
386	3
387	0
388	0
389	2
390	0
391	3
392	1
393	0
394	3
395	0
396	3
397	2
398	3
399	0
400	3
401	3
402	0
403	3
404	3
405	0
406	3
407	0
408	3
409	3
410	3
411	3
412	3
413	0
414	3
415	2
416	3
417	2
418	3
419	0
420	3
421	3
422	3
423	3
424	2
425	2
426	2
427	3
428	3
429	3
430	1
431	3
432	3
433	0
434	3
435	2
436	3
437	2
438	3
439	0
440	3
441	3
442	2
443	2
444	3
445	0
446	3
447	0
448	2
449	3
450	3
451	0
452	1
453	3
454	0
455	2
456	1
457	0
458	3
459	1
460	0
461	0
462	2
463	0
464	2
465	0
466	3
467	3
468	3
469	1
470	3
471	0
472	2
473	0
474	2
475	3
476	0
477	0
478	0
479	0
480	3
481	3
482	3
483	0
484	1
485	2
486	3
487	2
488	3
489	0
490	0
491	3
492	3
493	0
494	2
495	3
496	2
497	0
498	0
499	0
500	3
501	0
502	2
503	0
504	3
505	0
506	3
507	0
508	1
509	0
510	1
511	0
512	2
513	3
514	2
515	0
516	3
517	2
518	3
519	2
520	3
521	3
522	2
523	0
524	3
525	2
526	0
527	2
528	3
529	0
530	2
531	0
532	3
533	2
534	3
535	3
536	2
537	3
538	2
539	3
540	3
541	1
542	0
543	3
544	3
545	2
546	3
547	2
548	2
549	0
550	3
551	1
552	0
553	2
554	3
555	3
556	0
557	2
558	1
559	1
560	3
561	3
562	3
563	3
564	3
565	3
566	3
567	3
568	3
569	2
570	3
571	2
572	2
573	0
574	3
575	2
576	3
577	2
578	1
579	2
580	3
581	0
582	2
583	2
584	2
585	1
586	1
587	2
588	1
589	0
590	1
591	0
592	2
593	3
594	0
595	0
596	3
597	1
598	1
599	2
600	2
601	3
602	0
603	1
604	3
605	2
606	1
607	2
608	0
609	0
610	1
611	2
612	0
613	0
614	3
615	1
616	1
617	0
618	2
619	0
620	2
621	2
622	3
623	2
624	3
625	3
626	3
627	3
628	3
629	3
630	0
631	0
632	2
633	2
634	1
635	2
636	2
637	3
638	2
639	3
640	2
641	3
642	3
643	3
644	3
645	3
646	3
647	3
648	2
649	3
650	0
651	3
652	0
653	3
654	2
655	0
656	3
657	3
658	2
659	2
660	0
661	3
662	3
663	2
664	3
665	3
666	1
667	2
668	3
669	1
670	3
671	2
672	3
673	0
674	0
675	2
676	2
677	3
678	2
679	2
680	2
681	3
682	0
683	0
684	2
685	1
686	0
687	0
688	3
689	2
690	0
691	2
692	3
693	2
694	3
695	0
696	2
697	3
698	1
699	0
700	3
701	2
702	3
703	1
704	1
705	3
706	0
707	3
708	1
709	3
710	3
711	0
712	1
713	2
714	3
715	0
716	0
717	3
718	1
719	2
720	2
721	3
722	0
723	0
724	0
725	2
726	0
727	3
728	2
729	1
730	1
731	3
732	2
733	3
734	0
735	0
736	0
737	2
738	0
739	0
740	0
741	3
742	1
743	3
744	1
745	2
746	2
747	3
748	3
749	3
750	2
751	2
752	3
753	2
754	1
755	2
756	2
757	3
758	3
759	3
760	3
761	3
762	3
763	3
764	3
765	3
766	1
767	2
768	0
769	3
770	3
771	3
772	2
773	3
774	0
775	2
776	3
777	0
778	3
779	3
780	1
781	0
782	0
783	2
784	3
785	2
786	3
787	0
788	3
789	0
790	3
791	0
792	0
793	2
794	0
795	2
796	3
797	2
798	0
799	2
800	0
801	2
802	0
803	1
804	0
805	2
806	1
807	0
808	0
809	3
810	0
811	2
812	1
813	0
814	3
815	3
816	2
817	3
818	0
819	2
820	0
821	1
822	0
823	3
824	3
825	3
826	0
827	2
828	0
829	2
830	3
831	2
832	3
833	1
834	2
835	2
836	3
837	0
838	3
839	2
840	1
841	0
842	1
843	2
844	1
845	0
846	0
847	2
848	3
849	3
850	0
851	1
852	2
853	0
854	0
855	0
856	0
857	1
858	0
859	2
860	3
861	2
862	0
863	2
864	2
865	2
866	0
867	0
868	2
869	1
870	3
871	2
872	0
873	2
874	0
875	3
876	0
877	2
878	0
879	0
880	1
881	0
882	0
883	0
884	2
885	0
886	2
887	0
888	2
889	0
890	3
891	0
892	3
893	0
894	0
895	0
896	3
897	0
898	3
899	0
900	2
901	2
902	3
903	2
904	3
905	2
906	0
907	2
908	3
909	2
910	3
911	0
912	3
913	0
914	3
915	3
916	3
917	0
918	3
919	0
920	2
921	0
922	1
923	2
924	3
925	0
926	3
927	0
928	0
929	2
930	0
931	0
932	2
933	0
934	2
935	3
936	1
937	1
938	1
939	3
940	1
941	1
942	1
943	3
944	3
945	3
946	0
947	3
948	3
949	3
950	1
951	3
952	1
953	2
954	3
955	1
956	0
957	0
958	3
959	2
960	2
961	3
962	2
963	3
964	2
965	3
966	0
967	2
968	2
969	0
970	0
971	3
972	1
973	2
974	3
975	2
976	1
977	3
978	3
979	3
980	2
981	3
982	0
983	3
984	0
985	3
986	3
987	3
988	0
989	3
990	2
991	3
992	3
993	3
994	1
995	2
996	3
997	3
998	0
999	2
1000	2
1001	1
1002	2
1003	2
1004	2
1005	3
1006	3
1007	0
1008	0
1009	3
1010	0
1011	3
1012	3
1013	3
1014	3
1015	0
1016	3
1017	0
1018	3
1019	3
1020	3
1021	3
1022	1
1023	2
1024	2
1025	3
1026	1
1027	3
1028	2
1029	2
1030	2
1031	3
1032	3
1033	3
1034	3
1035	0
1036	2
1037	3
1038	3
1039	3
1040	3
1041	3
1042	3
1043	3
1044	1
1045	2
1046	0
1047	1
1048	3
1049	3
1050	3
1051	2
1052	3
1053	0
1054	3
1055	1
1056	3
1057	2
1058	0
1059	0
1060	3
1061	0
1062	3
1063	2
1064	1
1065	3
1066	3
1067	0
1068	0
1069	2
1070	3
1071	3
1072	2
1073	3
1074	3
1075	3
1076	2
1077	3
1078	0
1079	2
1080	3
1081	1
1082	2
1083	2
1084	3
1085	2
1086	3
1087	3
1088	3
1089	0
1090	1
1091	0
1092	3
1093	0
1094	0
1095	0
1096	2
1097	1
1098	3
1099	2
1100	3
1101	2
1102	2
1103	3
1104	3
1105	0
1106	1
1107	3
1108	2
1109	3
1110	3
1111	3
1112	2
1113	2
1114	3
1115	2
1116	3
1117	2
1118	2
1119	2
1120	3
1121	2
1122	3
1123	0
1124	2
1125	3
1126	2
1127	1
1128	3
1129	3
1130	3
1131	3
1132	3
1133	2
1134	3
1135	3
1136	0
1137	2
1138	0
1139	1
1140	0
1141	3
1142	3
1143	2
1144	2
1145	3
1146	0
1147	3
1148	3
1149	0
1150	1
1151	3
1152	2
1153	0
1154	2
1155	2
1156	3
1157	2
1158	3
1159	2
1160	3
1161	0
1162	3
1163	0
1164	3
1165	0
1166	3
1167	1
1168	3
1169	3
1170	3
1171	3
1172	3
1173	0
1174	1
1175	3
1176	2
1177	0
1178	0
1179	3
1180	3
1181	2
1182	0
1183	3
1184	3
1185	3
1186	0
1187	2
1188	1
1189	2
1190	0
1191	0
1192	0
1193	1
1194	0
1195	2
1196	1
1197	2
1198	2
1199	2
1200	3
1201	2
1202	1
1203	2
1204	3
1205	2
1206	2
1207	3
1208	2
1209	2
1210	0
1211	0
1212	1
1213	3
1214	0
1215	2
1216	1
1217	0
1218	3
1219	1
1220	0
1221	3
1222	2
1223	2
1224	3
1225	3
1226	0
1227	2
1228	0
1229	3
1230	2
1231	3
1232	2
1233	3
1234	2
1235	3
1236	3
1237	1
1238	0
1239	3
1240	3
1241	2
1242	2
1243	3
1244	2
1245	0
1246	0
1247	3
1248	3
1249	2
1250	1
1251	3
1252	0
1253	3
1254	0
1255	3
1256	0
1257	3
1258	2
1259	3
1260	0
1261	3
1262	0
1263	3
1264	3
1265	2
1266	1
1267	3
1268	3
1269	3
1270	1
1271	2
1272	0
1273	3
1274	0
1275	3
1276	2
1277	2
1278	2
1279	1
1280	3
1281	2
1282	3
1283	2
1284	3
1285	3
1286	3
1287	3
1288	3
1289	2
1290	3
1291	2
1292	3
1293	3
1294	3
1295	0
1296	3
1297	3
1298	3
1299	3
1300	3
1301	3
1302	3
1303	3
1304	0
1305	3
1306	3
1307	3
1308	3
1309	1
1310	3
1311	3
1312	3
1313	2
1314	3
1315	1
1316	3
1317	2
1318	3
1319	3
1320	3
1321	3
1322	3
1323	2
1324	1
1325	1
1326	1
1327	0
1328	2
1329	3
1330	3
1331	0
1332	2
1333	3
1334	3
1335	3
1336	2
1337	0
1338	3
1339	2
1340	3
1341	2
1342	2
1343	3
1344	1
1345	2
1346	2
1347	3
1348	3
1349	2
1350	0
1351	3
1352	3
1353	1
1354	3
1355	3
1356	3
1357	3
1358	0
1359	0
1360	2
1361	3
1362	0
1363	2
1364	1
1365	3
1366	3
1367	3
1368	3
1369	0
1370	3
1371	0
1372	2
1373	2
1374	2
1375	3
1376	0
1377	2
1378	3
1379	2
1380	2
1381	3
1382	3
1383	3
1384	2
1385	3
1386	0
1387	2
1388	2
1389	0
1390	2
1391	2
1392	3
1393	2
1394	2
1395	2
1396	3
1397	2
1398	0
1399	2
1400	3
1401	2
1402	3
1403	2
1404	3
1405	3
1406	3
1407	3
1408	3
1409	2
1410	2
1411	3
1412	0
1413	2
1414	2
1415	0
1416	3
1417	3
1418	3
1419	0
1420	2
1421	2
1422	1
1423	3
1424	3
1425	2
1426	0
1427	2
1428	3
1429	3
1430	1
1431	1
1432	3
1433	0
1434	3
1435	2
1436	3
1437	3
1438	3
1439	2
1440	3
1441	3
1442	3
1443	2
1444	2
1445	1
1446	2
1447	1
1448	2
1449	2
1450	3
1451	0
1452	3
1453	3
1454	3
1455	3
1456	3
1457	0
1458	3
1459	3
1460	3
1461	3
1462	1
1463	2
1464	3
1465	2
1466	3
1467	3
1468	2
1469	3
1470	3
1471	3
1472	3
1473	3
1474	3
1475	3
1476	3
1477	3
1478	3
1479	2
1480	0
1481	3
1482	0
1483	0
1484	2
1485	3
1486	3
1487	0
1488	2
1489	2
1490	2
1491	0
1492	1
1493	2
1494	3
1495	3
1496	3
1497	2
1498	2
1499	2
1500	3
1501	3
1502	3
1503	2
1504	3
1505	2
1506	2
1507	2
1508	3
1509	3
1510	2
1511	3
1512	2
1513	0
1514	0
1515	3
1516	2
1517	3
1518	3
1519	3
1520	3
1521	3
1522	0
1523	2
1524	3
1525	2
1526	1
1527	2
1528	3
1529	2
1530	0
1531	3
1532	2
1533	3
1534	3
1535	3
1536	3
1537	3
1538	3
1539	3
1540	3
1541	3
1542	2
1543	3
1544	0
1545	3
1546	0
1547	3
1548	3
1549	3
1550	3
1551	0
1552	2
1553	2
1554	3
1555	2
1556	3
1557	0
1558	2
1559	2
1560	2
1561	3
1562	0
1563	0
1564	2
1565	0
1566	0
1567	0
1568	3
1569	3
1570	2
1571	3
1572	2
1573	3
1574	1
1575	3
1576	0
1577	2
1578	2
1579	1
1580	0
1581	1
1582	3
1583	0
1584	2
1585	0
1586	0
1587	2
1588	1
1589	3
1590	3
1591	0
1592	2
1593	0
1594	3
1595	0
1596	3
1597	0
1598	3
1599	0
1600	3
1601	3
1602	3
1603	3
1604	0
1605	3
1606	2
1607	3
1608	2
1609	0
1610	3
1611	0
1612	3
1613	2
1614	3
1615	3
1616	1
1617	0
1618	3
1619	3
1620	3
1621	1
1622	3
1623	2
1624	2
1625	3
1626	0
1627	2
1628	3
1629	3
1630	3
1631	3
1632	2
1633	0
1634	2
1635	0
1636	3
1637	3
1638	2
1639	2
1640	2
1641	1
1642	0
1643	3
1644	3
1645	2
1646	0
1647	2
1648	0
1649	3
1650	2
1651	0
1652	2
1653	0
1654	3
1655	3
1656	3
1657	3
1658	0
1659	3
1660	3
1661	3
1662	1
1663	0
1664	1
1665	3
1666	1
1667	3
1668	2
1669	3
1670	3
1671	3
1672	2
1673	0
1674	0
1675	2
1676	1
1677	2
1678	1
1679	3
1680	0
1681	3
1682	1
1683	3
1684	0
1685	2
1686	3
1687	3
1688	1
1689	0
1690	3
1691	3
1692	3
1693	3
1694	1
1695	3
1696	3
1697	3
1698	2
1699	3
1700	3
1701	3
1702	1
1703	3
1704	3
1705	3
1706	2
1707	3
1708	3
1709	3
1710	3
1711	3
1712	2
1713	3
1714	1
1715	3
1716	2
1717	3
1718	2
1719	3
1720	1
1721	3
1722	3
1723	3
1724	2
1725	2
1726	1
1727	3
1728	3
1729	3
1730	2
1731	3
1732	2
1733	3
1734	3
1735	0
1736	2
1737	3
1738	2
1739	0
1740	3
1741	3
1742	3
1743	3
1744	3
1745	3
1746	0
1747	3
1748	0
1749	3
1750	2
1751	3
1752	0
1753	3
1754	3
1755	3
1756	0
1757	3
1758	3
1759	3
1760	3
1761	3
1762	3
1763	3
1764	3
1765	3
1766	0
1767	3
1768	1
1769	0
1770	2
1771	3
1772	0
1773	0
1774	1
1775	3
1776	2
1777	0
1778	3
1779	0
1780	3
1781	3
1782	2
1783	3
1784	3
1785	3
1786	2
1787	3
1788	0
1789	1
1790	3
1791	3
1792	1
1793	3
1794	2
1795	3
1796	3
1797	0
1798	3
1799	3
1800	0
1801	2
1802	2
1803	2
1804	1
1805	3
1806	0
1807	3
1808	0
1809	0
1810	2
1811	3
1812	3
1813	3
1814	3
1815	1
1816	3
1817	3
1818	0
1819	2
1820	3
1821	0
1822	2
1823	3
1824	3
1825	1
1826	3
1827	3
1828	3
1829	3
1830	0
1831	3
1832	3
1833	3
1834	2
1835	3
1836	0
1837	3
1838	0
1839	3
1840	1
1841	1
1842	0
1843	0
1844	1
1845	1
1846	2
1847	0
1848	3
1849	0
1850	3
1851	0
1852	3
1853	3
1854	1
1855	2
1856	3
1857	0
1858	3
1859	3
1860	2
1861	3
1862	3
1863	3
1864	2
1865	3
1866	2
1867	2
1868	3
1869	3
1870	3
1871	2
1872	2
1873	0
1874	0
1875	0
1876	3
1877	3
1878	2
1879	3
1880	2
1881	0
1882	3
1883	1
1884	3
1885	1
1886	2
1887	2
1888	0
1889	2
1890	2
1891	0
1892	2
1893	3
1894	1
1895	2
1896	2
1897	2
1898	3
1899	3
1900	0
1901	2
1902	0
1903	2
1904	3
1905	2
1906	2
1907	2
1908	2
1909	2
1910	2
1911	2
1912	3
1913	2
1914	2
1915	3
1916	2
1917	2
1918	0
1919	3
1920	0
1921	1
1922	3
1923	2
1924	3
1925	2
1926	3
1927	3
1928	3
1929	0
1930	3
1931	1
1932	3
1933	3
1934	3
1935	3
1936	3
1937	2
1938	0
1939	3
1940	2
1941	2
1942	1
1943	1
1944	0
1945	2
1946	2
1947	0
1948	0
1949	3
1950	3
1951	2
1952	3
1953	3
1954	3
1955	2
1956	3
1957	2
1958	3
1959	0
1960	3
1961	3
1962	3
1963	2
1964	2
1965	3
1966	1
1967	3
1968	3
1969	3
1970	2
1971	0
1972	2
1973	3
1974	2
1975	0
1976	3
1977	3
1978	0
1979	2
1980	2
1981	0
1982	2
1983	2
1984	2
1985	3
1986	3
1987	3
1988	3
1989	3
1990	2
1991	3
1992	2
1993	3
1994	3
1995	3
1996	2
1997	2
1998	3
1999	0
2000	3
2001	3
2002	3
2003	2
2004	1
2005	3
2006	0
2007	3
2008	3
2009	3
2010	1
2011	3
2012	2
2013	3
2014	0
2015	2
2016	2
2017	3
2018	1
2019	3
2020	2
2021	3
2022	3
2023	3
2024	2
2025	3
2026	3
2027	3
2028	3
2029	3
2030	3
2031	3
2032	3
2033	3
2034	0
2035	2
2036	3
2037	3
2038	3
2039	2
2040	2
2041	3
2042	0
2043	2
2044	3
2045	0
2046	3
2047	2
2048	2
2049	3
2050	0
2051	2
2052	3
2053	3
2054	3
2055	0
2056	1
2057	2
2058	0
2059	3
2060	2
2061	2
2062	3
2063	0
2064	3
2065	0
2066	2
2067	3
2068	2
2069	0
2070	2
2071	3
2072	0
2073	2
2074	2
2075	0
2076	2
2077	0
2078	2
2079	3
2080	3
2081	3
2082	3
2083	1
2084	3
2085	2
2086	0
2087	2
2088	1
2089	2
2090	3
2091	3
2092	3
2093	3
2094	2
2095	3
2096	3
2097	0
2098	0
2099	2
2100	3
2101	2
2102	0
2103	3
2104	2
2105	2
2106	2
2107	3
2108	3
2109	1
2110	3
2111	3
2112	2
2113	2
2114	2
2115	3
2116	0
2117	3
2118	2
2119	1
2120	3
2121	1
2122	3
2123	3
2124	3
2125	3
2126	2
2127	3
2128	0
2129	3
2130	0
2131	3
2132	0
2133	3
2134	3
2135	3
2136	2
2137	3
2138	2
2139	0
2140	2
2141	3
2142	2
2143	3
2144	3
2145	3
2146	3
2147	2
2148	2
2149	3
2150	3
2151	3
2152	0
2153	3
2154	3
2155	2
2156	3
2157	3
2158	3
2159	3
2160	3
2161	2
2162	3
2163	3
2164	3
2165	2
2166	3
2167	0
2168	3
2169	2
2170	3
2171	2
2172	3
2173	3
2174	0
2175	0
2176	3
2177	3
2178	3
2179	3
2180	3
2181	1
2182	3
2183	0
2184	1
2185	3
2186	0
2187	2
2188	2
2189	2
2190	3
2191	3
2192	3
2193	3
2194	2
2195	3
2196	3
2197	3
2198	3
2199	2
2200	0
2201	2
2202	0
2203	3
2204	2
2205	3
2206	0
2207	1
2208	2
2209	2
2210	3
2211	3
2212	0
2213	2
2214	2
2215	2
2216	3
2217	2
2218	3
2219	1
2220	2
2221	3
2222	2
2223	0
2224	3
2225	3
2226	3
2227	2
2228	1
2229	0
2230	3
2231	2
2232	3
2233	0
2234	1
2235	3
2236	1
2237	3
2238	1
2239	3
2240	3
2241	1
2242	0
2243	2
2244	3
2245	2
2246	1
2247	0
2248	2
2249	2
2250	0
2251	2
2252	1
2253	3
2254	3
2255	2
2256	3
2257	3
2258	3
2259	3
2260	3
2261	2
2262	3
2263	2
2264	3
2265	3
2266	1
2267	3
2268	1
2269	3
2270	2
2271	2
2272	3
2273	3
2274	2
2275	3
2276	3
2277	0
2278	1
2279	2
2280	3
2281	2
2282	1
2283	2
2284	0
2285	0
2286	2
2287	3
2288	3
2289	3
2290	2
2291	2
2292	3
2293	3
2294	2
2295	2
2296	3
2297	2
2298	3
2299	2
2300	2
2301	0
2302	3
2303	2
2304	3
2305	0
2306	3
2307	2
2308	3
2309	3
2310	3
2311	3
2312	1
2313	2
2314	0
2315	2
2316	3
2317	2
2318	1
2319	3
2320	2
2321	3
2322	0
2323	3
2324	0
2325	2
2326	3
2327	3
2328	2
2329	3
2330	2
2331	3
2332	2
2333	2
2334	3
2335	2
2336	3
2337	2
2338	0
2339	2
2340	3
2341	2
2342	3
2343	2
2344	3
2345	0
2346	3
2347	3
2348	3
2349	0
2350	3
2351	3
2352	0
2353	0
2354	1
2355	2
2356	2
2357	0
2358	3
2359	0
2360	3
2361	0
2362	3
2363	3
2364	3
2365	3
2366	3
2367	3
2368	3
2369	0
2370	0
2371	3
2372	1
2373	2
2374	1
2375	2
2376	3
2377	3
2378	0
2379	2
2380	3
2381	3
2382	0
2383	2
2384	3
2385	3
2386	0
2387	2
2388	3
2389	3
2390	3
2391	2
2392	3
2393	3
2394	0
2395	1
2396	2
2397	3
2398	1
2399	3
2400	3
2401	3
2402	3
2403	2
2404	3
2405	3
2406	2
2407	2
2408	3
2409	0
2410	3
2411	3
2412	3
2413	3
2414	3
2415	0
2416	2
2417	3
2418	3
2419	3
2420	3
2421	0
2422	3
2423	0
2424	2
2425	2
2426	2
2427	0
2428	0
2429	2
2430	3
2431	0
2432	3
2433	0
2434	3
2435	0
2436	2
2437	2
2438	3
2439	2
2440	2
2441	2
2442	3
2443	0
2444	2
2445	0
2446	3
2447	0
2448	3
2449	0
2450	2
2451	3
2452	0
2453	2
2454	1
2455	0
2456	2
2457	2
2458	3
2459	0
2460	2
2461	0
2462	3
2463	0
2464	3
2465	2
2466	3
2467	3
2468	3
2469	0
2470	3
2471	2
2472	1
2473	2
2474	3
2475	3
2476	3
2477	2
2478	3
2479	0
2480	3
2481	0
2482	3
2483	2
2484	1
2485	2
2486	3
2487	0
2488	3
2489	0
2490	3
2491	2
2492	1
2493	2
2494	0
2495	1
2496	2
2497	2
2498	0
2499	3
2500	2
2501	2
2502	3
2503	3
2504	3
2505	2
2506	3
2507	2
2508	3
2509	3
2510	3
2511	2
2512	3
2513	2
2514	3
2515	2
2516	3
2517	3
2518	3
2519	3
2520	2
2521	3
2522	2
2523	1
2524	2
2525	3
2526	3
2527	2
2528	2
2529	0
2530	3
2531	3
2532	3
2533	3
2534	3
2535	3
2536	3
2537	3
2538	0
2539	0
2540	2
2541	2
2542	2
2543	2
2544	3
2545	0
2546	2
2547	0
2548	0
2549	0
2550	3
2551	0
2552	3
2553	0
2554	3
2555	0
2556	3
2557	1
2558	3
2559	0
2560	3
2561	1
2562	3
2563	2
2564	3
2565	2
2566	3
2567	2
2568	2
2569	1
2570	1
2571	3
2572	2
2573	1
2574	3
2575	2
2576	3
2577	0
2578	3
2579	1
2580	3
2581	3
2582	3
2583	3
2584	3
2585	0
2586	2
2587	3
2588	3
2589	0
2590	3
2591	0
2592	0
2593	2
2594	3
2595	3
2596	3
2597	3
2598	2
2599	2
2600	2
2601	3
2602	3
2603	0
2604	3
2605	3
2606	3
2607	0
2608	3
2609	0
2610	0
2611	0
2612	2
2613	2
2614	3
2615	0
2616	2
2617	3
2618	2
2619	0
2620	2
2621	0
2622	2
2623	1
2624	2
2625	1
2626	3
2627	1
2628	3
2629	3
2630	2
2631	2
2632	0
2633	0
2634	2
2635	0
2636	3
2637	2
2638	3
2639	2
2640	3
2641	2
2642	3
2643	3
2644	2
2645	2
2646	2
2647	2
2648	0
2649	2
2650	2
2651	2
2652	0
2653	2
2654	0
2655	1
2656	3
2657	3
2658	3
2659	3
2660	3
2661	2
2662	0
2663	3
2664	3
2665	3
2666	3
2667	3
2668	3
2669	3
2670	3
2671	3
2672	3
2673	3
2674	1
2675	3
2676	0
2677	2
2678	2
2679	0
2680	2
2681	2
2682	3
2683	2
2684	2
2685	2
2686	3
2687	0
2688	1
2689	3
2690	2
2691	3
2692	2
2693	3
2694	2
2695	3
2696	0
2697	3
2698	0
2699	0
2700	3
2701	2
2702	0
2703	2
2704	3
2705	3
2706	2
2707	3
2708	2
2709	2
2710	3
2711	3
2712	3
2713	2
2714	0
2715	2
2716	2
2717	2
2718	2
2719	0
2720	0
2721	3
2722	0
2723	3
2724	0
2725	2
2726	0
2727	3
2728	0
2729	3
2730	0
2731	1
2732	3
2733	2
2734	3
2735	3
2736	3
2737	0
2738	0
2739	3
2740	2
2741	3
2742	3
2743	3
2744	0
2745	1
2746	3
2747	3
2748	2
2749	3
2750	0
2751	1
2752	2
2753	3
2754	0
2755	3
2756	3
2757	3
2758	2
2759	3
2760	3
2761	3
2762	1
2763	3
2764	3
2765	1
2766	3
2767	2
2768	2
2769	3
2770	2
2771	3
2772	0
2773	0
2774	1
2775	2
2776	0
2777	1
2778	2
2779	0
2780	0
2781	3
2782	0
2783	2
2784	3
2785	3
2786	3
2787	3
2788	2
2789	1
2790	0
2791	2
2792	2
2793	3
2794	0
2795	3
2796	3
2797	3
2798	3
2799	3
2800	3
2801	3
2802	3
2803	3
2804	0
2805	1
2806	1
2807	2
2808	3
2809	2
2810	3
2811	0
2812	0
2813	0
2814	3
2815	2
2816	2
2817	0
2818	3
2819	0
2820	1
2821	2
2822	3
2823	2
2824	2
2825	2
2826	2
2827	0
2828	3
2829	0
2830	3
2831	0
2832	3
2833	0
2834	2
2835	3
2836	3
2837	3
2838	0
2839	3
2840	3
2841	2
2842	2
2843	1
2844	3
2845	2
2846	2
2847	2
2848	2
2849	1
2850	3
2851	0
2852	3
2853	0
2854	2
2855	0
2856	2
2857	3
2858	2
2859	0
2860	3
2861	3
2862	3
2863	3
2864	0
2865	2
2866	3
2867	2
2868	3
2869	3
2870	3
2871	2
2872	3
2873	0
2874	2
2875	1
2876	3
2877	2
2878	2
2879	2
2880	2
2881	0
2882	2
2883	1
2884	3
2885	1
2886	3
2887	3
2888	2
2889	0
2890	2
2891	2
2892	2
2893	3
2894	3
2895	0
2896	2
2897	2
2898	3
2899	1
2900	0
2901	2
2902	0
2903	0
2904	2
2905	2
2906	2
2907	2
2908	0
2909	2
2910	2
2911	2
2912	3
2913	2
2914	3
2915	2
2916	2
2917	2
2918	3
2919	2
2920	2
2921	0
2922	1
2923	3
2924	3
2925	3
2926	1
2927	1
2928	2
2929	2
2930	2
2931	2
2932	3
2933	2
2934	2
2935	2
2936	0
2937	2
2938	3
2939	0
2940	3
2941	0
2942	2
2943	2
2944	2
2945	3
2946	2
2947	2
2948	3
2949	3
2950	3
2951	3
2952	2
2953	2
2954	3
2955	3
2956	0
2957	0
2958	1
2959	3
2960	2
2961	3
2962	2
2963	2
2964	3
2965	2
2966	0
2967	0
2968	2
2969	2
2970	3
2971	2
2972	3
2973	0
2974	2
2975	0
2976	2
2977	0
2978	3
2979	0
2980	2
2981	1
2982	2
2983	3
2984	0
2985	2
2986	3
2987	2
2988	0
2989	3
2990	0
2991	3
2992	2
2993	0
2994	3
2995	0
2996	3
2997	2
2998	2
2999	0
3000	2
3001	3
3002	3
3003	2
3004	3
3005	3
3006	3
3007	0
3008	3
3009	3
3010	3
3011	3
3012	3
3013	2
3014	3
3015	2
3016	3
3017	2
3018	3
3019	3
3020	0
3021	0
3022	1
3023	3
3024	0
3025	2
3026	1
3027	3
3028	3
3029	2
3030	3
3031	3
3032	3
3033	0
3034	1
3035	0
3036	0
3037	2
3038	3
3039	2
3040	3
3041	0
3042	2
3043	1
3044	3
3045	2
3046	0
3047	2
3048	3
3049	2
3050	0
3051	0
3052	3
3053	2
3054	2
3055	2
3056	3
3057	2
3058	3
3059	0
3060	0
3061	0
3062	3
3063	0
3064	3
3065	0
3066	1
3067	0
3068	3
3069	1
3070	1
3071	0
3072	3
3073	1
3074	3
3075	1
3076	3
3077	0
3078	2
3079	0
3080	3
3081	3
3082	1
3083	2
3084	3
3085	2
3086	0
3087	2
3088	2
3089	2
3090	3
3091	0
3092	1
3093	3
3094	2
3095	2
3096	2
3097	2
3098	2
3099	2
3100	3
3101	0
3102	2
3103	0
3104	2
3105	3
3106	2
3107	1
3108	3
3109	2
3110	3
3111	2
3112	2
3113	0
3114	3
3115	0
3116	3
3117	2
3118	3
3119	2
3120	0
3121	0
3122	3
3123	2
3124	2
3125	2
3126	3
3127	0
3128	2
3129	3
3130	0
3131	0
3132	1
3133	2
3134	0
3135	2
3136	3
3137	0
3138	0
3139	1
3140	0
3141	1
3142	0
3143	1
3144	2
3145	1
3146	3
3147	0
3148	0
3149	1
3150	1
3151	0
3152	3
3153	2
3154	0
3155	3
3156	3
3157	3
3158	1
3159	0
3160	2
3161	3
3162	1
3163	0
3164	1
3165	2
3166	2
3167	0
3168	3
3169	2
3170	1
3171	3
3172	3
3173	3
3174	3
3175	2
3176	2
3177	2
3178	0
3179	2
3180	2
3181	3
3182	2
3183	3
3184	3
3185	0
3186	0
3187	3
3188	3
3189	0
3190	1
3191	1
3192	3
3193	3
3194	2
3195	0
3196	2
3197	3
3198	1
3199	2
3200	0
3201	0
3202	0
3203	0
3204	0
3205	1
3206	1
3207	3
3208	0
3209	0
3210	2
3211	3
3212	1
3213	0
3214	0
3215	2
3216	0
3217	3
3218	0
3219	3
3220	0
3221	0
3222	0
3223	1
3224	0
3225	3
3226	0
3227	2
3228	2
3229	3
3230	0
3231	3
3232	0
3233	3
3234	0
3235	3
3236	0
3237	0
3238	0
3239	2
3240	0
3241	3
3242	2
3243	3
3244	2
3245	2
3246	0
3247	2
3248	0
3249	3
3250	0
3251	3
3252	0
3253	0
3254	3
3255	0
3256	0
3257	3
3258	0
3259	2
3260	0
3261	0
3262	1
3263	0
3264	0
3265	0
3266	3
3267	1
3268	3
3269	2
3270	1
3271	2
3272	2
3273	3
3274	0
3275	0
3276	0
3277	2
3278	0
3279	2
3280	2
3281	1
3282	3
3283	3
3284	0
3285	3
3286	0
3287	3
3288	0
3289	3
3290	0
3291	0
3292	0
3293	3
3294	1
3295	2
3296	3
3297	0
3298	2
3299	2
3300	3
3301	2
3302	2
3303	2
3304	0
3305	2
3306	0
3307	2
3308	3
3309	3
3310	3
3311	3
3312	3
3313	3
3314	3
3315	3
3316	2
3317	0
3318	0
3319	1
3320	0
3321	3
3322	3
3323	3
3324	1
3325	2
3326	3
3327	1
3328	3
3329	3
3330	3
3331	3
3332	2
3333	3
3334	3
3335	1
3336	0
3337	3
3338	2
3339	3
3340	3
3341	3
3342	0
3343	0
3344	3
3345	2
3346	0
3347	0
3348	3
3349	3
3350	3
3351	0
3352	2
3353	2
3354	3
3355	3
3356	3
3357	2
3358	3
3359	0
3360	1
3361	3
3362	3
3363	0
3364	3
3365	1
3366	3
3367	3
3368	3
3369	2
3370	3
3371	3
3372	2
3373	0
3374	0
3375	0
3376	3
3377	0
3378	3
3379	2
3380	3
3381	0
3382	3
3383	3
3384	2
3385	0
3386	2
3387	3
3388	0
3389	0
3390	3
3391	3
3392	3
3393	0
3394	0
3395	1
3396	0
3397	1
3398	3
3399	0
3400	0
3401	2
3402	2
3403	0
3404	0
3405	2
3406	3
3407	0
3408	3
3409	0
3410	3
3411	3
3412	3
3413	3
3414	0
3415	3
3416	1
3417	1
3418	0
3419	3
3420	3
3421	3
3422	0
3423	1
3424	2
3425	0
3426	3
3427	2
3428	3
3429	3
3430	3
3431	2
3432	3
3433	3
3434	3
3435	3
3436	0
3437	3
3438	3
3439	0
3440	3
3441	2
3442	0
3443	2
3444	0
3445	0
3446	0
3447	0
3448	0
3449	0
3450	2
3451	2
3452	2
3453	2
3454	3
3455	2
3456	1
3457	1
3458	1
3459	2
3460	3
3461	3
3462	2
3463	3
3464	3
3465	2
3466	3
3467	2
3468	3
3469	3
3470	3
3471	3
3472	3
3473	0
3474	0
3475	0
3476	2
3477	2
3478	2
3479	3
3480	3
3481	3
3482	3
3483	0
3484	2
3485	3
3486	0
3487	0
3488	0
3489	3
3490	3
3491	3
3492	3
3493	0
3494	0
3495	3
3496	0
3497	0
3498	3
3499	0
3500	3
3501	0
3502	3
3503	0
3504	3
3505	2
3506	3
3507	3
3508	2
3509	2
3510	3
3511	3
3512	2
3513	0
3514	3
3515	2
3516	0
3517	2
3518	2
3519	2
3520	3
3521	3
3522	0
3523	3
3524	3
3525	2
3526	3
3527	3
3528	3
3529	0
3530	2
3531	2
3532	1
3533	2
3534	3
3535	0
3536	1
3537	3
3538	0
3539	3
3540	3
3541	3
3542	1
3543	2
3544	0
3545	3
3546	0
3547	3
3548	0
3549	0
3550	0
3551	3
3552	1
3553	3
3554	3
3555	2
3556	3
3557	0
3558	3
3559	3
3560	1
3561	0
3562	3
3563	2
3564	2
3565	0
3566	3
3567	3
3568	2
3569	0
3570	3
3571	0
3572	3
3573	2
3574	1
3575	3
3576	3
3577	0
3578	0
3579	2
3580	0
3581	2
3582	3
3583	3
3584	0
3585	3
3586	0
3587	3
3588	1
3589	3
3590	3
3591	0
3592	0
3593	3
3594	0
3595	2
3596	0
3597	3
3598	1
3599	0
3600	3
3601	2
3602	0
3603	0
3604	0
3605	2
3606	0
3607	2
3608	0
3609	3
3610	3
3611	0
3612	0
3613	0
3614	0
3615	2
3616	2
3617	0
3618	0
3619	0
3620	3
3621	3
3622	3
3623	3
3624	0
3625	2
3626	0
3627	3
3628	0
3629	0
3630	0
3631	0
3632	2
3633	2
3634	0
3635	2
3636	3
3637	0
3638	1
3639	0
3640	0
3641	3
3642	0
3643	3
3644	0
3645	1
3646	0
3647	0
3648	3
3649	3
3650	3
3651	3
3652	2
3653	3
3654	3
3655	0
3656	3
3657	3
3658	2
3659	0
3660	0
3661	3
3662	0
3663	0
3664	2
3665	0
3666	1
3667	3
3668	0
3669	3
3670	3
3671	0
3672	3
3673	3
3674	3
3675	0
3676	3
3677	3
3678	3
3679	0
3680	3
3681	1
3682	2
3683	0
3684	3
3685	3
3686	0
3687	2
3688	2
3689	2
3690	0
3691	0
3692	3
3693	3
3694	0
3695	2
3696	0
3697	0
3698	0
3699	0
3700	0
3701	3
3702	0
3703	0
3704	3
3705	0
3706	2
3707	0
3708	3
3709	0
3710	2
3711	1
3712	3
3713	2
3714	0
3715	3
3716	3
3717	0
3718	3
3719	2
3720	3
3721	0
3722	0
3723	3
3724	0
3725	1
3726	0
3727	1
3728	2
3729	2
3730	3
3731	2
3732	3
3733	3
3734	3
3735	2
3736	3
3737	2
3738	2
3739	2
3740	3
3741	2
3742	3
3743	2
3744	3
3745	2
3746	3
3747	3
3748	0
3749	0
3750	2
3751	0
3752	0
3753	2
3754	0
3755	1
3756	0
3757	2
3758	3
3759	3
3760	2
3761	3
3762	3
3763	2
3764	0
3765	3
3766	0
3767	2
3768	0
3769	3
3770	0
3771	2
3772	2
3773	0
3774	0
3775	3
3776	3
3777	3
3778	0
3779	2
3780	3
3781	3
3782	3
3783	3
3784	3
3785	3
3786	0
3787	3
3788	3
3789	3
3790	0
3791	2
3792	2
3793	3
3794	3
3795	2
3796	1
3797	3
3798	3
3799	3
3800	0
3801	3
3802	3
3803	2
3804	3
3805	3
3806	3
3807	1
3808	0
3809	3
3810	3
3811	3
3812	0
3813	3
3814	2
3815	3
3816	0
3817	2
3818	0
3819	3
3820	3
3821	1
3822	3
3823	2
3824	3
3825	3
3826	0
3827	0
3828	3
3829	3
3830	0
3831	0
3832	3
3833	3
3834	3
3835	2
3836	3
3837	2
3838	3
3839	3
3840	3
3841	0
3842	0
3843	3
3844	0
3845	2
3846	3
3847	0
3848	0
3849	2
3850	1
3851	0
3852	1
3853	2
3854	0
3855	2
3856	2
3857	3
3858	2
3859	0
3860	0
3861	3
3862	3
3863	3
3864	0
3865	0
3866	3
3867	0
3868	0
3869	0
3870	2
3871	0
3872	0
3873	1
3874	3
3875	2
3876	0
3877	2
3878	3
3879	2
3880	3
3881	0
3882	0
3883	2
3884	2
3885	3
3886	3
3887	3
3888	0
3889	0
3890	2
3891	2
3892	0
3893	0
3894	3
3895	3
3896	2
3897	0
3898	2
3899	1
3900	0
3901	3
3902	1
3903	3
3904	3
3905	3
3906	2
3907	3
3908	3
3909	3
3910	3
3911	3
3912	3
3913	3
3914	3
3915	3
3916	0
3917	0
3918	3
3919	3
3920	2
3921	3
3922	0
3923	2
3924	2
3925	0
3926	3
3927	3
3928	0
3929	3
3930	3
3931	0
3932	0
3933	0
3934	2
3935	2
3936	2
3937	2
3938	2
3939	2
3940	2
3941	2
3942	2
3943	0
3944	2
3945	3
3946	0
3947	0
3948	0
3949	0
3950	0
3951	2
3952	2
3953	1
3954	0
3955	3
3956	0
3957	3
3958	3
3959	0
3960	0
3961	2
3962	2
3963	2
3964	0
3965	2
3966	0
3967	1
3968	3
3969	0
3970	3
3971	0
3972	3
3973	0
3974	3
3975	3
3976	1
3977	2
3978	3
3979	0
3980	1
3981	3
3982	3
3983	3
3984	2
3985	1
3986	0
3987	2
3988	2
3989	0
3990	0
3991	3
3992	3
3993	1
3994	2
3995	0
3996	2
3997	3
3998	3
3999	0
4000	2
4001	3
4002	3
4003	0
4004	3
4005	1
4006	2
4007	3
4008	0
4009	3
4010	0
4011	0
4012	2
4013	2
4014	0
4015	0
4016	2
4017	0
4018	1
4019	0
4020	1
4021	0
4022	0
4023	0
4024	2
4025	2
4026	1
4027	0
4028	3
4029	0
4030	3
4031	0
4032	3
4033	3
4034	3
4035	2
4036	3
4037	3
4038	3
4039	3
4040	3
4041	1
4042	3
4043	2
4044	1
4045	1
4046	3
4047	2
4048	2
4049	3
4050	0
4051	3
4052	3
4053	2
4054	3
4055	3
4056	0
4057	3
4058	1
4059	1
4060	3
4061	3
4062	3
4063	1
4064	1
4065	3
4066	3
4067	2
4068	0
4069	3
4070	1
4071	3
4072	3
4073	0
4074	0
4075	2
4076	0
4077	0
4078	0
4079	1
4080	0
4081	2
4082	1
4083	3
4084	0
4085	3
4086	3
4087	2
4088	3
4089	1
4090	3
4091	2
4092	3
4093	2
4094	3
4095	2
4096	3
4097	3
4098	0
4099	3
4100	3
4101	2
4102	3
4103	3
4104	3
4105	3
4106	2
4107	3
4108	1
4109	3
4110	0
4111	3
4112	2
4113	2
4114	2
4115	2
4116	2
4117	2
4118	2
4119	3
4120	3
4121	3
4122	0
4123	0
4124	0
4125	0
4126	2
4127	3
4128	2
4129	3
4130	3
4131	3
4132	0
4133	3
4134	3
4135	3
4136	2
4137	3
4138	3
4139	3
4140	1
4141	3
4142	2
4143	3
4144	3
4145	0
4146	2
4147	3
4148	3
4149	2
4150	3
4151	3
4152	3
4153	2
4154	3
4155	3
4156	2
4157	0
4158	3
4159	3
4160	3
4161	3
4162	2
4163	1
4164	3
4165	1
4166	3
4167	3
4168	2
4169	3
4170	0
4171	2
4172	0
4173	3
4174	2
4175	3
4176	3
4177	1
4178	2
4179	2
4180	0
4181	3
4182	3
4183	2
4184	3
4185	3
4186	2
4187	3
4188	2
4189	2
4190	3
4191	3
4192	2
4193	0
4194	3
4195	3
4196	0
4197	0
4198	2
4199	0
4200	2
4201	3
4202	1
4203	3
4204	0
4205	3
4206	1
4207	0
4208	2
4209	1
4210	3
4211	1
4212	2
4213	0
4214	0
4215	0
4216	2
4217	3
4218	2
4219	2
4220	2
4221	0
4222	2
4223	3
4224	3
4225	3
4226	3
4227	3
4228	0
4229	3
4230	3
4231	2
4232	3
4233	2
4234	2
4235	2
4236	0
4237	2
4238	2
4239	2
4240	2
4241	3
4242	2
4243	3
4244	0
4245	2
4246	2
4247	3
4248	2
4249	3
4250	0
4251	3
4252	2
4253	3
4254	2
4255	3
4256	3
4257	3
4258	3
4259	3
4260	2
4261	1
4262	3
4263	3
4264	1
4265	3
4266	3
4267	3
4268	1
4269	2
4270	3
4271	3
4272	0
4273	3
4274	0
4275	3
4276	2
4277	3
4278	2
4279	2
4280	1
4281	2
4282	0
4283	3
4284	3
4285	3
4286	2
4287	2
4288	3
4289	3
4290	3
4291	2
4292	1
4293	2
4294	3
4295	2
4296	1
4297	3
4298	3
4299	3
4300	3
4301	3
4302	3
4303	1
4304	3
4305	3
4306	2
4307	3
4308	3
4309	3
4310	3
4311	2
4312	3
4313	3
4314	3
4315	3
4316	2
4317	3
4318	3
4319	3
4320	3
4321	2
4322	3
4323	3
4324	3
4325	3
4326	3
4327	2
4328	2
4329	3
4330	3
4331	3
4332	3
4333	2
4334	3
4335	3
4336	3
4337	2
4338	1
4339	2
4340	2
4341	3
4342	3
4343	2
4344	2
4345	0
4346	3
4347	1
4348	3
4349	3
4350	3
4351	0
4352	3
4353	2
4354	2
4355	2
4356	2
4357	2
4358	3
4359	3
4360	3
4361	3
4362	3
4363	3
4364	0
4365	2
4366	3
4367	2
4368	3
4369	3
4370	1
4371	3
4372	0
4373	3
4374	0
4375	3
4376	3
4377	2
4378	3
4379	3
4380	3
4381	3
4382	3
4383	3
4384	0
4385	3
4386	3
4387	3
4388	1
4389	2
4390	3
4391	3
4392	3
4393	3
4394	2
4395	3
4396	3
4397	2
4398	3
4399	3
4400	1
4401	2
4402	3
4403	3
4404	2
4405	3
4406	3
4407	3
4408	0
4409	2
4410	3
4411	3
4412	3
4413	3
4414	2
4415	3
4416	3
4417	3
4418	1
4419	3
4420	2
4421	2
4422	3
4423	3
4424	3
4425	3
4426	0
4427	3
4428	0
4429	3
4430	1
4431	2
4432	1
4433	1
4434	2
4435	2
4436	3
4437	1
4438	2
4439	1
4440	3
4441	1
4442	3
4443	3
4444	2
4445	2
4446	0
4447	3
4448	2
4449	3
4450	2
4451	3
4452	3
4453	3
4454	2
4455	3
4456	3
4457	3
4458	2
4459	3
4460	3
4461	1
4462	3
4463	3
4464	3
4465	3
4466	2
4467	0
4468	0
4469	2
4470	3
4471	3
4472	2
4473	2
4474	2
4475	3
4476	3
4477	3
4478	3
4479	3
4480	2
4481	3
4482	0
4483	1
4484	0
4485	2
4486	2
4487	3
4488	3
4489	2
4490	2
4491	3
4492	2
4493	2
4494	3
4495	3
4496	2
4497	2
4498	2
4499	3
4500	3
4501	3
4502	2
4503	3
4504	2
4505	3
4506	2
4507	2
4508	3
4509	2
4510	3
4511	1
4512	3
4513	3
4514	2
4515	3
4516	3
4517	2
4518	3
4519	2
4520	2
4521	3
4522	2
4523	0
4524	3
4525	0
4526	2
4527	2
4528	3
4529	2
4530	2
4531	3
4532	3
4533	2
4534	3
4535	1
4536	3
4537	3
4538	2
4539	3
4540	3
4541	2
4542	3
4543	3
4544	3
4545	3
4546	2
4547	3
4548	0
4549	1
4550	3
4551	3
4552	0
4553	0
4554	2
4555	0
4556	0
4557	2
4558	2
4559	3
4560	0
4561	2
4562	3
4563	0
4564	3
4565	3
4566	2
4567	0
4568	2
4569	0
4570	2
4571	0
4572	0
4573	0
4574	2
4575	3
4576	3
4577	2
4578	3
4579	0
4580	3
4581	2
4582	3
4583	2
4584	3
4585	2
4586	2
4587	3
4588	3
4589	1
4590	3
4591	1
4592	2
4593	2
4594	3
4595	3
4596	2
4597	2
4598	3
4599	2
4600	3
4601	3
4602	2
4603	2
4604	0
4605	2
4606	3
4607	3
4608	2
4609	2
4610	3
4611	2
4612	3
4613	1
4614	3
4615	2
4616	0
4617	1
4618	2
4619	0
4620	2
4621	0
4622	2
4623	2
4624	0
4625	2
4626	2
4627	3
4628	3
4629	0
4630	3
4631	2
4632	3
4633	2
4634	3
4635	2
4636	2
4637	3
4638	2
4639	2
4640	3
4641	3
4642	3
4643	2
4644	3
4645	2
4646	3
4647	0
4648	3
4649	0
4650	3
4651	3
4652	0
4653	0
4654	2
4655	0
4656	2
4657	3
4658	3
4659	3
4660	2
4661	2
4662	3
4663	2
4664	3
4665	1
4666	3
4667	3
4668	3
4669	2
4670	2
4671	3
4672	3
4673	1
4674	3
4675	2
4676	3
4677	3
4678	3
4679	3
4680	3
4681	3
4682	3
4683	3
4684	3
4685	3
4686	2
4687	2
4688	3
4689	1
4690	0
4691	3
4692	3
4693	3
4694	2
4695	2
4696	2
4697	2
4698	3
4699	0
4700	3
4701	2
4702	3
4703	3
4704	3
4705	0
4706	3
4707	0
4708	3
4709	2
4710	3
4711	0
4712	3
4713	3
4714	3
4715	3
4716	3
4717	2
4718	3
4719	2
4720	3
4721	3
4722	0
4723	0
4724	3
4725	3
4726	0
4727	2
4728	3
4729	0
4730	3
4731	3
4732	3
4733	2
4734	2
4735	2
4736	3
4737	0
4738	3
4739	3
4740	3
4741	2
4742	3
4743	2
4744	3
4745	3
4746	0
4747	2
4748	2
4749	2
4750	2
4751	3
4752	0
4753	3
4754	0
4755	3
4756	2
4757	2
4758	0
4759	3
4760	0
4761	2
4762	3
4763	2
4764	0
4765	2
4766	3
4767	3
4768	3
4769	2
4770	2
4771	2
4772	2
4773	2
4774	3
4775	3
4776	2
4777	3
4778	3
4779	2
4780	2
4781	3
4782	2
4783	3
4784	2
4785	2
4786	0
4787	2
4788	2
4789	2
4790	3
4791	3
4792	3
4793	2
4794	3
4795	2
4796	2
4797	3
4798	3
4799	2
4800	3
4801	0
4802	3
4803	0
4804	1
4805	3
4806	3
4807	3
4808	2
4809	2
4810	2
4811	3
4812	1
4813	2
4814	2
4815	2
4816	2
4817	3
4818	3
4819	0
4820	2
4821	3
4822	2
4823	0
4824	2
4825	3
4826	3
4827	0
4828	2
4829	2
4830	1
4831	0
4832	2
4833	2
4834	2
4835	3
4836	2
4837	3
4838	3
4839	2
4840	3
4841	1
4842	3
4843	0
4844	2
4845	0
4846	0
4847	2
4848	2
4849	2
4850	0
4851	3
4852	2
4853	3
4854	2
4855	2
4856	1
4857	1
4858	3
4859	3
4860	1
4861	2
4862	3
4863	0
4864	2
4865	2
4866	2
4867	3
4868	3
4869	3
4870	2
4871	3
4872	3
4873	3
4874	0
4875	2
4876	0
4877	3
4878	3
4879	0
4880	3
4881	3
4882	3
4883	1
4884	3
4885	3
4886	3
4887	2
4888	3
4889	2
4890	1
4891	3
4892	2
4893	3
4894	3
4895	2
4896	2
4897	3
4898	3
4899	1
4900	2
4901	1
4902	3
4903	3
4904	3
4905	3
4906	3
4907	3
4908	0
4909	0
4910	3
4911	3
4912	3
4913	3
4914	3
4915	3
4916	2
4917	3
4918	3
4919	2
4920	3
4921	2
4922	3
4923	2
4924	0
4925	3
4926	2
4927	2
4928	0
4929	0
4930	3
4931	3
4932	3
4933	0
4934	3
4935	2
4936	3
4937	2
4938	1
4939	2
4940	3
4941	0
4942	3
4943	3
4944	3
4945	3
4946	3
4947	3
4948	2
4949	3
4950	1
4951	3
4952	3
4953	3
4954	2
4955	3
4956	2
4957	3
4958	2
4959	3
4960	0
4961	2
4962	0
4963	3
4964	3
4965	3
4966	2
4967	2
4968	3
4969	2
4970	2
4971	0
4972	2
4973	2
4974	1
4975	3
4976	2
4977	2
4978	3
4979	3
4980	3
4981	3
4982	3
4983	1
4984	3
4985	2
4986	2
4987	2
4988	3
4989	2
4990	3
4991	0
4992	3
4993	0
4994	3
4995	3
4996	3
4997	3
4998	3
4999	3
5000	3
5001	3
5002	3
5003	3
5004	3
5005	0
5006	3
5007	0
5008	3
5009	0
5010	3
5011	2
5012	3
5013	1
5014	3
5015	0
5016	3
5017	0
5018	2
5019	2
5020	3
5021	0
5022	3
5023	0
5024	3
5025	1
5026	2
5027	3
5028	3
5029	0
5030	2
5031	0
5032	3
5033	0
5034	0
5035	1
5036	3
5037	3
5038	3
5039	0
5040	3
5041	0
5042	3
5043	0
5044	2
5045	0
5046	3
5047	0
5048	3
5049	0
5050	3
5051	0
5052	3
5053	0
5054	2
5055	0
5056	2
5057	3
5058	3
5059	2
5060	3
5061	0
5062	3
5063	3
5064	3
5065	3
5066	3
5067	2
5068	3
5069	3
5070	3
5071	3
5072	3
5073	0
5074	2
5075	2
5076	3
5077	3
5078	3
5079	0
5080	2
5081	3
5082	3
5083	1
5084	2
5085	2
5086	3
5087	2
5088	0
5089	0
5090	2
5091	0
5092	2
5093	2
5094	3
5095	0
5096	2
5097	2
5098	1
5099	2
5100	3
5101	3
5102	3
5103	0
5104	3
5105	0
5106	2
5107	3
5108	2
5109	0
5110	2
5111	3
5112	3
5113	2
5114	3
5115	3
5116	2
5117	2
5118	3
5119	2
5120	3
5121	3
5122	2
5123	2
5124	3
5125	2
5126	3
5127	3
5128	2
5129	0
5130	2
5131	0
5132	2
5133	2
5134	0
5135	3
5136	3
5137	3
5138	3
5139	0
5140	3
5141	0
5142	3
5143	3
5144	3
5145	3
5146	3
5147	3
5148	3
5149	3
5150	3
5151	2
5152	3
5153	1
5154	0
5155	2
5156	2
5157	2
5158	1
5159	3
5160	2
5161	0
5162	2
5163	1
5164	2
5165	0
5166	3
5167	0
5168	2
5169	0
5170	3
5171	2
5172	2
5173	3
5174	2
5175	1
5176	2
5177	2
5178	2
5179	2
5180	2
5181	1
5182	2
5183	0
5184	0
5185	3
5186	2
5187	1
5188	2
5189	2
5190	3
5191	2
5192	3
5193	3
5194	3
5195	2
5196	0
5197	2
5198	3
5199	3
5200	3
5201	2
5202	0
5203	3
5204	3
5205	2
5206	3
5207	3
5208	0
5209	1
5210	3
5211	0
5212	3
5213	3
5214	2
5215	0
5216	2
5217	3
5218	3
5219	2
5220	2
5221	3
5222	2
5223	0
5224	1
5225	3
5226	2
5227	0
5228	3
5229	0
5230	2
5231	2
5232	3
5233	0
5234	3
5235	0
5236	2
5237	2
5238	3
5239	0
5240	2
5241	1
5242	2
5243	0
5244	2
5245	3
5246	3
5247	3
5248	2
5249	2
5250	3
5251	2
5252	1
5253	3
5254	3
5255	2
5256	0
5257	3
5258	3
5259	2
5260	0
5261	2
5262	1
5263	2
5264	2
5265	3
5266	3
5267	2
5268	1
5269	0
5270	0
5271	3
5272	2
5273	2
5274	3
5275	2
5276	0
5277	3
5278	0
5279	3
5280	3
5281	2
5282	3
5283	0
5284	0
5285	0
5286	3
5287	0
5288	2
5289	2
5290	1
5291	2
5292	0
5293	0
5294	3
5295	2
5296	2
5297	2
5298	0
5299	2
5300	2
5301	0
5302	3
5303	2
5304	2
5305	2
5306	2
5307	2
5308	2
5309	2
5310	0
5311	3
5312	3
5313	2
5314	2
5315	2
5316	3
5317	2
5318	3
5319	2
5320	3
5321	2
5322	3
5323	0
5324	1
5325	2
5326	2
5327	2
5328	3
5329	0
5330	0
5331	2
5332	3
5333	2
5334	3
5335	2
5336	2
5337	2
5338	0
5339	2
5340	2
5341	2
5342	3
5343	2
5344	3
5345	2
5346	3
5347	2
5348	0
5349	2
5350	3
5351	2
5352	2
5353	2
5354	3
5355	3
5356	0
5357	2
5358	3
5359	2
5360	2
5361	2
5362	1
5363	0
5364	2
5365	2
5366	3
5367	3
5368	3
5369	2
5370	3
5371	0
5372	3
5373	2
5374	2
5375	3
5376	2
5377	0
5378	3
5379	2
5380	2
5381	2
5382	3
5383	3
5384	3
5385	2
5386	3
5387	0
5388	2
5389	2
5390	3
5391	3
5392	3
5393	2
5394	3
5395	2
5396	3
5397	2
5398	3
5399	2
5400	1
5401	2
5402	3
5403	2
5404	3
5405	2
5406	3
5407	2
5408	3
5409	2
5410	3
5411	2
5412	2
5413	2
5414	3
5415	2
5416	3
5417	2
5418	0
5419	2
5420	3
5421	0
5422	0
5423	3
5424	0
5425	2
5426	3
5427	3
5428	3
5429	3
5430	3
5431	3
5432	3
5433	2
5434	3
5435	2
5436	3
5437	3
5438	3
5439	2
5440	2
5441	0
5442	0
5443	0
5444	2
5445	3
5446	0
5447	2
5448	0
5449	2
5450	3
5451	2
5452	0
5453	0
5454	0
5455	2
5456	2
5457	1
5458	3
5459	2
5460	3
5461	3
5462	3
5463	3
5464	3
5465	3
5466	3
5467	3
5468	3
5469	1
5470	2
5471	2
5472	0
5473	3
5474	3
5475	2
5476	3
5477	2
5478	1
5479	0
5480	0
5481	0
5482	3
5483	3
5484	2
5485	2
5486	1
5487	3
5488	3
5489	1
5490	0
5491	1
5492	3
5493	2
5494	0
5495	1
5496	1
5497	0
5498	3
5499	3
5500	3
5501	3
5502	0
5503	0
5504	3
5505	2
5506	0
5507	1
5508	2
5509	2
5510	2
5511	2
5512	2
5513	2
5514	2
5515	3
5516	2
5517	0
5518	3
5519	3
5520	2
5521	3
5522	0
5523	2
5524	3
5525	3
5526	3
5527	0
5528	3
5529	2
5530	3
5531	2
5532	2
5533	0
5534	3
5535	2
5536	2
5537	1
5538	3
5539	3
5540	3
5541	3
5542	0
5543	2
5544	0
5545	1
5546	3
5547	2
5548	1
5549	2
5550	1
5551	3
5552	3
5553	3
5554	3
5555	1
5556	3
5557	1
5558	3
5559	2
5560	3
5561	1
5562	2
5563	2
5564	2
5565	1
5566	2
5567	3
5568	3
5569	3
5570	2
5571	3
5572	2
5573	3
5574	3
5575	2
5576	3
5577	3
5578	3
5579	3
5580	2
5581	2
5582	3
5583	0
5584	3
5585	2
5586	3
5587	2
5588	2
5589	3
5590	2
5591	0
5592	2
5593	2
5594	2
5595	3
5596	0
5597	0
5598	2
5599	2
5600	2
5601	0
5602	0
5603	2
5604	0
5605	3
5606	3
5607	2
5608	2
5609	0
5610	0
5611	1
5612	1
5613	3
5614	2
5615	2
5616	2
5617	3
5618	3
5619	2
5620	3
5621	3
5622	3
5623	2
5624	3
5625	2
5626	0
5627	1
5628	0
5629	2
5630	0
5631	3
5632	3
5633	3
5634	2
5635	2
5636	3
5637	2
5638	3
5639	2
5640	0
5641	2
5642	1
5643	2
5644	2
5645	3
5646	3
5647	2
5648	2
5649	3
5650	2
5651	3
5652	2
5653	3
5654	2
5655	2
5656	3
5657	3
5658	0
5659	2
5660	2
5661	3
5662	2
5663	1
5664	2
5665	2
5666	3
5667	3
5668	3
5669	2
5670	3
5671	2
5672	2
5673	2
5674	2
5675	1
5676	0
5677	0
5678	2
5679	2
5680	2
5681	2
5682	3
5683	0
5684	2
5685	3
5686	0
5687	3
5688	3
5689	2
5690	3
5691	2
5692	3
5693	2
5694	2
5695	3
5696	3
5697	1
5698	2
5699	0
5700	3
5701	1
5702	2
5703	3
5704	2
5705	0
5706	3
5707	0
5708	3
5709	0
5710	2
5711	2
5712	3
5713	3
5714	2
5715	2
5716	2
5717	3
5718	2
5719	3
5720	3
5721	3
5722	2
5723	3
5724	3
5725	1
5726	3
5727	2
5728	2
5729	3
5730	2
5731	2
5732	3
5733	3
5734	3
5735	3
5736	2
5737	2
5738	3
5739	2
5740	2
5741	2
5742	2
5743	3
5744	2
5745	0
5746	3
5747	2
5748	3
5749	3
5750	3
5751	0
5752	2
5753	0
5754	2
5755	3
5756	1
5757	1
5758	2
5759	2
5760	3
5761	0
5762	2
5763	1
5764	2
5765	2
5766	3
5767	2
5768	2
5769	2
5770	2
5771	3
5772	0
5773	0
5774	2
5775	2
5776	2
5777	2
5778	3
5779	3
5780	0
5781	2
5782	1
5783	2
5784	2
5785	2
5786	2
5787	3
5788	3
5789	2
5790	3
5791	2
5792	3
5793	0
5794	3
5795	0
5796	1
5797	0
5798	3
5799	3
5800	2
5801	0
5802	3
5803	2
5804	3
5805	3
5806	3
5807	0
5808	3
5809	2
5810	2
5811	2
5812	2
5813	3
5814	3
5815	2
5816	3
5817	0
5818	3
5819	2
5820	3
5821	2
5822	3
5823	0
5824	2
5825	0
5826	3
5827	0
5828	3
5829	3
5830	3
5831	3
5832	3
5833	3
5834	0
5835	2
5836	3
5837	3
5838	3
5839	0
5840	2
5841	0
5842	3
5843	0
5844	3
5845	3
5846	3
5847	3
5848	2
5849	0
5850	2
5851	2
5852	2
5853	2
5854	3
5855	2
5856	3
5857	2
5858	3
5859	2
5860	0
5861	0
5862	3
5863	2
5864	0
5865	0
5866	2
5867	0
5868	2
5869	3
5870	3
5871	0
5872	3
5873	3
5874	2
5875	3
5876	3
5877	3
5878	0
5879	3
5880	3
5881	2
5882	0
5883	3
5884	3
5885	0
5886	3
5887	0
5888	3
5889	3
5890	3
5891	3
5892	3
5893	2
5894	0
5895	3
5896	2
5897	2
5898	2
5899	3
5900	1
5901	2
5902	3
5903	3
5904	1
5905	3
5906	2
5907	3
5908	3
5909	0
5910	2
5911	3
5912	3
5913	2
5914	3
5915	3
5916	2
5917	2
5918	3
5919	2
5920	3
5921	0
5922	2
5923	3
5924	2
5925	0
5926	3
5927	3
5928	2
5929	3
5930	2
5931	3
5932	3
5933	2
5934	3
5935	3
5936	3
5937	2
5938	1
5939	2
5940	3
5941	3
5942	0
5943	2
5944	3
5945	2
5946	3
5947	0
5948	3
5949	1
5950	0
5951	0
5952	0
5953	3
5954	0
5955	2
5956	0
5957	3
5958	0
5959	1
5960	3
5961	2
5962	3
5963	2
5964	0
5965	3
5966	2
5967	3
5968	1
5969	3
5970	0
5971	2
5972	2
5973	3
5974	3
5975	3
5976	3
5977	3
5978	2
5979	2
5980	3
5981	3
5982	3
5983	2
5984	3
5985	3
5986	0
5987	3
5988	3
5989	3
5990	3
5991	2
5992	1
5993	3
5994	2
5995	2
5996	0
5997	0
5998	3
5999	2
6000	2
6001	2
6002	3
6003	3
6004	2
6005	3
6006	1
6007	3
6008	2
6009	3
6010	3
6011	1
6012	2
6013	3
6014	2
6015	3
6016	2
6017	3
6018	2
6019	2
6020	2
6021	2
6022	3
6023	1
6024	0
6025	3
6026	3
6027	2
6028	3
6029	0
6030	1
6031	0
6032	2
6033	3
6034	3
6035	2
6036	3
6037	3
6038	2
6039	0
6040	3
6041	3
6042	2
6043	3
6044	3
6045	0
6046	2
6047	2
6048	3
6049	3
6050	3
6051	2
6052	0
6053	0
6054	2
6055	2
6056	2
6057	0
6058	0
6059	3
6060	3
6061	3
6062	3
6063	3
6064	3
6065	0
6066	3
6067	0
6068	2
6069	3
6070	2
6071	0
6072	2
6073	0
6074	2
6075	0
6076	2
6077	3
6078	3
6079	2
6080	3
6081	3
6082	3
6083	0
6084	3
6085	3
6086	3
6087	2
6088	3
6089	3
6090	3
6091	0
6092	3
6093	3
6094	3
6095	2
6096	3
6097	3
6098	3
6099	3
6100	3
6101	3
6102	3
6103	3
6104	2
6105	3
6106	3
6107	3
6108	3
6109	3
6110	2
6111	3
6112	3
6113	3
6114	2
6115	0
6116	2
6117	1
6118	3
6119	3
6120	0
6121	2
6122	2
6123	2
6124	1
6125	0
6126	3
6127	3
6128	3
6129	3
6130	3
6131	2
6132	3
6133	3
6134	0
6135	3
6136	3
6137	2
6138	3
6139	3
6140	0
6141	0
6142	3
6143	0
6144	2
6145	0
6146	2
6147	2
6148	2
6149	3
6150	0
6151	0
6152	2
6153	0
6154	3
6155	1
6156	0
6157	3
6158	2
6159	0
6160	3
6161	2
6162	0
6163	3
6164	2
6165	2
6166	1
6167	0
6168	3
6169	0
6170	0
6171	1
6172	3
6173	3
6174	2
6175	3
6176	3
6177	0
6178	3
6179	3
6180	3
6181	3
6182	3
6183	0
6184	3
6185	3
6186	2
6187	0
6188	0
6189	0
6190	3
6191	0
6192	2
6193	3
6194	0
6195	3
6196	3
6197	3
6198	3
6199	3
6200	0
6201	3
6202	0
6203	0
6204	0
6205	3
6206	0
6207	3
6208	0
6209	2
6210	2
6211	2
6212	3
6213	2
6214	0
6215	0
6216	0
6217	2
6218	3
6219	1
6220	3
6221	1
6222	0
6223	0
6224	0
6225	3
6226	0
6227	2
6228	3
6229	0
6230	0
6231	2
6232	0
6233	1
6234	0
6235	1
6236	2
6237	1
6238	0
6239	3
6240	0
6241	3
6242	3
6243	3
6244	3
6245	2
6246	0
6247	1
6248	0
6249	0
6250	3
6251	0
6252	2
6253	3
6254	0
6255	0
6256	0
6257	0
6258	0
6259	0
6260	0
6261	3
6262	0
6263	3
6264	3
6265	3
6266	2
6267	3
6268	0
6269	3
6270	0
6271	0
6272	2
6273	0
6274	3
6275	2
6276	0
6277	2
6278	3
6279	3
6280	3
6281	3
6282	3
6283	3
6284	2
6285	0
6286	2
6287	3
6288	2
6289	0
6290	2
6291	0
6292	2
6293	0
6294	2
6295	3
6296	0
6297	2
6298	2
6299	2
6300	2
6301	0
6302	2
6303	2
6304	3
6305	3
6306	3
6307	1
6308	3
6309	3
6310	3
6311	1
6312	3
6313	2
6314	2
6315	1
6316	3
6317	0
6318	2
6319	0
6320	3
6321	3
6322	0
6323	3
6324	2
6325	0
6326	3
6327	0
6328	3
6329	2
6330	2
6331	0
6332	3
6333	2
6334	2
6335	2
6336	3
6337	0
6338	2
6339	2
6340	0
6341	2
6342	3
6343	3
6344	3
6345	3
6346	3
6347	2
6348	0
6349	3
6350	1
6351	0
6352	1
6353	0
6354	3
6355	0
6356	0
6357	0
6358	0
6359	0
6360	3
6361	2
6362	2
6363	3
6364	3
6365	1
6366	2
6367	2
6368	3
6369	0
6370	0
6371	2
6372	3
6373	2
6374	2
6375	0
6376	2
6377	0
6378	0
6379	3
6380	2
6381	3
6382	0
6383	0
6384	3
6385	0
6386	3
6387	1
6388	2
6389	0
6390	3
6391	0
6392	2
6393	2
6394	2
6395	3
6396	3
6397	3
6398	3
6399	3
6400	3
6401	1
6402	2
6403	2
6404	2
6405	3
6406	2
6407	2
6408	0
6409	2
6410	2
6411	0
6412	1
6413	3
6414	3
6415	3
6416	1
6417	3
6418	3
6419	3
6420	2
6421	1
6422	2
6423	2
6424	3
6425	3
6426	2
6427	1
6428	3
6429	3
6430	2
6431	2
6432	3
6433	0
6434	3
6435	3
6436	3
6437	3
6438	2
6439	2
6440	3
6441	0
6442	3
6443	2
6444	2
6445	0
6446	2
6447	3
6448	2
6449	3
6450	1
6451	2
6452	2
6453	3
6454	3
6455	3
6456	1
6457	3
6458	3
6459	3
6460	3
6461	3
6462	2
6463	3
6464	2
6465	3
6466	2
6467	2
6468	3
6469	3
6470	2
6471	2
6472	2
6473	3
6474	2
6475	1
6476	2
6477	3
6478	0
6479	3
6480	0
6481	2
6482	0
6483	0
6484	2
6485	3
6486	2
6487	2
6488	2
6489	0
6490	0
6491	2
6492	2
6493	2
6494	2
6495	2
6496	0
6497	2
6498	3
6499	0
6500	2
6501	3
6502	3
6503	0
6504	2
6505	2
6506	2
6507	3
6508	3
6509	0
6510	3
6511	2
6512	3
6513	2
6514	2
6515	3
6516	3
6517	2
6518	0
6519	0
6520	2
6521	1
6522	2
6523	1
6524	2
6525	0
6526	2
6527	3
6528	1
6529	3
6530	3
6531	2
6532	2
6533	3
6534	3
6535	3
6536	3
6537	2
6538	3
6539	1
6540	0
6541	2
6542	3
6543	2
6544	3
6545	3
6546	3
6547	0
6548	0
6549	3
6550	2
6551	3
6552	2
6553	3
6554	2
6555	0
6556	1
6557	2
6558	2
6559	0
6560	2
6561	3
6562	1
6563	3
6564	0
6565	3
6566	2
6567	2
6568	0
6569	2
6570	0
6571	0
6572	3
6573	2
6574	3
6575	2
6576	0
6577	0
6578	3
6579	2
6580	0
6581	3
6582	2
6583	2
6584	3
6585	2
6586	2
6587	2
6588	2
6589	2
6590	2
6591	2
6592	2
6593	2
6594	3
6595	0
6596	0
6597	2
6598	3
6599	3
6600	3
6601	0
6602	3
6603	0
6604	1
6605	0
6606	1
6607	0
6608	3
6609	2
6610	2
6611	0
6612	2
6613	3
6614	2
6615	1
6616	3
6617	0
6618	3
6619	2
6620	3
6621	3
6622	3
6623	3
6624	2
6625	3
6626	2
6627	3
6628	2
6629	3
6630	1
6631	3
6632	3
6633	0
6634	2
6635	3
6636	1
6637	0
6638	3
6639	3
6640	2
6641	2
6642	3
6643	2
6644	2
6645	2
6646	0
6647	2
6648	2
6649	0
6650	3
6651	2
6652	2
6653	2
6654	1
6655	2
6656	3
6657	1
6658	3
6659	1
6660	2
6661	2
6662	3
6663	3
6664	0
6665	0
6666	3
6667	2
6668	1
6669	0
6670	3
6671	3
6672	2
6673	2
6674	2
6675	3
6676	0
6677	0
6678	2
6679	2
6680	3
6681	0
6682	3
6683	2
6684	3
6685	3
6686	2
6687	3
6688	3
6689	2
6690	2
6691	2
6692	0
6693	0
6694	0
6695	3
6696	3
6697	0
6698	0
6699	0
6700	2
6701	3
6702	3
6703	2
6704	3
6705	3
6706	2
6707	0
6708	3
6709	1
6710	0
6711	2
6712	3
6713	0
6714	2
6715	2
6716	0
6717	3
6718	3
6719	3
6720	2
6721	3
6722	3
6723	2
6724	3
6725	3
6726	3
6727	1
6728	3
6729	0
6730	3
6731	0
6732	3
6733	3
6734	3
6735	1
6736	3
6737	2
6738	3
6739	1
6740	3
6741	2
6742	3
6743	3
6744	0
6745	0
6746	0
6747	1
6748	2
6749	3
6750	2
6751	0
6752	2
6753	0
6754	0
6755	3
6756	3
6757	3
6758	3
6759	3
6760	2
6761	2
6762	3
6763	0
6764	1
6765	3
6766	3
6767	3
6768	2
6769	3
6770	3
6771	0
6772	3
6773	3
6774	3
6775	3
6776	2
6777	3
6778	2
6779	3
6780	2
6781	3
6782	2
6783	0
6784	2
6785	2
6786	2
6787	0
6788	0
6789	3
6790	0
6791	3
6792	2
6793	0
6794	0
6795	3
6796	1
6797	2
6798	2
6799	3
6800	2
6801	3
6802	2
6803	3
6804	3
6805	3
6806	1
6807	3
6808	2
6809	3
6810	2
6811	3
6812	3
6813	3
6814	0
6815	2
6816	3
6817	2
6818	1
6819	3
6820	3
6821	3
6822	1
6823	3
6824	3
6825	3
6826	2
6827	1
6828	2
6829	3
6830	3
6831	3
6832	3
6833	3
6834	2
6835	2
6836	3
6837	3
6838	3
6839	2
6840	3
6841	3
6842	3
6843	2
6844	3
6845	3
6846	2
6847	0
6848	2
6849	3
6850	2
6851	3
6852	3
6853	3
6854	3
6855	2
6856	3
6857	3
6858	3
6859	3
6860	3
6861	0
6862	3
6863	2
6864	0
6865	2
6866	3
6867	2
6868	3
6869	3
6870	2
6871	0
6872	3
6873	0
6874	3
6875	0
6876	3
6877	2
6878	2
6879	2
6880	3
6881	3
6882	3
6883	2
6884	3
6885	2
6886	3
6887	1
6888	3
6889	0
6890	0
6891	3
6892	2
6893	3
6894	3
6895	2
6896	3
6897	0
6898	3
6899	2
6900	2
6901	1
6902	3
6903	2
6904	3
6905	3
6906	3
6907	2
6908	3
6909	3
6910	3
6911	1
6912	2
6913	2
6914	3
6915	3
6916	2
6917	2
6918	1
6919	3
6920	3
6921	1
6922	2
6923	3
6924	0
6925	3
6926	1
6927	1
6928	2
6929	1
6930	3
6931	1
6932	1
6933	1
6934	3
6935	0
6936	3
6937	3
6938	3
6939	3
6940	3
6941	2
6942	2
6943	0
6944	0
6945	2
6946	0
6947	3
6948	2
6949	2
6950	0
6951	2
6952	2
6953	0
6954	0
6955	1
6956	3
6957	2
6958	3
6959	3
6960	3
6961	1
6962	0
6963	2
6964	2
6965	0
6966	3
6967	0
6968	3
6969	0
6970	2
6971	2
6972	3
6973	0
6974	3
6975	0
6976	2
6977	1
6978	0
6979	3
6980	2
6981	3
6982	3
6983	3
6984	3
6985	2
6986	0
6987	3
6988	1
6989	2
6990	1
6991	2
6992	3
6993	0
6994	2
6995	0
6996	2
6997	2
6998	0
6999	3
7000	2
7001	2
7002	3
7003	3
7004	1
7005	1
7006	3
7007	1
7008	2
7009	3
7010	2
7011	3
7012	2
7013	3
7014	2
7015	2
7016	2
7017	3
7018	2
7019	1
7020	3
7021	3
7022	2
7023	0
7024	2
7025	3
7026	3
7027	2
7028	2
7029	2
7030	2
7031	3
7032	3
7033	0
7034	2
7035	1
7036	0
7037	3
7038	3
7039	0
7040	2
7041	3
7042	3
7043	3
7044	3
7045	3
7046	3
7047	3
7048	0
7049	2
7050	2
7051	2
7052	2
7053	3
7054	2
7055	3
7056	2
7057	2
7058	0
7059	2
7060	3
7061	2
7062	2
7063	0
7064	0
7065	2
7066	3
7067	3
7068	3
7069	1
7070	2
7071	2
7072	3
7073	2
7074	2
7075	2
7076	2
7077	0
7078	2
7079	2
7080	1
7081	2
7082	0
7083	2
7084	2
7085	2
7086	2
7087	0
7088	3
7089	2
7090	0
7091	3
7092	2
7093	1
7094	3
7095	1
7096	0
7097	1
7098	3
7099	3
7100	0
7101	2
7102	3
7103	1
7104	3
7105	3
7106	2
7107	3
7108	3
7109	3
7110	2
7111	3
7112	3
7113	3
7114	2
7115	3
7116	1
7117	3
7118	2
7119	3
7120	3
7121	2
7122	3
7123	2
7124	2
7125	2
7126	3
7127	2
7128	2
7129	2
7130	0
7131	2
7132	3
7133	3
7134	3
7135	3
7136	0
7137	0
7138	2
7139	3
7140	3
7141	3
7142	2
7143	2
7144	3
7145	2
7146	2
7147	2
7148	0
7149	0
7150	3
7151	3
7152	0
7153	0
7154	3
7155	0
7156	2
7157	3
7158	3
7159	0
7160	3
7161	1
7162	3
7163	0
7164	3
7165	2
7166	3
7167	3
7168	3
7169	2
7170	3
7171	2
7172	3
7173	3
7174	0
7175	2
7176	3
7177	0
7178	3
7179	3
7180	3
7181	3
7182	0
7183	0
7184	3
7185	3
7186	3
7187	2
7188	3
7189	1
7190	2
7191	3
7192	3
7193	2
7194	3
7195	2
7196	0
7197	2
7198	3
7199	0
7200	3
7201	2
7202	3
7203	3
7204	3
7205	2
7206	3
7207	3
7208	2
7209	3
7210	3
7211	3
7212	3
7213	3
7214	3
7215	3
7216	3
7217	0
7218	3
7219	2
7220	1
7221	3
7222	3
7223	0
7224	3
7225	2
7226	3
7227	2
7228	3
7229	2
7230	3
7231	1
7232	3
7233	0
7234	3
7235	3
7236	2
7237	1
7238	3
7239	1
7240	3
7241	2
7242	3
7243	2
7244	3
7245	2
7246	3
7247	3
7248	3
7249	3
7250	3
7251	0
7252	3
7253	0
7254	3
7255	2
7256	3
7257	0
7258	3
7259	2
7260	3
7261	3
7262	3
7263	0
7264	3
7265	3
7266	2
7267	2
7268	3
7269	2
7270	3
7271	0
7272	3
7273	2
7274	3
7275	2
7276	3
7277	3
7278	3
7279	1
7280	3
7281	3
7282	3
7283	3
7284	3
7285	0
7286	3
7287	2
7288	2
7289	3
7290	2
7291	3
7292	1
7293	2
7294	2
7295	2
7296	3
7297	2
7298	2
7299	2
7300	3
7301	2
7302	2
7303	2
7304	3
7305	1
7306	3
7307	3
7308	3
7309	3
7310	3
7311	3
7312	3
7313	3
7314	3
7315	1
7316	3
7317	1
7318	3
7319	3
7320	3
7321	3
7322	3
7323	3
7324	3
7325	2
7326	3
7327	0
7328	3
7329	2
7330	3
7331	0
7332	3
7333	3
7334	0
7335	2
7336	3
7337	2
7338	3
7339	3
7340	3
7341	3
7342	2
7343	3
7344	3
7345	2
7346	3
7347	0
7348	3
7349	2
7350	3
7351	2
7352	3
7353	2
7354	3
7355	3
7356	0
7357	3
7358	0
7359	2
7360	3
7361	1
7362	1
7363	3
7364	3
7365	3
7366	1
7367	2
7368	3
7369	3
7370	3
7371	3
7372	3
7373	0
7374	2
7375	2
7376	1
7377	0
7378	3
7379	3
7380	3
7381	1
7382	3
7383	2
7384	3
7385	3
7386	3
7387	2
7388	3
7389	3
7390	2
7391	0
7392	3
7393	2
7394	2
7395	2
7396	3
7397	3
7398	1
7399	3
7400	3
7401	3
7402	2
7403	2
7404	3
7405	3
7406	3
7407	3
7408	3
7409	3
7410	3
7411	2
7412	3
7413	2
7414	2
7415	3
7416	3
7417	3
7418	3
7419	3
7420	3
7421	2
7422	0
7423	3
7424	1
7425	0
7426	0
7427	3
7428	2
7429	3
7430	2
7431	3
7432	3
7433	2
7434	1
7435	3
7436	3
7437	3
7438	1
7439	3
7440	0
7441	2
7442	2
7443	3
7444	3
7445	3
7446	3
7447	3
7448	3
7449	3
7450	0
7451	3
7452	0
7453	3
7454	3
7455	3
7456	3
7457	0
7458	3
7459	3
7460	3
7461	3
7462	0
7463	2
7464	3
7465	0
7466	3
7467	3
7468	3
7469	0
7470	2
7471	2
7472	3
7473	3
7474	2
7475	3
7476	3
7477	3
7478	3
7479	1
7480	3
7481	3
7482	3
7483	3
7484	3
7485	3
7486	3
7487	1
7488	2
7489	1
7490	3
7491	2
7492	0
7493	2
7494	2
7495	2
7496	2
7497	1
7498	3
7499	2
7500	0
7501	3
7502	1
7503	2
7504	3
7505	0
7506	3
7507	3
7508	2
7509	2
7510	2
7511	2
7512	0
7513	2
7514	0
7515	3
7516	1
7517	2
7518	0
7519	2
7520	3
7521	3
7522	3
7523	1
7524	0
7525	1
7526	0
7527	3
7528	3
7529	2
7530	3
7531	2
7532	0
7533	2
7534	3
7535	0
7536	0
7537	3
7538	0
7539	0
7540	3
7541	1
7542	3
7543	2
7544	3
7545	0
7546	0
7547	2
7548	0
7549	0
7550	3
7551	3
7552	2
7553	2
7554	2
7555	3
7556	2
7557	3
7558	0
7559	2
7560	0
7561	1
7562	3
7563	2
7564	2
7565	0
7566	2
7567	1
7568	2
7569	3
7570	2
7571	3
7572	3
7573	3
7574	3
7575	3
7576	2
7577	1
7578	3
7579	3
7580	3
7581	2
7582	0
7583	0
7584	1
7585	2
7586	1
7587	3
7588	2
7589	2
7590	3
7591	2
7592	1
7593	3
7594	2
7595	3
7596	2
7597	2
7598	0
7599	2
7600	3
7601	2
7602	2
7603	1
7604	2
7605	2
7606	3
7607	3
7608	3
7609	2
7610	3
7611	0
7612	3
7613	3
7614	3
7615	3
7616	0
7617	3
7618	3
7619	3
7620	2
7621	3
7622	2
7623	0
7624	3
7625	3
7626	3
7627	2
7628	3
7629	2
7630	2
7631	1
7632	3
7633	1
7634	2
7635	2
7636	0
7637	3
7638	1
7639	0
7640	2
7641	1
7642	3
7643	2
7644	3
7645	2
7646	2
7647	0
7648	3
7649	1
7650	2
7651	3
7652	1
7653	3
7654	0
7655	3
7656	0
7657	2
7658	2
7659	2
7660	0
7661	3
7662	0
7663	3
7664	2
7665	0
7666	2
7667	2
7668	2
7669	0
7670	3
7671	3
7672	2
7673	2
7674	2
7675	2
7676	2
7677	1
7678	3
7679	1
7680	2
7681	3
7682	3
7683	3
7684	3
7685	2
7686	0
7687	2
7688	2
7689	0
7690	3
7691	3
7692	0
7693	3
7694	0
7695	3
7696	3
7697	0
7698	3
7699	0
7700	2
7701	3
7702	3
7703	2
7704	0
7705	3
7706	3
7707	3
7708	2
7709	3
7710	2
7711	1
7712	3
7713	2
7714	3
7715	2
7716	3
7717	0
7718	3
7719	2
7720	3
7721	0
7722	2
7723	3
7724	3
7725	2
7726	3
7727	3
7728	3
7729	3
7730	2
7731	0
7732	3
7733	3
7734	3
7735	1
7736	3
7737	3
7738	3
7739	0
7740	2
7741	3
7742	3
7743	2
7744	3
7745	2
7746	2
7747	2
7748	3
7749	3
7750	3
7751	3
7752	3
7753	2
7754	3
7755	2
7756	0
7757	3
7758	2
7759	0
7760	2
7761	0
7762	2
7763	3
7764	2
7765	2
7766	3
7767	3
7768	2
7769	2
7770	0
7771	2
7772	3
7773	3
7774	3
7775	0
7776	3
7777	2
7778	3
7779	0
7780	3
7781	3
7782	0
7783	2
7784	0
7785	3
7786	2
7787	3
7788	3
7789	2
7790	2
7791	0
7792	2
7793	1
7794	3
7795	3
7796	2
7797	1
7798	2
7799	1
7800	2
7801	0
7802	2
7803	1
7804	2
7805	3
7806	0
7807	2
7808	3
7809	3
7810	3
7811	3
7812	3
7813	0
7814	2
7815	2
7816	3
7817	2
7818	3
7819	3
7820	3
7821	1
7822	3
7823	3
7824	0
7825	1
7826	3
7827	3
7828	3
7829	3
7830	3
7831	3
7832	3
7833	3
7834	3
7835	3
7836	3
7837	3
7838	3
7839	3
7840	1
7841	3
7842	3
7843	1
7844	2
7845	2
7846	3
7847	3
7848	3
7849	2
7850	1
7851	1
7852	3
7853	3
7854	3
7855	1
7856	3
7857	2
7858	3
7859	3
7860	2
7861	0
7862	3
7863	2
7864	2
7865	0
7866	3
7867	3
7868	3
7869	2
7870	0
7871	2
7872	3
7873	3
7874	3
7875	2
7876	3
7877	3
7878	3
7879	2
7880	3
7881	3
7882	1
7883	3
7884	3
7885	0
7886	3
7887	3
7888	3
7889	2
7890	3
7891	2
7892	2
7893	2
7894	3
7895	3
7896	3
7897	3
7898	3
7899	2
7900	3
7901	3
7902	3
7903	1
7904	3
7905	3
7906	3
7907	2
7908	3
7909	3
7910	3
7911	3
7912	3
7913	3
7914	2
7915	3
7916	3
7917	3
7918	0
7919	3
7920	3
7921	3
7922	3
7923	3
7924	3
7925	2
7926	0
7927	0
7928	3
7929	3
7930	3
7931	2
7932	3
7933	3
7934	2
7935	2
7936	3
7937	2
7938	3
7939	3
7940	2
7941	0
7942	0
7943	3
7944	3
7945	2
7946	3
7947	0
7948	0
7949	2
7950	2
7951	2
7952	2
7953	3
7954	3
7955	1
7956	3
7957	3
7958	0
7959	3
7960	3
7961	3
7962	0
7963	2
7964	3
7965	2
7966	0
7967	2
7968	3
7969	0
7970	2
7971	0
7972	2
7973	0
7974	3
7975	3
7976	2
7977	3
7978	3
7979	2
7980	1
7981	2
7982	2
7983	2
7984	3
7985	2
7986	1
7987	0
7988	0
7989	3
7990	3
7991	0
7992	2
7993	3
7994	2
7995	2
7996	3
7997	2
7998	2
7999	2
8000	0
8001	2
8002	0
8003	2
8004	3
8005	2
8006	3
8007	2
8008	3
8009	2
8010	3
8011	3
8012	3
8013	2
8014	2
8015	0
8016	1
8017	3
8018	1
8019	0
8020	0
8021	3
8022	2
8023	2
8024	3
8025	3
8026	3
8027	2
8028	3
8029	3
8030	2
8031	3
8032	3
8033	2
8034	2
8035	2
8036	3
8037	3
8038	3
8039	2
8040	2
8041	2
8042	3
8043	3
8044	3
8045	0
8046	3
8047	0
8048	1
8049	3
8050	2
8051	0
8052	3
8053	3
8054	3
8055	3
8056	2
8057	3
8058	0
8059	3
8060	3
8061	3
8062	1
8063	0
8064	3
8065	3
8066	3
8067	3
8068	3
8069	3
8070	3
8071	0
8072	2
8073	3
8074	0
8075	3
8076	0
8077	1
8078	3
8079	0
8080	3
8081	3
8082	3
8083	2
8084	3
8085	3
8086	3
8087	3
8088	1
8089	3
8090	0
8091	3
8092	3
8093	2
8094	3
8095	3
8096	3
8097	3
8098	2
8099	3
8100	2
8101	3
8102	3
8103	3
8104	3
8105	3
8106	3
8107	2
8108	3
8109	3
8110	0
8111	3
8112	1
8113	2
8114	0
8115	1
8116	1
8117	3
8118	3
8119	3
8120	2
8121	3
8122	3
8123	3
8124	3
8125	3
8126	2
8127	2
8128	3
8129	3
8130	1
8131	3
8132	3
8133	0
8134	3
8135	0
8136	2
8137	3
8138	3
8139	3
8140	3
8141	3
8142	3
8143	2
8144	3
8145	0
8146	3
8147	3
8148	3
8149	2
8150	3
8151	2
8152	3
8153	3
8154	3
8155	3
8156	2
8157	2
8158	3
8159	2
8160	3
8161	3
8162	3
8163	3
8164	3
8165	0
8166	3
8167	3
8168	3
8169	3
8170	3
8171	3
8172	3
8173	3
8174	0
8175	1
8176	3
8177	2
8178	1
8179	3
8180	3
8181	2
8182	0
8183	2
8184	3
8185	3
8186	3
8187	3
8188	3
8189	3
8190	2
8191	3
