COMMAND
./sim gshare 11 3 ./proj2-traces/gcc_trace.txt
OUTPUT
number of predictions:2000000
number of mispredictions:285883
misprediction rate:   14.29%
FINAL GSHARE CONTENTS
0	3
1	2
2	3
3	0
4	3
5	2
6	3
7	3
8	0
9	3
10	0
11	3
12	1
13	0
14	3
15	0
16	3
17	0
18	0
19	0
20	3
21	3
22	1
23	0
24	1
25	3
26	0
27	3
28	0
29	3
30	0
31	2
32	3
33	3
34	3
35	1
36	2
37	0
38	0
39	3
40	3
41	0
42	0
43	0
44	0
45	0
46	0
47	0
48	3
49	1
50	0
51	0
52	2
53	3
54	0
55	0
56	2
57	0
58	3
59	0
60	0
61	0
62	0
63	3
64	0
65	2
66	0
67	0
68	0
69	0
70	0
71	2
72	0
73	3
74	2
75	0
76	0
77	2
78	3
79	0
80	3
81	3
82	0
83	2
84	0
85	3
86	0
87	3
88	0
89	0
90	3
91	0
92	0
93	2
94	3
95	0
96	0
97	3
98	2
99	3
100	0
101	3
102	2
103	3
104	3
105	3
106	3
107	1
108	3
109	1
110	0
111	0
112	2
113	0
114	3
115	3
116	3
117	0
118	3
119	0
120	0
121	0
122	1
123	0
124	0
125	2
126	0
127	0
128	3
129	0
130	0
131	0
132	1
133	2
134	3
135	0
136	1
137	0
138	2
139	0
140	0
141	3
142	3
143	0
144	0
145	1
146	0
147	2
148	3
149	0
150	0
151	3
152	0
153	3
154	3
155	3
156	3
157	0
158	0
159	0
160	2
161	0
162	3
163	3
164	3
165	0
166	0
167	0
168	3
169	0
170	3
171	3
172	3
173	0
174	0
175	2
176	3
177	0
178	3
179	0
180	1
181	3
182	3
183	3
184	0
185	0
186	0
187	3
188	3
189	1
190	0
191	3
192	0
193	2
194	0
195	3
196	2
197	0
198	0
199	0
200	0
201	0
202	0
203	0
204	3
205	3
206	3
207	3
208	0
209	0
210	1
211	3
212	2
213	3
214	3
215	0
216	3
217	3
218	3
219	2
220	3
221	0
222	0
223	0
224	0
225	3
226	0
227	0
228	0
229	3
230	3
231	3
232	3
233	0
234	0
235	3
236	0
237	3
238	1
239	2
240	0
241	3
242	0
243	3
244	3
245	3
246	0
247	3
248	3
249	1
250	3
251	2
252	3
253	2
254	3
255	0
256	3
257	2
258	2
259	3
260	3
261	2
262	1
263	0
264	2
265	3
266	3
267	3
268	3
269	3
270	0
271	0
272	0
273	0
274	3
275	0
276	3
277	3
278	3
279	0
280	0
281	0
282	0
283	0
284	0
285	1
286	0
287	0
288	0
289	3
290	0
291	1
292	0
293	0
294	3
295	3
296	2
297	3
298	3
299	0
300	3
301	0
302	0
303	0
304	0
305	0
306	2
307	0
308	0
309	2
310	1
311	0
312	0
313	0
314	1
315	0
316	0
317	0
318	3
319	0
320	0
321	0
322	0
323	3
324	3
325	0
326	0
327	3
328	0
329	0
330	0
331	0
332	3
333	2
334	0
335	3
336	0
337	3
338	0
339	3
340	0
341	0
342	3
343	3
344	0
345	2
346	3
347	0
348	3
349	0
350	0
351	0
352	0
353	1
354	3
355	3
356	0
357	0
358	3
359	0
360	0
361	3
362	0
363	3
364	3
365	0
366	3
367	0
368	0
369	3
370	0
371	0
372	0
373	0
374	3
375	1
376	0
377	0
378	3
379	0
380	3
381	3
382	0
383	0
384	3
385	0
386	0
387	0
388	3
389	1
390	0
391	0
392	3
393	3
394	3
395	3
396	3
397	2
398	3
399	0
400	0
401	0
402	3
403	0
404	3
405	3
406	0
407	1
408	3
409	0
410	0
411	3
412	3
413	0
414	0
415	0
416	0
417	3
418	3
419	3
420	3
421	0
422	0
423	1
424	3
425	2
426	0
427	0
428	0
429	3
430	3
431	0
432	2
433	0
434	0
435	0
436	0
437	2
438	3
439	3
440	3
441	0
442	0
443	2
444	0
445	3
446	0
447	3
448	0
449	0
450	0
451	0
452	2
453	0
454	0
455	3
456	0
457	1
458	0
459	0
460	0
461	3
462	3
463	1
464	3
465	1
466	0
467	3
468	0
469	3
470	3
471	0
472	0
473	0
474	3
475	0
476	0
477	3
478	0
479	3
480	3
481	3
482	3
483	0
484	0
485	1
486	0
487	0
488	2
489	0
490	3
491	3
492	3
493	1
494	3
495	0
496	3
497	3
498	0
499	3
500	3
501	0
502	2
503	0
504	0
505	0
506	0
507	0
508	0
509	3
510	0
511	0
512	0
513	0
514	3
515	0
516	0
517	3
518	2
519	2
520	3
521	3
522	3
523	1
524	0
525	3
526	3
527	0
528	0
529	0
530	0
531	1
532	3
533	3
534	3
535	0
536	0
537	3
538	0
539	2
540	0
541	0
542	0
543	3
544	0
545	0
546	2
547	0
548	3
549	0
550	0
551	3
552	3
553	0
554	2
555	0
556	3
557	3
558	0
559	0
560	0
561	1
562	3
563	3
564	0
565	1
566	0
567	2
568	0
569	3
570	1
571	2
572	3
573	2
574	1
575	0
576	3
577	3
578	0
579	3
580	0
581	2
582	1
583	0
584	0
585	3
586	0
587	0
588	3
589	0
590	3
591	1
592	2
593	0
594	0
595	0
596	0
597	3
598	3
599	3
600	0
601	0
602	0
603	3
604	0
605	3
606	0
607	0
608	3
609	2
610	0
611	2
612	0
613	3
614	3
615	0
616	0
617	3
618	0
619	0
620	0
621	3
622	3
623	0
624	0
625	3
626	3
627	3
628	2
629	0
630	0
631	0
632	2
633	0
634	0
635	0
636	3
637	3
638	0
639	3
640	3
641	0
642	0
643	2
644	3
645	0
646	1
647	0
648	0
649	1
650	0
651	0
652	0
653	3
654	3
655	3
656	0
657	0
658	0
659	3
660	2
661	3
662	3
663	3
664	3
665	3
666	0
667	0
668	0
669	0
670	0
671	0
672	3
673	0
674	0
675	0
676	3
677	1
678	0
679	3
680	3
681	1
682	3
683	0
684	0
685	1
686	3
687	3
688	3
689	0
690	0
691	0
692	0
693	3
694	3
695	1
696	3
697	1
698	0
699	3
700	0
701	0
702	3
703	0
704	3
705	1
706	0
707	3
708	0
709	0
710	0
711	0
712	0
713	1
714	1
715	0
716	1
717	3
718	1
719	3
720	0
721	0
722	1
723	0
724	0
725	0
726	2
727	3
728	0
729	2
730	2
731	2
732	3
733	0
734	0
735	3
736	0
737	3
738	0
739	3
740	0
741	3
742	0
743	0
744	0
745	3
746	0
747	3
748	0
749	0
750	0
751	0
752	0
753	2
754	0
755	0
756	0
757	0
758	3
759	0
760	3
761	0
762	0
763	3
764	3
765	0
766	0
767	3
768	3
769	3
770	2
771	3
772	0
773	0
774	3
775	0
776	0
777	3
778	3
779	3
780	3
781	3
782	1
783	0
784	0
785	0
786	3
787	3
788	0
789	3
790	0
791	0
792	0
793	0
794	2
795	0
796	0
797	3
798	1
799	1
800	0
801	0
802	3
803	0
804	2
805	3
806	0
807	0
808	0
809	0
810	3
811	3
812	3
813	3
814	0
815	0
816	0
817	0
818	0
819	3
820	0
821	0
822	0
823	1
824	0
825	0
826	0
827	0
828	3
829	2
830	0
831	3
832	3
833	3
834	0
835	0
836	0
837	0
838	3
839	0
840	0
841	0
842	3
843	0
844	2
845	3
846	1
847	0
848	0
849	0
850	0
851	0
852	3
853	2
854	0
855	0
856	3
857	3
858	1
859	0
860	0
861	2
862	3
863	0
864	0
865	1
866	3
867	0
868	0
869	3
870	3
871	0
872	0
873	3
874	3
875	3
876	0
877	0
878	3
879	0
880	2
881	3
882	1
883	3
884	3
885	2
886	3
887	0
888	1
889	0
890	0
891	0
892	3
893	0
894	0
895	3
896	3
897	0
898	0
899	0
900	3
901	3
902	0
903	2
904	0
905	1
906	0
907	0
908	0
909	0
910	0
911	0
912	0
913	3
914	0
915	0
916	1
917	0
918	3
919	0
920	3
921	3
922	0
923	3
924	3
925	3
926	0
927	0
928	3
929	2
930	2
931	3
932	0
933	1
934	0
935	2
936	3
937	1
938	2
939	0
940	0
941	0
942	3
943	1
944	3
945	0
946	3
947	2
948	0
949	3
950	1
951	3
952	1
953	0
954	2
955	0
956	0
957	2
958	0
959	0
960	0
961	0
962	3
963	0
964	0
965	0
966	3
967	3
968	1
969	0
970	0
971	0
972	0
973	3
974	3
975	0
976	0
977	0
978	3
979	0
980	1
981	0
982	3
983	0
984	0
985	3
986	2
987	1
988	1
989	0
990	1
991	3
992	1
993	1
994	0
995	0
996	0
997	2
998	0
999	1
1000	3
1001	3
1002	1
1003	3
1004	0
1005	3
1006	2
1007	0
1008	2
1009	3
1010	0
1011	3
1012	0
1013	0
1014	3
1015	0
1016	0
1017	0
1018	0
1019	3
1020	3
1021	0
1022	3
1023	3
1024	0
1025	1
1026	1
1027	0
1028	0
1029	0
1030	3
1031	1
1032	0
1033	3
1034	2
1035	0
1036	0
1037	3
1038	0
1039	3
1040	3
1041	2
1042	0
1043	1
1044	0
1045	3
1046	1
1047	0
1048	1
1049	3
1050	3
1051	0
1052	0
1053	3
1054	0
1055	0
1056	0
1057	0
1058	0
1059	1
1060	3
1061	3
1062	0
1063	2
1064	0
1065	1
1066	0
1067	2
1068	2
1069	1
1070	1
1071	1
1072	0
1073	3
1074	0
1075	0
1076	3
1077	0
1078	1
1079	3
1080	3
1081	0
1082	0
1083	0
1084	0
1085	2
1086	1
1087	0
1088	2
1089	3
1090	0
1091	0
1092	3
1093	3
1094	1
1095	3
1096	3
1097	0
1098	0
1099	0
1100	3
1101	3
1102	3
1103	3
1104	0
1105	3
1106	0
1107	0
1108	2
1109	3
1110	0
1111	3
1112	3
1113	0
1114	0
1115	0
1116	3
1117	2
1118	0
1119	3
1120	3
1121	0
1122	3
1123	0
1124	0
1125	3
1126	0
1127	0
1128	3
1129	0
1130	0
1131	3
1132	3
1133	0
1134	0
1135	0
1136	1
1137	3
1138	3
1139	0
1140	3
1141	0
1142	0
1143	0
1144	3
1145	3
1146	0
1147	0
1148	0
1149	0
1150	0
1151	0
1152	1
1153	3
1154	3
1155	0
1156	3
1157	0
1158	3
1159	3
1160	0
1161	0
1162	2
1163	1
1164	3
1165	0
1166	0
1167	3
1168	0
1169	0
1170	3
1171	3
1172	0
1173	3
1174	0
1175	3
1176	3
1177	0
1178	3
1179	3
1180	0
1181	0
1182	0
1183	3
1184	2
1185	0
1186	3
1187	0
1188	0
1189	0
1190	0
1191	0
1192	3
1193	3
1194	0
1195	3
1196	3
1197	0
1198	2
1199	3
1200	0
1201	0
1202	3
1203	3
1204	0
1205	3
1206	3
1207	0
1208	0
1209	0
1210	3
1211	3
1212	0
1213	1
1214	3
1215	0
1216	0
1217	2
1218	0
1219	3
1220	0
1221	0
1222	0
1223	3
1224	0
1225	0
1226	0
1227	3
1228	3
1229	3
1230	0
1231	0
1232	0
1233	0
1234	1
1235	0
1236	3
1237	0
1238	0
1239	0
1240	2
1241	0
1242	0
1243	0
1244	3
1245	3
1246	0
1247	3
1248	3
1249	0
1250	1
1251	0
1252	0
1253	1
1254	1
1255	0
1256	0
1257	2
1258	0
1259	0
1260	1
1261	3
1262	2
1263	1
1264	0
1265	0
1266	0
1267	3
1268	0
1269	0
1270	0
1271	0
1272	2
1273	2
1274	0
1275	0
1276	1
1277	0
1278	0
1279	3
1280	0
1281	2
1282	0
1283	2
1284	3
1285	0
1286	2
1287	0
1288	3
1289	3
1290	1
1291	0
1292	3
1293	3
1294	1
1295	3
1296	3
1297	0
1298	3
1299	3
1300	1
1301	3
1302	0
1303	0
1304	3
1305	3
1306	3
1307	1
1308	0
1309	3
1310	3
1311	0
1312	0
1313	0
1314	1
1315	0
1316	3
1317	2
1318	3
1319	2
1320	3
1321	0
1322	0
1323	3
1324	3
1325	0
1326	0
1327	3
1328	0
1329	3
1330	0
1331	0
1332	2
1333	0
1334	1
1335	0
1336	3
1337	0
1338	0
1339	0
1340	0
1341	0
1342	2
1343	0
1344	1
1345	3
1346	3
1347	0
1348	3
1349	3
1350	3
1351	3
1352	0
1353	0
1354	3
1355	0
1356	3
1357	0
1358	2
1359	0
1360	0
1361	3
1362	0
1363	3
1364	2
1365	2
1366	0
1367	3
1368	0
1369	0
1370	3
1371	0
1372	3
1373	3
1374	1
1375	0
1376	0
1377	1
1378	0
1379	0
1380	0
1381	0
1382	3
1383	0
1384	0
1385	3
1386	0
1387	3
1388	3
1389	0
1390	3
1391	0
1392	3
1393	0
1394	3
1395	3
1396	3
1397	0
1398	3
1399	0
1400	1
1401	0
1402	0
1403	1
1404	0
1405	0
1406	0
1407	0
1408	3
1409	0
1410	3
1411	0
1412	3
1413	3
1414	3
1415	0
1416	3
1417	0
1418	3
1419	0
1420	0
1421	0
1422	0
1423	3
1424	0
1425	2
1426	0
1427	3
1428	3
1429	3
1430	3
1431	2
1432	0
1433	0
1434	0
1435	0
1436	0
1437	0
1438	0
1439	3
1440	0
1441	3
1442	3
1443	0
1444	0
1445	0
1446	0
1447	0
1448	3
1449	0
1450	0
1451	3
1452	0
1453	0
1454	0
1455	3
1456	0
1457	0
1458	1
1459	3
1460	0
1461	3
1462	3
1463	2
1464	3
1465	0
1466	3
1467	3
1468	0
1469	3
1470	3
1471	0
1472	0
1473	1
1474	1
1475	3
1476	2
1477	0
1478	0
1479	3
1480	0
1481	3
1482	0
1483	3
1484	3
1485	3
1486	3
1487	0
1488	0
1489	0
1490	1
1491	1
1492	0
1493	0
1494	0
1495	0
1496	0
1497	0
1498	3
1499	0
1500	3
1501	1
1502	1
1503	3
1504	3
1505	0
1506	0
1507	0
1508	0
1509	1
1510	0
1511	2
1512	0
1513	0
1514	0
1515	0
1516	0
1517	0
1518	2
1519	0
1520	3
1521	0
1522	0
1523	3
1524	1
1525	3
1526	0
1527	3
1528	0
1529	0
1530	0
1531	0
1532	1
1533	3
1534	3
1535	0
1536	3
1537	3
1538	3
1539	3
1540	3
1541	1
1542	3
1543	0
1544	1
1545	3
1546	3
1547	3
1548	0
1549	3
1550	3
1551	1
1552	3
1553	3
1554	3
1555	0
1556	0
1557	3
1558	0
1559	1
1560	3
1561	2
1562	3
1563	3
1564	0
1565	3
1566	0
1567	3
1568	0
1569	1
1570	0
1571	0
1572	0
1573	0
1574	3
1575	3
1576	0
1577	3
1578	0
1579	0
1580	3
1581	0
1582	0
1583	3
1584	0
1585	3
1586	0
1587	2
1588	0
1589	2
1590	0
1591	0
1592	0
1593	0
1594	0
1595	2
1596	0
1597	0
1598	0
1599	0
1600	0
1601	3
1602	0
1603	2
1604	0
1605	0
1606	0
1607	0
1608	1
1609	3
1610	3
1611	3
1612	3
1613	3
1614	0
1615	3
1616	0
1617	1
1618	0
1619	0
1620	0
1621	3
1622	0
1623	1
1624	3
1625	3
1626	0
1627	3
1628	3
1629	3
1630	0
1631	0
1632	0
1633	0
1634	3
1635	3
1636	3
1637	2
1638	0
1639	0
1640	3
1641	2
1642	0
1643	3
1644	0
1645	1
1646	3
1647	0
1648	2
1649	3
1650	3
1651	3
1652	3
1653	0
1654	3
1655	1
1656	1
1657	3
1658	3
1659	3
1660	0
1661	3
1662	0
1663	0
1664	0
1665	0
1666	3
1667	3
1668	0
1669	3
1670	3
1671	3
1672	0
1673	0
1674	0
1675	0
1676	3
1677	0
1678	3
1679	3
1680	0
1681	3
1682	0
1683	0
1684	0
1685	3
1686	0
1687	3
1688	1
1689	3
1690	3
1691	2
1692	0
1693	3
1694	3
1695	0
1696	3
1697	3
1698	1
1699	0
1700	0
1701	1
1702	1
1703	0
1704	3
1705	2
1706	3
1707	3
1708	2
1709	0
1710	3
1711	3
1712	3
1713	0
1714	3
1715	0
1716	1
1717	3
1718	2
1719	3
1720	3
1721	2
1722	0
1723	0
1724	3
1725	3
1726	3
1727	0
1728	1
1729	3
1730	0
1731	2
1732	0
1733	0
1734	0
1735	3
1736	0
1737	3
1738	0
1739	1
1740	0
1741	3
1742	0
1743	0
1744	0
1745	2
1746	0
1747	0
1748	0
1749	0
1750	3
1751	0
1752	0
1753	0
1754	1
1755	0
1756	3
1757	0
1758	0
1759	3
1760	3
1761	0
1762	0
1763	0
1764	3
1765	3
1766	0
1767	1
1768	3
1769	0
1770	0
1771	3
1772	3
1773	2
1774	3
1775	3
1776	0
1777	3
1778	2
1779	3
1780	3
1781	0
1782	0
1783	3
1784	3
1785	3
1786	2
1787	2
1788	0
1789	3
1790	3
1791	2
1792	3
1793	3
1794	3
1795	3
1796	0
1797	1
1798	3
1799	3
1800	0
1801	3
1802	3
1803	3
1804	3
1805	1
1806	2
1807	3
1808	1
1809	0
1810	1
1811	0
1812	0
1813	3
1814	0
1815	0
1816	0
1817	3
1818	0
1819	3
1820	2
1821	0
1822	3
1823	2
1824	3
1825	2
1826	0
1827	3
1828	3
1829	0
1830	2
1831	0
1832	3
1833	3
1834	0
1835	3
1836	3
1837	0
1838	0
1839	3
1840	3
1841	1
1842	1
1843	2
1844	0
1845	0
1846	0
1847	1
1848	1
1849	2
1850	0
1851	3
1852	3
1853	0
1854	0
1855	0
1856	0
1857	0
1858	0
1859	3
1860	3
1861	2
1862	0
1863	3
1864	0
1865	0
1866	0
1867	0
1868	3
1869	3
1870	0
1871	3
1872	0
1873	0
1874	0
1875	0
1876	0
1877	3
1878	0
1879	1
1880	3
1881	3
1882	1
1883	1
1884	3
1885	3
1886	0
1887	0
1888	1
1889	0
1890	3
1891	2
1892	0
1893	2
1894	0
1895	0
1896	0
1897	0
1898	3
1899	3
1900	3
1901	0
1902	3
1903	0
1904	0
1905	1
1906	3
1907	0
1908	3
1909	0
1910	3
1911	2
1912	3
1913	0
1914	0
1915	0
1916	0
1917	0
1918	3
1919	3
1920	2
1921	2
1922	0
1923	3
1924	3
1925	0
1926	0
1927	1
1928	0
1929	0
1930	0
1931	0
1932	1
1933	1
1934	3
1935	0
1936	0
1937	0
1938	0
1939	0
1940	0
1941	0
1942	0
1943	0
1944	3
1945	3
1946	2
1947	0
1948	0
1949	3
1950	2
1951	0
1952	2
1953	3
1954	3
1955	3
1956	0
1957	3
1958	0
1959	0
1960	3
1961	0
1962	3
1963	3
1964	3
1965	0
1966	3
1967	3
1968	3
1969	2
1970	3
1971	0
1972	3
1973	3
1974	3
1975	3
1976	0
1977	3
1978	0
1979	3
1980	3
1981	3
1982	3
1983	3
1984	0
1985	1
1986	0
1987	0
1988	1
1989	0
1990	0
1991	3
1992	1
1993	0
1994	0
1995	0
1996	3
1997	3
1998	3
1999	0
2000	0
2001	3
2002	3
2003	1
2004	0
2005	0
2006	0
2007	3
2008	2
2009	0
2010	3
2011	0
2012	0
2013	0
2014	0
2015	2
2016	3
2017	0
2018	2
2019	0
2020	3
2021	0
2022	0
2023	0
2024	3
2025	0
2026	0
2027	0
2028	0
2029	0
2030	1
2031	3
2032	0
2033	3
2034	3
2035	3
2036	3
2037	2
2038	0
2039	3
2040	0
2041	0
2042	0
2043	3
2044	0
2045	3
2046	3
2047	0
