COMMAND
./sim gshare 13 8 ./proj2-traces/perl_trace.txt
OUTPUT
number of predictions:2000000
number of mispredictions:105279
misprediction rate:   5.26%
FINAL GSHARE CONTENTS
0	2
1	0
2	1
3	3
4	0
5	3
6	0
7	3
8	0
9	1
10	0
11	3
12	2
13	0
14	3
15	2
16	3
17	2
18	1
19	2
20	2
21	0
22	3
23	2
24	2
25	2
26	3
27	2
28	0
29	2
30	1
31	2
32	0
33	1
34	3
35	2
36	3
37	2
38	0
39	3
40	2
41	2
42	0
43	1
44	2
45	0
46	3
47	0
48	3
49	3
50	3
51	2
52	2
53	0
54	3
55	2
56	2
57	2
58	2
59	3
60	0
61	1
62	2
63	3
64	3
65	3
66	1
67	2
68	3
69	3
70	2
71	0
72	1
73	3
74	2
75	2
76	2
77	2
78	2
79	2
80	0
81	2
82	2
83	2
84	2
85	0
86	3
87	2
88	2
89	2
90	2
91	2
92	3
93	2
94	2
95	2
96	3
97	2
98	3
99	2
100	2
101	0
102	3
103	3
104	2
105	2
106	3
107	3
108	2
109	3
110	3
111	0
112	2
113	3
114	2
115	0
116	3
117	0
118	0
119	2
120	2
121	2
122	2
123	3
124	3
125	2
126	0
127	0
128	0
129	2
130	2
131	2
132	2
133	3
134	2
135	3
136	2
137	0
138	1
139	2
140	3
141	2
142	0
143	3
144	3
145	0
146	3
147	2
148	2
149	1
150	2
151	2
152	2
153	0
154	3
155	2
156	1
157	3
158	2
159	3
160	1
161	2
162	0
163	2
164	2
165	0
166	2
167	2
168	2
169	2
170	3
171	3
172	2
173	2
174	0
175	2
176	3
177	3
178	1
179	0
180	2
181	2
182	3
183	0
184	0
185	3
186	3
187	1
188	1
189	3
190	2
191	3
192	2
193	0
194	1
195	2
196	2
197	2
198	1
199	0
200	3
201	2
202	0
203	2
204	2
205	2
206	3
207	3
208	3
209	3
210	3
211	2
212	2
213	0
214	1
215	2
216	2
217	2
218	2
219	3
220	2
221	3
222	2
223	2
224	3
225	0
226	2
227	2
228	2
229	3
230	2
231	2
232	3
233	3
234	3
235	2
236	0
237	2
238	3
239	2
240	2
241	3
242	2
243	0
244	2
245	3
246	2
247	0
248	2
249	2
250	0
251	3
252	2
253	3
254	0
255	1
256	3
257	3
258	0
259	1
260	2
261	1
262	0
263	2
264	3
265	2
266	3
267	2
268	2
269	2
270	3
271	2
272	3
273	0
274	3
275	2
276	2
277	3
278	3
279	0
280	2
281	2
282	0
283	2
284	3
285	3
286	3
287	3
288	3
289	3
290	3
291	3
292	2
293	3
294	2
295	0
296	2
297	2
298	3
299	0
300	2
301	3
302	3
303	3
304	2
305	1
306	3
307	2
308	2
309	3
310	1
311	3
312	2
313	2
314	1
315	1
316	3
317	3
318	3
319	3
320	3
321	2
322	0
323	0
324	1
325	3
326	2
327	2
328	3
329	0
330	3
331	1
332	2
333	2
334	2
335	2
336	2
337	2
338	3
339	2
340	1
341	0
342	1
343	2
344	3
345	2
346	2
347	0
348	3
349	2
350	2
351	1
352	3
353	2
354	3
355	2
356	2
357	2
358	0
359	3
360	0
361	2
362	2
363	0
364	2
365	3
366	2
367	2
368	0
369	2
370	1
371	0
372	2
373	2
374	3
375	2
376	2
377	2
378	2
379	2
380	2
381	3
382	1
383	3
384	3
385	3
386	2
387	3
388	2
389	2
390	3
391	2
392	2
393	1
394	3
395	2
396	1
397	2
398	2
399	2
400	3
401	2
402	2
403	2
404	2
405	0
406	0
407	1
408	3
409	2
410	3
411	2
412	2
413	3
414	3
415	0
416	3
417	0
418	2
419	2
420	2
421	1
422	2
423	0
424	2
425	1
426	3
427	2
428	2
429	3
430	3
431	2
432	3
433	2
434	2
435	2
436	3
437	2
438	3
439	0
440	2
441	3
442	2
443	1
444	2
445	2
446	3
447	3
448	3
449	2
450	3
451	0
452	2
453	2
454	3
455	1
456	2
457	2
458	2
459	2
460	0
461	2
462	3
463	0
464	3
465	1
466	2
467	0
468	2
469	2
470	2
471	0
472	2
473	1
474	2
475	3
476	3
477	3
478	0
479	1
480	3
481	2
482	2
483	2
484	2
485	0
486	0
487	0
488	1
489	0
490	3
491	3
492	2
493	3
494	3
495	3
496	3
497	1
498	1
499	0
500	2
501	2
502	0
503	0
504	1
505	2
506	2
507	3
508	2
509	3
510	2
511	3
512	2
513	2
514	2
515	1
516	3
517	2
518	3
519	2
520	1
521	3
522	3
523	3
524	3
525	2
526	3
527	3
528	3
529	2
530	3
531	2
532	2
533	0
534	2
535	0
536	0
537	2
538	2
539	3
540	3
541	3
542	3
543	3
544	2
545	1
546	2
547	0
548	1
549	3
550	3
551	3
552	2
553	3
554	3
555	0
556	3
557	3
558	3
559	2
560	2
561	2
562	1
563	0
564	3
565	0
566	2
567	0
568	2
569	0
570	2
571	2
572	1
573	3
574	2
575	3
576	1
577	3
578	2
579	2
580	2
581	2
582	3
583	2
584	2
585	3
586	3
587	2
588	2
589	3
590	3
591	2
592	2
593	0
594	2
595	2
596	2
597	3
598	2
599	2
600	0
601	0
602	2
603	2
604	3
605	3
606	2
607	3
608	1
609	2
610	2
611	3
612	2
613	3
614	3
615	2
616	3
617	3
618	3
619	3
620	2
621	3
622	1
623	2
624	2
625	2
626	2
627	2
628	2
629	2
630	2
631	2
632	2
633	2
634	2
635	3
636	0
637	2
638	3
639	3
640	2
641	0
642	3
643	2
644	2
645	2
646	3
647	2
648	3
649	3
650	1
651	0
652	2
653	3
654	2
655	3
656	2
657	2
658	3
659	2
660	2
661	0
662	3
663	2
664	2
665	2
666	2
667	3
668	0
669	2
670	2
671	0
672	2
673	1
674	2
675	2
676	2
677	1
678	3
679	0
680	0
681	0
682	3
683	0
684	1
685	3
686	3
687	3
688	2
689	2
690	3
691	2
692	2
693	3
694	2
695	1
696	2
697	2
698	2
699	3
700	3
701	2
702	2
703	3
704	2
705	0
706	2
707	3
708	0
709	3
710	1
711	1
712	1
713	3
714	3
715	0
716	0
717	1
718	3
719	2
720	2
721	3
722	0
723	0
724	2
725	2
726	2
727	0
728	2
729	2
730	1
731	2
732	3
733	2
734	2
735	3
736	2
737	0
738	1
739	0
740	1
741	1
742	2
743	2
744	0
745	3
746	3
747	0
748	3
749	2
750	3
751	2
752	2
753	2
754	2
755	2
756	2
757	2
758	3
759	0
760	2
761	2
762	0
763	2
764	3
765	2
766	0
767	0
768	1
769	3
770	3
771	2
772	2
773	3
774	2
775	0
776	1
777	3
778	2
779	3
780	3
781	2
782	3
783	3
784	2
785	2
786	3
787	2
788	2
789	1
790	3
791	1
792	2
793	2
794	2
795	0
796	3
797	3
798	3
799	3
800	2
801	3
802	2
803	3
804	2
805	2
806	2
807	2
808	3
809	3
810	3
811	2
812	2
813	2
814	3
815	2
816	2
817	2
818	3
819	3
820	2
821	0
822	0
823	0
824	2
825	2
826	1
827	2
828	2
829	2
830	2
831	3
832	0
833	3
834	2
835	0
836	2
837	2
838	2
839	0
840	3
841	2
842	3
843	3
844	3
845	2
846	3
847	2
848	3
849	3
850	3
851	3
852	2
853	3
854	0
855	3
856	2
857	2
858	2
859	2
860	3
861	2
862	3
863	1
864	0
865	1
866	2
867	2
868	2
869	2
870	2
871	2
872	2
873	2
874	3
875	2
876	3
877	3
878	1
879	2
880	1
881	2
882	3
883	3
884	2
885	1
886	2
887	0
888	2
889	3
890	2
891	2
892	2
893	2
894	3
895	0
896	1
897	0
898	2
899	2
900	1
901	3
902	3
903	0
904	1
905	3
906	3
907	1
908	2
909	0
910	3
911	2
912	2
913	2
914	3
915	2
916	2
917	2
918	2
919	0
920	3
921	2
922	0
923	2
924	3
925	2
926	2
927	0
928	2
929	0
930	2
931	2
932	2
933	1
934	2
935	3
936	3
937	3
938	1
939	1
940	3
941	3
942	3
943	2
944	2
945	3
946	3
947	2
948	2
949	2
950	2
951	3
952	2
953	3
954	2
955	2
956	2
957	3
958	3
959	1
960	1
961	3
962	2
963	1
964	2
965	2
966	2
967	1
968	3
969	3
970	3
971	0
972	3
973	3
974	3
975	0
976	3
977	3
978	3
979	1
980	2
981	1
982	3
983	3
984	2
985	2
986	2
987	2
988	0
989	2
990	2
991	3
992	2
993	3
994	2
995	0
996	2
997	2
998	3
999	0
1000	2
1001	3
1002	3
1003	2
1004	1
1005	3
1006	3
1007	2
1008	1
1009	3
1010	3
1011	3
1012	1
1013	2
1014	1
1015	0
1016	2
1017	2
1018	2
1019	2
1020	2
1021	3
1022	2
1023	3
1024	0
1025	1
1026	3
1027	3
1028	3
1029	3
1030	3
1031	0
1032	2
1033	2
1034	2
1035	0
1036	3
1037	2
1038	3
1039	2
1040	3
1041	2
1042	0
1043	2
1044	2
1045	2
1046	3
1047	3
1048	3
1049	1
1050	3
1051	2
1052	0
1053	2
1054	2
1055	3
1056	0
1057	3
1058	3
1059	2
1060	3
1061	2
1062	3
1063	0
1064	2
1065	3
1066	3
1067	3
1068	3
1069	2
1070	3
1071	2
1072	2
1073	2
1074	0
1075	0
1076	2
1077	1
1078	2
1079	2
1080	3
1081	2
1082	2
1083	0
1084	0
1085	3
1086	2
1087	3
1088	0
1089	1
1090	3
1091	2
1092	2
1093	0
1094	2
1095	2
1096	2
1097	2
1098	3
1099	3
1100	2
1101	2
1102	2
1103	2
1104	3
1105	2
1106	2
1107	3
1108	2
1109	3
1110	2
1111	2
1112	2
1113	1
1114	2
1115	3
1116	1
1117	3
1118	2
1119	1
1120	3
1121	3
1122	2
1123	2
1124	3
1125	3
1126	2
1127	0
1128	2
1129	2
1130	3
1131	2
1132	3
1133	2
1134	3
1135	0
1136	3
1137	3
1138	3
1139	2
1140	2
1141	2
1142	2
1143	3
1144	2
1145	1
1146	2
1147	3
1148	0
1149	3
1150	3
1151	3
1152	3
1153	2
1154	3
1155	3
1156	0
1157	2
1158	3
1159	1
1160	2
1161	3
1162	2
1163	1
1164	2
1165	2
1166	1
1167	3
1168	2
1169	2
1170	2
1171	2
1172	2
1173	2
1174	0
1175	0
1176	0
1177	2
1178	2
1179	0
1180	2
1181	3
1182	0
1183	3
1184	0
1185	0
1186	2
1187	2
1188	3
1189	3
1190	3
1191	0
1192	2
1193	2
1194	3
1195	3
1196	3
1197	2
1198	3
1199	3
1200	3
1201	2
1202	2
1203	3
1204	2
1205	0
1206	2
1207	3
1208	3
1209	3
1210	3
1211	3
1212	1
1213	2
1214	1
1215	2
1216	3
1217	2
1218	2
1219	3
1220	3
1221	3
1222	2
1223	0
1224	2
1225	2
1226	3
1227	3
1228	2
1229	2
1230	3
1231	0
1232	2
1233	3
1234	2
1235	0
1236	3
1237	2
1238	2
1239	3
1240	3
1241	0
1242	2
1243	2
1244	0
1245	3
1246	3
1247	3
1248	3
1249	0
1250	2
1251	1
1252	2
1253	2
1254	2
1255	0
1256	2
1257	2
1258	3
1259	0
1260	2
1261	2
1262	3
1263	2
1264	2
1265	2
1266	2
1267	3
1268	2
1269	3
1270	2
1271	3
1272	0
1273	0
1274	3
1275	3
1276	0
1277	2
1278	2
1279	2
1280	1
1281	2
1282	1
1283	2
1284	3
1285	2
1286	3
1287	0
1288	2
1289	3
1290	0
1291	1
1292	2
1293	3
1294	3
1295	2
1296	2
1297	2
1298	2
1299	2
1300	2
1301	1
1302	2
1303	2
1304	3
1305	3
1306	2
1307	2
1308	3
1309	2
1310	3
1311	2
1312	3
1313	2
1314	3
1315	1
1316	3
1317	2
1318	3
1319	0
1320	2
1321	2
1322	2
1323	2
1324	2
1325	2
1326	3
1327	3
1328	2
1329	2
1330	2
1331	3
1332	2
1333	2
1334	2
1335	0
1336	3
1337	2
1338	3
1339	2
1340	3
1341	0
1342	0
1343	3
1344	2
1345	2
1346	2
1347	3
1348	2
1349	2
1350	2
1351	3
1352	2
1353	3
1354	3
1355	2
1356	3
1357	3
1358	3
1359	1
1360	2
1361	3
1362	2
1363	2
1364	2
1365	2
1366	3
1367	0
1368	1
1369	0
1370	2
1371	3
1372	0
1373	2
1374	2
1375	2
1376	2
1377	2
1378	3
1379	2
1380	3
1381	2
1382	1
1383	2
1384	2
1385	3
1386	3
1387	2
1388	2
1389	3
1390	3
1391	0
1392	2
1393	2
1394	2
1395	2
1396	2
1397	0
1398	2
1399	3
1400	3
1401	0
1402	3
1403	2
1404	3
1405	1
1406	2
1407	1
1408	2
1409	0
1410	0
1411	3
1412	3
1413	1
1414	3
1415	2
1416	3
1417	3
1418	2
1419	1
1420	3
1421	0
1422	1
1423	2
1424	1
1425	2
1426	3
1427	2
1428	3
1429	0
1430	3
1431	2
1432	2
1433	3
1434	2
1435	2
1436	3
1437	2
1438	2
1439	2
1440	2
1441	2
1442	2
1443	2
1444	2
1445	0
1446	3
1447	0
1448	1
1449	3
1450	2
1451	3
1452	2
1453	0
1454	3
1455	0
1456	0
1457	1
1458	3
1459	2
1460	3
1461	2
1462	3
1463	3
1464	3
1465	0
1466	2
1467	2
1468	3
1469	2
1470	2
1471	1
1472	0
1473	2
1474	0
1475	3
1476	3
1477	1
1478	3
1479	0
1480	2
1481	2
1482	3
1483	2
1484	2
1485	0
1486	3
1487	2
1488	0
1489	2
1490	0
1491	2
1492	2
1493	2
1494	3
1495	3
1496	2
1497	2
1498	3
1499	2
1500	1
1501	2
1502	3
1503	3
1504	3
1505	2
1506	3
1507	3
1508	1
1509	3
1510	3
1511	3
1512	3
1513	3
1514	3
1515	2
1516	2
1517	3
1518	3
1519	3
1520	3
1521	0
1522	2
1523	2
1524	3
1525	2
1526	3
1527	2
1528	1
1529	1
1530	2
1531	1
1532	3
1533	3
1534	3
1535	1
1536	3
1537	3
1538	3
1539	2
1540	1
1541	3
1542	2
1543	0
1544	3
1545	3
1546	3
1547	3
1548	2
1549	3
1550	3
1551	3
1552	2
1553	0
1554	0
1555	2
1556	2
1557	2
1558	2
1559	3
1560	2
1561	3
1562	2
1563	2
1564	3
1565	1
1566	2
1567	1
1568	3
1569	0
1570	3
1571	3
1572	1
1573	2
1574	3
1575	3
1576	2
1577	2
1578	3
1579	2
1580	2
1581	3
1582	3
1583	3
1584	3
1585	2
1586	0
1587	0
1588	2
1589	0
1590	3
1591	2
1592	2
1593	2
1594	3
1595	2
1596	3
1597	3
1598	0
1599	0
1600	3
1601	3
1602	0
1603	3
1604	2
1605	0
1606	1
1607	0
1608	2
1609	3
1610	3
1611	2
1612	3
1613	2
1614	3
1615	3
1616	2
1617	2
1618	1
1619	2
1620	2
1621	2
1622	3
1623	2
1624	3
1625	2
1626	2
1627	2
1628	1
1629	3
1630	2
1631	3
1632	3
1633	1
1634	0
1635	0
1636	1
1637	0
1638	3
1639	3
1640	2
1641	1
1642	3
1643	2
1644	2
1645	0
1646	3
1647	3
1648	3
1649	3
1650	2
1651	2
1652	3
1653	2
1654	2
1655	0
1656	3
1657	2
1658	2
1659	2
1660	2
1661	2
1662	1
1663	2
1664	3
1665	2
1666	2
1667	2
1668	2
1669	2
1670	3
1671	3
1672	2
1673	2
1674	3
1675	2
1676	2
1677	0
1678	3
1679	0
1680	3
1681	0
1682	2
1683	0
1684	3
1685	2
1686	2
1687	1
1688	3
1689	2
1690	0
1691	3
1692	2
1693	3
1694	3
1695	3
1696	2
1697	1
1698	3
1699	2
1700	2
1701	2
1702	1
1703	3
1704	2
1705	1
1706	2
1707	2
1708	3
1709	2
1710	1
1711	2
1712	2
1713	2
1714	3
1715	3
1716	2
1717	0
1718	2
1719	2
1720	0
1721	2
1722	2
1723	3
1724	3
1725	3
1726	3
1727	2
1728	2
1729	3
1730	3
1731	3
1732	1
1733	2
1734	3
1735	3
1736	2
1737	2
1738	0
1739	2
1740	3
1741	2
1742	3
1743	3
1744	3
1745	2
1746	1
1747	0
1748	3
1749	2
1750	3
1751	2
1752	0
1753	2
1754	2
1755	2
1756	2
1757	3
1758	3
1759	1
1760	2
1761	0
1762	2
1763	3
1764	2
1765	0
1766	0
1767	2
1768	2
1769	3
1770	0
1771	0
1772	3
1773	2
1774	3
1775	1
1776	2
1777	2
1778	1
1779	2
1780	2
1781	2
1782	3
1783	2
1784	2
1785	2
1786	2
1787	2
1788	3
1789	3
1790	3
1791	0
1792	1
1793	3
1794	2
1795	1
1796	3
1797	3
1798	3
1799	0
1800	2
1801	2
1802	3
1803	0
1804	3
1805	2
1806	1
1807	1
1808	3
1809	2
1810	1
1811	2
1812	2
1813	2
1814	2
1815	0
1816	0
1817	2
1818	0
1819	3
1820	3
1821	2
1822	3
1823	3
1824	3
1825	2
1826	3
1827	3
1828	2
1829	2
1830	0
1831	0
1832	2
1833	3
1834	0
1835	0
1836	3
1837	1
1838	3
1839	2
1840	2
1841	2
1842	2
1843	0
1844	2
1845	2
1846	2
1847	0
1848	1
1849	0
1850	2
1851	2
1852	3
1853	3
1854	3
1855	2
1856	0
1857	2
1858	3
1859	2
1860	2
1861	2
1862	3
1863	0
1864	2
1865	1
1866	0
1867	3
1868	2
1869	0
1870	3
1871	2
1872	2
1873	2
1874	0
1875	1
1876	0
1877	2
1878	2
1879	0
1880	0
1881	0
1882	0
1883	2
1884	2
1885	0
1886	2
1887	0
1888	3
1889	3
1890	3
1891	1
1892	2
1893	3
1894	0
1895	0
1896	1
1897	0
1898	0
1899	0
1900	2
1901	0
1902	2
1903	2
1904	2
1905	0
1906	1
1907	0
1908	2
1909	0
1910	1
1911	2
1912	3
1913	0
1914	2
1915	2
1916	2
1917	3
1918	2
1919	2
1920	3
1921	2
1922	0
1923	1
1924	2
1925	2
1926	1
1927	3
1928	2
1929	3
1930	0
1931	2
1932	2
1933	0
1934	3
1935	2
1936	3
1937	1
1938	2
1939	2
1940	0
1941	1
1942	2
1943	0
1944	0
1945	2
1946	2
1947	0
1948	1
1949	2
1950	0
1951	0
1952	1
1953	2
1954	3
1955	2
1956	0
1957	0
1958	3
1959	2
1960	2
1961	2
1962	0
1963	0
1964	2
1965	2
1966	1
1967	2
1968	2
1969	2
1970	2
1971	3
1972	2
1973	2
1974	2
1975	2
1976	0
1977	3
1978	2
1979	2
1980	0
1981	3
1982	3
1983	2
1984	3
1985	0
1986	2
1987	1
1988	2
1989	2
1990	2
1991	3
1992	0
1993	2
1994	3
1995	3
1996	2
1997	0
1998	2
1999	2
2000	2
2001	0
2002	2
2003	3
2004	2
2005	3
2006	2
2007	0
2008	0
2009	2
2010	0
2011	1
2012	1
2013	0
2014	2
2015	0
2016	1
2017	0
2018	3
2019	2
2020	2
2021	0
2022	3
2023	3
2024	3
2025	2
2026	3
2027	0
2028	2
2029	3
2030	3
2031	2
2032	2
2033	2
2034	0
2035	2
2036	2
2037	3
2038	1
2039	2
2040	0
2041	2
2042	2
2043	1
2044	2
2045	3
2046	0
2047	1
2048	1
2049	2
2050	2
2051	0
2052	2
2053	1
2054	0
2055	0
2056	3
2057	2
2058	2
2059	2
2060	3
2061	1
2062	0
2063	2
2064	2
2065	0
2066	0
2067	0
2068	3
2069	2
2070	3
2071	2
2072	3
2073	2
2074	0
2075	2
2076	3
2077	2
2078	2
2079	1
2080	2
2081	2
2082	0
2083	3
2084	2
2085	1
2086	3
2087	2
2088	2
2089	2
2090	3
2091	2
2092	3
2093	1
2094	2
2095	2
2096	3
2097	0
2098	3
2099	0
2100	2
2101	0
2102	3
2103	1
2104	3
2105	2
2106	3
2107	3
2108	2
2109	1
2110	2
2111	0
2112	3
2113	1
2114	2
2115	2
2116	2
2117	0
2118	2
2119	2
2120	2
2121	2
2122	3
2123	3
2124	3
2125	2
2126	0
2127	2
2128	3
2129	3
2130	3
2131	0
2132	2
2133	3
2134	3
2135	3
2136	0
2137	2
2138	2
2139	2
2140	3
2141	2
2142	3
2143	3
2144	2
2145	1
2146	2
2147	2
2148	2
2149	2
2150	3
2151	2
2152	3
2153	1
2154	3
2155	3
2156	3
2157	2
2158	0
2159	2
2160	3
2161	1
2162	0
2163	0
2164	2
2165	0
2166	3
2167	3
2168	3
2169	2
2170	2
2171	0
2172	2
2173	3
2174	2
2175	3
2176	0
2177	2
2178	0
2179	3
2180	2
2181	2
2182	3
2183	2
2184	2
2185	1
2186	1
2187	2
2188	3
2189	0
2190	3
2191	2
2192	3
2193	3
2194	3
2195	3
2196	2
2197	0
2198	2
2199	2
2200	2
2201	1
2202	3
2203	2
2204	3
2205	3
2206	2
2207	3
2208	2
2209	0
2210	2
2211	2
2212	2
2213	2
2214	2
2215	2
2216	1
2217	0
2218	0
2219	2
2220	2
2221	3
2222	3
2223	0
2224	3
2225	2
2226	3
2227	0
2228	3
2229	0
2230	3
2231	2
2232	3
2233	1
2234	3
2235	3
2236	3
2237	3
2238	2
2239	3
2240	3
2241	3
2242	2
2243	1
2244	2
2245	0
2246	0
2247	2
2248	3
2249	0
2250	0
2251	2
2252	2
2253	0
2254	3
2255	3
2256	3
2257	2
2258	3
2259	3
2260	0
2261	0
2262	3
2263	1
2264	3
2265	1
2266	3
2267	3
2268	2
2269	2
2270	3
2271	2
2272	3
2273	1
2274	0
2275	2
2276	2
2277	3
2278	0
2279	2
2280	2
2281	3
2282	0
2283	2
2284	2
2285	3
2286	3
2287	1
2288	2
2289	0
2290	3
2291	0
2292	0
2293	0
2294	3
2295	3
2296	2
2297	0
2298	2
2299	2
2300	3
2301	2
2302	3
2303	3
2304	0
2305	0
2306	2
2307	2
2308	3
2309	0
2310	0
2311	2
2312	3
2313	3
2314	0
2315	2
2316	3
2317	0
2318	3
2319	2
2320	2
2321	1
2322	3
2323	2
2324	2
2325	0
2326	3
2327	0
2328	3
2329	2
2330	3
2331	2
2332	1
2333	1
2334	3
2335	2
2336	2
2337	1
2338	3
2339	3
2340	1
2341	3
2342	0
2343	3
2344	2
2345	3
2346	3
2347	2
2348	3
2349	0
2350	2
2351	2
2352	1
2353	2
2354	3
2355	0
2356	0
2357	1
2358	3
2359	0
2360	3
2361	2
2362	3
2363	2
2364	0
2365	2
2366	2
2367	3
2368	3
2369	0
2370	0
2371	3
2372	2
2373	1
2374	0
2375	3
2376	2
2377	3
2378	0
2379	2
2380	2
2381	2
2382	3
2383	2
2384	3
2385	2
2386	3
2387	2
2388	2
2389	1
2390	2
2391	1
2392	1
2393	2
2394	1
2395	0
2396	3
2397	2
2398	3
2399	2
2400	3
2401	2
2402	0
2403	3
2404	3
2405	0
2406	0
2407	2
2408	2
2409	3
2410	3
2411	2
2412	3
2413	0
2414	3
2415	3
2416	3
2417	2
2418	3
2419	2
2420	3
2421	3
2422	3
2423	0
2424	3
2425	2
2426	3
2427	3
2428	3
2429	2
2430	2
2431	2
2432	0
2433	2
2434	2
2435	3
2436	2
2437	0
2438	0
2439	0
2440	2
2441	2
2442	3
2443	2
2444	2
2445	2
2446	0
2447	2
2448	3
2449	2
2450	1
2451	0
2452	2
2453	3
2454	3
2455	1
2456	2
2457	3
2458	2
2459	1
2460	3
2461	3
2462	0
2463	2
2464	3
2465	3
2466	2
2467	3
2468	3
2469	2
2470	3
2471	1
2472	2
2473	3
2474	3
2475	2
2476	2
2477	1
2478	2
2479	2
2480	2
2481	3
2482	3
2483	0
2484	2
2485	1
2486	3
2487	2
2488	3
2489	3
2490	3
2491	0
2492	2
2493	3
2494	2
2495	3
2496	0
2497	2
2498	1
2499	3
2500	2
2501	2
2502	1
2503	1
2504	2
2505	2
2506	0
2507	3
2508	1
2509	0
2510	3
2511	2
2512	3
2513	2
2514	1
2515	0
2516	2
2517	0
2518	3
2519	0
2520	3
2521	2
2522	2
2523	1
2524	3
2525	2
2526	2
2527	2
2528	2
2529	3
2530	2
2531	3
2532	2
2533	3
2534	3
2535	1
2536	2
2537	3
2538	3
2539	3
2540	2
2541	0
2542	2
2543	2
2544	3
2545	3
2546	1
2547	0
2548	0
2549	3
2550	3
2551	0
2552	3
2553	0
2554	3
2555	2
2556	1
2557	3
2558	2
2559	3
2560	0
2561	3
2562	0
2563	0
2564	2
2565	3
2566	2
2567	2
2568	1
2569	2
2570	0
2571	2
2572	2
2573	0
2574	3
2575	0
2576	2
2577	2
2578	0
2579	2
2580	2
2581	2
2582	3
2583	0
2584	3
2585	0
2586	2
2587	0
2588	2
2589	2
2590	2
2591	3
2592	1
2593	1
2594	2
2595	2
2596	3
2597	2
2598	3
2599	3
2600	1
2601	3
2602	3
2603	3
2604	2
2605	0
2606	3
2607	0
2608	3
2609	3
2610	3
2611	0
2612	3
2613	1
2614	0
2615	0
2616	2
2617	0
2618	3
2619	1
2620	2
2621	0
2622	2
2623	3
2624	2
2625	2
2626	2
2627	2
2628	2
2629	3
2630	0
2631	2
2632	3
2633	3
2634	0
2635	2
2636	2
2637	1
2638	3
2639	3
2640	2
2641	2
2642	3
2643	2
2644	2
2645	3
2646	3
2647	2
2648	2
2649	0
2650	3
2651	0
2652	2
2653	3
2654	3
2655	3
2656	3
2657	3
2658	2
2659	3
2660	3
2661	2
2662	1
2663	1
2664	3
2665	3
2666	3
2667	0
2668	3
2669	2
2670	1
2671	0
2672	2
2673	2
2674	3
2675	3
2676	2
2677	0
2678	3
2679	0
2680	1
2681	0
2682	2
2683	0
2684	2
2685	1
2686	2
2687	3
2688	2
2689	1
2690	3
2691	3
2692	2
2693	2
2694	2
2695	1
2696	1
2697	2
2698	0
2699	3
2700	3
2701	2
2702	3
2703	3
2704	2
2705	3
2706	3
2707	0
2708	0
2709	0
2710	3
2711	3
2712	2
2713	0
2714	3
2715	0
2716	2
2717	3
2718	2
2719	3
2720	1
2721	0
2722	0
2723	2
2724	3
2725	0
2726	2
2727	3
2728	0
2729	2
2730	3
2731	2
2732	3
2733	2
2734	3
2735	2
2736	1
2737	3
2738	3
2739	0
2740	1
2741	1
2742	3
2743	2
2744	2
2745	0
2746	3
2747	1
2748	2
2749	3
2750	3
2751	3
2752	3
2753	3
2754	3
2755	3
2756	3
2757	2
2758	0
2759	3
2760	2
2761	2
2762	3
2763	2
2764	2
2765	2
2766	3
2767	3
2768	2
2769	2
2770	3
2771	3
2772	3
2773	1
2774	3
2775	3
2776	0
2777	0
2778	3
2779	2
2780	2
2781	3
2782	2
2783	3
2784	2
2785	1
2786	0
2787	2
2788	3
2789	3
2790	2
2791	2
2792	2
2793	1
2794	3
2795	2
2796	2
2797	2
2798	3
2799	0
2800	3
2801	3
2802	3
2803	3
2804	2
2805	3
2806	2
2807	0
2808	0
2809	0
2810	2
2811	2
2812	2
2813	3
2814	3
2815	3
2816	1
2817	2
2818	2
2819	3
2820	0
2821	3
2822	3
2823	3
2824	1
2825	1
2826	3
2827	2
2828	2
2829	0
2830	0
2831	2
2832	2
2833	2
2834	0
2835	2
2836	2
2837	3
2838	3
2839	2
2840	3
2841	0
2842	2
2843	2
2844	0
2845	3
2846	2
2847	3
2848	2
2849	2
2850	2
2851	1
2852	2
2853	3
2854	0
2855	2
2856	2
2857	2
2858	2
2859	1
2860	2
2861	3
2862	3
2863	2
2864	2
2865	3
2866	0
2867	0
2868	2
2869	0
2870	3
2871	2
2872	3
2873	0
2874	2
2875	2
2876	0
2877	3
2878	2
2879	3
2880	2
2881	0
2882	1
2883	1
2884	2
2885	3
2886	0
2887	2
2888	3
2889	2
2890	3
2891	1
2892	2
2893	0
2894	2
2895	3
2896	3
2897	2
2898	3
2899	2
2900	3
2901	0
2902	0
2903	2
2904	2
2905	3
2906	3
2907	3
2908	0
2909	3
2910	3
2911	3
2912	2
2913	3
2914	0
2915	3
2916	3
2917	3
2918	2
2919	0
2920	3
2921	2
2922	3
2923	2
2924	3
2925	2
2926	1
2927	3
2928	2
2929	3
2930	3
2931	0
2932	3
2933	0
2934	3
2935	2
2936	3
2937	0
2938	3
2939	0
2940	2
2941	3
2942	2
2943	3
2944	0
2945	3
2946	2
2947	3
2948	3
2949	3
2950	2
2951	2
2952	0
2953	2
2954	3
2955	3
2956	3
2957	2
2958	3
2959	2
2960	3
2961	2
2962	0
2963	3
2964	2
2965	2
2966	3
2967	3
2968	2
2969	1
2970	2
2971	2
2972	2
2973	3
2974	2
2975	3
2976	2
2977	3
2978	0
2979	3
2980	3
2981	3
2982	3
2983	3
2984	0
2985	2
2986	3
2987	2
2988	3
2989	0
2990	0
2991	2
2992	2
2993	3
2994	3
2995	0
2996	3
2997	3
2998	3
2999	1
3000	3
3001	0
3002	3
3003	3
3004	2
3005	3
3006	3
3007	2
3008	2
3009	0
3010	2
3011	3
3012	3
3013	3
3014	2
3015	2
3016	0
3017	3
3018	3
3019	2
3020	3
3021	0
3022	0
3023	2
3024	3
3025	0
3026	3
3027	0
3028	2
3029	0
3030	3
3031	0
3032	3
3033	0
3034	2
3035	0
3036	3
3037	3
3038	2
3039	3
3040	2
3041	0
3042	0
3043	1
3044	3
3045	3
3046	2
3047	0
3048	0
3049	2
3050	3
3051	0
3052	3
3053	2
3054	3
3055	2
3056	2
3057	0
3058	2
3059	3
3060	2
3061	2
3062	3
3063	2
3064	2
3065	0
3066	2
3067	0
3068	0
3069	3
3070	2
3071	3
3072	3
3073	0
3074	2
3075	2
3076	2
3077	0
3078	2
3079	2
3080	2
3081	2
3082	3
3083	2
3084	1
3085	1
3086	0
3087	3
3088	0
3089	3
3090	3
3091	0
3092	2
3093	2
3094	3
3095	3
3096	3
3097	1
3098	3
3099	2
3100	3
3101	2
3102	3
3103	3
3104	3
3105	0
3106	0
3107	2
3108	3
3109	3
3110	2
3111	2
3112	2
3113	2
3114	3
3115	3
3116	2
3117	1
3118	0
3119	3
3120	1
3121	2
3122	3
3123	2
3124	2
3125	1
3126	3
3127	3
3128	3
3129	2
3130	2
3131	3
3132	3
3133	3
3134	1
3135	0
3136	2
3137	3
3138	0
3139	2
3140	3
3141	1
3142	1
3143	1
3144	2
3145	3
3146	3
3147	3
3148	3
3149	2
3150	0
3151	1
3152	2
3153	2
3154	3
3155	3
3156	2
3157	3
3158	2
3159	3
3160	3
3161	2
3162	2
3163	2
3164	1
3165	3
3166	3
3167	0
3168	1
3169	0
3170	0
3171	2
3172	1
3173	2
3174	0
3175	2
3176	2
3177	2
3178	3
3179	2
3180	3
3181	2
3182	0
3183	1
3184	2
3185	2
3186	3
3187	0
3188	2
3189	0
3190	3
3191	2
3192	3
3193	2
3194	2
3195	2
3196	3
3197	2
3198	3
3199	2
3200	0
3201	3
3202	2
3203	3
3204	2
3205	0
3206	2
3207	0
3208	3
3209	2
3210	0
3211	2
3212	3
3213	2
3214	3
3215	3
3216	0
3217	3
3218	2
3219	0
3220	2
3221	3
3222	3
3223	3
3224	2
3225	0
3226	3
3227	2
3228	1
3229	2
3230	3
3231	2
3232	0
3233	3
3234	1
3235	2
3236	3
3237	2
3238	0
3239	0
3240	2
3241	2
3242	3
3243	3
3244	2
3245	0
3246	3
3247	1
3248	0
3249	1
3250	0
3251	2
3252	2
3253	2
3254	2
3255	0
3256	3
3257	0
3258	3
3259	2
3260	2
3261	3
3262	3
3263	2
3264	3
3265	3
3266	0
3267	3
3268	0
3269	2
3270	3
3271	2
3272	0
3273	2
3274	2
3275	2
3276	2
3277	1
3278	3
3279	2
3280	0
3281	3
3282	0
3283	3
3284	2
3285	0
3286	2
3287	0
3288	0
3289	0
3290	2
3291	1
3292	3
3293	2
3294	3
3295	3
3296	0
3297	0
3298	2
3299	2
3300	1
3301	3
3302	2
3303	2
3304	2
3305	2
3306	0
3307	3
3308	2
3309	3
3310	3
3311	1
3312	1
3313	1
3314	0
3315	1
3316	3
3317	1
3318	2
3319	3
3320	3
3321	2
3322	1
3323	3
3324	1
3325	2
3326	1
3327	1
3328	3
3329	3
3330	2
3331	2
3332	0
3333	2
3334	2
3335	1
3336	2
3337	0
3338	3
3339	0
3340	2
3341	2
3342	0
3343	2
3344	2
3345	3
3346	3
3347	3
3348	2
3349	2
3350	3
3351	2
3352	3
3353	2
3354	3
3355	2
3356	2
3357	0
3358	2
3359	2
3360	0
3361	3
3362	3
3363	2
3364	3
3365	0
3366	2
3367	2
3368	2
3369	2
3370	3
3371	2
3372	3
3373	2
3374	3
3375	3
3376	2
3377	3
3378	0
3379	2
3380	3
3381	1
3382	3
3383	0
3384	3
3385	0
3386	2
3387	2
3388	3
3389	0
3390	3
3391	3
3392	2
3393	0
3394	3
3395	2
3396	2
3397	0
3398	2
3399	2
3400	1
3401	2
3402	3
3403	2
3404	2
3405	3
3406	2
3407	3
3408	2
3409	0
3410	3
3411	0
3412	2
3413	1
3414	3
3415	0
3416	2
3417	1
3418	3
3419	2
3420	2
3421	1
3422	3
3423	3
3424	2
3425	3
3426	1
3427	2
3428	3
3429	2
3430	1
3431	2
3432	0
3433	2
3434	3
3435	2
3436	1
3437	2
3438	0
3439	3
3440	0
3441	0
3442	2
3443	3
3444	2
3445	0
3446	3
3447	0
3448	2
3449	2
3450	3
3451	2
3452	0
3453	1
3454	3
3455	0
3456	3
3457	0
3458	0
3459	2
3460	3
3461	0
3462	2
3463	3
3464	2
3465	3
3466	2
3467	2
3468	3
3469	0
3470	2
3471	1
3472	0
3473	2
3474	3
3475	2
3476	3
3477	2
3478	3
3479	0
3480	2
3481	0
3482	3
3483	2
3484	2
3485	1
3486	2
3487	0
3488	1
3489	3
3490	2
3491	3
3492	3
3493	0
3494	0
3495	3
3496	2
3497	1
3498	3
3499	2
3500	2
3501	1
3502	0
3503	3
3504	2
3505	0
3506	3
3507	3
3508	3
3509	2
3510	1
3511	0
3512	2
3513	3
3514	2
3515	2
3516	3
3517	0
3518	3
3519	0
3520	1
3521	3
3522	2
3523	3
3524	3
3525	3
3526	2
3527	3
3528	3
3529	3
3530	3
3531	2
3532	0
3533	3
3534	3
3535	3
3536	3
3537	3
3538	2
3539	2
3540	3
3541	1
3542	3
3543	0
3544	3
3545	2
3546	3
3547	3
3548	1
3549	1
3550	3
3551	1
3552	0
3553	2
3554	3
3555	2
3556	2
3557	3
3558	2
3559	0
3560	2
3561	2
3562	3
3563	3
3564	2
3565	0
3566	3
3567	3
3568	2
3569	2
3570	3
3571	2
3572	2
3573	1
3574	2
3575	2
3576	3
3577	0
3578	3
3579	2
3580	3
3581	2
3582	3
3583	3
3584	0
3585	3
3586	1
3587	1
3588	2
3589	3
3590	0
3591	3
3592	3
3593	3
3594	2
3595	1
3596	0
3597	3
3598	3
3599	2
3600	1
3601	0
3602	0
3603	2
3604	2
3605	0
3606	3
3607	2
3608	3
3609	0
3610	0
3611	3
3612	3
3613	0
3614	2
3615	3
3616	0
3617	3
3618	2
3619	3
3620	3
3621	2
3622	1
3623	0
3624	2
3625	2
3626	3
3627	3
3628	2
3629	2
3630	3
3631	2
3632	0
3633	3
3634	3
3635	3
3636	3
3637	2
3638	3
3639	2
3640	3
3641	2
3642	3
3643	3
3644	1
3645	1
3646	2
3647	2
3648	0
3649	3
3650	1
3651	0
3652	3
3653	1
3654	2
3655	3
3656	2
3657	1
3658	2
3659	2
3660	2
3661	2
3662	0
3663	2
3664	3
3665	2
3666	3
3667	3
3668	1
3669	2
3670	3
3671	0
3672	3
3673	2
3674	1
3675	2
3676	1
3677	2
3678	1
3679	0
3680	0
3681	3
3682	3
3683	0
3684	3
3685	2
3686	2
3687	0
3688	2
3689	0
3690	0
3691	0
3692	2
3693	2
3694	0
3695	2
3696	1
3697	3
3698	3
3699	3
3700	2
3701	0
3702	2
3703	3
3704	3
3705	1
3706	2
3707	2
3708	0
3709	2
3710	3
3711	2
3712	1
3713	0
3714	3
3715	2
3716	2
3717	2
3718	3
3719	1
3720	2
3721	0
3722	3
3723	3
3724	2
3725	0
3726	2
3727	3
3728	0
3729	0
3730	2
3731	3
3732	2
3733	0
3734	2
3735	1
3736	2
3737	2
3738	3
3739	1
3740	2
3741	3
3742	3
3743	2
3744	0
3745	3
3746	0
3747	0
3748	3
3749	2
3750	2
3751	2
3752	3
3753	1
3754	3
3755	1
3756	0
3757	2
3758	3
3759	3
3760	1
3761	2
3762	3
3763	3
3764	0
3765	2
3766	2
3767	3
3768	2
3769	3
3770	2
3771	2
3772	1
3773	2
3774	3
3775	0
3776	3
3777	0
3778	2
3779	3
3780	2
3781	2
3782	2
3783	2
3784	2
3785	0
3786	0
3787	0
3788	0
3789	0
3790	1
3791	2
3792	2
3793	1
3794	3
3795	3
3796	2
3797	0
3798	1
3799	1
3800	2
3801	2
3802	2
3803	2
3804	3
3805	2
3806	3
3807	2
3808	3
3809	1
3810	2
3811	3
3812	2
3813	3
3814	3
3815	0
3816	2
3817	2
3818	3
3819	0
3820	2
3821	0
3822	0
3823	3
3824	2
3825	1
3826	3
3827	3
3828	2
3829	2
3830	0
3831	0
3832	3
3833	2
3834	2
3835	2
3836	0
3837	2
3838	3
3839	2
3840	1
3841	3
3842	2
3843	3
3844	3
3845	2
3846	2
3847	0
3848	2
3849	2
3850	2
3851	2
3852	3
3853	2
3854	0
3855	0
3856	3
3857	3
3858	3
3859	3
3860	2
3861	2
3862	2
3863	2
3864	3
3865	2
3866	0
3867	2
3868	2
3869	2
3870	3
3871	3
3872	1
3873	2
3874	2
3875	1
3876	3
3877	3
3878	0
3879	0
3880	1
3881	2
3882	3
3883	0
3884	3
3885	2
3886	3
3887	3
3888	2
3889	2
3890	3
3891	3
3892	1
3893	2
3894	3
3895	0
3896	3
3897	2
3898	1
3899	2
3900	1
3901	3
3902	2
3903	1
3904	2
3905	3
3906	0
3907	3
3908	0
3909	2
3910	0
3911	0
3912	1
3913	2
3914	3
3915	1
3916	0
3917	2
3918	2
3919	2
3920	2
3921	2
3922	3
3923	3
3924	2
3925	0
3926	3
3927	0
3928	2
3929	0
3930	2
3931	0
3932	1
3933	2
3934	3
3935	1
3936	0
3937	0
3938	2
3939	3
3940	2
3941	2
3942	0
3943	3
3944	2
3945	1
3946	2
3947	3
3948	2
3949	1
3950	0
3951	2
3952	3
3953	0
3954	3
3955	0
3956	3
3957	2
3958	2
3959	0
3960	3
3961	0
3962	2
3963	3
3964	2
3965	2
3966	2
3967	2
3968	1
3969	2
3970	1
3971	3
3972	3
3973	2
3974	2
3975	3
3976	0
3977	2
3978	3
3979	2
3980	2
3981	2
3982	0
3983	2
3984	0
3985	2
3986	0
3987	3
3988	2
3989	1
3990	3
3991	3
3992	3
3993	2
3994	3
3995	1
3996	2
3997	2
3998	3
3999	2
4000	0
4001	3
4002	0
4003	2
4004	3
4005	2
4006	2
4007	3
4008	2
4009	2
4010	2
4011	1
4012	2
4013	2
4014	3
4015	3
4016	1
4017	2
4018	3
4019	3
4020	3
4021	1
4022	3
4023	3
4024	3
4025	2
4026	2
4027	1
4028	0
4029	2
4030	2
4031	3
4032	3
4033	3
4034	3
4035	3
4036	2
4037	2
4038	0
4039	0
4040	0
4041	2
4042	2
4043	2
4044	3
4045	0
4046	0
4047	3
4048	2
4049	3
4050	0
4051	2
4052	2
4053	3
4054	2
4055	2
4056	2
4057	2
4058	2
4059	2
4060	2
4061	2
4062	0
4063	3
4064	3
4065	2
4066	0
4067	3
4068	2
4069	3
4070	2
4071	3
4072	2
4073	2
4074	0
4075	3
4076	3
4077	0
4078	3
4079	2
4080	3
4081	3
4082	3
4083	3
4084	2
4085	2
4086	3
4087	2
4088	0
4089	2
4090	1
4091	2
4092	2
4093	1
4094	3
4095	3
4096	1
4097	2
4098	1
4099	1
4100	3
4101	2
4102	2
4103	0
4104	0
4105	2
4106	2
4107	2
4108	2
4109	2
4110	0
4111	1
4112	2
4113	3
4114	1
4115	3
4116	2
4117	2
4118	2
4119	3
4120	2
4121	0
4122	2
4123	3
4124	2
4125	3
4126	0
4127	0
4128	1
4129	0
4130	0
4131	1
4132	2
4133	3
4134	1
4135	0
4136	3
4137	0
4138	2
4139	1
4140	2
4141	3
4142	3
4143	3
4144	3
4145	3
4146	0
4147	2
4148	2
4149	3
4150	1
4151	2
4152	2
4153	0
4154	2
4155	3
4156	2
4157	0
4158	2
4159	1
4160	2
4161	2
4162	2
4163	2
4164	2
4165	2
4166	3
4167	2
4168	3
4169	3
4170	2
4171	3
4172	2
4173	0
4174	3
4175	3
4176	3
4177	2
4178	0
4179	2
4180	3
4181	2
4182	2
4183	1
4184	2
4185	0
4186	2
4187	2
4188	2
4189	3
4190	2
4191	2
4192	0
4193	2
4194	0
4195	2
4196	2
4197	3
4198	0
4199	3
4200	2
4201	2
4202	0
4203	0
4204	2
4205	2
4206	2
4207	3
4208	3
4209	3
4210	3
4211	1
4212	2
4213	2
4214	2
4215	2
4216	2
4217	2
4218	2
4219	2
4220	1
4221	3
4222	1
4223	0
4224	0
4225	0
4226	0
4227	1
4228	2
4229	2
4230	2
4231	3
4232	0
4233	3
4234	2
4235	2
4236	2
4237	0
4238	3
4239	3
4240	3
4241	3
4242	1
4243	3
4244	3
4245	3
4246	2
4247	0
4248	2
4249	0
4250	1
4251	2
4252	2
4253	1
4254	3
4255	3
4256	0
4257	0
4258	0
4259	3
4260	2
4261	2
4262	2
4263	3
4264	3
4265	3
4266	2
4267	3
4268	1
4269	2
4270	0
4271	0
4272	1
4273	2
4274	2
4275	0
4276	2
4277	3
4278	2
4279	2
4280	1
4281	0
4282	2
4283	2
4284	2
4285	3
4286	2
4287	2
4288	2
4289	3
4290	2
4291	2
4292	2
4293	3
4294	1
4295	3
4296	3
4297	2
4298	0
4299	2
4300	2
4301	2
4302	2
4303	3
4304	3
4305	3
4306	2
4307	2
4308	2
4309	2
4310	2
4311	3
4312	0
4313	3
4314	1
4315	2
4316	3
4317	3
4318	2
4319	0
4320	2
4321	3
4322	0
4323	2
4324	2
4325	0
4326	0
4327	2
4328	2
4329	3
4330	3
4331	2
4332	2
4333	2
4334	0
4335	3
4336	3
4337	2
4338	2
4339	1
4340	3
4341	1
4342	0
4343	2
4344	2
4345	0
4346	2
4347	3
4348	2
4349	3
4350	2
4351	0
4352	0
4353	3
4354	3
4355	1
4356	2
4357	0
4358	2
4359	2
4360	0
4361	3
4362	3
4363	0
4364	2
4365	2
4366	2
4367	1
4368	0
4369	1
4370	3
4371	2
4372	0
4373	1
4374	1
4375	3
4376	1
4377	0
4378	1
4379	0
4380	0
4381	0
4382	3
4383	0
4384	0
4385	3
4386	2
4387	3
4388	2
4389	0
4390	2
4391	2
4392	0
4393	2
4394	3
4395	0
4396	2
4397	0
4398	3
4399	3
4400	0
4401	2
4402	3
4403	2
4404	0
4405	2
4406	2
4407	3
4408	2
4409	0
4410	2
4411	3
4412	3
4413	2
4414	2
4415	3
4416	3
4417	2
4418	0
4419	2
4420	2
4421	1
4422	2
4423	3
4424	2
4425	3
4426	0
4427	3
4428	1
4429	0
4430	2
4431	2
4432	3
4433	3
4434	2
4435	0
4436	2
4437	2
4438	2
4439	0
4440	2
4441	0
4442	1
4443	2
4444	0
4445	2
4446	2
4447	3
4448	2
4449	3
4450	0
4451	1
4452	3
4453	3
4454	3
4455	2
4456	3
4457	3
4458	3
4459	2
4460	0
4461	2
4462	3
4463	0
4464	2
4465	3
4466	0
4467	0
4468	2
4469	2
4470	2
4471	3
4472	3
4473	3
4474	2
4475	1
4476	2
4477	3
4478	2
4479	2
4480	0
4481	2
4482	2
4483	0
4484	2
4485	0
4486	0
4487	1
4488	3
4489	3
4490	3
4491	0
4492	2
4493	2
4494	3
4495	3
4496	1
4497	2
4498	3
4499	0
4500	0
4501	1
4502	2
4503	3
4504	2
4505	1
4506	2
4507	2
4508	2
4509	0
4510	2
4511	0
4512	2
4513	1
4514	2
4515	0
4516	2
4517	0
4518	0
4519	2
4520	2
4521	2
4522	2
4523	3
4524	2
4525	3
4526	3
4527	3
4528	2
4529	0
4530	3
4531	3
4532	0
4533	0
4534	2
4535	0
4536	3
4537	0
4538	2
4539	2
4540	2
4541	3
4542	2
4543	0
4544	2
4545	0
4546	2
4547	1
4548	2
4549	1
4550	2
4551	3
4552	0
4553	2
4554	2
4555	2
4556	3
4557	0
4558	3
4559	3
4560	2
4561	0
4562	1
4563	2
4564	2
4565	2
4566	1
4567	0
4568	2
4569	0
4570	2
4571	2
4572	2
4573	3
4574	2
4575	0
4576	0
4577	0
4578	1
4579	0
4580	3
4581	2
4582	0
4583	3
4584	3
4585	2
4586	0
4587	2
4588	2
4589	1
4590	2
4591	2
4592	2
4593	0
4594	1
4595	1
4596	2
4597	3
4598	2
4599	0
4600	0
4601	0
4602	3
4603	2
4604	3
4605	3
4606	1
4607	0
4608	3
4609	0
4610	3
4611	3
4612	2
4613	0
4614	3
4615	2
4616	3
4617	3
4618	1
4619	3
4620	2
4621	0
4622	2
4623	3
4624	3
4625	1
4626	3
4627	3
4628	2
4629	0
4630	2
4631	0
4632	2
4633	2
4634	3
4635	0
4636	2
4637	0
4638	3
4639	0
4640	3
4641	0
4642	1
4643	2
4644	3
4645	0
4646	2
4647	3
4648	2
4649	3
4650	3
4651	3
4652	0
4653	0
4654	0
4655	2
4656	2
4657	3
4658	3
4659	0
4660	2
4661	0
4662	2
4663	0
4664	3
4665	0
4666	2
4667	0
4668	2
4669	3
4670	3
4671	3
4672	3
4673	3
4674	1
4675	2
4676	3
4677	1
4678	2
4679	2
4680	3
4681	0
4682	2
4683	2
4684	1
4685	0
4686	2
4687	0
4688	2
4689	3
4690	3
4691	3
4692	2
4693	2
4694	1
4695	2
4696	2
4697	2
4698	2
4699	3
4700	3
4701	2
4702	3
4703	2
4704	3
4705	0
4706	0
4707	1
4708	2
4709	2
4710	0
4711	2
4712	0
4713	2
4714	3
4715	0
4716	0
4717	3
4718	3
4719	1
4720	2
4721	3
4722	3
4723	0
4724	2
4725	3
4726	2
4727	3
4728	2
4729	1
4730	2
4731	0
4732	2
4733	0
4734	2
4735	0
4736	1
4737	3
4738	1
4739	3
4740	2
4741	2
4742	3
4743	2
4744	1
4745	3
4746	0
4747	3
4748	2
4749	0
4750	2
4751	3
4752	0
4753	2
4754	3
4755	2
4756	3
4757	1
4758	3
4759	2
4760	3
4761	0
4762	2
4763	0
4764	2
4765	0
4766	1
4767	0
4768	3
4769	3
4770	2
4771	3
4772	2
4773	2
4774	0
4775	3
4776	3
4777	3
4778	3
4779	3
4780	0
4781	2
4782	0
4783	1
4784	2
4785	2
4786	3
4787	3
4788	2
4789	2
4790	2
4791	3
4792	2
4793	1
4794	2
4795	2
4796	2
4797	0
4798	3
4799	1
4800	0
4801	0
4802	0
4803	1
4804	2
4805	2
4806	3
4807	3
4808	2
4809	2
4810	2
4811	0
4812	0
4813	0
4814	0
4815	3
4816	3
4817	3
4818	2
4819	1
4820	3
4821	2
4822	2
4823	2
4824	2
4825	3
4826	2
4827	0
4828	0
4829	3
4830	2
4831	0
4832	0
4833	0
4834	0
4835	2
4836	3
4837	2
4838	2
4839	3
4840	2
4841	0
4842	0
4843	3
4844	0
4845	1
4846	2
4847	3
4848	2
4849	2
4850	0
4851	0
4852	2
4853	0
4854	1
4855	3
4856	3
4857	3
4858	2
4859	0
4860	3
4861	3
4862	3
4863	1
4864	0
4865	3
4866	0
4867	0
4868	3
4869	0
4870	1
4871	2
4872	3
4873	0
4874	3
4875	3
4876	2
4877	0
4878	0
4879	0
4880	3
4881	2
4882	2
4883	2
4884	3
4885	2
4886	3
4887	1
4888	1
4889	0
4890	2
4891	3
4892	1
4893	3
4894	2
4895	2
4896	0
4897	3
4898	0
4899	3
4900	3
4901	3
4902	2
4903	3
4904	3
4905	2
4906	1
4907	2
4908	0
4909	0
4910	3
4911	1
4912	0
4913	0
4914	0
4915	2
4916	2
4917	0
4918	2
4919	0
4920	2
4921	2
4922	3
4923	2
4924	2
4925	2
4926	3
4927	2
4928	2
4929	3
4930	0
4931	0
4932	3
4933	2
4934	2
4935	3
4936	2
4937	0
4938	3
4939	3
4940	1
4941	0
4942	2
4943	3
4944	2
4945	3
4946	2
4947	3
4948	2
4949	3
4950	2
4951	2
4952	3
4953	2
4954	2
4955	2
4956	2
4957	1
4958	2
4959	2
4960	0
4961	0
4962	0
4963	3
4964	0
4965	2
4966	0
4967	3
4968	3
4969	2
4970	2
4971	2
4972	2
4973	0
4974	3
4975	3
4976	2
4977	3
4978	1
4979	2
4980	2
4981	2
4982	2
4983	3
4984	2
4985	2
4986	3
4987	2
4988	0
4989	2
4990	3
4991	0
4992	2
4993	3
4994	0
4995	1
4996	3
4997	2
4998	2
4999	3
5000	2
5001	3
5002	3
5003	0
5004	2
5005	0
5006	0
5007	3
5008	3
5009	2
5010	1
5011	3
5012	1
5013	2
5014	2
5015	0
5016	2
5017	0
5018	2
5019	2
5020	0
5021	3
5022	3
5023	1
5024	0
5025	2
5026	0
5027	2
5028	2
5029	2
5030	0
5031	3
5032	3
5033	2
5034	2
5035	1
5036	3
5037	2
5038	1
5039	3
5040	3
5041	3
5042	2
5043	0
5044	0
5045	1
5046	2
5047	2
5048	3
5049	0
5050	2
5051	2
5052	3
5053	2
5054	2
5055	0
5056	2
5057	2
5058	0
5059	3
5060	2
5061	2
5062	2
5063	3
5064	3
5065	2
5066	0
5067	2
5068	3
5069	3
5070	3
5071	2
5072	3
5073	2
5074	3
5075	2
5076	2
5077	2
5078	2
5079	2
5080	1
5081	2
5082	2
5083	2
5084	3
5085	3
5086	2
5087	0
5088	2
5089	1
5090	0
5091	3
5092	2
5093	0
5094	2
5095	1
5096	3
5097	2
5098	3
5099	1
5100	2
5101	3
5102	2
5103	3
5104	3
5105	3
5106	3
5107	0
5108	2
5109	2
5110	2
5111	2
5112	2
5113	2
5114	1
5115	2
5116	3
5117	3
5118	3
5119	0
5120	2
5121	1
5122	0
5123	1
5124	2
5125	2
5126	0
5127	3
5128	1
5129	3
5130	0
5131	2
5132	2
5133	3
5134	2
5135	0
5136	3
5137	2
5138	1
5139	3
5140	3
5141	0
5142	2
5143	2
5144	3
5145	0
5146	3
5147	3
5148	3
5149	3
5150	0
5151	2
5152	2
5153	3
5154	0
5155	2
5156	3
5157	2
5158	2
5159	0
5160	2
5161	2
5162	2
5163	3
5164	2
5165	0
5166	0
5167	3
5168	0
5169	2
5170	2
5171	3
5172	3
5173	3
5174	2
5175	2
5176	3
5177	2
5178	2
5179	3
5180	3
5181	2
5182	2
5183	0
5184	2
5185	1
5186	1
5187	0
5188	3
5189	1
5190	3
5191	3
5192	3
5193	3
5194	2
5195	3
5196	3
5197	2
5198	2
5199	2
5200	3
5201	3
5202	2
5203	3
5204	2
5205	2
5206	2
5207	2
5208	2
5209	0
5210	1
5211	3
5212	2
5213	2
5214	2
5215	0
5216	3
5217	3
5218	0
5219	2
5220	3
5221	2
5222	3
5223	2
5224	2
5225	3
5226	3
5227	1
5228	3
5229	2
5230	2
5231	2
5232	0
5233	2
5234	2
5235	0
5236	3
5237	0
5238	3
5239	2
5240	2
5241	0
5242	2
5243	3
5244	3
5245	2
5246	0
5247	2
5248	2
5249	3
5250	2
5251	1
5252	2
5253	3
5254	3
5255	1
5256	1
5257	1
5258	2
5259	0
5260	2
5261	0
5262	1
5263	0
5264	3
5265	3
5266	0
5267	0
5268	2
5269	0
5270	2
5271	1
5272	2
5273	0
5274	1
5275	3
5276	3
5277	2
5278	3
5279	0
5280	0
5281	0
5282	2
5283	0
5284	2
5285	2
5286	2
5287	1
5288	2
5289	2
5290	1
5291	0
5292	3
5293	0
5294	0
5295	3
5296	3
5297	2
5298	3
5299	0
5300	2
5301	3
5302	2
5303	1
5304	2
5305	0
5306	0
5307	3
5308	3
5309	2
5310	2
5311	0
5312	2
5313	3
5314	0
5315	3
5316	2
5317	2
5318	2
5319	3
5320	2
5321	2
5322	2
5323	1
5324	3
5325	1
5326	1
5327	0
5328	2
5329	2
5330	0
5331	0
5332	3
5333	1
5334	2
5335	2
5336	2
5337	3
5338	1
5339	2
5340	2
5341	3
5342	3
5343	2
5344	0
5345	0
5346	1
5347	3
5348	2
5349	2
5350	2
5351	1
5352	0
5353	2
5354	1
5355	3
5356	2
5357	2
5358	2
5359	3
5360	2
5361	0
5362	0
5363	0
5364	2
5365	0
5366	2
5367	2
5368	2
5369	3
5370	3
5371	2
5372	3
5373	2
5374	2
5375	0
5376	2
5377	3
5378	0
5379	0
5380	2
5381	1
5382	0
5383	1
5384	2
5385	3
5386	2
5387	3
5388	0
5389	1
5390	2
5391	3
5392	2
5393	2
5394	2
5395	2
5396	3
5397	3
5398	3
5399	1
5400	3
5401	0
5402	2
5403	3
5404	2
5405	3
5406	2
5407	0
5408	2
5409	3
5410	0
5411	0
5412	3
5413	3
5414	3
5415	3
5416	2
5417	2
5418	2
5419	3
5420	2
5421	3
5422	0
5423	3
5424	2
5425	0
5426	1
5427	1
5428	1
5429	2
5430	2
5431	2
5432	3
5433	2
5434	2
5435	3
5436	3
5437	2
5438	1
5439	3
5440	2
5441	3
5442	0
5443	3
5444	2
5445	2
5446	0
5447	3
5448	2
5449	3
5450	2
5451	3
5452	3
5453	3
5454	2
5455	3
5456	2
5457	2
5458	2
5459	0
5460	3
5461	2
5462	2
5463	2
5464	0
5465	3
5466	2
5467	1
5468	2
5469	2
5470	2
5471	2
5472	2
5473	3
5474	0
5475	0
5476	2
5477	2
5478	3
5479	3
5480	3
5481	2
5482	2
5483	3
5484	3
5485	3
5486	2
5487	3
5488	3
5489	0
5490	0
5491	2
5492	3
5493	3
5494	2
5495	3
5496	3
5497	3
5498	3
5499	2
5500	3
5501	0
5502	2
5503	2
5504	0
5505	2
5506	3
5507	3
5508	2
5509	2
5510	0
5511	3
5512	2
5513	2
5514	2
5515	3
5516	3
5517	2
5518	1
5519	0
5520	3
5521	2
5522	2
5523	2
5524	3
5525	3
5526	2
5527	0
5528	2
5529	2
5530	3
5531	3
5532	3
5533	0
5534	0
5535	1
5536	0
5537	0
5538	3
5539	0
5540	3
5541	1
5542	1
5543	3
5544	0
5545	3
5546	3
5547	3
5548	2
5549	3
5550	1
5551	2
5552	2
5553	2
5554	0
5555	2
5556	3
5557	3
5558	2
5559	2
5560	2
5561	0
5562	2
5563	3
5564	3
5565	2
5566	2
5567	2
5568	0
5569	2
5570	0
5571	0
5572	1
5573	2
5574	2
5575	3
5576	2
5577	1
5578	3
5579	3
5580	2
5581	2
5582	2
5583	0
5584	2
5585	2
5586	2
5587	3
5588	2
5589	0
5590	2
5591	1
5592	2
5593	3
5594	3
5595	3
5596	1
5597	0
5598	3
5599	0
5600	2
5601	2
5602	0
5603	0
5604	2
5605	1
5606	2
5607	1
5608	2
5609	2
5610	1
5611	3
5612	2
5613	2
5614	2
5615	0
5616	2
5617	1
5618	1
5619	2
5620	2
5621	0
5622	2
5623	2
5624	2
5625	1
5626	3
5627	2
5628	2
5629	2
5630	1
5631	0
5632	3
5633	0
5634	0
5635	0
5636	2
5637	2
5638	2
5639	2
5640	3
5641	3
5642	1
5643	3
5644	0
5645	3
5646	2
5647	0
5648	3
5649	1
5650	3
5651	3
5652	2
5653	0
5654	1
5655	2
5656	0
5657	2
5658	2
5659	2
5660	3
5661	2
5662	0
5663	2
5664	3
5665	0
5666	1
5667	0
5668	3
5669	2
5670	2
5671	1
5672	2
5673	2
5674	1
5675	3
5676	2
5677	2
5678	1
5679	3
5680	3
5681	1
5682	1
5683	0
5684	2
5685	2
5686	2
5687	3
5688	0
5689	2
5690	3
5691	2
5692	3
5693	3
5694	1
5695	2
5696	3
5697	0
5698	0
5699	2
5700	3
5701	2
5702	2
5703	2
5704	3
5705	3
5706	3
5707	3
5708	2
5709	0
5710	2
5711	3
5712	3
5713	3
5714	1
5715	2
5716	3
5717	0
5718	2
5719	2
5720	2
5721	2
5722	2
5723	2
5724	3
5725	3
5726	2
5727	2
5728	3
5729	2
5730	0
5731	0
5732	2
5733	2
5734	3
5735	2
5736	2
5737	3
5738	2
5739	2
5740	2
5741	2
5742	2
5743	0
5744	3
5745	2
5746	0
5747	2
5748	3
5749	2
5750	3
5751	2
5752	0
5753	2
5754	2
5755	1
5756	3
5757	3
5758	1
5759	2
5760	2
5761	3
5762	0
5763	1
5764	3
5765	0
5766	2
5767	2
5768	0
5769	3
5770	0
5771	3
5772	2
5773	2
5774	0
5775	0
5776	0
5777	2
5778	3
5779	0
5780	3
5781	2
5782	0
5783	0
5784	0
5785	3
5786	2
5787	3
5788	2
5789	3
5790	2
5791	0
5792	3
5793	2
5794	0
5795	0
5796	0
5797	2
5798	2
5799	3
5800	0
5801	3
5802	3
5803	3
5804	0
5805	3
5806	3
5807	2
5808	0
5809	3
5810	0
5811	3
5812	2
5813	1
5814	2
5815	3
5816	0
5817	3
5818	2
5819	2
5820	3
5821	3
5822	2
5823	0
5824	3
5825	2
5826	0
5827	0
5828	2
5829	2
5830	1
5831	2
5832	2
5833	1
5834	2
5835	3
5836	2
5837	3
5838	1
5839	0
5840	3
5841	3
5842	0
5843	3
5844	2
5845	3
5846	3
5847	3
5848	1
5849	2
5850	0
5851	1
5852	2
5853	2
5854	1
5855	1
5856	2
5857	1
5858	0
5859	0
5860	2
5861	1
5862	2
5863	2
5864	2
5865	3
5866	0
5867	3
5868	3
5869	2
5870	3
5871	0
5872	2
5873	1
5874	0
5875	0
5876	2
5877	0
5878	2
5879	1
5880	2
5881	3
5882	3
5883	2
5884	1
5885	1
5886	2
5887	2
5888	1
5889	2
5890	0
5891	0
5892	2
5893	3
5894	3
5895	2
5896	1
5897	2
5898	2
5899	3
5900	2
5901	2
5902	2
5903	3
5904	3
5905	3
5906	0
5907	0
5908	2
5909	2
5910	2
5911	2
5912	2
5913	3
5914	2
5915	3
5916	3
5917	3
5918	3
5919	1
5920	1
5921	2
5922	2
5923	3
5924	2
5925	2
5926	2
5927	2
5928	2
5929	2
5930	2
5931	3
5932	2
5933	3
5934	2
5935	3
5936	1
5937	3
5938	2
5939	0
5940	2
5941	1
5942	2
5943	2
5944	1
5945	2
5946	2
5947	2
5948	3
5949	3
5950	2
5951	3
5952	0
5953	2
5954	0
5955	0
5956	3
5957	1
5958	2
5959	2
5960	2
5961	3
5962	3
5963	3
5964	3
5965	3
5966	2
5967	2
5968	2
5969	1
5970	2
5971	0
5972	3
5973	0
5974	2
5975	3
5976	2
5977	0
5978	2
5979	2
5980	3
5981	3
5982	2
5983	2
5984	0
5985	0
5986	1
5987	0
5988	2
5989	2
5990	3
5991	2
5992	0
5993	2
5994	2
5995	2
5996	2
5997	3
5998	2
5999	3
6000	2
6001	2
6002	0
6003	0
6004	3
6005	2
6006	3
6007	1
6008	2
6009	1
6010	2
6011	2
6012	2
6013	3
6014	3
6015	0
6016	2
6017	2
6018	0
6019	2
6020	2
6021	2
6022	2
6023	0
6024	2
6025	2
6026	2
6027	3
6028	0
6029	2
6030	2
6031	1
6032	3
6033	3
6034	2
6035	1
6036	2
6037	2
6038	0
6039	1
6040	3
6041	3
6042	2
6043	3
6044	2
6045	3
6046	0
6047	0
6048	1
6049	2
6050	0
6051	3
6052	3
6053	2
6054	2
6055	3
6056	1
6057	2
6058	0
6059	0
6060	2
6061	3
6062	3
6063	1
6064	0
6065	3
6066	3
6067	1
6068	2
6069	2
6070	1
6071	2
6072	0
6073	1
6074	0
6075	0
6076	3
6077	3
6078	3
6079	0
6080	3
6081	2
6082	0
6083	2
6084	3
6085	2
6086	3
6087	2
6088	2
6089	2
6090	1
6091	2
6092	1
6093	3
6094	1
6095	0
6096	3
6097	3
6098	1
6099	0
6100	2
6101	3
6102	2
6103	3
6104	2
6105	2
6106	3
6107	2
6108	3
6109	2
6110	0
6111	1
6112	3
6113	2
6114	0
6115	1
6116	3
6117	2
6118	2
6119	3
6120	0
6121	2
6122	3
6123	3
6124	1
6125	0
6126	3
6127	0
6128	3
6129	2
6130	2
6131	2
6132	2
6133	0
6134	3
6135	1
6136	2
6137	2
6138	3
6139	2
6140	0
6141	3
6142	0
6143	0
6144	3
6145	3
6146	2
6147	3
6148	2
6149	0
6150	2
6151	2
6152	0
6153	2
6154	3
6155	2
6156	0
6157	2
6158	2
6159	2
6160	0
6161	2
6162	0
6163	0
6164	1
6165	3
6166	2
6167	2
6168	3
6169	2
6170	2
6171	2
6172	2
6173	0
6174	2
6175	2
6176	3
6177	3
6178	0
6179	3
6180	3
6181	2
6182	0
6183	1
6184	0
6185	2
6186	2
6187	2
6188	0
6189	1
6190	0
6191	3
6192	3
6193	2
6194	1
6195	2
6196	1
6197	1
6198	3
6199	2
6200	3
6201	1
6202	3
6203	2
6204	2
6205	2
6206	2
6207	2
6208	3
6209	3
6210	3
6211	2
6212	3
6213	2
6214	2
6215	1
6216	2
6217	2
6218	3
6219	2
6220	0
6221	0
6222	0
6223	3
6224	1
6225	3
6226	2
6227	0
6228	3
6229	3
6230	1
6231	2
6232	3
6233	3
6234	2
6235	1
6236	0
6237	1
6238	2
6239	1
6240	3
6241	3
6242	0
6243	0
6244	2
6245	2
6246	3
6247	2
6248	2
6249	0
6250	2
6251	2
6252	0
6253	2
6254	0
6255	3
6256	3
6257	2
6258	2
6259	3
6260	0
6261	3
6262	1
6263	1
6264	2
6265	0
6266	2
6267	0
6268	3
6269	2
6270	2
6271	0
6272	2
6273	3
6274	2
6275	3
6276	2
6277	2
6278	2
6279	2
6280	3
6281	2
6282	2
6283	0
6284	0
6285	3
6286	0
6287	0
6288	0
6289	2
6290	0
6291	0
6292	3
6293	2
6294	2
6295	2
6296	2
6297	3
6298	2
6299	0
6300	2
6301	3
6302	1
6303	2
6304	2
6305	2
6306	2
6307	1
6308	2
6309	3
6310	3
6311	2
6312	3
6313	2
6314	2
6315	0
6316	0
6317	0
6318	0
6319	0
6320	3
6321	2
6322	1
6323	2
6324	2
6325	0
6326	1
6327	2
6328	3
6329	1
6330	3
6331	2
6332	3
6333	3
6334	0
6335	2
6336	2
6337	1
6338	0
6339	3
6340	1
6341	2
6342	2
6343	3
6344	1
6345	0
6346	0
6347	0
6348	2
6349	3
6350	1
6351	3
6352	0
6353	2
6354	2
6355	0
6356	2
6357	1
6358	3
6359	0
6360	3
6361	0
6362	2
6363	3
6364	3
6365	2
6366	0
6367	2
6368	2
6369	2
6370	0
6371	3
6372	3
6373	0
6374	2
6375	0
6376	2
6377	1
6378	3
6379	2
6380	0
6381	3
6382	1
6383	3
6384	3
6385	2
6386	1
6387	3
6388	2
6389	2
6390	2
6391	2
6392	3
6393	2
6394	2
6395	0
6396	1
6397	2
6398	2
6399	2
6400	2
6401	0
6402	1
6403	2
6404	2
6405	0
6406	3
6407	0
6408	2
6409	3
6410	1
6411	0
6412	3
6413	1
6414	2
6415	3
6416	2
6417	3
6418	1
6419	0
6420	2
6421	0
6422	2
6423	2
6424	3
6425	3
6426	2
6427	2
6428	2
6429	1
6430	0
6431	1
6432	2
6433	1
6434	2
6435	2
6436	2
6437	2
6438	3
6439	2
6440	2
6441	1
6442	3
6443	0
6444	3
6445	2
6446	0
6447	2
6448	0
6449	2
6450	2
6451	3
6452	2
6453	2
6454	0
6455	1
6456	2
6457	3
6458	0
6459	2
6460	3
6461	2
6462	2
6463	1
6464	2
6465	2
6466	2
6467	2
6468	3
6469	2
6470	3
6471	1
6472	2
6473	2
6474	3
6475	1
6476	3
6477	0
6478	0
6479	3
6480	2
6481	2
6482	2
6483	3
6484	2
6485	3
6486	2
6487	0
6488	1
6489	1
6490	2
6491	3
6492	2
6493	0
6494	3
6495	2
6496	2
6497	3
6498	2
6499	0
6500	0
6501	3
6502	1
6503	2
6504	1
6505	2
6506	3
6507	2
6508	3
6509	1
6510	3
6511	3
6512	2
6513	2
6514	2
6515	2
6516	0
6517	3
6518	1
6519	3
6520	3
6521	3
6522	2
6523	3
6524	0
6525	2
6526	3
6527	2
6528	1
6529	0
6530	2
6531	2
6532	2
6533	2
6534	2
6535	3
6536	2
6537	2
6538	2
6539	2
6540	2
6541	3
6542	2
6543	2
6544	3
6545	2
6546	0
6547	3
6548	2
6549	0
6550	2
6551	2
6552	3
6553	3
6554	0
6555	0
6556	1
6557	3
6558	0
6559	1
6560	2
6561	3
6562	2
6563	3
6564	3
6565	2
6566	3
6567	2
6568	0
6569	3
6570	0
6571	2
6572	0
6573	2
6574	3
6575	3
6576	2
6577	2
6578	2
6579	3
6580	2
6581	0
6582	2
6583	2
6584	2
6585	3
6586	3
6587	0
6588	3
6589	3
6590	0
6591	0
6592	2
6593	2
6594	2
6595	3
6596	2
6597	3
6598	2
6599	0
6600	0
6601	2
6602	2
6603	2
6604	1
6605	0
6606	0
6607	3
6608	0
6609	3
6610	2
6611	2
6612	2
6613	2
6614	2
6615	0
6616	0
6617	2
6618	2
6619	2
6620	2
6621	3
6622	0
6623	0
6624	2
6625	1
6626	1
6627	3
6628	2
6629	2
6630	3
6631	1
6632	1
6633	2
6634	0
6635	2
6636	0
6637	1
6638	0
6639	3
6640	3
6641	2
6642	0
6643	0
6644	2
6645	2
6646	2
6647	2
6648	0
6649	3
6650	3
6651	2
6652	2
6653	0
6654	0
6655	3
6656	2
6657	3
6658	0
6659	3
6660	3
6661	2
6662	2
6663	3
6664	0
6665	2
6666	3
6667	0
6668	1
6669	0
6670	0
6671	3
6672	3
6673	2
6674	0
6675	3
6676	3
6677	0
6678	1
6679	3
6680	2
6681	1
6682	3
6683	2
6684	3
6685	0
6686	2
6687	0
6688	2
6689	1
6690	3
6691	3
6692	3
6693	1
6694	3
6695	3
6696	1
6697	3
6698	3
6699	2
6700	2
6701	2
6702	0
6703	2
6704	3
6705	2
6706	0
6707	3
6708	0
6709	1
6710	0
6711	2
6712	2
6713	0
6714	2
6715	2
6716	0
6717	0
6718	2
6719	0
6720	2
6721	0
6722	3
6723	3
6724	2
6725	3
6726	2
6727	3
6728	1
6729	0
6730	2
6731	3
6732	2
6733	0
6734	3
6735	3
6736	3
6737	1
6738	2
6739	3
6740	2
6741	3
6742	3
6743	0
6744	3
6745	0
6746	2
6747	2
6748	3
6749	0
6750	2
6751	0
6752	2
6753	0
6754	2
6755	1
6756	3
6757	0
6758	2
6759	3
6760	2
6761	1
6762	2
6763	0
6764	2
6765	1
6766	0
6767	2
6768	0
6769	1
6770	2
6771	1
6772	2
6773	2
6774	3
6775	2
6776	2
6777	0
6778	2
6779	1
6780	2
6781	0
6782	2
6783	2
6784	3
6785	3
6786	2
6787	2
6788	1
6789	3
6790	2
6791	3
6792	0
6793	3
6794	3
6795	3
6796	2
6797	0
6798	1
6799	0
6800	3
6801	2
6802	3
6803	1
6804	3
6805	0
6806	3
6807	2
6808	2
6809	0
6810	2
6811	2
6812	3
6813	0
6814	2
6815	0
6816	2
6817	0
6818	2
6819	3
6820	3
6821	3
6822	2
6823	1
6824	2
6825	3
6826	2
6827	3
6828	2
6829	0
6830	1
6831	3
6832	0
6833	2
6834	0
6835	2
6836	2
6837	0
6838	3
6839	2
6840	3
6841	2
6842	2
6843	2
6844	2
6845	0
6846	3
6847	2
6848	3
6849	2
6850	2
6851	2
6852	3
6853	0
6854	1
6855	3
6856	2
6857	2
6858	0
6859	3
6860	2
6861	0
6862	2
6863	1
6864	2
6865	2
6866	0
6867	0
6868	2
6869	3
6870	3
6871	1
6872	2
6873	0
6874	0
6875	2
6876	2
6877	0
6878	0
6879	2
6880	2
6881	0
6882	0
6883	2
6884	3
6885	3
6886	1
6887	0
6888	2
6889	3
6890	0
6891	2
6892	2
6893	0
6894	2
6895	3
6896	0
6897	1
6898	2
6899	0
6900	2
6901	0
6902	3
6903	1
6904	3
6905	2
6906	2
6907	0
6908	2
6909	0
6910	3
6911	2
6912	2
6913	2
6914	2
6915	3
6916	2
6917	2
6918	0
6919	3
6920	2
6921	2
6922	0
6923	2
6924	3
6925	2
6926	3
6927	1
6928	3
6929	2
6930	0
6931	3
6932	1
6933	2
6934	3
6935	0
6936	2
6937	3
6938	2
6939	0
6940	2
6941	1
6942	2
6943	2
6944	2
6945	0
6946	2
6947	3
6948	3
6949	2
6950	2
6951	3
6952	2
6953	2
6954	1
6955	2
6956	3
6957	2
6958	1
6959	3
6960	0
6961	0
6962	0
6963	3
6964	0
6965	0
6966	2
6967	2
6968	2
6969	0
6970	2
6971	2
6972	3
6973	2
6974	2
6975	2
6976	2
6977	3
6978	0
6979	3
6980	3
6981	3
6982	2
6983	2
6984	2
6985	3
6986	2
6987	2
6988	2
6989	1
6990	3
6991	2
6992	0
6993	3
6994	0
6995	3
6996	2
6997	3
6998	3
6999	2
7000	1
7001	3
7002	2
7003	2
7004	1
7005	2
7006	2
7007	2
7008	2
7009	2
7010	1
7011	3
7012	3
7013	3
7014	1
7015	3
7016	3
7017	3
7018	0
7019	2
7020	2
7021	0
7022	2
7023	3
7024	0
7025	0
7026	0
7027	3
7028	3
7029	2
7030	2
7031	2
7032	0
7033	3
7034	2
7035	0
7036	2
7037	2
7038	2
7039	0
7040	2
7041	2
7042	2
7043	2
7044	3
7045	0
7046	2
7047	2
7048	2
7049	0
7050	0
7051	0
7052	2
7053	1
7054	0
7055	2
7056	0
7057	3
7058	3
7059	3
7060	0
7061	2
7062	3
7063	2
7064	0
7065	2
7066	3
7067	2
7068	3
7069	2
7070	1
7071	0
7072	2
7073	3
7074	1
7075	3
7076	3
7077	3
7078	3
7079	3
7080	2
7081	3
7082	0
7083	3
7084	3
7085	2
7086	2
7087	3
7088	2
7089	2
7090	0
7091	3
7092	3
7093	0
7094	3
7095	3
7096	1
7097	3
7098	2
7099	2
7100	3
7101	2
7102	2
7103	0
7104	3
7105	3
7106	3
7107	3
7108	3
7109	3
7110	0
7111	2
7112	2
7113	2
7114	0
7115	2
7116	2
7117	0
7118	2
7119	1
7120	0
7121	3
7122	3
7123	3
7124	2
7125	1
7126	3
7127	2
7128	0
7129	2
7130	3
7131	2
7132	1
7133	2
7134	2
7135	0
7136	2
7137	3
7138	3
7139	3
7140	2
7141	3
7142	1
7143	2
7144	3
7145	2
7146	0
7147	2
7148	3
7149	0
7150	1
7151	3
7152	0
7153	3
7154	0
7155	2
7156	3
7157	0
7158	3
7159	2
7160	3
7161	3
7162	3
7163	2
7164	3
7165	1
7166	3
7167	2
7168	3
7169	3
7170	3
7171	0
7172	2
7173	0
7174	2
7175	2
7176	3
7177	1
7178	3
7179	0
7180	3
7181	0
7182	3
7183	3
7184	2
7185	2
7186	0
7187	3
7188	3
7189	2
7190	2
7191	2
7192	2
7193	2
7194	1
7195	2
7196	0
7197	3
7198	2
7199	0
7200	3
7201	0
7202	1
7203	0
7204	2
7205	2
7206	3
7207	2
7208	3
7209	3
7210	3
7211	1
7212	2
7213	0
7214	0
7215	3
7216	3
7217	1
7218	2
7219	3
7220	2
7221	0
7222	2
7223	3
7224	0
7225	2
7226	3
7227	0
7228	2
7229	2
7230	0
7231	1
7232	3
7233	3
7234	1
7235	0
7236	3
7237	2
7238	2
7239	2
7240	2
7241	3
7242	3
7243	3
7244	2
7245	2
7246	0
7247	2
7248	3
7249	2
7250	2
7251	3
7252	2
7253	2
7254	1
7255	2
7256	3
7257	2
7258	1
7259	2
7260	0
7261	2
7262	2
7263	1
7264	3
7265	3
7266	0
7267	1
7268	2
7269	2
7270	0
7271	2
7272	3
7273	2
7274	3
7275	2
7276	3
7277	0
7278	1
7279	3
7280	3
7281	2
7282	1
7283	3
7284	0
7285	1
7286	2
7287	2
7288	3
7289	2
7290	2
7291	0
7292	2
7293	3
7294	1
7295	0
7296	2
7297	3
7298	0
7299	3
7300	3
7301	0
7302	0
7303	2
7304	0
7305	3
7306	0
7307	2
7308	2
7309	0
7310	0
7311	1
7312	3
7313	0
7314	1
7315	3
7316	2
7317	2
7318	2
7319	2
7320	0
7321	2
7322	2
7323	0
7324	3
7325	2
7326	0
7327	2
7328	2
7329	2
7330	0
7331	0
7332	3
7333	2
7334	2
7335	1
7336	3
7337	2
7338	3
7339	3
7340	2
7341	0
7342	1
7343	2
7344	2
7345	2
7346	0
7347	3
7348	3
7349	3
7350	3
7351	2
7352	3
7353	2
7354	0
7355	3
7356	3
7357	2
7358	0
7359	0
7360	3
7361	2
7362	2
7363	2
7364	3
7365	2
7366	2
7367	2
7368	3
7369	3
7370	2
7371	1
7372	3
7373	0
7374	2
7375	3
7376	3
7377	2
7378	1
7379	2
7380	3
7381	1
7382	2
7383	2
7384	3
7385	0
7386	2
7387	0
7388	3
7389	1
7390	0
7391	0
7392	3
7393	2
7394	3
7395	3
7396	2
7397	3
7398	3
7399	2
7400	2
7401	2
7402	2
7403	3
7404	2
7405	0
7406	3
7407	0
7408	3
7409	1
7410	0
7411	2
7412	3
7413	0
7414	2
7415	2
7416	3
7417	1
7418	3
7419	0
7420	0
7421	2
7422	2
7423	0
7424	3
7425	2
7426	1
7427	0
7428	0
7429	0
7430	2
7431	2
7432	2
7433	3
7434	3
7435	2
7436	2
7437	1
7438	2
7439	2
7440	3
7441	2
7442	2
7443	1
7444	2
7445	2
7446	2
7447	2
7448	2
7449	3
7450	3
7451	2
7452	3
7453	1
7454	2
7455	0
7456	3
7457	2
7458	0
7459	0
7460	3
7461	2
7462	3
7463	2
7464	0
7465	2
7466	1
7467	3
7468	2
7469	0
7470	0
7471	3
7472	3
7473	2
7474	2
7475	3
7476	2
7477	3
7478	2
7479	1
7480	3
7481	1
7482	1
7483	0
7484	2
7485	2
7486	2
7487	2
7488	1
7489	0
7490	0
7491	3
7492	3
7493	2
7494	2
7495	3
7496	2
7497	2
7498	3
7499	3
7500	0
7501	2
7502	0
7503	0
7504	3
7505	3
7506	2
7507	2
7508	3
7509	2
7510	2
7511	0
7512	2
7513	2
7514	1
7515	3
7516	3
7517	2
7518	2
7519	2
7520	3
7521	2
7522	2
7523	3
7524	2
7525	3
7526	2
7527	3
7528	0
7529	2
7530	3
7531	3
7532	2
7533	2
7534	0
7535	2
7536	3
7537	0
7538	1
7539	0
7540	3
7541	1
7542	2
7543	2
7544	3
7545	2
7546	0
7547	2
7548	3
7549	2
7550	3
7551	0
7552	2
7553	1
7554	1
7555	1
7556	3
7557	1
7558	3
7559	1
7560	3
7561	2
7562	3
7563	0
7564	2
7565	3
7566	2
7567	2
7568	2
7569	2
7570	3
7571	2
7572	2
7573	3
7574	3
7575	0
7576	3
7577	2
7578	0
7579	2
7580	2
7581	1
7582	2
7583	0
7584	2
7585	3
7586	1
7587	1
7588	3
7589	0
7590	1
7591	2
7592	0
7593	3
7594	3
7595	0
7596	2
7597	1
7598	0
7599	2
7600	2
7601	1
7602	2
7603	0
7604	2
7605	3
7606	0
7607	2
7608	3
7609	2
7610	3
7611	2
7612	2
7613	2
7614	2
7615	1
7616	3
7617	0
7618	0
7619	3
7620	3
7621	1
7622	2
7623	3
7624	0
7625	0
7626	3
7627	0
7628	3
7629	3
7630	3
7631	0
7632	2
7633	3
7634	3
7635	2
7636	3
7637	3
7638	3
7639	0
7640	1
7641	1
7642	3
7643	2
7644	3
7645	2
7646	2
7647	1
7648	2
7649	3
7650	0
7651	0
7652	3
7653	3
7654	1
7655	2
7656	0
7657	2
7658	3
7659	3
7660	3
7661	0
7662	2
7663	1
7664	2
7665	3
7666	3
7667	3
7668	3
7669	2
7670	2
7671	2
7672	0
7673	3
7674	3
7675	1
7676	3
7677	2
7678	2
7679	0
7680	1
7681	0
7682	2
7683	3
7684	3
7685	2
7686	3
7687	0
7688	2
7689	3
7690	3
7691	3
7692	2
7693	0
7694	2
7695	3
7696	2
7697	2
7698	2
7699	3
7700	2
7701	1
7702	2
7703	2
7704	2
7705	1
7706	2
7707	0
7708	3
7709	2
7710	2
7711	2
7712	3
7713	3
7714	2
7715	0
7716	2
7717	2
7718	0
7719	3
7720	2
7721	1
7722	3
7723	3
7724	2
7725	0
7726	3
7727	1
7728	2
7729	2
7730	2
7731	3
7732	2
7733	3
7734	0
7735	3
7736	2
7737	3
7738	2
7739	2
7740	0
7741	2
7742	2
7743	2
7744	2
7745	1
7746	2
7747	2
7748	3
7749	2
7750	2
7751	1
7752	2
7753	2
7754	2
7755	0
7756	3
7757	0
7758	2
7759	2
7760	2
7761	3
7762	1
7763	0
7764	3
7765	3
7766	1
7767	3
7768	3
7769	3
7770	2
7771	1
7772	1
7773	0
7774	3
7775	2
7776	2
7777	0
7778	0
7779	1
7780	3
7781	2
7782	0
7783	2
7784	0
7785	2
7786	2
7787	3
7788	2
7789	0
7790	0
7791	1
7792	2
7793	2
7794	3
7795	0
7796	3
7797	3
7798	0
7799	2
7800	3
7801	3
7802	2
7803	2
7804	3
7805	2
7806	2
7807	3
7808	2
7809	0
7810	1
7811	3
7812	2
7813	2
7814	2
7815	2
7816	2
7817	2
7818	2
7819	0
7820	1
7821	0
7822	0
7823	0
7824	2
7825	0
7826	2
7827	2
7828	3
7829	3
7830	2
7831	2
7832	2
7833	2
7834	2
7835	1
7836	3
7837	0
7838	2
7839	2
7840	1
7841	0
7842	0
7843	3
7844	2
7845	3
7846	2
7847	3
7848	3
7849	0
7850	3
7851	1
7852	2
7853	0
7854	0
7855	0
7856	3
7857	2
7858	0
7859	2
7860	2
7861	0
7862	2
7863	0
7864	2
7865	3
7866	0
7867	3
7868	3
7869	0
7870	2
7871	2
7872	2
7873	3
7874	2
7875	3
7876	3
7877	2
7878	2
7879	3
7880	2
7881	3
7882	3
7883	1
7884	2
7885	0
7886	2
7887	2
7888	2
7889	2
7890	1
7891	3
7892	3
7893	2
7894	2
7895	3
7896	2
7897	0
7898	2
7899	3
7900	0
7901	2
7902	2
7903	0
7904	3
7905	3
7906	0
7907	3
7908	3
7909	2
7910	3
7911	1
7912	3
7913	3
7914	3
7915	1
7916	3
7917	0
7918	0
7919	0
7920	3
7921	0
7922	0
7923	1
7924	0
7925	3
7926	3
7927	2
7928	3
7929	3
7930	1
7931	3
7932	1
7933	1
7934	2
7935	2
7936	0
7937	0
7938	2
7939	3
7940	3
7941	2
7942	2
7943	0
7944	2
7945	1
7946	3
7947	0
7948	3
7949	2
7950	3
7951	3
7952	1
7953	3
7954	3
7955	3
7956	2
7957	2
7958	0
7959	3
7960	2
7961	1
7962	0
7963	0
7964	3
7965	0
7966	0
7967	2
7968	2
7969	3
7970	3
7971	0
7972	3
7973	2
7974	2
7975	2
7976	0
7977	2
7978	3
7979	3
7980	3
7981	0
7982	2
7983	3
7984	2
7985	2
7986	0
7987	2
7988	2
7989	3
7990	2
7991	3
7992	3
7993	1
7994	2
7995	2
7996	2
7997	2
7998	0
7999	2
8000	1
8001	0
8002	0
8003	2
8004	3
8005	3
8006	2
8007	2
8008	2
8009	2
8010	1
8011	3
8012	2
8013	1
8014	0
8015	2
8016	1
8017	2
8018	2
8019	3
8020	2
8021	3
8022	3
8023	3
8024	3
8025	3
8026	2
8027	2
8028	2
8029	0
8030	2
8031	2
8032	1
8033	3
8034	2
8035	2
8036	1
8037	2
8038	2
8039	3
8040	1
8041	3
8042	2
8043	3
8044	2
8045	1
8046	2
8047	0
8048	3
8049	2
8050	0
8051	2
8052	2
8053	2
8054	0
8055	3
8056	2
8057	3
8058	2
8059	0
8060	3
8061	3
8062	1
8063	0
8064	2
8065	2
8066	1
8067	0
8068	3
8069	2
8070	3
8071	2
8072	2
8073	0
8074	3
8075	0
8076	2
8077	0
8078	2
8079	0
8080	3
8081	2
8082	3
8083	3
8084	3
8085	2
8086	2
8087	0
8088	1
8089	3
8090	0
8091	2
8092	0
8093	2
8094	1
8095	0
8096	2
8097	2
8098	1
8099	0
8100	1
8101	2
8102	3
8103	2
8104	2
8105	2
8106	3
8107	0
8108	2
8109	1
8110	1
8111	0
8112	3
8113	2
8114	3
8115	3
8116	3
8117	3
8118	2
8119	2
8120	1
8121	3
8122	0
8123	2
8124	3
8125	2
8126	0
8127	2
8128	0
8129	0
8130	2
8131	2
8132	2
8133	2
8134	1
8135	2
8136	2
8137	2
8138	3
8139	2
8140	2
8141	0
8142	1
8143	1
8144	3
8145	0
8146	1
8147	3
8148	3
8149	2
8150	0
8151	3
8152	1
8153	3
8154	2
8155	2
8156	2
8157	2
8158	2
8159	2
8160	2
8161	3
8162	1
8163	2
8164	3
8165	3
8166	2
8167	1
8168	2
8169	1
8170	3
8171	1
8172	3
8173	1
8174	0
8175	0
8176	2
8177	0
8178	3
8179	3
8180	3
8181	2
8182	3
8183	3
8184	3
8185	3
8186	0
8187	3
8188	0
8189	2
8190	3
8191	2
