COMMAND
./sim gshare 12 12 ./proj2-traces/gcc_trace.txt
OUTPUT
number of predictions:2000000
number of mispredictions:308098
misprediction rate:   15.40%
FINAL GSHARE CONTENTS
0	3
1	2
2	1
3	0
4	3
5	3
6	0
7	0
8	1
9	0
10	3
11	3
12	0
13	3
14	1
15	1
16	0
17	3
18	3
19	0
20	3
21	0
22	3
23	0
24	0
25	3
26	0
27	0
28	1
29	3
30	3
31	0
32	3
33	3
34	3
35	2
36	0
37	3
38	3
39	0
40	3
41	0
42	0
43	0
44	1
45	1
46	3
47	3
48	1
49	2
50	0
51	1
52	3
53	0
54	0
55	1
56	3
57	1
58	3
59	3
60	2
61	0
62	1
63	3
64	3
65	3
66	3
67	3
68	3
69	1
70	3
71	1
72	3
73	3
74	3
75	1
76	3
77	3
78	3
79	3
80	1
81	3
82	3
83	3
84	3
85	1
86	0
87	3
88	0
89	0
90	0
91	2
92	0
93	0
94	0
95	2
96	2
97	1
98	3
99	2
100	3
101	0
102	0
103	1
104	3
105	3
106	0
107	2
108	3
109	0
110	0
111	0
112	2
113	3
114	3
115	0
116	0
117	0
118	0
119	0
120	0
121	2
122	0
123	0
124	3
125	0
126	0
127	3
128	2
129	3
130	0
131	3
132	3
133	0
134	1
135	3
136	3
137	3
138	0
139	2
140	2
141	2
142	0
143	0
144	0
145	0
146	3
147	0
148	2
149	3
150	3
151	3
152	0
153	0
154	3
155	3
156	3
157	0
158	0
159	0
160	3
161	0
162	3
163	1
164	0
165	3
166	1
167	3
168	3
169	2
170	3
171	1
172	0
173	0
174	3
175	0
176	3
177	0
178	0
179	1
180	1
181	1
182	3
183	2
184	3
185	0
186	1
187	0
188	1
189	0
190	0
191	3
192	2
193	2
194	1
195	3
196	0
197	2
198	0
199	0
200	1
201	0
202	2
203	0
204	1
205	0
206	0
207	0
208	1
209	3
210	3
211	1
212	0
213	0
214	3
215	3
216	3
217	3
218	3
219	0
220	0
221	2
222	0
223	3
224	0
225	1
226	0
227	1
228	3
229	0
230	0
231	0
232	3
233	3
234	0
235	0
236	0
237	0
238	0
239	0
240	1
241	1
242	0
243	3
244	0
245	0
246	0
247	0
248	3
249	2
250	3
251	3
252	0
253	0
254	3
255	0
256	3
257	3
258	3
259	3
260	0
261	0
262	0
263	0
264	3
265	3
266	3
267	3
268	2
269	0
270	3
271	3
272	0
273	3
274	3
275	0
276	3
277	0
278	2
279	0
280	3
281	2
282	3
283	0
284	0
285	3
286	0
287	0
288	3
289	0
290	0
291	0
292	1
293	0
294	3
295	3
296	3
297	3
298	0
299	3
300	1
301	0
302	0
303	0
304	3
305	3
306	3
307	3
308	0
309	3
310	1
311	0
312	0
313	1
314	3
315	2
316	0
317	0
318	3
319	0
320	2
321	0
322	3
323	0
324	3
325	0
326	0
327	1
328	0
329	1
330	1
331	0
332	0
333	0
334	2
335	2
336	3
337	0
338	0
339	3
340	0
341	0
342	3
343	3
344	0
345	1
346	1
347	0
348	2
349	0
350	0
351	3
352	3
353	1
354	1
355	3
356	3
357	2
358	0
359	0
360	0
361	0
362	0
363	0
364	3
365	0
366	0
367	0
368	0
369	1
370	3
371	2
372	3
373	0
374	3
375	1
376	0
377	3
378	3
379	3
380	1
381	3
382	0
383	0
384	0
385	0
386	1
387	3
388	0
389	0
390	0
391	3
392	2
393	3
394	2
395	1
396	3
397	3
398	1
399	0
400	1
401	0
402	0
403	0
404	1
405	0
406	0
407	0
408	3
409	0
410	3
411	3
412	3
413	0
414	0
415	0
416	3
417	0
418	3
419	0
420	2
421	3
422	0
423	0
424	2
425	0
426	0
427	1
428	0
429	0
430	0
431	0
432	0
433	1
434	3
435	0
436	3
437	3
438	0
439	1
440	0
441	0
442	0
443	1
444	3
445	2
446	0
447	0
448	0
449	0
450	0
451	0
452	0
453	2
454	0
455	0
456	0
457	0
458	0
459	0
460	1
461	1
462	1
463	0
464	0
465	0
466	0
467	1
468	0
469	0
470	0
471	0
472	0
473	0
474	0
475	0
476	2
477	0
478	0
479	3
480	3
481	1
482	0
483	2
484	0
485	0
486	3
487	2
488	1
489	2
490	3
491	0
492	0
493	0
494	0
495	0
496	0
497	1
498	0
499	3
500	0
501	0
502	0
503	1
504	0
505	3
506	0
507	3
508	3
509	1
510	2
511	0
512	0
513	1
514	3
515	0
516	1
517	0
518	3
519	1
520	2
521	0
522	0
523	0
524	0
525	0
526	2
527	0
528	2
529	0
530	0
531	0
532	0
533	3
534	0
535	0
536	0
537	0
538	1
539	0
540	0
541	0
542	0
543	1
544	3
545	0
546	3
547	2
548	3
549	1
550	1
551	3
552	3
553	3
554	3
555	2
556	0
557	0
558	2
559	3
560	0
561	0
562	0
563	3
564	0
565	3
566	3
567	3
568	0
569	3
570	1
571	0
572	3
573	3
574	3
575	3
576	3
577	3
578	3
579	3
580	0
581	3
582	1
583	3
584	0
585	3
586	3
587	0
588	0
589	1
590	1
591	3
592	0
593	3
594	0
595	3
596	2
597	0
598	0
599	3
600	3
601	0
602	0
603	0
604	0
605	0
606	3
607	1
608	3
609	2
610	2
611	2
612	3
613	3
614	2
615	3
616	3
617	3
618	2
619	0
620	3
621	0
622	1
623	3
624	3
625	2
626	3
627	3
628	3
629	1
630	0
631	0
632	1
633	1
634	3
635	0
636	1
637	0
638	3
639	3
640	3
641	3
642	3
643	3
644	3
645	2
646	0
647	2
648	3
649	3
650	1
651	3
652	3
653	3
654	3
655	3
656	0
657	3
658	3
659	3
660	0
661	1
662	0
663	0
664	3
665	3
666	3
667	0
668	0
669	1
670	3
671	0
672	3
673	2
674	3
675	0
676	3
677	3
678	1
679	0
680	3
681	0
682	2
683	0
684	0
685	3
686	3
687	1
688	0
689	3
690	0
691	0
692	1
693	0
694	3
695	3
696	2
697	3
698	1
699	0
700	0
701	0
702	1
703	0
704	2
705	3
706	0
707	3
708	2
709	3
710	3
711	3
712	3
713	3
714	1
715	3
716	0
717	0
718	0
719	0
720	3
721	3
722	0
723	3
724	3
725	0
726	0
727	3
728	0
729	1
730	0
731	3
732	3
733	3
734	3
735	2
736	3
737	2
738	3
739	3
740	0
741	3
742	3
743	0
744	0
745	0
746	0
747	0
748	0
749	3
750	3
751	0
752	0
753	0
754	2
755	2
756	2
757	0
758	2
759	0
760	0
761	0
762	1
763	0
764	3
765	0
766	0
767	0
768	0
769	3
770	3
771	0
772	0
773	0
774	0
775	3
776	2
777	2
778	3
779	0
780	1
781	3
782	0
783	3
784	3
785	3
786	0
787	3
788	0
789	0
790	2
791	0
792	2
793	0
794	2
795	2
796	0
797	3
798	0
799	3
800	0
801	0
802	3
803	0
804	2
805	2
806	1
807	1
808	0
809	0
810	1
811	0
812	3
813	0
814	0
815	0
816	0
817	3
818	0
819	2
820	0
821	2
822	0
823	3
824	0
825	2
826	0
827	0
828	0
829	0
830	0
831	3
832	1
833	0
834	1
835	3
836	0
837	0
838	1
839	2
840	0
841	3
842	3
843	3
844	0
845	2
846	2
847	3
848	0
849	1
850	0
851	3
852	1
853	2
854	3
855	0
856	3
857	0
858	0
859	0
860	0
861	3
862	3
863	0
864	0
865	0
866	0
867	0
868	3
869	2
870	3
871	3
872	3
873	0
874	0
875	0
876	2
877	0
878	0
879	0
880	0
881	0
882	3
883	0
884	3
885	0
886	0
887	3
888	3
889	3
890	3
891	0
892	1
893	0
894	3
895	3
896	0
897	3
898	3
899	0
900	3
901	0
902	0
903	3
904	1
905	3
906	0
907	2
908	3
909	0
910	3
911	0
912	0
913	0
914	0
915	3
916	2
917	0
918	0
919	0
920	3
921	3
922	3
923	3
924	3
925	3
926	3
927	1
928	0
929	0
930	3
931	0
932	0
933	0
934	3
935	0
936	0
937	0
938	2
939	0
940	1
941	0
942	3
943	3
944	3
945	3
946	0
947	0
948	0
949	0
950	0
951	0
952	0
953	2
954	3
955	0
956	1
957	0
958	3
959	3
960	3
961	0
962	3
963	3
964	3
965	0
966	3
967	0
968	1
969	0
970	0
971	3
972	2
973	0
974	1
975	3
976	0
977	0
978	1
979	0
980	3
981	0
982	0
983	3
984	3
985	3
986	1
987	3
988	3
989	3
990	1
991	0
992	0
993	3
994	3
995	3
996	1
997	0
998	0
999	0
1000	0
1001	1
1002	0
1003	0
1004	3
1005	0
1006	0
1007	0
1008	1
1009	3
1010	0
1011	0
1012	0
1013	3
1014	0
1015	0
1016	0
1017	0
1018	1
1019	0
1020	0
1021	1
1022	3
1023	0
1024	0
1025	3
1026	0
1027	3
1028	1
1029	3
1030	0
1031	0
1032	3
1033	0
1034	3
1035	3
1036	0
1037	0
1038	3
1039	3
1040	3
1041	3
1042	0
1043	2
1044	3
1045	0
1046	1
1047	2
1048	0
1049	0
1050	0
1051	0
1052	0
1053	0
1054	0
1055	3
1056	3
1057	3
1058	3
1059	3
1060	2
1061	1
1062	0
1063	0
1064	3
1065	3
1066	0
1067	3
1068	3
1069	0
1070	3
1071	3
1072	3
1073	3
1074	3
1075	0
1076	3
1077	3
1078	0
1079	0
1080	3
1081	2
1082	2
1083	1
1084	0
1085	0
1086	3
1087	3
1088	0
1089	0
1090	3
1091	1
1092	0
1093	0
1094	1
1095	0
1096	3
1097	3
1098	0
1099	0
1100	0
1101	3
1102	2
1103	0
1104	3
1105	0
1106	3
1107	2
1108	0
1109	0
1110	3
1111	0
1112	3
1113	3
1114	0
1115	3
1116	3
1117	2
1118	2
1119	3
1120	0
1121	1
1122	3
1123	3
1124	0
1125	2
1126	3
1127	3
1128	1
1129	0
1130	0
1131	1
1132	1
1133	0
1134	0
1135	3
1136	1
1137	0
1138	3
1139	2
1140	0
1141	3
1142	0
1143	3
1144	0
1145	0
1146	1
1147	0
1148	1
1149	0
1150	0
1151	3
1152	3
1153	0
1154	3
1155	0
1156	3
1157	0
1158	0
1159	0
1160	0
1161	0
1162	0
1163	1
1164	3
1165	0
1166	0
1167	0
1168	0
1169	0
1170	3
1171	0
1172	2
1173	0
1174	0
1175	3
1176	2
1177	0
1178	0
1179	1
1180	0
1181	0
1182	1
1183	0
1184	0
1185	0
1186	0
1187	3
1188	2
1189	2
1190	3
1191	3
1192	0
1193	3
1194	3
1195	2
1196	3
1197	0
1198	0
1199	0
1200	3
1201	0
1202	0
1203	0
1204	3
1205	1
1206	2
1207	0
1208	0
1209	0
1210	0
1211	0
1212	0
1213	3
1214	0
1215	0
1216	2
1217	3
1218	2
1219	3
1220	1
1221	0
1222	1
1223	3
1224	2
1225	2
1226	0
1227	0
1228	2
1229	0
1230	0
1231	3
1232	1
1233	1
1234	3
1235	3
1236	0
1237	0
1238	2
1239	0
1240	0
1241	0
1242	0
1243	3
1244	0
1245	0
1246	3
1247	2
1248	0
1249	3
1250	3
1251	0
1252	0
1253	1
1254	0
1255	3
1256	3
1257	1
1258	2
1259	3
1260	0
1261	0
1262	0
1263	1
1264	0
1265	1
1266	1
1267	0
1268	3
1269	3
1270	3
1271	3
1272	3
1273	3
1274	0
1275	3
1276	0
1277	0
1278	3
1279	0
1280	3
1281	0
1282	0
1283	0
1284	0
1285	0
1286	1
1287	0
1288	3
1289	3
1290	3
1291	0
1292	0
1293	0
1294	0
1295	3
1296	0
1297	3
1298	3
1299	2
1300	1
1301	0
1302	0
1303	1
1304	3
1305	3
1306	2
1307	3
1308	0
1309	3
1310	3
1311	3
1312	0
1313	0
1314	3
1315	3
1316	2
1317	2
1318	3
1319	3
1320	0
1321	0
1322	3
1323	0
1324	0
1325	0
1326	0
1327	0
1328	3
1329	3
1330	1
1331	0
1332	0
1333	0
1334	3
1335	1
1336	0
1337	2
1338	0
1339	0
1340	3
1341	1
1342	2
1343	1
1344	0
1345	2
1346	0
1347	2
1348	0
1349	3
1350	0
1351	3
1352	0
1353	0
1354	3
1355	2
1356	2
1357	2
1358	3
1359	2
1360	3
1361	0
1362	2
1363	3
1364	0
1365	3
1366	3
1367	0
1368	0
1369	2
1370	0
1371	3
1372	2
1373	1
1374	3
1375	3
1376	3
1377	3
1378	0
1379	3
1380	3
1381	0
1382	3
1383	1
1384	0
1385	0
1386	0
1387	2
1388	0
1389	0
1390	1
1391	3
1392	0
1393	3
1394	3
1395	3
1396	2
1397	3
1398	2
1399	2
1400	3
1401	0
1402	3
1403	3
1404	0
1405	0
1406	1
1407	0
1408	0
1409	0
1410	2
1411	3
1412	0
1413	2
1414	2
1415	3
1416	3
1417	3
1418	0
1419	3
1420	0
1421	0
1422	0
1423	2
1424	0
1425	0
1426	3
1427	3
1428	3
1429	3
1430	2
1431	2
1432	3
1433	0
1434	1
1435	0
1436	0
1437	3
1438	1
1439	3
1440	3
1441	3
1442	1
1443	2
1444	0
1445	3
1446	0
1447	0
1448	1
1449	3
1450	0
1451	1
1452	3
1453	3
1454	3
1455	3
1456	0
1457	3
1458	2
1459	0
1460	0
1461	3
1462	3
1463	2
1464	0
1465	3
1466	3
1467	3
1468	1
1469	0
1470	3
1471	3
1472	3
1473	3
1474	1
1475	3
1476	3
1477	2
1478	3
1479	2
1480	3
1481	3
1482	3
1483	0
1484	3
1485	2
1486	0
1487	0
1488	3
1489	0
1490	3
1491	3
1492	0
1493	0
1494	0
1495	3
1496	3
1497	3
1498	3
1499	3
1500	3
1501	3
1502	1
1503	3
1504	3
1505	2
1506	0
1507	1
1508	2
1509	0
1510	3
1511	0
1512	3
1513	0
1514	0
1515	3
1516	0
1517	0
1518	0
1519	1
1520	0
1521	3
1522	3
1523	3
1524	0
1525	0
1526	0
1527	0
1528	0
1529	3
1530	2
1531	0
1532	3
1533	0
1534	0
1535	0
1536	0
1537	3
1538	2
1539	3
1540	0
1541	0
1542	3
1543	3
1544	2
1545	3
1546	3
1547	1
1548	3
1549	3
1550	0
1551	0
1552	3
1553	0
1554	0
1555	1
1556	0
1557	3
1558	0
1559	0
1560	1
1561	2
1562	0
1563	3
1564	0
1565	3
1566	0
1567	0
1568	0
1569	3
1570	0
1571	3
1572	0
1573	3
1574	3
1575	0
1576	2
1577	0
1578	3
1579	0
1580	2
1581	0
1582	3
1583	0
1584	1
1585	3
1586	2
1587	0
1588	2
1589	3
1590	0
1591	2
1592	3
1593	3
1594	0
1595	3
1596	3
1597	3
1598	3
1599	3
1600	2
1601	0
1602	3
1603	0
1604	3
1605	0
1606	1
1607	3
1608	0
1609	3
1610	1
1611	0
1612	0
1613	1
1614	0
1615	3
1616	0
1617	3
1618	0
1619	3
1620	3
1621	2
1622	1
1623	0
1624	2
1625	0
1626	2
1627	0
1628	3
1629	0
1630	3
1631	0
1632	3
1633	0
1634	0
1635	1
1636	0
1637	3
1638	0
1639	0
1640	0
1641	2
1642	3
1643	3
1644	0
1645	0
1646	0
1647	0
1648	0
1649	1
1650	0
1651	0
1652	2
1653	0
1654	3
1655	0
1656	0
1657	3
1658	0
1659	3
1660	0
1661	3
1662	0
1663	0
1664	3
1665	2
1666	2
1667	0
1668	0
1669	3
1670	0
1671	0
1672	3
1673	3
1674	0
1675	3
1676	0
1677	2
1678	2
1679	0
1680	3
1681	3
1682	1
1683	2
1684	2
1685	2
1686	0
1687	2
1688	0
1689	3
1690	3
1691	0
1692	1
1693	0
1694	2
1695	0
1696	0
1697	0
1698	0
1699	2
1700	0
1701	0
1702	1
1703	1
1704	2
1705	3
1706	3
1707	3
1708	1
1709	0
1710	2
1711	3
1712	0
1713	3
1714	0
1715	0
1716	3
1717	0
1718	0
1719	0
1720	0
1721	0
1722	3
1723	2
1724	3
1725	3
1726	3
1727	3
1728	0
1729	1
1730	1
1731	3
1732	0
1733	0
1734	1
1735	1
1736	2
1737	1
1738	0
1739	3
1740	2
1741	3
1742	3
1743	3
1744	0
1745	3
1746	0
1747	0
1748	3
1749	1
1750	3
1751	1
1752	3
1753	2
1754	0
1755	3
1756	3
1757	0
1758	3
1759	3
1760	0
1761	0
1762	3
1763	3
1764	0
1765	1
1766	0
1767	0
1768	3
1769	2
1770	3
1771	0
1772	3
1773	0
1774	0
1775	1
1776	3
1777	0
1778	3
1779	2
1780	0
1781	3
1782	1
1783	1
1784	0
1785	0
1786	2
1787	0
1788	3
1789	3
1790	3
1791	3
1792	0
1793	3
1794	3
1795	0
1796	3
1797	2
1798	3
1799	0
1800	0
1801	0
1802	2
1803	0
1804	1
1805	3
1806	1
1807	3
1808	0
1809	3
1810	0
1811	0
1812	3
1813	3
1814	3
1815	1
1816	0
1817	0
1818	0
1819	3
1820	3
1821	3
1822	3
1823	1
1824	0
1825	0
1826	1
1827	3
1828	3
1829	3
1830	0
1831	3
1832	0
1833	0
1834	0
1835	3
1836	1
1837	0
1838	0
1839	0
1840	3
1841	0
1842	0
1843	3
1844	2
1845	3
1846	3
1847	1
1848	3
1849	3
1850	1
1851	0
1852	0
1853	0
1854	0
1855	2
1856	0
1857	3
1858	1
1859	0
1860	2
1861	0
1862	3
1863	3
1864	3
1865	2
1866	0
1867	3
1868	0
1869	1
1870	3
1871	3
1872	3
1873	3
1874	2
1875	0
1876	0
1877	3
1878	2
1879	0
1880	0
1881	0
1882	1
1883	3
1884	3
1885	1
1886	0
1887	3
1888	3
1889	3
1890	2
1891	2
1892	0
1893	0
1894	0
1895	0
1896	3
1897	1
1898	0
1899	0
1900	0
1901	3
1902	0
1903	3
1904	0
1905	3
1906	2
1907	0
1908	3
1909	3
1910	0
1911	0
1912	0
1913	2
1914	3
1915	0
1916	3
1917	0
1918	0
1919	3
1920	3
1921	2
1922	3
1923	2
1924	0
1925	0
1926	3
1927	1
1928	0
1929	0
1930	0
1931	3
1932	3
1933	3
1934	3
1935	3
1936	3
1937	3
1938	0
1939	0
1940	3
1941	0
1942	2
1943	1
1944	2
1945	0
1946	2
1947	0
1948	0
1949	3
1950	1
1951	0
1952	3
1953	3
1954	2
1955	0
1956	3
1957	0
1958	0
1959	0
1960	1
1961	3
1962	3
1963	3
1964	3
1965	0
1966	0
1967	3
1968	2
1969	3
1970	3
1971	3
1972	0
1973	2
1974	0
1975	3
1976	0
1977	0
1978	0
1979	0
1980	3
1981	2
1982	0
1983	0
1984	3
1985	3
1986	0
1987	3
1988	2
1989	3
1990	3
1991	3
1992	3
1993	3
1994	0
1995	0
1996	0
1997	3
1998	3
1999	3
2000	3
2001	1
2002	0
2003	0
2004	3
2005	2
2006	2
2007	0
2008	1
2009	0
2010	3
2011	0
2012	0
2013	3
2014	0
2015	2
2016	3
2017	0
2018	0
2019	0
2020	3
2021	0
2022	3
2023	2
2024	0
2025	3
2026	0
2027	0
2028	0
2029	0
2030	2
2031	0
2032	0
2033	0
2034	3
2035	3
2036	0
2037	0
2038	3
2039	3
2040	2
2041	3
2042	3
2043	1
2044	3
2045	0
2046	0
2047	2
2048	1
2049	3
2050	2
2051	3
2052	1
2053	0
2054	3
2055	0
2056	0
2057	3
2058	0
2059	0
2060	3
2061	1
2062	0
2063	3
2064	0
2065	0
2066	2
2067	3
2068	3
2069	0
2070	2
2071	3
2072	3
2073	0
2074	0
2075	1
2076	0
2077	1
2078	1
2079	3
2080	2
2081	0
2082	2
2083	1
2084	0
2085	2
2086	3
2087	3
2088	3
2089	0
2090	2
2091	3
2092	3
2093	0
2094	0
2095	3
2096	0
2097	3
2098	2
2099	3
2100	0
2101	0
2102	0
2103	3
2104	3
2105	0
2106	3
2107	2
2108	3
2109	1
2110	3
2111	3
2112	1
2113	0
2114	3
2115	0
2116	0
2117	2
2118	3
2119	3
2120	1
2121	1
2122	1
2123	0
2124	0
2125	1
2126	0
2127	0
2128	0
2129	3
2130	2
2131	3
2132	1
2133	3
2134	0
2135	2
2136	0
2137	0
2138	2
2139	3
2140	0
2141	0
2142	0
2143	0
2144	0
2145	0
2146	3
2147	3
2148	0
2149	0
2150	0
2151	0
2152	0
2153	0
2154	0
2155	3
2156	0
2157	0
2158	3
2159	0
2160	0
2161	0
2162	3
2163	0
2164	2
2165	0
2166	0
2167	1
2168	0
2169	0
2170	0
2171	3
2172	0
2173	3
2174	3
2175	3
2176	3
2177	3
2178	1
2179	3
2180	3
2181	3
2182	0
2183	0
2184	0
2185	0
2186	0
2187	3
2188	3
2189	1
2190	3
2191	0
2192	1
2193	0
2194	0
2195	0
2196	0
2197	0
2198	0
2199	3
2200	3
2201	3
2202	1
2203	0
2204	2
2205	3
2206	3
2207	0
2208	0
2209	0
2210	3
2211	0
2212	3
2213	0
2214	0
2215	1
2216	0
2217	0
2218	0
2219	3
2220	1
2221	0
2222	3
2223	2
2224	0
2225	0
2226	2
2227	1
2228	3
2229	1
2230	0
2231	1
2232	0
2233	0
2234	2
2235	0
2236	0
2237	0
2238	0
2239	1
2240	3
2241	0
2242	0
2243	0
2244	0
2245	1
2246	0
2247	0
2248	3
2249	3
2250	3
2251	3
2252	0
2253	3
2254	0
2255	0
2256	0
2257	2
2258	0
2259	2
2260	0
2261	0
2262	0
2263	3
2264	0
2265	0
2266	0
2267	0
2268	2
2269	0
2270	0
2271	1
2272	3
2273	3
2274	3
2275	3
2276	0
2277	0
2278	0
2279	0
2280	0
2281	0
2282	0
2283	3
2284	3
2285	0
2286	3
2287	2
2288	3
2289	3
2290	2
2291	0
2292	0
2293	3
2294	0
2295	0
2296	0
2297	0
2298	0
2299	3
2300	0
2301	3
2302	3
2303	3
2304	0
2305	0
2306	3
2307	0
2308	1
2309	1
2310	2
2311	2
2312	0
2313	0
2314	0
2315	0
2316	1
2317	0
2318	2
2319	0
2320	0
2321	0
2322	1
2323	0
2324	0
2325	2
2326	0
2327	3
2328	0
2329	0
2330	0
2331	0
2332	0
2333	1
2334	0
2335	0
2336	1
2337	3
2338	0
2339	3
2340	3
2341	0
2342	0
2343	0
2344	0
2345	0
2346	3
2347	1
2348	3
2349	3
2350	3
2351	1
2352	0
2353	3
2354	0
2355	0
2356	0
2357	0
2358	0
2359	3
2360	0
2361	0
2362	3
2363	3
2364	2
2365	0
2366	0
2367	0
2368	3
2369	0
2370	3
2371	0
2372	0
2373	3
2374	0
2375	3
2376	0
2377	1
2378	3
2379	2
2380	0
2381	0
2382	0
2383	3
2384	3
2385	1
2386	0
2387	3
2388	0
2389	0
2390	3
2391	0
2392	3
2393	1
2394	0
2395	0
2396	2
2397	2
2398	0
2399	0
2400	0
2401	0
2402	2
2403	3
2404	3
2405	2
2406	2
2407	0
2408	0
2409	3
2410	3
2411	3
2412	0
2413	3
2414	3
2415	0
2416	3
2417	2
2418	2
2419	0
2420	0
2421	0
2422	3
2423	0
2424	2
2425	3
2426	0
2427	3
2428	0
2429	1
2430	3
2431	3
2432	0
2433	0
2434	1
2435	0
2436	3
2437	3
2438	0
2439	0
2440	0
2441	0
2442	0
2443	3
2444	0
2445	2
2446	1
2447	3
2448	3
2449	3
2450	1
2451	0
2452	0
2453	0
2454	0
2455	0
2456	3
2457	3
2458	0
2459	3
2460	0
2461	2
2462	3
2463	3
2464	3
2465	0
2466	0
2467	0
2468	3
2469	0
2470	0
2471	2
2472	0
2473	1
2474	0
2475	0
2476	3
2477	3
2478	0
2479	3
2480	0
2481	0
2482	0
2483	3
2484	0
2485	3
2486	0
2487	1
2488	0
2489	2
2490	2
2491	3
2492	0
2493	3
2494	3
2495	0
2496	3
2497	2
2498	2
2499	0
2500	1
2501	3
2502	3
2503	3
2504	3
2505	1
2506	0
2507	0
2508	3
2509	0
2510	0
2511	0
2512	3
2513	3
2514	0
2515	0
2516	3
2517	0
2518	1
2519	1
2520	0
2521	0
2522	0
2523	1
2524	3
2525	0
2526	0
2527	2
2528	2
2529	0
2530	0
2531	2
2532	0
2533	0
2534	0
2535	1
2536	0
2537	0
2538	2
2539	3
2540	1
2541	3
2542	3
2543	0
2544	1
2545	3
2546	3
2547	1
2548	3
2549	1
2550	0
2551	2
2552	0
2553	0
2554	3
2555	1
2556	3
2557	3
2558	0
2559	2
2560	3
2561	2
2562	0
2563	0
2564	0
2565	0
2566	0
2567	0
2568	0
2569	3
2570	3
2571	2
2572	0
2573	3
2574	3
2575	1
2576	2
2577	3
2578	3
2579	2
2580	3
2581	0
2582	0
2583	3
2584	1
2585	3
2586	0
2587	1
2588	0
2589	2
2590	0
2591	0
2592	3
2593	1
2594	0
2595	0
2596	3
2597	3
2598	1
2599	1
2600	0
2601	0
2602	0
2603	0
2604	0
2605	0
2606	0
2607	0
2608	0
2609	1
2610	3
2611	3
2612	3
2613	3
2614	2
2615	3
2616	2
2617	3
2618	3
2619	2
2620	2
2621	3
2622	1
2623	0
2624	0
2625	0
2626	0
2627	0
2628	3
2629	1
2630	0
2631	0
2632	0
2633	0
2634	1
2635	0
2636	3
2637	3
2638	0
2639	3
2640	0
2641	3
2642	0
2643	2
2644	3
2645	3
2646	2
2647	1
2648	3
2649	0
2650	0
2651	3
2652	2
2653	3
2654	1
2655	3
2656	2
2657	0
2658	0
2659	3
2660	0
2661	0
2662	0
2663	1
2664	0
2665	1
2666	0
2667	0
2668	3
2669	1
2670	0
2671	2
2672	0
2673	0
2674	0
2675	0
2676	0
2677	3
2678	3
2679	2
2680	3
2681	3
2682	0
2683	0
2684	3
2685	3
2686	0
2687	0
2688	0
2689	0
2690	0
2691	3
2692	3
2693	0
2694	3
2695	0
2696	0
2697	2
2698	3
2699	0
2700	3
2701	2
2702	0
2703	3
2704	3
2705	2
2706	3
2707	3
2708	0
2709	3
2710	0
2711	3
2712	3
2713	0
2714	0
2715	3
2716	3
2717	3
2718	1
2719	3
2720	3
2721	3
2722	3
2723	1
2724	0
2725	3
2726	0
2727	3
2728	2
2729	2
2730	3
2731	0
2732	2
2733	0
2734	1
2735	3
2736	0
2737	0
2738	3
2739	3
2740	0
2741	0
2742	0
2743	1
2744	3
2745	1
2746	0
2747	2
2748	3
2749	0
2750	1
2751	2
2752	0
2753	3
2754	3
2755	2
2756	0
2757	3
2758	1
2759	3
2760	0
2761	3
2762	3
2763	0
2764	3
2765	3
2766	3
2767	2
2768	0
2769	0
2770	3
2771	2
2772	3
2773	3
2774	3
2775	2
2776	3
2777	3
2778	0
2779	0
2780	2
2781	0
2782	1
2783	3
2784	0
2785	0
2786	3
2787	2
2788	0
2789	0
2790	0
2791	0
2792	0
2793	3
2794	0
2795	0
2796	0
2797	0
2798	0
2799	0
2800	0
2801	2
2802	2
2803	0
2804	0
2805	0
2806	3
2807	2
2808	2
2809	2
2810	3
2811	3
2812	3
2813	3
2814	0
2815	0
2816	0
2817	0
2818	3
2819	0
2820	3
2821	0
2822	1
2823	0
2824	3
2825	1
2826	0
2827	1
2828	0
2829	3
2830	3
2831	0
2832	0
2833	0
2834	0
2835	1
2836	0
2837	0
2838	0
2839	2
2840	0
2841	1
2842	0
2843	3
2844	0
2845	0
2846	0
2847	0
2848	0
2849	0
2850	0
2851	0
2852	0
2853	0
2854	0
2855	0
2856	0
2857	0
2858	0
2859	0
2860	3
2861	2
2862	1
2863	3
2864	1
2865	0
2866	3
2867	0
2868	2
2869	0
2870	1
2871	0
2872	0
2873	0
2874	2
2875	0
2876	0
2877	0
2878	1
2879	0
2880	3
2881	1
2882	0
2883	3
2884	0
2885	0
2886	3
2887	0
2888	3
2889	3
2890	3
2891	1
2892	3
2893	3
2894	0
2895	1
2896	0
2897	0
2898	3
2899	2
2900	0
2901	3
2902	0
2903	0
2904	3
2905	3
2906	3
2907	0
2908	3
2909	1
2910	3
2911	2
2912	3
2913	0
2914	3
2915	3
2916	1
2917	3
2918	3
2919	3
2920	3
2921	3
2922	3
2923	3
2924	0
2925	3
2926	2
2927	3
2928	0
2929	3
2930	1
2931	0
2932	0
2933	1
2934	0
2935	0
2936	3
2937	0
2938	3
2939	0
2940	0
2941	2
2942	0
2943	3
2944	1
2945	0
2946	0
2947	2
2948	0
2949	3
2950	2
2951	0
2952	3
2953	3
2954	0
2955	3
2956	0
2957	3
2958	0
2959	0
2960	0
2961	0
2962	0
2963	0
2964	1
2965	3
2966	2
2967	0
2968	0
2969	0
2970	0
2971	0
2972	1
2973	3
2974	0
2975	0
2976	0
2977	3
2978	0
2979	3
2980	0
2981	3
2982	3
2983	3
2984	0
2985	0
2986	3
2987	3
2988	0
2989	1
2990	3
2991	2
2992	3
2993	3
2994	3
2995	2
2996	0
2997	0
2998	1
2999	0
3000	0
3001	3
3002	3
3003	3
3004	3
3005	2
3006	3
3007	3
3008	2
3009	0
3010	0
3011	0
3012	0
3013	3
3014	1
3015	3
3016	0
3017	0
3018	3
3019	1
3020	3
3021	0
3022	3
3023	2
3024	0
3025	0
3026	0
3027	1
3028	0
3029	2
3030	3
3031	0
3032	3
3033	0
3034	0
3035	0
3036	2
3037	2
3038	3
3039	3
3040	3
3041	2
3042	0
3043	3
3044	3
3045	3
3046	0
3047	3
3048	3
3049	0
3050	0
3051	2
3052	3
3053	3
3054	0
3055	1
3056	3
3057	0
3058	0
3059	0
3060	0
3061	3
3062	3
3063	3
3064	3
3065	3
3066	3
3067	2
3068	2
3069	3
3070	2
3071	3
3072	1
3073	0
3074	2
3075	0
3076	3
3077	0
3078	0
3079	0
3080	1
3081	0
3082	3
3083	3
3084	2
3085	0
3086	3
3087	3
3088	0
3089	1
3090	3
3091	2
3092	3
3093	0
3094	3
3095	3
3096	3
3097	0
3098	2
3099	1
3100	0
3101	0
3102	1
3103	0
3104	0
3105	0
3106	2
3107	3
3108	3
3109	2
3110	0
3111	0
3112	0
3113	2
3114	1
3115	3
3116	3
3117	1
3118	3
3119	1
3120	0
3121	0
3122	0
3123	0
3124	1
3125	1
3126	3
3127	2
3128	3
3129	0
3130	3
3131	2
3132	1
3133	0
3134	0
3135	0
3136	2
3137	0
3138	3
3139	0
3140	0
3141	0
3142	3
3143	2
3144	3
3145	3
3146	3
3147	0
3148	3
3149	0
3150	0
3151	2
3152	3
3153	1
3154	3
3155	1
3156	1
3157	3
3158	2
3159	0
3160	1
3161	0
3162	2
3163	0
3164	0
3165	0
3166	0
3167	3
3168	3
3169	3
3170	3
3171	0
3172	3
3173	3
3174	1
3175	1
3176	0
3177	2
3178	0
3179	3
3180	3
3181	3
3182	3
3183	3
3184	0
3185	3
3186	0
3187	3
3188	0
3189	0
3190	0
3191	3
3192	3
3193	3
3194	0
3195	0
3196	2
3197	3
3198	0
3199	3
3200	0
3201	3
3202	3
3203	1
3204	2
3205	3
3206	2
3207	3
3208	2
3209	3
3210	3
3211	3
3212	0
3213	3
3214	1
3215	3
3216	0
3217	3
3218	1
3219	0
3220	3
3221	0
3222	3
3223	3
3224	0
3225	0
3226	0
3227	0
3228	0
3229	3
3230	0
3231	3
3232	2
3233	3
3234	3
3235	3
3236	0
3237	2
3238	3
3239	3
3240	1
3241	2
3242	3
3243	3
3244	3
3245	3
3246	0
3247	2
3248	1
3249	0
3250	0
3251	0
3252	0
3253	0
3254	3
3255	3
3256	0
3257	3
3258	3
3259	0
3260	3
3261	3
3262	3
3263	0
3264	0
3265	0
3266	0
3267	2
3268	1
3269	3
3270	0
3271	1
3272	2
3273	0
3274	0
3275	0
3276	3
3277	1
3278	3
3279	1
3280	0
3281	1
3282	0
3283	1
3284	0
3285	0
3286	3
3287	0
3288	3
3289	3
3290	1
3291	0
3292	3
3293	3
3294	2
3295	0
3296	0
3297	2
3298	0
3299	0
3300	3
3301	0
3302	0
3303	2
3304	3
3305	3
3306	3
3307	3
3308	0
3309	0
3310	0
3311	3
3312	3
3313	0
3314	0
3315	0
3316	1
3317	0
3318	3
3319	0
3320	0
3321	2
3322	0
3323	0
3324	0
3325	1
3326	0
3327	0
3328	3
3329	3
3330	3
3331	3
3332	3
3333	3
3334	3
3335	0
3336	0
3337	0
3338	0
3339	0
3340	0
3341	0
3342	3
3343	0
3344	3
3345	3
3346	0
3347	3
3348	0
3349	1
3350	1
3351	0
3352	2
3353	0
3354	0
3355	0
3356	0
3357	0
3358	1
3359	0
3360	3
3361	3
3362	0
3363	0
3364	2
3365	1
3366	0
3367	0
3368	1
3369	1
3370	0
3371	1
3372	0
3373	2
3374	0
3375	1
3376	0
3377	3
3378	3
3379	3
3380	2
3381	2
3382	3
3383	3
3384	3
3385	1
3386	3
3387	1
3388	3
3389	1
3390	2
3391	3
3392	0
3393	0
3394	0
3395	3
3396	3
3397	3
3398	1
3399	3
3400	1
3401	3
3402	3
3403	3
3404	0
3405	0
3406	0
3407	3
3408	1
3409	3
3410	3
3411	3
3412	2
3413	3
3414	0
3415	3
3416	3
3417	1
3418	0
3419	0
3420	3
3421	3
3422	3
3423	1
3424	3
3425	3
3426	1
3427	3
3428	0
3429	0
3430	0
3431	1
3432	0
3433	2
3434	1
3435	0
3436	0
3437	0
3438	0
3439	3
3440	3
3441	0
3442	2
3443	0
3444	3
3445	0
3446	3
3447	3
3448	3
3449	3
3450	0
3451	0
3452	1
3453	3
3454	2
3455	1
3456	0
3457	0
3458	0
3459	0
3460	0
3461	3
3462	0
3463	1
3464	0
3465	3
3466	3
3467	1
3468	3
3469	0
3470	0
3471	0
3472	0
3473	1
3474	2
3475	1
3476	0
3477	0
3478	0
3479	0
3480	1
3481	3
3482	2
3483	3
3484	0
3485	0
3486	0
3487	0
3488	0
3489	0
3490	3
3491	2
3492	0
3493	3
3494	0
3495	3
3496	2
3497	0
3498	1
3499	0
3500	0
3501	3
3502	3
3503	1
3504	1
3505	0
3506	0
3507	0
3508	0
3509	3
3510	2
3511	0
3512	0
3513	1
3514	1
3515	0
3516	0
3517	0
3518	1
3519	0
3520	2
3521	1
3522	1
3523	0
3524	3
3525	2
3526	0
3527	3
3528	2
3529	0
3530	3
3531	3
3532	2
3533	0
3534	2
3535	0
3536	3
3537	2
3538	3
3539	0
3540	0
3541	3
3542	0
3543	3
3544	1
3545	3
3546	0
3547	0
3548	0
3549	1
3550	1
3551	3
3552	0
3553	2
3554	3
3555	3
3556	2
3557	1
3558	3
3559	3
3560	3
3561	2
3562	3
3563	3
3564	3
3565	1
3566	3
3567	3
3568	2
3569	1
3570	0
3571	2
3572	3
3573	3
3574	3
3575	3
3576	3
3577	3
3578	3
3579	0
3580	3
3581	0
3582	3
3583	2
3584	2
3585	3
3586	3
3587	3
3588	3
3589	3
3590	3
3591	3
3592	0
3593	0
3594	3
3595	3
3596	3
3597	3
3598	3
3599	3
3600	3
3601	3
3602	2
3603	3
3604	2
3605	3
3606	3
3607	3
3608	3
3609	1
3610	3
3611	2
3612	3
3613	3
3614	0
3615	0
3616	0
3617	3
3618	3
3619	3
3620	0
3621	2
3622	3
3623	3
3624	3
3625	3
3626	3
3627	2
3628	0
3629	0
3630	3
3631	3
3632	2
3633	0
3634	3
3635	0
3636	1
3637	2
3638	3
3639	0
3640	3
3641	3
3642	1
3643	2
3644	0
3645	0
3646	2
3647	2
3648	1
3649	0
3650	0
3651	3
3652	0
3653	2
3654	3
3655	0
3656	0
3657	3
3658	3
3659	2
3660	0
3661	0
3662	3
3663	3
3664	3
3665	1
3666	3
3667	2
3668	0
3669	3
3670	0
3671	3
3672	1
3673	3
3674	3
3675	3
3676	3
3677	3
3678	0
3679	0
3680	1
3681	3
3682	0
3683	1
3684	3
3685	3
3686	0
3687	0
3688	0
3689	0
3690	2
3691	0
3692	0
3693	2
3694	0
3695	0
3696	3
3697	0
3698	3
3699	3
3700	0
3701	0
3702	0
3703	0
3704	0
3705	2
3706	3
3707	0
3708	0
3709	0
3710	0
3711	1
3712	3
3713	2
3714	0
3715	0
3716	3
3717	1
3718	0
3719	0
3720	1
3721	0
3722	0
3723	3
3724	3
3725	2
3726	1
3727	0
3728	0
3729	0
3730	0
3731	0
3732	0
3733	0
3734	0
3735	3
3736	0
3737	3
3738	2
3739	3
3740	3
3741	3
3742	0
3743	0
3744	0
3745	1
3746	0
3747	1
3748	0
3749	3
3750	3
3751	3
3752	2
3753	1
3754	0
3755	0
3756	0
3757	3
3758	0
3759	3
3760	3
3761	3
3762	0
3763	2
3764	0
3765	3
3766	3
3767	3
3768	0
3769	3
3770	3
3771	2
3772	3
3773	3
3774	0
3775	0
3776	0
3777	3
3778	1
3779	2
3780	2
3781	0
3782	0
3783	3
3784	0
3785	2
3786	3
3787	0
3788	3
3789	3
3790	0
3791	0
3792	0
3793	0
3794	3
3795	0
3796	0
3797	3
3798	0
3799	3
3800	0
3801	0
3802	0
3803	1
3804	0
3805	0
3806	3
3807	0
3808	3
3809	1
3810	0
3811	3
3812	0
3813	1
3814	0
3815	0
3816	1
3817	2
3818	3
3819	1
3820	3
3821	2
3822	0
3823	3
3824	0
3825	0
3826	0
3827	0
3828	3
3829	0
3830	2
3831	0
3832	3
3833	3
3834	0
3835	3
3836	2
3837	2
3838	0
3839	1
3840	3
3841	0
3842	3
3843	0
3844	1
3845	0
3846	2
3847	3
3848	0
3849	0
3850	3
3851	1
3852	0
3853	0
3854	2
3855	0
3856	2
3857	3
3858	2
3859	2
3860	3
3861	0
3862	0
3863	3
3864	1
3865	3
3866	3
3867	0
3868	1
3869	3
3870	0
3871	1
3872	0
3873	3
3874	0
3875	0
3876	0
3877	0
3878	0
3879	0
3880	0
3881	3
3882	0
3883	2
3884	0
3885	0
3886	2
3887	0
3888	3
3889	0
3890	3
3891	3
3892	0
3893	1
3894	1
3895	0
3896	0
3897	0
3898	3
3899	0
3900	0
3901	3
3902	0
3903	0
3904	0
3905	3
3906	3
3907	0
3908	3
3909	1
3910	2
3911	2
3912	0
3913	3
3914	3
3915	2
3916	0
3917	3
3918	0
3919	2
3920	3
3921	3
3922	0
3923	3
3924	3
3925	0
3926	1
3927	0
3928	1
3929	0
3930	3
3931	3
3932	0
3933	0
3934	3
3935	3
3936	1
3937	3
3938	0
3939	0
3940	3
3941	3
3942	3
3943	3
3944	3
3945	0
3946	0
3947	1
3948	3
3949	3
3950	1
3951	0
3952	0
3953	0
3954	3
3955	3
3956	1
3957	0
3958	3
3959	1
3960	0
3961	3
3962	0
3963	3
3964	1
3965	0
3966	3
3967	0
3968	3
3969	0
3970	2
3971	1
3972	0
3973	1
3974	0
3975	3
3976	0
3977	3
3978	3
3979	1
3980	3
3981	0
3982	0
3983	2
3984	3
3985	3
3986	3
3987	3
3988	0
3989	3
3990	0
3991	0
3992	0
3993	0
3994	0
3995	3
3996	3
3997	3
3998	0
3999	1
4000	3
4001	3
4002	0
4003	3
4004	0
4005	3
4006	0
4007	3
4008	2
4009	0
4010	3
4011	3
4012	0
4013	1
4014	3
4015	3
4016	0
4017	3
4018	1
4019	3
4020	0
4021	0
4022	1
4023	3
4024	0
4025	3
4026	3
4027	3
4028	2
4029	2
4030	1
4031	3
4032	2
4033	1
4034	3
4035	3
4036	1
4037	0
4038	0
4039	2
4040	0
4041	2
4042	2
4043	3
4044	1
4045	3
4046	0
4047	0
4048	0
4049	0
4050	0
4051	0
4052	1
4053	0
4054	3
4055	0
4056	2
4057	2
4058	1
4059	0
4060	2
4061	3
4062	3
4063	3
4064	0
4065	0
4066	2
4067	0
4068	3
4069	2
4070	0
4071	0
4072	0
4073	0
4074	2
4075	0
4076	3
4077	0
4078	0
4079	0
4080	3
4081	0
4082	0
4083	0
4084	2
4085	0
4086	1
4087	3
4088	0
4089	0
4090	3
4091	0
4092	3
4093	0
4094	2
4095	3
