COMMAND
./sim gshare 13 9 ./proj2-traces/perl_trace.txt
OUTPUT
number of predictions:2000000
number of mispredictions:101013
misprediction rate:   5.05%
FINAL GSHARE CONTENTS
0	3
1	0
2	3
3	3
4	1
5	1
6	0
7	2
8	2
9	1
10	3
11	3
12	1
13	2
14	1
15	2
16	3
17	0
18	0
19	3
20	1
21	3
22	3
23	3
24	0
25	2
26	0
27	2
28	0
29	0
30	3
31	3
32	0
33	2
34	3
35	1
36	2
37	1
38	2
39	2
40	2
41	2
42	3
43	2
44	0
45	2
46	3
47	3
48	2
49	1
50	2
51	3
52	3
53	1
54	3
55	3
56	2
57	2
58	0
59	3
60	0
61	0
62	3
63	0
64	3
65	3
66	2
67	2
68	3
69	3
70	3
71	0
72	1
73	2
74	3
75	3
76	2
77	2
78	2
79	1
80	0
81	3
82	1
83	2
84	2
85	0
86	2
87	0
88	2
89	3
90	2
91	1
92	3
93	2
94	2
95	3
96	3
97	3
98	2
99	2
100	1
101	0
102	0
103	3
104	2
105	2
106	3
107	3
108	3
109	3
110	0
111	2
112	3
113	2
114	3
115	0
116	3
117	0
118	3
119	0
120	2
121	2
122	3
123	2
124	3
125	3
126	3
127	0
128	0
129	2
130	2
131	2
132	2
133	2
134	2
135	3
136	2
137	0
138	1
139	2
140	2
141	3
142	1
143	3
144	3
145	2
146	3
147	2
148	2
149	3
150	2
151	3
152	2
153	0
154	3
155	2
156	3
157	2
158	0
159	2
160	3
161	3
162	0
163	0
164	2
165	0
166	3
167	2
168	1
169	3
170	3
171	0
172	2
173	3
174	0
175	3
176	3
177	1
178	1
179	0
180	2
181	2
182	3
183	0
184	1
185	0
186	3
187	1
188	1
189	1
190	0
191	1
192	2
193	1
194	2
195	2
196	2
197	2
198	0
199	0
200	2
201	2
202	3
203	2
204	2
205	3
206	3
207	2
208	0
209	0
210	3
211	2
212	2
213	0
214	2
215	3
216	3
217	2
218	0
219	2
220	2
221	2
222	3
223	2
224	3
225	3
226	2
227	1
228	2
229	2
230	2
231	0
232	2
233	3
234	0
235	2
236	0
237	3
238	3
239	1
240	3
241	2
242	2
243	1
244	2
245	3
246	2
247	0
248	3
249	3
250	3
251	3
252	1
253	3
254	3
255	2
256	3
257	2
258	2
259	2
260	2
261	3
262	0
263	2
264	2
265	2
266	3
267	2
268	1
269	3
270	3
271	3
272	3
273	1
274	0
275	1
276	2
277	1
278	3
279	0
280	3
281	2
282	3
283	2
284	3
285	2
286	3
287	3
288	3
289	3
290	2
291	3
292	2
293	3
294	3
295	2
296	2
297	2
298	2
299	0
300	3
301	3
302	3
303	3
304	3
305	1
306	3
307	2
308	2
309	3
310	0
311	0
312	2
313	2
314	3
315	0
316	3
317	3
318	3
319	3
320	3
321	2
322	3
323	2
324	1
325	3
326	3
327	2
328	3
329	2
330	3
331	0
332	3
333	2
334	2
335	1
336	2
337	2
338	0
339	0
340	1
341	1
342	0
343	2
344	2
345	0
346	3
347	0
348	2
349	2
350	2
351	2
352	0
353	2
354	2
355	0
356	2
357	2
358	3
359	2
360	0
361	2
362	2
363	0
364	2
365	3
366	1
367	3
368	0
369	2
370	2
371	2
372	2
373	2
374	0
375	2
376	2
377	2
378	2
379	3
380	2
381	3
382	2
383	3
384	3
385	3
386	2
387	3
388	2
389	0
390	3
391	1
392	3
393	2
394	3
395	2
396	2
397	3
398	3
399	0
400	3
401	3
402	2
403	2
404	2
405	2
406	0
407	2
408	2
409	1
410	3
411	2
412	1
413	2
414	2
415	3
416	3
417	0
418	2
419	2
420	2
421	1
422	2
423	1
424	2
425	2
426	3
427	1
428	2
429	3
430	3
431	2
432	3
433	1
434	2
435	2
436	3
437	2
438	3
439	0
440	2
441	2
442	2
443	2
444	2
445	2
446	3
447	3
448	3
449	1
450	2
451	0
452	2
453	2
454	3
455	1
456	2
457	1
458	2
459	2
460	0
461	3
462	2
463	2
464	3
465	1
466	3
467	0
468	2
469	2
470	2
471	0
472	2
473	2
474	2
475	3
476	3
477	3
478	2
479	0
480	3
481	1
482	2
483	2
484	2
485	0
486	0
487	0
488	0
489	0
490	3
491	2
492	2
493	3
494	3
495	2
496	2
497	3
498	1
499	0
500	2
501	2
502	0
503	0
504	2
505	2
506	3
507	3
508	2
509	3
510	2
511	3
512	2
513	2
514	2
515	2
516	2
517	0
518	3
519	0
520	0
521	3
522	3
523	3
524	3
525	3
526	3
527	3
528	3
529	2
530	3
531	1
532	3
533	3
534	3
535	2
536	1
537	3
538	3
539	3
540	3
541	0
542	3
543	3
544	2
545	2
546	2
547	0
548	3
549	3
550	3
551	0
552	2
553	3
554	3
555	0
556	3
557	3
558	3
559	3
560	2
561	1
562	1
563	0
564	1
565	0
566	2
567	3
568	2
569	3
570	2
571	1
572	1
573	3
574	3
575	2
576	2
577	3
578	2
579	3
580	2
581	3
582	3
583	2
584	0
585	3
586	2
587	2
588	2
589	3
590	2
591	3
592	1
593	0
594	2
595	1
596	2
597	3
598	2
599	2
600	2
601	3
602	3
603	2
604	3
605	3
606	3
607	2
608	1
609	2
610	2
611	2
612	2
613	3
614	2
615	2
616	2
617	3
618	3
619	3
620	0
621	3
622	3
623	3
624	2
625	2
626	2
627	3
628	2
629	3
630	3
631	2
632	3
633	2
634	3
635	3
636	0
637	3
638	3
639	3
640	2
641	0
642	3
643	2
644	2
645	0
646	3
647	2
648	2
649	3
650	1
651	3
652	0
653	2
654	2
655	0
656	2
657	3
658	3
659	2
660	2
661	3
662	3
663	2
664	3
665	2
666	0
667	0
668	0
669	3
670	2
671	1
672	2
673	2
674	2
675	2
676	2
677	2
678	3
679	1
680	0
681	0
682	3
683	0
684	3
685	3
686	3
687	3
688	2
689	1
690	3
691	2
692	2
693	2
694	3
695	0
696	1
697	2
698	2
699	0
700	1
701	2
702	3
703	3
704	2
705	0
706	2
707	2
708	0
709	3
710	1
711	0
712	1
713	2
714	3
715	0
716	3
717	1
718	3
719	2
720	2
721	2
722	0
723	0
724	0
725	3
726	2
727	0
728	2
729	3
730	3
731	0
732	1
733	2
734	3
735	3
736	2
737	0
738	2
739	2
740	1
741	2
742	2
743	2
744	1
745	2
746	1
747	0
748	3
749	2
750	0
751	0
752	2
753	2
754	1
755	0
756	2
757	1
758	3
759	0
760	0
761	3
762	3
763	1
764	3
765	2
766	3
767	0
768	2
769	3
770	3
771	2
772	2
773	2
774	3
775	1
776	1
777	3
778	2
779	0
780	3
781	3
782	3
783	3
784	1
785	1
786	3
787	2
788	2
789	2
790	3
791	0
792	2
793	2
794	2
795	3
796	3
797	3
798	3
799	3
800	2
801	3
802	3
803	3
804	2
805	1
806	3
807	0
808	3
809	3
810	3
811	2
812	2
813	2
814	3
815	3
816	2
817	3
818	3
819	3
820	2
821	1
822	0
823	2
824	2
825	2
826	1
827	2
828	2
829	2
830	3
831	3
832	3
833	3
834	2
835	3
836	2
837	3
838	0
839	0
840	2
841	2
842	2
843	3
844	3
845	2
846	3
847	2
848	0
849	2
850	3
851	3
852	2
853	2
854	2
855	0
856	3
857	2
858	3
859	2
860	3
861	2
862	3
863	1
864	0
865	1
866	2
867	2
868	2
869	2
870	2
871	1
872	2
873	3
874	3
875	2
876	3
877	3
878	2
879	2
880	2
881	2
882	3
883	3
884	2
885	1
886	2
887	0
888	2
889	2
890	3
891	2
892	2
893	3
894	3
895	0
896	1
897	0
898	2
899	2
900	1
901	2
902	3
903	0
904	2
905	3
906	3
907	1
908	3
909	2
910	3
911	0
912	2
913	1
914	3
915	2
916	2
917	3
918	2
919	2
920	2
921	2
922	3
923	2
924	3
925	0
926	3
927	3
928	2
929	0
930	3
931	2
932	2
933	1
934	2
935	3
936	3
937	3
938	3
939	2
940	3
941	3
942	3
943	3
944	2
945	2
946	3
947	2
948	2
949	2
950	2
951	0
952	3
953	2
954	0
955	1
956	2
957	3
958	3
959	0
960	1
961	3
962	3
963	2
964	2
965	2
966	3
967	3
968	3
969	2
970	3
971	0
972	3
973	2
974	3
975	3
976	3
977	2
978	3
979	0
980	2
981	2
982	2
983	1
984	3
985	3
986	3
987	2
988	0
989	3
990	3
991	0
992	1
993	3
994	3
995	0
996	2
997	2
998	2
999	0
1000	2
1001	3
1002	3
1003	2
1004	1
1005	3
1006	3
1007	2
1008	2
1009	3
1010	3
1011	2
1012	1
1013	2
1014	2
1015	1
1016	2
1017	3
1018	3
1019	2
1020	2
1021	3
1022	3
1023	3
1024	0
1025	1
1026	0
1027	3
1028	3
1029	2
1030	3
1031	0
1032	2
1033	2
1034	2
1035	0
1036	3
1037	1
1038	3
1039	3
1040	0
1041	2
1042	2
1043	3
1044	2
1045	3
1046	3
1047	3
1048	3
1049	1
1050	3
1051	3
1052	0
1053	3
1054	3
1055	3
1056	0
1057	3
1058	0
1059	0
1060	3
1061	2
1062	2
1063	0
1064	3
1065	2
1066	3
1067	3
1068	0
1069	3
1070	3
1071	3
1072	0
1073	2
1074	3
1075	2
1076	3
1077	1
1078	3
1079	0
1080	2
1081	3
1082	2
1083	0
1084	0
1085	3
1086	3
1087	3
1088	3
1089	2
1090	3
1091	2
1092	2
1093	3
1094	2
1095	2
1096	2
1097	2
1098	3
1099	3
1100	0
1101	3
1102	2
1103	1
1104	0
1105	1
1106	2
1107	3
1108	2
1109	0
1110	2
1111	2
1112	2
1113	1
1114	3
1115	2
1116	2
1117	3
1118	2
1119	2
1120	3
1121	2
1122	3
1123	0
1124	2
1125	2
1126	2
1127	0
1128	2
1129	1
1130	3
1131	2
1132	0
1133	3
1134	3
1135	2
1136	3
1137	3
1138	2
1139	3
1140	3
1141	3
1142	2
1143	3
1144	2
1145	2
1146	3
1147	3
1148	0
1149	3
1150	3
1151	2
1152	2
1153	2
1154	3
1155	3
1156	1
1157	2
1158	0
1159	0
1160	2
1161	3
1162	2
1163	0
1164	2
1165	3
1166	2
1167	3
1168	3
1169	2
1170	2
1171	3
1172	0
1173	2
1174	3
1175	1
1176	0
1177	2
1178	2
1179	2
1180	2
1181	2
1182	0
1183	3
1184	3
1185	0
1186	2
1187	2
1188	2
1189	0
1190	2
1191	0
1192	3
1193	0
1194	2
1195	3
1196	3
1197	2
1198	2
1199	2
1200	0
1201	2
1202	2
1203	3
1204	3
1205	2
1206	3
1207	0
1208	2
1209	3
1210	3
1211	3
1212	3
1213	2
1214	2
1215	3
1216	2
1217	3
1218	2
1219	0
1220	3
1221	3
1222	1
1223	3
1224	3
1225	2
1226	3
1227	3
1228	0
1229	3
1230	3
1231	3
1232	3
1233	2
1234	2
1235	3
1236	3
1237	2
1238	3
1239	0
1240	2
1241	0
1242	3
1243	3
1244	1
1245	3
1246	3
1247	0
1248	3
1249	2
1250	2
1251	3
1252	2
1253	3
1254	2
1255	0
1256	0
1257	0
1258	3
1259	2
1260	0
1261	2
1262	2
1263	2
1264	3
1265	0
1266	2
1267	0
1268	2
1269	2
1270	2
1271	2
1272	2
1273	2
1274	3
1275	3
1276	3
1277	2
1278	2
1279	2
1280	1
1281	2
1282	2
1283	2
1284	3
1285	2
1286	3
1287	3
1288	2
1289	3
1290	0
1291	2
1292	3
1293	2
1294	3
1295	2
1296	2
1297	2
1298	1
1299	2
1300	3
1301	1
1302	2
1303	0
1304	3
1305	3
1306	3
1307	1
1308	3
1309	3
1310	3
1311	2
1312	3
1313	2
1314	3
1315	3
1316	2
1317	2
1318	2
1319	0
1320	2
1321	2
1322	2
1323	2
1324	3
1325	2
1326	3
1327	3
1328	3
1329	2
1330	2
1331	2
1332	3
1333	2
1334	3
1335	0
1336	3
1337	2
1338	3
1339	2
1340	3
1341	0
1342	0
1343	3
1344	2
1345	2
1346	2
1347	2
1348	2
1349	2
1350	3
1351	0
1352	2
1353	2
1354	3
1355	3
1356	3
1357	3
1358	3
1359	2
1360	2
1361	3
1362	2
1363	3
1364	2
1365	2
1366	2
1367	3
1368	1
1369	1
1370	2
1371	2
1372	3
1373	3
1374	2
1375	1
1376	2
1377	0
1378	2
1379	2
1380	2
1381	0
1382	2
1383	2
1384	3
1385	3
1386	3
1387	2
1388	2
1389	3
1390	2
1391	0
1392	1
1393	3
1394	3
1395	2
1396	3
1397	2
1398	1
1399	3
1400	2
1401	0
1402	3
1403	2
1404	3
1405	1
1406	3
1407	2
1408	2
1409	0
1410	2
1411	3
1412	2
1413	0
1414	2
1415	2
1416	3
1417	3
1418	2
1419	2
1420	3
1421	0
1422	1
1423	1
1424	2
1425	2
1426	0
1427	2
1428	3
1429	2
1430	3
1431	2
1432	3
1433	0
1434	2
1435	1
1436	2
1437	2
1438	2
1439	3
1440	3
1441	1
1442	2
1443	2
1444	3
1445	1
1446	3
1447	0
1448	2
1449	3
1450	3
1451	2
1452	3
1453	0
1454	3
1455	1
1456	1
1457	2
1458	3
1459	2
1460	2
1461	0
1462	3
1463	0
1464	3
1465	0
1466	1
1467	3
1468	3
1469	0
1470	2
1471	0
1472	0
1473	2
1474	0
1475	3
1476	3
1477	1
1478	3
1479	3
1480	2
1481	2
1482	3
1483	2
1484	3
1485	2
1486	3
1487	3
1488	0
1489	2
1490	0
1491	3
1492	2
1493	3
1494	3
1495	0
1496	3
1497	2
1498	3
1499	2
1500	0
1501	0
1502	2
1503	3
1504	3
1505	0
1506	2
1507	3
1508	1
1509	3
1510	3
1511	3
1512	3
1513	3
1514	2
1515	1
1516	3
1517	3
1518	3
1519	2
1520	3
1521	2
1522	3
1523	2
1524	3
1525	3
1526	2
1527	2
1528	0
1529	3
1530	3
1531	2
1532	3
1533	3
1534	2
1535	2
1536	3
1537	2
1538	3
1539	2
1540	2
1541	3
1542	3
1543	1
1544	3
1545	3
1546	2
1547	2
1548	3
1549	0
1550	3
1551	3
1552	3
1553	1
1554	2
1555	2
1556	1
1557	3
1558	2
1559	0
1560	2
1561	2
1562	3
1563	3
1564	2
1565	3
1566	3
1567	3
1568	3
1569	2
1570	0
1571	0
1572	2
1573	0
1574	3
1575	3
1576	2
1577	2
1578	3
1579	2
1580	2
1581	3
1582	0
1583	3
1584	3
1585	0
1586	3
1587	3
1588	1
1589	0
1590	2
1591	2
1592	2
1593	2
1594	3
1595	2
1596	3
1597	3
1598	3
1599	3
1600	3
1601	2
1602	2
1603	3
1604	2
1605	3
1606	3
1607	1
1608	3
1609	3
1610	2
1611	2
1612	2
1613	3
1614	2
1615	2
1616	2
1617	3
1618	0
1619	2
1620	2
1621	0
1622	2
1623	1
1624	2
1625	2
1626	3
1627	2
1628	2
1629	0
1630	3
1631	3
1632	3
1633	0
1634	0
1635	1
1636	3
1637	0
1638	3
1639	3
1640	2
1641	2
1642	2
1643	2
1644	2
1645	0
1646	2
1647	3
1648	3
1649	3
1650	0
1651	3
1652	3
1653	2
1654	2
1655	1
1656	3
1657	1
1658	3
1659	2
1660	2
1661	0
1662	2
1663	3
1664	3
1665	0
1666	2
1667	3
1668	2
1669	2
1670	1
1671	3
1672	0
1673	2
1674	3
1675	2
1676	2
1677	2
1678	3
1679	2
1680	3
1681	0
1682	2
1683	0
1684	3
1685	2
1686	3
1687	3
1688	3
1689	1
1690	3
1691	3
1692	2
1693	0
1694	3
1695	1
1696	2
1697	1
1698	3
1699	3
1700	2
1701	0
1702	2
1703	3
1704	0
1705	1
1706	2
1707	3
1708	3
1709	3
1710	0
1711	2
1712	3
1713	2
1714	3
1715	2
1716	2
1717	1
1718	1
1719	2
1720	0
1721	2
1722	2
1723	2
1724	3
1725	0
1726	3
1727	2
1728	3
1729	2
1730	3
1731	2
1732	3
1733	2
1734	2
1735	3
1736	0
1737	2
1738	3
1739	2
1740	2
1741	3
1742	3
1743	3
1744	2
1745	3
1746	3
1747	0
1748	3
1749	2
1750	3
1751	2
1752	3
1753	2
1754	0
1755	2
1756	3
1757	2
1758	3
1759	1
1760	1
1761	2
1762	3
1763	0
1764	2
1765	2
1766	0
1767	2
1768	0
1769	3
1770	0
1771	2
1772	3
1773	3
1774	3
1775	3
1776	3
1777	0
1778	1
1779	3
1780	2
1781	0
1782	0
1783	2
1784	3
1785	2
1786	0
1787	0
1788	2
1789	2
1790	2
1791	0
1792	3
1793	2
1794	2
1795	1
1796	2
1797	3
1798	3
1799	0
1800	0
1801	2
1802	1
1803	0
1804	3
1805	3
1806	2
1807	3
1808	2
1809	3
1810	1
1811	2
1812	3
1813	2
1814	3
1815	0
1816	1
1817	2
1818	3
1819	3
1820	3
1821	1
1822	3
1823	1
1824	2
1825	2
1826	2
1827	3
1828	2
1829	3
1830	1
1831	0
1832	2
1833	3
1834	3
1835	1
1836	2
1837	2
1838	3
1839	2
1840	3
1841	2
1842	3
1843	3
1844	2
1845	1
1846	0
1847	0
1848	0
1849	0
1850	0
1851	1
1852	3
1853	2
1854	2
1855	2
1856	1
1857	2
1858	0
1859	2
1860	0
1861	2
1862	3
1863	0
1864	2
1865	0
1866	3
1867	3
1868	2
1869	0
1870	3
1871	0
1872	1
1873	2
1874	3
1875	1
1876	2
1877	2
1878	3
1879	0
1880	0
1881	0
1882	0
1883	2
1884	2
1885	0
1886	2
1887	2
1888	1
1889	3
1890	3
1891	0
1892	1
1893	1
1894	0
1895	0
1896	2
1897	0
1898	0
1899	2
1900	2
1901	0
1902	2
1903	2
1904	3
1905	0
1906	3
1907	1
1908	3
1909	2
1910	1
1911	1
1912	3
1913	0
1914	1
1915	0
1916	2
1917	0
1918	2
1919	2
1920	3
1921	2
1922	0
1923	1
1924	0
1925	1
1926	2
1927	1
1928	0
1929	2
1930	3
1931	0
1932	1
1933	2
1934	0
1935	2
1936	2
1937	1
1938	2
1939	2
1940	2
1941	2
1942	2
1943	3
1944	0
1945	3
1946	0
1947	2
1948	2
1949	0
1950	3
1951	0
1952	1
1953	2
1954	2
1955	2
1956	0
1957	0
1958	3
1959	2
1960	0
1961	2
1962	0
1963	2
1964	0
1965	3
1966	2
1967	2
1968	2
1969	2
1970	3
1971	3
1972	2
1973	2
1974	3
1975	2
1976	0
1977	3
1978	0
1979	0
1980	2
1981	3
1982	2
1983	2
1984	1
1985	0
1986	2
1987	3
1988	2
1989	3
1990	2
1991	3
1992	0
1993	2
1994	0
1995	2
1996	2
1997	0
1998	2
1999	0
2000	3
2001	0
2002	2
2003	1
2004	2
2005	2
2006	2
2007	3
2008	1
2009	2
2010	1
2011	3
2012	1
2013	0
2014	2
2015	2
2016	3
2017	2
2018	3
2019	2
2020	2
2021	3
2022	3
2023	3
2024	0
2025	2
2026	2
2027	1
2028	2
2029	3
2030	0
2031	1
2032	0
2033	0
2034	0
2035	2
2036	2
2037	0
2038	1
2039	2
2040	2
2041	2
2042	3
2043	0
2044	2
2045	2
2046	3
2047	2
2048	2
2049	2
2050	0
2051	0
2052	0
2053	3
2054	3
2055	0
2056	3
2057	2
2058	1
2059	2
2060	2
2061	1
2062	0
2063	1
2064	3
2065	0
2066	3
2067	0
2068	3
2069	0
2070	1
2071	2
2072	3
2073	2
2074	0
2075	2
2076	3
2077	2
2078	3
2079	3
2080	3
2081	2
2082	3
2083	3
2084	2
2085	0
2086	3
2087	1
2088	3
2089	2
2090	3
2091	2
2092	2
2093	0
2094	0
2095	0
2096	3
2097	0
2098	3
2099	0
2100	2
2101	1
2102	3
2103	2
2104	3
2105	2
2106	1
2107	3
2108	3
2109	2
2110	2
2111	3
2112	3
2113	2
2114	3
2115	0
2116	2
2117	3
2118	3
2119	3
2120	3
2121	2
2122	3
2123	2
2124	3
2125	2
2126	3
2127	2
2128	2
2129	1
2130	3
2131	0
2132	2
2133	0
2134	2
2135	3
2136	0
2137	2
2138	3
2139	3
2140	3
2141	2
2142	1
2143	3
2144	3
2145	1
2146	3
2147	0
2148	2
2149	0
2150	3
2151	2
2152	3
2153	1
2154	2
2155	0
2156	2
2157	2
2158	3
2159	3
2160	3
2161	1
2162	0
2163	1
2164	2
2165	1
2166	3
2167	3
2168	3
2169	2
2170	3
2171	2
2172	3
2173	3
2174	0
2175	2
2176	2
2177	3
2178	3
2179	0
2180	2
2181	2
2182	1
2183	2
2184	3
2185	2
2186	3
2187	2
2188	3
2189	0
2190	3
2191	0
2192	2
2193	2
2194	1
2195	3
2196	2
2197	1
2198	2
2199	2
2200	1
2201	0
2202	2
2203	2
2204	3
2205	3
2206	3
2207	3
2208	3
2209	0
2210	3
2211	0
2212	3
2213	2
2214	3
2215	2
2216	1
2217	3
2218	0
2219	2
2220	2
2221	0
2222	3
2223	3
2224	2
2225	2
2226	3
2227	0
2228	2
2229	0
2230	3
2231	2
2232	3
2233	0
2234	3
2235	3
2236	3
2237	3
2238	3
2239	3
2240	3
2241	3
2242	3
2243	3
2244	0
2245	3
2246	0
2247	1
2248	3
2249	2
2250	1
2251	2
2252	2
2253	0
2254	3
2255	2
2256	3
2257	1
2258	1
2259	0
2260	3
2261	0
2262	3
2263	1
2264	3
2265	0
2266	0
2267	3
2268	2
2269	2
2270	3
2271	3
2272	3
2273	3
2274	3
2275	1
2276	3
2277	3
2278	3
2279	3
2280	3
2281	0
2282	0
2283	2
2284	2
2285	3
2286	3
2287	2
2288	3
2289	1
2290	0
2291	0
2292	0
2293	0
2294	0
2295	2
2296	1
2297	0
2298	3
2299	2
2300	3
2301	3
2302	3
2303	2
2304	1
2305	2
2306	3
2307	2
2308	2
2309	3
2310	3
2311	2
2312	3
2313	3
2314	0
2315	2
2316	3
2317	0
2318	3
2319	2
2320	0
2321	1
2322	3
2323	2
2324	3
2325	0
2326	0
2327	0
2328	1
2329	2
2330	0
2331	2
2332	1
2333	0
2334	3
2335	2
2336	0
2337	2
2338	3
2339	0
2340	0
2341	3
2342	0
2343	0
2344	3
2345	2
2346	3
2347	2
2348	2
2349	0
2350	2
2351	3
2352	3
2353	1
2354	3
2355	3
2356	1
2357	3
2358	0
2359	0
2360	3
2361	3
2362	3
2363	2
2364	0
2365	1
2366	2
2367	3
2368	3
2369	0
2370	3
2371	3
2372	2
2373	1
2374	2
2375	3
2376	2
2377	3
2378	0
2379	2
2380	3
2381	2
2382	3
2383	2
2384	3
2385	2
2386	0
2387	3
2388	2
2389	1
2390	0
2391	1
2392	1
2393	3
2394	3
2395	0
2396	3
2397	2
2398	3
2399	2
2400	3
2401	2
2402	3
2403	3
2404	0
2405	0
2406	0
2407	1
2408	3
2409	3
2410	3
2411	3
2412	3
2413	0
2414	3
2415	3
2416	2
2417	2
2418	0
2419	3
2420	3
2421	3
2422	3
2423	1
2424	2
2425	2
2426	3
2427	2
2428	3
2429	2
2430	3
2431	2
2432	1
2433	2
2434	1
2435	2
2436	2
2437	0
2438	0
2439	0
2440	2
2441	3
2442	2
2443	1
2444	2
2445	3
2446	0
2447	2
2448	3
2449	2
2450	3
2451	2
2452	2
2453	3
2454	3
2455	3
2456	2
2457	2
2458	3
2459	0
2460	3
2461	3
2462	2
2463	2
2464	2
2465	3
2466	3
2467	1
2468	3
2469	2
2470	3
2471	1
2472	3
2473	3
2474	3
2475	0
2476	2
2477	0
2478	2
2479	3
2480	3
2481	3
2482	3
2483	3
2484	2
2485	1
2486	3
2487	3
2488	3
2489	3
2490	3
2491	2
2492	3
2493	3
2494	2
2495	2
2496	3
2497	2
2498	0
2499	1
2500	2
2501	3
2502	1
2503	1
2504	3
2505	2
2506	3
2507	3
2508	2
2509	0
2510	3
2511	2
2512	0
2513	2
2514	3
2515	2
2516	2
2517	0
2518	3
2519	1
2520	2
2521	2
2522	0
2523	2
2524	3
2525	2
2526	3
2527	2
2528	3
2529	3
2530	3
2531	0
2532	0
2533	2
2534	3
2535	1
2536	3
2537	0
2538	3
2539	3
2540	3
2541	1
2542	3
2543	3
2544	3
2545	2
2546	0
2547	0
2548	2
2549	3
2550	3
2551	0
2552	2
2553	3
2554	3
2555	2
2556	0
2557	2
2558	0
2559	3
2560	2
2561	3
2562	0
2563	2
2564	2
2565	2
2566	3
2567	0
2568	3
2569	0
2570	3
2571	2
2572	2
2573	0
2574	2
2575	3
2576	0
2577	3
2578	1
2579	0
2580	2
2581	3
2582	3
2583	2
2584	3
2585	0
2586	0
2587	0
2588	2
2589	2
2590	3
2591	0
2592	1
2593	1
2594	3
2595	0
2596	2
2597	1
2598	0
2599	2
2600	0
2601	0
2602	2
2603	2
2604	2
2605	0
2606	3
2607	0
2608	3
2609	2
2610	2
2611	0
2612	3
2613	2
2614	3
2615	3
2616	3
2617	3
2618	3
2619	2
2620	2
2621	0
2622	2
2623	1
2624	3
2625	2
2626	3
2627	2
2628	2
2629	3
2630	3
2631	2
2632	3
2633	0
2634	3
2635	2
2636	2
2637	1
2638	2
2639	3
2640	1
2641	2
2642	3
2643	2
2644	2
2645	3
2646	3
2647	2
2648	2
2649	0
2650	0
2651	0
2652	2
2653	3
2654	3
2655	3
2656	2
2657	2
2658	3
2659	3
2660	2
2661	0
2662	3
2663	0
2664	3
2665	0
2666	3
2667	0
2668	3
2669	1
2670	2
2671	0
2672	3
2673	3
2674	3
2675	3
2676	3
2677	0
2678	3
2679	0
2680	0
2681	0
2682	3
2683	0
2684	2
2685	2
2686	1
2687	1
2688	2
2689	0
2690	3
2691	2
2692	0
2693	0
2694	0
2695	3
2696	1
2697	0
2698	3
2699	1
2700	3
2701	3
2702	3
2703	3
2704	2
2705	2
2706	3
2707	0
2708	1
2709	1
2710	3
2711	2
2712	2
2713	0
2714	0
2715	0
2716	2
2717	2
2718	3
2719	3
2720	2
2721	0
2722	0
2723	0
2724	3
2725	1
2726	3
2727	3
2728	0
2729	0
2730	3
2731	1
2732	2
2733	0
2734	3
2735	3
2736	1
2737	3
2738	3
2739	0
2740	3
2741	0
2742	3
2743	3
2744	0
2745	0
2746	3
2747	2
2748	3
2749	3
2750	3
2751	3
2752	2
2753	1
2754	3
2755	2
2756	2
2757	1
2758	3
2759	3
2760	0
2761	0
2762	3
2763	2
2764	2
2765	2
2766	2
2767	3
2768	3
2769	3
2770	3
2771	3
2772	3
2773	2
2774	1
2775	2
2776	2
2777	0
2778	3
2779	2
2780	2
2781	3
2782	3
2783	3
2784	2
2785	1
2786	3
2787	2
2788	3
2789	3
2790	3
2791	0
2792	0
2793	0
2794	3
2795	2
2796	2
2797	3
2798	3
2799	3
2800	3
2801	2
2802	0
2803	3
2804	2
2805	3
2806	2
2807	2
2808	2
2809	0
2810	3
2811	2
2812	2
2813	1
2814	3
2815	0
2816	1
2817	2
2818	0
2819	2
2820	1
2821	3
2822	3
2823	2
2824	3
2825	0
2826	3
2827	2
2828	2
2829	3
2830	3
2831	3
2832	2
2833	2
2834	3
2835	3
2836	0
2837	3
2838	3
2839	3
2840	1
2841	3
2842	2
2843	2
2844	0
2845	3
2846	0
2847	2
2848	2
2849	1
2850	3
2851	0
2852	2
2853	3
2854	3
2855	2
2856	2
2857	0
2858	2
2859	2
2860	0
2861	3
2862	3
2863	2
2864	2
2865	3
2866	0
2867	1
2868	2
2869	0
2870	0
2871	2
2872	3
2873	0
2874	2
2875	1
2876	2
2877	3
2878	3
2879	3
2880	3
2881	0
2882	3
2883	0
2884	3
2885	1
2886	0
2887	2
2888	3
2889	3
2890	3
2891	3
2892	2
2893	3
2894	2
2895	3
2896	3
2897	0
2898	3
2899	3
2900	3
2901	3
2902	3
2903	2
2904	2
2905	3
2906	3
2907	3
2908	0
2909	0
2910	3
2911	3
2912	2
2913	3
2914	1
2915	0
2916	3
2917	3
2918	3
2919	0
2920	2
2921	0
2922	3
2923	2
2924	3
2925	3
2926	2
2927	3
2928	2
2929	3
2930	3
2931	0
2932	3
2933	0
2934	2
2935	2
2936	3
2937	0
2938	3
2939	0
2940	1
2941	3
2942	2
2943	3
2944	3
2945	3
2946	0
2947	3
2948	3
2949	3
2950	3
2951	2
2952	0
2953	1
2954	3
2955	1
2956	3
2957	2
2958	3
2959	3
2960	0
2961	3
2962	0
2963	3
2964	3
2965	2
2966	3
2967	3
2968	0
2969	2
2970	3
2971	2
2972	3
2973	3
2974	3
2975	3
2976	2
2977	3
2978	0
2979	3
2980	3
2981	3
2982	3
2983	3
2984	0
2985	0
2986	3
2987	3
2988	3
2989	3
2990	0
2991	2
2992	2
2993	3
2994	0
2995	0
2996	3
2997	3
2998	3
2999	1
3000	3
3001	0
3002	2
3003	2
3004	3
3005	0
3006	0
3007	2
3008	3
3009	0
3010	3
3011	0
3012	2
3013	0
3014	3
3015	2
3016	0
3017	0
3018	3
3019	2
3020	2
3021	2
3022	3
3023	2
3024	2
3025	0
3026	3
3027	0
3028	3
3029	0
3030	3
3031	2
3032	2
3033	2
3034	3
3035	0
3036	3
3037	3
3038	0
3039	3
3040	2
3041	0
3042	2
3043	1
3044	2
3045	3
3046	3
3047	0
3048	0
3049	0
3050	3
3051	0
3052	2
3053	3
3054	3
3055	3
3056	2
3057	0
3058	0
3059	3
3060	3
3061	3
3062	3
3063	0
3064	2
3065	1
3066	3
3067	1
3068	0
3069	3
3070	3
3071	3
3072	3
3073	0
3074	3
3075	1
3076	2
3077	1
3078	3
3079	3
3080	2
3081	2
3082	3
3083	2
3084	3
3085	1
3086	0
3087	3
3088	3
3089	3
3090	1
3091	1
3092	2
3093	1
3094	2
3095	2
3096	3
3097	1
3098	3
3099	2
3100	3
3101	1
3102	0
3103	3
3104	2
3105	0
3106	1
3107	2
3108	2
3109	3
3110	3
3111	1
3112	2
3113	2
3114	0
3115	3
3116	3
3117	2
3118	0
3119	2
3120	3
3121	2
3122	2
3123	2
3124	3
3125	2
3126	0
3127	3
3128	3
3129	2
3130	3
3131	3
3132	3
3133	1
3134	0
3135	0
3136	2
3137	3
3138	3
3139	3
3140	2
3141	3
3142	1
3143	3
3144	2
3145	2
3146	2
3147	3
3148	3
3149	2
3150	0
3151	2
3152	2
3153	3
3154	0
3155	3
3156	3
3157	1
3158	2
3159	2
3160	3
3161	3
3162	3
3163	2
3164	3
3165	3
3166	2
3167	0
3168	2
3169	0
3170	3
3171	0
3172	1
3173	0
3174	2
3175	2
3176	2
3177	2
3178	3
3179	2
3180	3
3181	2
3182	0
3183	1
3184	1
3185	3
3186	0
3187	2
3188	2
3189	2
3190	1
3191	2
3192	3
3193	2
3194	3
3195	2
3196	3
3197	2
3198	3
3199	2
3200	3
3201	2
3202	2
3203	1
3204	2
3205	3
3206	3
3207	2
3208	2
3209	2
3210	3
3211	2
3212	3
3213	2
3214	3
3215	3
3216	0
3217	3
3218	2
3219	0
3220	2
3221	0
3222	2
3223	0
3224	3
3225	0
3226	0
3227	2
3228	1
3229	2
3230	3
3231	3
3232	0
3233	3
3234	0
3235	2
3236	3
3237	2
3238	0
3239	0
3240	2
3241	0
3242	2
3243	3
3244	2
3245	0
3246	3
3247	1
3248	0
3249	0
3250	0
3251	2
3252	0
3253	2
3254	1
3255	1
3256	3
3257	1
3258	3
3259	2
3260	2
3261	1
3262	3
3263	2
3264	0
3265	3
3266	0
3267	3
3268	2
3269	0
3270	3
3271	0
3272	0
3273	2
3274	2
3275	1
3276	3
3277	1
3278	3
3279	3
3280	2
3281	3
3282	0
3283	0
3284	0
3285	2
3286	2
3287	2
3288	0
3289	0
3290	2
3291	2
3292	2
3293	2
3294	3
3295	3
3296	2
3297	1
3298	0
3299	1
3300	3
3301	1
3302	2
3303	3
3304	3
3305	2
3306	0
3307	3
3308	2
3309	3
3310	2
3311	3
3312	0
3313	0
3314	0
3315	1
3316	2
3317	2
3318	2
3319	2
3320	3
3321	2
3322	1
3323	2
3324	1
3325	1
3326	3
3327	0
3328	3
3329	3
3330	2
3331	3
3332	2
3333	2
3334	3
3335	3
3336	3
3337	2
3338	3
3339	2
3340	0
3341	0
3342	3
3343	2
3344	3
3345	3
3346	3
3347	3
3348	0
3349	2
3350	3
3351	0
3352	3
3353	0
3354	3
3355	0
3356	3
3357	2
3358	0
3359	2
3360	0
3361	3
3362	0
3363	1
3364	2
3365	0
3366	3
3367	0
3368	2
3369	0
3370	1
3371	2
3372	3
3373	2
3374	3
3375	3
3376	1
3377	3
3378	0
3379	3
3380	3
3381	2
3382	3
3383	1
3384	3
3385	2
3386	3
3387	2
3388	3
3389	0
3390	3
3391	3
3392	2
3393	2
3394	3
3395	1
3396	2
3397	0
3398	2
3399	2
3400	2
3401	1
3402	3
3403	2
3404	2
3405	3
3406	2
3407	3
3408	2
3409	0
3410	3
3411	0
3412	2
3413	3
3414	3
3415	0
3416	1
3417	2
3418	3
3419	2
3420	2
3421	1
3422	3
3423	3
3424	0
3425	3
3426	2
3427	3
3428	3
3429	0
3430	3
3431	0
3432	2
3433	2
3434	3
3435	2
3436	1
3437	2
3438	3
3439	3
3440	3
3441	3
3442	1
3443	2
3444	3
3445	2
3446	3
3447	2
3448	0
3449	2
3450	3
3451	2
3452	0
3453	1
3454	0
3455	3
3456	3
3457	0
3458	0
3459	2
3460	3
3461	0
3462	3
3463	0
3464	2
3465	3
3466	1
3467	2
3468	3
3469	0
3470	2
3471	0
3472	0
3473	2
3474	2
3475	2
3476	3
3477	0
3478	2
3479	3
3480	2
3481	0
3482	3
3483	2
3484	1
3485	0
3486	2
3487	1
3488	2
3489	2
3490	3
3491	3
3492	2
3493	0
3494	0
3495	3
3496	2
3497	3
3498	3
3499	2
3500	2
3501	0
3502	0
3503	3
3504	1
3505	2
3506	3
3507	3
3508	3
3509	3
3510	3
3511	0
3512	2
3513	1
3514	0
3515	2
3516	3
3517	1
3518	3
3519	0
3520	2
3521	3
3522	2
3523	2
3524	3
3525	1
3526	3
3527	0
3528	3
3529	3
3530	3
3531	3
3532	2
3533	0
3534	3
3535	3
3536	2
3537	2
3538	2
3539	3
3540	3
3541	3
3542	3
3543	3
3544	3
3545	3
3546	3
3547	3
3548	0
3549	3
3550	3
3551	0
3552	0
3553	2
3554	3
3555	2
3556	2
3557	2
3558	2
3559	0
3560	3
3561	0
3562	3
3563	2
3564	3
3565	0
3566	3
3567	3
3568	0
3569	2
3570	3
3571	2
3572	2
3573	3
3574	2
3575	3
3576	3
3577	0
3578	3
3579	3
3580	2
3581	0
3582	3
3583	2
3584	1
3585	0
3586	0
3587	2
3588	2
3589	3
3590	2
3591	2
3592	3
3593	0
3594	0
3595	3
3596	3
3597	0
3598	3
3599	3
3600	2
3601	3
3602	3
3603	1
3604	2
3605	0
3606	0
3607	3
3608	3
3609	0
3610	0
3611	2
3612	2
3613	3
3614	2
3615	3
3616	0
3617	3
3618	3
3619	3
3620	2
3621	2
3622	3
3623	2
3624	1
3625	2
3626	3
3627	3
3628	1
3629	1
3630	3
3631	2
3632	0
3633	3
3634	3
3635	3
3636	3
3637	2
3638	1
3639	0
3640	3
3641	2
3642	3
3643	3
3644	1
3645	2
3646	3
3647	2
3648	3
3649	2
3650	2
3651	3
3652	3
3653	1
3654	1
3655	0
3656	3
3657	2
3658	2
3659	2
3660	1
3661	2
3662	0
3663	0
3664	0
3665	3
3666	3
3667	0
3668	1
3669	2
3670	3
3671	3
3672	2
3673	1
3674	3
3675	2
3676	2
3677	2
3678	3
3679	2
3680	1
3681	3
3682	3
3683	3
3684	3
3685	1
3686	2
3687	3
3688	2
3689	1
3690	0
3691	0
3692	3
3693	2
3694	3
3695	2
3696	0
3697	3
3698	0
3699	3
3700	2
3701	1
3702	2
3703	0
3704	3
3705	0
3706	2
3707	2
3708	0
3709	2
3710	0
3711	2
3712	2
3713	3
3714	3
3715	3
3716	1
3717	0
3718	3
3719	2
3720	2
3721	2
3722	3
3723	0
3724	2
3725	0
3726	2
3727	3
3728	0
3729	0
3730	2
3731	3
3732	3
3733	2
3734	2
3735	0
3736	2
3737	0
3738	2
3739	3
3740	2
3741	0
3742	3
3743	3
3744	0
3745	3
3746	3
3747	3
3748	1
3749	2
3750	2
3751	3
3752	2
3753	1
3754	2
3755	1
3756	0
3757	2
3758	3
3759	3
3760	0
3761	2
3762	3
3763	1
3764	3
3765	2
3766	2
3767	2
3768	3
3769	3
3770	3
3771	2
3772	1
3773	2
3774	1
3775	0
3776	0
3777	0
3778	3
3779	3
3780	2
3781	2
3782	2
3783	1
3784	2
3785	0
3786	0
3787	0
3788	0
3789	0
3790	3
3791	2
3792	3
3793	0
3794	1
3795	3
3796	2
3797	0
3798	1
3799	2
3800	2
3801	2
3802	2
3803	0
3804	3
3805	0
3806	1
3807	2
3808	1
3809	0
3810	3
3811	3
3812	2
3813	3
3814	0
3815	0
3816	3
3817	2
3818	2
3819	0
3820	2
3821	0
3822	0
3823	3
3824	3
3825	2
3826	3
3827	3
3828	2
3829	2
3830	2
3831	0
3832	3
3833	2
3834	3
3835	0
3836	0
3837	2
3838	1
3839	2
3840	3
3841	3
3842	3
3843	3
3844	3
3845	2
3846	1
3847	2
3848	3
3849	2
3850	3
3851	2
3852	3
3853	2
3854	0
3855	3
3856	0
3857	3
3858	1
3859	3
3860	2
3861	2
3862	3
3863	0
3864	3
3865	2
3866	2
3867	2
3868	2
3869	2
3870	3
3871	0
3872	3
3873	2
3874	3
3875	3
3876	3
3877	2
3878	3
3879	0
3880	3
3881	2
3882	1
3883	0
3884	3
3885	3
3886	3
3887	3
3888	0
3889	3
3890	3
3891	2
3892	2
3893	3
3894	2
3895	3
3896	2
3897	2
3898	3
3899	2
3900	3
3901	2
3902	0
3903	2
3904	2
3905	2
3906	3
3907	3
3908	0
3909	2
3910	3
3911	2
3912	2
3913	2
3914	2
3915	0
3916	0
3917	2
3918	2
3919	1
3920	2
3921	3
3922	3
3923	3
3924	2
3925	0
3926	0
3927	0
3928	1
3929	0
3930	3
3931	2
3932	0
3933	2
3934	2
3935	2
3936	1
3937	0
3938	2
3939	0
3940	2
3941	2
3942	0
3943	0
3944	2
3945	0
3946	2
3947	1
3948	2
3949	1
3950	0
3951	2
3952	0
3953	1
3954	3
3955	3
3956	3
3957	2
3958	0
3959	2
3960	3
3961	0
3962	2
3963	3
3964	3
3965	2
3966	0
3967	2
3968	0
3969	2
3970	0
3971	3
3972	3
3973	1
3974	3
3975	3
3976	2
3977	2
3978	3
3979	0
3980	3
3981	2
3982	1
3983	3
3984	0
3985	2
3986	2
3987	3
3988	3
3989	2
3990	2
3991	3
3992	2
3993	2
3994	1
3995	3
3996	1
3997	2
3998	3
3999	1
4000	0
4001	3
4002	1
4003	2
4004	3
4005	1
4006	3
4007	2
4008	2
4009	2
4010	2
4011	1
4012	2
4013	2
4014	3
4015	3
4016	0
4017	1
4018	0
4019	3
4020	3
4021	2
4022	3
4023	3
4024	3
4025	2
4026	2
4027	1
4028	0
4029	2
4030	0
4031	3
4032	2
4033	1
4034	0
4035	2
4036	3
4037	3
4038	0
4039	2
4040	0
4041	2
4042	3
4043	2
4044	3
4045	2
4046	1
4047	3
4048	3
4049	3
4050	3
4051	3
4052	2
4053	2
4054	0
4055	0
4056	2
4057	2
4058	0
4059	2
4060	3
4061	0
4062	0
4063	3
4064	2
4065	1
4066	2
4067	3
4068	3
4069	3
4070	3
4071	3
4072	0
4073	2
4074	1
4075	3
4076	1
4077	2
4078	0
4079	3
4080	3
4081	2
4082	3
4083	3
4084	0
4085	3
4086	2
4087	2
4088	2
4089	2
4090	0
4091	2
4092	3
4093	0
4094	3
4095	3
4096	1
4097	3
4098	2
4099	2
4100	2
4101	2
4102	2
4103	3
4104	1
4105	2
4106	2
4107	3
4108	2
4109	3
4110	0
4111	0
4112	2
4113	3
4114	0
4115	3
4116	3
4117	2
4118	2
4119	0
4120	0
4121	0
4122	2
4123	2
4124	2
4125	3
4126	2
4127	0
4128	3
4129	0
4130	0
4131	1
4132	2
4133	3
4134	1
4135	0
4136	2
4137	0
4138	2
4139	1
4140	2
4141	0
4142	2
4143	3
4144	2
4145	2
4146	0
4147	2
4148	2
4149	3
4150	1
4151	0
4152	3
4153	0
4154	2
4155	3
4156	2
4157	3
4158	3
4159	0
4160	0
4161	2
4162	0
4163	2
4164	2
4165	2
4166	3
4167	2
4168	2
4169	2
4170	2
4171	2
4172	2
4173	3
4174	3
4175	2
4176	3
4177	3
4178	2
4179	2
4180	2
4181	2
4182	2
4183	1
4184	3
4185	1
4186	2
4187	3
4188	2
4189	0
4190	2
4191	3
4192	0
4193	2
4194	2
4195	2
4196	2
4197	3
4198	0
4199	3
4200	2
4201	2
4202	0
4203	0
4204	2
4205	3
4206	1
4207	0
4208	1
4209	3
4210	0
4211	1
4212	2
4213	2
4214	2
4215	2
4216	2
4217	2
4218	2
4219	2
4220	1
4221	3
4222	2
4223	3
4224	3
4225	1
4226	0
4227	1
4228	2
4229	3
4230	2
4231	0
4232	0
4233	0
4234	1
4235	2
4236	2
4237	0
4238	2
4239	3
4240	3
4241	0
4242	0
4243	3
4244	3
4245	2
4246	2
4247	3
4248	1
4249	0
4250	2
4251	2
4252	2
4253	0
4254	3
4255	3
4256	1
4257	2
4258	0
4259	0
4260	2
4261	2
4262	2
4263	3
4264	3
4265	1
4266	2
4267	3
4268	2
4269	3
4270	3
4271	2
4272	0
4273	0
4274	0
4275	3
4276	2
4277	3
4278	2
4279	3
4280	2
4281	0
4282	2
4283	3
4284	3
4285	2
4286	0
4287	0
4288	2
4289	2
4290	2
4291	2
4292	2
4293	2
4294	2
4295	3
4296	0
4297	3
4298	0
4299	2
4300	2
4301	2
4302	2
4303	0
4304	3
4305	2
4306	2
4307	2
4308	2
4309	3
4310	1
4311	3
4312	2
4313	2
4314	0
4315	2
4316	3
4317	3
4318	2
4319	3
4320	2
4321	2
4322	0
4323	2
4324	3
4325	0
4326	0
4327	2
4328	2
4329	0
4330	2
4331	3
4332	2
4333	3
4334	0
4335	3
4336	3
4337	3
4338	2
4339	1
4340	2
4341	1
4342	1
4343	2
4344	2
4345	2
4346	3
4347	2
4348	2
4349	3
4350	2
4351	3
4352	0
4353	1
4354	3
4355	2
4356	0
4357	2
4358	1
4359	2
4360	0
4361	2
4362	3
4363	0
4364	0
4365	0
4366	3
4367	1
4368	0
4369	2
4370	3
4371	1
4372	2
4373	0
4374	2
4375	3
4376	1
4377	1
4378	0
4379	0
4380	2
4381	2
4382	3
4383	0
4384	0
4385	1
4386	3
4387	3
4388	0
4389	0
4390	2
4391	2
4392	3
4393	0
4394	3
4395	0
4396	2
4397	0
4398	2
4399	3
4400	2
4401	3
4402	3
4403	2
4404	2
4405	2
4406	2
4407	3
4408	0
4409	2
4410	2
4411	3
4412	3
4413	1
4414	3
4415	3
4416	3
4417	3
4418	0
4419	0
4420	3
4421	2
4422	2
4423	3
4424	2
4425	0
4426	0
4427	3
4428	0
4429	2
4430	2
4431	2
4432	0
4433	2
4434	0
4435	3
4436	1
4437	1
4438	2
4439	3
4440	2
4441	3
4442	0
4443	2
4444	1
4445	0
4446	2
4447	2
4448	2
4449	3
4450	0
4451	0
4452	3
4453	2
4454	3
4455	3
4456	3
4457	3
4458	2
4459	1
4460	0
4461	3
4462	3
4463	0
4464	2
4465	3
4466	0
4467	2
4468	2
4469	3
4470	3
4471	3
4472	3
4473	3
4474	3
4475	2
4476	0
4477	2
4478	2
4479	2
4480	0
4481	2
4482	3
4483	0
4484	0
4485	2
4486	0
4487	1
4488	2
4489	1
4490	2
4491	2
4492	2
4493	0
4494	2
4495	0
4496	0
4497	2
4498	1
4499	0
4500	0
4501	0
4502	0
4503	3
4504	3
4505	3
4506	3
4507	0
4508	2
4509	2
4510	3
4511	0
4512	2
4513	2
4514	3
4515	0
4516	1
4517	2
4518	0
4519	2
4520	3
4521	0
4522	2
4523	2
4524	2
4525	3
4526	3
4527	3
4528	2
4529	0
4530	2
4531	0
4532	0
4533	0
4534	0
4535	0
4536	2
4537	0
4538	2
4539	3
4540	2
4541	3
4542	2
4543	0
4544	1
4545	0
4546	1
4547	1
4548	2
4549	1
4550	2
4551	0
4552	2
4553	1
4554	2
4555	2
4556	3
4557	0
4558	3
4559	0
4560	3
4561	0
4562	2
4563	2
4564	2
4565	2
4566	1
4567	3
4568	0
4569	0
4570	2
4571	2
4572	2
4573	3
4574	2
4575	2
4576	2
4577	2
4578	0
4579	1
4580	3
4581	3
4582	0
4583	0
4584	2
4585	0
4586	2
4587	2
4588	3
4589	3
4590	2
4591	2
4592	0
4593	0
4594	2
4595	0
4596	2
4597	2
4598	1
4599	3
4600	1
4601	0
4602	0
4603	2
4604	2
4605	3
4606	1
4607	0
4608	3
4609	0
4610	3
4611	2
4612	2
4613	0
4614	3
4615	0
4616	3
4617	3
4618	3
4619	0
4620	2
4621	0
4622	3
4623	2
4624	3
4625	3
4626	0
4627	3
4628	2
4629	0
4630	3
4631	0
4632	2
4633	2
4634	1
4635	3
4636	2
4637	0
4638	3
4639	0
4640	3
4641	0
4642	3
4643	0
4644	2
4645	0
4646	2
4647	0
4648	3
4649	3
4650	3
4651	3
4652	0
4653	0
4654	2
4655	2
4656	3
4657	3
4658	3
4659	2
4660	3
4661	0
4662	2
4663	2
4664	2
4665	2
4666	3
4667	3
4668	2
4669	3
4670	2
4671	3
4672	3
4673	1
4674	3
4675	2
4676	2
4677	2
4678	1
4679	2
4680	3
4681	2
4682	2
4683	3
4684	2
4685	0
4686	2
4687	0
4688	3
4689	3
4690	3
4691	3
4692	3
4693	1
4694	2
4695	2
4696	3
4697	0
4698	2
4699	1
4700	3
4701	3
4702	3
4703	2
4704	3
4705	0
4706	0
4707	1
4708	2
4709	2
4710	0
4711	3
4712	0
4713	2
4714	3
4715	0
4716	0
4717	3
4718	2
4719	1
4720	3
4721	0
4722	3
4723	0
4724	2
4725	3
4726	3
4727	3
4728	2
4729	1
4730	3
4731	0
4732	3
4733	0
4734	3
4735	0
4736	0
4737	3
4738	2
4739	3
4740	3
4741	2
4742	3
4743	2
4744	1
4745	0
4746	1
4747	3
4748	2
4749	0
4750	0
4751	3
4752	3
4753	2
4754	1
4755	3
4756	3
4757	1
4758	3
4759	2
4760	3
4761	0
4762	0
4763	0
4764	2
4765	0
4766	3
4767	1
4768	0
4769	2
4770	2
4771	3
4772	2
4773	2
4774	0
4775	2
4776	3
4777	2
4778	0
4779	3
4780	0
4781	0
4782	0
4783	0
4784	3
4785	3
4786	3
4787	3
4788	2
4789	2
4790	0
4791	3
4792	2
4793	2
4794	3
4795	2
4796	0
4797	2
4798	0
4799	1
4800	0
4801	2
4802	0
4803	2
4804	3
4805	2
4806	3
4807	3
4808	2
4809	3
4810	2
4811	1
4812	0
4813	2
4814	0
4815	0
4816	2
4817	0
4818	2
4819	1
4820	2
4821	2
4822	3
4823	2
4824	2
4825	2
4826	2
4827	0
4828	0
4829	3
4830	3
4831	3
4832	2
4833	1
4834	2
4835	0
4836	2
4837	2
4838	2
4839	1
4840	2
4841	0
4842	0
4843	0
4844	0
4845	3
4846	3
4847	2
4848	0
4849	0
4850	0
4851	0
4852	3
4853	0
4854	1
4855	3
4856	3
4857	3
4858	2
4859	2
4860	0
4861	0
4862	1
4863	2
4864	3
4865	3
4866	0
4867	0
4868	3
4869	0
4870	1
4871	1
4872	3
4873	0
4874	2
4875	3
4876	2
4877	0
4878	0
4879	2
4880	0
4881	3
4882	0
4883	0
4884	3
4885	2
4886	3
4887	2
4888	1
4889	3
4890	3
4891	3
4892	1
4893	0
4894	0
4895	0
4896	0
4897	2
4898	0
4899	3
4900	2
4901	0
4902	2
4903	2
4904	3
4905	3
4906	3
4907	2
4908	2
4909	2
4910	3
4911	2
4912	3
4913	0
4914	0
4915	3
4916	3
4917	1
4918	2
4919	0
4920	3
4921	0
4922	2
4923	2
4924	0
4925	0
4926	3
4927	1
4928	2
4929	3
4930	0
4931	2
4932	2
4933	3
4934	2
4935	3
4936	2
4937	1
4938	2
4939	3
4940	1
4941	0
4942	2
4943	3
4944	2
4945	3
4946	0
4947	1
4948	3
4949	3
4950	2
4951	2
4952	3
4953	2
4954	3
4955	2
4956	2
4957	2
4958	2
4959	2
4960	2
4961	0
4962	0
4963	3
4964	0
4965	2
4966	0
4967	3
4968	3
4969	2
4970	2
4971	2
4972	0
4973	0
4974	3
4975	0
4976	0
4977	3
4978	0
4979	2
4980	2
4981	2
4982	2
4983	3
4984	3
4985	2
4986	3
4987	2
4988	2
4989	2
4990	3
4991	0
4992	1
4993	3
4994	0
4995	0
4996	2
4997	2
4998	2
4999	3
5000	0
5001	3
5002	3
5003	2
5004	2
5005	0
5006	3
5007	2
5008	3
5009	2
5010	1
5011	3
5012	3
5013	2
5014	2
5015	0
5016	3
5017	2
5018	0
5019	0
5020	0
5021	3
5022	0
5023	2
5024	3
5025	2
5026	0
5027	2
5028	0
5029	1
5030	0
5031	2
5032	3
5033	0
5034	2
5035	1
5036	2
5037	2
5038	0
5039	0
5040	2
5041	3
5042	0
5043	0
5044	2
5045	2
5046	3
5047	3
5048	3
5049	0
5050	2
5051	2
5052	3
5053	2
5054	2
5055	3
5056	3
5057	2
5058	3
5059	3
5060	2
5061	2
5062	2
5063	2
5064	3
5065	2
5066	0
5067	2
5068	3
5069	0
5070	3
5071	0
5072	2
5073	2
5074	0
5075	3
5076	2
5077	2
5078	2
5079	3
5080	3
5081	2
5082	2
5083	2
5084	3
5085	3
5086	3
5087	0
5088	2
5089	3
5090	0
5091	0
5092	2
5093	2
5094	2
5095	1
5096	3
5097	2
5098	3
5099	1
5100	3
5101	2
5102	3
5103	2
5104	3
5105	3
5106	2
5107	1
5108	2
5109	0
5110	2
5111	2
5112	3
5113	2
5114	3
5115	2
5116	2
5117	3
5118	3
5119	1
5120	3
5121	1
5122	0
5123	3
5124	2
5125	0
5126	0
5127	3
5128	3
5129	3
5130	3
5131	3
5132	3
5133	3
5134	0
5135	2
5136	2
5137	2
5138	1
5139	3
5140	3
5141	3
5142	2
5143	3
5144	0
5145	0
5146	0
5147	3
5148	3
5149	0
5150	2
5151	0
5152	0
5153	3
5154	0
5155	3
5156	3
5157	2
5158	2
5159	3
5160	3
5161	2
5162	2
5163	2
5164	3
5165	0
5166	2
5167	3
5168	1
5169	3
5170	1
5171	3
5172	2
5173	3
5174	2
5175	0
5176	1
5177	3
5178	2
5179	3
5180	2
5181	2
5182	0
5183	0
5184	3
5185	3
5186	2
5187	0
5188	2
5189	2
5190	3
5191	2
5192	3
5193	2
5194	2
5195	3
5196	2
5197	2
5198	2
5199	0
5200	3
5201	1
5202	1
5203	3
5204	3
5205	1
5206	3
5207	3
5208	3
5209	0
5210	1
5211	3
5212	3
5213	2
5214	2
5215	2
5216	2
5217	1
5218	0
5219	3
5220	3
5221	0
5222	1
5223	2
5224	2
5225	0
5226	2
5227	1
5228	3
5229	2
5230	0
5231	2
5232	0
5233	3
5234	0
5235	0
5236	3
5237	0
5238	3
5239	2
5240	2
5241	0
5242	3
5243	3
5244	2
5245	2
5246	2
5247	2
5248	3
5249	3
5250	3
5251	2
5252	2
5253	0
5254	2
5255	2
5256	2
5257	0
5258	2
5259	2
5260	3
5261	0
5262	2
5263	0
5264	3
5265	3
5266	0
5267	0
5268	2
5269	3
5270	3
5271	0
5272	1
5273	0
5274	1
5275	3
5276	3
5277	2
5278	2
5279	0
5280	3
5281	0
5282	3
5283	0
5284	2
5285	3
5286	2
5287	0
5288	2
5289	0
5290	0
5291	1
5292	3
5293	0
5294	0
5295	0
5296	0
5297	3
5298	3
5299	3
5300	2
5301	2
5302	2
5303	2
5304	2
5305	0
5306	0
5307	3
5308	3
5309	0
5310	0
5311	2
5312	2
5313	2
5314	0
5315	0
5316	3
5317	1
5318	2
5319	2
5320	2
5321	3
5322	3
5323	2
5324	2
5325	2
5326	1
5327	0
5328	2
5329	3
5330	0
5331	1
5332	3
5333	3
5334	2
5335	3
5336	2
5337	3
5338	0
5339	1
5340	3
5341	3
5342	3
5343	2
5344	2
5345	3
5346	1
5347	3
5348	2
5349	0
5350	2
5351	2
5352	0
5353	3
5354	2
5355	3
5356	2
5357	1
5358	2
5359	2
5360	0
5361	0
5362	0
5363	0
5364	2
5365	0
5366	2
5367	1
5368	2
5369	2
5370	2
5371	2
5372	3
5373	3
5374	2
5375	1
5376	2
5377	3
5378	2
5379	1
5380	2
5381	3
5382	3
5383	1
5384	3
5385	0
5386	2
5387	3
5388	2
5389	3
5390	2
5391	0
5392	2
5393	2
5394	0
5395	0
5396	3
5397	1
5398	0
5399	1
5400	2
5401	1
5402	2
5403	3
5404	0
5405	2
5406	2
5407	3
5408	2
5409	3
5410	0
5411	0
5412	3
5413	3
5414	2
5415	3
5416	3
5417	2
5418	2
5419	3
5420	3
5421	0
5422	0
5423	3
5424	2
5425	3
5426	0
5427	0
5428	3
5429	2
5430	3
5431	2
5432	2
5433	2
5434	2
5435	3
5436	2
5437	3
5438	1
5439	3
5440	2
5441	3
5442	0
5443	2
5444	3
5445	2
5446	0
5447	2
5448	2
5449	3
5450	2
5451	3
5452	3
5453	3
5454	2
5455	2
5456	2
5457	3
5458	1
5459	3
5460	2
5461	2
5462	2
5463	3
5464	0
5465	3
5466	2
5467	1
5468	2
5469	3
5470	2
5471	3
5472	3
5473	0
5474	1
5475	0
5476	3
5477	3
5478	3
5479	3
5480	3
5481	3
5482	2
5483	3
5484	3
5485	3
5486	2
5487	3
5488	2
5489	3
5490	0
5491	0
5492	3
5493	2
5494	3
5495	3
5496	3
5497	2
5498	3
5499	2
5500	3
5501	0
5502	2
5503	3
5504	3
5505	2
5506	3
5507	3
5508	2
5509	3
5510	0
5511	0
5512	2
5513	2
5514	3
5515	3
5516	3
5517	0
5518	2
5519	0
5520	3
5521	2
5522	3
5523	2
5524	3
5525	2
5526	3
5527	3
5528	2
5529	2
5530	2
5531	3
5532	2
5533	3
5534	0
5535	1
5536	2
5537	2
5538	0
5539	0
5540	2
5541	2
5542	2
5543	2
5544	0
5545	1
5546	3
5547	3
5548	2
5549	3
5550	1
5551	2
5552	0
5553	0
5554	0
5555	2
5556	3
5557	2
5558	1
5559	3
5560	0
5561	0
5562	0
5563	3
5564	3
5565	3
5566	2
5567	2
5568	3
5569	2
5570	0
5571	0
5572	1
5573	0
5574	2
5575	3
5576	2
5577	3
5578	3
5579	3
5580	1
5581	0
5582	3
5583	0
5584	0
5585	2
5586	0
5587	2
5588	2
5589	2
5590	3
5591	2
5592	2
5593	3
5594	2
5595	3
5596	2
5597	2
5598	2
5599	0
5600	2
5601	2
5602	0
5603	0
5604	2
5605	1
5606	2
5607	1
5608	2
5609	1
5610	2
5611	3
5612	2
5613	2
5614	1
5615	0
5616	2
5617	1
5618	0
5619	2
5620	2
5621	0
5622	2
5623	2
5624	2
5625	2
5626	3
5627	2
5628	2
5629	2
5630	2
5631	0
5632	3
5633	0
5634	0
5635	1
5636	2
5637	0
5638	2
5639	2
5640	0
5641	2
5642	2
5643	2
5644	0
5645	3
5646	0
5647	0
5648	3
5649	2
5650	3
5651	0
5652	2
5653	2
5654	1
5655	2
5656	2
5657	3
5658	1
5659	3
5660	3
5661	2
5662	2
5663	2
5664	2
5665	2
5666	2
5667	0
5668	2
5669	2
5670	2
5671	1
5672	2
5673	2
5674	3
5675	3
5676	2
5677	3
5678	3
5679	3
5680	3
5681	0
5682	0
5683	0
5684	3
5685	2
5686	2
5687	3
5688	0
5689	2
5690	1
5691	3
5692	3
5693	2
5694	0
5695	2
5696	3
5697	3
5698	2
5699	3
5700	3
5701	0
5702	2
5703	2
5704	3
5705	3
5706	2
5707	3
5708	2
5709	0
5710	3
5711	3
5712	3
5713	0
5714	0
5715	1
5716	3
5717	0
5718	2
5719	2
5720	2
5721	2
5722	3
5723	3
5724	3
5725	3
5726	1
5727	2
5728	3
5729	2
5730	0
5731	2
5732	2
5733	2
5734	3
5735	2
5736	0
5737	3
5738	2
5739	2
5740	3
5741	3
5742	1
5743	2
5744	3
5745	2
5746	0
5747	0
5748	3
5749	2
5750	3
5751	2
5752	2
5753	3
5754	2
5755	1
5756	2
5757	3
5758	2
5759	0
5760	2
5761	2
5762	0
5763	0
5764	3
5765	0
5766	2
5767	0
5768	2
5769	3
5770	0
5771	3
5772	2
5773	3
5774	0
5775	0
5776	0
5777	3
5778	0
5779	0
5780	3
5781	0
5782	0
5783	2
5784	0
5785	1
5786	3
5787	3
5788	2
5789	1
5790	2
5791	0
5792	0
5793	2
5794	0
5795	0
5796	0
5797	2
5798	2
5799	3
5800	1
5801	3
5802	3
5803	3
5804	0
5805	3
5806	3
5807	0
5808	2
5809	2
5810	0
5811	2
5812	2
5813	1
5814	2
5815	2
5816	0
5817	3
5818	2
5819	2
5820	2
5821	3
5822	3
5823	0
5824	3
5825	3
5826	0
5827	0
5828	2
5829	3
5830	1
5831	3
5832	2
5833	0
5834	0
5835	3
5836	2
5837	3
5838	1
5839	0
5840	3
5841	2
5842	0
5843	3
5844	2
5845	3
5846	3
5847	2
5848	1
5849	2
5850	1
5851	1
5852	2
5853	3
5854	1
5855	0
5856	2
5857	1
5858	0
5859	0
5860	2
5861	0
5862	2
5863	1
5864	2
5865	3
5866	2
5867	2
5868	1
5869	3
5870	2
5871	0
5872	2
5873	1
5874	2
5875	0
5876	2
5877	0
5878	2
5879	2
5880	2
5881	3
5882	0
5883	3
5884	3
5885	1
5886	3
5887	0
5888	3
5889	2
5890	0
5891	0
5892	2
5893	2
5894	3
5895	2
5896	2
5897	2
5898	3
5899	3
5900	2
5901	2
5902	3
5903	3
5904	3
5905	3
5906	0
5907	3
5908	2
5909	3
5910	3
5911	2
5912	1
5913	3
5914	1
5915	3
5916	3
5917	3
5918	2
5919	2
5920	2
5921	2
5922	3
5923	0
5924	2
5925	2
5926	2
5927	2
5928	1
5929	2
5930	2
5931	2
5932	3
5933	3
5934	2
5935	3
5936	1
5937	3
5938	0
5939	0
5940	2
5941	1
5942	2
5943	2
5944	2
5945	2
5946	2
5947	3
5948	2
5949	3
5950	2
5951	3
5952	0
5953	2
5954	0
5955	0
5956	3
5957	2
5958	2
5959	2
5960	2
5961	3
5962	3
5963	3
5964	3
5965	3
5966	2
5967	2
5968	2
5969	1
5970	0
5971	0
5972	2
5973	0
5974	2
5975	3
5976	2
5977	1
5978	2
5979	2
5980	3
5981	2
5982	2
5983	2
5984	2
5985	2
5986	0
5987	0
5988	2
5989	2
5990	3
5991	1
5992	0
5993	1
5994	2
5995	2
5996	2
5997	3
5998	2
5999	0
6000	0
6001	0
6002	3
6003	0
6004	3
6005	2
6006	3
6007	2
6008	0
6009	2
6010	2
6011	2
6012	2
6013	3
6014	3
6015	0
6016	3
6017	2
6018	0
6019	0
6020	2
6021	2
6022	2
6023	1
6024	3
6025	3
6026	2
6027	3
6028	0
6029	2
6030	2
6031	0
6032	2
6033	3
6034	2
6035	3
6036	2
6037	2
6038	0
6039	0
6040	3
6041	2
6042	2
6043	3
6044	2
6045	3
6046	0
6047	3
6048	2
6049	2
6050	0
6051	3
6052	3
6053	2
6054	1
6055	3
6056	1
6057	1
6058	0
6059	0
6060	3
6061	3
6062	3
6063	0
6064	0
6065	3
6066	0
6067	1
6068	2
6069	2
6070	2
6071	2
6072	0
6073	1
6074	0
6075	0
6076	2
6077	3
6078	3
6079	1
6080	3
6081	3
6082	0
6083	1
6084	2
6085	3
6086	3
6087	3
6088	2
6089	2
6090	3
6091	2
6092	2
6093	2
6094	1
6095	0
6096	3
6097	2
6098	2
6099	0
6100	3
6101	2
6102	2
6103	2
6104	2
6105	2
6106	1
6107	2
6108	3
6109	3
6110	0
6111	0
6112	3
6113	2
6114	1
6115	2
6116	3
6117	2
6118	3
6119	1
6120	2
6121	2
6122	3
6123	2
6124	2
6125	3
6126	0
6127	0
6128	3
6129	2
6130	0
6131	1
6132	3
6133	0
6134	2
6135	3
6136	0
6137	2
6138	0
6139	3
6140	0
6141	0
6142	3
6143	0
6144	0
6145	3
6146	0
6147	0
6148	3
6149	3
6150	2
6151	2
6152	3
6153	2
6154	2
6155	2
6156	0
6157	0
6158	2
6159	2
6160	2
6161	3
6162	3
6163	3
6164	0
6165	1
6166	2
6167	2
6168	0
6169	2
6170	3
6171	2
6172	2
6173	2
6174	2
6175	2
6176	3
6177	3
6178	1
6179	2
6180	3
6181	3
6182	3
6183	1
6184	0
6185	1
6186	3
6187	2
6188	0
6189	1
6190	0
6191	3
6192	1
6193	2
6194	0
6195	3
6196	1
6197	0
6198	0
6199	3
6200	2
6201	2
6202	2
6203	2
6204	1
6205	2
6206	0
6207	2
6208	3
6209	3
6210	3
6211	0
6212	3
6213	3
6214	2
6215	1
6216	2
6217	3
6218	1
6219	2
6220	0
6221	0
6222	0
6223	1
6224	0
6225	2
6226	2
6227	2
6228	2
6229	3
6230	1
6231	2
6232	3
6233	3
6234	3
6235	1
6236	1
6237	0
6238	0
6239	3
6240	3
6241	3
6242	0
6243	3
6244	0
6245	3
6246	1
6247	1
6248	2
6249	0
6250	2
6251	2
6252	0
6253	2
6254	0
6255	3
6256	3
6257	3
6258	2
6259	3
6260	2
6261	3
6262	3
6263	2
6264	2
6265	0
6266	2
6267	0
6268	0
6269	2
6270	0
6271	0
6272	0
6273	2
6274	3
6275	3
6276	3
6277	2
6278	2
6279	2
6280	3
6281	3
6282	2
6283	0
6284	0
6285	3
6286	0
6287	1
6288	3
6289	3
6290	0
6291	3
6292	2
6293	2
6294	2
6295	2
6296	2
6297	3
6298	2
6299	0
6300	2
6301	3
6302	2
6303	1
6304	3
6305	2
6306	1
6307	2
6308	2
6309	3
6310	2
6311	2
6312	3
6313	2
6314	3
6315	0
6316	0
6317	3
6318	0
6319	0
6320	2
6321	2
6322	2
6323	1
6324	2
6325	0
6326	1
6327	2
6328	3
6329	2
6330	2
6331	0
6332	3
6333	1
6334	0
6335	0
6336	3
6337	2
6338	0
6339	0
6340	1
6341	1
6342	3
6343	1
6344	3
6345	0
6346	0
6347	0
6348	2
6349	3
6350	0
6351	3
6352	0
6353	1
6354	2
6355	1
6356	2
6357	2
6358	2
6359	2
6360	2
6361	2
6362	2
6363	3
6364	3
6365	3
6366	0
6367	1
6368	3
6369	2
6370	0
6371	3
6372	3
6373	0
6374	2
6375	0
6376	2
6377	1
6378	3
6379	0
6380	1
6381	3
6382	1
6383	3
6384	3
6385	2
6386	2
6387	3
6388	2
6389	3
6390	2
6391	2
6392	3
6393	1
6394	2
6395	2
6396	2
6397	3
6398	2
6399	2
6400	2
6401	3
6402	2
6403	2
6404	2
6405	2
6406	3
6407	2
6408	3
6409	3
6410	2
6411	0
6412	3
6413	0
6414	0
6415	1
6416	2
6417	0
6418	0
6419	1
6420	2
6421	0
6422	3
6423	0
6424	2
6425	3
6426	1
6427	2
6428	2
6429	2
6430	2
6431	3
6432	1
6433	2
6434	2
6435	3
6436	2
6437	2
6438	1
6439	1
6440	2
6441	1
6442	0
6443	2
6444	3
6445	3
6446	3
6447	2
6448	0
6449	1
6450	2
6451	3
6452	2
6453	2
6454	3
6455	2
6456	2
6457	3
6458	3
6459	0
6460	3
6461	1
6462	0
6463	1
6464	2
6465	2
6466	2
6467	0
6468	2
6469	3
6470	2
6471	0
6472	3
6473	2
6474	2
6475	3
6476	2
6477	0
6478	3
6479	3
6480	2
6481	2
6482	2
6483	3
6484	3
6485	2
6486	3
6487	1
6488	0
6489	1
6490	3
6491	1
6492	3
6493	0
6494	0
6495	2
6496	2
6497	2
6498	2
6499	2
6500	1
6501	3
6502	1
6503	3
6504	0
6505	3
6506	2
6507	2
6508	0
6509	2
6510	3
6511	2
6512	2
6513	3
6514	2
6515	0
6516	0
6517	1
6518	1
6519	2
6520	3
6521	3
6522	3
6523	3
6524	3
6525	1
6526	3
6527	3
6528	2
6529	0
6530	2
6531	3
6532	2
6533	0
6534	2
6535	2
6536	3
6537	0
6538	0
6539	1
6540	2
6541	2
6542	3
6543	2
6544	3
6545	0
6546	0
6547	2
6548	2
6549	0
6550	2
6551	3
6552	3
6553	2
6554	3
6555	1
6556	1
6557	3
6558	2
6559	1
6560	3
6561	3
6562	3
6563	3
6564	3
6565	2
6566	3
6567	2
6568	2
6569	3
6570	0
6571	0
6572	3
6573	3
6574	3
6575	3
6576	2
6577	2
6578	0
6579	3
6580	2
6581	0
6582	3
6583	2
6584	0
6585	3
6586	3
6587	2
6588	2
6589	2
6590	3
6591	0
6592	0
6593	3
6594	3
6595	3
6596	2
6597	3
6598	2
6599	0
6600	0
6601	2
6602	2
6603	2
6604	1
6605	0
6606	2
6607	3
6608	2
6609	2
6610	2
6611	3
6612	2
6613	2
6614	2
6615	1
6616	0
6617	2
6618	2
6619	2
6620	2
6621	3
6622	0
6623	0
6624	3
6625	1
6626	1
6627	3
6628	2
6629	2
6630	2
6631	2
6632	1
6633	3
6634	3
6635	2
6636	0
6637	0
6638	3
6639	3
6640	1
6641	2
6642	0
6643	0
6644	2
6645	2
6646	3
6647	1
6648	0
6649	3
6650	0
6651	2
6652	2
6653	0
6654	0
6655	3
6656	3
6657	3
6658	3
6659	3
6660	3
6661	1
6662	2
6663	3
6664	2
6665	2
6666	3
6667	2
6668	3
6669	0
6670	2
6671	3
6672	3
6673	3
6674	0
6675	1
6676	3
6677	0
6678	1
6679	3
6680	0
6681	0
6682	3
6683	1
6684	2
6685	0
6686	0
6687	0
6688	3
6689	0
6690	0
6691	3
6692	3
6693	3
6694	3
6695	2
6696	2
6697	0
6698	2
6699	2
6700	2
6701	0
6702	0
6703	0
6704	2
6705	1
6706	0
6707	3
6708	0
6709	0
6710	0
6711	3
6712	1
6713	0
6714	3
6715	2
6716	0
6717	0
6718	0
6719	3
6720	3
6721	0
6722	3
6723	3
6724	2
6725	3
6726	3
6727	2
6728	3
6729	0
6730	2
6731	2
6732	2
6733	0
6734	2
6735	3
6736	2
6737	2
6738	2
6739	3
6740	2
6741	3
6742	2
6743	0
6744	3
6745	0
6746	2
6747	3
6748	3
6749	0
6750	3
6751	2
6752	0
6753	1
6754	2
6755	2
6756	3
6757	2
6758	3
6759	3
6760	3
6761	0
6762	2
6763	1
6764	2
6765	0
6766	0
6767	2
6768	0
6769	0
6770	2
6771	0
6772	3
6773	0
6774	2
6775	3
6776	2
6777	2
6778	2
6779	0
6780	2
6781	0
6782	2
6783	2
6784	2
6785	2
6786	3
6787	0
6788	2
6789	0
6790	3
6791	2
6792	2
6793	2
6794	3
6795	0
6796	3
6797	0
6798	1
6799	0
6800	3
6801	3
6802	2
6803	3
6804	3
6805	3
6806	3
6807	3
6808	0
6809	0
6810	2
6811	3
6812	2
6813	0
6814	2
6815	0
6816	2
6817	0
6818	0
6819	2
6820	0
6821	3
6822	3
6823	1
6824	3
6825	2
6826	2
6827	1
6828	2
6829	0
6830	2
6831	3
6832	0
6833	0
6834	2
6835	0
6836	3
6837	3
6838	3
6839	2
6840	2
6841	0
6842	2
6843	3
6844	2
6845	0
6846	2
6847	2
6848	2
6849	2
6850	0
6851	0
6852	3
6853	3
6854	3
6855	2
6856	1
6857	1
6858	0
6859	2
6860	2
6861	0
6862	2
6863	1
6864	3
6865	2
6866	2
6867	3
6868	2
6869	0
6870	3
6871	3
6872	3
6873	0
6874	0
6875	3
6876	2
6877	0
6878	0
6879	0
6880	0
6881	0
6882	2
6883	0
6884	3
6885	3
6886	3
6887	0
6888	3
6889	2
6890	2
6891	0
6892	2
6893	0
6894	2
6895	2
6896	0
6897	0
6898	0
6899	1
6900	2
6901	0
6902	3
6903	0
6904	2
6905	3
6906	0
6907	2
6908	2
6909	0
6910	3
6911	3
6912	2
6913	2
6914	2
6915	3
6916	2
6917	2
6918	3
6919	0
6920	2
6921	2
6922	1
6923	2
6924	3
6925	2
6926	2
6927	3
6928	3
6929	2
6930	0
6931	3
6932	1
6933	2
6934	0
6935	2
6936	2
6937	3
6938	0
6939	0
6940	3
6941	3
6942	3
6943	1
6944	0
6945	0
6946	1
6947	2
6948	2
6949	0
6950	0
6951	2
6952	2
6953	0
6954	2
6955	2
6956	3
6957	2
6958	2
6959	2
6960	0
6961	0
6962	0
6963	3
6964	1
6965	2
6966	3
6967	3
6968	2
6969	1
6970	1
6971	2
6972	3
6973	2
6974	1
6975	3
6976	0
6977	3
6978	0
6979	3
6980	2
6981	3
6982	3
6983	2
6984	0
6985	3
6986	2
6987	2
6988	2
6989	1
6990	3
6991	2
6992	0
6993	2
6994	0
6995	3
6996	3
6997	3
6998	3
6999	2
7000	1
7001	2
7002	2
7003	2
7004	1
7005	2
7006	2
7007	2
7008	0
7009	2
7010	0
7011	3
7012	1
7013	3
7014	1
7015	3
7016	3
7017	3
7018	0
7019	2
7020	2
7021	0
7022	2
7023	0
7024	2
7025	0
7026	0
7027	3
7028	3
7029	2
7030	2
7031	3
7032	0
7033	1
7034	3
7035	0
7036	2
7037	0
7038	2
7039	3
7040	0
7041	2
7042	2
7043	2
7044	3
7045	3
7046	2
7047	0
7048	2
7049	2
7050	1
7051	2
7052	3
7053	2
7054	1
7055	0
7056	0
7057	3
7058	3
7059	3
7060	0
7061	0
7062	3
7063	2
7064	0
7065	0
7066	2
7067	0
7068	3
7069	1
7070	0
7071	2
7072	3
7073	2
7074	2
7075	3
7076	3
7077	2
7078	3
7079	3
7080	1
7081	3
7082	0
7083	0
7084	3
7085	3
7086	2
7087	3
7088	1
7089	3
7090	0
7091	3
7092	2
7093	3
7094	3
7095	3
7096	1
7097	3
7098	1
7099	3
7100	3
7101	1
7102	2
7103	0
7104	3
7105	3
7106	3
7107	3
7108	3
7109	3
7110	1
7111	2
7112	1
7113	2
7114	0
7115	2
7116	2
7117	0
7118	2
7119	1
7120	0
7121	3
7122	3
7123	3
7124	2
7125	3
7126	2
7127	2
7128	1
7129	2
7130	0
7131	2
7132	1
7133	2
7134	2
7135	0
7136	0
7137	3
7138	3
7139	3
7140	3
7141	2
7142	1
7143	2
7144	3
7145	3
7146	0
7147	2
7148	3
7149	0
7150	2
7151	3
7152	3
7153	3
7154	0
7155	3
7156	2
7157	1
7158	3
7159	2
7160	3
7161	3
7162	3
7163	2
7164	2
7165	0
7166	2
7167	3
7168	3
7169	3
7170	0
7171	2
7172	2
7173	0
7174	2
7175	2
7176	2
7177	1
7178	3
7179	3
7180	0
7181	3
7182	1
7183	1
7184	2
7185	2
7186	1
7187	2
7188	3
7189	0
7190	2
7191	2
7192	3
7193	2
7194	3
7195	0
7196	3
7197	2
7198	3
7199	0
7200	3
7201	2
7202	2
7203	0
7204	2
7205	2
7206	2
7207	3
7208	3
7209	3
7210	3
7211	1
7212	2
7213	1
7214	1
7215	3
7216	3
7217	0
7218	1
7219	3
7220	2
7221	0
7222	3
7223	2
7224	0
7225	2
7226	2
7227	0
7228	2
7229	0
7230	0
7231	2
7232	3
7233	3
7234	1
7235	0
7236	2
7237	2
7238	2
7239	2
7240	2
7241	2
7242	3
7243	2
7244	2
7245	2
7246	0
7247	0
7248	3
7249	2
7250	2
7251	3
7252	3
7253	2
7254	1
7255	2
7256	3
7257	3
7258	2
7259	3
7260	0
7261	2
7262	2
7263	2
7264	3
7265	2
7266	0
7267	0
7268	0
7269	0
7270	0
7271	2
7272	3
7273	2
7274	2
7275	1
7276	3
7277	0
7278	2
7279	0
7280	3
7281	3
7282	0
7283	3
7284	3
7285	3
7286	2
7287	2
7288	3
7289	2
7290	3
7291	2
7292	2
7293	0
7294	0
7295	0
7296	2
7297	2
7298	2
7299	3
7300	3
7301	0
7302	2
7303	2
7304	0
7305	3
7306	2
7307	2
7308	3
7309	2
7310	0
7311	2
7312	3
7313	1
7314	0
7315	3
7316	2
7317	2
7318	0
7319	2
7320	0
7321	2
7322	0
7323	2
7324	2
7325	0
7326	0
7327	1
7328	2
7329	2
7330	0
7331	3
7332	3
7333	2
7334	3
7335	1
7336	3
7337	2
7338	0
7339	3
7340	3
7341	0
7342	0
7343	1
7344	2
7345	2
7346	0
7347	3
7348	3
7349	3
7350	2
7351	2
7352	2
7353	2
7354	3
7355	3
7356	2
7357	0
7358	3
7359	0
7360	3
7361	2
7362	2
7363	2
7364	2
7365	1
7366	2
7367	2
7368	3
7369	2
7370	2
7371	0
7372	3
7373	0
7374	0
7375	0
7376	3
7377	2
7378	1
7379	3
7380	3
7381	2
7382	2
7383	2
7384	3
7385	1
7386	2
7387	0
7388	3
7389	2
7390	2
7391	3
7392	3
7393	1
7394	0
7395	3
7396	3
7397	0
7398	2
7399	2
7400	3
7401	2
7402	3
7403	3
7404	0
7405	0
7406	1
7407	0
7408	2
7409	2
7410	3
7411	3
7412	3
7413	2
7414	3
7415	2
7416	3
7417	1
7418	2
7419	2
7420	2
7421	2
7422	3
7423	0
7424	3
7425	2
7426	2
7427	0
7428	0
7429	0
7430	2
7431	2
7432	2
7433	2
7434	3
7435	3
7436	3
7437	1
7438	2
7439	1
7440	3
7441	2
7442	1
7443	0
7444	2
7445	0
7446	2
7447	2
7448	2
7449	3
7450	2
7451	2
7452	2
7453	1
7454	2
7455	0
7456	3
7457	2
7458	0
7459	0
7460	2
7461	3
7462	3
7463	1
7464	0
7465	1
7466	1
7467	0
7468	2
7469	2
7470	2
7471	0
7472	3
7473	2
7474	2
7475	0
7476	3
7477	2
7478	2
7479	2
7480	3
7481	2
7482	1
7483	3
7484	2
7485	0
7486	0
7487	3
7488	3
7489	2
7490	0
7491	3
7492	3
7493	2
7494	2
7495	3
7496	2
7497	2
7498	3
7499	3
7500	3
7501	2
7502	0
7503	0
7504	1
7505	2
7506	0
7507	3
7508	3
7509	2
7510	2
7511	0
7512	2
7513	2
7514	2
7515	3
7516	1
7517	2
7518	2
7519	2
7520	3
7521	0
7522	2
7523	2
7524	3
7525	2
7526	2
7527	3
7528	3
7529	2
7530	1
7531	3
7532	1
7533	2
7534	0
7535	0
7536	3
7537	1
7538	1
7539	3
7540	2
7541	3
7542	2
7543	2
7544	0
7545	1
7546	1
7547	0
7548	3
7549	2
7550	0
7551	2
7552	2
7553	2
7554	3
7555	1
7556	2
7557	3
7558	3
7559	1
7560	3
7561	2
7562	3
7563	0
7564	2
7565	2
7566	2
7567	0
7568	2
7569	1
7570	2
7571	3
7572	3
7573	3
7574	3
7575	3
7576	3
7577	2
7578	1
7579	0
7580	2
7581	3
7582	2
7583	0
7584	2
7585	3
7586	2
7587	0
7588	2
7589	0
7590	0
7591	2
7592	3
7593	2
7594	3
7595	3
7596	2
7597	1
7598	0
7599	1
7600	2
7601	2
7602	1
7603	3
7604	3
7605	3
7606	2
7607	2
7608	0
7609	3
7610	2
7611	0
7612	2
7613	2
7614	2
7615	2
7616	3
7617	3
7618	2
7619	0
7620	3
7621	1
7622	2
7623	2
7624	0
7625	1
7626	3
7627	3
7628	3
7629	3
7630	2
7631	0
7632	2
7633	0
7634	0
7635	3
7636	3
7637	3
7638	3
7639	2
7640	3
7641	0
7642	3
7643	0
7644	3
7645	2
7646	3
7647	1
7648	2
7649	3
7650	0
7651	0
7652	3
7653	2
7654	2
7655	2
7656	0
7657	3
7658	3
7659	1
7660	2
7661	0
7662	2
7663	0
7664	2
7665	3
7666	3
7667	2
7668	3
7669	3
7670	1
7671	3
7672	0
7673	3
7674	3
7675	3
7676	3
7677	2
7678	2
7679	2
7680	3
7681	2
7682	2
7683	3
7684	3
7685	2
7686	2
7687	1
7688	2
7689	3
7690	2
7691	2
7692	2
7693	0
7694	2
7695	2
7696	0
7697	0
7698	2
7699	3
7700	2
7701	1
7702	3
7703	0
7704	2
7705	1
7706	3
7707	2
7708	3
7709	0
7710	2
7711	3
7712	3
7713	3
7714	2
7715	3
7716	2
7717	2
7718	0
7719	3
7720	2
7721	1
7722	3
7723	3
7724	0
7725	0
7726	3
7727	2
7728	2
7729	0
7730	2
7731	3
7732	2
7733	3
7734	0
7735	3
7736	2
7737	3
7738	2
7739	2
7740	2
7741	1
7742	3
7743	1
7744	2
7745	2
7746	2
7747	3
7748	3
7749	3
7750	1
7751	3
7752	3
7753	1
7754	2
7755	1
7756	2
7757	2
7758	0
7759	2
7760	2
7761	2
7762	1
7763	0
7764	3
7765	3
7766	2
7767	1
7768	3
7769	3
7770	2
7771	0
7772	2
7773	0
7774	3
7775	2
7776	2
7777	0
7778	0
7779	1
7780	3
7781	3
7782	0
7783	2
7784	3
7785	3
7786	2
7787	2
7788	2
7789	0
7790	2
7791	1
7792	2
7793	2
7794	2
7795	0
7796	3
7797	2
7798	0
7799	2
7800	3
7801	2
7802	2
7803	3
7804	3
7805	2
7806	0
7807	3
7808	2
7809	0
7810	1
7811	2
7812	3
7813	2
7814	2
7815	2
7816	2
7817	2
7818	2
7819	0
7820	2
7821	0
7822	2
7823	0
7824	2
7825	0
7826	2
7827	3
7828	0
7829	3
7830	2
7831	2
7832	2
7833	2
7834	2
7835	1
7836	3
7837	0
7838	0
7839	2
7840	3
7841	0
7842	0
7843	2
7844	2
7845	3
7846	2
7847	1
7848	2
7849	3
7850	0
7851	3
7852	2
7853	0
7854	0
7855	2
7856	3
7857	0
7858	0
7859	3
7860	2
7861	3
7862	2
7863	3
7864	3
7865	3
7866	3
7867	2
7868	3
7869	0
7870	3
7871	0
7872	2
7873	2
7874	2
7875	3
7876	2
7877	2
7878	2
7879	3
7880	2
7881	0
7882	2
7883	1
7884	1
7885	0
7886	2
7887	0
7888	2
7889	3
7890	1
7891	3
7892	3
7893	2
7894	2
7895	3
7896	2
7897	2
7898	3
7899	3
7900	0
7901	0
7902	2
7903	2
7904	3
7905	0
7906	0
7907	2
7908	0
7909	3
7910	2
7911	2
7912	2
7913	3
7914	3
7915	0
7916	3
7917	0
7918	0
7919	3
7920	3
7921	3
7922	2
7923	3
7924	2
7925	2
7926	3
7927	1
7928	3
7929	3
7930	3
7931	2
7932	3
7933	0
7934	0
7935	0
7936	1
7937	0
7938	3
7939	3
7940	3
7941	2
7942	1
7943	0
7944	2
7945	1
7946	3
7947	0
7948	3
7949	0
7950	3
7951	3
7952	0
7953	3
7954	2
7955	2
7956	3
7957	3
7958	0
7959	2
7960	2
7961	1
7962	0
7963	0
7964	3
7965	2
7966	0
7967	3
7968	2
7969	3
7970	0
7971	3
7972	3
7973	3
7974	2
7975	3
7976	0
7977	1
7978	3
7979	0
7980	2
7981	0
7982	0
7983	3
7984	2
7985	2
7986	3
7987	0
7988	3
7989	2
7990	2
7991	2
7992	0
7993	2
7994	2
7995	3
7996	3
7997	1
7998	1
7999	3
8000	1
8001	3
8002	0
8003	2
8004	3
8005	3
8006	2
8007	3
8008	3
8009	3
8010	0
8011	3
8012	2
8013	2
8014	0
8015	2
8016	1
8017	0
8018	1
8019	3
8020	3
8021	3
8022	3
8023	2
8024	3
8025	3
8026	3
8027	3
8028	2
8029	0
8030	3
8031	2
8032	2
8033	3
8034	0
8035	2
8036	0
8037	2
8038	2
8039	3
8040	2
8041	3
8042	2
8043	2
8044	2
8045	3
8046	2
8047	0
8048	2
8049	3
8050	2
8051	2
8052	3
8053	2
8054	0
8055	3
8056	1
8057	3
8058	2
8059	3
8060	3
8061	1
8062	1
8063	3
8064	2
8065	2
8066	3
8067	0
8068	3
8069	2
8070	3
8071	1
8072	1
8073	3
8074	0
8075	1
8076	3
8077	2
8078	2
8079	0
8080	3
8081	2
8082	3
8083	2
8084	3
8085	2
8086	2
8087	0
8088	2
8089	3
8090	3
8091	1
8092	0
8093	0
8094	1
8095	0
8096	2
8097	3
8098	1
8099	2
8100	2
8101	3
8102	3
8103	2
8104	2
8105	2
8106	0
8107	0
8108	2
8109	1
8110	2
8111	1
8112	3
8113	2
8114	3
8115	1
8116	2
8117	3
8118	2
8119	2
8120	1
8121	3
8122	0
8123	2
8124	3
8125	2
8126	0
8127	1
8128	0
8129	0
8130	2
8131	2
8132	2
8133	2
8134	0
8135	3
8136	1
8137	3
8138	3
8139	3
8140	2
8141	0
8142	2
8143	1
8144	3
8145	0
8146	1
8147	3
8148	3
8149	2
8150	2
8151	2
8152	2
8153	3
8154	2
8155	1
8156	2
8157	2
8158	1
8159	2
8160	2
8161	0
8162	1
8163	2
8164	1
8165	3
8166	3
8167	3
8168	3
8169	3
8170	3
8171	3
8172	2
8173	3
8174	3
8175	0
8176	2
8177	3
8178	3
8179	2
8180	3
8181	2
8182	2
8183	3
8184	3
8185	3
8186	0
8187	0
8188	0
8189	0
8190	0
8191	0
