COMMAND
./sim gshare 10 10 ./proj2-traces/jpeg_trace.txt
OUTPUT
number of predictions:2000000
number of mispredictions:158951
misprediction rate:   7.95%
FINAL GSHARE CONTENTS
0	3
1	2
2	3
3	3
4	3
5	3
6	3
7	3
8	3
9	0
10	3
11	3
12	3
13	0
14	3
15	1
16	1
17	3
18	0
19	3
20	3
21	2
22	3
23	0
24	3
25	0
26	1
27	0
28	1
29	3
30	2
31	3
32	3
33	3
34	1
35	0
36	3
37	3
38	3
39	3
40	1
41	3
42	3
43	0
44	3
45	3
46	0
47	0
48	3
49	0
50	0
51	3
52	0
53	3
54	3
55	3
56	1
57	3
58	0
59	2
60	3
61	3
62	3
63	3
64	3
65	3
66	0
67	0
68	0
69	3
70	3
71	1
72	2
73	3
74	3
75	3
76	3
77	3
78	1
79	0
80	2
81	3
82	3
83	3
84	3
85	3
86	0
87	0
88	3
89	3
90	3
91	3
92	2
93	3
94	0
95	3
96	3
97	3
98	2
99	3
100	3
101	3
102	3
103	0
104	3
105	3
106	0
107	0
108	3
109	3
110	3
111	2
112	3
113	3
114	3
115	0
116	2
117	3
118	2
119	3
120	1
121	3
122	3
123	3
124	0
125	3
126	1
127	3
128	3
129	0
130	2
131	3
132	0
133	2
134	0
135	3
136	1
137	3
138	3
139	3
140	0
141	3
142	3
143	0
144	1
145	0
146	3
147	1
148	3
149	1
150	0
151	0
152	2
153	3
154	3
155	0
156	0
157	3
158	0
159	2
160	3
161	3
162	1
163	3
164	3
165	1
166	3
167	3
168	0
169	1
170	0
171	0
172	1
173	2
174	3
175	3
176	0
177	0
178	3
179	1
180	2
181	3
182	2
183	2
184	0
185	0
186	3
187	3
188	2
189	3
190	1
191	0
192	0
193	0
194	0
195	1
196	3
197	3
198	1
199	3
200	3
201	3
202	3
203	3
204	3
205	3
206	3
207	2
208	1
209	0
210	0
211	0
212	1
213	2
214	3
215	3
216	3
217	0
218	3
219	0
220	0
221	3
222	3
223	3
224	3
225	3
226	3
227	3
228	3
229	3
230	3
231	3
232	2
233	0
234	0
235	3
236	3
237	3
238	3
239	3
240	3
241	3
242	3
243	1
244	3
245	3
246	3
247	3
248	3
249	3
250	3
251	3
252	0
253	3
254	1
255	1
256	3
257	3
258	3
259	0
260	3
261	3
262	2
263	3
264	3
265	3
266	3
267	3
268	3
269	3
270	1
271	3
272	0
273	3
274	3
275	3
276	3
277	3
278	3
279	1
280	1
281	0
282	3
283	3
284	0
285	3
286	3
287	0
288	0
289	3
290	3
291	2
292	3
293	0
294	3
295	3
296	3
297	3
298	3
299	1
300	3
301	3
302	3
303	3
304	2
305	3
306	3
307	1
308	3
309	3
310	3
311	3
312	3
313	1
314	3
315	3
316	3
317	0
318	2
319	1
320	1
321	3
322	0
323	0
324	2
325	2
326	0
327	0
328	3
329	0
330	3
331	3
332	2
333	2
334	1
335	1
336	0
337	0
338	0
339	0
340	3
341	1
342	3
343	0
344	1
345	3
346	3
347	0
348	3
349	3
350	3
351	1
352	3
353	3
354	1
355	3
356	0
357	3
358	0
359	0
360	0
361	3
362	2
363	2
364	0
365	3
366	2
367	1
368	0
369	0
370	3
371	3
372	3
373	3
374	3
375	3
376	2
377	3
378	2
379	3
380	3
381	3
382	3
383	3
384	3
385	3
386	3
387	3
388	3
389	1
390	3
391	1
392	0
393	3
394	3
395	3
396	3
397	3
398	2
399	3
400	3
401	1
402	0
403	0
404	3
405	0
406	3
407	1
408	3
409	2
410	3
411	3
412	3
413	3
414	3
415	3
416	3
417	0
418	3
419	0
420	3
421	1
422	0
423	3
424	3
425	3
426	0
427	1
428	1
429	3
430	3
431	1
432	3
433	3
434	1
435	1
436	3
437	3
438	3
439	3
440	3
441	3
442	3
443	3
444	3
445	0
446	3
447	2
448	2
449	3
450	3
451	3
452	3
453	3
454	3
455	3
456	3
457	3
458	3
459	0
460	3
461	3
462	3
463	0
464	1
465	1
466	2
467	0
468	1
469	2
470	2
471	3
472	3
473	3
474	3
475	3
476	0
477	3
478	3
479	2
480	3
481	3
482	3
483	0
484	3
485	3
486	0
487	3
488	1
489	3
490	3
491	3
492	1
493	2
494	2
495	2
496	3
497	3
498	3
499	3
500	3
501	3
502	3
503	3
504	0
505	3
506	3
507	3
508	3
509	3
510	3
511	3
512	3
513	3
514	3
515	3
516	0
517	3
518	0
519	0
520	3
521	2
522	1
523	3
524	3
525	3
526	3
527	2
528	0
529	0
530	3
531	0
532	1
533	0
534	0
535	3
536	3
537	3
538	3
539	3
540	0
541	0
542	3
543	3
544	0
545	0
546	0
547	3
548	3
549	2
550	3
551	2
552	3
553	1
554	2
555	3
556	0
557	0
558	0
559	1
560	0
561	0
562	0
563	0
564	3
565	3
566	3
567	3
568	2
569	0
570	0
571	0
572	0
573	0
574	0
575	0
576	1
577	3
578	3
579	3
580	3
581	3
582	0
583	1
584	2
585	0
586	3
587	3
588	3
589	3
590	0
591	0
592	3
593	3
594	3
595	0
596	0
597	0
598	3
599	0
600	3
601	0
602	0
603	2
604	3
605	3
606	0
607	3
608	3
609	0
610	3
611	1
612	2
613	1
614	0
615	2
616	0
617	3
618	2
619	2
620	3
621	2
622	3
623	2
624	3
625	2
626	1
627	2
628	2
629	0
630	0
631	0
632	3
633	2
634	0
635	2
636	3
637	3
638	2
639	0
640	1
641	2
642	3
643	0
644	2
645	3
646	3
647	1
648	0
649	0
650	1
651	3
652	3
653	2
654	3
655	3
656	3
657	3
658	2
659	3
660	1
661	2
662	3
663	3
664	0
665	3
666	3
667	0
668	3
669	0
670	3
671	3
672	3
673	1
674	3
675	3
676	3
677	3
678	3
679	3
680	0
681	0
682	3
683	0
684	2
685	2
686	3
687	2
688	3
689	3
690	3
691	3
692	0
693	0
694	0
695	0
696	3
697	3
698	3
699	3
700	3
701	3
702	1
703	3
704	3
705	3
706	3
707	0
708	3
709	2
710	3
711	3
712	3
713	3
714	3
715	0
716	3
717	3
718	3
719	3
720	3
721	3
722	3
723	3
724	3
725	3
726	3
727	3
728	2
729	3
730	3
731	3
732	3
733	3
734	3
735	3
736	3
737	3
738	3
739	3
740	3
741	3
742	3
743	3
744	3
745	3
746	0
747	1
748	3
749	3
750	1
751	0
752	3
753	3
754	3
755	2
756	3
757	0
758	3
759	3
760	2
761	1
762	1
763	1
764	3
765	3
766	2
767	0
768	3
769	3
770	3
771	3
772	1
773	1
774	2
775	3
776	2
777	3
778	0
779	1
780	3
781	3
782	0
783	0
784	2
785	2
786	0
787	1
788	0
789	2
790	0
791	3
792	2
793	1
794	0
795	3
796	3
797	3
798	0
799	1
800	1
801	1
802	3
803	1
804	2
805	3
806	0
807	3
808	3
809	3
810	2
811	3
812	2
813	3
814	3
815	3
816	1
817	3
818	0
819	3
820	3
821	0
822	2
823	0
824	0
825	0
826	3
827	1
828	3
829	3
830	3
831	2
832	3
833	0
834	0
835	0
836	3
837	2
838	2
839	1
840	0
841	1
842	0
843	0
844	3
845	3
846	0
847	3
848	2
849	3
850	2
851	2
852	3
853	3
854	3
855	3
856	3
857	0
858	3
859	3
860	0
861	2
862	1
863	0
864	0
865	3
866	3
867	3
868	3
869	0
870	1
871	3
872	3
873	0
874	3
875	0
876	0
877	0
878	3
879	2
880	0
881	3
882	3
883	3
884	2
885	1
886	0
887	1
888	2
889	3
890	1
891	2
892	0
893	3
894	3
895	3
896	0
897	0
898	0
899	3
900	0
901	1
902	0
903	1
904	3
905	0
906	0
907	3
908	3
909	3
910	0
911	0
912	2
913	3
914	2
915	3
916	0
917	0
918	0
919	0
920	3
921	3
922	0
923	0
924	0
925	0
926	3
927	3
928	0
929	3
930	0
931	0
932	0
933	0
934	0
935	0
936	3
937	0
938	0
939	2
940	0
941	0
942	0
943	2
944	3
945	0
946	0
947	3
948	0
949	3
950	3
951	2
952	0
953	3
954	0
955	1
956	0
957	0
958	0
959	3
960	3
961	3
962	2
963	3
964	3
965	1
966	3
967	3
968	3
969	0
970	3
971	3
972	1
973	3
974	0
975	3
976	3
977	1
978	3
979	2
980	2
981	3
982	3
983	1
984	3
985	3
986	3
987	3
988	3
989	0
990	1
991	2
992	3
993	2
994	3
995	3
996	3
997	1
998	3
999	3
1000	3
1001	3
1002	3
1003	0
1004	2
1005	3
1006	2
1007	3
1008	3
1009	3
1010	3
1011	3
1012	0
1013	0
1014	3
1015	3
1016	3
1017	2
1018	3
1019	2
1020	3
1021	3
1022	2
1023	3
