COMMAND
./sim gshare 13 4 ./proj2-traces/perl_trace.txt
OUTPUT
number of predictions:2000000
number of mispredictions:145331
misprediction rate:   7.27%
FINAL GSHARE CONTENTS
0	2
1	3
2	3
3	2
4	2
5	2
6	2
7	3
8	2
9	2
10	3
11	2
12	2
13	2
14	2
15	2
16	2
17	1
18	1
19	0
20	2
21	2
22	2
23	2
24	1
25	2
26	2
27	2
28	0
29	2
30	2
31	3
32	2
33	0
34	2
35	3
36	2
37	2
38	3
39	0
40	2
41	2
42	2
43	2
44	2
45	2
46	3
47	0
48	1
49	3
50	3
51	2
52	2
53	2
54	2
55	2
56	2
57	0
58	2
59	1
60	0
61	2
62	2
63	1
64	1
65	0
66	2
67	2
68	2
69	2
70	1
71	2
72	2
73	2
74	3
75	2
76	2
77	2
78	2
79	3
80	2
81	2
82	2
83	2
84	2
85	1
86	2
87	1
88	2
89	2
90	0
91	0
92	2
93	3
94	0
95	2
96	2
97	2
98	2
99	2
100	0
101	0
102	2
103	2
104	2
105	2
106	2
107	2
108	2
109	2
110	2
111	3
112	0
113	0
114	0
115	3
116	2
117	1
118	3
119	2
120	2
121	2
122	2
123	2
124	2
125	2
126	2
127	2
128	3
129	2
130	2
131	2
132	3
133	2
134	0
135	0
136	2
137	3
138	3
139	2
140	2
141	1
142	0
143	2
144	2
145	0
146	1
147	2
148	2
149	2
150	2
151	3
152	2
153	1
154	2
155	2
156	0
157	2
158	0
159	2
160	2
161	2
162	3
163	3
164	1
165	0
166	2
167	0
168	2
169	0
170	3
171	2
172	2
173	2
174	1
175	2
176	2
177	2
178	2
179	0
180	1
181	0
182	2
183	2
184	3
185	2
186	3
187	2
188	2
189	3
190	2
191	2
192	2
193	2
194	2
195	2
196	2
197	0
198	2
199	2
200	2
201	2
202	2
203	0
204	2
205	2
206	2
207	2
208	2
209	3
210	3
211	2
212	2
213	2
214	2
215	3
216	0
217	2
218	1
219	0
220	2
221	3
222	1
223	2
224	2
225	3
226	0
227	2
228	2
229	3
230	2
231	2
232	2
233	2
234	2
235	0
236	2
237	2
238	3
239	3
240	0
241	2
242	2
243	2
244	2
245	2
246	2
247	2
248	2
249	2
250	2
251	2
252	1
253	2
254	3
255	2
256	2
257	2
258	2
259	2
260	2
261	2
262	2
263	2
264	2
265	3
266	0
267	2
268	2
269	3
270	2
271	2
272	2
273	2
274	2
275	1
276	3
277	2
278	2
279	2
280	2
281	2
282	3
283	2
284	2
285	2
286	3
287	3
288	3
289	1
290	0
291	2
292	2
293	2
294	0
295	3
296	2
297	3
298	2
299	1
300	2
301	3
302	3
303	2
304	2
305	3
306	3
307	1
308	2
309	2
310	0
311	2
312	2
313	2
314	2
315	1
316	1
317	2
318	2
319	0
320	2
321	2
322	2
323	1
324	2
325	3
326	2
327	2
328	0
329	2
330	2
331	2
332	2
333	2
334	2
335	2
336	3
337	2
338	2
339	2
340	2
341	3
342	2
343	2
344	2
345	3
346	2
347	2
348	2
349	2
350	2
351	2
352	2
353	3
354	2
355	3
356	0
357	2
358	2
359	2
360	3
361	0
362	3
363	2
364	2
365	2
366	2
367	2
368	2
369	2
370	3
371	0
372	2
373	2
374	3
375	0
376	3
377	2
378	2
379	2
380	3
381	3
382	0
383	3
384	2
385	2
386	2
387	2
388	3
389	3
390	2
391	2
392	2
393	1
394	2
395	2
396	1
397	2
398	2
399	3
400	2
401	2
402	2
403	2
404	2
405	2
406	2
407	2
408	2
409	2
410	2
411	2
412	0
413	1
414	2
415	1
416	0
417	3
418	2
419	0
420	2
421	2
422	3
423	2
424	2
425	2
426	0
427	2
428	0
429	3
430	2
431	2
432	2
433	2
434	2
435	2
436	2
437	2
438	3
439	3
440	2
441	2
442	3
443	3
444	2
445	3
446	2
447	2
448	2
449	2
450	2
451	2
452	2
453	2
454	0
455	2
456	1
457	2
458	2
459	2
460	2
461	3
462	3
463	2
464	3
465	3
466	3
467	2
468	2
469	0
470	2
471	2
472	2
473	2
474	2
475	2
476	2
477	2
478	2
479	2
480	3
481	2
482	2
483	3
484	2
485	2
486	0
487	1
488	2
489	1
490	3
491	2
492	0
493	0
494	2
495	2
496	2
497	2
498	3
499	0
500	2
501	2
502	2
503	0
504	2
505	2
506	2
507	3
508	3
509	2
510	2
511	3
512	2
513	3
514	2
515	2
516	2
517	3
518	2
519	2
520	2
521	3
522	3
523	2
524	2
525	3
526	3
527	2
528	2
529	2
530	2
531	0
532	2
533	2
534	2
535	0
536	2
537	2
538	2
539	2
540	2
541	3
542	2
543	2
544	2
545	2
546	2
547	3
548	3
549	1
550	3
551	0
552	2
553	2
554	2
555	2
556	2
557	2
558	2
559	0
560	3
561	3
562	3
563	2
564	2
565	3
566	2
567	1
568	2
569	0
570	2
571	2
572	0
573	2
574	2
575	2
576	0
577	0
578	2
579	3
580	2
581	0
582	2
583	1
584	2
585	2
586	2
587	3
588	3
589	3
590	2
591	3
592	2
593	0
594	1
595	2
596	2
597	2
598	3
599	0
600	3
601	2
602	2
603	3
604	2
605	2
606	0
607	3
608	2
609	2
610	3
611	2
612	2
613	3
614	2
615	2
616	2
617	2
618	2
619	2
620	3
621	2
622	3
623	2
624	2
625	3
626	2
627	2
628	2
629	1
630	2
631	2
632	2
633	2
634	2
635	2
636	2
637	2
638	2
639	2
640	3
641	2
642	2
643	2
644	2
645	2
646	1
647	3
648	2
649	3
650	3
651	3
652	2
653	2
654	1
655	3
656	0
657	2
658	2
659	3
660	2
661	2
662	3
663	2
664	2
665	2
666	2
667	2
668	2
669	3
670	3
671	2
672	2
673	0
674	2
675	2
676	2
677	2
678	2
679	2
680	2
681	2
682	3
683	2
684	2
685	0
686	2
687	2
688	3
689	2
690	2
691	0
692	2
693	2
694	0
695	2
696	2
697	2
698	2
699	2
700	2
701	2
702	3
703	2
704	1
705	2
706	2
707	2
708	2
709	1
710	3
711	0
712	3
713	2
714	2
715	0
716	3
717	2
718	2
719	2
720	0
721	2
722	2
723	3
724	2
725	1
726	2
727	0
728	2
729	2
730	1
731	2
732	2
733	3
734	3
735	0
736	0
737	3
738	2
739	1
740	2
741	3
742	2
743	3
744	2
745	2
746	3
747	0
748	2
749	2
750	2
751	2
752	2
753	3
754	2
755	2
756	2
757	2
758	2
759	2
760	2
761	2
762	2
763	3
764	3
765	1
766	2
767	2
768	2
769	2
770	2
771	2
772	2
773	2
774	2
775	2
776	2
777	2
778	0
779	2
780	2
781	3
782	2
783	2
784	2
785	2
786	3
787	1
788	3
789	1
790	3
791	2
792	2
793	0
794	2
795	2
796	3
797	3
798	2
799	3
800	3
801	3
802	2
803	2
804	2
805	3
806	2
807	3
808	2
809	2
810	3
811	1
812	1
813	2
814	3
815	2
816	2
817	2
818	3
819	2
820	2
821	2
822	2
823	2
824	2
825	2
826	2
827	2
828	0
829	2
830	3
831	0
832	2
833	2
834	2
835	0
836	2
837	3
838	2
839	0
840	2
841	2
842	2
843	1
844	2
845	2
846	2
847	2
848	2
849	2
850	2
851	2
852	1
853	2
854	0
855	2
856	2
857	3
858	2
859	2
860	3
861	2
862	2
863	2
864	1
865	3
866	2
867	0
868	0
869	2
870	2
871	2
872	1
873	2
874	3
875	2
876	2
877	0
878	3
879	2
880	2
881	2
882	1
883	3
884	2
885	0
886	0
887	0
888	0
889	2
890	2
891	2
892	3
893	3
894	2
895	2
896	2
897	2
898	2
899	2
900	2
901	3
902	2
903	2
904	2
905	2
906	2
907	2
908	2
909	2
910	1
911	2
912	2
913	2
914	2
915	2
916	2
917	0
918	2
919	2
920	2
921	2
922	2
923	0
924	0
925	2
926	2
927	2
928	2
929	2
930	2
931	2
932	2
933	1
934	3
935	2
936	2
937	2
938	2
939	3
940	2
941	3
942	2
943	2
944	2
945	2
946	0
947	0
948	2
949	2
950	2
951	2
952	2
953	2
954	0
955	3
956	2
957	3
958	2
959	2
960	2
961	2
962	2
963	2
964	1
965	2
966	2
967	2
968	1
969	3
970	2
971	3
972	2
973	2
974	3
975	2
976	2
977	2
978	0
979	3
980	2
981	1
982	2
983	1
984	2
985	1
986	0
987	2
988	2
989	2
990	3
991	3
992	3
993	2
994	2
995	3
996	2
997	3
998	2
999	2
1000	0
1001	0
1002	2
1003	3
1004	0
1005	3
1006	3
1007	2
1008	3
1009	0
1010	2
1011	3
1012	2
1013	0
1014	2
1015	2
1016	2
1017	2
1018	2
1019	2
1020	2
1021	1
1022	2
1023	2
1024	2
1025	0
1026	1
1027	3
1028	2
1029	2
1030	2
1031	2
1032	2
1033	3
1034	3
1035	2
1036	2
1037	2
1038	3
1039	2
1040	2
1041	2
1042	2
1043	2
1044	2
1045	3
1046	3
1047	2
1048	2
1049	2
1050	3
1051	2
1052	2
1053	2
1054	2
1055	2
1056	2
1057	2
1058	0
1059	3
1060	2
1061	2
1062	3
1063	3
1064	3
1065	2
1066	2
1067	3
1068	1
1069	2
1070	2
1071	0
1072	3
1073	2
1074	2
1075	2
1076	3
1077	0
1078	2
1079	2
1080	2
1081	2
1082	3
1083	2
1084	1
1085	2
1086	3
1087	2
1088	0
1089	0
1090	2
1091	2
1092	2
1093	2
1094	2
1095	2
1096	3
1097	3
1098	3
1099	1
1100	3
1101	2
1102	2
1103	0
1104	2
1105	2
1106	2
1107	2
1108	2
1109	3
1110	2
1111	3
1112	2
1113	2
1114	3
1115	2
1116	2
1117	2
1118	2
1119	2
1120	2
1121	2
1122	2
1123	3
1124	0
1125	3
1126	0
1127	2
1128	2
1129	2
1130	2
1131	2
1132	2
1133	2
1134	2
1135	3
1136	2
1137	1
1138	2
1139	3
1140	2
1141	1
1142	3
1143	2
1144	2
1145	2
1146	2
1147	2
1148	2
1149	2
1150	3
1151	3
1152	3
1153	2
1154	2
1155	2
1156	3
1157	2
1158	0
1159	0
1160	2
1161	3
1162	3
1163	3
1164	3
1165	0
1166	2
1167	2
1168	1
1169	2
1170	2
1171	2
1172	3
1173	2
1174	3
1175	2
1176	2
1177	0
1178	2
1179	2
1180	2
1181	2
1182	3
1183	2
1184	2
1185	2
1186	3
1187	3
1188	2
1189	2
1190	2
1191	2
1192	2
1193	2
1194	2
1195	3
1196	2
1197	2
1198	1
1199	2
1200	2
1201	2
1202	0
1203	2
1204	2
1205	2
1206	3
1207	2
1208	2
1209	3
1210	2
1211	3
1212	3
1213	3
1214	2
1215	2
1216	2
1217	2
1218	2
1219	2
1220	0
1221	0
1222	2
1223	2
1224	1
1225	3
1226	2
1227	0
1228	2
1229	2
1230	2
1231	2
1232	2
1233	2
1234	2
1235	3
1236	2
1237	2
1238	3
1239	0
1240	2
1241	2
1242	2
1243	2
1244	2
1245	0
1246	2
1247	2
1248	2
1249	3
1250	2
1251	2
1252	2
1253	2
1254	3
1255	3
1256	2
1257	3
1258	2
1259	2
1260	2
1261	1
1262	3
1263	0
1264	2
1265	3
1266	3
1267	3
1268	2
1269	2
1270	2
1271	2
1272	3
1273	3
1274	3
1275	2
1276	0
1277	1
1278	2
1279	3
1280	2
1281	2
1282	2
1283	3
1284	2
1285	2
1286	2
1287	0
1288	3
1289	3
1290	0
1291	2
1292	2
1293	0
1294	2
1295	0
1296	2
1297	3
1298	2
1299	2
1300	2
1301	2
1302	3
1303	2
1304	0
1305	0
1306	2
1307	3
1308	1
1309	2
1310	0
1311	2
1312	2
1313	2
1314	0
1315	2
1316	2
1317	0
1318	3
1319	3
1320	3
1321	2
1322	2
1323	0
1324	2
1325	2
1326	2
1327	2
1328	3
1329	2
1330	2
1331	0
1332	2
1333	2
1334	2
1335	2
1336	2
1337	2
1338	2
1339	0
1340	2
1341	2
1342	3
1343	2
1344	0
1345	1
1346	2
1347	1
1348	2
1349	3
1350	2
1351	0
1352	2
1353	3
1354	2
1355	2
1356	3
1357	3
1358	2
1359	2
1360	2
1361	2
1362	2
1363	2
1364	3
1365	3
1366	2
1367	2
1368	0
1369	1
1370	2
1371	2
1372	2
1373	3
1374	0
1375	2
1376	0
1377	2
1378	3
1379	3
1380	1
1381	2
1382	2
1383	2
1384	3
1385	2
1386	3
1387	3
1388	2
1389	2
1390	2
1391	2
1392	3
1393	2
1394	3
1395	2
1396	2
1397	2
1398	3
1399	0
1400	3
1401	2
1402	3
1403	2
1404	3
1405	3
1406	1
1407	2
1408	2
1409	2
1410	2
1411	2
1412	2
1413	3
1414	2
1415	3
1416	2
1417	2
1418	2
1419	2
1420	2
1421	2
1422	2
1423	1
1424	2
1425	3
1426	2
1427	2
1428	2
1429	2
1430	2
1431	3
1432	2
1433	2
1434	2
1435	0
1436	2
1437	2
1438	1
1439	2
1440	0
1441	2
1442	3
1443	3
1444	2
1445	2
1446	2
1447	2
1448	2
1449	2
1450	0
1451	2
1452	2
1453	2
1454	3
1455	3
1456	2
1457	3
1458	2
1459	2
1460	2
1461	0
1462	2
1463	2
1464	2
1465	2
1466	2
1467	3
1468	2
1469	2
1470	2
1471	2
1472	1
1473	2
1474	2
1475	2
1476	1
1477	2
1478	2
1479	2
1480	2
1481	2
1482	2
1483	2
1484	2
1485	3
1486	3
1487	2
1488	2
1489	2
1490	3
1491	2
1492	2
1493	0
1494	2
1495	2
1496	1
1497	2
1498	2
1499	2
1500	3
1501	2
1502	2
1503	3
1504	0
1505	2
1506	2
1507	2
1508	2
1509	2
1510	3
1511	2
1512	2
1513	2
1514	2
1515	1
1516	2
1517	2
1518	3
1519	2
1520	1
1521	2
1522	2
1523	2
1524	2
1525	2
1526	2
1527	2
1528	3
1529	0
1530	2
1531	3
1532	0
1533	2
1534	2
1535	1
1536	1
1537	0
1538	2
1539	1
1540	2
1541	2
1542	2
1543	2
1544	3
1545	0
1546	3
1547	2
1548	3
1549	3
1550	3
1551	2
1552	2
1553	2
1554	2
1555	2
1556	2
1557	2
1558	2
1559	2
1560	2
1561	3
1562	2
1563	2
1564	2
1565	2
1566	2
1567	2
1568	2
1569	2
1570	2
1571	3
1572	2
1573	0
1574	3
1575	2
1576	3
1577	3
1578	3
1579	3
1580	3
1581	2
1582	2
1583	2
1584	2
1585	2
1586	2
1587	0
1588	2
1589	2
1590	0
1591	0
1592	3
1593	2
1594	2
1595	1
1596	0
1597	2
1598	3
1599	2
1600	0
1601	2
1602	2
1603	2
1604	2
1605	2
1606	2
1607	2
1608	2
1609	3
1610	0
1611	2
1612	3
1613	2
1614	2
1615	3
1616	2
1617	1
1618	2
1619	3
1620	0
1621	0
1622	2
1623	2
1624	2
1625	2
1626	2
1627	2
1628	2
1629	2
1630	2
1631	0
1632	2
1633	2
1634	2
1635	2
1636	2
1637	2
1638	2
1639	3
1640	2
1641	0
1642	3
1643	0
1644	2
1645	3
1646	0
1647	0
1648	2
1649	0
1650	0
1651	3
1652	2
1653	2
1654	2
1655	0
1656	2
1657	0
1658	1
1659	2
1660	2
1661	2
1662	2
1663	1
1664	2
1665	2
1666	3
1667	1
1668	2
1669	2
1670	2
1671	0
1672	2
1673	3
1674	2
1675	0
1676	2
1677	2
1678	3
1679	3
1680	2
1681	0
1682	2
1683	2
1684	2
1685	2
1686	3
1687	0
1688	0
1689	2
1690	2
1691	2
1692	2
1693	2
1694	3
1695	2
1696	0
1697	2
1698	2
1699	2
1700	2
1701	2
1702	2
1703	2
1704	2
1705	2
1706	3
1707	2
1708	2
1709	2
1710	0
1711	2
1712	2
1713	2
1714	2
1715	2
1716	2
1717	2
1718	3
1719	2
1720	2
1721	2
1722	2
1723	2
1724	3
1725	3
1726	2
1727	0
1728	3
1729	2
1730	2
1731	2
1732	0
1733	2
1734	2
1735	0
1736	0
1737	2
1738	2
1739	0
1740	2
1741	0
1742	0
1743	2
1744	2
1745	2
1746	1
1747	2
1748	2
1749	2
1750	2
1751	0
1752	2
1753	2
1754	0
1755	2
1756	2
1757	0
1758	2
1759	2
1760	2
1761	3
1762	3
1763	2
1764	2
1765	1
1766	2
1767	3
1768	2
1769	2
1770	3
1771	2
1772	2
1773	0
1774	3
1775	1
1776	2
1777	0
1778	3
1779	2
1780	2
1781	2
1782	2
1783	0
1784	0
1785	2
1786	2
1787	2
1788	0
1789	2
1790	2
1791	2
1792	2
1793	2
1794	2
1795	0
1796	2
1797	3
1798	2
1799	0
1800	1
1801	2
1802	0
1803	2
1804	2
1805	0
1806	2
1807	2
1808	2
1809	2
1810	2
1811	0
1812	2
1813	2
1814	3
1815	2
1816	2
1817	2
1818	2
1819	2
1820	2
1821	2
1822	0
1823	2
1824	2
1825	3
1826	0
1827	2
1828	1
1829	2
1830	3
1831	3
1832	2
1833	2
1834	3
1835	3
1836	2
1837	2
1838	2
1839	2
1840	2
1841	2
1842	2
1843	2
1844	2
1845	2
1846	2
1847	2
1848	2
1849	2
1850	2
1851	3
1852	1
1853	2
1854	3
1855	0
1856	2
1857	2
1858	3
1859	1
1860	2
1861	3
1862	2
1863	3
1864	2
1865	2
1866	2
1867	2
1868	3
1869	2
1870	2
1871	2
1872	3
1873	2
1874	1
1875	2
1876	3
1877	0
1878	2
1879	3
1880	2
1881	3
1882	2
1883	2
1884	2
1885	1
1886	2
1887	2
1888	0
1889	1
1890	3
1891	2
1892	1
1893	0
1894	3
1895	2
1896	2
1897	2
1898	3
1899	2
1900	2
1901	2
1902	2
1903	2
1904	2
1905	2
1906	2
1907	3
1908	2
1909	2
1910	3
1911	1
1912	0
1913	2
1914	0
1915	1
1916	3
1917	2
1918	2
1919	2
1920	2
1921	2
1922	2
1923	2
1924	2
1925	3
1926	2
1927	2
1928	2
1929	0
1930	2
1931	0
1932	2
1933	2
1934	2
1935	2
1936	2
1937	2
1938	2
1939	2
1940	2
1941	2
1942	2
1943	0
1944	3
1945	2
1946	2
1947	0
1948	2
1949	1
1950	2
1951	2
1952	2
1953	3
1954	3
1955	2
1956	2
1957	2
1958	2
1959	3
1960	2
1961	2
1962	0
1963	2
1964	2
1965	0
1966	3
1967	0
1968	2
1969	2
1970	1
1971	2
1972	2
1973	3
1974	2
1975	3
1976	2
1977	2
1978	2
1979	2
1980	2
1981	2
1982	2
1983	2
1984	2
1985	2
1986	3
1987	2
1988	2
1989	2
1990	2
1991	2
1992	2
1993	2
1994	0
1995	2
1996	2
1997	3
1998	3
1999	2
2000	2
2001	2
2002	0
2003	2
2004	2
2005	0
2006	2
2007	2
2008	3
2009	3
2010	2
2011	2
2012	2
2013	2
2014	0
2015	2
2016	3
2017	2
2018	2
2019	1
2020	2
2021	2
2022	2
2023	2
2024	3
2025	2
2026	2
2027	0
2028	2
2029	2
2030	2
2031	2
2032	3
2033	2
2034	0
2035	2
2036	2
2037	2
2038	3
2039	3
2040	3
2041	2
2042	3
2043	2
2044	2
2045	2
2046	2
2047	1
2048	2
2049	2
2050	2
2051	2
2052	2
2053	3
2054	2
2055	2
2056	2
2057	3
2058	3
2059	2
2060	3
2061	3
2062	3
2063	2
2064	2
2065	1
2066	2
2067	0
2068	2
2069	3
2070	2
2071	2
2072	2
2073	2
2074	2
2075	2
2076	0
2077	1
2078	2
2079	2
2080	2
2081	2
2082	0
2083	3
2084	1
2085	2
2086	3
2087	3
2088	3
2089	2
2090	2
2091	2
2092	3
2093	2
2094	2
2095	2
2096	3
2097	2
2098	2
2099	3
2100	2
2101	2
2102	2
2103	1
2104	2
2105	3
2106	3
2107	3
2108	3
2109	2
2110	2
2111	3
2112	1
2113	2
2114	2
2115	2
2116	0
2117	2
2118	0
2119	2
2120	3
2121	3
2122	0
2123	3
2124	3
2125	2
2126	2
2127	2
2128	2
2129	3
2130	1
2131	2
2132	2
2133	1
2134	2
2135	0
2136	3
2137	2
2138	2
2139	0
2140	3
2141	3
2142	2
2143	3
2144	2
2145	2
2146	3
2147	2
2148	3
2149	0
2150	3
2151	2
2152	2
2153	3
2154	1
2155	2
2156	2
2157	2
2158	1
2159	0
2160	2
2161	0
2162	0
2163	3
2164	2
2165	0
2166	1
2167	0
2168	2
2169	2
2170	2
2171	2
2172	1
2173	3
2174	2
2175	2
2176	3
2177	2
2178	0
2179	0
2180	3
2181	0
2182	1
2183	0
2184	2
2185	2
2186	2
2187	3
2188	3
2189	2
2190	2
2191	3
2192	2
2193	0
2194	2
2195	2
2196	0
2197	3
2198	3
2199	3
2200	3
2201	3
2202	3
2203	2
2204	2
2205	2
2206	3
2207	3
2208	1
2209	3
2210	0
2211	2
2212	2
2213	2
2214	2
2215	1
2216	2
2217	3
2218	3
2219	2
2220	2
2221	1
2222	3
2223	2
2224	2
2225	2
2226	3
2227	0
2228	0
2229	2
2230	2
2231	3
2232	2
2233	2
2234	2
2235	2
2236	2
2237	2
2238	2
2239	2
2240	2
2241	2
2242	2
2243	1
2244	2
2245	0
2246	2
2247	2
2248	3
2249	2
2250	1
2251	2
2252	2
2253	2
2254	3
2255	2
2256	2
2257	2
2258	2
2259	0
2260	2
2261	0
2262	2
2263	2
2264	0
2265	2
2266	0
2267	2
2268	3
2269	2
2270	2
2271	2
2272	2
2273	3
2274	0
2275	2
2276	2
2277	0
2278	3
2279	2
2280	2
2281	3
2282	3
2283	3
2284	2
2285	0
2286	3
2287	2
2288	1
2289	2
2290	3
2291	2
2292	2
2293	1
2294	2
2295	2
2296	2
2297	2
2298	2
2299	2
2300	1
2301	2
2302	3
2303	2
2304	2
2305	0
2306	2
2307	2
2308	2
2309	0
2310	2
2311	2
2312	1
2313	3
2314	1
2315	2
2316	2
2317	1
2318	0
2319	1
2320	3
2321	3
2322	2
2323	3
2324	3
2325	2
2326	3
2327	2
2328	2
2329	0
2330	3
2331	1
2332	0
2333	2
2334	2
2335	2
2336	2
2337	0
2338	0
2339	2
2340	2
2341	1
2342	2
2343	2
2344	2
2345	2
2346	3
2347	2
2348	2
2349	2
2350	3
2351	2
2352	2
2353	2
2354	3
2355	2
2356	2
2357	2
2358	2
2359	2
2360	1
2361	2
2362	2
2363	3
2364	2
2365	2
2366	3
2367	2
2368	2
2369	2
2370	3
2371	0
2372	2
2373	3
2374	3
2375	2
2376	2
2377	2
2378	2
2379	2
2380	2
2381	3
2382	0
2383	2
2384	3
2385	2
2386	0
2387	2
2388	3
2389	0
2390	3
2391	2
2392	0
2393	2
2394	3
2395	2
2396	1
2397	3
2398	0
2399	2
2400	1
2401	1
2402	2
2403	2
2404	2
2405	2
2406	2
2407	2
2408	2
2409	0
2410	3
2411	2
2412	1
2413	0
2414	2
2415	2
2416	2
2417	3
2418	2
2419	0
2420	1
2421	0
2422	3
2423	0
2424	2
2425	2
2426	3
2427	1
2428	0
2429	1
2430	2
2431	2
2432	2
2433	2
2434	2
2435	2
2436	2
2437	2
2438	2
2439	2
2440	2
2441	0
2442	0
2443	2
2444	2
2445	2
2446	2
2447	2
2448	2
2449	2
2450	2
2451	2
2452	2
2453	2
2454	2
2455	2
2456	3
2457	2
2458	2
2459	2
2460	2
2461	3
2462	3
2463	3
2464	3
2465	3
2466	2
2467	2
2468	2
2469	2
2470	3
2471	2
2472	2
2473	3
2474	0
2475	2
2476	2
2477	3
2478	2
2479	2
2480	2
2481	2
2482	0
2483	1
2484	2
2485	2
2486	3
2487	3
2488	2
2489	2
2490	2
2491	2
2492	2
2493	2
2494	2
2495	2
2496	2
2497	2
2498	2
2499	2
2500	2
2501	2
2502	0
2503	2
2504	2
2505	2
2506	3
2507	2
2508	3
2509	2
2510	3
2511	2
2512	2
2513	2
2514	3
2515	2
2516	2
2517	0
2518	3
2519	2
2520	3
2521	3
2522	2
2523	1
2524	3
2525	2
2526	2
2527	2
2528	0
2529	2
2530	2
2531	2
2532	2
2533	2
2534	0
2535	2
2536	1
2537	2
2538	0
2539	2
2540	2
2541	2
2542	3
2543	2
2544	2
2545	2
2546	0
2547	0
2548	2
2549	2
2550	2
2551	2
2552	3
2553	2
2554	2
2555	0
2556	2
2557	2
2558	2
2559	3
2560	1
2561	2
2562	2
2563	2
2564	2
2565	3
2566	2
2567	2
2568	3
2569	2
2570	3
2571	2
2572	2
2573	2
2574	3
2575	2
2576	3
2577	2
2578	2
2579	0
2580	2
2581	2
2582	2
2583	2
2584	2
2585	2
2586	2
2587	0
2588	2
2589	3
2590	2
2591	2
2592	2
2593	2
2594	2
2595	3
2596	2
2597	2
2598	2
2599	3
2600	0
2601	2
2602	2
2603	2
2604	3
2605	2
2606	2
2607	0
2608	3
2609	2
2610	2
2611	3
2612	2
2613	2
2614	2
2615	0
2616	2
2617	2
2618	3
2619	2
2620	0
2621	2
2622	2
2623	2
2624	2
2625	2
2626	2
2627	2
2628	2
2629	2
2630	0
2631	2
2632	2
2633	3
2634	0
2635	2
2636	2
2637	2
2638	2
2639	2
2640	2
2641	3
2642	0
2643	1
2644	3
2645	0
2646	2
2647	3
2648	3
2649	2
2650	2
2651	0
2652	3
2653	3
2654	2
2655	3
2656	2
2657	2
2658	2
2659	2
2660	3
2661	0
2662	0
2663	1
2664	2
2665	2
2666	3
2667	1
2668	2
2669	3
2670	3
2671	1
2672	2
2673	3
2674	0
2675	3
2676	3
2677	2
2678	3
2679	2
2680	2
2681	3
2682	2
2683	3
2684	2
2685	2
2686	2
2687	2
2688	3
2689	3
2690	0
2691	3
2692	3
2693	2
2694	0
2695	3
2696	2
2697	2
2698	2
2699	2
2700	0
2701	0
2702	0
2703	3
2704	2
2705	0
2706	2
2707	2
2708	2
2709	2
2710	2
2711	3
2712	2
2713	3
2714	3
2715	2
2716	2
2717	2
2718	2
2719	2
2720	1
2721	2
2722	2
2723	2
2724	2
2725	2
2726	2
2727	0
2728	0
2729	2
2730	3
2731	2
2732	2
2733	2
2734	3
2735	2
2736	3
2737	2
2738	0
2739	0
2740	3
2741	2
2742	2
2743	2
2744	2
2745	2
2746	2
2747	2
2748	2
2749	0
2750	2
2751	1
2752	2
2753	2
2754	1
2755	1
2756	0
2757	0
2758	2
2759	2
2760	2
2761	2
2762	2
2763	2
2764	2
2765	2
2766	2
2767	0
2768	2
2769	2
2770	2
2771	2
2772	2
2773	0
2774	2
2775	2
2776	2
2777	3
2778	2
2779	2
2780	3
2781	3
2782	2
2783	2
2784	2
2785	3
2786	2
2787	0
2788	1
2789	2
2790	2
2791	2
2792	2
2793	2
2794	2
2795	2
2796	2
2797	0
2798	2
2799	3
2800	2
2801	2
2802	2
2803	3
2804	2
2805	0
2806	2
2807	2
2808	0
2809	2
2810	2
2811	2
2812	2
2813	2
2814	3
2815	2
2816	2
2817	2
2818	3
2819	2
2820	3
2821	0
2822	2
2823	2
2824	2
2825	2
2826	0
2827	2
2828	2
2829	0
2830	0
2831	2
2832	2
2833	3
2834	3
2835	0
2836	2
2837	2
2838	3
2839	2
2840	2
2841	0
2842	2
2843	2
2844	2
2845	2
2846	2
2847	2
2848	1
2849	0
2850	0
2851	2
2852	3
2853	2
2854	2
2855	2
2856	3
2857	3
2858	3
2859	2
2860	0
2861	2
2862	2
2863	2
2864	2
2865	2
2866	2
2867	2
2868	3
2869	0
2870	2
2871	2
2872	3
2873	2
2874	2
2875	2
2876	2
2877	2
2878	3
2879	3
2880	2
2881	2
2882	2
2883	2
2884	3
2885	3
2886	2
2887	3
2888	2
2889	3
2890	3
2891	0
2892	2
2893	2
2894	0
2895	2
2896	3
2897	2
2898	2
2899	2
2900	2
2901	2
2902	0
2903	2
2904	3
2905	2
2906	3
2907	2
2908	2
2909	2
2910	1
2911	3
2912	2
2913	0
2914	2
2915	3
2916	2
2917	2
2918	0
2919	2
2920	2
2921	2
2922	2
2923	3
2924	3
2925	2
2926	2
2927	2
2928	2
2929	2
2930	2
2931	0
2932	0
2933	2
2934	3
2935	0
2936	2
2937	2
2938	2
2939	0
2940	2
2941	0
2942	2
2943	2
2944	2
2945	2
2946	2
2947	2
2948	2
2949	3
2950	0
2951	3
2952	2
2953	2
2954	2
2955	3
2956	2
2957	3
2958	2
2959	2
2960	2
2961	2
2962	2
2963	3
2964	2
2965	0
2966	2
2967	2
2968	2
2969	2
2970	2
2971	0
2972	2
2973	3
2974	2
2975	2
2976	3
2977	0
2978	3
2979	2
2980	2
2981	2
2982	3
2983	1
2984	2
2985	2
2986	2
2987	2
2988	2
2989	2
2990	2
2991	2
2992	2
2993	2
2994	0
2995	2
2996	2
2997	3
2998	2
2999	3
3000	2
3001	2
3002	2
3003	2
3004	2
3005	2
3006	2
3007	2
3008	2
3009	2
3010	2
3011	2
3012	2
3013	2
3014	2
3015	3
3016	2
3017	3
3018	2
3019	2
3020	2
3021	2
3022	3
3023	2
3024	2
3025	2
3026	3
3027	2
3028	2
3029	0
3030	0
3031	2
3032	2
3033	0
3034	2
3035	2
3036	2
3037	2
3038	2
3039	3
3040	0
3041	3
3042	2
3043	2
3044	2
3045	2
3046	2
3047	3
3048	0
3049	2
3050	0
3051	0
3052	3
3053	2
3054	1
3055	2
3056	3
3057	3
3058	1
3059	2
3060	2
3061	2
3062	2
3063	2
3064	3
3065	2
3066	2
3067	2
3068	2
3069	2
3070	2
3071	2
3072	2
3073	2
3074	2
3075	2
3076	2
3077	1
3078	2
3079	3
3080	2
3081	2
3082	3
3083	3
3084	2
3085	3
3086	3
3087	2
3088	2
3089	2
3090	2
3091	2
3092	2
3093	3
3094	1
3095	2
3096	2
3097	2
3098	2
3099	2
3100	2
3101	1
3102	3
3103	2
3104	2
3105	2
3106	2
3107	3
3108	3
3109	2
3110	2
3111	2
3112	3
3113	2
3114	2
3115	2
3116	1
3117	2
3118	2
3119	0
3120	3
3121	3
3122	1
3123	3
3124	2
3125	2
3126	2
3127	0
3128	2
3129	2
3130	3
3131	2
3132	1
3133	2
3134	3
3135	2
3136	0
3137	0
3138	2
3139	2
3140	2
3141	2
3142	2
3143	2
3144	2
3145	3
3146	0
3147	2
3148	3
3149	2
3150	3
3151	2
3152	2
3153	3
3154	2
3155	2
3156	2
3157	1
3158	2
3159	3
3160	2
3161	3
3162	2
3163	2
3164	2
3165	0
3166	0
3167	3
3168	1
3169	2
3170	3
3171	2
3172	3
3173	3
3174	2
3175	2
3176	2
3177	2
3178	0
3179	0
3180	1
3181	3
3182	2
3183	2
3184	2
3185	3
3186	0
3187	1
3188	2
3189	1
3190	2
3191	0
3192	0
3193	2
3194	2
3195	3
3196	2
3197	0
3198	2
3199	2
3200	2
3201	2
3202	0
3203	3
3204	3
3205	2
3206	0
3207	2
3208	2
3209	2
3210	2
3211	2
3212	0
3213	2
3214	2
3215	3
3216	3
3217	2
3218	2
3219	2
3220	2
3221	2
3222	2
3223	3
3224	2
3225	0
3226	2
3227	2
3228	3
3229	2
3230	3
3231	2
3232	1
3233	3
3234	1
3235	2
3236	2
3237	2
3238	3
3239	2
3240	2
3241	2
3242	3
3243	3
3244	3
3245	2
3246	0
3247	2
3248	2
3249	2
3250	2
3251	0
3252	2
3253	2
3254	2
3255	2
3256	2
3257	2
3258	2
3259	2
3260	2
3261	3
3262	2
3263	0
3264	2
3265	3
3266	2
3267	2
3268	3
3269	0
3270	2
3271	3
3272	2
3273	2
3274	2
3275	2
3276	2
3277	2
3278	2
3279	2
3280	2
3281	2
3282	2
3283	2
3284	3
3285	2
3286	2
3287	2
3288	2
3289	2
3290	0
3291	2
3292	2
3293	2
3294	3
3295	0
3296	2
3297	3
3298	2
3299	2
3300	2
3301	0
3302	2
3303	2
3304	0
3305	2
3306	2
3307	2
3308	2
3309	0
3310	0
3311	2
3312	2
3313	2
3314	2
3315	2
3316	2
3317	2
3318	2
3319	2
3320	3
3321	0
3322	2
3323	2
3324	3
3325	0
3326	3
3327	1
3328	3
3329	2
3330	3
3331	2
3332	2
3333	0
3334	2
3335	2
3336	2
3337	2
3338	0
3339	2
3340	3
3341	1
3342	2
3343	3
3344	2
3345	2
3346	2
3347	2
3348	2
3349	0
3350	3
3351	3
3352	2
3353	0
3354	1
3355	2
3356	1
3357	2
3358	2
3359	3
3360	2
3361	3
3362	0
3363	2
3364	2
3365	2
3366	2
3367	0
3368	0
3369	2
3370	1
3371	2
3372	3
3373	3
3374	3
3375	1
3376	2
3377	2
3378	2
3379	0
3380	3
3381	0
3382	2
3383	2
3384	2
3385	2
3386	2
3387	2
3388	2
3389	2
3390	2
3391	0
3392	0
3393	2
3394	2
3395	2
3396	0
3397	3
3398	1
3399	0
3400	2
3401	1
3402	2
3403	2
3404	1
3405	2
3406	0
3407	2
3408	0
3409	2
3410	0
3411	0
3412	3
3413	2
3414	2
3415	3
3416	2
3417	3
3418	3
3419	2
3420	2
3421	1
3422	1
3423	1
3424	0
3425	1
3426	2
3427	2
3428	2
3429	2
3430	1
3431	2
3432	3
3433	2
3434	2
3435	2
3436	2
3437	2
3438	2
3439	3
3440	2
3441	2
3442	2
3443	2
3444	2
3445	0
3446	3
3447	0
3448	1
3449	2
3450	3
3451	2
3452	3
3453	3
3454	2
3455	0
3456	1
3457	3
3458	2
3459	2
3460	2
3461	3
3462	2
3463	1
3464	2
3465	2
3466	2
3467	2
3468	0
3469	3
3470	2
3471	2
3472	2
3473	2
3474	2
3475	3
3476	2
3477	2
3478	2
3479	0
3480	2
3481	2
3482	2
3483	2
3484	0
3485	2
3486	2
3487	3
3488	2
3489	2
3490	2
3491	2
3492	2
3493	0
3494	0
3495	3
3496	2
3497	3
3498	1
3499	2
3500	2
3501	2
3502	2
3503	2
3504	2
3505	2
3506	3
3507	2
3508	2
3509	3
3510	3
3511	2
3512	2
3513	2
3514	3
3515	2
3516	2
3517	2
3518	2
3519	3
3520	2
3521	2
3522	2
3523	2
3524	2
3525	2
3526	2
3527	2
3528	2
3529	2
3530	0
3531	2
3532	3
3533	3
3534	3
3535	2
3536	3
3537	0
3538	3
3539	2
3540	2
3541	0
3542	3
3543	2
3544	3
3545	2
3546	2
3547	1
3548	2
3549	2
3550	2
3551	3
3552	3
3553	3
3554	2
3555	2
3556	2
3557	0
3558	1
3559	3
3560	2
3561	0
3562	2
3563	3
3564	1
3565	2
3566	1
3567	2
3568	2
3569	2
3570	2
3571	3
3572	3
3573	2
3574	2
3575	2
3576	3
3577	2
3578	3
3579	3
3580	3
3581	2
3582	2
3583	1
3584	2
3585	2
3586	2
3587	2
3588	2
3589	2
3590	2
3591	2
3592	2
3593	2
3594	3
3595	2
3596	2
3597	2
3598	2
3599	2
3600	2
3601	2
3602	2
3603	3
3604	2
3605	2
3606	2
3607	2
3608	2
3609	2
3610	0
3611	2
3612	3
3613	2
3614	3
3615	2
3616	2
3617	2
3618	2
3619	3
3620	2
3621	2
3622	2
3623	0
3624	3
3625	3
3626	3
3627	2
3628	3
3629	2
3630	3
3631	2
3632	2
3633	2
3634	3
3635	2
3636	2
3637	3
3638	2
3639	1
3640	2
3641	2
3642	3
3643	1
3644	0
3645	2
3646	2
3647	2
3648	2
3649	0
3650	2
3651	3
3652	3
3653	2
3654	3
3655	2
3656	2
3657	2
3658	0
3659	2
3660	3
3661	2
3662	3
3663	0
3664	2
3665	3
3666	2
3667	2
3668	2
3669	1
3670	2
3671	2
3672	3
3673	2
3674	1
3675	2
3676	2
3677	2
3678	0
3679	0
3680	2
3681	2
3682	0
3683	2
3684	2
3685	3
3686	2
3687	2
3688	2
3689	1
3690	0
3691	2
3692	2
3693	3
3694	2
3695	3
3696	0
3697	3
3698	2
3699	3
3700	2
3701	0
3702	3
3703	2
3704	2
3705	2
3706	2
3707	3
3708	2
3709	2
3710	2
3711	1
3712	2
3713	0
3714	0
3715	3
3716	2
3717	2
3718	0
3719	0
3720	2
3721	0
3722	2
3723	2
3724	0
3725	2
3726	2
3727	3
3728	0
3729	2
3730	0
3731	2
3732	2
3733	2
3734	3
3735	3
3736	2
3737	2
3738	2
3739	2
3740	2
3741	2
3742	3
3743	2
3744	0
3745	3
3746	0
3747	0
3748	2
3749	2
3750	2
3751	2
3752	2
3753	2
3754	3
3755	2
3756	0
3757	2
3758	2
3759	2
3760	2
3761	2
3762	0
3763	2
3764	1
3765	2
3766	1
3767	3
3768	3
3769	2
3770	2
3771	2
3772	2
3773	0
3774	2
3775	1
3776	3
3777	0
3778	2
3779	2
3780	3
3781	2
3782	2
3783	3
3784	2
3785	2
3786	2
3787	2
3788	0
3789	2
3790	2
3791	2
3792	1
3793	2
3794	3
3795	2
3796	2
3797	2
3798	2
3799	2
3800	2
3801	2
3802	2
3803	2
3804	3
3805	3
3806	2
3807	2
3808	2
3809	3
3810	2
3811	1
3812	2
3813	3
3814	2
3815	2
3816	0
3817	1
3818	2
3819	0
3820	2
3821	2
3822	3
3823	3
3824	2
3825	1
3826	0
3827	0
3828	2
3829	2
3830	3
3831	2
3832	3
3833	2
3834	2
3835	2
3836	1
3837	2
3838	3
3839	3
3840	3
3841	2
3842	2
3843	3
3844	2
3845	2
3846	2
3847	2
3848	2
3849	2
3850	0
3851	2
3852	2
3853	0
3854	2
3855	2
3856	3
3857	0
3858	3
3859	3
3860	3
3861	0
3862	3
3863	3
3864	1
3865	0
3866	2
3867	2
3868	2
3869	2
3870	0
3871	2
3872	2
3873	3
3874	1
3875	2
3876	2
3877	2
3878	2
3879	2
3880	2
3881	0
3882	3
3883	2
3884	2
3885	2
3886	3
3887	2
3888	2
3889	3
3890	2
3891	2
3892	3
3893	0
3894	0
3895	2
3896	2
3897	2
3898	2
3899	1
3900	2
3901	2
3902	3
3903	2
3904	2
3905	2
3906	2
3907	0
3908	2
3909	3
3910	2
3911	0
3912	1
3913	3
3914	1
3915	2
3916	2
3917	2
3918	0
3919	2
3920	3
3921	2
3922	2
3923	0
3924	0
3925	2
3926	2
3927	2
3928	0
3929	2
3930	2
3931	2
3932	1
3933	2
3934	2
3935	2
3936	2
3937	2
3938	3
3939	2
3940	2
3941	2
3942	1
3943	2
3944	2
3945	2
3946	2
3947	3
3948	2
3949	1
3950	2
3951	2
3952	3
3953	0
3954	0
3955	2
3956	2
3957	2
3958	3
3959	2
3960	3
3961	2
3962	0
3963	2
3964	2
3965	3
3966	2
3967	1
3968	2
3969	2
3970	2
3971	2
3972	0
3973	2
3974	2
3975	2
3976	1
3977	2
3978	2
3979	2
3980	2
3981	2
3982	2
3983	2
3984	2
3985	2
3986	3
3987	3
3988	2
3989	2
3990	2
3991	2
3992	2
3993	2
3994	2
3995	0
3996	2
3997	1
3998	2
3999	3
4000	2
4001	2
4002	3
4003	2
4004	2
4005	2
4006	2
4007	2
4008	2
4009	2
4010	0
4011	0
4012	2
4013	2
4014	0
4015	2
4016	2
4017	2
4018	0
4019	2
4020	2
4021	2
4022	2
4023	2
4024	2
4025	2
4026	2
4027	1
4028	2
4029	2
4030	2
4031	2
4032	3
4033	2
4034	1
4035	2
4036	2
4037	2
4038	0
4039	2
4040	2
4041	0
4042	0
4043	2
4044	2
4045	1
4046	3
4047	2
4048	2
4049	2
4050	3
4051	2
4052	1
4053	0
4054	3
4055	2
4056	3
4057	2
4058	2
4059	2
4060	2
4061	1
4062	2
4063	3
4064	2
4065	2
4066	2
4067	0
4068	2
4069	1
4070	2
4071	0
4072	2
4073	2
4074	2
4075	0
4076	0
4077	2
4078	3
4079	3
4080	3
4081	2
4082	2
4083	2
4084	2
4085	2
4086	1
4087	0
4088	3
4089	2
4090	2
4091	0
4092	3
4093	2
4094	1
4095	0
4096	3
4097	2
4098	2
4099	2
4100	3
4101	2
4102	2
4103	2
4104	3
4105	2
4106	3
4107	2
4108	2
4109	3
4110	3
4111	2
4112	2
4113	3
4114	1
4115	0
4116	2
4117	2
4118	2
4119	0
4120	1
4121	0
4122	2
4123	0
4124	2
4125	0
4126	2
4127	2
4128	2
4129	2
4130	2
4131	3
4132	2
4133	2
4134	3
4135	3
4136	3
4137	2
4138	2
4139	2
4140	2
4141	2
4142	2
4143	0
4144	0
4145	1
4146	2
4147	2
4148	2
4149	1
4150	2
4151	2
4152	2
4153	3
4154	2
4155	3
4156	0
4157	2
4158	3
4159	3
4160	2
4161	0
4162	0
4163	2
4164	3
4165	0
4166	3
4167	2
4168	2
4169	2
4170	0
4171	2
4172	0
4173	0
4174	3
4175	2
4176	0
4177	2
4178	0
4179	0
4180	2
4181	0
4182	2
4183	2
4184	2
4185	2
4186	3
4187	0
4188	2
4189	3
4190	2
4191	3
4192	0
4193	3
4194	2
4195	2
4196	2
4197	0
4198	2
4199	3
4200	2
4201	2
4202	2
4203	2
4204	2
4205	2
4206	2
4207	3
4208	2
4209	1
4210	2
4211	1
4212	0
4213	2
4214	2
4215	3
4216	0
4217	0
4218	2
4219	2
4220	2
4221	0
4222	2
4223	2
4224	2
4225	2
4226	2
4227	0
4228	2
4229	2
4230	0
4231	3
4232	2
4233	2
4234	2
4235	2
4236	2
4237	2
4238	0
4239	3
4240	2
4241	0
4242	2
4243	0
4244	2
4245	2
4246	0
4247	3
4248	0
4249	0
4250	2
4251	2
4252	2
4253	2
4254	2
4255	2
4256	1
4257	2
4258	0
4259	2
4260	3
4261	2
4262	2
4263	0
4264	2
4265	2
4266	2
4267	3
4268	0
4269	2
4270	0
4271	2
4272	0
4273	2
4274	3
4275	2
4276	3
4277	2
4278	2
4279	2
4280	2
4281	2
4282	1
4283	0
4284	2
4285	2
4286	2
4287	2
4288	2
4289	2
4290	2
4291	2
4292	2
4293	2
4294	2
4295	2
4296	2
4297	3
4298	2
4299	2
4300	2
4301	2
4302	3
4303	2
4304	2
4305	2
4306	2
4307	2
4308	0
4309	2
4310	2
4311	2
4312	2
4313	2
4314	0
4315	0
4316	3
4317	2
4318	2
4319	3
4320	2
4321	2
4322	2
4323	2
4324	2
4325	0
4326	3
4327	2
4328	0
4329	3
4330	2
4331	0
4332	2
4333	2
4334	3
4335	3
4336	2
4337	2
4338	1
4339	3
4340	2
4341	3
4342	2
4343	2
4344	2
4345	2
4346	2
4347	2
4348	3
4349	1
4350	2
4351	2
4352	2
4353	1
4354	2
4355	0
4356	2
4357	3
4358	0
4359	2
4360	0
4361	3
4362	0
4363	3
4364	2
4365	0
4366	2
4367	1
4368	3
4369	3
4370	2
4371	3
4372	2
4373	2
4374	0
4375	0
4376	2
4377	0
4378	2
4379	2
4380	2
4381	2
4382	0
4383	2
4384	2
4385	0
4386	0
4387	2
4388	2
4389	2
4390	0
4391	1
4392	3
4393	2
4394	2
4395	2
4396	2
4397	3
4398	3
4399	2
4400	3
4401	3
4402	3
4403	2
4404	0
4405	1
4406	1
4407	3
4408	2
4409	2
4410	2
4411	3
4412	3
4413	2
4414	2
4415	0
4416	2
4417	2
4418	2
4419	0
4420	2
4421	2
4422	0
4423	3
4424	2
4425	2
4426	2
4427	2
4428	2
4429	2
4430	0
4431	2
4432	2
4433	3
4434	3
4435	2
4436	2
4437	3
4438	3
4439	2
4440	2
4441	2
4442	2
4443	2
4444	2
4445	0
4446	2
4447	3
4448	1
4449	2
4450	2
4451	2
4452	2
4453	3
4454	2
4455	3
4456	2
4457	2
4458	2
4459	2
4460	1
4461	2
4462	1
4463	0
4464	0
4465	2
4466	0
4467	2
4468	2
4469	2
4470	2
4471	0
4472	1
4473	2
4474	2
4475	2
4476	0
4477	3
4478	3
4479	2
4480	2
4481	2
4482	1
4483	1
4484	3
4485	0
4486	2
4487	3
4488	3
4489	3
4490	2
4491	1
4492	3
4493	2
4494	2
4495	2
4496	2
4497	3
4498	2
4499	2
4500	2
4501	2
4502	2
4503	2
4504	2
4505	1
4506	2
4507	2
4508	2
4509	3
4510	2
4511	2
4512	1
4513	2
4514	3
4515	2
4516	1
4517	3
4518	2
4519	2
4520	3
4521	0
4522	3
4523	0
4524	2
4525	1
4526	3
4527	3
4528	2
4529	2
4530	3
4531	3
4532	2
4533	2
4534	2
4535	2
4536	3
4537	2
4538	1
4539	2
4540	2
4541	2
4542	2
4543	2
4544	3
4545	0
4546	2
4547	3
4548	2
4549	0
4550	1
4551	2
4552	2
4553	3
4554	0
4555	2
4556	2
4557	2
4558	2
4559	3
4560	3
4561	2
4562	2
4563	2
4564	3
4565	2
4566	1
4567	2
4568	3
4569	2
4570	2
4571	2
4572	2
4573	2
4574	2
4575	2
4576	3
4577	0
4578	1
4579	2
4580	2
4581	2
4582	2
4583	1
4584	3
4585	2
4586	2
4587	0
4588	1
4589	2
4590	2
4591	2
4592	3
4593	3
4594	2
4595	0
4596	3
4597	3
4598	2
4599	0
4600	2
4601	2
4602	2
4603	3
4604	2
4605	3
4606	2
4607	0
4608	2
4609	3
4610	2
4611	2
4612	3
4613	2
4614	2
4615	2
4616	3
4617	3
4618	3
4619	3
4620	2
4621	2
4622	1
4623	1
4624	2
4625	2
4626	0
4627	0
4628	2
4629	1
4630	3
4631	0
4632	2
4633	2
4634	2
4635	2
4636	2
4637	3
4638	2
4639	2
4640	2
4641	3
4642	2
4643	3
4644	2
4645	2
4646	2
4647	3
4648	3
4649	2
4650	2
4651	0
4652	0
4653	2
4654	3
4655	1
4656	3
4657	2
4658	2
4659	2
4660	2
4661	3
4662	2
4663	2
4664	3
4665	2
4666	2
4667	2
4668	0
4669	2
4670	2
4671	1
4672	2
4673	3
4674	0
4675	2
4676	2
4677	2
4678	2
4679	2
4680	3
4681	0
4682	0
4683	3
4684	0
4685	0
4686	2
4687	2
4688	3
4689	2
4690	3
4691	0
4692	0
4693	2
4694	2
4695	2
4696	2
4697	2
4698	2
4699	0
4700	2
4701	2
4702	3
4703	2
4704	0
4705	2
4706	2
4707	2
4708	3
4709	3
4710	2
4711	1
4712	2
4713	0
4714	2
4715	2
4716	2
4717	1
4718	2
4719	3
4720	2
4721	2
4722	3
4723	3
4724	3
4725	2
4726	3
4727	3
4728	3
4729	0
4730	2
4731	2
4732	2
4733	2
4734	3
4735	2
4736	2
4737	2
4738	0
4739	2
4740	2
4741	2
4742	2
4743	3
4744	2
4745	3
4746	0
4747	2
4748	0
4749	2
4750	2
4751	0
4752	1
4753	2
4754	2
4755	0
4756	2
4757	2
4758	2
4759	3
4760	2
4761	2
4762	2
4763	2
4764	0
4765	2
4766	2
4767	2
4768	2
4769	0
4770	0
4771	2
4772	3
4773	2
4774	2
4775	1
4776	2
4777	0
4778	2
4779	3
4780	2
4781	2
4782	0
4783	2
4784	3
4785	2
4786	2
4787	2
4788	2
4789	3
4790	2
4791	2
4792	2
4793	2
4794	2
4795	0
4796	2
4797	3
4798	2
4799	2
4800	2
4801	2
4802	2
4803	2
4804	0
4805	0
4806	2
4807	2
4808	2
4809	2
4810	2
4811	3
4812	3
4813	2
4814	2
4815	2
4816	2
4817	2
4818	0
4819	2
4820	2
4821	2
4822	2
4823	2
4824	0
4825	2
4826	3
4827	0
4828	2
4829	2
4830	2
4831	2
4832	3
4833	2
4834	2
4835	1
4836	2
4837	0
4838	2
4839	2
4840	0
4841	2
4842	0
4843	2
4844	2
4845	2
4846	3
4847	2
4848	2
4849	2
4850	3
4851	2
4852	2
4853	3
4854	2
4855	2
4856	2
4857	2
4858	2
4859	2
4860	3
4861	2
4862	3
4863	2
4864	2
4865	1
4866	1
4867	2
4868	3
4869	2
4870	2
4871	3
4872	0
4873	3
4874	0
4875	3
4876	2
4877	3
4878	2
4879	3
4880	1
4881	0
4882	2
4883	3
4884	1
4885	2
4886	1
4887	3
4888	2
4889	0
4890	1
4891	3
4892	2
4893	2
4894	2
4895	2
4896	0
4897	3
4898	0
4899	1
4900	2
4901	0
4902	0
4903	3
4904	3
4905	2
4906	3
4907	2
4908	2
4909	3
4910	0
4911	3
4912	0
4913	3
4914	2
4915	2
4916	2
4917	0
4918	2
4919	2
4920	2
4921	2
4922	2
4923	2
4924	2
4925	3
4926	3
4927	0
4928	2
4929	3
4930	2
4931	1
4932	2
4933	2
4934	3
4935	3
4936	2
4937	2
4938	2
4939	2
4940	2
4941	3
4942	0
4943	2
4944	2
4945	3
4946	3
4947	2
4948	2
4949	1
4950	2
4951	0
4952	2
4953	2
4954	2
4955	2
4956	2
4957	1
4958	3
4959	3
4960	2
4961	3
4962	2
4963	2
4964	2
4965	3
4966	2
4967	2
4968	2
4969	2
4970	1
4971	2
4972	3
4973	2
4974	3
4975	2
4976	2
4977	2
4978	3
4979	2
4980	2
4981	0
4982	2
4983	0
4984	2
4985	3
4986	2
4987	2
4988	3
4989	2
4990	2
4991	2
4992	2
4993	2
4994	2
4995	1
4996	2
4997	2
4998	3
4999	0
5000	2
5001	2
5002	2
5003	2
5004	2
5005	2
5006	3
5007	2
5008	2
5009	2
5010	2
5011	2
5012	2
5013	0
5014	2
5015	2
5016	2
5017	0
5018	2
5019	0
5020	2
5021	2
5022	2
5023	2
5024	2
5025	2
5026	2
5027	3
5028	2
5029	2
5030	2
5031	2
5032	3
5033	3
5034	3
5035	2
5036	2
5037	1
5038	0
5039	3
5040	3
5041	2
5042	0
5043	2
5044	3
5045	1
5046	1
5047	2
5048	2
5049	0
5050	2
5051	2
5052	2
5053	2
5054	2
5055	2
5056	2
5057	2
5058	2
5059	2
5060	2
5061	2
5062	0
5063	2
5064	2
5065	3
5066	0
5067	2
5068	2
5069	1
5070	2
5071	3
5072	2
5073	2
5074	2
5075	2
5076	2
5077	2
5078	2
5079	2
5080	3
5081	2
5082	3
5083	0
5084	2
5085	0
5086	2
5087	2
5088	3
5089	3
5090	2
5091	3
5092	3
5093	0
5094	3
5095	3
5096	2
5097	2
5098	2
5099	0
5100	0
5101	2
5102	2
5103	2
5104	2
5105	2
5106	2
5107	0
5108	3
5109	2
5110	2
5111	1
5112	2
5113	2
5114	3
5115	2
5116	3
5117	3
5118	2
5119	2
5120	2
5121	1
5122	2
5123	2
5124	3
5125	0
5126	2
5127	2
5128	3
5129	1
5130	3
5131	2
5132	3
5133	1
5134	2
5135	2
5136	2
5137	1
5138	2
5139	2
5140	2
5141	2
5142	2
5143	2
5144	0
5145	1
5146	2
5147	2
5148	2
5149	2
5150	2
5151	2
5152	2
5153	3
5154	2
5155	3
5156	3
5157	2
5158	2
5159	3
5160	2
5161	2
5162	2
5163	2
5164	2
5165	2
5166	1
5167	3
5168	3
5169	2
5170	2
5171	2
5172	2
5173	2
5174	2
5175	2
5176	1
5177	1
5178	2
5179	3
5180	3
5181	2
5182	0
5183	2
5184	2
5185	0
5186	0
5187	2
5188	2
5189	2
5190	2
5191	2
5192	2
5193	2
5194	0
5195	2
5196	0
5197	0
5198	2
5199	3
5200	3
5201	2
5202	2
5203	0
5204	2
5205	2
5206	3
5207	2
5208	2
5209	2
5210	3
5211	1
5212	2
5213	2
5214	2
5215	2
5216	0
5217	3
5218	3
5219	2
5220	2
5221	3
5222	2
5223	3
5224	2
5225	2
5226	3
5227	2
5228	2
5229	1
5230	2
5231	3
5232	2
5233	2
5234	2
5235	3
5236	3
5237	2
5238	2
5239	2
5240	3
5241	0
5242	2
5243	3
5244	2
5245	2
5246	3
5247	2
5248	2
5249	2
5250	2
5251	0
5252	2
5253	2
5254	3
5255	3
5256	2
5257	1
5258	2
5259	2
5260	2
5261	3
5262	2
5263	0
5264	2
5265	2
5266	2
5267	2
5268	2
5269	2
5270	1
5271	0
5272	3
5273	0
5274	2
5275	2
5276	2
5277	0
5278	2
5279	2
5280	2
5281	0
5282	0
5283	2
5284	2
5285	2
5286	2
5287	3
5288	2
5289	2
5290	2
5291	2
5292	2
5293	2
5294	0
5295	2
5296	0
5297	2
5298	3
5299	2
5300	2
5301	2
5302	2
5303	2
5304	2
5305	2
5306	3
5307	3
5308	2
5309	1
5310	2
5311	3
5312	2
5313	2
5314	2
5315	2
5316	2
5317	2
5318	0
5319	2
5320	2
5321	3
5322	2
5323	0
5324	2
5325	3
5326	2
5327	0
5328	2
5329	3
5330	2
5331	2
5332	2
5333	2
5334	2
5335	2
5336	2
5337	2
5338	0
5339	2
5340	2
5341	3
5342	1
5343	2
5344	2
5345	2
5346	2
5347	1
5348	2
5349	1
5350	2
5351	2
5352	2
5353	2
5354	2
5355	2
5356	2
5357	1
5358	2
5359	3
5360	2
5361	3
5362	2
5363	3
5364	2
5365	2
5366	2
5367	1
5368	2
5369	2
5370	2
5371	3
5372	2
5373	2
5374	3
5375	3
5376	0
5377	2
5378	3
5379	3
5380	2
5381	3
5382	2
5383	3
5384	0
5385	3
5386	0
5387	3
5388	2
5389	3
5390	2
5391	3
5392	2
5393	0
5394	2
5395	2
5396	2
5397	3
5398	2
5399	2
5400	2
5401	0
5402	2
5403	2
5404	2
5405	2
5406	0
5407	2
5408	2
5409	3
5410	0
5411	3
5412	3
5413	2
5414	3
5415	3
5416	2
5417	0
5418	3
5419	2
5420	2
5421	3
5422	0
5423	2
5424	3
5425	2
5426	3
5427	2
5428	3
5429	0
5430	2
5431	2
5432	2
5433	2
5434	2
5435	2
5436	2
5437	2
5438	2
5439	0
5440	2
5441	3
5442	2
5443	1
5444	3
5445	1
5446	2
5447	2
5448	2
5449	2
5450	2
5451	3
5452	3
5453	3
5454	2
5455	3
5456	2
5457	2
5458	3
5459	2
5460	3
5461	3
5462	2
5463	2
5464	2
5465	3
5466	2
5467	3
5468	2
5469	1
5470	2
5471	2
5472	0
5473	3
5474	2
5475	2
5476	3
5477	2
5478	2
5479	3
5480	2
5481	2
5482	3
5483	3
5484	2
5485	2
5486	2
5487	3
5488	0
5489	2
5490	1
5491	2
5492	2
5493	2
5494	2
5495	2
5496	2
5497	0
5498	3
5499	2
5500	3
5501	3
5502	3
5503	2
5504	1
5505	2
5506	2
5507	0
5508	3
5509	0
5510	2
5511	2
5512	2
5513	2
5514	2
5515	2
5516	3
5517	2
5518	2
5519	2
5520	2
5521	2
5522	2
5523	2
5524	3
5525	3
5526	2
5527	2
5528	2
5529	2
5530	2
5531	2
5532	3
5533	3
5534	3
5535	2
5536	2
5537	1
5538	0
5539	3
5540	2
5541	2
5542	3
5543	2
5544	1
5545	3
5546	2
5547	3
5548	2
5549	3
5550	2
5551	2
5552	2
5553	2
5554	0
5555	2
5556	2
5557	1
5558	2
5559	0
5560	2
5561	2
5562	2
5563	2
5564	2
5565	2
5566	2
5567	1
5568	2
5569	0
5570	2
5571	2
5572	1
5573	2
5574	2
5575	2
5576	2
5577	2
5578	2
5579	2
5580	2
5581	2
5582	2
5583	2
5584	2
5585	0
5586	2
5587	2
5588	2
5589	3
5590	2
5591	3
5592	3
5593	2
5594	2
5595	2
5596	3
5597	2
5598	2
5599	3
5600	2
5601	2
5602	2
5603	1
5604	2
5605	2
5606	3
5607	3
5608	2
5609	2
5610	2
5611	2
5612	2
5613	3
5614	2
5615	2
5616	2
5617	2
5618	0
5619	2
5620	0
5621	3
5622	2
5623	1
5624	0
5625	2
5626	3
5627	2
5628	1
5629	0
5630	3
5631	0
5632	2
5633	3
5634	2
5635	3
5636	3
5637	1
5638	2
5639	2
5640	3
5641	2
5642	3
5643	2
5644	2
5645	2
5646	0
5647	2
5648	2
5649	2
5650	1
5651	2
5652	2
5653	2
5654	1
5655	3
5656	2
5657	3
5658	0
5659	0
5660	2
5661	2
5662	2
5663	2
5664	2
5665	2
5666	2
5667	3
5668	2
5669	0
5670	2
5671	2
5672	3
5673	2
5674	3
5675	3
5676	0
5677	1
5678	2
5679	1
5680	0
5681	2
5682	2
5683	0
5684	2
5685	0
5686	0
5687	2
5688	2
5689	3
5690	2
5691	3
5692	0
5693	2
5694	3
5695	1
5696	2
5697	2
5698	0
5699	2
5700	2
5701	2
5702	2
5703	2
5704	2
5705	2
5706	0
5707	3
5708	0
5709	2
5710	2
5711	2
5712	2
5713	0
5714	0
5715	0
5716	2
5717	2
5718	2
5719	2
5720	2
5721	1
5722	3
5723	1
5724	3
5725	2
5726	2
5727	3
5728	0
5729	3
5730	3
5731	2
5732	0
5733	3
5734	2
5735	1
5736	2
5737	3
5738	3
5739	2
5740	2
5741	2
5742	2
5743	3
5744	2
5745	2
5746	3
5747	3
5748	3
5749	3
5750	2
5751	1
5752	3
5753	2
5754	2
5755	3
5756	2
5757	2
5758	2
5759	0
5760	2
5761	2
5762	2
5763	1
5764	1
5765	2
5766	3
5767	3
5768	0
5769	2
5770	2
5771	3
5772	2
5773	3
5774	2
5775	0
5776	2
5777	2
5778	2
5779	0
5780	2
5781	2
5782	3
5783	3
5784	2
5785	0
5786	2
5787	2
5788	3
5789	2
5790	2
5791	2
5792	2
5793	0
5794	0
5795	3
5796	2
5797	2
5798	3
5799	2
5800	2
5801	0
5802	2
5803	3
5804	2
5805	2
5806	3
5807	2
5808	0
5809	2
5810	3
5811	2
5812	2
5813	3
5814	2
5815	2
5816	2
5817	3
5818	2
5819	3
5820	2
5821	2
5822	2
5823	2
5824	2
5825	0
5826	2
5827	2
5828	2
5829	2
5830	0
5831	2
5832	2
5833	2
5834	2
5835	2
5836	2
5837	2
5838	2
5839	2
5840	2
5841	3
5842	2
5843	1
5844	3
5845	2
5846	2
5847	2
5848	1
5849	2
5850	2
5851	2
5852	2
5853	3
5854	2
5855	2
5856	2
5857	2
5858	2
5859	2
5860	1
5861	2
5862	2
5863	2
5864	0
5865	3
5866	1
5867	2
5868	0
5869	2
5870	3
5871	0
5872	2
5873	2
5874	2
5875	3
5876	2
5877	2
5878	2
5879	2
5880	2
5881	2
5882	2
5883	2
5884	3
5885	2
5886	3
5887	3
5888	3
5889	3
5890	3
5891	0
5892	2
5893	2
5894	2
5895	3
5896	2
5897	3
5898	0
5899	3
5900	3
5901	3
5902	3
5903	0
5904	3
5905	2
5906	2
5907	2
5908	2
5909	2
5910	2
5911	3
5912	2
5913	1
5914	2
5915	2
5916	0
5917	2
5918	0
5919	2
5920	2
5921	3
5922	0
5923	0
5924	2
5925	2
5926	2
5927	0
5928	2
5929	2
5930	3
5931	2
5932	2
5933	2
5934	2
5935	2
5936	3
5937	3
5938	2
5939	2
5940	3
5941	2
5942	2
5943	3
5944	2
5945	3
5946	2
5947	0
5948	2
5949	2
5950	2
5951	0
5952	2
5953	2
5954	2
5955	0
5956	2
5957	2
5958	3
5959	2
5960	2
5961	2
5962	2
5963	3
5964	2
5965	2
5966	2
5967	3
5968	2
5969	2
5970	2
5971	2
5972	3
5973	2
5974	2
5975	2
5976	0
5977	0
5978	2
5979	3
5980	2
5981	2
5982	3
5983	2
5984	2
5985	2
5986	2
5987	2
5988	2
5989	2
5990	2
5991	2
5992	3
5993	2
5994	3
5995	2
5996	0
5997	2
5998	1
5999	1
6000	2
6001	2
6002	2
6003	2
6004	2
6005	0
6006	2
6007	0
6008	0
6009	1
6010	2
6011	2
6012	3
6013	1
6014	2
6015	2
6016	1
6017	2
6018	2
6019	0
6020	2
6021	2
6022	2
6023	2
6024	2
6025	2
6026	2
6027	2
6028	3
6029	2
6030	3
6031	2
6032	2
6033	1
6034	2
6035	2
6036	3
6037	1
6038	2
6039	2
6040	1
6041	2
6042	3
6043	2
6044	2
6045	3
6046	2
6047	2
6048	3
6049	2
6050	3
6051	2
6052	3
6053	0
6054	3
6055	2
6056	2
6057	2
6058	2
6059	0
6060	2
6061	2
6062	2
6063	2
6064	2
6065	2
6066	0
6067	2
6068	2
6069	3
6070	2
6071	1
6072	2
6073	2
6074	2
6075	2
6076	2
6077	2
6078	2
6079	2
6080	2
6081	2
6082	3
6083	2
6084	2
6085	2
6086	2
6087	2
6088	2
6089	2
6090	2
6091	2
6092	2
6093	2
6094	3
6095	2
6096	3
6097	2
6098	2
6099	2
6100	2
6101	1
6102	2
6103	2
6104	2
6105	2
6106	2
6107	2
6108	2
6109	2
6110	2
6111	3
6112	3
6113	2
6114	2
6115	0
6116	2
6117	2
6118	2
6119	2
6120	2
6121	2
6122	2
6123	2
6124	2
6125	2
6126	3
6127	0
6128	3
6129	2
6130	0
6131	0
6132	3
6133	2
6134	2
6135	2
6136	2
6137	2
6138	3
6139	2
6140	2
6141	3
6142	2
6143	2
6144	2
6145	2
6146	3
6147	1
6148	3
6149	2
6150	3
6151	0
6152	2
6153	2
6154	3
6155	2
6156	2
6157	3
6158	3
6159	1
6160	2
6161	2
6162	2
6163	1
6164	3
6165	2
6166	2
6167	1
6168	0
6169	2
6170	3
6171	3
6172	1
6173	0
6174	0
6175	2
6176	2
6177	2
6178	2
6179	3
6180	2
6181	2
6182	3
6183	2
6184	2
6185	2
6186	2
6187	2
6188	3
6189	2
6190	0
6191	2
6192	3
6193	2
6194	0
6195	1
6196	2
6197	2
6198	2
6199	2
6200	2
6201	3
6202	2
6203	2
6204	0
6205	2
6206	3
6207	2
6208	2
6209	1
6210	1
6211	2
6212	3
6213	2
6214	1
6215	2
6216	2
6217	3
6218	3
6219	2
6220	3
6221	0
6222	0
6223	1
6224	0
6225	2
6226	2
6227	3
6228	2
6229	3
6230	2
6231	2
6232	3
6233	2
6234	3
6235	3
6236	2
6237	0
6238	0
6239	2
6240	2
6241	3
6242	2
6243	2
6244	2
6245	0
6246	2
6247	2
6248	2
6249	0
6250	2
6251	2
6252	2
6253	2
6254	2
6255	3
6256	0
6257	0
6258	2
6259	3
6260	2
6261	3
6262	0
6263	0
6264	3
6265	3
6266	2
6267	0
6268	3
6269	3
6270	2
6271	1
6272	2
6273	0
6274	0
6275	0
6276	0
6277	2
6278	3
6279	2
6280	3
6281	0
6282	2
6283	2
6284	1
6285	2
6286	2
6287	0
6288	2
6289	2
6290	2
6291	3
6292	2
6293	0
6294	2
6295	2
6296	2
6297	0
6298	2
6299	2
6300	2
6301	2
6302	2
6303	2
6304	0
6305	2
6306	0
6307	2
6308	3
6309	2
6310	2
6311	0
6312	3
6313	2
6314	3
6315	0
6316	0
6317	0
6318	2
6319	2
6320	2
6321	2
6322	0
6323	2
6324	2
6325	2
6326	2
6327	2
6328	2
6329	3
6330	3
6331	2
6332	2
6333	3
6334	0
6335	2
6336	2
6337	0
6338	2
6339	2
6340	2
6341	2
6342	2
6343	2
6344	2
6345	2
6346	2
6347	2
6348	3
6349	2
6350	1
6351	3
6352	2
6353	2
6354	2
6355	0
6356	0
6357	3
6358	2
6359	3
6360	2
6361	0
6362	0
6363	2
6364	2
6365	2
6366	0
6367	2
6368	2
6369	2
6370	2
6371	2
6372	2
6373	3
6374	3
6375	3
6376	0
6377	2
6378	3
6379	0
6380	2
6381	0
6382	2
6383	2
6384	2
6385	3
6386	0
6387	3
6388	2
6389	1
6390	2
6391	2
6392	3
6393	2
6394	2
6395	3
6396	3
6397	2
6398	0
6399	2
6400	2
6401	3
6402	2
6403	2
6404	3
6405	1
6406	3
6407	2
6408	2
6409	3
6410	0
6411	2
6412	2
6413	0
6414	2
6415	3
6416	3
6417	2
6418	1
6419	2
6420	2
6421	2
6422	2
6423	2
6424	2
6425	3
6426	2
6427	2
6428	2
6429	2
6430	2
6431	2
6432	2
6433	0
6434	0
6435	3
6436	2
6437	2
6438	2
6439	3
6440	2
6441	2
6442	2
6443	2
6444	2
6445	2
6446	1
6447	2
6448	3
6449	3
6450	0
6451	0
6452	0
6453	1
6454	2
6455	3
6456	2
6457	2
6458	2
6459	0
6460	2
6461	2
6462	1
6463	0
6464	2
6465	3
6466	2
6467	1
6468	3
6469	3
6470	2
6471	2
6472	1
6473	1
6474	2
6475	2
6476	1
6477	1
6478	2
6479	0
6480	3
6481	2
6482	3
6483	1
6484	2
6485	2
6486	2
6487	2
6488	2
6489	2
6490	3
6491	2
6492	2
6493	1
6494	2
6495	1
6496	2
6497	2
6498	2
6499	0
6500	2
6501	2
6502	3
6503	2
6504	0
6505	2
6506	3
6507	2
6508	0
6509	1
6510	2
6511	3
6512	2
6513	3
6514	0
6515	2
6516	2
6517	2
6518	3
6519	0
6520	2
6521	3
6522	2
6523	2
6524	2
6525	2
6526	2
6527	2
6528	3
6529	3
6530	2
6531	0
6532	2
6533	2
6534	2
6535	2
6536	2
6537	0
6538	2
6539	2
6540	3
6541	3
6542	2
6543	2
6544	3
6545	2
6546	2
6547	2
6548	2
6549	1
6550	2
6551	2
6552	2
6553	3
6554	2
6555	2
6556	0
6557	2
6558	2
6559	0
6560	3
6561	2
6562	3
6563	2
6564	2
6565	0
6566	0
6567	2
6568	2
6569	3
6570	2
6571	2
6572	2
6573	0
6574	2
6575	2
6576	0
6577	2
6578	2
6579	2
6580	2
6581	3
6582	2
6583	2
6584	2
6585	0
6586	2
6587	2
6588	2
6589	2
6590	2
6591	2
6592	3
6593	2
6594	2
6595	2
6596	2
6597	2
6598	2
6599	2
6600	2
6601	2
6602	2
6603	0
6604	2
6605	1
6606	2
6607	3
6608	3
6609	2
6610	2
6611	2
6612	3
6613	0
6614	3
6615	2
6616	3
6617	2
6618	2
6619	1
6620	2
6621	2
6622	3
6623	1
6624	3
6625	2
6626	2
6627	0
6628	1
6629	0
6630	2
6631	2
6632	2
6633	2
6634	1
6635	2
6636	2
6637	2
6638	2
6639	2
6640	1
6641	2
6642	2
6643	2
6644	1
6645	2
6646	2
6647	0
6648	0
6649	2
6650	2
6651	1
6652	2
6653	2
6654	2
6655	3
6656	2
6657	2
6658	2
6659	2
6660	2
6661	2
6662	3
6663	1
6664	3
6665	2
6666	3
6667	2
6668	2
6669	2
6670	1
6671	3
6672	2
6673	3
6674	3
6675	2
6676	2
6677	2
6678	2
6679	0
6680	2
6681	2
6682	3
6683	0
6684	3
6685	2
6686	2
6687	2
6688	2
6689	3
6690	2
6691	3
6692	2
6693	2
6694	2
6695	2
6696	2
6697	2
6698	0
6699	3
6700	2
6701	1
6702	3
6703	2
6704	3
6705	2
6706	2
6707	1
6708	2
6709	2
6710	3
6711	2
6712	0
6713	1
6714	2
6715	2
6716	3
6717	2
6718	2
6719	2
6720	2
6721	0
6722	2
6723	3
6724	2
6725	2
6726	0
6727	3
6728	2
6729	3
6730	0
6731	3
6732	2
6733	0
6734	0
6735	0
6736	0
6737	3
6738	2
6739	1
6740	3
6741	0
6742	3
6743	2
6744	3
6745	3
6746	3
6747	2
6748	2
6749	2
6750	1
6751	2
6752	2
6753	3
6754	1
6755	2
6756	3
6757	0
6758	2
6759	2
6760	1
6761	3
6762	2
6763	0
6764	2
6765	0
6766	2
6767	3
6768	0
6769	2
6770	1
6771	3
6772	2
6773	2
6774	2
6775	0
6776	3
6777	3
6778	2
6779	2
6780	2
6781	2
6782	2
6783	2
6784	3
6785	1
6786	0
6787	0
6788	2
6789	2
6790	2
6791	3
6792	2
6793	3
6794	2
6795	2
6796	2
6797	2
6798	1
6799	1
6800	2
6801	2
6802	2
6803	3
6804	2
6805	2
6806	2
6807	2
6808	2
6809	3
6810	2
6811	2
6812	2
6813	2
6814	2
6815	2
6816	2
6817	2
6818	0
6819	2
6820	3
6821	2
6822	3
6823	0
6824	2
6825	3
6826	2
6827	0
6828	3
6829	0
6830	2
6831	2
6832	2
6833	0
6834	0
6835	2
6836	2
6837	2
6838	2
6839	2
6840	2
6841	2
6842	2
6843	2
6844	2
6845	2
6846	2
6847	2
6848	2
6849	0
6850	2
6851	2
6852	2
6853	2
6854	2
6855	3
6856	2
6857	2
6858	2
6859	2
6860	2
6861	2
6862	2
6863	2
6864	2
6865	2
6866	2
6867	2
6868	2
6869	2
6870	2
6871	2
6872	2
6873	0
6874	0
6875	3
6876	2
6877	2
6878	3
6879	2
6880	2
6881	2
6882	2
6883	2
6884	2
6885	2
6886	2
6887	3
6888	2
6889	2
6890	2
6891	2
6892	2
6893	2
6894	0
6895	1
6896	2
6897	2
6898	2
6899	3
6900	3
6901	3
6902	2
6903	0
6904	0
6905	1
6906	2
6907	2
6908	3
6909	2
6910	0
6911	2
6912	3
6913	3
6914	3
6915	2
6916	2
6917	2
6918	3
6919	3
6920	0
6921	3
6922	0
6923	1
6924	2
6925	0
6926	2
6927	3
6928	3
6929	3
6930	2
6931	0
6932	0
6933	2
6934	0
6935	2
6936	3
6937	1
6938	2
6939	1
6940	2
6941	2
6942	2
6943	2
6944	1
6945	0
6946	3
6947	3
6948	2
6949	3
6950	2
6951	2
6952	2
6953	0
6954	2
6955	2
6956	2
6957	2
6958	3
6959	2
6960	3
6961	2
6962	1
6963	2
6964	0
6965	3
6966	3
6967	3
6968	2
6969	3
6970	2
6971	0
6972	2
6973	2
6974	2
6975	0
6976	1
6977	3
6978	2
6979	3
6980	2
6981	3
6982	3
6983	2
6984	0
6985	0
6986	2
6987	3
6988	1
6989	0
6990	0
6991	2
6992	1
6993	2
6994	2
6995	2
6996	1
6997	0
6998	1
6999	2
7000	2
7001	3
7002	2
7003	2
7004	2
7005	0
7006	2
7007	2
7008	2
7009	3
7010	2
7011	2
7012	3
7013	2
7014	2
7015	2
7016	2
7017	2
7018	2
7019	2
7020	2
7021	3
7022	2
7023	3
7024	2
7025	3
7026	2
7027	2
7028	2
7029	3
7030	2
7031	2
7032	2
7033	2
7034	2
7035	2
7036	2
7037	1
7038	3
7039	2
7040	3
7041	2
7042	2
7043	3
7044	2
7045	2
7046	2
7047	2
7048	3
7049	2
7050	2
7051	2
7052	2
7053	2
7054	2
7055	2
7056	2
7057	2
7058	2
7059	2
7060	3
7061	2
7062	2
7063	2
7064	2
7065	2
7066	2
7067	2
7068	3
7069	2
7070	2
7071	2
7072	3
7073	2
7074	3
7075	2
7076	1
7077	0
7078	0
7079	3
7080	2
7081	2
7082	2
7083	2
7084	3
7085	0
7086	2
7087	2
7088	1
7089	2
7090	0
7091	2
7092	2
7093	3
7094	2
7095	3
7096	2
7097	2
7098	2
7099	2
7100	0
7101	2
7102	2
7103	2
7104	2
7105	2
7106	2
7107	3
7108	2
7109	2
7110	2
7111	2
7112	3
7113	1
7114	2
7115	1
7116	2
7117	2
7118	2
7119	2
7120	3
7121	0
7122	2
7123	2
7124	2
7125	0
7126	0
7127	2
7128	3
7129	0
7130	2
7131	2
7132	2
7133	0
7134	2
7135	0
7136	2
7137	2
7138	2
7139	3
7140	2
7141	0
7142	1
7143	2
7144	2
7145	2
7146	1
7147	0
7148	1
7149	2
7150	3
7151	2
7152	1
7153	1
7154	2
7155	2
7156	1
7157	2
7158	2
7159	3
7160	1
7161	2
7162	3
7163	2
7164	3
7165	2
7166	3
7167	2
7168	2
7169	2
7170	1
7171	2
7172	2
7173	2
7174	2
7175	2
7176	3
7177	3
7178	3
7179	2
7180	1
7181	1
7182	1
7183	2
7184	2
7185	2
7186	1
7187	2
7188	3
7189	0
7190	2
7191	2
7192	0
7193	2
7194	2
7195	2
7196	3
7197	2
7198	2
7199	0
7200	2
7201	2
7202	2
7203	3
7204	2
7205	2
7206	2
7207	2
7208	2
7209	2
7210	2
7211	2
7212	2
7213	2
7214	2
7215	1
7216	3
7217	2
7218	2
7219	2
7220	2
7221	2
7222	3
7223	2
7224	3
7225	2
7226	2
7227	2
7228	0
7229	2
7230	2
7231	3
7232	2
7233	0
7234	0
7235	2
7236	2
7237	2
7238	2
7239	2
7240	2
7241	2
7242	3
7243	2
7244	2
7245	0
7246	0
7247	1
7248	3
7249	3
7250	2
7251	2
7252	2
7253	2
7254	2
7255	2
7256	2
7257	3
7258	2
7259	2
7260	2
7261	2
7262	0
7263	3
7264	2
7265	3
7266	3
7267	2
7268	2
7269	0
7270	3
7271	2
7272	2
7273	3
7274	0
7275	2
7276	2
7277	3
7278	0
7279	2
7280	2
7281	3
7282	0
7283	3
7284	2
7285	2
7286	1
7287	0
7288	2
7289	2
7290	2
7291	2
7292	3
7293	2
7294	1
7295	2
7296	3
7297	2
7298	2
7299	1
7300	2
7301	2
7302	3
7303	3
7304	3
7305	0
7306	3
7307	2
7308	2
7309	2
7310	0
7311	0
7312	0
7313	2
7314	3
7315	2
7316	2
7317	2
7318	3
7319	2
7320	2
7321	2
7322	0
7323	2
7324	2
7325	3
7326	2
7327	2
7328	0
7329	1
7330	0
7331	2
7332	3
7333	2
7334	2
7335	1
7336	2
7337	3
7338	3
7339	0
7340	2
7341	1
7342	0
7343	2
7344	3
7345	2
7346	0
7347	2
7348	2
7349	2
7350	2
7351	2
7352	2
7353	2
7354	1
7355	2
7356	2
7357	2
7358	3
7359	1
7360	2
7361	0
7362	2
7363	2
7364	2
7365	2
7366	2
7367	2
7368	0
7369	1
7370	2
7371	2
7372	3
7373	2
7374	2
7375	2
7376	2
7377	2
7378	2
7379	2
7380	0
7381	2
7382	2
7383	2
7384	2
7385	2
7386	0
7387	3
7388	2
7389	2
7390	2
7391	1
7392	2
7393	3
7394	2
7395	2
7396	2
7397	2
7398	2
7399	2
7400	2
7401	2
7402	2
7403	0
7404	2
7405	3
7406	3
7407	2
7408	2
7409	2
7410	2
7411	3
7412	3
7413	3
7414	2
7415	1
7416	2
7417	1
7418	2
7419	3
7420	3
7421	2
7422	2
7423	2
7424	2
7425	2
7426	0
7427	2
7428	2
7429	2
7430	2
7431	1
7432	0
7433	3
7434	2
7435	2
7436	2
7437	1
7438	2
7439	2
7440	3
7441	0
7442	2
7443	2
7444	0
7445	2
7446	2
7447	2
7448	2
7449	2
7450	2
7451	2
7452	0
7453	2
7454	2
7455	2
7456	3
7457	3
7458	0
7459	1
7460	2
7461	3
7462	3
7463	2
7464	2
7465	2
7466	2
7467	2
7468	2
7469	3
7470	3
7471	2
7472	3
7473	2
7474	2
7475	2
7476	0
7477	0
7478	2
7479	2
7480	0
7481	2
7482	2
7483	0
7484	2
7485	2
7486	2
7487	0
7488	2
7489	3
7490	2
7491	0
7492	2
7493	3
7494	2
7495	2
7496	2
7497	1
7498	2
7499	2
7500	1
7501	1
7502	2
7503	2
7504	2
7505	2
7506	3
7507	2
7508	2
7509	2
7510	2
7511	2
7512	2
7513	3
7514	2
7515	2
7516	2
7517	2
7518	2
7519	2
7520	1
7521	2
7522	2
7523	0
7524	2
7525	2
7526	0
7527	2
7528	2
7529	2
7530	2
7531	3
7532	0
7533	2
7534	2
7535	2
7536	3
7537	2
7538	3
7539	2
7540	2
7541	1
7542	3
7543	1
7544	2
7545	0
7546	2
7547	1
7548	3
7549	2
7550	2
7551	2
7552	3
7553	2
7554	2
7555	2
7556	2
7557	1
7558	2
7559	2
7560	0
7561	2
7562	3
7563	2
7564	2
7565	2
7566	2
7567	2
7568	2
7569	2
7570	2
7571	2
7572	3
7573	2
7574	2
7575	2
7576	3
7577	2
7578	2
7579	1
7580	2
7581	2
7582	2
7583	2
7584	3
7585	3
7586	2
7587	2
7588	0
7589	0
7590	0
7591	2
7592	3
7593	3
7594	3
7595	1
7596	3
7597	3
7598	2
7599	2
7600	2
7601	2
7602	0
7603	2
7604	2
7605	2
7606	2
7607	2
7608	0
7609	2
7610	2
7611	2
7612	2
7613	1
7614	2
7615	2
7616	2
7617	2
7618	2
7619	2
7620	2
7621	2
7622	1
7623	2
7624	2
7625	2
7626	0
7627	2
7628	2
7629	2
7630	3
7631	2
7632	2
7633	0
7634	2
7635	2
7636	2
7637	1
7638	2
7639	2
7640	3
7641	2
7642	2
7643	2
7644	2
7645	2
7646	2
7647	1
7648	3
7649	2
7650	2
7651	2
7652	3
7653	0
7654	2
7655	3
7656	3
7657	2
7658	2
7659	0
7660	2
7661	2
7662	2
7663	3
7664	3
7665	2
7666	2
7667	0
7668	3
7669	2
7670	2
7671	2
7672	2
7673	2
7674	3
7675	2
7676	2
7677	2
7678	2
7679	2
7680	2
7681	2
7682	2
7683	3
7684	2
7685	2
7686	2
7687	2
7688	2
7689	1
7690	3
7691	3
7692	2
7693	1
7694	2
7695	1
7696	2
7697	2
7698	3
7699	2
7700	2
7701	2
7702	2
7703	2
7704	2
7705	1
7706	2
7707	2
7708	2
7709	2
7710	2
7711	2
7712	0
7713	3
7714	2
7715	3
7716	2
7717	2
7718	3
7719	2
7720	1
7721	0
7722	2
7723	2
7724	2
7725	2
7726	2
7727	0
7728	3
7729	2
7730	2
7731	2
7732	2
7733	2
7734	0
7735	2
7736	2
7737	2
7738	2
7739	2
7740	0
7741	2
7742	0
7743	2
7744	3
7745	2
7746	2
7747	2
7748	2
7749	2
7750	2
7751	2
7752	2
7753	2
7754	3
7755	1
7756	2
7757	0
7758	0
7759	0
7760	2
7761	2
7762	2
7763	2
7764	2
7765	3
7766	2
7767	2
7768	2
7769	2
7770	0
7771	2
7772	2
7773	2
7774	1
7775	2
7776	2
7777	3
7778	2
7779	1
7780	0
7781	2
7782	2
7783	2
7784	2
7785	1
7786	3
7787	1
7788	3
7789	2
7790	2
7791	3
7792	2
7793	3
7794	2
7795	3
7796	3
7797	2
7798	0
7799	0
7800	3
7801	2
7802	2
7803	2
7804	2
7805	2
7806	1
7807	2
7808	2
7809	2
7810	2
7811	0
7812	2
7813	2
7814	2
7815	3
7816	2
7817	2
7818	3
7819	2
7820	2
7821	2
7822	1
7823	1
7824	2
7825	2
7826	2
7827	3
7828	2
7829	2
7830	2
7831	3
7832	2
7833	3
7834	2
7835	2
7836	3
7837	3
7838	1
7839	2
7840	1
7841	2
7842	0
7843	2
7844	3
7845	2
7846	2
7847	2
7848	2
7849	2
7850	2
7851	1
7852	3
7853	0
7854	2
7855	2
7856	2
7857	2
7858	0
7859	2
7860	2
7861	2
7862	2
7863	3
7864	2
7865	2
7866	2
7867	3
7868	2
7869	0
7870	2
7871	2
7872	2
7873	0
7874	2
7875	0
7876	2
7877	2
7878	2
7879	2
7880	2
7881	2
7882	2
7883	3
7884	3
7885	2
7886	2
7887	2
7888	2
7889	2
7890	0
7891	2
7892	0
7893	2
7894	2
7895	2
7896	2
7897	2
7898	0
7899	2
7900	2
7901	2
7902	2
7903	2
7904	2
7905	3
7906	2
7907	2
7908	2
7909	3
7910	3
7911	2
7912	2
7913	2
7914	3
7915	2
7916	2
7917	2
7918	0
7919	3
7920	2
7921	2
7922	0
7923	2
7924	3
7925	2
7926	2
7927	0
7928	2
7929	0
7930	2
7931	0
7932	0
7933	2
7934	0
7935	2
7936	2
7937	3
7938	2
7939	2
7940	2
7941	2
7942	3
7943	0
7944	0
7945	3
7946	0
7947	2
7948	2
7949	0
7950	2
7951	0
7952	2
7953	0
7954	2
7955	0
7956	3
7957	2
7958	2
7959	3
7960	2
7961	3
7962	2
7963	2
7964	2
7965	2
7966	3
7967	2
7968	0
7969	2
7970	0
7971	3
7972	2
7973	2
7974	2
7975	2
7976	2
7977	0
7978	2
7979	2
7980	2
7981	2
7982	3
7983	2
7984	3
7985	2
7986	0
7987	2
7988	2
7989	2
7990	2
7991	3
7992	2
7993	3
7994	2
7995	0
7996	2
7997	2
7998	3
7999	0
8000	2
8001	3
8002	2
8003	2
8004	3
8005	3
8006	2
8007	2
8008	2
8009	2
8010	2
8011	2
8012	2
8013	0
8014	3
8015	2
8016	2
8017	2
8018	2
8019	2
8020	2
8021	0
8022	2
8023	3
8024	2
8025	2
8026	2
8027	2
8028	2
8029	2
8030	2
8031	2
8032	0
8033	2
8034	2
8035	1
8036	2
8037	2
8038	0
8039	2
8040	3
8041	2
8042	2
8043	2
8044	1
8045	2
8046	2
8047	2
8048	0
8049	2
8050	3
8051	2
8052	2
8053	2
8054	3
8055	2
8056	0
8057	0
8058	2
8059	2
8060	2
8061	0
8062	2
8063	2
8064	1
8065	2
8066	2
8067	2
8068	2
8069	2
8070	3
8071	3
8072	2
8073	2
8074	3
8075	2
8076	3
8077	2
8078	2
8079	2
8080	2
8081	0
8082	2
8083	2
8084	2
8085	2
8086	2
8087	2
8088	2
8089	2
8090	2
8091	2
8092	1
8093	2
8094	2
8095	3
8096	3
8097	2
8098	2
8099	0
8100	2
8101	2
8102	3
8103	2
8104	3
8105	3
8106	2
8107	3
8108	3
8109	0
8110	2
8111	2
8112	2
8113	2
8114	2
8115	2
8116	2
8117	2
8118	2
8119	2
8120	2
8121	2
8122	2
8123	3
8124	2
8125	2
8126	2
8127	2
8128	2
8129	2
8130	2
8131	3
8132	2
8133	2
8134	2
8135	2
8136	2
8137	2
8138	2
8139	2
8140	2
8141	2
8142	2
8143	2
8144	2
8145	2
8146	2
8147	2
8148	2
8149	2
8150	2
8151	2
8152	3
8153	2
8154	2
8155	2
8156	3
8157	1
8158	2
8159	1
8160	3
8161	2
8162	2
8163	2
8164	2
8165	2
8166	2
8167	2
8168	2
8169	2
8170	2
8171	2
8172	2
8173	2
8174	2
8175	0
8176	2
8177	3
8178	2
8179	2
8180	1
8181	2
8182	2
8183	2
8184	2
8185	2
8186	2
8187	2
8188	2
8189	2
8190	2
8191	2
