COMMAND
./sim gshare 13 8 ./proj2-traces/jpeg_trace.txt
OUTPUT
number of predictions:2000000
number of mispredictions:136592
misprediction rate:   6.83%
FINAL GSHARE CONTENTS
0	2
1	0
2	2
3	1
4	2
5	0
6	3
7	2
8	2
9	2
10	2
11	2
12	2
13	3
14	3
15	0
16	2
17	0
18	3
19	3
20	3
21	2
22	2
23	2
24	0
25	2
26	2
27	2
28	3
29	3
30	3
31	2
32	2
33	3
34	2
35	0
36	3
37	0
38	0
39	2
40	2
41	2
42	2
43	2
44	2
45	3
46	3
47	0
48	0
49	3
50	2
51	2
52	3
53	3
54	0
55	0
56	3
57	3
58	3
59	0
60	2
61	0
62	1
63	0
64	3
65	2
66	0
67	0
68	0
69	2
70	3
71	2
72	3
73	2
74	2
75	0
76	0
77	2
78	0
79	0
80	3
81	2
82	2
83	1
84	3
85	2
86	2
87	2
88	2
89	3
90	3
91	2
92	3
93	2
94	3
95	0
96	2
97	3
98	2
99	2
100	0
101	0
102	2
103	2
104	2
105	2
106	2
107	2
108	2
109	2
110	2
111	0
112	3
113	3
114	2
115	3
116	1
117	2
118	2
119	0
120	2
121	0
122	3
123	2
124	1
125	3
126	2
127	2
128	0
129	3
130	2
131	0
132	2
133	2
134	2
135	3
136	3
137	0
138	2
139	0
140	2
141	2
142	3
143	0
144	0
145	0
146	2
147	3
148	2
149	3
150	2
151	3
152	2
153	0
154	0
155	3
156	1
157	3
158	2
159	3
160	3
161	0
162	2
163	0
164	3
165	0
166	2
167	3
168	1
169	2
170	0
171	2
172	1
173	3
174	3
175	0
176	0
177	0
178	0
179	3
180	3
181	2
182	0
183	3
184	2
185	3
186	2
187	3
188	3
189	2
190	3
191	0
192	0
193	2
194	2
195	0
196	3
197	2
198	1
199	0
200	2
201	0
202	2
203	3
204	2
205	2
206	0
207	0
208	0
209	0
210	0
211	2
212	2
213	3
214	2
215	2
216	2
217	2
218	2
219	3
220	1
221	3
222	3
223	1
224	2
225	2
226	2
227	0
228	2
229	2
230	0
231	2
232	1
233	2
234	0
235	2
236	2
237	2
238	3
239	0
240	2
241	2
242	0
243	3
244	3
245	2
246	3
247	3
248	0
249	0
250	3
251	3
252	2
253	3
254	2
255	3
256	2
257	3
258	2
259	2
260	2
261	0
262	0
263	3
264	3
265	3
266	0
267	2
268	2
269	3
270	0
271	2
272	1
273	2
274	2
275	2
276	3
277	2
278	3
279	0
280	2
281	3
282	2
283	0
284	0
285	3
286	3
287	2
288	3
289	3
290	3
291	2
292	2
293	3
294	0
295	3
296	3
297	2
298	3
299	1
300	2
301	3
302	0
303	2
304	2
305	3
306	3
307	0
308	2
309	2
310	3
311	0
312	2
313	2
314	2
315	2
316	0
317	3
318	3
319	2
320	2
321	3
322	2
323	2
324	2
325	0
326	2
327	3
328	3
329	2
330	3
331	2
332	2
333	3
334	1
335	2
336	2
337	0
338	0
339	2
340	3
341	3
342	2
343	2
344	2
345	2
346	3
347	3
348	3
349	3
350	3
351	3
352	0
353	3
354	2
355	2
356	2
357	0
358	0
359	3
360	3
361	2
362	0
363	3
364	0
365	3
366	0
367	0
368	3
369	3
370	3
371	3
372	1
373	0
374	2
375	0
376	0
377	3
378	3
379	2
380	3
381	3
382	3
383	0
384	3
385	0
386	2
387	2
388	0
389	0
390	0
391	3
392	3
393	2
394	2
395	2
396	0
397	0
398	3
399	2
400	2
401	0
402	0
403	2
404	3
405	2
406	2
407	0
408	3
409	3
410	3
411	2
412	0
413	3
414	3
415	2
416	3
417	2
418	3
419	0
420	2
421	0
422	2
423	3
424	3
425	0
426	2
427	2
428	2
429	2
430	3
431	2
432	2
433	2
434	3
435	2
436	3
437	2
438	0
439	2
440	2
441	1
442	3
443	3
444	0
445	3
446	3
447	2
448	3
449	2
450	2
451	2
452	0
453	1
454	0
455	2
456	2
457	2
458	2
459	2
460	2
461	2
462	3
463	0
464	0
465	2
466	0
467	2
468	3
469	2
470	0
471	2
472	3
473	3
474	3
475	3
476	3
477	3
478	3
479	3
480	0
481	2
482	2
483	2
484	3
485	0
486	3
487	3
488	3
489	0
490	2
491	3
492	1
493	3
494	3
495	2
496	2
497	2
498	2
499	3
500	2
501	2
502	2
503	2
504	0
505	3
506	3
507	2
508	1
509	2
510	3
511	2
512	2
513	0
514	3
515	2
516	2
517	0
518	0
519	2
520	3
521	2
522	2
523	2
524	2
525	1
526	3
527	2
528	3
529	2
530	2
531	2
532	0
533	2
534	2
535	3
536	3
537	2
538	3
539	2
540	0
541	0
542	2
543	2
544	3
545	2
546	2
547	2
548	1
549	0
550	1
551	3
552	0
553	2
554	3
555	0
556	2
557	3
558	0
559	2
560	2
561	2
562	2
563	3
564	3
565	2
566	2
567	2
568	3
569	1
570	2
571	2
572	2
573	3
574	2
575	2
576	3
577	2
578	3
579	0
580	2
581	2
582	0
583	3
584	3
585	2
586	3
587	1
588	2
589	2
590	0
591	3
592	2
593	3
594	3
595	2
596	2
597	2
598	2
599	2
600	3
601	0
602	2
603	0
604	2
605	1
606	3
607	2
608	3
609	3
610	2
611	0
612	2
613	1
614	0
615	2
616	3
617	2
618	2
619	0
620	2
621	3
622	3
623	2
624	3
625	2
626	2
627	2
628	2
629	1
630	3
631	0
632	3
633	2
634	2
635	2
636	0
637	2
638	2
639	2
640	2
641	2
642	2
643	2
644	3
645	3
646	0
647	3
648	3
649	1
650	1
651	2
652	3
653	2
654	3
655	2
656	3
657	2
658	2
659	2
660	0
661	3
662	2
663	2
664	3
665	1
666	2
667	3
668	0
669	3
670	2
671	2
672	0
673	2
674	3
675	2
676	3
677	0
678	2
679	3
680	3
681	2
682	2
683	2
684	2
685	0
686	3
687	0
688	2
689	2
690	2
691	0
692	2
693	2
694	2
695	2
696	2
697	0
698	3
699	3
700	2
701	2
702	2
703	2
704	0
705	1
706	0
707	1
708	2
709	2
710	0
711	3
712	3
713	0
714	2
715	2
716	0
717	2
718	2
719	0
720	3
721	2
722	2
723	3
724	2
725	2
726	2
727	0
728	2
729	0
730	2
731	3
732	2
733	3
734	2
735	1
736	0
737	3
738	2
739	3
740	3
741	2
742	2
743	3
744	3
745	2
746	2
747	2
748	1
749	2
750	0
751	2
752	2
753	3
754	3
755	2
756	2
757	2
758	2
759	0
760	3
761	2
762	0
763	3
764	2
765	3
766	2
767	2
768	3
769	2
770	3
771	2
772	3
773	0
774	0
775	3
776	0
777	2
778	2
779	2
780	1
781	2
782	2
783	2
784	3
785	2
786	2
787	2
788	3
789	0
790	1
791	1
792	0
793	3
794	3
795	2
796	2
797	3
798	2
799	0
800	1
801	2
802	3
803	2
804	2
805	2
806	0
807	3
808	1
809	2
810	2
811	2
812	0
813	3
814	0
815	2
816	3
817	2
818	2
819	3
820	2
821	2
822	0
823	3
824	2
825	0
826	2
827	0
828	2
829	0
830	2
831	2
832	3
833	2
834	2
835	2
836	2
837	0
838	0
839	3
840	2
841	2
842	3
843	3
844	0
845	3
846	2
847	0
848	0
849	2
850	0
851	3
852	2
853	3
854	0
855	2
856	0
857	2
858	3
859	2
860	2
861	1
862	3
863	0
864	3
865	2
866	2
867	2
868	2
869	0
870	0
871	3
872	2
873	2
874	2
875	2
876	2
877	3
878	2
879	1
880	2
881	2
882	2
883	2
884	3
885	3
886	0
887	2
888	1
889	0
890	2
891	0
892	2
893	2
894	2
895	2
896	3
897	3
898	2
899	0
900	3
901	0
902	3
903	3
904	3
905	2
906	2
907	0
908	0
909	2
910	2
911	2
912	2
913	2
914	2
915	0
916	3
917	3
918	0
919	2
920	1
921	0
922	2
923	2
924	2
925	3
926	1
927	2
928	3
929	0
930	2
931	2
932	1
933	0
934	3
935	3
936	3
937	2
938	0
939	3
940	3
941	0
942	2
943	2
944	2
945	2
946	2
947	0
948	0
949	2
950	0
951	1
952	2
953	3
954	2
955	0
956	2
957	3
958	2
959	0
960	3
961	2
962	1
963	2
964	2
965	0
966	0
967	3
968	3
969	3
970	0
971	2
972	3
973	2
974	2
975	2
976	2
977	0
978	2
979	1
980	3
981	3
982	2
983	2
984	2
985	2
986	2
987	3
988	2
989	3
990	2
991	3
992	3
993	0
994	2
995	2
996	3
997	0
998	0
999	3
1000	1
1001	2
1002	0
1003	2
1004	0
1005	3
1006	0
1007	1
1008	3
1009	2
1010	3
1011	3
1012	3
1013	3
1014	0
1015	0
1016	2
1017	3
1018	3
1019	3
1020	2
1021	3
1022	2
1023	2
1024	3
1025	2
1026	3
1027	0
1028	0
1029	3
1030	3
1031	3
1032	2
1033	3
1034	2
1035	3
1036	2
1037	3
1038	2
1039	3
1040	1
1041	2
1042	2
1043	2
1044	3
1045	0
1046	2
1047	0
1048	3
1049	3
1050	2
1051	2
1052	2
1053	2
1054	3
1055	2
1056	0
1057	2
1058	3
1059	2
1060	0
1061	2
1062	0
1063	3
1064	3
1065	2
1066	3
1067	3
1068	2
1069	2
1070	2
1071	3
1072	3
1073	2
1074	0
1075	2
1076	3
1077	0
1078	2
1079	0
1080	3
1081	3
1082	2
1083	2
1084	2
1085	2
1086	3
1087	2
1088	2
1089	3
1090	3
1091	0
1092	2
1093	0
1094	2
1095	3
1096	3
1097	3
1098	2
1099	2
1100	2
1101	2
1102	2
1103	0
1104	2
1105	0
1106	3
1107	2
1108	2
1109	3
1110	2
1111	0
1112	0
1113	3
1114	1
1115	2
1116	3
1117	0
1118	3
1119	2
1120	0
1121	0
1122	2
1123	3
1124	2
1125	3
1126	3
1127	3
1128	3
1129	2
1130	2
1131	2
1132	2
1133	2
1134	2
1135	3
1136	0
1137	2
1138	2
1139	3
1140	3
1141	0
1142	2
1143	1
1144	0
1145	0
1146	2
1147	2
1148	2
1149	3
1150	3
1151	2
1152	0
1153	3
1154	3
1155	0
1156	2
1157	0
1158	2
1159	3
1160	2
1161	3
1162	2
1163	3
1164	3
1165	0
1166	2
1167	0
1168	3
1169	2
1170	3
1171	2
1172	2
1173	2
1174	2
1175	0
1176	3
1177	3
1178	2
1179	2
1180	2
1181	3
1182	2
1183	0
1184	2
1185	2
1186	3
1187	2
1188	2
1189	3
1190	1
1191	1
1192	0
1193	3
1194	3
1195	2
1196	2
1197	1
1198	2
1199	1
1200	3
1201	2
1202	2
1203	1
1204	2
1205	2
1206	1
1207	0
1208	2
1209	0
1210	1
1211	2
1212	2
1213	2
1214	3
1215	2
1216	2
1217	3
1218	2
1219	0
1220	2
1221	0
1222	3
1223	3
1224	3
1225	3
1226	0
1227	0
1228	1
1229	3
1230	2
1231	2
1232	0
1233	2
1234	0
1235	3
1236	1
1237	2
1238	3
1239	2
1240	2
1241	2
1242	2
1243	2
1244	2
1245	2
1246	3
1247	0
1248	1
1249	2
1250	3
1251	3
1252	2
1253	0
1254	0
1255	3
1256	1
1257	3
1258	2
1259	0
1260	3
1261	3
1262	0
1263	2
1264	0
1265	0
1266	2
1267	2
1268	0
1269	0
1270	2
1271	2
1272	2
1273	3
1274	2
1275	3
1276	2
1277	2
1278	2
1279	0
1280	3
1281	2
1282	3
1283	3
1284	3
1285	0
1286	3
1287	3
1288	3
1289	2
1290	3
1291	0
1292	2
1293	3
1294	2
1295	3
1296	3
1297	2
1298	3
1299	2
1300	2
1301	3
1302	0
1303	2
1304	2
1305	2
1306	0
1307	3
1308	3
1309	3
1310	3
1311	0
1312	2
1313	2
1314	3
1315	2
1316	3
1317	2
1318	1
1319	3
1320	3
1321	3
1322	3
1323	2
1324	2
1325	2
1326	3
1327	2
1328	3
1329	2
1330	2
1331	0
1332	2
1333	1
1334	2
1335	0
1336	2
1337	3
1338	1
1339	0
1340	3
1341	3
1342	3
1343	0
1344	2
1345	3
1346	3
1347	3
1348	2
1349	2
1350	3
1351	3
1352	2
1353	2
1354	3
1355	2
1356	0
1357	3
1358	2
1359	2
1360	3
1361	0
1362	1
1363	1
1364	2
1365	3
1366	2
1367	0
1368	1
1369	2
1370	0
1371	2
1372	3
1373	0
1374	3
1375	2
1376	2
1377	2
1378	2
1379	2
1380	3
1381	2
1382	3
1383	3
1384	3
1385	2
1386	0
1387	2
1388	2
1389	1
1390	0
1391	3
1392	3
1393	2
1394	3
1395	3
1396	0
1397	2
1398	2
1399	0
1400	2
1401	2
1402	0
1403	2
1404	3
1405	2
1406	3
1407	3
1408	3
1409	0
1410	0
1411	3
1412	3
1413	2
1414	3
1415	2
1416	2
1417	0
1418	3
1419	0
1420	3
1421	3
1422	2
1423	2
1424	1
1425	2
1426	3
1427	2
1428	3
1429	2
1430	0
1431	3
1432	2
1433	2
1434	2
1435	3
1436	1
1437	0
1438	3
1439	2
1440	2
1441	0
1442	2
1443	2
1444	2
1445	2
1446	1
1447	2
1448	3
1449	2
1450	3
1451	0
1452	2
1453	2
1454	3
1455	2
1456	1
1457	3
1458	2
1459	3
1460	2
1461	2
1462	2
1463	1
1464	1
1465	1
1466	2
1467	2
1468	3
1469	3
1470	3
1471	2
1472	2
1473	2
1474	3
1475	2
1476	1
1477	1
1478	2
1479	3
1480	3
1481	3
1482	3
1483	2
1484	2
1485	2
1486	2
1487	2
1488	2
1489	2
1490	3
1491	2
1492	0
1493	2
1494	3
1495	3
1496	2
1497	0
1498	2
1499	2
1500	2
1501	3
1502	3
1503	0
1504	2
1505	2
1506	3
1507	2
1508	3
1509	3
1510	1
1511	3
1512	2
1513	2
1514	2
1515	2
1516	3
1517	2
1518	2
1519	2
1520	3
1521	2
1522	2
1523	3
1524	0
1525	2
1526	0
1527	0
1528	2
1529	3
1530	3
1531	2
1532	2
1533	2
1534	3
1535	2
1536	0
1537	0
1538	2
1539	2
1540	1
1541	1
1542	2
1543	3
1544	3
1545	2
1546	2
1547	0
1548	2
1549	3
1550	2
1551	0
1552	1
1553	2
1554	3
1555	0
1556	3
1557	2
1558	0
1559	0
1560	2
1561	2
1562	2
1563	3
1564	0
1565	2
1566	2
1567	1
1568	0
1569	2
1570	2
1571	0
1572	3
1573	2
1574	0
1575	0
1576	2
1577	2
1578	3
1579	0
1580	2
1581	3
1582	2
1583	0
1584	2
1585	0
1586	2
1587	2
1588	2
1589	2
1590	0
1591	2
1592	2
1593	2
1594	2
1595	3
1596	3
1597	2
1598	3
1599	2
1600	3
1601	1
1602	0
1603	0
1604	1
1605	0
1606	2
1607	3
1608	2
1609	2
1610	3
1611	2
1612	0
1613	2
1614	2
1615	2
1616	3
1617	3
1618	3
1619	3
1620	3
1621	0
1622	2
1623	0
1624	2
1625	0
1626	2
1627	3
1628	2
1629	2
1630	3
1631	0
1632	2
1633	0
1634	0
1635	0
1636	1
1637	0
1638	2
1639	3
1640	3
1641	0
1642	3
1643	1
1644	2
1645	2
1646	3
1647	0
1648	2
1649	0
1650	0
1651	2
1652	1
1653	2
1654	2
1655	3
1656	2
1657	2
1658	2
1659	3
1660	3
1661	1
1662	2
1663	2
1664	0
1665	3
1666	3
1667	2
1668	3
1669	2
1670	0
1671	3
1672	2
1673	3
1674	3
1675	2
1676	0
1677	3
1678	2
1679	2
1680	3
1681	3
1682	2
1683	2
1684	3
1685	2
1686	2
1687	1
1688	0
1689	3
1690	2
1691	0
1692	2
1693	1
1694	3
1695	0
1696	0
1697	3
1698	2
1699	2
1700	2
1701	2
1702	0
1703	3
1704	3
1705	3
1706	3
1707	0
1708	2
1709	2
1710	2
1711	2
1712	2
1713	0
1714	2
1715	3
1716	3
1717	2
1718	2
1719	1
1720	2
1721	3
1722	2
1723	3
1724	2
1725	2
1726	3
1727	3
1728	3
1729	2
1730	0
1731	3
1732	2
1733	1
1734	0
1735	1
1736	2
1737	3
1738	3
1739	2
1740	0
1741	2
1742	2
1743	3
1744	2
1745	3
1746	2
1747	2
1748	2
1749	3
1750	2
1751	0
1752	2
1753	2
1754	3
1755	3
1756	3
1757	2
1758	3
1759	0
1760	0
1761	3
1762	2
1763	3
1764	2
1765	2
1766	0
1767	0
1768	2
1769	3
1770	3
1771	2
1772	0
1773	2
1774	0
1775	2
1776	3
1777	2
1778	3
1779	2
1780	2
1781	2
1782	3
1783	3
1784	2
1785	0
1786	2
1787	3
1788	3
1789	2
1790	3
1791	2
1792	3
1793	3
1794	0
1795	2
1796	2
1797	2
1798	0
1799	3
1800	2
1801	1
1802	2
1803	0
1804	2
1805	0
1806	2
1807	2
1808	0
1809	3
1810	2
1811	0
1812	3
1813	2
1814	1
1815	3
1816	3
1817	0
1818	2
1819	3
1820	3
1821	0
1822	2
1823	3
1824	2
1825	2
1826	3
1827	1
1828	3
1829	2
1830	0
1831	2
1832	2
1833	0
1834	1
1835	1
1836	2
1837	2
1838	2
1839	2
1840	1
1841	2
1842	2
1843	3
1844	2
1845	3
1846	3
1847	3
1848	3
1849	1
1850	2
1851	3
1852	2
1853	3
1854	2
1855	2
1856	3
1857	3
1858	0
1859	2
1860	3
1861	2
1862	0
1863	3
1864	2
1865	3
1866	3
1867	2
1868	0
1869	3
1870	2
1871	2
1872	2
1873	2
1874	2
1875	2
1876	2
1877	3
1878	2
1879	2
1880	3
1881	2
1882	2
1883	3
1884	3
1885	3
1886	2
1887	1
1888	2
1889	2
1890	2
1891	2
1892	3
1893	2
1894	0
1895	3
1896	3
1897	0
1898	0
1899	2
1900	0
1901	2
1902	1
1903	2
1904	3
1905	2
1906	0
1907	3
1908	2
1909	3
1910	0
1911	2
1912	2
1913	2
1914	2
1915	2
1916	2
1917	2
1918	2
1919	3
1920	2
1921	2
1922	1
1923	2
1924	3
1925	0
1926	2
1927	3
1928	2
1929	1
1930	2
1931	3
1932	2
1933	2
1934	3
1935	2
1936	3
1937	2
1938	2
1939	0
1940	3
1941	1
1942	0
1943	2
1944	3
1945	2
1946	3
1947	3
1948	3
1949	3
1950	2
1951	2
1952	2
1953	2
1954	3
1955	3
1956	3
1957	0
1958	2
1959	3
1960	3
1961	0
1962	2
1963	3
1964	2
1965	2
1966	0
1967	2
1968	3
1969	2
1970	2
1971	2
1972	2
1973	2
1974	0
1975	0
1976	3
1977	0
1978	2
1979	2
1980	2
1981	3
1982	2
1983	0
1984	0
1985	3
1986	0
1987	3
1988	3
1989	2
1990	0
1991	3
1992	2
1993	3
1994	3
1995	2
1996	0
1997	2
1998	2
1999	3
2000	3
2001	2
2002	2
2003	3
2004	3
2005	3
2006	3
2007	3
2008	2
2009	2
2010	2
2011	3
2012	2
2013	0
2014	3
2015	2
2016	0
2017	3
2018	3
2019	0
2020	3
2021	2
2022	0
2023	3
2024	2
2025	2
2026	3
2027	2
2028	0
2029	2
2030	2
2031	2
2032	3
2033	2
2034	2
2035	3
2036	1
2037	3
2038	0
2039	1
2040	3
2041	2
2042	3
2043	3
2044	2
2045	1
2046	2
2047	3
2048	0
2049	3
2050	2
2051	2
2052	0
2053	0
2054	2
2055	2
2056	2
2057	0
2058	2
2059	0
2060	2
2061	3
2062	2
2063	3
2064	3
2065	2
2066	2
2067	2
2068	3
2069	2
2070	1
2071	0
2072	3
2073	2
2074	3
2075	3
2076	0
2077	0
2078	2
2079	3
2080	0
2081	2
2082	2
2083	3
2084	2
2085	0
2086	0
2087	3
2088	0
2089	2
2090	2
2091	0
2092	2
2093	2
2094	3
2095	0
2096	2
2097	3
2098	2
2099	3
2100	2
2101	3
2102	2
2103	2
2104	1
2105	2
2106	3
2107	3
2108	0
2109	2
2110	2
2111	3
2112	0
2113	3
2114	0
2115	3
2116	2
2117	3
2118	2
2119	2
2120	3
2121	2
2122	2
2123	3
2124	2
2125	2
2126	0
2127	0
2128	2
2129	3
2130	0
2131	1
2132	3
2133	2
2134	2
2135	2
2136	2
2137	2
2138	3
2139	1
2140	0
2141	1
2142	3
2143	2
2144	0
2145	2
2146	2
2147	3
2148	3
2149	0
2150	2
2151	2
2152	3
2153	0
2154	2
2155	3
2156	0
2157	3
2158	3
2159	3
2160	3
2161	0
2162	2
2163	3
2164	2
2165	2
2166	2
2167	2
2168	2
2169	2
2170	2
2171	2
2172	3
2173	1
2174	2
2175	3
2176	3
2177	2
2178	2
2179	2
2180	2
2181	2
2182	2
2183	3
2184	3
2185	2
2186	2
2187	0
2188	2
2189	2
2190	3
2191	2
2192	3
2193	2
2194	2
2195	2
2196	2
2197	2
2198	3
2199	2
2200	3
2201	2
2202	2
2203	2
2204	0
2205	0
2206	2
2207	3
2208	0
2209	3
2210	2
2211	2
2212	2
2213	0
2214	2
2215	3
2216	2
2217	2
2218	2
2219	1
2220	2
2221	0
2222	3
2223	1
2224	2
2225	2
2226	2
2227	3
2228	3
2229	3
2230	3
2231	2
2232	3
2233	2
2234	2
2235	2
2236	1
2237	2
2238	2
2239	2
2240	3
2241	1
2242	2
2243	2
2244	3
2245	2
2246	3
2247	2
2248	3
2249	2
2250	3
2251	2
2252	1
2253	3
2254	0
2255	2
2256	2
2257	2
2258	3
2259	3
2260	2
2261	1
2262	2
2263	0
2264	2
2265	2
2266	2
2267	2
2268	0
2269	0
2270	2
2271	2
2272	0
2273	3
2274	2
2275	3
2276	2
2277	2
2278	3
2279	3
2280	2
2281	2
2282	2
2283	3
2284	3
2285	0
2286	0
2287	2
2288	2
2289	2
2290	2
2291	3
2292	2
2293	0
2294	3
2295	2
2296	2
2297	0
2298	3
2299	3
2300	0
2301	3
2302	2
2303	2
2304	0
2305	2
2306	1
2307	2
2308	2
2309	0
2310	2
2311	3
2312	2
2313	2
2314	2
2315	2
2316	2
2317	3
2318	2
2319	2
2320	2
2321	2
2322	2
2323	2
2324	2
2325	2
2326	3
2327	2
2328	2
2329	3
2330	2
2331	2
2332	3
2333	3
2334	0
2335	0
2336	1
2337	0
2338	0
2339	2
2340	3
2341	2
2342	3
2343	3
2344	0
2345	2
2346	2
2347	2
2348	3
2349	2
2350	2
2351	2
2352	0
2353	3
2354	3
2355	3
2356	3
2357	3
2358	2
2359	2
2360	3
2361	0
2362	3
2363	2
2364	2
2365	2
2366	2
2367	0
2368	2
2369	3
2370	0
2371	2
2372	2
2373	1
2374	2
2375	3
2376	3
2377	2
2378	0
2379	1
2380	2
2381	3
2382	3
2383	2
2384	3
2385	2
2386	1
2387	3
2388	3
2389	2
2390	0
2391	2
2392	3
2393	2
2394	3
2395	3
2396	0
2397	2
2398	2
2399	0
2400	3
2401	2
2402	1
2403	2
2404	2
2405	0
2406	3
2407	1
2408	3
2409	2
2410	2
2411	2
2412	2
2413	0
2414	2
2415	3
2416	3
2417	0
2418	3
2419	3
2420	3
2421	2
2422	2
2423	2
2424	2
2425	3
2426	3
2427	3
2428	3
2429	2
2430	2
2431	3
2432	1
2433	2
2434	3
2435	0
2436	3
2437	0
2438	3
2439	2
2440	2
2441	2
2442	0
2443	2
2444	3
2445	0
2446	2
2447	0
2448	3
2449	2
2450	2
2451	0
2452	3
2453	0
2454	3
2455	0
2456	3
2457	3
2458	2
2459	2
2460	3
2461	2
2462	2
2463	0
2464	0
2465	2
2466	2
2467	0
2468	3
2469	2
2470	3
2471	3
2472	3
2473	3
2474	2
2475	3
2476	2
2477	0
2478	2
2479	2
2480	1
2481	2
2482	2
2483	3
2484	3
2485	2
2486	2
2487	1
2488	3
2489	2
2490	3
2491	2
2492	1
2493	2
2494	2
2495	0
2496	3
2497	2
2498	2
2499	2
2500	2
2501	1
2502	3
2503	3
2504	2
2505	3
2506	2
2507	2
2508	2
2509	2
2510	0
2511	3
2512	3
2513	2
2514	1
2515	2
2516	2
2517	2
2518	2
2519	2
2520	2
2521	2
2522	2
2523	2
2524	2
2525	3
2526	2
2527	2
2528	3
2529	2
2530	1
2531	3
2532	2
2533	0
2534	3
2535	3
2536	3
2537	2
2538	2
2539	0
2540	2
2541	0
2542	3
2543	2
2544	3
2545	0
2546	2
2547	3
2548	0
2549	2
2550	3
2551	2
2552	3
2553	2
2554	3
2555	2
2556	3
2557	3
2558	1
2559	1
2560	3
2561	2
2562	0
2563	2
2564	3
2565	0
2566	2
2567	2
2568	3
2569	0
2570	2
2571	2
2572	3
2573	0
2574	2
2575	2
2576	3
2577	2
2578	2
2579	2
2580	2
2581	2
2582	3
2583	2
2584	2
2585	2
2586	3
2587	2
2588	0
2589	2
2590	0
2591	0
2592	3
2593	2
2594	2
2595	2
2596	3
2597	0
2598	0
2599	3
2600	2
2601	0
2602	2
2603	3
2604	2
2605	2
2606	2
2607	3
2608	3
2609	2
2610	2
2611	3
2612	2
2613	2
2614	2
2615	3
2616	0
2617	3
2618	3
2619	2
2620	0
2621	3
2622	0
2623	1
2624	2
2625	3
2626	2
2627	2
2628	0
2629	2
2630	2
2631	3
2632	2
2633	2
2634	2
2635	2
2636	2
2637	2
2638	2
2639	2
2640	3
2641	2
2642	2
2643	3
2644	3
2645	0
2646	3
2647	2
2648	0
2649	2
2650	0
2651	2
2652	0
2653	2
2654	2
2655	0
2656	3
2657	3
2658	2
2659	2
2660	0
2661	3
2662	2
2663	3
2664	2
2665	2
2666	2
2667	0
2668	2
2669	2
2670	2
2671	2
2672	3
2673	2
2674	2
2675	3
2676	3
2677	2
2678	2
2679	0
2680	0
2681	2
2682	3
2683	2
2684	0
2685	3
2686	1
2687	2
2688	2
2689	2
2690	2
2691	2
2692	2
2693	2
2694	3
2695	3
2696	3
2697	2
2698	2
2699	2
2700	3
2701	3
2702	0
2703	2
2704	0
2705	2
2706	2
2707	3
2708	2
2709	0
2710	2
2711	3
2712	3
2713	2
2714	3
2715	2
2716	2
2717	3
2718	2
2719	3
2720	0
2721	2
2722	0
2723	1
2724	1
2725	3
2726	2
2727	2
2728	3
2729	2
2730	3
2731	0
2732	3
2733	2
2734	3
2735	2
2736	2
2737	0
2738	2
2739	2
2740	3
2741	1
2742	2
2743	3
2744	2
2745	2
2746	2
2747	3
2748	0
2749	3
2750	2
2751	3
2752	3
2753	2
2754	2
2755	2
2756	2
2757	2
2758	2
2759	3
2760	1
2761	3
2762	2
2763	3
2764	2
2765	3
2766	0
2767	3
2768	0
2769	2
2770	2
2771	3
2772	3
2773	2
2774	3
2775	3
2776	2
2777	2
2778	3
2779	3
2780	0
2781	2
2782	2
2783	0
2784	1
2785	2
2786	2
2787	2
2788	0
2789	2
2790	3
2791	2
2792	3
2793	2
2794	2
2795	0
2796	3
2797	1
2798	3
2799	2
2800	3
2801	2
2802	2
2803	2
2804	2
2805	2
2806	2
2807	2
2808	2
2809	3
2810	3
2811	0
2812	2
2813	3
2814	2
2815	0
2816	0
2817	2
2818	2
2819	0
2820	0
2821	0
2822	3
2823	3
2824	3
2825	0
2826	2
2827	0
2828	0
2829	2
2830	2
2831	2
2832	3
2833	2
2834	2
2835	0
2836	3
2837	1
2838	3
2839	2
2840	3
2841	3
2842	3
2843	2
2844	0
2845	3
2846	2
2847	0
2848	3
2849	3
2850	3
2851	0
2852	2
2853	0
2854	3
2855	0
2856	2
2857	2
2858	2
2859	1
2860	2
2861	2
2862	2
2863	2
2864	1
2865	2
2866	3
2867	1
2868	2
2869	0
2870	3
2871	1
2872	2
2873	3
2874	3
2875	2
2876	2
2877	2
2878	2
2879	2
2880	3
2881	2
2882	2
2883	2
2884	2
2885	2
2886	3
2887	2
2888	2
2889	2
2890	2
2891	0
2892	0
2893	2
2894	0
2895	2
2896	2
2897	2
2898	2
2899	2
2900	3
2901	3
2902	2
2903	2
2904	0
2905	0
2906	2
2907	2
2908	3
2909	3
2910	2
2911	0
2912	3
2913	2
2914	3
2915	2
2916	2
2917	3
2918	2
2919	2
2920	2
2921	2
2922	2
2923	2
2924	0
2925	0
2926	3
2927	2
2928	3
2929	3
2930	3
2931	3
2932	2
2933	2
2934	2
2935	2
2936	0
2937	0
2938	3
2939	2
2940	2
2941	2
2942	2
2943	2
2944	3
2945	3
2946	2
2947	2
2948	0
2949	0
2950	0
2951	2
2952	3
2953	2
2954	3
2955	1
2956	0
2957	0
2958	2
2959	2
2960	0
2961	3
2962	2
2963	2
2964	2
2965	2
2966	2
2967	2
2968	0
2969	2
2970	3
2971	2
2972	0
2973	2
2974	2
2975	3
2976	0
2977	0
2978	0
2979	2
2980	2
2981	2
2982	0
2983	3
2984	2
2985	2
2986	2
2987	1
2988	2
2989	0
2990	2
2991	2
2992	0
2993	3
2994	2
2995	0
2996	3
2997	0
2998	2
2999	2
3000	2
3001	2
3002	2
3003	2
3004	0
3005	3
3006	1
3007	0
3008	3
3009	3
3010	2
3011	2
3012	2
3013	0
3014	3
3015	2
3016	3
3017	2
3018	3
3019	1
3020	3
3021	1
3022	2
3023	2
3024	3
3025	2
3026	3
3027	2
3028	3
3029	2
3030	3
3031	0
3032	1
3033	2
3034	3
3035	2
3036	0
3037	3
3038	2
3039	2
3040	2
3041	2
3042	2
3043	2
3044	0
3045	0
3046	0
3047	2
3048	3
3049	2
3050	3
3051	1
3052	0
3053	0
3054	3
3055	2
3056	2
3057	2
3058	2
3059	2
3060	3
3061	3
3062	2
3063	2
3064	2
3065	2
3066	2
3067	2
3068	2
3069	2
3070	3
3071	0
3072	3
3073	1
3074	0
3075	2
3076	3
3077	0
3078	2
3079	0
3080	2
3081	3
3082	2
3083	2
3084	0
3085	2
3086	3
3087	0
3088	2
3089	2
3090	3
3091	2
3092	1
3093	0
3094	2
3095	0
3096	0
3097	2
3098	2
3099	2
3100	3
3101	1
3102	3
3103	0
3104	0
3105	2
3106	3
3107	0
3108	2
3109	2
3110	3
3111	2
3112	2
3113	2
3114	2
3115	0
3116	2
3117	2
3118	3
3119	2
3120	2
3121	2
3122	3
3123	3
3124	2
3125	2
3126	2
3127	2
3128	2
3129	2
3130	3
3131	2
3132	3
3133	2
3134	2
3135	0
3136	1
3137	3
3138	3
3139	2
3140	0
3141	2
3142	3
3143	3
3144	2
3145	2
3146	2
3147	2
3148	2
3149	0
3150	0
3151	0
3152	0
3153	2
3154	2
3155	0
3156	0
3157	2
3158	0
3159	0
3160	0
3161	3
3162	3
3163	2
3164	2
3165	3
3166	3
3167	2
3168	2
3169	3
3170	3
3171	3
3172	2
3173	2
3174	2
3175	3
3176	2
3177	1
3178	2
3179	3
3180	1
3181	0
3182	3
3183	2
3184	2
3185	2
3186	2
3187	0
3188	3
3189	3
3190	2
3191	0
3192	2
3193	2
3194	3
3195	2
3196	1
3197	0
3198	3
3199	0
3200	0
3201	0
3202	3
3203	0
3204	1
3205	2
3206	2
3207	3
3208	2
3209	2
3210	0
3211	3
3212	2
3213	2
3214	0
3215	2
3216	3
3217	2
3218	0
3219	0
3220	3
3221	2
3222	0
3223	3
3224	2
3225	0
3226	2
3227	1
3228	3
3229	3
3230	3
3231	2
3232	2
3233	2
3234	3
3235	0
3236	0
3237	2
3238	0
3239	3
3240	1
3241	2
3242	0
3243	2
3244	2
3245	2
3246	0
3247	2
3248	2
3249	2
3250	2
3251	3
3252	3
3253	2
3254	0
3255	3
3256	3
3257	0
3258	2
3259	3
3260	2
3261	2
3262	2
3263	2
3264	0
3265	3
3266	3
3267	0
3268	2
3269	3
3270	3
3271	3
3272	2
3273	3
3274	2
3275	2
3276	2
3277	2
3278	3
3279	2
3280	3
3281	2
3282	0
3283	2
3284	3
3285	2
3286	0
3287	0
3288	2
3289	2
3290	2
3291	3
3292	1
3293	3
3294	3
3295	1
3296	2
3297	0
3298	3
3299	0
3300	3
3301	2
3302	3
3303	3
3304	2
3305	0
3306	0
3307	3
3308	3
3309	2
3310	0
3311	3
3312	3
3313	2
3314	2
3315	3
3316	3
3317	2
3318	2
3319	2
3320	0
3321	2
3322	3
3323	2
3324	2
3325	2
3326	3
3327	3
3328	2
3329	3
3330	3
3331	0
3332	1
3333	0
3334	2
3335	3
3336	2
3337	0
3338	2
3339	3
3340	2
3341	0
3342	2
3343	3
3344	3
3345	2
3346	2
3347	3
3348	3
3349	0
3350	2
3351	2
3352	3
3353	3
3354	2
3355	2
3356	3
3357	3
3358	2
3359	3
3360	2
3361	3
3362	3
3363	3
3364	3
3365	2
3366	2
3367	3
3368	3
3369	3
3370	3
3371	0
3372	3
3373	2
3374	3
3375	2
3376	2
3377	2
3378	2
3379	0
3380	3
3381	0
3382	2
3383	1
3384	2
3385	2
3386	3
3387	0
3388	0
3389	3
3390	2
3391	0
3392	2
3393	2
3394	1
3395	2
3396	0
3397	2
3398	3
3399	3
3400	2
3401	3
3402	2
3403	2
3404	2
3405	0
3406	0
3407	2
3408	2
3409	2
3410	2
3411	2
3412	2
3413	2
3414	3
3415	2
3416	2
3417	1
3418	3
3419	2
3420	0
3421	3
3422	2
3423	3
3424	3
3425	2
3426	3
3427	2
3428	0
3429	0
3430	3
3431	2
3432	2
3433	0
3434	3
3435	0
3436	3
3437	0
3438	0
3439	2
3440	1
3441	2
3442	2
3443	3
3444	0
3445	2
3446	2
3447	2
3448	1
3449	2
3450	3
3451	2
3452	2
3453	2
3454	2
3455	0
3456	2
3457	0
3458	3
3459	0
3460	3
3461	1
3462	2
3463	3
3464	2
3465	3
3466	2
3467	3
3468	1
3469	2
3470	3
3471	2
3472	3
3473	2
3474	0
3475	2
3476	3
3477	0
3478	2
3479	2
3480	0
3481	0
3482	2
3483	2
3484	3
3485	3
3486	3
3487	1
3488	0
3489	2
3490	1
3491	0
3492	0
3493	2
3494	2
3495	3
3496	2
3497	3
3498	3
3499	0
3500	2
3501	2
3502	2
3503	2
3504	2
3505	2
3506	0
3507	2
3508	2
3509	0
3510	3
3511	2
3512	3
3513	2
3514	2
3515	1
3516	2
3517	0
3518	3
3519	0
3520	3
3521	2
3522	3
3523	0
3524	3
3525	0
3526	2
3527	0
3528	2
3529	2
3530	0
3531	2
3532	0
3533	2
3534	3
3535	2
3536	3
3537	3
3538	2
3539	2
3540	3
3541	0
3542	2
3543	2
3544	1
3545	0
3546	2
3547	2
3548	2
3549	0
3550	2
3551	3
3552	0
3553	2
3554	3
3555	0
3556	3
3557	2
3558	3
3559	3
3560	3
3561	3
3562	2
3563	0
3564	2
3565	0
3566	0
3567	2
3568	2
3569	2
3570	2
3571	2
3572	1
3573	3
3574	2
3575	2
3576	0
3577	2
3578	2
3579	3
3580	2
3581	2
3582	2
3583	2
3584	3
3585	2
3586	3
3587	2
3588	0
3589	2
3590	3
3591	0
3592	1
3593	2
3594	2
3595	0
3596	0
3597	2
3598	3
3599	3
3600	3
3601	0
3602	0
3603	2
3604	3
3605	1
3606	3
3607	2
3608	0
3609	0
3610	2
3611	3
3612	3
3613	2
3614	3
3615	0
3616	2
3617	2
3618	3
3619	2
3620	0
3621	2
3622	3
3623	3
3624	3
3625	2
3626	2
3627	0
3628	2
3629	0
3630	0
3631	3
3632	2
3633	2
3634	0
3635	2
3636	0
3637	2
3638	0
3639	0
3640	0
3641	2
3642	3
3643	3
3644	2
3645	2
3646	2
3647	0
3648	0
3649	2
3650	0
3651	1
3652	0
3653	0
3654	3
3655	2
3656	2
3657	3
3658	2
3659	3
3660	2
3661	2
3662	3
3663	2
3664	3
3665	2
3666	1
3667	2
3668	0
3669	0
3670	3
3671	0
3672	0
3673	3
3674	2
3675	3
3676	3
3677	3
3678	3
3679	2
3680	3
3681	2
3682	2
3683	0
3684	0
3685	0
3686	3
3687	1
3688	2
3689	2
3690	0
3691	2
3692	0
3693	1
3694	2
3695	2
3696	2
3697	3
3698	0
3699	2
3700	3
3701	1
3702	2
3703	2
3704	0
3705	0
3706	3
3707	3
3708	2
3709	2
3710	3
3711	2
3712	3
3713	2
3714	0
3715	2
3716	0
3717	2
3718	3
3719	3
3720	3
3721	3
3722	2
3723	2
3724	2
3725	2
3726	3
3727	2
3728	0
3729	2
3730	2
3731	0
3732	3
3733	2
3734	2
3735	0
3736	0
3737	2
3738	3
3739	2
3740	3
3741	3
3742	2
3743	0
3744	2
3745	2
3746	2
3747	0
3748	0
3749	2
3750	3
3751	3
3752	3
3753	2
3754	2
3755	3
3756	0
3757	2
3758	3
3759	2
3760	2
3761	2
3762	0
3763	3
3764	2
3765	2
3766	0
3767	2
3768	0
3769	2
3770	2
3771	2
3772	0
3773	2
3774	3
3775	3
3776	3
3777	3
3778	2
3779	2
3780	0
3781	2
3782	2
3783	2
3784	3
3785	1
3786	2
3787	2
3788	3
3789	2
3790	3
3791	2
3792	3
3793	2
3794	2
3795	2
3796	3
3797	2
3798	3
3799	3
3800	0
3801	0
3802	3
3803	3
3804	1
3805	2
3806	3
3807	2
3808	2
3809	3
3810	2
3811	0
3812	2
3813	2
3814	3
3815	3
3816	3
3817	3
3818	1
3819	0
3820	2
3821	2
3822	3
3823	2
3824	3
3825	2
3826	0
3827	2
3828	2
3829	0
3830	2
3831	2
3832	0
3833	0
3834	3
3835	3
3836	0
3837	2
3838	3
3839	0
3840	0
3841	2
3842	2
3843	0
3844	3
3845	2
3846	3
3847	3
3848	2
3849	3
3850	2
3851	0
3852	2
3853	0
3854	0
3855	2
3856	2
3857	2
3858	2
3859	3
3860	3
3861	0
3862	0
3863	2
3864	0
3865	3
3866	3
3867	2
3868	2
3869	3
3870	2
3871	1
3872	3
3873	2
3874	3
3875	2
3876	0
3877	2
3878	0
3879	3
3880	2
3881	2
3882	2
3883	0
3884	3
3885	2
3886	0
3887	0
3888	2
3889	0
3890	2
3891	3
3892	3
3893	3
3894	0
3895	0
3896	3
3897	0
3898	3
3899	1
3900	3
3901	2
3902	2
3903	1
3904	3
3905	2
3906	2
3907	2
3908	0
3909	2
3910	3
3911	0
3912	2
3913	3
3914	2
3915	2
3916	2
3917	0
3918	0
3919	2
3920	2
3921	2
3922	2
3923	2
3924	2
3925	3
3926	0
3927	3
3928	3
3929	2
3930	2
3931	3
3932	2
3933	1
3934	3
3935	3
3936	2
3937	0
3938	2
3939	0
3940	3
3941	3
3942	2
3943	3
3944	3
3945	2
3946	2
3947	2
3948	2
3949	2
3950	0
3951	2
3952	0
3953	2
3954	2
3955	3
3956	2
3957	2
3958	2
3959	0
3960	0
3961	3
3962	2
3963	2
3964	0
3965	0
3966	3
3967	2
3968	3
3969	2
3970	3
3971	2
3972	0
3973	2
3974	3
3975	2
3976	1
3977	3
3978	2
3979	0
3980	0
3981	0
3982	1
3983	2
3984	3
3985	3
3986	2
3987	2
3988	2
3989	2
3990	2
3991	2
3992	3
3993	0
3994	3
3995	1
3996	3
3997	3
3998	2
3999	3
4000	1
4001	2
4002	0
4003	0
4004	0
4005	1
4006	1
4007	2
4008	0
4009	0
4010	2
4011	3
4012	3
4013	2
4014	0
4015	2
4016	3
4017	2
4018	0
4019	3
4020	2
4021	1
4022	1
4023	2
4024	2
4025	0
4026	3
4027	2
4028	0
4029	2
4030	2
4031	0
4032	3
4033	0
4034	2
4035	2
4036	0
4037	2
4038	3
4039	2
4040	3
4041	3
4042	2
4043	1
4044	2
4045	2
4046	0
4047	0
4048	3
4049	2
4050	2
4051	2
4052	3
4053	2
4054	3
4055	3
4056	3
4057	0
4058	3
4059	3
4060	0
4061	0
4062	2
4063	2
4064	3
4065	3
4066	3
4067	0
4068	3
4069	2
4070	2
4071	0
4072	2
4073	2
4074	2
4075	2
4076	3
4077	2
4078	0
4079	2
4080	3
4081	3
4082	2
4083	2
4084	2
4085	2
4086	1
4087	3
4088	0
4089	0
4090	3
4091	3
4092	1
4093	1
4094	3
4095	3
4096	3
4097	3
4098	2
4099	1
4100	2
4101	2
4102	3
4103	3
4104	2
4105	2
4106	2
4107	1
4108	0
4109	3
4110	3
4111	2
4112	2
4113	2
4114	3
4115	1
4116	0
4117	3
4118	3
4119	2
4120	3
4121	2
4122	1
4123	2
4124	0
4125	0
4126	2
4127	3
4128	3
4129	2
4130	3
4131	0
4132	2
4133	3
4134	3
4135	0
4136	2
4137	3
4138	2
4139	2
4140	3
4141	3
4142	3
4143	2
4144	1
4145	2
4146	0
4147	3
4148	1
4149	2
4150	3
4151	2
4152	3
4153	0
4154	0
4155	3
4156	2
4157	2
4158	0
4159	2
4160	2
4161	2
4162	3
4163	0
4164	2
4165	2
4166	3
4167	3
4168	2
4169	2
4170	0
4171	3
4172	0
4173	3
4174	2
4175	2
4176	2
4177	2
4178	2
4179	1
4180	3
4181	2
4182	2
4183	0
4184	2
4185	2
4186	2
4187	2
4188	3
4189	2
4190	3
4191	3
4192	2
4193	2
4194	3
4195	2
4196	2
4197	2
4198	2
4199	2
4200	0
4201	2
4202	2
4203	2
4204	0
4205	2
4206	2
4207	2
4208	3
4209	3
4210	1
4211	3
4212	0
4213	2
4214	2
4215	0
4216	0
4217	0
4218	1
4219	2
4220	3
4221	1
4222	3
4223	1
4224	2
4225	2
4226	2
4227	2
4228	3
4229	2
4230	2
4231	3
4232	2
4233	2
4234	1
4235	2
4236	0
4237	3
4238	2
4239	2
4240	2
4241	2
4242	0
4243	3
4244	2
4245	2
4246	3
4247	2
4248	3
4249	2
4250	2
4251	2
4252	2
4253	3
4254	2
4255	2
4256	0
4257	2
4258	3
4259	2
4260	2
4261	2
4262	3
4263	1
4264	3
4265	3
4266	2
4267	3
4268	0
4269	3
4270	2
4271	2
4272	2
4273	0
4274	0
4275	3
4276	2
4277	2
4278	3
4279	2
4280	2
4281	2
4282	3
4283	2
4284	1
4285	3
4286	2
4287	3
4288	2
4289	3
4290	3
4291	2
4292	2
4293	2
4294	3
4295	2
4296	2
4297	2
4298	2
4299	2
4300	3
4301	2
4302	3
4303	2
4304	0
4305	2
4306	3
4307	2
4308	3
4309	2
4310	1
4311	3
4312	2
4313	2
4314	3
4315	2
4316	2
4317	2
4318	2
4319	2
4320	2
4321	0
4322	3
4323	0
4324	3
4325	2
4326	2
4327	2
4328	2
4329	3
4330	3
4331	3
4332	3
4333	2
4334	3
4335	2
4336	2
4337	2
4338	1
4339	2
4340	3
4341	2
4342	2
4343	2
4344	2
4345	0
4346	3
4347	2
4348	3
4349	2
4350	2
4351	3
4352	3
4353	2
4354	3
4355	2
4356	2
4357	3
4358	0
4359	3
4360	2
4361	3
4362	3
4363	3
4364	3
4365	0
4366	2
4367	2
4368	3
4369	2
4370	0
4371	3
4372	2
4373	2
4374	2
4375	2
4376	3
4377	3
4378	2
4379	2
4380	2
4381	3
4382	3
4383	2
4384	2
4385	3
4386	3
4387	1
4388	2
4389	3
4390	3
4391	3
4392	2
4393	3
4394	2
4395	2
4396	3
4397	3
4398	2
4399	2
4400	3
4401	2
4402	0
4403	0
4404	2
4405	2
4406	2
4407	2
4408	3
4409	3
4410	0
4411	2
4412	0
4413	3
4414	0
4415	2
4416	2
4417	3
4418	2
4419	0
4420	2
4421	3
4422	0
4423	3
4424	2
4425	2
4426	1
4427	2
4428	2
4429	1
4430	3
4431	2
4432	3
4433	2
4434	0
4435	3
4436	2
4437	3
4438	2
4439	2
4440	3
4441	0
4442	1
4443	2
4444	2
4445	0
4446	3
4447	2
4448	2
4449	3
4450	2
4451	2
4452	2
4453	3
4454	3
4455	3
4456	2
4457	3
4458	2
4459	2
4460	3
4461	3
4462	3
4463	2
4464	2
4465	1
4466	0
4467	3
4468	3
4469	3
4470	3
4471	2
4472	3
4473	3
4474	3
4475	2
4476	2
4477	0
4478	2
4479	2
4480	2
4481	3
4482	1
4483	2
4484	2
4485	2
4486	3
4487	3
4488	2
4489	3
4490	0
4491	2
4492	2
4493	3
4494	3
4495	2
4496	3
4497	2
4498	0
4499	2
4500	2
4501	2
4502	3
4503	2
4504	3
4505	2
4506	0
4507	3
4508	3
4509	1
4510	2
4511	2
4512	2
4513	2
4514	3
4515	2
4516	3
4517	2
4518	3
4519	3
4520	2
4521	1
4522	2
4523	2
4524	3
4525	3
4526	2
4527	2
4528	3
4529	3
4530	2
4531	3
4532	3
4533	2
4534	2
4535	2
4536	2
4537	2
4538	3
4539	0
4540	2
4541	3
4542	2
4543	2
4544	2
4545	2
4546	0
4547	0
4548	2
4549	1
4550	0
4551	3
4552	3
4553	0
4554	3
4555	2
4556	0
4557	2
4558	3
4559	2
4560	3
4561	0
4562	0
4563	3
4564	2
4565	0
4566	2
4567	0
4568	2
4569	3
4570	3
4571	2
4572	2
4573	0
4574	2
4575	2
4576	1
4577	2
4578	0
4579	0
4580	2
4581	3
4582	3
4583	3
4584	2
4585	3
4586	2
4587	0
4588	3
4589	3
4590	3
4591	2
4592	3
4593	3
4594	1
4595	3
4596	2
4597	2
4598	2
4599	2
4600	3
4601	2
4602	3
4603	2
4604	3
4605	2
4606	3
4607	2
4608	2
4609	2
4610	3
4611	2
4612	2
4613	2
4614	2
4615	3
4616	1
4617	3
4618	2
4619	0
4620	3
4621	0
4622	2
4623	2
4624	3
4625	1
4626	1
4627	2
4628	3
4629	2
4630	2
4631	2
4632	3
4633	2
4634	3
4635	2
4636	0
4637	3
4638	2
4639	2
4640	2
4641	2
4642	2
4643	2
4644	2
4645	2
4646	2
4647	3
4648	2
4649	3
4650	2
4651	2
4652	2
4653	3
4654	3
4655	2
4656	3
4657	2
4658	2
4659	2
4660	3
4661	2
4662	2
4663	2
4664	3
4665	3
4666	1
4667	2
4668	2
4669	2
4670	2
4671	2
4672	2
4673	2
4674	2
4675	0
4676	2
4677	2
4678	2
4679	3
4680	3
4681	3
4682	2
4683	2
4684	1
4685	3
4686	2
4687	2
4688	3
4689	3
4690	2
4691	0
4692	1
4693	3
4694	2
4695	2
4696	3
4697	3
4698	1
4699	2
4700	2
4701	2
4702	3
4703	3
4704	2
4705	2
4706	2
4707	0
4708	2
4709	2
4710	2
4711	2
4712	2
4713	2
4714	2
4715	2
4716	0
4717	0
4718	2
4719	2
4720	3
4721	0
4722	2
4723	2
4724	2
4725	3
4726	2
4727	2
4728	3
4729	3
4730	2
4731	2
4732	2
4733	0
4734	2
4735	3
4736	2
4737	3
4738	2
4739	2
4740	0
4741	2
4742	0
4743	3
4744	2
4745	3
4746	2
4747	2
4748	0
4749	3
4750	3
4751	2
4752	3
4753	2
4754	2
4755	2
4756	3
4757	2
4758	2
4759	2
4760	3
4761	2
4762	3
4763	2
4764	3
4765	3
4766	0
4767	2
4768	1
4769	2
4770	2
4771	3
4772	2
4773	2
4774	2
4775	2
4776	2
4777	2
4778	2
4779	2
4780	1
4781	3
4782	2
4783	2
4784	3
4785	1
4786	3
4787	3
4788	3
4789	2
4790	2
4791	3
4792	3
4793	2
4794	0
4795	2
4796	2
4797	1
4798	2
4799	3
4800	2
4801	1
4802	3
4803	1
4804	2
4805	0
4806	2
4807	3
4808	2
4809	2
4810	2
4811	3
4812	2
4813	2
4814	3
4815	2
4816	3
4817	2
4818	1
4819	0
4820	3
4821	2
4822	2
4823	3
4824	3
4825	2
4826	0
4827	2
4828	3
4829	3
4830	3
4831	0
4832	2
4833	0
4834	2
4835	2
4836	2
4837	2
4838	3
4839	2
4840	2
4841	3
4842	2
4843	2
4844	0
4845	2
4846	3
4847	2
4848	3
4849	2
4850	2
4851	0
4852	3
4853	0
4854	2
4855	3
4856	3
4857	2
4858	0
4859	2
4860	3
4861	2
4862	2
4863	2
4864	3
4865	3
4866	1
4867	3
4868	2
4869	2
4870	3
4871	2
4872	2
4873	2
4874	2
4875	0
4876	1
4877	2
4878	2
4879	3
4880	2
4881	2
4882	2
4883	1
4884	0
4885	2
4886	2
4887	3
4888	0
4889	3
4890	3
4891	3
4892	1
4893	2
4894	2
4895	2
4896	2
4897	3
4898	0
4899	2
4900	2
4901	2
4902	2
4903	3
4904	2
4905	3
4906	2
4907	3
4908	3
4909	3
4910	2
4911	2
4912	3
4913	2
4914	2
4915	1
4916	3
4917	2
4918	2
4919	0
4920	3
4921	3
4922	2
4923	2
4924	2
4925	3
4926	3
4927	2
4928	3
4929	3
4930	0
4931	3
4932	2
4933	2
4934	3
4935	2
4936	2
4937	3
4938	2
4939	2
4940	2
4941	0
4942	2
4943	2
4944	3
4945	2
4946	2
4947	0
4948	2
4949	2
4950	2
4951	3
4952	1
4953	0
4954	3
4955	2
4956	3
4957	3
4958	2
4959	2
4960	2
4961	3
4962	1
4963	3
4964	2
4965	2
4966	3
4967	2
4968	2
4969	2
4970	3
4971	2
4972	2
4973	0
4974	2
4975	2
4976	3
4977	3
4978	2
4979	3
4980	2
4981	0
4982	2
4983	2
4984	2
4985	2
4986	3
4987	3
4988	2
4989	2
4990	0
4991	2
4992	3
4993	2
4994	3
4995	0
4996	2
4997	0
4998	2
4999	3
5000	2
5001	3
5002	2
5003	2
5004	3
5005	3
5006	2
5007	0
5008	2
5009	3
5010	2
5011	2
5012	3
5013	3
5014	2
5015	3
5016	2
5017	1
5018	3
5019	2
5020	2
5021	0
5022	2
5023	2
5024	3
5025	3
5026	3
5027	3
5028	2
5029	0
5030	3
5031	3
5032	2
5033	2
5034	2
5035	2
5036	2
5037	3
5038	2
5039	3
5040	2
5041	3
5042	2
5043	0
5044	0
5045	2
5046	1
5047	3
5048	3
5049	2
5050	3
5051	2
5052	2
5053	1
5054	3
5055	0
5056	3
5057	2
5058	3
5059	3
5060	2
5061	2
5062	3
5063	3
5064	2
5065	3
5066	3
5067	3
5068	2
5069	3
5070	2
5071	0
5072	3
5073	2
5074	2
5075	3
5076	3
5077	2
5078	3
5079	2
5080	3
5081	3
5082	3
5083	2
5084	2
5085	2
5086	3
5087	3
5088	3
5089	2
5090	3
5091	0
5092	2
5093	3
5094	2
5095	2
5096	2
5097	3
5098	2
5099	0
5100	3
5101	1
5102	3
5103	2
5104	0
5105	2
5106	2
5107	0
5108	3
5109	0
5110	2
5111	3
5112	0
5113	2
5114	2
5115	2
5116	0
5117	1
5118	3
5119	3
5120	2
5121	2
5122	3
5123	3
5124	2
5125	0
5126	2
5127	2
5128	2
5129	3
5130	2
5131	3
5132	2
5133	3
5134	2
5135	0
5136	0
5137	2
5138	3
5139	3
5140	2
5141	2
5142	0
5143	2
5144	3
5145	2
5146	2
5147	0
5148	2
5149	3
5150	3
5151	0
5152	2
5153	3
5154	2
5155	2
5156	3
5157	2
5158	2
5159	2
5160	2
5161	3
5162	2
5163	3
5164	3
5165	3
5166	2
5167	0
5168	2
5169	3
5170	2
5171	0
5172	2
5173	0
5174	0
5175	2
5176	1
5177	2
5178	3
5179	0
5180	2
5181	2
5182	3
5183	3
5184	3
5185	2
5186	2
5187	3
5188	2
5189	2
5190	3
5191	2
5192	3
5193	3
5194	2
5195	2
5196	0
5197	3
5198	2
5199	0
5200	0
5201	2
5202	2
5203	2
5204	2
5205	3
5206	1
5207	2
5208	2
5209	2
5210	3
5211	2
5212	0
5213	2
5214	3
5215	3
5216	3
5217	3
5218	3
5219	2
5220	2
5221	0
5222	2
5223	2
5224	3
5225	3
5226	2
5227	2
5228	0
5229	2
5230	2
5231	3
5232	0
5233	2
5234	2
5235	3
5236	2
5237	0
5238	2
5239	0
5240	2
5241	2
5242	3
5243	0
5244	3
5245	0
5246	2
5247	3
5248	2
5249	2
5250	3
5251	0
5252	2
5253	2
5254	2
5255	2
5256	2
5257	3
5258	2
5259	2
5260	2
5261	3
5262	2
5263	2
5264	3
5265	2
5266	0
5267	3
5268	2
5269	2
5270	2
5271	2
5272	3
5273	2
5274	0
5275	2
5276	0
5277	2
5278	3
5279	2
5280	2
5281	2
5282	2
5283	2
5284	1
5285	2
5286	2
5287	2
5288	2
5289	3
5290	2
5291	0
5292	0
5293	2
5294	0
5295	2
5296	3
5297	2
5298	2
5299	0
5300	2
5301	2
5302	0
5303	2
5304	3
5305	2
5306	0
5307	0
5308	2
5309	2
5310	2
5311	2
5312	2
5313	3
5314	2
5315	2
5316	2
5317	2
5318	3
5319	2
5320	3
5321	2
5322	2
5323	2
5324	0
5325	2
5326	2
5327	2
5328	2
5329	1
5330	2
5331	2
5332	3
5333	2
5334	3
5335	2
5336	3
5337	0
5338	0
5339	0
5340	0
5341	2
5342	3
5343	2
5344	2
5345	0
5346	0
5347	2
5348	3
5349	2
5350	2
5351	2
5352	3
5353	3
5354	2
5355	2
5356	1
5357	2
5358	3
5359	2
5360	2
5361	2
5362	3
5363	2
5364	2
5365	2
5366	0
5367	2
5368	3
5369	3
5370	0
5371	2
5372	2
5373	2
5374	3
5375	3
5376	3
5377	2
5378	2
5379	2
5380	0
5381	0
5382	2
5383	2
5384	3
5385	2
5386	3
5387	3
5388	3
5389	2
5390	2
5391	2
5392	3
5393	2
5394	2
5395	2
5396	2
5397	2
5398	0
5399	2
5400	3
5401	2
5402	2
5403	2
5404	2
5405	2
5406	2
5407	0
5408	0
5409	2
5410	3
5411	2
5412	2
5413	2
5414	2
5415	2
5416	3
5417	3
5418	2
5419	3
5420	3
5421	3
5422	2
5423	0
5424	3
5425	3
5426	2
5427	1
5428	2
5429	2
5430	1
5431	2
5432	3
5433	2
5434	3
5435	2
5436	3
5437	2
5438	3
5439	2
5440	2
5441	3
5442	2
5443	2
5444	0
5445	2
5446	3
5447	2
5448	2
5449	3
5450	2
5451	3
5452	3
5453	3
5454	2
5455	2
5456	0
5457	2
5458	2
5459	0
5460	0
5461	2
5462	3
5463	2
5464	2
5465	0
5466	0
5467	2
5468	0
5469	2
5470	2
5471	0
5472	1
5473	3
5474	1
5475	2
5476	2
5477	0
5478	2
5479	2
5480	2
5481	3
5482	2
5483	3
5484	3
5485	2
5486	2
5487	2
5488	0
5489	2
5490	2
5491	0
5492	3
5493	1
5494	3
5495	2
5496	3
5497	2
5498	3
5499	0
5500	0
5501	0
5502	2
5503	3
5504	3
5505	0
5506	3
5507	2
5508	1
5509	2
5510	3
5511	2
5512	2
5513	2
5514	2
5515	3
5516	2
5517	2
5518	3
5519	2
5520	3
5521	3
5522	2
5523	0
5524	2
5525	3
5526	2
5527	2
5528	0
5529	2
5530	3
5531	0
5532	0
5533	2
5534	2
5535	3
5536	2
5537	0
5538	2
5539	2
5540	2
5541	2
5542	0
5543	3
5544	3
5545	3
5546	2
5547	3
5548	3
5549	0
5550	3
5551	0
5552	3
5553	3
5554	2
5555	2
5556	2
5557	3
5558	0
5559	0
5560	2
5561	3
5562	3
5563	2
5564	3
5565	0
5566	2
5567	3
5568	3
5569	1
5570	0
5571	3
5572	2
5573	2
5574	3
5575	3
5576	2
5577	0
5578	2
5579	2
5580	3
5581	3
5582	3
5583	3
5584	2
5585	3
5586	2
5587	2
5588	3
5589	2
5590	2
5591	2
5592	2
5593	2
5594	3
5595	0
5596	2
5597	3
5598	3
5599	0
5600	0
5601	1
5602	0
5603	2
5604	2
5605	2
5606	2
5607	2
5608	0
5609	2
5610	3
5611	3
5612	3
5613	2
5614	3
5615	2
5616	3
5617	3
5618	2
5619	2
5620	3
5621	2
5622	0
5623	2
5624	3
5625	2
5626	0
5627	0
5628	2
5629	2
5630	2
5631	1
5632	3
5633	2
5634	3
5635	2
5636	0
5637	2
5638	3
5639	0
5640	2
5641	2
5642	2
5643	3
5644	2
5645	3
5646	2
5647	0
5648	1
5649	2
5650	2
5651	3
5652	3
5653	3
5654	0
5655	3
5656	0
5657	3
5658	3
5659	1
5660	2
5661	1
5662	2
5663	2
5664	2
5665	3
5666	2
5667	2
5668	2
5669	2
5670	3
5671	2
5672	3
5673	3
5674	2
5675	3
5676	1
5677	2
5678	2
5679	2
5680	3
5681	2
5682	2
5683	0
5684	2
5685	2
5686	0
5687	0
5688	2
5689	2
5690	2
5691	3
5692	3
5693	2
5694	2
5695	2
5696	3
5697	3
5698	2
5699	0
5700	2
5701	2
5702	2
5703	2
5704	2
5705	3
5706	2
5707	3
5708	3
5709	3
5710	2
5711	0
5712	2
5713	2
5714	2
5715	0
5716	2
5717	2
5718	3
5719	0
5720	2
5721	1
5722	3
5723	3
5724	2
5725	2
5726	2
5727	1
5728	3
5729	2
5730	2
5731	0
5732	0
5733	2
5734	3
5735	2
5736	3
5737	3
5738	3
5739	3
5740	2
5741	2
5742	2
5743	3
5744	3
5745	3
5746	2
5747	2
5748	2
5749	2
5750	2
5751	3
5752	3
5753	2
5754	1
5755	1
5756	2
5757	3
5758	3
5759	3
5760	2
5761	2
5762	1
5763	2
5764	2
5765	2
5766	3
5767	2
5768	2
5769	3
5770	2
5771	3
5772	2
5773	3
5774	1
5775	2
5776	1
5777	2
5778	0
5779	2
5780	3
5781	2
5782	2
5783	0
5784	3
5785	2
5786	1
5787	0
5788	3
5789	2
5790	3
5791	2
5792	3
5793	2
5794	2
5795	2
5796	0
5797	2
5798	3
5799	2
5800	2
5801	2
5802	2
5803	2
5804	2
5805	3
5806	1
5807	0
5808	0
5809	2
5810	2
5811	2
5812	1
5813	3
5814	2
5815	0
5816	3
5817	2
5818	3
5819	0
5820	3
5821	0
5822	3
5823	3
5824	2
5825	0
5826	2
5827	2
5828	2
5829	2
5830	3
5831	2
5832	2
5833	2
5834	2
5835	3
5836	3
5837	2
5838	3
5839	3
5840	0
5841	2
5842	2
5843	2
5844	0
5845	2
5846	3
5847	2
5848	3
5849	0
5850	3
5851	0
5852	3
5853	3
5854	3
5855	0
5856	3
5857	0
5858	2
5859	2
5860	2
5861	2
5862	3
5863	2
5864	0
5865	0
5866	2
5867	3
5868	1
5869	2
5870	3
5871	1
5872	0
5873	2
5874	2
5875	2
5876	0
5877	0
5878	0
5879	0
5880	3
5881	3
5882	0
5883	0
5884	3
5885	3
5886	3
5887	0
5888	3
5889	3
5890	3
5891	3
5892	0
5893	2
5894	3
5895	3
5896	2
5897	3
5898	2
5899	2
5900	2
5901	2
5902	1
5903	0
5904	2
5905	3
5906	1
5907	2
5908	2
5909	2
5910	3
5911	2
5912	2
5913	2
5914	3
5915	0
5916	0
5917	3
5918	2
5919	2
5920	2
5921	0
5922	3
5923	2
5924	2
5925	3
5926	1
5927	2
5928	2
5929	3
5930	1
5931	3
5932	0
5933	2
5934	2
5935	3
5936	2
5937	2
5938	0
5939	2
5940	2
5941	3
5942	2
5943	3
5944	3
5945	2
5946	3
5947	0
5948	0
5949	3
5950	2
5951	0
5952	2
5953	3
5954	3
5955	2
5956	2
5957	3
5958	2
5959	3
5960	2
5961	3
5962	3
5963	3
5964	0
5965	3
5966	2
5967	2
5968	2
5969	3
5970	0
5971	3
5972	3
5973	2
5974	0
5975	2
5976	0
5977	3
5978	0
5979	2
5980	0
5981	1
5982	2
5983	2
5984	2
5985	2
5986	3
5987	2
5988	2
5989	2
5990	1
5991	3
5992	3
5993	0
5994	3
5995	2
5996	3
5997	3
5998	2
5999	0
6000	0
6001	2
6002	2
6003	1
6004	2
6005	2
6006	3
6007	2
6008	3
6009	2
6010	3
6011	1
6012	3
6013	2
6014	2
6015	3
6016	2
6017	2
6018	3
6019	2
6020	2
6021	2
6022	3
6023	2
6024	2
6025	2
6026	3
6027	2
6028	1
6029	2
6030	2
6031	0
6032	2
6033	2
6034	2
6035	2
6036	3
6037	2
6038	2
6039	0
6040	2
6041	2
6042	3
6043	2
6044	2
6045	2
6046	3
6047	3
6048	3
6049	3
6050	3
6051	2
6052	2
6053	3
6054	2
6055	2
6056	2
6057	2
6058	3
6059	3
6060	3
6061	2
6062	3
6063	0
6064	2
6065	2
6066	2
6067	2
6068	3
6069	3
6070	0
6071	0
6072	2
6073	3
6074	2
6075	0
6076	3
6077	3
6078	3
6079	2
6080	2
6081	3
6082	3
6083	2
6084	2
6085	2
6086	2
6087	2
6088	1
6089	3
6090	0
6091	3
6092	2
6093	3
6094	3
6095	0
6096	3
6097	2
6098	1
6099	2
6100	2
6101	3
6102	2
6103	1
6104	2
6105	3
6106	2
6107	2
6108	3
6109	2
6110	3
6111	0
6112	2
6113	3
6114	3
6115	1
6116	1
6117	3
6118	2
6119	0
6120	2
6121	3
6122	2
6123	3
6124	0
6125	3
6126	2
6127	3
6128	2
6129	2
6130	2
6131	2
6132	3
6133	2
6134	3
6135	3
6136	0
6137	3
6138	0
6139	0
6140	2
6141	0
6142	2
6143	2
6144	3
6145	2
6146	3
6147	2
6148	0
6149	0
6150	3
6151	2
6152	0
6153	3
6154	1
6155	2
6156	2
6157	0
6158	3
6159	3
6160	2
6161	2
6162	0
6163	3
6164	3
6165	2
6166	2
6167	0
6168	3
6169	2
6170	3
6171	2
6172	2
6173	2
6174	2
6175	2
6176	3
6177	2
6178	3
6179	0
6180	0
6181	0
6182	2
6183	3
6184	2
6185	3
6186	0
6187	3
6188	2
6189	0
6190	2
6191	3
6192	3
6193	2
6194	2
6195	2
6196	0
6197	2
6198	3
6199	0
6200	2
6201	2
6202	3
6203	3
6204	0
6205	3
6206	2
6207	2
6208	3
6209	0
6210	3
6211	2
6212	0
6213	0
6214	2
6215	3
6216	2
6217	3
6218	2
6219	1
6220	2
6221	0
6222	2
6223	0
6224	2
6225	2
6226	0
6227	2
6228	3
6229	2
6230	2
6231	3
6232	2
6233	2
6234	3
6235	1
6236	2
6237	2
6238	3
6239	1
6240	2
6241	0
6242	3
6243	3
6244	0
6245	0
6246	1
6247	3
6248	2
6249	3
6250	2
6251	2
6252	2
6253	0
6254	3
6255	3
6256	2
6257	2
6258	2
6259	2
6260	2
6261	0
6262	2
6263	2
6264	2
6265	2
6266	3
6267	3
6268	3
6269	2
6270	3
6271	3
6272	3
6273	2
6274	2
6275	0
6276	2
6277	0
6278	2
6279	3
6280	2
6281	2
6282	2
6283	0
6284	3
6285	2
6286	0
6287	2
6288	2
6289	2
6290	2
6291	2
6292	3
6293	2
6294	2
6295	3
6296	3
6297	0
6298	0
6299	0
6300	2
6301	2
6302	2
6303	2
6304	3
6305	2
6306	3
6307	0
6308	0
6309	0
6310	3
6311	3
6312	2
6313	2
6314	3
6315	0
6316	2
6317	0
6318	3
6319	2
6320	3
6321	2
6322	2
6323	2
6324	3
6325	2
6326	3
6327	3
6328	2
6329	2
6330	0
6331	0
6332	2
6333	2
6334	2
6335	2
6336	2
6337	2
6338	0
6339	0
6340	0
6341	0
6342	3
6343	2
6344	2
6345	3
6346	2
6347	0
6348	3
6349	2
6350	0
6351	2
6352	3
6353	2
6354	0
6355	2
6356	1
6357	0
6358	2
6359	3
6360	3
6361	2
6362	0
6363	3
6364	2
6365	2
6366	2
6367	3
6368	2
6369	0
6370	2
6371	2
6372	0
6373	0
6374	2
6375	3
6376	2
6377	3
6378	2
6379	3
6380	3
6381	0
6382	2
6383	2
6384	3
6385	2
6386	2
6387	2
6388	3
6389	2
6390	2
6391	3
6392	2
6393	2
6394	3
6395	2
6396	0
6397	2
6398	2
6399	2
6400	2
6401	2
6402	2
6403	2
6404	2
6405	0
6406	3
6407	3
6408	2
6409	3
6410	2
6411	3
6412	3
6413	2
6414	2
6415	0
6416	3
6417	2
6418	0
6419	2
6420	2
6421	2
6422	0
6423	0
6424	2
6425	0
6426	2
6427	1
6428	3
6429	0
6430	3
6431	1
6432	2
6433	2
6434	3
6435	3
6436	2
6437	0
6438	3
6439	0
6440	2
6441	3
6442	2
6443	2
6444	3
6445	0
6446	2
6447	1
6448	3
6449	3
6450	2
6451	2
6452	2
6453	2
6454	2
6455	3
6456	2
6457	2
6458	3
6459	3
6460	1
6461	3
6462	3
6463	2
6464	2
6465	2
6466	2
6467	2
6468	2
6469	0
6470	3
6471	3
6472	2
6473	3
6474	2
6475	3
6476	2
6477	2
6478	2
6479	2
6480	3
6481	3
6482	2
6483	2
6484	1
6485	3
6486	0
6487	2
6488	0
6489	2
6490	2
6491	2
6492	1
6493	2
6494	2
6495	2
6496	2
6497	2
6498	2
6499	0
6500	2
6501	3
6502	0
6503	3
6504	2
6505	1
6506	2
6507	1
6508	3
6509	2
6510	2
6511	2
6512	3
6513	2
6514	2
6515	2
6516	2
6517	2
6518	3
6519	0
6520	2
6521	0
6522	3
6523	3
6524	2
6525	0
6526	1
6527	2
6528	2
6529	2
6530	2
6531	2
6532	2
6533	2
6534	3
6535	3
6536	0
6537	2
6538	2
6539	2
6540	3
6541	3
6542	0
6543	0
6544	3
6545	2
6546	1
6547	2
6548	2
6549	0
6550	3
6551	3
6552	3
6553	3
6554	2
6555	3
6556	0
6557	3
6558	2
6559	2
6560	2
6561	2
6562	2
6563	2
6564	2
6565	0
6566	0
6567	3
6568	0
6569	2
6570	2
6571	2
6572	3
6573	2
6574	2
6575	0
6576	3
6577	2
6578	2
6579	2
6580	2
6581	0
6582	0
6583	3
6584	2
6585	0
6586	2
6587	3
6588	3
6589	2
6590	2
6591	2
6592	2
6593	2
6594	3
6595	2
6596	0
6597	0
6598	3
6599	2
6600	2
6601	2
6602	2
6603	0
6604	2
6605	0
6606	2
6607	0
6608	3
6609	2
6610	0
6611	2
6612	2
6613	2
6614	2
6615	3
6616	2
6617	2
6618	0
6619	2
6620	0
6621	2
6622	3
6623	2
6624	3
6625	2
6626	2
6627	2
6628	2
6629	2
6630	0
6631	2
6632	1
6633	3
6634	2
6635	2
6636	3
6637	0
6638	2
6639	3
6640	1
6641	2
6642	1
6643	2
6644	2
6645	0
6646	2
6647	3
6648	2
6649	2
6650	3
6651	2
6652	2
6653	2
6654	2
6655	0
6656	3
6657	0
6658	3
6659	0
6660	2
6661	0
6662	3
6663	2
6664	3
6665	2
6666	2
6667	3
6668	2
6669	2
6670	0
6671	3
6672	1
6673	2
6674	3
6675	3
6676	2
6677	3
6678	2
6679	0
6680	3
6681	3
6682	3
6683	1
6684	1
6685	3
6686	1
6687	2
6688	3
6689	3
6690	0
6691	0
6692	0
6693	2
6694	0
6695	3
6696	0
6697	3
6698	2
6699	2
6700	2
6701	2
6702	2
6703	3
6704	3
6705	2
6706	3
6707	2
6708	2
6709	3
6710	0
6711	2
6712	0
6713	2
6714	3
6715	0
6716	1
6717	2
6718	2
6719	2
6720	3
6721	2
6722	3
6723	3
6724	0
6725	3
6726	2
6727	2
6728	2
6729	2
6730	2
6731	2
6732	3
6733	3
6734	2
6735	0
6736	3
6737	0
6738	2
6739	3
6740	0
6741	3
6742	1
6743	2
6744	3
6745	2
6746	2
6747	2
6748	3
6749	2
6750	0
6751	3
6752	2
6753	0
6754	3
6755	2
6756	3
6757	3
6758	0
6759	2
6760	2
6761	2
6762	2
6763	2
6764	2
6765	2
6766	2
6767	3
6768	3
6769	2
6770	2
6771	3
6772	2
6773	2
6774	2
6775	2
6776	2
6777	2
6778	0
6779	1
6780	2
6781	2
6782	2
6783	2
6784	0
6785	2
6786	0
6787	2
6788	2
6789	2
6790	3
6791	3
6792	2
6793	2
6794	2
6795	3
6796	2
6797	1
6798	2
6799	3
6800	2
6801	2
6802	2
6803	2
6804	2
6805	3
6806	2
6807	0
6808	2
6809	2
6810	3
6811	3
6812	2
6813	2
6814	1
6815	3
6816	2
6817	0
6818	2
6819	2
6820	2
6821	3
6822	3
6823	3
6824	1
6825	2
6826	2
6827	2
6828	1
6829	3
6830	2
6831	2
6832	3
6833	2
6834	2
6835	2
6836	2
6837	3
6838	2
6839	2
6840	0
6841	2
6842	3
6843	3
6844	3
6845	3
6846	2
6847	2
6848	0
6849	2
6850	3
6851	2
6852	3
6853	0
6854	3
6855	3
6856	2
6857	3
6858	0
6859	2
6860	3
6861	2
6862	0
6863	2
6864	3
6865	2
6866	2
6867	0
6868	2
6869	1
6870	2
6871	0
6872	2
6873	3
6874	3
6875	3
6876	0
6877	3
6878	2
6879	3
6880	2
6881	0
6882	3
6883	3
6884	2
6885	0
6886	3
6887	2
6888	1
6889	2
6890	3
6891	2
6892	3
6893	2
6894	2
6895	0
6896	3
6897	3
6898	2
6899	2
6900	0
6901	1
6902	1
6903	3
6904	2
6905	0
6906	3
6907	3
6908	2
6909	2
6910	2
6911	2
6912	3
6913	3
6914	3
6915	3
6916	0
6917	2
6918	3
6919	2
6920	2
6921	2
6922	2
6923	1
6924	3
6925	1
6926	1
6927	3
6928	3
6929	2
6930	0
6931	2
6932	2
6933	2
6934	1
6935	2
6936	2
6937	3
6938	2
6939	2
6940	1
6941	1
6942	3
6943	2
6944	0
6945	0
6946	2
6947	0
6948	0
6949	2
6950	3
6951	0
6952	3
6953	3
6954	2
6955	2
6956	2
6957	2
6958	2
6959	0
6960	2
6961	2
6962	3
6963	2
6964	2
6965	3
6966	2
6967	2
6968	2
6969	0
6970	3
6971	2
6972	2
6973	2
6974	0
6975	2
6976	2
6977	2
6978	0
6979	2
6980	3
6981	0
6982	2
6983	3
6984	3
6985	2
6986	2
6987	2
6988	0
6989	3
6990	3
6991	1
6992	2
6993	3
6994	1
6995	2
6996	2
6997	0
6998	2
6999	2
7000	3
7001	2
7002	2
7003	2
7004	3
7005	2
7006	2
7007	0
7008	2
7009	2
7010	2
7011	0
7012	2
7013	2
7014	0
7015	3
7016	2
7017	2
7018	2
7019	2
7020	3
7021	2
7022	3
7023	3
7024	2
7025	2
7026	2
7027	0
7028	2
7029	0
7030	2
7031	3
7032	3
7033	3
7034	3
7035	0
7036	2
7037	3
7038	2
7039	2
7040	2
7041	3
7042	3
7043	2
7044	0
7045	2
7046	0
7047	3
7048	2
7049	2
7050	3
7051	2
7052	3
7053	0
7054	2
7055	2
7056	3
7057	2
7058	1
7059	2
7060	3
7061	1
7062	2
7063	1
7064	3
7065	0
7066	2
7067	2
7068	2
7069	2
7070	2
7071	2
7072	2
7073	2
7074	2
7075	2
7076	2
7077	2
7078	2
7079	2
7080	3
7081	2
7082	2
7083	2
7084	0
7085	2
7086	0
7087	3
7088	3
7089	2
7090	2
7091	2
7092	0
7093	2
7094	2
7095	3
7096	2
7097	0
7098	3
7099	0
7100	3
7101	2
7102	2
7103	2
7104	0
7105	2
7106	3
7107	3
7108	2
7109	2
7110	3
7111	2
7112	2
7113	2
7114	3
7115	2
7116	2
7117	3
7118	0
7119	3
7120	3
7121	2
7122	1
7123	2
7124	2
7125	0
7126	3
7127	2
7128	3
7129	2
7130	3
7131	3
7132	0
7133	2
7134	3
7135	2
7136	0
7137	3
7138	0
7139	0
7140	0
7141	2
7142	2
7143	0
7144	3
7145	0
7146	3
7147	2
7148	0
7149	0
7150	0
7151	2
7152	3
7153	2
7154	1
7155	2
7156	2
7157	0
7158	2
7159	2
7160	2
7161	0
7162	3
7163	3
7164	2
7165	2
7166	2
7167	3
7168	3
7169	3
7170	0
7171	2
7172	2
7173	2
7174	3
7175	2
7176	2
7177	1
7178	2
7179	2
7180	0
7181	0
7182	3
7183	3
7184	3
7185	2
7186	2
7187	2
7188	2
7189	2
7190	0
7191	2
7192	3
7193	2
7194	0
7195	1
7196	2
7197	2
7198	3
7199	2
7200	3
7201	3
7202	3
7203	1
7204	2
7205	2
7206	0
7207	3
7208	0
7209	1
7210	2
7211	2
7212	0
7213	0
7214	2
7215	3
7216	3
7217	3
7218	0
7219	2
7220	2
7221	1
7222	2
7223	3
7224	2
7225	2
7226	3
7227	3
7228	3
7229	3
7230	2
7231	2
7232	2
7233	3
7234	3
7235	0
7236	2
7237	2
7238	3
7239	3
7240	2
7241	0
7242	3
7243	0
7244	2
7245	3
7246	3
7247	3
7248	3
7249	3
7250	2
7251	2
7252	3
7253	0
7254	1
7255	3
7256	2
7257	2
7258	3
7259	0
7260	3
7261	2
7262	2
7263	2
7264	2
7265	3
7266	3
7267	2
7268	1
7269	2
7270	3
7271	2
7272	1
7273	0
7274	2
7275	2
7276	0
7277	2
7278	2
7279	3
7280	2
7281	2
7282	2
7283	2
7284	2
7285	1
7286	1
7287	3
7288	2
7289	2
7290	3
7291	2
7292	3
7293	3
7294	2
7295	3
7296	2
7297	0
7298	3
7299	2
7300	2
7301	2
7302	3
7303	0
7304	3
7305	2
7306	2
7307	3
7308	2
7309	0
7310	2
7311	2
7312	2
7313	3
7314	2
7315	2
7316	1
7317	0
7318	2
7319	3
7320	2
7321	3
7322	3
7323	2
7324	2
7325	3
7326	2
7327	2
7328	3
7329	3
7330	3
7331	0
7332	3
7333	0
7334	1
7335	2
7336	3
7337	0
7338	3
7339	3
7340	2
7341	0
7342	2
7343	3
7344	2
7345	2
7346	3
7347	0
7348	3
7349	2
7350	3
7351	3
7352	3
7353	2
7354	0
7355	3
7356	3
7357	2
7358	2
7359	2
7360	2
7361	2
7362	3
7363	2
7364	3
7365	2
7366	2
7367	0
7368	3
7369	2
7370	2
7371	2
7372	1
7373	2
7374	0
7375	3
7376	2
7377	2
7378	2
7379	2
7380	1
7381	1
7382	2
7383	2
7384	2
7385	3
7386	2
7387	3
7388	0
7389	3
7390	3
7391	3
7392	2
7393	3
7394	3
7395	2
7396	2
7397	3
7398	2
7399	2
7400	2
7401	2
7402	3
7403	3
7404	3
7405	3
7406	2
7407	3
7408	2
7409	2
7410	2
7411	2
7412	2
7413	1
7414	0
7415	2
7416	2
7417	2
7418	3
7419	0
7420	2
7421	3
7422	2
7423	3
7424	0
7425	2
7426	3
7427	2
7428	1
7429	2
7430	2
7431	3
7432	3
7433	2
7434	2
7435	1
7436	0
7437	2
7438	2
7439	3
7440	3
7441	2
7442	0
7443	0
7444	3
7445	2
7446	1
7447	3
7448	2
7449	2
7450	3
7451	2
7452	2
7453	3
7454	2
7455	0
7456	3
7457	2
7458	3
7459	2
7460	2
7461	0
7462	0
7463	3
7464	3
7465	3
7466	3
7467	0
7468	3
7469	2
7470	2
7471	3
7472	0
7473	2
7474	1
7475	2
7476	3
7477	2
7478	1
7479	3
7480	2
7481	2
7482	3
7483	0
7484	2
7485	1
7486	2
7487	2
7488	0
7489	2
7490	3
7491	2
7492	2
7493	2
7494	3
7495	2
7496	2
7497	3
7498	2
7499	0
7500	0
7501	2
7502	2
7503	3
7504	2
7505	2
7506	2
7507	2
7508	3
7509	2
7510	0
7511	2
7512	2
7513	2
7514	3
7515	2
7516	2
7517	2
7518	2
7519	2
7520	0
7521	2
7522	3
7523	2
7524	2
7525	3
7526	0
7527	0
7528	0
7529	3
7530	2
7531	0
7532	2
7533	2
7534	3
7535	3
7536	3
7537	3
7538	0
7539	2
7540	2
7541	2
7542	3
7543	2
7544	3
7545	3
7546	3
7547	2
7548	2
7549	2
7550	1
7551	2
7552	3
7553	2
7554	3
7555	2
7556	2
7557	0
7558	0
7559	1
7560	2
7561	2
7562	2
7563	2
7564	2
7565	2
7566	2
7567	3
7568	2
7569	2
7570	2
7571	0
7572	2
7573	2
7574	2
7575	0
7576	2
7577	2
7578	3
7579	3
7580	2
7581	3
7582	2
7583	2
7584	3
7585	3
7586	3
7587	3
7588	0
7589	2
7590	0
7591	1
7592	3
7593	2
7594	2
7595	1
7596	2
7597	2
7598	2
7599	3
7600	2
7601	2
7602	2
7603	2
7604	2
7605	0
7606	0
7607	3
7608	2
7609	2
7610	3
7611	2
7612	2
7613	2
7614	2
7615	2
7616	2
7617	3
7618	3
7619	2
7620	2
7621	3
7622	0
7623	0
7624	2
7625	3
7626	2
7627	3
7628	3
7629	0
7630	3
7631	3
7632	3
7633	2
7634	0
7635	0
7636	2
7637	2
7638	1
7639	0
7640	2
7641	2
7642	2
7643	2
7644	3
7645	2
7646	3
7647	2
7648	3
7649	3
7650	2
7651	2
7652	2
7653	2
7654	2
7655	0
7656	2
7657	2
7658	2
7659	0
7660	2
7661	0
7662	2
7663	3
7664	3
7665	2
7666	1
7667	0
7668	2
7669	2
7670	0
7671	3
7672	2
7673	2
7674	2
7675	2
7676	2
7677	2
7678	2
7679	3
7680	3
7681	3
7682	3
7683	0
7684	2
7685	2
7686	3
7687	3
7688	3
7689	0
7690	2
7691	0
7692	3
7693	2
7694	2
7695	3
7696	3
7697	2
7698	0
7699	2
7700	2
7701	2
7702	2
7703	3
7704	2
7705	0
7706	3
7707	1
7708	2
7709	2
7710	2
7711	2
7712	2
7713	3
7714	3
7715	0
7716	0
7717	0
7718	3
7719	3
7720	2
7721	0
7722	2
7723	2
7724	3
7725	0
7726	2
7727	0
7728	3
7729	2
7730	1
7731	2
7732	2
7733	2
7734	3
7735	0
7736	2
7737	0
7738	3
7739	3
7740	2
7741	2
7742	2
7743	2
7744	3
7745	3
7746	3
7747	0
7748	1
7749	2
7750	3
7751	3
7752	2
7753	2
7754	2
7755	1
7756	3
7757	2
7758	2
7759	2
7760	3
7761	2
7762	0
7763	1
7764	2
7765	2
7766	2
7767	3
7768	2
7769	2
7770	3
7771	2
7772	2
7773	3
7774	0
7775	3
7776	0
7777	3
7778	3
7779	1
7780	0
7781	1
7782	2
7783	3
7784	2
7785	1
7786	2
7787	3
7788	3
7789	2
7790	2
7791	3
7792	2
7793	2
7794	0
7795	2
7796	2
7797	2
7798	2
7799	3
7800	2
7801	2
7802	3
7803	0
7804	2
7805	3
7806	0
7807	2
7808	3
7809	3
7810	3
7811	2
7812	3
7813	2
7814	2
7815	3
7816	3
7817	3
7818	2
7819	3
7820	3
7821	2
7822	2
7823	3
7824	1
7825	2
7826	2
7827	2
7828	2
7829	2
7830	3
7831	0
7832	2
7833	2
7834	3
7835	0
7836	0
7837	2
7838	2
7839	2
7840	2
7841	3
7842	3
7843	3
7844	1
7845	2
7846	3
7847	3
7848	3
7849	0
7850	2
7851	0
7852	0
7853	2
7854	2
7855	2
7856	3
7857	2
7858	2
7859	2
7860	2
7861	0
7862	2
7863	0
7864	3
7865	2
7866	1
7867	0
7868	3
7869	3
7870	2
7871	0
7872	3
7873	3
7874	3
7875	3
7876	2
7877	3
7878	3
7879	2
7880	3
7881	3
7882	2
7883	2
7884	2
7885	2
7886	0
7887	3
7888	2
7889	3
7890	0
7891	0
7892	3
7893	3
7894	2
7895	3
7896	2
7897	2
7898	3
7899	0
7900	2
7901	3
7902	2
7903	3
7904	3
7905	2
7906	3
7907	2
7908	3
7909	0
7910	3
7911	3
7912	3
7913	1
7914	2
7915	3
7916	3
7917	2
7918	2
7919	3
7920	2
7921	2
7922	0
7923	2
7924	3
7925	0
7926	3
7927	3
7928	0
7929	3
7930	3
7931	3
7932	3
7933	2
7934	3
7935	2
7936	2
7937	2
7938	3
7939	2
7940	0
7941	2
7942	3
7943	2
7944	3
7945	3
7946	2
7947	0
7948	2
7949	2
7950	2
7951	3
7952	2
7953	2
7954	0
7955	2
7956	2
7957	2
7958	2
7959	3
7960	1
7961	2
7962	3
7963	2
7964	3
7965	2
7966	3
7967	0
7968	2
7969	3
7970	2
7971	2
7972	2
7973	1
7974	2
7975	2
7976	0
7977	0
7978	2
7979	0
7980	2
7981	2
7982	2
7983	3
7984	1
7985	2
7986	1
7987	2
7988	2
7989	2
7990	2
7991	2
7992	1
7993	2
7994	3
7995	0
7996	0
7997	3
7998	2
7999	2
8000	2
8001	0
8002	3
8003	3
8004	2
8005	2
8006	1
8007	2
8008	2
8009	2
8010	2
8011	2
8012	2
8013	2
8014	3
8015	2
8016	2
8017	2
8018	1
8019	2
8020	2
8021	0
8022	0
8023	3
8024	2
8025	0
8026	2
8027	2
8028	0
8029	2
8030	2
8031	2
8032	0
8033	0
8034	3
8035	2
8036	0
8037	3
8038	1
8039	2
8040	2
8041	3
8042	2
8043	3
8044	2
8045	2
8046	3
8047	3
8048	3
8049	2
8050	2
8051	2
8052	3
8053	1
8054	3
8055	2
8056	2
8057	0
8058	3
8059	0
8060	2
8061	3
8062	2
8063	2
8064	2
8065	0
8066	3
8067	2
8068	3
8069	2
8070	3
8071	2
8072	3
8073	3
8074	0
8075	0
8076	3
8077	1
8078	2
8079	3
8080	3
8081	2
8082	0
8083	2
8084	2
8085	3
8086	2
8087	2
8088	2
8089	2
8090	3
8091	2
8092	2
8093	3
8094	0
8095	2
8096	3
8097	3
8098	3
8099	2
8100	2
8101	3
8102	3
8103	1
8104	3
8105	0
8106	1
8107	3
8108	3
8109	1
8110	2
8111	3
8112	2
8113	2
8114	2
8115	2
8116	0
8117	3
8118	3
8119	3
8120	2
8121	2
8122	3
8123	2
8124	1
8125	3
8126	1
8127	2
8128	3
8129	1
8130	2
8131	3
8132	1
8133	2
8134	2
8135	3
8136	2
8137	3
8138	2
8139	0
8140	3
8141	1
8142	3
8143	3
8144	3
8145	2
8146	0
8147	2
8148	0
8149	2
8150	3
8151	3
8152	2
8153	0
8154	3
8155	0
8156	3
8157	3
8158	1
8159	2
8160	0
8161	0
8162	3
8163	0
8164	1
8165	2
8166	3
8167	2
8168	3
8169	3
8170	2
8171	2
8172	3
8173	2
8174	2
8175	3
8176	3
8177	2
8178	0
8179	2
8180	2
8181	2
8182	3
8183	3
8184	3
8185	2
8186	3
8187	2
8188	2
8189	3
8190	2
8191	2
