COMMAND
./sim gshare 13 9 ./proj2-traces/jpeg_trace.txt
OUTPUT
number of predictions:2000000
number of mispredictions:138131
misprediction rate:   6.91%
FINAL GSHARE CONTENTS
0	2
1	0
2	3
3	2
4	3
5	0
6	0
7	2
8	3
9	2
10	2
11	2
12	2
13	3
14	3
15	2
16	2
17	0
18	3
19	1
20	0
21	0
22	3
23	2
24	0
25	2
26	2
27	2
28	3
29	3
30	3
31	0
32	0
33	3
34	2
35	0
36	3
37	3
38	0
39	1
40	3
41	3
42	2
43	2
44	2
45	3
46	1
47	2
48	2
49	2
50	2
51	2
52	3
53	0
54	0
55	0
56	0
57	2
58	3
59	0
60	2
61	3
62	3
63	0
64	2
65	2
66	0
67	0
68	1
69	2
70	3
71	2
72	2
73	3
74	3
75	2
76	3
77	2
78	2
79	0
80	3
81	2
82	2
83	2
84	2
85	2
86	3
87	2
88	3
89	2
90	3
91	0
92	0
93	2
94	2
95	0
96	3
97	3
98	2
99	3
100	0
101	0
102	2
103	0
104	2
105	0
106	3
107	2
108	3
109	3
110	2
111	0
112	2
113	2
114	2
115	1
116	1
117	2
118	2
119	2
120	2
121	2
122	2
123	2
124	1
125	3
126	2
127	0
128	0
129	2
130	2
131	2
132	2
133	2
134	2
135	2
136	3
137	0
138	0
139	3
140	1
141	3
142	3
143	3
144	1
145	3
146	2
147	0
148	2
149	3
150	2
151	3
152	2
153	0
154	1
155	0
156	2
157	3
158	2
159	0
160	2
161	0
162	0
163	1
164	3
165	0
166	0
167	3
168	0
169	3
170	2
171	3
172	1
173	2
174	3
175	0
176	2
177	1
178	2
179	0
180	3
181	0
182	1
183	3
184	3
185	2
186	3
187	2
188	3
189	3
190	2
191	0
192	0
193	2
194	0
195	3
196	3
197	3
198	1
199	2
200	2
201	2
202	2
203	3
204	1
205	0
206	0
207	3
208	0
209	0
210	0
211	1
212	2
213	2
214	2
215	0
216	2
217	0
218	3
219	2
220	2
221	3
222	3
223	0
224	2
225	2
226	3
227	3
228	2
229	2
230	1
231	3
232	1
233	0
234	3
235	3
236	2
237	3
238	3
239	0
240	2
241	2
242	0
243	0
244	1
245	2
246	2
247	2
248	0
249	2
250	2
251	3
252	2
253	2
254	2
255	0
256	0
257	3
258	2
259	2
260	3
261	0
262	2
263	1
264	3
265	3
266	3
267	2
268	0
269	3
270	1
271	2
272	3
273	3
274	2
275	2
276	0
277	0
278	1
279	3
280	1
281	2
282	0
283	0
284	1
285	3
286	2
287	2
288	3
289	3
290	3
291	0
292	2
293	2
294	0
295	3
296	2
297	2
298	2
299	2
300	2
301	3
302	3
303	2
304	1
305	3
306	3
307	3
308	2
309	3
310	0
311	0
312	3
313	2
314	3
315	1
316	0
317	3
318	1
319	2
320	2
321	3
322	0
323	2
324	3
325	0
326	2
327	2
328	3
329	2
330	2
331	2
332	3
333	3
334	3
335	3
336	2
337	1
338	2
339	2
340	3
341	3
342	2
343	3
344	2
345	2
346	3
347	3
348	3
349	3
350	1
351	2
352	3
353	3
354	3
355	3
356	2
357	0
358	2
359	0
360	2
361	3
362	3
363	2
364	3
365	3
366	3
367	0
368	0
369	3
370	3
371	2
372	1
373	0
374	0
375	0
376	1
377	2
378	0
379	3
380	0
381	3
382	3
383	0
384	3
385	0
386	0
387	2
388	3
389	0
390	0
391	2
392	3
393	3
394	3
395	2
396	2
397	3
398	3
399	2
400	3
401	0
402	2
403	2
404	2
405	0
406	2
407	3
408	3
409	3
410	2
411	2
412	0
413	3
414	3
415	2
416	0
417	2
418	3
419	2
420	3
421	0
422	0
423	3
424	3
425	1
426	3
427	2
428	0
429	3
430	3
431	2
432	3
433	2
434	3
435	0
436	2
437	2
438	2
439	3
440	3
441	0
442	3
443	3
444	2
445	2
446	3
447	2
448	3
449	2
450	0
451	3
452	0
453	0
454	2
455	2
456	3
457	3
458	3
459	3
460	2
461	2
462	2
463	0
464	2
465	2
466	2
467	2
468	3
469	2
470	0
471	2
472	1
473	3
474	3
475	2
476	3
477	3
478	3
479	0
480	2
481	2
482	2
483	2
484	3
485	0
486	2
487	3
488	3
489	0
490	3
491	3
492	0
493	2
494	3
495	2
496	0
497	2
498	2
499	3
500	1
501	0
502	3
503	3
504	3
505	2
506	2
507	3
508	3
509	3
510	3
511	2
512	2
513	0
514	3
515	2
516	2
517	2
518	0
519	3
520	3
521	2
522	2
523	2
524	2
525	1
526	3
527	2
528	3
529	0
530	3
531	2
532	1
533	0
534	2
535	3
536	2
537	2
538	3
539	2
540	0
541	2
542	3
543	2
544	3
545	2
546	2
547	2
548	3
549	2
550	3
551	2
552	3
553	1
554	2
555	0
556	2
557	3
558	0
559	2
560	2
561	2
562	2
563	3
564	3
565	0
566	0
567	3
568	2
569	2
570	3
571	2
572	2
573	3
574	2
575	2
576	3
577	3
578	1
579	2
580	2
581	2
582	0
583	2
584	3
585	0
586	3
587	0
588	2
589	0
590	2
591	2
592	2
593	2
594	3
595	0
596	2
597	2
598	0
599	3
600	3
601	2
602	2
603	1
604	2
605	3
606	2
607	3
608	3
609	2
610	2
611	2
612	1
613	0
614	3
615	0
616	3
617	2
618	2
619	0
620	0
621	2
622	2
623	2
624	3
625	3
626	2
627	0
628	2
629	3
630	0
631	2
632	3
633	2
634	2
635	2
636	2
637	3
638	3
639	2
640	2
641	2
642	2
643	2
644	2
645	3
646	0
647	2
648	3
649	1
650	1
651	3
652	3
653	3
654	3
655	2
656	3
657	2
658	2
659	2
660	1
661	2
662	0
663	3
664	3
665	1
666	2
667	2
668	0
669	3
670	3
671	2
672	3
673	2
674	2
675	2
676	1
677	0
678	0
679	2
680	2
681	0
682	3
683	3
684	2
685	2
686	2
687	0
688	0
689	2
690	3
691	0
692	3
693	2
694	2
695	3
696	3
697	2
698	3
699	2
700	2
701	0
702	3
703	2
704	3
705	2
706	2
707	3
708	3
709	2
710	0
711	0
712	2
713	0
714	2
715	3
716	0
717	2
718	2
719	2
720	2
721	1
722	0
723	3
724	0
725	2
726	0
727	3
728	3
729	0
730	2
731	2
732	2
733	3
734	2
735	0
736	2
737	3
738	3
739	2
740	2
741	2
742	0
743	0
744	2
745	2
746	0
747	3
748	1
749	3
750	0
751	2
752	0
753	3
754	2
755	3
756	3
757	2
758	2
759	3
760	3
761	2
762	2
763	3
764	2
765	2
766	2
767	2
768	1
769	2
770	2
771	2
772	3
773	0
774	0
775	3
776	0
777	3
778	3
779	2
780	2
781	3
782	2
783	2
784	3
785	2
786	3
787	2
788	3
789	0
790	0
791	3
792	0
793	2
794	3
795	2
796	1
797	2
798	2
799	0
800	3
801	2
802	3
803	3
804	3
805	2
806	0
807	3
808	2
809	0
810	2
811	0
812	2
813	0
814	0
815	2
816	1
817	2
818	3
819	2
820	2
821	2
822	0
823	3
824	1
825	2
826	2
827	2
828	0
829	3
830	2
831	2
832	0
833	2
834	1
835	2
836	2
837	0
838	0
839	2
840	0
841	2
842	3
843	2
844	3
845	1
846	3
847	2
848	2
849	2
850	2
851	3
852	2
853	2
854	0
855	3
856	2
857	2
858	3
859	3
860	0
861	3
862	2
863	0
864	2
865	2
866	2
867	2
868	3
869	0
870	0
871	3
872	1
873	2
874	2
875	0
876	2
877	3
878	2
879	1
880	3
881	2
882	2
883	2
884	2
885	3
886	0
887	2
888	2
889	0
890	2
891	0
892	2
893	2
894	2
895	3
896	2
897	2
898	2
899	2
900	3
901	0
902	3
903	2
904	1
905	1
906	2
907	2
908	0
909	2
910	3
911	2
912	3
913	3
914	2
915	0
916	3
917	0
918	0
919	3
920	3
921	1
922	2
923	0
924	2
925	3
926	0
927	2
928	1
929	0
930	2
931	3
932	1
933	0
934	0
935	3
936	2
937	3
938	0
939	0
940	3
941	0
942	2
943	2
944	3
945	2
946	2
947	0
948	1
949	2
950	3
951	0
952	3
953	2
954	2
955	3
956	2
957	3
958	2
959	0
960	0
961	0
962	2
963	1
964	2
965	1
966	2
967	3
968	2
969	3
970	2
971	3
972	3
973	3
974	2
975	2
976	3
977	2
978	1
979	2
980	2
981	0
982	0
983	3
984	3
985	2
986	0
987	2
988	1
989	3
990	2
991	3
992	3
993	0
994	3
995	3
996	3
997	3
998	1
999	2
1000	3
1001	2
1002	0
1003	2
1004	2
1005	3
1006	0
1007	1
1008	3
1009	2
1010	2
1011	1
1012	3
1013	0
1014	0
1015	3
1016	1
1017	3
1018	3
1019	3
1020	0
1021	3
1022	2
1023	1
1024	1
1025	2
1026	3
1027	0
1028	2
1029	0
1030	3
1031	3
1032	3
1033	3
1034	2
1035	3
1036	0
1037	3
1038	3
1039	3
1040	0
1041	2
1042	3
1043	1
1044	0
1045	3
1046	2
1047	3
1048	2
1049	2
1050	2
1051	2
1052	3
1053	2
1054	3
1055	2
1056	0
1057	2
1058	0
1059	3
1060	3
1061	0
1062	0
1063	3
1064	3
1065	2
1066	2
1067	2
1068	2
1069	2
1070	3
1071	2
1072	2
1073	2
1074	3
1075	2
1076	0
1077	2
1078	2
1079	0
1080	2
1081	3
1082	3
1083	3
1084	2
1085	2
1086	3
1087	3
1088	2
1089	3
1090	3
1091	0
1092	2
1093	3
1094	0
1095	0
1096	0
1097	2
1098	2
1099	2
1100	3
1101	0
1102	3
1103	0
1104	2
1105	3
1106	3
1107	3
1108	2
1109	0
1110	3
1111	3
1112	3
1113	3
1114	1
1115	2
1116	2
1117	2
1118	3
1119	2
1120	0
1121	2
1122	2
1123	3
1124	3
1125	0
1126	2
1127	3
1128	3
1129	2
1130	2
1131	2
1132	2
1133	3
1134	3
1135	2
1136	0
1137	0
1138	2
1139	3
1140	2
1141	3
1142	3
1143	3
1144	1
1145	0
1146	2
1147	2
1148	2
1149	2
1150	3
1151	3
1152	3
1153	2
1154	3
1155	0
1156	2
1157	1
1158	3
1159	0
1160	3
1161	3
1162	2
1163	2
1164	2
1165	0
1166	2
1167	0
1168	0
1169	3
1170	1
1171	0
1172	2
1173	0
1174	2
1175	3
1176	2
1177	3
1178	2
1179	3
1180	3
1181	3
1182	3
1183	0
1184	2
1185	2
1186	3
1187	3
1188	2
1189	2
1190	0
1191	0
1192	0
1193	0
1194	1
1195	2
1196	2
1197	1
1198	3
1199	1
1200	3
1201	2
1202	2
1203	2
1204	2
1205	3
1206	2
1207	2
1208	2
1209	3
1210	1
1211	2
1212	2
1213	2
1214	2
1215	2
1216	0
1217	2
1218	0
1219	1
1220	1
1221	0
1222	2
1223	3
1224	2
1225	2
1226	0
1227	2
1228	2
1229	3
1230	3
1231	2
1232	0
1233	3
1234	0
1235	2
1236	2
1237	0
1238	3
1239	0
1240	3
1241	3
1242	2
1243	0
1244	1
1245	2
1246	3
1247	0
1248	1
1249	0
1250	3
1251	2
1252	0
1253	0
1254	0
1255	3
1256	2
1257	3
1258	2
1259	2
1260	2
1261	3
1262	0
1263	0
1264	0
1265	2
1266	2
1267	3
1268	0
1269	0
1270	3
1271	3
1272	1
1273	3
1274	2
1275	0
1276	3
1277	2
1278	2
1279	2
1280	3
1281	2
1282	3
1283	2
1284	3
1285	0
1286	3
1287	3
1288	2
1289	2
1290	0
1291	3
1292	2
1293	3
1294	3
1295	0
1296	3
1297	2
1298	3
1299	3
1300	2
1301	3
1302	0
1303	3
1304	3
1305	2
1306	3
1307	0
1308	3
1309	3
1310	3
1311	2
1312	3
1313	2
1314	3
1315	0
1316	3
1317	1
1318	2
1319	3
1320	3
1321	3
1322	3
1323	2
1324	3
1325	3
1326	3
1327	2
1328	3
1329	2
1330	2
1331	2
1332	2
1333	1
1334	1
1335	0
1336	3
1337	3
1338	2
1339	0
1340	3
1341	3
1342	3
1343	0
1344	3
1345	0
1346	3
1347	2
1348	2
1349	3
1350	0
1351	3
1352	1
1353	2
1354	0
1355	2
1356	3
1357	3
1358	3
1359	2
1360	2
1361	3
1362	0
1363	2
1364	2
1365	3
1366	3
1367	0
1368	2
1369	2
1370	0
1371	2
1372	0
1373	0
1374	2
1375	2
1376	2
1377	2
1378	3
1379	2
1380	0
1381	2
1382	2
1383	0
1384	2
1385	2
1386	0
1387	2
1388	3
1389	3
1390	2
1391	3
1392	3
1393	2
1394	3
1395	3
1396	0
1397	2
1398	3
1399	3
1400	3
1401	2
1402	0
1403	2
1404	0
1405	0
1406	2
1407	2
1408	0
1409	0
1410	0
1411	2
1412	3
1413	2
1414	2
1415	3
1416	2
1417	0
1418	2
1419	3
1420	1
1421	0
1422	3
1423	2
1424	3
1425	2
1426	3
1427	3
1428	2
1429	2
1430	3
1431	2
1432	2
1433	2
1434	3
1435	0
1436	3
1437	2
1438	3
1439	2
1440	2
1441	0
1442	2
1443	3
1444	2
1445	2
1446	1
1447	3
1448	3
1449	1
1450	3
1451	0
1452	3
1453	1
1454	3
1455	2
1456	1
1457	3
1458	3
1459	3
1460	2
1461	2
1462	2
1463	1
1464	2
1465	0
1466	3
1467	2
1468	2
1469	3
1470	3
1471	2
1472	2
1473	2
1474	3
1475	2
1476	0
1477	2
1478	3
1479	3
1480	3
1481	0
1482	3
1483	2
1484	3
1485	2
1486	3
1487	0
1488	2
1489	2
1490	3
1491	2
1492	1
1493	1
1494	1
1495	3
1496	2
1497	3
1498	2
1499	2
1500	2
1501	3
1502	2
1503	2
1504	3
1505	2
1506	3
1507	3
1508	1
1509	2
1510	0
1511	2
1512	2
1513	3
1514	2
1515	2
1516	2
1517	2
1518	3
1519	2
1520	2
1521	2
1522	3
1523	3
1524	3
1525	3
1526	1
1527	2
1528	2
1529	3
1530	3
1531	2
1532	3
1533	2
1534	2
1535	2
1536	1
1537	2
1538	3
1539	0
1540	3
1541	1
1542	0
1543	3
1544	2
1545	2
1546	2
1547	3
1548	3
1549	2
1550	2
1551	1
1552	0
1553	0
1554	3
1555	2
1556	1
1557	3
1558	2
1559	0
1560	3
1561	2
1562	2
1563	0
1564	0
1565	3
1566	2
1567	0
1568	2
1569	0
1570	2
1571	2
1572	2
1573	2
1574	0
1575	0
1576	2
1577	2
1578	3
1579	3
1580	2
1581	3
1582	3
1583	3
1584	0
1585	2
1586	2
1587	0
1588	3
1589	2
1590	2
1591	3
1592	2
1593	2
1594	2
1595	0
1596	3
1597	2
1598	3
1599	0
1600	2
1601	1
1602	3
1603	0
1604	3
1605	0
1606	2
1607	3
1608	2
1609	2
1610	3
1611	3
1612	2
1613	0
1614	3
1615	2
1616	3
1617	3
1618	0
1619	3
1620	3
1621	0
1622	2
1623	3
1624	2
1625	0
1626	0
1627	2
1628	3
1629	3
1630	2
1631	2
1632	2
1633	0
1634	0
1635	0
1636	1
1637	2
1638	2
1639	3
1640	3
1641	2
1642	3
1643	3
1644	3
1645	1
1646	2
1647	2
1648	2
1649	0
1650	0
1651	3
1652	1
1653	0
1654	2
1655	3
1656	3
1657	0
1658	2
1659	1
1660	2
1661	2
1662	3
1663	0
1664	0
1665	2
1666	3
1667	2
1668	2
1669	2
1670	1
1671	3
1672	2
1673	3
1674	2
1675	2
1676	2
1677	1
1678	3
1679	0
1680	1
1681	3
1682	2
1683	2
1684	3
1685	2
1686	1
1687	1
1688	0
1689	3
1690	3
1691	0
1692	0
1693	3
1694	3
1695	0
1696	2
1697	2
1698	2
1699	3
1700	3
1701	2
1702	3
1703	3
1704	3
1705	3
1706	3
1707	2
1708	2
1709	2
1710	3
1711	2
1712	0
1713	1
1714	2
1715	2
1716	3
1717	2
1718	0
1719	3
1720	3
1721	3
1722	2
1723	3
1724	2
1725	2
1726	3
1727	3
1728	3
1729	3
1730	2
1731	2
1732	2
1733	2
1734	1
1735	0
1736	2
1737	2
1738	2
1739	3
1740	3
1741	2
1742	3
1743	0
1744	2
1745	2
1746	0
1747	3
1748	3
1749	2
1750	0
1751	3
1752	2
1753	3
1754	3
1755	3
1756	0
1757	2
1758	2
1759	2
1760	0
1761	3
1762	3
1763	1
1764	1
1765	2
1766	0
1767	0
1768	2
1769	3
1770	3
1771	3
1772	3
1773	2
1774	2
1775	3
1776	3
1777	3
1778	2
1779	3
1780	3
1781	2
1782	3
1783	3
1784	2
1785	3
1786	3
1787	3
1788	0
1789	2
1790	3
1791	0
1792	2
1793	3
1794	0
1795	0
1796	2
1797	2
1798	1
1799	3
1800	3
1801	0
1802	2
1803	1
1804	2
1805	0
1806	2
1807	3
1808	3
1809	3
1810	2
1811	2
1812	3
1813	2
1814	0
1815	3
1816	3
1817	1
1818	2
1819	0
1820	3
1821	1
1822	2
1823	3
1824	3
1825	2
1826	3
1827	3
1828	2
1829	3
1830	0
1831	3
1832	3
1833	1
1834	3
1835	3
1836	2
1837	3
1838	2
1839	2
1840	2
1841	2
1842	2
1843	0
1844	3
1845	3
1846	1
1847	3
1848	2
1849	0
1850	0
1851	2
1852	2
1853	2
1854	2
1855	2
1856	2
1857	3
1858	2
1859	3
1860	3
1861	2
1862	2
1863	2
1864	2
1865	3
1866	3
1867	3
1868	3
1869	3
1870	2
1871	1
1872	3
1873	2
1874	0
1875	0
1876	3
1877	3
1878	0
1879	3
1880	3
1881	3
1882	3
1883	2
1884	0
1885	3
1886	2
1887	1
1888	3
1889	2
1890	0
1891	3
1892	2
1893	2
1894	0
1895	3
1896	2
1897	0
1898	2
1899	2
1900	0
1901	2
1902	2
1903	2
1904	1
1905	2
1906	2
1907	2
1908	3
1909	3
1910	0
1911	2
1912	3
1913	2
1914	0
1915	2
1916	2
1917	2
1918	1
1919	3
1920	3
1921	2
1922	1
1923	0
1924	3
1925	0
1926	2
1927	3
1928	3
1929	2
1930	3
1931	3
1932	3
1933	3
1934	2
1935	2
1936	2
1937	2
1938	1
1939	2
1940	3
1941	0
1942	0
1943	3
1944	3
1945	1
1946	2
1947	3
1948	1
1949	3
1950	3
1951	2
1952	3
1953	2
1954	3
1955	3
1956	2
1957	2
1958	2
1959	3
1960	3
1961	0
1962	2
1963	2
1964	2
1965	3
1966	2
1967	0
1968	2
1969	2
1970	1
1971	2
1972	3
1973	0
1974	0
1975	3
1976	2
1977	0
1978	2
1979	3
1980	2
1981	3
1982	0
1983	2
1984	3
1985	2
1986	2
1987	3
1988	3
1989	1
1990	0
1991	3
1992	2
1993	3
1994	2
1995	3
1996	2
1997	0
1998	3
1999	3
2000	3
2001	3
2002	0
2003	3
2004	3
2005	3
2006	3
2007	2
2008	2
2009	3
2010	3
2011	3
2012	2
2013	2
2014	3
2015	3
2016	3
2017	3
2018	3
2019	3
2020	3
2021	3
2022	0
2023	3
2024	3
2025	2
2026	3
2027	3
2028	1
2029	1
2030	2
2031	3
2032	3
2033	2
2034	2
2035	0
2036	3
2037	2
2038	1
2039	3
2040	2
2041	2
2042	3
2043	3
2044	0
2045	2
2046	2
2047	2
2048	0
2049	3
2050	2
2051	2
2052	0
2053	0
2054	1
2055	2
2056	3
2057	2
2058	3
2059	3
2060	2
2061	2
2062	2
2063	3
2064	2
2065	3
2066	2
2067	2
2068	3
2069	2
2070	2
2071	0
2072	2
2073	0
2074	3
2075	0
2076	0
2077	2
2078	2
2079	3
2080	1
2081	2
2082	2
2083	3
2084	2
2085	3
2086	0
2087	3
2088	3
2089	2
2090	3
2091	0
2092	2
2093	2
2094	3
2095	3
2096	0
2097	3
2098	2
2099	3
2100	2
2101	0
2102	2
2103	2
2104	0
2105	2
2106	3
2107	3
2108	0
2109	2
2110	3
2111	2
2112	2
2113	2
2114	0
2115	1
2116	3
2117	3
2118	2
2119	2
2120	3
2121	2
2122	3
2123	3
2124	0
2125	0
2126	1
2127	2
2128	0
2129	3
2130	0
2131	3
2132	2
2133	3
2134	2
2135	2
2136	3
2137	2
2138	3
2139	3
2140	0
2141	3
2142	2
2143	0
2144	3
2145	2
2146	2
2147	3
2148	3
2149	0
2150	2
2151	2
2152	3
2153	2
2154	2
2155	3
2156	0
2157	3
2158	2
2159	3
2160	0
2161	0
2162	2
2163	3
2164	2
2165	2
2166	2
2167	2
2168	3
2169	0
2170	3
2171	0
2172	3
2173	1
2174	3
2175	3
2176	2
2177	2
2178	2
2179	2
2180	2
2181	2
2182	3
2183	3
2184	3
2185	2
2186	2
2187	2
2188	0
2189	0
2190	0
2191	3
2192	3
2193	2
2194	2
2195	2
2196	2
2197	2
2198	2
2199	3
2200	3
2201	2
2202	2
2203	0
2204	0
2205	3
2206	3
2207	3
2208	0
2209	2
2210	2
2211	3
2212	2
2213	2
2214	3
2215	3
2216	3
2217	2
2218	2
2219	2
2220	2
2221	2
2222	0
2223	1
2224	2
2225	3
2226	2
2227	3
2228	3
2229	3
2230	3
2231	2
2232	3
2233	2
2234	2
2235	1
2236	1
2237	0
2238	3
2239	3
2240	0
2241	3
2242	3
2243	3
2244	2
2245	2
2246	3
2247	0
2248	3
2249	2
2250	2
2251	2
2252	0
2253	0
2254	0
2255	2
2256	3
2257	1
2258	2
2259	2
2260	3
2261	1
2262	2
2263	2
2264	3
2265	2
2266	3
2267	2
2268	1
2269	3
2270	0
2271	3
2272	0
2273	3
2274	2
2275	3
2276	2
2277	0
2278	3
2279	3
2280	3
2281	2
2282	3
2283	2
2284	3
2285	3
2286	0
2287	2
2288	3
2289	2
2290	2
2291	3
2292	2
2293	0
2294	3
2295	2
2296	2
2297	0
2298	3
2299	3
2300	0
2301	0
2302	0
2303	2
2304	1
2305	2
2306	1
2307	2
2308	2
2309	0
2310	3
2311	3
2312	2
2313	2
2314	2
2315	2
2316	3
2317	3
2318	2
2319	0
2320	0
2321	2
2322	2
2323	2
2324	1
2325	2
2326	2
2327	2
2328	2
2329	3
2330	2
2331	2
2332	2
2333	3
2334	0
2335	3
2336	0
2337	0
2338	3
2339	2
2340	3
2341	3
2342	3
2343	3
2344	1
2345	0
2346	3
2347	2
2348	3
2349	2
2350	2
2351	2
2352	1
2353	1
2354	2
2355	3
2356	3
2357	2
2358	2
2359	2
2360	0
2361	0
2362	3
2363	2
2364	2
2365	2
2366	2
2367	0
2368	3
2369	2
2370	0
2371	3
2372	3
2373	2
2374	0
2375	3
2376	3
2377	2
2378	3
2379	2
2380	0
2381	2
2382	2
2383	0
2384	3
2385	3
2386	2
2387	3
2388	2
2389	1
2390	0
2391	3
2392	3
2393	2
2394	0
2395	3
2396	0
2397	3
2398	3
2399	3
2400	3
2401	2
2402	3
2403	3
2404	3
2405	0
2406	3
2407	2
2408	2
2409	2
2410	3
2411	2
2412	2
2413	0
2414	2
2415	3
2416	3
2417	0
2418	1
2419	0
2420	2
2421	0
2422	2
2423	1
2424	3
2425	3
2426	3
2427	3
2428	3
2429	2
2430	2
2431	3
2432	3
2433	2
2434	3
2435	0
2436	3
2437	0
2438	2
2439	0
2440	3
2441	2
2442	2
2443	2
2444	3
2445	2
2446	2
2447	0
2448	1
2449	2
2450	2
2451	0
2452	3
2453	0
2454	3
2455	2
2456	3
2457	3
2458	0
2459	2
2460	3
2461	0
2462	2
2463	0
2464	1
2465	2
2466	2
2467	0
2468	3
2469	2
2470	3
2471	3
2472	3
2473	2
2474	3
2475	2
2476	2
2477	2
2478	2
2479	0
2480	1
2481	2
2482	2
2483	0
2484	3
2485	2
2486	3
2487	1
2488	3
2489	3
2490	2
2491	3
2492	1
2493	0
2494	2
2495	0
2496	3
2497	2
2498	1
2499	2
2500	2
2501	2
2502	2
2503	3
2504	2
2505	2
2506	2
2507	2
2508	2
2509	3
2510	0
2511	3
2512	3
2513	2
2514	2
2515	2
2516	2
2517	1
2518	3
2519	3
2520	2
2521	3
2522	2
2523	2
2524	2
2525	2
2526	2
2527	3
2528	3
2529	2
2530	2
2531	3
2532	0
2533	0
2534	3
2535	3
2536	3
2537	2
2538	3
2539	2
2540	3
2541	0
2542	2
2543	3
2544	3
2545	0
2546	1
2547	3
2548	2
2549	0
2550	3
2551	2
2552	3
2553	2
2554	2
2555	0
2556	3
2557	0
2558	2
2559	0
2560	3
2561	0
2562	0
2563	2
2564	2
2565	2
2566	3
2567	2
2568	3
2569	2
2570	2
2571	2
2572	3
2573	3
2574	2
2575	2
2576	3
2577	2
2578	2
2579	2
2580	3
2581	0
2582	2
2583	2
2584	3
2585	0
2586	3
2587	2
2588	3
2589	2
2590	0
2591	0
2592	3
2593	2
2594	2
2595	3
2596	3
2597	2
2598	2
2599	3
2600	0
2601	2
2602	2
2603	1
2604	0
2605	3
2606	2
2607	3
2608	2
2609	2
2610	2
2611	2
2612	2
2613	0
2614	0
2615	0
2616	2
2617	0
2618	3
2619	3
2620	2
2621	0
2622	0
2623	3
2624	3
2625	3
2626	2
2627	3
2628	2
2629	0
2630	3
2631	3
2632	0
2633	2
2634	0
2635	2
2636	2
2637	2
2638	2
2639	0
2640	2
2641	3
2642	2
2643	2
2644	0
2645	1
2646	2
2647	2
2648	3
2649	2
2650	2
2651	2
2652	0
2653	2
2654	2
2655	2
2656	3
2657	3
2658	2
2659	3
2660	1
2661	3
2662	2
2663	3
2664	2
2665	2
2666	3
2667	0
2668	0
2669	3
2670	0
2671	2
2672	3
2673	2
2674	2
2675	2
2676	0
2677	2
2678	2
2679	0
2680	0
2681	2
2682	3
2683	2
2684	2
2685	3
2686	3
2687	2
2688	0
2689	2
2690	2
2691	3
2692	2
2693	0
2694	3
2695	3
2696	3
2697	2
2698	2
2699	2
2700	2
2701	3
2702	0
2703	3
2704	2
2705	2
2706	2
2707	2
2708	2
2709	0
2710	3
2711	3
2712	3
2713	2
2714	3
2715	2
2716	3
2717	3
2718	0
2719	3
2720	0
2721	2
2722	2
2723	2
2724	2
2725	2
2726	2
2727	3
2728	2
2729	2
2730	3
2731	3
2732	0
2733	3
2734	0
2735	2
2736	2
2737	0
2738	0
2739	2
2740	3
2741	2
2742	2
2743	2
2744	3
2745	2
2746	2
2747	3
2748	3
2749	3
2750	3
2751	3
2752	3
2753	2
2754	2
2755	3
2756	3
2757	2
2758	3
2759	3
2760	2
2761	3
2762	3
2763	3
2764	2
2765	3
2766	0
2767	3
2768	0
2769	2
2770	2
2771	3
2772	0
2773	2
2774	2
2775	0
2776	1
2777	3
2778	2
2779	3
2780	0
2781	3
2782	0
2783	3
2784	2
2785	2
2786	2
2787	3
2788	0
2789	2
2790	3
2791	2
2792	3
2793	2
2794	3
2795	1
2796	3
2797	3
2798	0
2799	0
2800	3
2801	2
2802	2
2803	0
2804	3
2805	2
2806	2
2807	2
2808	1
2809	3
2810	2
2811	0
2812	2
2813	3
2814	3
2815	2
2816	3
2817	2
2818	2
2819	0
2820	0
2821	0
2822	3
2823	2
2824	3
2825	2
2826	2
2827	2
2828	0
2829	2
2830	2
2831	0
2832	0
2833	2
2834	2
2835	0
2836	3
2837	0
2838	2
2839	3
2840	3
2841	0
2842	3
2843	0
2844	0
2845	3
2846	2
2847	2
2848	3
2849	2
2850	3
2851	1
2852	2
2853	0
2854	3
2855	1
2856	2
2857	3
2858	3
2859	2
2860	2
2861	2
2862	2
2863	2
2864	3
2865	3
2866	3
2867	0
2868	2
2869	0
2870	3
2871	0
2872	2
2873	3
2874	3
2875	1
2876	2
2877	2
2878	2
2879	2
2880	2
2881	2
2882	2
2883	2
2884	3
2885	0
2886	3
2887	2
2888	3
2889	2
2890	2
2891	1
2892	2
2893	3
2894	2
2895	0
2896	3
2897	2
2898	2
2899	2
2900	2
2901	3
2902	2
2903	2
2904	0
2905	0
2906	2
2907	0
2908	1
2909	2
2910	0
2911	2
2912	3
2913	3
2914	3
2915	3
2916	2
2917	3
2918	1
2919	2
2920	0
2921	0
2922	3
2923	2
2924	0
2925	0
2926	3
2927	2
2928	3
2929	2
2930	3
2931	1
2932	2
2933	0
2934	2
2935	2
2936	2
2937	2
2938	2
2939	2
2940	0
2941	2
2942	2
2943	2
2944	3
2945	3
2946	2
2947	2
2948	0
2949	0
2950	0
2951	2
2952	2
2953	2
2954	3
2955	0
2956	0
2957	2
2958	2
2959	2
2960	2
2961	2
2962	2
2963	2
2964	0
2965	0
2966	2
2967	2
2968	3
2969	2
2970	3
2971	3
2972	2
2973	0
2974	2
2975	3
2976	0
2977	3
2978	2
2979	0
2980	3
2981	0
2982	0
2983	2
2984	3
2985	2
2986	2
2987	1
2988	3
2989	3
2990	2
2991	0
2992	3
2993	0
2994	0
2995	2
2996	3
2997	2
2998	2
2999	3
3000	2
3001	2
3002	2
3003	2
3004	0
3005	0
3006	1
3007	0
3008	3
3009	3
3010	2
3011	2
3012	2
3013	2
3014	3
3015	2
3016	3
3017	2
3018	3
3019	1
3020	2
3021	3
3022	2
3023	2
3024	2
3025	3
3026	3
3027	2
3028	3
3029	0
3030	3
3031	0
3032	1
3033	2
3034	3
3035	2
3036	3
3037	0
3038	2
3039	2
3040	2
3041	2
3042	2
3043	2
3044	0
3045	3
3046	0
3047	2
3048	3
3049	2
3050	3
3051	2
3052	2
3053	0
3054	3
3055	2
3056	2
3057	2
3058	2
3059	2
3060	3
3061	0
3062	0
3063	2
3064	3
3065	2
3066	3
3067	1
3068	0
3069	0
3070	3
3071	0
3072	3
3073	2
3074	3
3075	2
3076	1
3077	0
3078	2
3079	0
3080	0
3081	2
3082	2
3083	2
3084	3
3085	3
3086	3
3087	1
3088	2
3089	1
3090	3
3091	2
3092	3
3093	0
3094	2
3095	1
3096	2
3097	3
3098	2
3099	2
3100	3
3101	0
3102	2
3103	0
3104	2
3105	2
3106	3
3107	0
3108	2
3109	2
3110	2
3111	2
3112	2
3113	2
3114	3
3115	0
3116	3
3117	2
3118	3
3119	2
3120	0
3121	2
3122	3
3123	3
3124	2
3125	2
3126	3
3127	2
3128	2
3129	2
3130	2
3131	0
3132	2
3133	2
3134	3
3135	0
3136	0
3137	3
3138	2
3139	0
3140	0
3141	2
3142	2
3143	0
3144	0
3145	3
3146	3
3147	2
3148	2
3149	0
3150	3
3151	2
3152	1
3153	2
3154	3
3155	0
3156	3
3157	2
3158	2
3159	3
3160	0
3161	3
3162	3
3163	0
3164	2
3165	3
3166	2
3167	0
3168	2
3169	3
3170	2
3171	3
3172	3
3173	2
3174	0
3175	3
3176	2
3177	2
3178	3
3179	1
3180	1
3181	0
3182	3
3183	2
3184	2
3185	2
3186	1
3187	0
3188	3
3189	3
3190	3
3191	3
3192	2
3193	1
3194	3
3195	3
3196	1
3197	0
3198	3
3199	0
3200	1
3201	0
3202	0
3203	0
3204	2
3205	2
3206	3
3207	3
3208	2
3209	0
3210	0
3211	1
3212	3
3213	2
3214	0
3215	2
3216	0
3217	2
3218	0
3219	0
3220	2
3221	2
3222	0
3223	3
3224	2
3225	0
3226	0
3227	2
3228	2
3229	3
3230	3
3231	2
3232	2
3233	2
3234	3
3235	0
3236	0
3237	2
3238	2
3239	3
3240	1
3241	0
3242	0
3243	2
3244	2
3245	2
3246	0
3247	2
3248	2
3249	2
3250	2
3251	0
3252	0
3253	2
3254	0
3255	3
3256	3
3257	0
3258	0
3259	3
3260	2
3261	2
3262	1
3263	2
3264	3
3265	2
3266	1
3267	2
3268	3
3269	2
3270	3
3271	0
3272	2
3273	2
3274	2
3275	2
3276	2
3277	3
3278	1
3279	1
3280	0
3281	3
3282	2
3283	0
3284	2
3285	3
3286	0
3287	3
3288	2
3289	3
3290	2
3291	3
3292	1
3293	2
3294	3
3295	2
3296	3
3297	2
3298	3
3299	3
3300	3
3301	2
3302	3
3303	0
3304	2
3305	2
3306	3
3307	3
3308	2
3309	2
3310	1
3311	2
3312	2
3313	0
3314	2
3315	0
3316	3
3317	2
3318	2
3319	3
3320	0
3321	0
3322	3
3323	2
3324	3
3325	2
3326	0
3327	3
3328	3
3329	3
3330	2
3331	3
3332	0
3333	1
3334	2
3335	3
3336	3
3337	2
3338	2
3339	3
3340	3
3341	3
3342	2
3343	3
3344	2
3345	2
3346	3
3347	0
3348	2
3349	0
3350	2
3351	3
3352	2
3353	1
3354	2
3355	2
3356	2
3357	2
3358	2
3359	2
3360	2
3361	2
3362	3
3363	0
3364	3
3365	2
3366	2
3367	3
3368	3
3369	3
3370	3
3371	0
3372	0
3373	3
3374	0
3375	0
3376	2
3377	3
3378	2
3379	2
3380	3
3381	0
3382	2
3383	2
3384	2
3385	3
3386	3
3387	0
3388	2
3389	2
3390	3
3391	0
3392	2
3393	2
3394	3
3395	2
3396	0
3397	2
3398	3
3399	2
3400	2
3401	3
3402	2
3403	2
3404	0
3405	0
3406	1
3407	2
3408	2
3409	2
3410	1
3411	2
3412	2
3413	2
3414	3
3415	3
3416	2
3417	3
3418	3
3419	2
3420	2
3421	2
3422	0
3423	3
3424	3
3425	2
3426	1
3427	3
3428	1
3429	0
3430	3
3431	2
3432	3
3433	2
3434	3
3435	3
3436	3
3437	0
3438	2
3439	2
3440	1
3441	2
3442	3
3443	2
3444	0
3445	2
3446	2
3447	2
3448	0
3449	0
3450	2
3451	0
3452	2
3453	0
3454	0
3455	0
3456	3
3457	2
3458	3
3459	2
3460	3
3461	2
3462	2
3463	3
3464	1
3465	3
3466	2
3467	2
3468	3
3469	3
3470	2
3471	1
3472	2
3473	0
3474	3
3475	0
3476	3
3477	0
3478	2
3479	2
3480	1
3481	3
3482	2
3483	3
3484	2
3485	3
3486	3
3487	2
3488	2
3489	2
3490	0
3491	2
3492	0
3493	0
3494	3
3495	3
3496	3
3497	3
3498	2
3499	0
3500	2
3501	0
3502	2
3503	0
3504	0
3505	2
3506	0
3507	0
3508	0
3509	2
3510	2
3511	2
3512	2
3513	3
3514	3
3515	2
3516	2
3517	3
3518	3
3519	0
3520	2
3521	3
3522	3
3523	0
3524	3
3525	0
3526	2
3527	3
3528	2
3529	2
3530	2
3531	2
3532	2
3533	0
3534	3
3535	3
3536	3
3537	2
3538	3
3539	0
3540	3
3541	0
3542	2
3543	0
3544	1
3545	2
3546	0
3547	2
3548	0
3549	2
3550	0
3551	3
3552	0
3553	2
3554	3
3555	0
3556	3
3557	2
3558	2
3559	3
3560	3
3561	3
3562	2
3563	0
3564	2
3565	0
3566	1
3567	2
3568	2
3569	2
3570	3
3571	0
3572	0
3573	2
3574	3
3575	3
3576	0
3577	3
3578	2
3579	2
3580	2
3581	2
3582	0
3583	2
3584	3
3585	0
3586	3
3587	2
3588	3
3589	0
3590	3
3591	2
3592	0
3593	2
3594	2
3595	3
3596	3
3597	2
3598	1
3599	3
3600	3
3601	2
3602	0
3603	2
3604	0
3605	3
3606	3
3607	0
3608	0
3609	0
3610	2
3611	2
3612	3
3613	2
3614	3
3615	0
3616	2
3617	2
3618	3
3619	2
3620	0
3621	2
3622	2
3623	3
3624	0
3625	2
3626	3
3627	3
3628	2
3629	2
3630	0
3631	0
3632	2
3633	2
3634	0
3635	2
3636	0
3637	2
3638	3
3639	3
3640	0
3641	2
3642	2
3643	0
3644	2
3645	0
3646	0
3647	3
3648	0
3649	2
3650	2
3651	2
3652	0
3653	0
3654	3
3655	2
3656	0
3657	3
3658	2
3659	3
3660	3
3661	3
3662	3
3663	2
3664	3
3665	2
3666	0
3667	1
3668	0
3669	0
3670	3
3671	0
3672	0
3673	3
3674	2
3675	2
3676	3
3677	2
3678	3
3679	2
3680	2
3681	2
3682	0
3683	3
3684	0
3685	1
3686	2
3687	2
3688	0
3689	0
3690	3
3691	3
3692	2
3693	2
3694	2
3695	2
3696	3
3697	3
3698	0
3699	0
3700	2
3701	0
3702	3
3703	1
3704	0
3705	0
3706	0
3707	2
3708	3
3709	1
3710	3
3711	2
3712	3
3713	2
3714	2
3715	0
3716	0
3717	2
3718	3
3719	0
3720	0
3721	3
3722	3
3723	2
3724	2
3725	3
3726	3
3727	0
3728	3
3729	2
3730	0
3731	2
3732	0
3733	2
3734	3
3735	3
3736	3
3737	2
3738	2
3739	2
3740	3
3741	2
3742	3
3743	2
3744	2
3745	2
3746	0
3747	0
3748	0
3749	2
3750	3
3751	2
3752	3
3753	2
3754	2
3755	1
3756	0
3757	2
3758	3
3759	3
3760	3
3761	2
3762	2
3763	0
3764	0
3765	2
3766	0
3767	3
3768	0
3769	2
3770	2
3771	3
3772	0
3773	2
3774	3
3775	2
3776	3
3777	2
3778	2
3779	2
3780	0
3781	0
3782	3
3783	3
3784	0
3785	3
3786	3
3787	3
3788	2
3789	2
3790	3
3791	2
3792	3
3793	3
3794	2
3795	2
3796	0
3797	3
3798	2
3799	2
3800	2
3801	1
3802	2
3803	3
3804	2
3805	2
3806	3
3807	2
3808	2
3809	2
3810	0
3811	0
3812	2
3813	0
3814	3
3815	3
3816	3
3817	3
3818	3
3819	3
3820	0
3821	2
3822	2
3823	0
3824	3
3825	3
3826	2
3827	1
3828	2
3829	2
3830	3
3831	3
3832	0
3833	0
3834	2
3835	3
3836	2
3837	2
3838	3
3839	0
3840	2
3841	2
3842	2
3843	0
3844	3
3845	2
3846	3
3847	3
3848	0
3849	3
3850	2
3851	0
3852	2
3853	0
3854	0
3855	3
3856	0
3857	2
3858	2
3859	3
3860	3
3861	0
3862	0
3863	2
3864	3
3865	3
3866	3
3867	2
3868	2
3869	0
3870	0
3871	0
3872	3
3873	2
3874	2
3875	3
3876	0
3877	2
3878	0
3879	0
3880	3
3881	0
3882	3
3883	2
3884	3
3885	2
3886	0
3887	1
3888	3
3889	0
3890	3
3891	3
3892	3
3893	3
3894	2
3895	3
3896	3
3897	0
3898	3
3899	0
3900	3
3901	2
3902	0
3903	0
3904	3
3905	2
3906	2
3907	1
3908	2
3909	2
3910	3
3911	3
3912	3
3913	2
3914	2
3915	3
3916	2
3917	3
3918	0
3919	3
3920	3
3921	2
3922	2
3923	3
3924	0
3925	3
3926	0
3927	0
3928	3
3929	3
3930	2
3931	3
3932	2
3933	0
3934	3
3935	3
3936	0
3937	0
3938	2
3939	0
3940	3
3941	2
3942	0
3943	3
3944	0
3945	2
3946	2
3947	2
3948	2
3949	2
3950	3
3951	2
3952	2
3953	2
3954	2
3955	3
3956	2
3957	3
3958	3
3959	2
3960	0
3961	3
3962	2
3963	2
3964	0
3965	0
3966	0
3967	2
3968	3
3969	3
3970	3
3971	2
3972	2
3973	2
3974	0
3975	2
3976	3
3977	0
3978	3
3979	2
3980	3
3981	0
3982	1
3983	3
3984	3
3985	2
3986	3
3987	2
3988	0
3989	2
3990	3
3991	2
3992	0
3993	1
3994	2
3995	0
3996	0
3997	0
3998	2
3999	2
4000	3
4001	2
4002	0
4003	3
4004	0
4005	1
4006	0
4007	2
4008	0
4009	0
4010	2
4011	3
4012	0
4013	2
4014	0
4015	0
4016	0
4017	2
4018	0
4019	0
4020	3
4021	1
4022	2
4023	2
4024	2
4025	0
4026	3
4027	0
4028	3
4029	2
4030	0
4031	2
4032	3
4033	1
4034	2
4035	2
4036	3
4037	2
4038	3
4039	3
4040	3
4041	0
4042	2
4043	3
4044	2
4045	2
4046	2
4047	2
4048	3
4049	0
4050	2
4051	2
4052	0
4053	2
4054	2
4055	3
4056	3
4057	0
4058	3
4059	3
4060	0
4061	0
4062	0
4063	0
4064	3
4065	3
4066	2
4067	0
4068	3
4069	2
4070	2
4071	0
4072	0
4073	0
4074	3
4075	3
4076	3
4077	2
4078	1
4079	3
4080	3
4081	3
4082	3
4083	2
4084	3
4085	2
4086	0
4087	2
4088	0
4089	0
4090	3
4091	3
4092	2
4093	1
4094	0
4095	2
4096	3
4097	3
4098	3
4099	3
4100	2
4101	3
4102	3
4103	3
4104	3
4105	3
4106	1
4107	2
4108	0
4109	3
4110	3
4111	2
4112	2
4113	2
4114	2
4115	0
4116	0
4117	2
4118	3
4119	3
4120	3
4121	0
4122	2
4123	1
4124	0
4125	2
4126	3
4127	3
4128	1
4129	2
4130	2
4131	3
4132	3
4133	3
4134	3
4135	2
4136	3
4137	3
4138	0
4139	3
4140	3
4141	3
4142	0
4143	2
4144	3
4145	2
4146	2
4147	0
4148	1
4149	2
4150	3
4151	0
4152	2
4153	3
4154	2
4155	3
4156	2
4157	3
4158	3
4159	2
4160	2
4161	2
4162	3
4163	0
4164	2
4165	2
4166	0
4167	3
4168	2
4169	2
4170	0
4171	2
4172	2
4173	3
4174	3
4175	3
4176	2
4177	2
4178	2
4179	1
4180	3
4181	2
4182	3
4183	3
4184	2
4185	2
4186	2
4187	3
4188	3
4189	2
4190	3
4191	2
4192	3
4193	3
4194	1
4195	3
4196	1
4197	2
4198	2
4199	3
4200	0
4201	0
4202	1
4203	2
4204	3
4205	3
4206	3
4207	2
4208	2
4209	3
4210	3
4211	2
4212	0
4213	2
4214	2
4215	0
4216	0
4217	2
4218	2
4219	2
4220	0
4221	0
4222	3
4223	1
4224	2
4225	2
4226	0
4227	2
4228	3
4229	2
4230	3
4231	2
4232	3
4233	0
4234	3
4235	3
4236	2
4237	3
4238	2
4239	2
4240	2
4241	2
4242	2
4243	3
4244	2
4245	2
4246	2
4247	3
4248	2
4249	3
4250	0
4251	2
4252	0
4253	3
4254	2
4255	2
4256	1
4257	0
4258	3
4259	3
4260	2
4261	2
4262	3
4263	3
4264	3
4265	3
4266	1
4267	3
4268	1
4269	1
4270	2
4271	3
4272	0
4273	2
4274	1
4275	3
4276	2
4277	2
4278	3
4279	1
4280	3
4281	3
4282	3
4283	3
4284	0
4285	3
4286	2
4287	2
4288	0
4289	2
4290	3
4291	3
4292	3
4293	2
4294	3
4295	2
4296	2
4297	3
4298	2
4299	2
4300	2
4301	0
4302	3
4303	2
4304	2
4305	3
4306	2
4307	2
4308	2
4309	2
4310	3
4311	2
4312	2
4313	2
4314	3
4315	2
4316	3
4317	3
4318	3
4319	2
4320	2
4321	2
4322	2
4323	0
4324	3
4325	2
4326	3
4327	2
4328	2
4329	3
4330	3
4331	2
4332	2
4333	2
4334	3
4335	3
4336	2
4337	0
4338	3
4339	2
4340	2
4341	2
4342	2
4343	2
4344	2
4345	2
4346	3
4347	3
4348	3
4349	2
4350	2
4351	2
4352	3
4353	2
4354	0
4355	3
4356	2
4357	3
4358	2
4359	3
4360	3
4361	3
4362	3
4363	2
4364	2
4365	0
4366	3
4367	2
4368	3
4369	2
4370	1
4371	2
4372	2
4373	2
4374	0
4375	3
4376	2
4377	3
4378	2
4379	3
4380	3
4381	3
4382	0
4383	2
4384	3
4385	2
4386	2
4387	0
4388	2
4389	2
4390	3
4391	3
4392	3
4393	3
4394	0
4395	2
4396	2
4397	3
4398	2
4399	2
4400	3
4401	3
4402	1
4403	1
4404	2
4405	3
4406	3
4407	2
4408	2
4409	3
4410	2
4411	2
4412	0
4413	2
4414	0
4415	2
4416	3
4417	2
4418	0
4419	3
4420	2
4421	3
4422	0
4423	3
4424	3
4425	1
4426	1
4427	2
4428	2
4429	3
4430	3
4431	2
4432	2
4433	3
4434	2
4435	2
4436	2
4437	2
4438	1
4439	2
4440	0
4441	1
4442	1
4443	2
4444	2
4445	1
4446	3
4447	2
4448	2
4449	3
4450	2
4451	2
4452	1
4453	3
4454	3
4455	3
4456	2
4457	3
4458	3
4459	2
4460	3
4461	3
4462	3
4463	2
4464	2
4465	2
4466	0
4467	3
4468	3
4469	3
4470	3
4471	3
4472	3
4473	3
4474	2
4475	2
4476	2
4477	0
4478	2
4479	2
4480	2
4481	2
4482	0
4483	2
4484	2
4485	2
4486	3
4487	3
4488	3
4489	3
4490	0
4491	2
4492	2
4493	3
4494	3
4495	2
4496	3
4497	3
4498	3
4499	3
4500	2
4501	2
4502	3
4503	3
4504	2
4505	3
4506	0
4507	3
4508	3
4509	0
4510	2
4511	2
4512	3
4513	2
4514	3
4515	1
4516	3
4517	2
4518	1
4519	3
4520	2
4521	2
4522	2
4523	0
4524	3
4525	3
4526	2
4527	2
4528	3
4529	3
4530	3
4531	3
4532	2
4533	2
4534	3
4535	1
4536	3
4537	1
4538	3
4539	0
4540	2
4541	3
4542	2
4543	2
4544	3
4545	2
4546	0
4547	3
4548	2
4549	0
4550	0
4551	0
4552	3
4553	2
4554	3
4555	2
4556	0
4557	0
4558	2
4559	2
4560	3
4561	0
4562	0
4563	3
4564	2
4565	1
4566	0
4567	3
4568	2
4569	3
4570	3
4571	2
4572	0
4573	0
4574	3
4575	2
4576	3
4577	3
4578	3
4579	1
4580	2
4581	2
4582	3
4583	3
4584	3
4585	0
4586	3
4587	2
4588	3
4589	0
4590	3
4591	2
4592	3
4593	2
4594	0
4595	1
4596	2
4597	3
4598	2
4599	2
4600	2
4601	3
4602	2
4603	0
4604	3
4605	3
4606	3
4607	2
4608	3
4609	1
4610	3
4611	2
4612	3
4613	2
4614	2
4615	2
4616	3
4617	3
4618	3
4619	2
4620	0
4621	0
4622	2
4623	2
4624	3
4625	2
4626	1
4627	2
4628	2
4629	2
4630	2
4631	3
4632	2
4633	2
4634	2
4635	0
4636	1
4637	3
4638	2
4639	2
4640	3
4641	2
4642	0
4643	2
4644	3
4645	2
4646	2
4647	2
4648	3
4649	2
4650	1
4651	2
4652	2
4653	0
4654	3
4655	2
4656	3
4657	2
4658	3
4659	2
4660	2
4661	2
4662	2
4663	3
4664	2
4665	3
4666	2
4667	2
4668	2
4669	3
4670	3
4671	2
4672	3
4673	3
4674	2
4675	2
4676	1
4677	3
4678	2
4679	3
4680	3
4681	3
4682	1
4683	2
4684	3
4685	3
4686	2
4687	2
4688	3
4689	2
4690	2
4691	0
4692	3
4693	2
4694	2
4695	2
4696	3
4697	3
4698	2
4699	2
4700	0
4701	2
4702	3
4703	3
4704	3
4705	3
4706	2
4707	0
4708	2
4709	3
4710	2
4711	2
4712	3
4713	3
4714	2
4715	2
4716	2
4717	0
4718	2
4719	2
4720	3
4721	0
4722	2
4723	0
4724	2
4725	2
4726	2
4727	2
4728	3
4729	3
4730	2
4731	2
4732	0
4733	2
4734	2
4735	3
4736	3
4737	3
4738	2
4739	2
4740	0
4741	2
4742	3
4743	2
4744	3
4745	2
4746	3
4747	2
4748	2
4749	3
4750	2
4751	2
4752	2
4753	3
4754	2
4755	2
4756	2
4757	2
4758	0
4759	3
4760	3
4761	3
4762	2
4763	2
4764	1
4765	3
4766	0
4767	2
4768	3
4769	1
4770	3
4771	2
4772	2
4773	2
4774	2
4775	3
4776	3
4777	2
4778	2
4779	2
4780	2
4781	3
4782	2
4783	3
4784	3
4785	2
4786	3
4787	3
4788	3
4789	2
4790	2
4791	2
4792	3
4793	2
4794	0
4795	2
4796	1
4797	3
4798	2
4799	2
4800	3
4801	2
4802	2
4803	2
4804	3
4805	2
4806	2
4807	3
4808	3
4809	2
4810	2
4811	2
4812	2
4813	2
4814	3
4815	0
4816	2
4817	1
4818	2
4819	1
4820	1
4821	0
4822	2
4823	3
4824	2
4825	2
4826	0
4827	3
4828	3
4829	2
4830	3
4831	0
4832	0
4833	2
4834	2
4835	0
4836	3
4837	2
4838	2
4839	2
4840	3
4841	2
4842	0
4843	2
4844	3
4845	2
4846	3
4847	2
4848	3
4849	0
4850	2
4851	2
4852	2
4853	0
4854	3
4855	3
4856	3
4857	3
4858	0
4859	2
4860	0
4861	2
4862	2
4863	3
4864	2
4865	2
4866	1
4867	0
4868	0
4869	2
4870	2
4871	3
4872	0
4873	3
4874	3
4875	2
4876	0
4877	2
4878	2
4879	3
4880	3
4881	3
4882	3
4883	3
4884	2
4885	2
4886	3
4887	3
4888	3
4889	2
4890	2
4891	0
4892	1
4893	2
4894	2
4895	2
4896	2
4897	3
4898	0
4899	1
4900	3
4901	2
4902	2
4903	0
4904	2
4905	3
4906	2
4907	2
4908	0
4909	3
4910	2
4911	2
4912	3
4913	3
4914	0
4915	2
4916	2
4917	2
4918	2
4919	3
4920	3
4921	3
4922	2
4923	3
4924	3
4925	3
4926	3
4927	2
4928	3
4929	2
4930	0
4931	3
4932	2
4933	2
4934	2
4935	2
4936	1
4937	0
4938	3
4939	2
4940	3
4941	0
4942	2
4943	2
4944	2
4945	3
4946	3
4947	0
4948	2
4949	2
4950	3
4951	3
4952	1
4953	3
4954	3
4955	2
4956	2
4957	3
4958	2
4959	2
4960	2
4961	3
4962	1
4963	3
4964	2
4965	0
4966	1
4967	2
4968	2
4969	2
4970	3
4971	3
4972	1
4973	0
4974	0
4975	2
4976	3
4977	3
4978	3
4979	3
4980	2
4981	0
4982	3
4983	2
4984	2
4985	3
4986	3
4987	2
4988	2
4989	2
4990	3
4991	2
4992	3
4993	3
4994	3
4995	0
4996	3
4997	0
4998	2
4999	3
5000	2
5001	2
5002	2
5003	2
5004	2
5005	0
5006	2
5007	3
5008	3
5009	2
5010	3
5011	2
5012	3
5013	0
5014	2
5015	0
5016	2
5017	3
5018	3
5019	2
5020	3
5021	2
5022	2
5023	0
5024	3
5025	3
5026	3
5027	0
5028	0
5029	0
5030	1
5031	3
5032	3
5033	2
5034	2
5035	2
5036	2
5037	1
5038	2
5039	2
5040	3
5041	3
5042	3
5043	3
5044	3
5045	0
5046	3
5047	1
5048	2
5049	2
5050	3
5051	2
5052	2
5053	3
5054	3
5055	2
5056	3
5057	2
5058	3
5059	3
5060	3
5061	2
5062	3
5063	2
5064	2
5065	3
5066	3
5067	2
5068	2
5069	2
5070	3
5071	3
5072	3
5073	2
5074	3
5075	1
5076	2
5077	2
5078	2
5079	3
5080	3
5081	2
5082	3
5083	3
5084	2
5085	3
5086	3
5087	0
5088	3
5089	2
5090	3
5091	0
5092	2
5093	3
5094	2
5095	2
5096	2
5097	0
5098	2
5099	0
5100	0
5101	1
5102	3
5103	2
5104	3
5105	2
5106	3
5107	1
5108	3
5109	3
5110	2
5111	3
5112	0
5113	3
5114	2
5115	2
5116	3
5117	1
5118	3
5119	3
5120	0
5121	2
5122	3
5123	3
5124	2
5125	0
5126	2
5127	2
5128	0
5129	3
5130	2
5131	2
5132	2
5133	3
5134	2
5135	0
5136	2
5137	2
5138	3
5139	3
5140	2
5141	2
5142	0
5143	2
5144	3
5145	3
5146	2
5147	0
5148	2
5149	3
5150	3
5151	0
5152	2
5153	3
5154	2
5155	0
5156	3
5157	0
5158	0
5159	2
5160	1
5161	2
5162	2
5163	0
5164	3
5165	3
5166	3
5167	0
5168	2
5169	2
5170	2
5171	2
5172	2
5173	0
5174	2
5175	2
5176	2
5177	3
5178	3
5179	0
5180	2
5181	3
5182	2
5183	1
5184	2
5185	1
5186	2
5187	2
5188	2
5189	3
5190	0
5191	2
5192	3
5193	3
5194	3
5195	2
5196	2
5197	2
5198	2
5199	3
5200	2
5201	3
5202	2
5203	3
5204	2
5205	2
5206	3
5207	2
5208	2
5209	3
5210	2
5211	2
5212	0
5213	3
5214	3
5215	0
5216	0
5217	2
5218	3
5219	2
5220	2
5221	0
5222	2
5223	0
5224	3
5225	3
5226	3
5227	2
5228	2
5229	0
5230	2
5231	3
5232	3
5233	3
5234	2
5235	3
5236	2
5237	0
5238	2
5239	2
5240	3
5241	3
5242	3
5243	0
5244	3
5245	0
5246	2
5247	3
5248	3
5249	2
5250	0
5251	2
5252	2
5253	2
5254	1
5255	2
5256	3
5257	3
5258	0
5259	2
5260	2
5261	3
5262	3
5263	2
5264	2
5265	2
5266	3
5267	0
5268	2
5269	2
5270	3
5271	2
5272	2
5273	2
5274	2
5275	2
5276	0
5277	3
5278	2
5279	2
5280	2
5281	2
5282	2
5283	0
5284	1
5285	2
5286	0
5287	2
5288	3
5289	2
5290	0
5291	0
5292	2
5293	2
5294	2
5295	2
5296	3
5297	2
5298	2
5299	2
5300	2
5301	2
5302	0
5303	2
5304	3
5305	3
5306	2
5307	0
5308	0
5309	2
5310	0
5311	2
5312	2
5313	2
5314	2
5315	2
5316	3
5317	2
5318	3
5319	2
5320	3
5321	0
5322	0
5323	2
5324	2
5325	2
5326	2
5327	2
5328	2
5329	2
5330	2
5331	2
5332	2
5333	2
5334	3
5335	2
5336	3
5337	2
5338	0
5339	0
5340	0
5341	2
5342	3
5343	2
5344	2
5345	3
5346	2
5347	2
5348	2
5349	2
5350	0
5351	2
5352	3
5353	2
5354	0
5355	2
5356	2
5357	2
5358	3
5359	2
5360	2
5361	0
5362	3
5363	2
5364	3
5365	2
5366	2
5367	2
5368	3
5369	3
5370	2
5371	2
5372	1
5373	2
5374	3
5375	3
5376	3
5377	2
5378	2
5379	2
5380	2
5381	0
5382	1
5383	2
5384	3
5385	2
5386	2
5387	3
5388	2
5389	2
5390	2
5391	0
5392	3
5393	2
5394	2
5395	2
5396	0
5397	2
5398	0
5399	2
5400	3
5401	2
5402	3
5403	2
5404	3
5405	2
5406	2
5407	2
5408	3
5409	2
5410	2
5411	2
5412	2
5413	2
5414	1
5415	2
5416	3
5417	2
5418	3
5419	2
5420	3
5421	2
5422	2
5423	2
5424	3
5425	3
5426	3
5427	1
5428	2
5429	2
5430	0
5431	2
5432	3
5433	3
5434	0
5435	3
5436	3
5437	3
5438	3
5439	0
5440	0
5441	2
5442	2
5443	0
5444	0
5445	2
5446	3
5447	2
5448	2
5449	2
5450	0
5451	2
5452	0
5453	3
5454	2
5455	0
5456	2
5457	3
5458	2
5459	2
5460	0
5461	2
5462	3
5463	2
5464	2
5465	3
5466	2
5467	3
5468	3
5469	2
5470	2
5471	2
5472	0
5473	2
5474	1
5475	0
5476	0
5477	2
5478	3
5479	2
5480	2
5481	3
5482	3
5483	2
5484	2
5485	2
5486	2
5487	3
5488	0
5489	3
5490	2
5491	0
5492	3
5493	0
5494	3
5495	2
5496	3
5497	3
5498	2
5499	3
5500	2
5501	0
5502	2
5503	2
5504	2
5505	1
5506	2
5507	0
5508	2
5509	3
5510	2
5511	2
5512	0
5513	2
5514	2
5515	0
5516	0
5517	2
5518	3
5519	3
5520	3
5521	2
5522	3
5523	1
5524	1
5525	2
5526	3
5527	2
5528	2
5529	2
5530	3
5531	2
5532	0
5533	2
5534	3
5535	3
5536	3
5537	2
5538	2
5539	2
5540	2
5541	3
5542	0
5543	0
5544	3
5545	3
5546	3
5547	2
5548	3
5549	1
5550	3
5551	3
5552	3
5553	3
5554	2
5555	2
5556	2
5557	2
5558	1
5559	3
5560	2
5561	3
5562	2
5563	3
5564	2
5565	0
5566	3
5567	0
5568	3
5569	3
5570	2
5571	3
5572	3
5573	2
5574	3
5575	0
5576	2
5577	2
5578	3
5579	0
5580	2
5581	3
5582	3
5583	2
5584	2
5585	1
5586	0
5587	2
5588	2
5589	2
5590	3
5591	3
5592	2
5593	0
5594	2
5595	2
5596	3
5597	3
5598	3
5599	2
5600	0
5601	2
5602	2
5603	2
5604	3
5605	2
5606	0
5607	2
5608	3
5609	2
5610	0
5611	0
5612	3
5613	2
5614	2
5615	1
5616	3
5617	1
5618	0
5619	2
5620	2
5621	2
5622	2
5623	2
5624	0
5625	2
5626	2
5627	3
5628	2
5629	2
5630	3
5631	3
5632	3
5633	2
5634	3
5635	3
5636	1
5637	3
5638	0
5639	1
5640	3
5641	2
5642	3
5643	2
5644	2
5645	3
5646	2
5647	2
5648	3
5649	2
5650	2
5651	2
5652	2
5653	2
5654	3
5655	2
5656	0
5657	3
5658	2
5659	3
5660	2
5661	2
5662	2
5663	0
5664	3
5665	2
5666	2
5667	1
5668	2
5669	2
5670	0
5671	0
5672	2
5673	3
5674	2
5675	3
5676	3
5677	2
5678	2
5679	2
5680	3
5681	3
5682	2
5683	1
5684	2
5685	2
5686	3
5687	2
5688	3
5689	3
5690	2
5691	3
5692	0
5693	2
5694	2
5695	2
5696	2
5697	3
5698	2
5699	0
5700	2
5701	2
5702	3
5703	0
5704	2
5705	2
5706	3
5707	3
5708	3
5709	3
5710	2
5711	1
5712	3
5713	3
5714	2
5715	0
5716	2
5717	2
5718	2
5719	2
5720	2
5721	3
5722	3
5723	3
5724	2
5725	2
5726	2
5727	0
5728	2
5729	3
5730	2
5731	2
5732	2
5733	2
5734	2
5735	0
5736	3
5737	3
5738	3
5739	3
5740	2
5741	3
5742	2
5743	3
5744	3
5745	2
5746	2
5747	0
5748	0
5749	2
5750	3
5751	3
5752	3
5753	2
5754	3
5755	3
5756	2
5757	2
5758	3
5759	3
5760	2
5761	2
5762	0
5763	2
5764	2
5765	2
5766	2
5767	0
5768	3
5769	3
5770	2
5771	0
5772	3
5773	2
5774	2
5775	2
5776	1
5777	2
5778	1
5779	2
5780	3
5781	2
5782	3
5783	2
5784	2
5785	2
5786	1
5787	2
5788	2
5789	3
5790	2
5791	2
5792	1
5793	2
5794	2
5795	2
5796	1
5797	2
5798	2
5799	0
5800	3
5801	2
5802	3
5803	0
5804	2
5805	0
5806	1
5807	3
5808	2
5809	2
5810	2
5811	2
5812	0
5813	3
5814	3
5815	2
5816	3
5817	2
5818	2
5819	1
5820	3
5821	1
5822	3
5823	0
5824	0
5825	0
5826	2
5827	2
5828	0
5829	2
5830	3
5831	2
5832	3
5833	2
5834	3
5835	3
5836	3
5837	3
5838	3
5839	0
5840	2
5841	3
5842	2
5843	2
5844	2
5845	2
5846	2
5847	2
5848	3
5849	0
5850	2
5851	3
5852	3
5853	2
5854	3
5855	0
5856	0
5857	2
5858	2
5859	2
5860	3
5861	0
5862	0
5863	0
5864	3
5865	2
5866	0
5867	3
5868	1
5869	2
5870	2
5871	0
5872	3
5873	0
5874	2
5875	2
5876	0
5877	2
5878	3
5879	0
5880	0
5881	1
5882	2
5883	3
5884	3
5885	3
5886	3
5887	3
5888	3
5889	3
5890	2
5891	3
5892	2
5893	2
5894	3
5895	3
5896	2
5897	3
5898	2
5899	2
5900	0
5901	2
5902	2
5903	2
5904	3
5905	0
5906	3
5907	3
5908	0
5909	2
5910	3
5911	3
5912	2
5913	3
5914	3
5915	0
5916	2
5917	3
5918	1
5919	0
5920	2
5921	3
5922	3
5923	2
5924	2
5925	3
5926	1
5927	3
5928	3
5929	3
5930	2
5931	0
5932	0
5933	3
5934	2
5935	0
5936	2
5937	0
5938	3
5939	2
5940	2
5941	3
5942	2
5943	2
5944	2
5945	3
5946	1
5947	3
5948	1
5949	2
5950	2
5951	0
5952	2
5953	3
5954	2
5955	2
5956	3
5957	2
5958	0
5959	0
5960	0
5961	3
5962	0
5963	3
5964	0
5965	1
5966	2
5967	2
5968	2
5969	3
5970	2
5971	3
5972	3
5973	3
5974	2
5975	3
5976	2
5977	3
5978	3
5979	3
5980	0
5981	3
5982	2
5983	2
5984	0
5985	2
5986	3
5987	1
5988	2
5989	2
5990	2
5991	2
5992	3
5993	2
5994	3
5995	2
5996	3
5997	3
5998	2
5999	1
6000	2
6001	2
6002	2
6003	2
6004	2
6005	2
6006	2
6007	3
6008	1
6009	0
6010	3
6011	2
6012	3
6013	3
6014	2
6015	3
6016	2
6017	2
6018	3
6019	2
6020	3
6021	2
6022	2
6023	0
6024	2
6025	2
6026	3
6027	2
6028	1
6029	2
6030	2
6031	1
6032	2
6033	2
6034	3
6035	2
6036	3
6037	2
6038	3
6039	1
6040	2
6041	2
6042	3
6043	2
6044	2
6045	2
6046	3
6047	3
6048	2
6049	3
6050	3
6051	2
6052	3
6053	3
6054	0
6055	0
6056	2
6057	3
6058	2
6059	0
6060	3
6061	3
6062	2
6063	0
6064	3
6065	3
6066	3
6067	2
6068	2
6069	2
6070	2
6071	0
6072	2
6073	3
6074	3
6075	3
6076	2
6077	2
6078	3
6079	0
6080	3
6081	2
6082	2
6083	2
6084	2
6085	2
6086	2
6087	1
6088	1
6089	2
6090	0
6091	3
6092	3
6093	3
6094	2
6095	0
6096	3
6097	3
6098	2
6099	2
6100	3
6101	3
6102	2
6103	2
6104	2
6105	3
6106	2
6107	3
6108	3
6109	3
6110	3
6111	2
6112	2
6113	3
6114	3
6115	1
6116	3
6117	2
6118	2
6119	2
6120	1
6121	3
6122	0
6123	0
6124	2
6125	3
6126	2
6127	2
6128	2
6129	2
6130	3
6131	2
6132	3
6133	3
6134	2
6135	2
6136	1
6137	2
6138	2
6139	3
6140	0
6141	0
6142	2
6143	3
6144	3
6145	2
6146	0
6147	3
6148	0
6149	2
6150	2
6151	0
6152	3
6153	2
6154	3
6155	2
6156	2
6157	0
6158	3
6159	0
6160	3
6161	2
6162	1
6163	3
6164	0
6165	0
6166	3
6167	0
6168	0
6169	3
6170	3
6171	2
6172	2
6173	0
6174	3
6175	3
6176	3
6177	2
6178	3
6179	2
6180	0
6181	0
6182	3
6183	2
6184	2
6185	3
6186	3
6187	3
6188	0
6189	3
6190	2
6191	3
6192	3
6193	2
6194	3
6195	0
6196	0
6197	2
6198	2
6199	1
6200	2
6201	3
6202	0
6203	3
6204	1
6205	2
6206	2
6207	3
6208	3
6209	0
6210	0
6211	2
6212	0
6213	2
6214	0
6215	3
6216	2
6217	2
6218	3
6219	1
6220	2
6221	0
6222	3
6223	0
6224	2
6225	2
6226	0
6227	2
6228	0
6229	0
6230	3
6231	3
6232	2
6233	3
6234	3
6235	3
6236	2
6237	2
6238	2
6239	1
6240	2
6241	2
6242	3
6243	3
6244	0
6245	0
6246	2
6247	2
6248	2
6249	3
6250	3
6251	1
6252	3
6253	0
6254	3
6255	3
6256	2
6257	0
6258	3
6259	3
6260	0
6261	0
6262	1
6263	3
6264	2
6265	3
6266	3
6267	3
6268	3
6269	0
6270	3
6271	3
6272	3
6273	2
6274	2
6275	0
6276	3
6277	0
6278	2
6279	3
6280	3
6281	0
6282	0
6283	0
6284	3
6285	2
6286	1
6287	2
6288	2
6289	2
6290	2
6291	2
6292	2
6293	0
6294	2
6295	3
6296	2
6297	3
6298	2
6299	0
6300	2
6301	2
6302	0
6303	2
6304	3
6305	2
6306	3
6307	0
6308	3
6309	0
6310	3
6311	3
6312	2
6313	2
6314	0
6315	0
6316	2
6317	2
6318	0
6319	2
6320	3
6321	2
6322	1
6323	2
6324	0
6325	0
6326	3
6327	3
6328	2
6329	2
6330	3
6331	0
6332	2
6333	0
6334	3
6335	2
6336	3
6337	2
6338	0
6339	3
6340	1
6341	0
6342	3
6343	2
6344	3
6345	3
6346	0
6347	3
6348	3
6349	2
6350	2
6351	3
6352	3
6353	2
6354	0
6355	0
6356	0
6357	0
6358	2
6359	3
6360	2
6361	3
6362	2
6363	0
6364	3
6365	2
6366	0
6367	2
6368	0
6369	2
6370	2
6371	2
6372	0
6373	0
6374	2
6375	2
6376	2
6377	3
6378	3
6379	2
6380	0
6381	2
6382	2
6383	2
6384	3
6385	0
6386	2
6387	2
6388	2
6389	0
6390	2
6391	3
6392	2
6393	3
6394	3
6395	1
6396	3
6397	0
6398	2
6399	2
6400	3
6401	2
6402	0
6403	2
6404	2
6405	0
6406	1
6407	3
6408	2
6409	2
6410	2
6411	3
6412	3
6413	2
6414	3
6415	1
6416	3
6417	2
6418	2
6419	2
6420	2
6421	2
6422	3
6423	3
6424	2
6425	0
6426	2
6427	3
6428	3
6429	0
6430	3
6431	1
6432	3
6433	3
6434	2
6435	2
6436	2
6437	0
6438	2
6439	0
6440	2
6441	2
6442	3
6443	3
6444	3
6445	1
6446	3
6447	1
6448	3
6449	2
6450	3
6451	3
6452	2
6453	2
6454	3
6455	3
6456	2
6457	3
6458	2
6459	2
6460	1
6461	2
6462	2
6463	1
6464	3
6465	3
6466	2
6467	2
6468	2
6469	2
6470	0
6471	3
6472	2
6473	3
6474	2
6475	2
6476	2
6477	2
6478	2
6479	2
6480	2
6481	2
6482	2
6483	2
6484	1
6485	0
6486	0
6487	3
6488	0
6489	2
6490	2
6491	3
6492	1
6493	2
6494	2
6495	2
6496	3
6497	3
6498	2
6499	0
6500	2
6501	2
6502	0
6503	3
6504	2
6505	2
6506	3
6507	2
6508	3
6509	0
6510	1
6511	2
6512	1
6513	0
6514	2
6515	2
6516	2
6517	3
6518	2
6519	3
6520	2
6521	0
6522	2
6523	3
6524	3
6525	2
6526	2
6527	1
6528	3
6529	2
6530	1
6531	2
6532	2
6533	1
6534	3
6535	2
6536	0
6537	3
6538	2
6539	3
6540	2
6541	3
6542	1
6543	2
6544	2
6545	2
6546	2
6547	2
6548	2
6549	0
6550	3
6551	3
6552	2
6553	2
6554	2
6555	3
6556	0
6557	3
6558	1
6559	0
6560	3
6561	2
6562	2
6563	2
6564	2
6565	0
6566	0
6567	3
6568	0
6569	0
6570	2
6571	3
6572	3
6573	2
6574	2
6575	0
6576	0
6577	2
6578	2
6579	2
6580	2
6581	2
6582	0
6583	3
6584	2
6585	2
6586	2
6587	2
6588	3
6589	2
6590	2
6591	0
6592	3
6593	2
6594	2
6595	2
6596	0
6597	2
6598	2
6599	3
6600	2
6601	2
6602	0
6603	0
6604	0
6605	0
6606	3
6607	0
6608	3
6609	2
6610	3
6611	2
6612	0
6613	0
6614	3
6615	2
6616	2
6617	2
6618	2
6619	3
6620	2
6621	0
6622	3
6623	3
6624	3
6625	2
6626	1
6627	2
6628	2
6629	2
6630	2
6631	3
6632	1
6633	3
6634	3
6635	2
6636	2
6637	0
6638	2
6639	1
6640	1
6641	2
6642	2
6643	2
6644	2
6645	0
6646	0
6647	2
6648	2
6649	2
6650	3
6651	2
6652	3
6653	2
6654	2
6655	2
6656	2
6657	0
6658	3
6659	2
6660	2
6661	2
6662	3
6663	0
6664	3
6665	3
6666	1
6667	1
6668	0
6669	3
6670	2
6671	0
6672	3
6673	0
6674	3
6675	2
6676	2
6677	2
6678	1
6679	0
6680	2
6681	3
6682	3
6683	3
6684	3
6685	2
6686	0
6687	3
6688	3
6689	2
6690	3
6691	2
6692	2
6693	3
6694	0
6695	3
6696	0
6697	0
6698	3
6699	0
6700	2
6701	2
6702	2
6703	0
6704	3
6705	3
6706	0
6707	0
6708	0
6709	2
6710	2
6711	3
6712	0
6713	3
6714	3
6715	2
6716	1
6717	2
6718	2
6719	3
6720	3
6721	0
6722	3
6723	3
6724	2
6725	3
6726	2
6727	2
6728	3
6729	2
6730	2
6731	2
6732	3
6733	2
6734	0
6735	2
6736	3
6737	2
6738	3
6739	3
6740	0
6741	2
6742	1
6743	2
6744	2
6745	2
6746	2
6747	2
6748	2
6749	3
6750	2
6751	0
6752	3
6753	0
6754	3
6755	2
6756	2
6757	3
6758	2
6759	2
6760	2
6761	2
6762	0
6763	1
6764	2
6765	3
6766	2
6767	3
6768	2
6769	0
6770	3
6771	3
6772	3
6773	3
6774	0
6775	2
6776	2
6777	0
6778	2
6779	2
6780	2
6781	0
6782	2
6783	3
6784	0
6785	2
6786	0
6787	2
6788	2
6789	2
6790	2
6791	3
6792	2
6793	2
6794	0
6795	3
6796	2
6797	1
6798	1
6799	3
6800	0
6801	2
6802	2
6803	2
6804	2
6805	3
6806	3
6807	3
6808	2
6809	2
6810	3
6811	3
6812	2
6813	2
6814	2
6815	3
6816	3
6817	2
6818	2
6819	2
6820	2
6821	3
6822	2
6823	3
6824	0
6825	2
6826	3
6827	3
6828	3
6829	3
6830	2
6831	1
6832	3
6833	0
6834	2
6835	2
6836	2
6837	3
6838	3
6839	3
6840	3
6841	2
6842	3
6843	3
6844	3
6845	2
6846	2
6847	1
6848	3
6849	2
6850	2
6851	0
6852	2
6853	1
6854	3
6855	0
6856	2
6857	3
6858	3
6859	3
6860	0
6861	2
6862	2
6863	3
6864	3
6865	2
6866	3
6867	0
6868	3
6869	0
6870	3
6871	3
6872	2
6873	3
6874	2
6875	3
6876	1
6877	3
6878	0
6879	2
6880	2
6881	3
6882	3
6883	3
6884	0
6885	2
6886	3
6887	3
6888	1
6889	0
6890	3
6891	3
6892	3
6893	2
6894	2
6895	0
6896	3
6897	0
6898	2
6899	2
6900	2
6901	0
6902	1
6903	2
6904	2
6905	2
6906	2
6907	2
6908	3
6909	2
6910	2
6911	0
6912	2
6913	3
6914	0
6915	3
6916	0
6917	2
6918	3
6919	2
6920	2
6921	3
6922	2
6923	1
6924	2
6925	1
6926	1
6927	3
6928	3
6929	3
6930	3
6931	0
6932	0
6933	2
6934	3
6935	2
6936	2
6937	1
6938	3
6939	0
6940	3
6941	2
6942	3
6943	3
6944	2
6945	0
6946	3
6947	2
6948	0
6949	3
6950	1
6951	2
6952	2
6953	2
6954	3
6955	2
6956	3
6957	2
6958	2
6959	1
6960	0
6961	2
6962	1
6963	0
6964	2
6965	1
6966	3
6967	0
6968	3
6969	2
6970	3
6971	2
6972	1
6973	2
6974	0
6975	0
6976	2
6977	3
6978	0
6979	2
6980	3
6981	2
6982	2
6983	2
6984	2
6985	2
6986	2
6987	2
6988	3
6989	2
6990	2
6991	3
6992	2
6993	2
6994	2
6995	2
6996	2
6997	0
6998	2
6999	3
7000	3
7001	2
7002	2
7003	2
7004	0
7005	3
7006	3
7007	0
7008	2
7009	2
7010	2
7011	0
7012	2
7013	2
7014	2
7015	3
7016	3
7017	3
7018	2
7019	0
7020	2
7021	3
7022	2
7023	3
7024	2
7025	2
7026	2
7027	0
7028	2
7029	0
7030	0
7031	3
7032	2
7033	3
7034	3
7035	2
7036	3
7037	2
7038	3
7039	2
7040	3
7041	3
7042	2
7043	2
7044	0
7045	2
7046	2
7047	3
7048	2
7049	3
7050	3
7051	2
7052	2
7053	0
7054	2
7055	2
7056	3
7057	2
7058	2
7059	2
7060	0
7061	1
7062	0
7063	3
7064	3
7065	0
7066	2
7067	2
7068	3
7069	2
7070	2
7071	2
7072	2
7073	2
7074	2
7075	2
7076	0
7077	2
7078	2
7079	3
7080	3
7081	0
7082	3
7083	0
7084	3
7085	2
7086	0
7087	1
7088	3
7089	2
7090	2
7091	2
7092	2
7093	2
7094	2
7095	2
7096	3
7097	0
7098	0
7099	1
7100	0
7101	2
7102	2
7103	3
7104	3
7105	2
7106	1
7107	2
7108	2
7109	2
7110	3
7111	3
7112	2
7113	2
7114	3
7115	3
7116	0
7117	3
7118	3
7119	3
7120	3
7121	2
7122	0
7123	3
7124	2
7125	0
7126	3
7127	1
7128	3
7129	2
7130	3
7131	2
7132	2
7133	2
7134	0
7135	3
7136	2
7137	2
7138	0
7139	2
7140	3
7141	1
7142	2
7143	2
7144	2
7145	0
7146	3
7147	3
7148	0
7149	3
7150	2
7151	1
7152	3
7153	3
7154	2
7155	0
7156	0
7157	1
7158	2
7159	0
7160	1
7161	2
7162	3
7163	2
7164	2
7165	0
7166	0
7167	2
7168	3
7169	3
7170	3
7171	2
7172	2
7173	2
7174	2
7175	2
7176	2
7177	2
7178	0
7179	3
7180	2
7181	0
7182	3
7183	3
7184	3
7185	2
7186	0
7187	3
7188	2
7189	2
7190	3
7191	2
7192	3
7193	1
7194	0
7195	1
7196	0
7197	2
7198	3
7199	3
7200	3
7201	3
7202	2
7203	2
7204	2
7205	2
7206	2
7207	3
7208	2
7209	3
7210	3
7211	3
7212	0
7213	3
7214	2
7215	3
7216	3
7217	3
7218	3
7219	1
7220	2
7221	1
7222	0
7223	2
7224	0
7225	0
7226	2
7227	2
7228	3
7229	0
7230	2
7231	2
7232	3
7233	3
7234	3
7235	2
7236	3
7237	0
7238	3
7239	3
7240	2
7241	0
7242	3
7243	2
7244	3
7245	3
7246	3
7247	3
7248	3
7249	3
7250	3
7251	0
7252	2
7253	2
7254	3
7255	3
7256	2
7257	2
7258	3
7259	0
7260	3
7261	2
7262	3
7263	2
7264	2
7265	2
7266	3
7267	2
7268	2
7269	2
7270	2
7271	2
7272	2
7273	0
7274	3
7275	2
7276	2
7277	3
7278	2
7279	3
7280	2
7281	3
7282	3
7283	2
7284	1
7285	1
7286	2
7287	3
7288	1
7289	2
7290	2
7291	2
7292	3
7293	3
7294	2
7295	3
7296	2
7297	3
7298	3
7299	2
7300	2
7301	2
7302	2
7303	3
7304	3
7305	2
7306	3
7307	2
7308	2
7309	1
7310	2
7311	2
7312	2
7313	0
7314	3
7315	2
7316	1
7317	0
7318	3
7319	3
7320	3
7321	3
7322	3
7323	3
7324	2
7325	1
7326	2
7327	2
7328	3
7329	3
7330	3
7331	0
7332	3
7333	2
7334	3
7335	3
7336	3
7337	2
7338	0
7339	3
7340	2
7341	0
7342	2
7343	3
7344	2
7345	3
7346	3
7347	0
7348	3
7349	0
7350	0
7351	3
7352	3
7353	0
7354	2
7355	3
7356	3
7357	2
7358	2
7359	2
7360	2
7361	2
7362	3
7363	2
7364	1
7365	2
7366	3
7367	0
7368	2
7369	2
7370	3
7371	3
7372	0
7373	3
7374	3
7375	3
7376	2
7377	2
7378	3
7379	2
7380	3
7381	1
7382	0
7383	0
7384	3
7385	3
7386	2
7387	2
7388	2
7389	2
7390	0
7391	2
7392	2
7393	3
7394	3
7395	2
7396	2
7397	3
7398	1
7399	2
7400	2
7401	3
7402	3
7403	3
7404	3
7405	3
7406	0
7407	3
7408	2
7409	3
7410	3
7411	2
7412	2
7413	3
7414	0
7415	2
7416	2
7417	2
7418	3
7419	0
7420	1
7421	3
7422	3
7423	3
7424	0
7425	2
7426	0
7427	0
7428	2
7429	2
7430	2
7431	3
7432	2
7433	2
7434	3
7435	0
7436	2
7437	3
7438	2
7439	3
7440	0
7441	2
7442	2
7443	1
7444	3
7445	2
7446	1
7447	2
7448	3
7449	2
7450	2
7451	2
7452	0
7453	3
7454	2
7455	3
7456	3
7457	2
7458	3
7459	2
7460	2
7461	0
7462	1
7463	2
7464	0
7465	2
7466	3
7467	0
7468	1
7469	1
7470	2
7471	3
7472	3
7473	2
7474	2
7475	2
7476	3
7477	3
7478	0
7479	3
7480	3
7481	3
7482	3
7483	0
7484	3
7485	2
7486	2
7487	3
7488	0
7489	2
7490	2
7491	2
7492	3
7493	2
7494	3
7495	2
7496	2
7497	2
7498	3
7499	0
7500	0
7501	2
7502	2
7503	3
7504	2
7505	2
7506	3
7507	2
7508	2
7509	2
7510	0
7511	2
7512	2
7513	3
7514	3
7515	0
7516	1
7517	2
7518	3
7519	2
7520	3
7521	2
7522	0
7523	2
7524	2
7525	2
7526	1
7527	0
7528	1
7529	3
7530	3
7531	1
7532	2
7533	2
7534	2
7535	2
7536	2
7537	3
7538	3
7539	2
7540	2
7541	3
7542	3
7543	2
7544	0
7545	2
7546	3
7547	0
7548	2
7549	2
7550	2
7551	3
7552	2
7553	2
7554	2
7555	0
7556	2
7557	2
7558	2
7559	0
7560	0
7561	2
7562	3
7563	2
7564	2
7565	3
7566	2
7567	3
7568	3
7569	2
7570	3
7571	2
7572	2
7573	0
7574	0
7575	1
7576	3
7577	2
7578	3
7579	3
7580	2
7581	2
7582	2
7583	3
7584	2
7585	2
7586	3
7587	3
7588	2
7589	2
7590	0
7591	3
7592	3
7593	2
7594	3
7595	2
7596	2
7597	2
7598	2
7599	3
7600	3
7601	3
7602	3
7603	2
7604	0
7605	0
7606	0
7607	3
7608	3
7609	2
7610	2
7611	1
7612	2
7613	2
7614	2
7615	3
7616	3
7617	2
7618	3
7619	3
7620	2
7621	2
7622	1
7623	0
7624	2
7625	2
7626	2
7627	2
7628	3
7629	0
7630	2
7631	3
7632	2
7633	3
7634	3
7635	0
7636	2
7637	1
7638	0
7639	3
7640	2
7641	3
7642	2
7643	3
7644	3
7645	3
7646	3
7647	0
7648	3
7649	2
7650	1
7651	0
7652	2
7653	2
7654	0
7655	3
7656	2
7657	2
7658	2
7659	0
7660	2
7661	0
7662	2
7663	3
7664	3
7665	3
7666	2
7667	2
7668	2
7669	2
7670	2
7671	0
7672	2
7673	2
7674	2
7675	0
7676	2
7677	2
7678	2
7679	3
7680	3
7681	2
7682	1
7683	2
7684	2
7685	2
7686	2
7687	3
7688	2
7689	0
7690	3
7691	1
7692	2
7693	2
7694	2
7695	3
7696	3
7697	3
7698	1
7699	0
7700	2
7701	2
7702	3
7703	3
7704	3
7705	0
7706	0
7707	1
7708	3
7709	2
7710	2
7711	3
7712	3
7713	2
7714	3
7715	2
7716	0
7717	2
7718	3
7719	0
7720	2
7721	0
7722	3
7723	3
7724	2
7725	2
7726	2
7727	0
7728	2
7729	3
7730	2
7731	0
7732	2
7733	0
7734	3
7735	3
7736	2
7737	0
7738	3
7739	0
7740	3
7741	0
7742	2
7743	2
7744	3
7745	3
7746	0
7747	0
7748	0
7749	2
7750	3
7751	3
7752	2
7753	2
7754	3
7755	2
7756	2
7757	2
7758	2
7759	3
7760	3
7761	2
7762	3
7763	0
7764	1
7765	2
7766	2
7767	3
7768	2
7769	2
7770	2
7771	1
7772	3
7773	3
7774	0
7775	2
7776	2
7777	2
7778	0
7779	2
7780	0
7781	3
7782	2
7783	3
7784	2
7785	2
7786	3
7787	0
7788	2
7789	3
7790	0
7791	2
7792	0
7793	3
7794	2
7795	1
7796	2
7797	0
7798	2
7799	2
7800	2
7801	1
7802	3
7803	3
7804	3
7805	3
7806	2
7807	3
7808	3
7809	2
7810	3
7811	2
7812	2
7813	2
7814	3
7815	0
7816	2
7817	0
7818	3
7819	1
7820	2
7821	2
7822	2
7823	3
7824	2
7825	3
7826	3
7827	2
7828	3
7829	3
7830	2
7831	3
7832	3
7833	3
7834	2
7835	0
7836	2
7837	2
7838	2
7839	3
7840	3
7841	3
7842	3
7843	2
7844	1
7845	0
7846	2
7847	3
7848	3
7849	0
7850	3
7851	0
7852	1
7853	3
7854	2
7855	2
7856	2
7857	2
7858	3
7859	3
7860	2
7861	0
7862	3
7863	2
7864	3
7865	0
7866	0
7867	0
7868	3
7869	3
7870	2
7871	0
7872	2
7873	3
7874	2
7875	0
7876	3
7877	3
7878	3
7879	0
7880	2
7881	2
7882	3
7883	0
7884	3
7885	3
7886	0
7887	3
7888	3
7889	3
7890	3
7891	0
7892	2
7893	3
7894	2
7895	3
7896	3
7897	3
7898	2
7899	2
7900	2
7901	2
7902	2
7903	2
7904	2
7905	2
7906	3
7907	2
7908	2
7909	0
7910	3
7911	3
7912	0
7913	3
7914	3
7915	3
7916	3
7917	2
7918	3
7919	3
7920	3
7921	2
7922	1
7923	2
7924	3
7925	2
7926	2
7927	3
7928	1
7929	3
7930	3
7931	0
7932	3
7933	3
7934	2
7935	3
7936	2
7937	2
7938	1
7939	2
7940	3
7941	2
7942	2
7943	3
7944	3
7945	0
7946	2
7947	2
7948	3
7949	2
7950	3
7951	2
7952	2
7953	2
7954	3
7955	2
7956	0
7957	2
7958	3
7959	2
7960	3
7961	3
7962	3
7963	0
7964	3
7965	2
7966	2
7967	3
7968	3
7969	2
7970	3
7971	2
7972	2
7973	1
7974	2
7975	2
7976	0
7977	2
7978	3
7979	0
7980	0
7981	3
7982	2
7983	3
7984	2
7985	3
7986	1
7987	2
7988	2
7989	3
7990	2
7991	2
7992	0
7993	0
7994	3
7995	2
7996	2
7997	2
7998	2
7999	3
8000	2
8001	2
8002	3
8003	3
8004	2
8005	0
8006	2
8007	0
8008	2
8009	2
8010	2
8011	2
8012	0
8013	2
8014	2
8015	2
8016	2
8017	0
8018	3
8019	2
8020	2
8021	2
8022	0
8023	3
8024	2
8025	0
8026	2
8027	2
8028	3
8029	2
8030	3
8031	2
8032	3
8033	2
8034	3
8035	0
8036	3
8037	2
8038	3
8039	2
8040	2
8041	2
8042	3
8043	2
8044	2
8045	2
8046	2
8047	3
8048	0
8049	0
8050	3
8051	3
8052	0
8053	2
8054	1
8055	2
8056	2
8057	0
8058	3
8059	1
8060	2
8061	3
8062	3
8063	3
8064	3
8065	0
8066	0
8067	2
8068	3
8069	3
8070	3
8071	3
8072	2
8073	2
8074	0
8075	0
8076	2
8077	3
8078	0
8079	3
8080	2
8081	2
8082	3
8083	2
8084	3
8085	2
8086	2
8087	2
8088	3
8089	3
8090	3
8091	2
8092	3
8093	2
8094	2
8095	2
8096	2
8097	3
8098	2
8099	2
8100	2
8101	2
8102	3
8103	3
8104	2
8105	2
8106	3
8107	2
8108	2
8109	3
8110	1
8111	3
8112	3
8113	2
8114	3
8115	2
8116	0
8117	3
8118	3
8119	3
8120	3
8121	0
8122	3
8123	3
8124	0
8125	0
8126	2
8127	3
8128	3
8129	2
8130	3
8131	3
8132	0
8133	2
8134	2
8135	3
8136	2
8137	3
8138	3
8139	0
8140	3
8141	2
8142	1
8143	3
8144	3
8145	1
8146	2
8147	2
8148	3
8149	2
8150	3
8151	3
8152	2
8153	3
8154	2
8155	0
8156	3
8157	3
8158	3
8159	2
8160	3
8161	2
8162	0
8163	0
8164	2
8165	2
8166	3
8167	3
8168	3
8169	2
8170	3
8171	2
8172	0
8173	3
8174	2
8175	3
8176	0
8177	0
8178	3
8179	3
8180	1
8181	2
8182	3
8183	3
8184	2
8185	3
8186	3
8187	2
8188	3
8189	3
8190	2
8191	3
