COMMAND
./sim gshare 11 9 ./proj2-traces/jpeg_trace.txt
OUTPUT
number of predictions:2000000
number of mispredictions:144741
misprediction rate:   7.24%
FINAL GSHARE CONTENTS
0	3
1	3
2	2
3	3
4	0
5	2
6	3
7	0
8	2
9	2
10	3
11	3
12	2
13	2
14	3
15	2
16	1
17	1
18	3
19	0
20	0
21	2
22	3
23	0
24	0
25	1
26	2
27	0
28	2
29	0
30	0
31	2
32	3
33	2
34	3
35	1
36	3
37	3
38	0
39	3
40	3
41	3
42	3
43	3
44	0
45	3
46	3
47	0
48	0
49	0
50	3
51	2
52	3
53	0
54	0
55	0
56	2
57	0
58	3
59	0
60	3
61	3
62	0
63	0
64	2
65	0
66	3
67	0
68	3
69	2
70	3
71	0
72	3
73	1
74	3
75	0
76	3
77	3
78	2
79	0
80	3
81	1
82	3
83	0
84	2
85	3
86	3
87	0
88	0
89	0
90	2
91	0
92	3
93	3
94	3
95	0
96	3
97	0
98	0
99	0
100	2
101	2
102	0
103	0
104	3
105	0
106	3
107	0
108	3
109	0
110	0
111	1
112	3
113	0
114	1
115	0
116	3
117	0
118	3
119	0
120	3
121	1
122	3
123	0
124	3
125	0
126	0
127	0
128	0
129	0
130	0
131	1
132	3
133	0
134	3
135	2
136	1
137	2
138	0
139	0
140	3
141	1
142	1
143	3
144	3
145	2
146	3
147	3
148	3
149	0
150	3
151	1
152	1
153	1
154	3
155	3
156	3
157	0
158	1
159	0
160	3
161	3
162	3
163	3
164	1
165	3
166	3
167	3
168	1
169	3
170	3
171	1
172	3
173	3
174	3
175	2
176	3
177	3
178	3
179	1
180	2
181	3
182	1
183	1
184	3
185	0
186	0
187	3
188	3
189	3
190	3
191	2
192	0
193	2
194	3
195	0
196	0
197	3
198	3
199	0
200	0
201	3
202	1
203	3
204	3
205	3
206	3
207	1
208	1
209	3
210	3
211	0
212	0
213	1
214	3
215	2
216	3
217	3
218	3
219	0
220	1
221	0
222	3
223	0
224	2
225	3
226	3
227	3
228	0
229	2
230	3
231	0
232	1
233	3
234	3
235	0
236	0
237	3
238	3
239	3
240	3
241	1
242	3
243	1
244	1
245	1
246	3
247	0
248	1
249	2
250	2
251	0
252	0
253	0
254	1
255	3
256	2
257	0
258	3
259	0
260	1
261	3
262	3
263	3
264	3
265	0
266	2
267	2
268	2
269	3
270	1
271	2
272	2
273	3
274	3
275	3
276	0
277	3
278	0
279	0
280	3
281	1
282	2
283	1
284	3
285	2
286	0
287	0
288	3
289	0
290	3
291	3
292	0
293	3
294	3
295	0
296	3
297	3
298	3
299	3
300	3
301	3
302	3
303	3
304	3
305	3
306	3
307	3
308	2
309	3
310	3
311	2
312	0
313	3
314	0
315	3
316	3
317	0
318	0
319	3
320	0
321	1
322	3
323	3
324	1
325	2
326	3
327	0
328	3
329	0
330	3
331	0
332	3
333	0
334	0
335	0
336	2
337	3
338	0
339	3
340	3
341	0
342	0
343	0
344	1
345	0
346	0
347	0
348	3
349	0
350	0
351	3
352	1
353	3
354	3
355	0
356	3
357	3
358	3
359	1
360	3
361	3
362	3
363	3
364	3
365	3
366	2
367	1
368	2
369	3
370	1
371	3
372	3
373	3
374	3
375	0
376	3
377	0
378	0
379	0
380	2
381	1
382	0
383	3
384	2
385	1
386	1
387	1
388	2
389	0
390	0
391	3
392	0
393	3
394	2
395	2
396	3
397	3
398	3
399	2
400	0
401	3
402	3
403	3
404	1
405	3
406	1
407	0
408	0
409	3
410	0
411	0
412	3
413	3
414	2
415	3
416	3
417	0
418	3
419	0
420	0
421	1
422	2
423	3
424	0
425	3
426	0
427	0
428	3
429	2
430	1
431	0
432	1
433	3
434	3
435	3
436	2
437	3
438	0
439	0
440	1
441	0
442	3
443	2
444	3
445	3
446	2
447	0
448	0
449	3
450	2
451	0
452	0
453	3
454	2
455	2
456	0
457	0
458	3
459	0
460	3
461	3
462	2
463	0
464	0
465	2
466	3
467	0
468	0
469	3
470	1
471	2
472	0
473	3
474	3
475	2
476	0
477	0
478	3
479	3
480	3
481	2
482	3
483	1
484	1
485	3
486	3
487	3
488	0
489	2
490	3
491	0
492	0
493	0
494	0
495	1
496	1
497	0
498	2
499	0
500	3
501	3
502	3
503	0
504	3
505	3
506	2
507	0
508	0
509	0
510	3
511	3
512	1
513	0
514	3
515	3
516	0
517	2
518	2
519	3
520	3
521	0
522	0
523	3
524	1
525	0
526	2
527	2
528	0
529	0
530	0
531	2
532	0
533	1
534	1
535	3
536	3
537	3
538	0
539	2
540	3
541	0
542	0
543	2
544	3
545	0
546	3
547	3
548	3
549	2
550	3
551	0
552	0
553	1
554	0
555	3
556	0
557	3
558	1
559	1
560	0
561	2
562	3
563	3
564	0
565	0
566	2
567	3
568	1
569	0
570	3
571	2
572	0
573	2
574	3
575	2
576	0
577	3
578	0
579	3
580	3
581	3
582	1
583	3
584	3
585	3
586	0
587	3
588	1
589	2
590	2
591	3
592	0
593	3
594	1
595	2
596	3
597	3
598	3
599	2
600	1
601	0
602	3
603	0
604	0
605	0
606	2
607	0
608	0
609	1
610	3
611	2
612	3
613	3
614	3
615	3
616	3
617	3
618	3
619	0
620	3
621	1
622	0
623	3
624	0
625	2
626	2
627	3
628	3
629	3
630	0
631	0
632	0
633	3
634	3
635	0
636	1
637	3
638	3
639	1
640	1
641	0
642	0
643	0
644	3
645	3
646	0
647	2
648	3
649	0
650	3
651	3
652	0
653	0
654	3
655	1
656	0
657	0
658	0
659	3
660	3
661	1
662	3
663	2
664	2
665	0
666	3
667	3
668	2
669	0
670	3
671	3
672	0
673	3
674	2
675	3
676	1
677	0
678	2
679	3
680	0
681	3
682	3
683	3
684	3
685	3
686	0
687	3
688	1
689	0
690	3
691	0
692	2
693	0
694	3
695	3
696	3
697	3
698	3
699	3
700	0
701	3
702	3
703	3
704	3
705	0
706	3
707	0
708	3
709	3
710	3
711	0
712	2
713	2
714	3
715	0
716	0
717	3
718	2
719	3
720	0
721	3
722	0
723	3
724	3
725	3
726	2
727	3
728	0
729	0
730	3
731	3
732	3
733	3
734	1
735	3
736	0
737	2
738	0
739	1
740	3
741	2
742	3
743	2
744	3
745	2
746	0
747	3
748	0
749	0
750	3
751	3
752	3
753	3
754	3
755	3
756	3
757	3
758	3
759	3
760	2
761	3
762	3
763	3
764	3
765	3
766	3
767	3
768	3
769	1
770	3
771	3
772	3
773	0
774	2
775	0
776	3
777	0
778	3
779	0
780	2
781	3
782	2
783	0
784	1
785	2
786	2
787	3
788	0
789	3
790	1
791	3
792	0
793	0
794	0
795	0
796	2
797	3
798	0
799	2
800	3
801	0
802	0
803	1
804	3
805	3
806	3
807	1
808	0
809	3
810	2
811	0
812	3
813	0
814	3
815	3
816	0
817	3
818	3
819	1
820	1
821	0
822	2
823	3
824	1
825	0
826	0
827	3
828	1
829	0
830	0
831	2
832	3
833	2
834	3
835	0
836	2
837	0
838	2
839	1
840	0
841	0
842	1
843	1
844	3
845	1
846	0
847	3
848	0
849	2
850	0
851	3
852	0
853	3
854	0
855	3
856	3
857	0
858	0
859	3
860	0
861	0
862	0
863	2
864	0
865	3
866	0
867	3
868	0
869	2
870	0
871	0
872	0
873	2
874	0
875	3
876	0
877	0
878	0
879	0
880	2
881	0
882	0
883	3
884	0
885	0
886	0
887	3
888	0
889	0
890	2
891	0
892	3
893	0
894	3
895	0
896	0
897	0
898	1
899	1
900	3
901	0
902	3
903	2
904	3
905	3
906	0
907	2
908	0
909	0
910	3
911	3
912	0
913	3
914	2
915	1
916	1
917	2
918	3
919	2
920	3
921	2
922	2
923	3
924	2
925	1
926	3
927	3
928	1
929	0
930	3
931	2
932	2
933	0
934	3
935	3
936	3
937	0
938	2
939	2
940	0
941	0
942	3
943	3
944	0
945	0
946	3
947	1
948	3
949	0
950	0
951	2
952	0
953	0
954	3
955	1
956	3
957	0
958	2
959	3
960	2
961	0
962	3
963	1
964	3
965	0
966	0
967	0
968	3
969	3
970	3
971	0
972	1
973	0
974	1
975	3
976	0
977	0
978	2
979	0
980	0
981	0
982	0
983	3
984	1
985	1
986	3
987	3
988	0
989	2
990	2
991	2
992	3
993	0
994	0
995	2
996	0
997	2
998	0
999	3
1000	2
1001	1
1002	3
1003	3
1004	3
1005	0
1006	3
1007	2
1008	0
1009	3
1010	0
1011	3
1012	0
1013	1
1014	0
1015	3
1016	0
1017	1
1018	0
1019	1
1020	2
1021	3
1022	2
1023	0
1024	3
1025	3
1026	2
1027	0
1028	0
1029	3
1030	0
1031	3
1032	3
1033	3
1034	3
1035	0
1036	3
1037	2
1038	0
1039	2
1040	2
1041	0
1042	3
1043	3
1044	1
1045	3
1046	1
1047	0
1048	3
1049	1
1050	3
1051	0
1052	3
1053	3
1054	3
1055	0
1056	3
1057	0
1058	3
1059	0
1060	2
1061	1
1062	3
1063	1
1064	3
1065	3
1066	0
1067	1
1068	2
1069	3
1070	3
1071	0
1072	3
1073	3
1074	2
1075	1
1076	3
1077	2
1078	3
1079	3
1080	3
1081	1
1082	1
1083	0
1084	3
1085	3
1086	0
1087	3
1088	3
1089	2
1090	3
1091	2
1092	3
1093	1
1094	0
1095	0
1096	2
1097	1
1098	3
1099	3
1100	3
1101	1
1102	3
1103	0
1104	3
1105	3
1106	3
1107	2
1108	2
1109	1
1110	3
1111	1
1112	0
1113	3
1114	3
1115	3
1116	2
1117	2
1118	0
1119	2
1120	3
1121	1
1122	3
1123	0
1124	3
1125	0
1126	3
1127	3
1128	3
1129	0
1130	3
1131	3
1132	0
1133	0
1134	0
1135	3
1136	3
1137	0
1138	3
1139	0
1140	0
1141	3
1142	3
1143	2
1144	1
1145	2
1146	3
1147	3
1148	3
1149	2
1150	0
1151	0
1152	2
1153	3
1154	3
1155	3
1156	3
1157	0
1158	3
1159	3
1160	3
1161	3
1162	3
1163	3
1164	3
1165	2
1166	3
1167	3
1168	3
1169	0
1170	3
1171	3
1172	3
1173	0
1174	3
1175	1
1176	3
1177	3
1178	1
1179	3
1180	3
1181	2
1182	3
1183	3
1184	3
1185	0
1186	2
1187	0
1188	0
1189	0
1190	2
1191	3
1192	1
1193	0
1194	3
1195	0
1196	3
1197	0
1198	2
1199	3
1200	3
1201	0
1202	0
1203	0
1204	3
1205	3
1206	3
1207	0
1208	3
1209	3
1210	0
1211	3
1212	3
1213	3
1214	0
1215	3
1216	3
1217	3
1218	3
1219	3
1220	3
1221	3
1222	3
1223	3
1224	3
1225	2
1226	3
1227	3
1228	3
1229	3
1230	3
1231	3
1232	3
1233	3
1234	3
1235	3
1236	2
1237	1
1238	3
1239	2
1240	0
1241	0
1242	3
1243	0
1244	3
1245	0
1246	0
1247	1
1248	3
1249	3
1250	3
1251	3
1252	3
1253	2
1254	3
1255	3
1256	3
1257	0
1258	3
1259	1
1260	3
1261	0
1262	0
1263	3
1264	0
1265	3
1266	3
1267	1
1268	3
1269	2
1270	3
1271	3
1272	3
1273	3
1274	0
1275	3
1276	3
1277	2
1278	0
1279	3
1280	3
1281	3
1282	2
1283	0
1284	3
1285	3
1286	3
1287	2
1288	3
1289	3
1290	3
1291	0
1292	2
1293	2
1294	3
1295	3
1296	3
1297	3
1298	2
1299	3
1300	3
1301	2
1302	0
1303	3
1304	3
1305	3
1306	2
1307	0
1308	3
1309	3
1310	3
1311	2
1312	3
1313	1
1314	3
1315	0
1316	3
1317	0
1318	3
1319	3
1320	3
1321	3
1322	3
1323	3
1324	3
1325	2
1326	0
1327	3
1328	0
1329	2
1330	3
1331	1
1332	1
1333	3
1334	0
1335	0
1336	3
1337	3
1338	0
1339	0
1340	3
1341	0
1342	0
1343	3
1344	3
1345	1
1346	2
1347	0
1348	2
1349	1
1350	3
1351	0
1352	1
1353	0
1354	3
1355	2
1356	3
1357	3
1358	1
1359	0
1360	0
1361	3
1362	1
1363	2
1364	3
1365	3
1366	2
1367	0
1368	3
1369	0
1370	1
1371	0
1372	2
1373	0
1374	0
1375	2
1376	3
1377	3
1378	3
1379	2
1380	3
1381	1
1382	3
1383	3
1384	3
1385	3
1386	3
1387	2
1388	3
1389	3
1390	3
1391	1
1392	3
1393	0
1394	3
1395	2
1396	3
1397	2
1398	0
1399	0
1400	3
1401	2
1402	3
1403	0
1404	2
1405	1
1406	3
1407	2
1408	3
1409	3
1410	3
1411	0
1412	2
1413	0
1414	0
1415	0
1416	3
1417	1
1418	3
1419	0
1420	0
1421	0
1422	1
1423	0
1424	3
1425	3
1426	3
1427	1
1428	3
1429	3
1430	3
1431	2
1432	2
1433	0
1434	3
1435	0
1436	3
1437	3
1438	3
1439	0
1440	3
1441	3
1442	3
1443	2
1444	3
1445	3
1446	2
1447	3
1448	0
1449	1
1450	3
1451	0
1452	2
1453	3
1454	3
1455	3
1456	2
1457	3
1458	3
1459	0
1460	3
1461	0
1462	3
1463	0
1464	2
1465	2
1466	3
1467	2
1468	2
1469	1
1470	0
1471	3
1472	0
1473	3
1474	3
1475	0
1476	0
1477	3
1478	0
1479	3
1480	3
1481	3
1482	3
1483	2
1484	3
1485	3
1486	3
1487	2
1488	3
1489	3
1490	3
1491	0
1492	0
1493	2
1494	1
1495	0
1496	2
1497	3
1498	1
1499	0
1500	3
1501	0
1502	1
1503	3
1504	1
1505	3
1506	3
1507	1
1508	3
1509	3
1510	0
1511	3
1512	3
1513	0
1514	3
1515	1
1516	0
1517	3
1518	3
1519	2
1520	3
1521	3
1522	0
1523	2
1524	3
1525	3
1526	1
1527	0
1528	3
1529	3
1530	0
1531	1
1532	3
1533	3
1534	3
1535	2
1536	0
1537	2
1538	3
1539	3
1540	1
1541	3
1542	0
1543	3
1544	0
1545	0
1546	0
1547	1
1548	3
1549	0
1550	3
1551	0
1552	0
1553	0
1554	2
1555	1
1556	3
1557	1
1558	3
1559	2
1560	3
1561	0
1562	3
1563	3
1564	3
1565	3
1566	3
1567	0
1568	0
1569	1
1570	3
1571	3
1572	3
1573	0
1574	3
1575	3
1576	1
1577	3
1578	3
1579	3
1580	0
1581	0
1582	0
1583	0
1584	3
1585	0
1586	2
1587	3
1588	3
1589	0
1590	3
1591	3
1592	1
1593	2
1594	3
1595	3
1596	3
1597	1
1598	3
1599	0
1600	0
1601	0
1602	3
1603	3
1604	1
1605	3
1606	0
1607	3
1608	3
1609	0
1610	0
1611	1
1612	3
1613	0
1614	0
1615	3
1616	0
1617	2
1618	3
1619	3
1620	0
1621	3
1622	2
1623	3
1624	0
1625	1
1626	3
1627	3
1628	3
1629	3
1630	3
1631	3
1632	2
1633	0
1634	2
1635	3
1636	2
1637	0
1638	0
1639	1
1640	0
1641	0
1642	0
1643	3
1644	1
1645	0
1646	0
1647	3
1648	0
1649	0
1650	0
1651	3
1652	3
1653	0
1654	1
1655	0
1656	1
1657	3
1658	3
1659	3
1660	0
1661	0
1662	0
1663	2
1664	2
1665	0
1666	3
1667	3
1668	0
1669	3
1670	1
1671	3
1672	3
1673	2
1674	3
1675	3
1676	3
1677	3
1678	3
1679	3
1680	3
1681	3
1682	3
1683	3
1684	3
1685	3
1686	2
1687	3
1688	2
1689	3
1690	3
1691	3
1692	3
1693	3
1694	3
1695	3
1696	3
1697	2
1698	3
1699	3
1700	3
1701	1
1702	0
1703	3
1704	3
1705	1
1706	1
1707	3
1708	3
1709	3
1710	3
1711	1
1712	1
1713	3
1714	2
1715	3
1716	3
1717	3
1718	3
1719	3
1720	3
1721	2
1722	3
1723	3
1724	3
1725	1
1726	3
1727	3
1728	3
1729	1
1730	3
1731	3
1732	3
1733	3
1734	3
1735	3
1736	1
1737	3
1738	3
1739	3
1740	1
1741	3
1742	3
1743	3
1744	3
1745	3
1746	3
1747	3
1748	2
1749	3
1750	3
1751	3
1752	2
1753	3
1754	2
1755	3
1756	3
1757	3
1758	3
1759	3
1760	2
1761	2
1762	0
1763	3
1764	0
1765	3
1766	2
1767	3
1768	1
1769	3
1770	0
1771	3
1772	3
1773	3
1774	3
1775	3
1776	2
1777	3
1778	3
1779	3
1780	3
1781	3
1782	1
1783	0
1784	3
1785	2
1786	3
1787	1
1788	3
1789	2
1790	3
1791	0
1792	3
1793	3
1794	3
1795	3
1796	3
1797	3
1798	2
1799	3
1800	3
1801	0
1802	3
1803	3
1804	2
1805	0
1806	1
1807	3
1808	3
1809	0
1810	1
1811	2
1812	3
1813	2
1814	3
1815	1
1816	3
1817	2
1818	0
1819	3
1820	3
1821	3
1822	3
1823	3
1824	3
1825	1
1826	3
1827	0
1828	3
1829	0
1830	3
1831	3
1832	0
1833	2
1834	3
1835	1
1836	0
1837	2
1838	3
1839	3
1840	3
1841	0
1842	3
1843	2
1844	3
1845	3
1846	3
1847	3
1848	3
1849	0
1850	3
1851	0
1852	2
1853	3
1854	1
1855	3
1856	3
1857	3
1858	0
1859	3
1860	3
1861	0
1862	3
1863	3
1864	3
1865	3
1866	2
1867	3
1868	3
1869	2
1870	1
1871	3
1872	3
1873	1
1874	3
1875	3
1876	3
1877	3
1878	1
1879	3
1880	2
1881	3
1882	3
1883	3
1884	3
1885	1
1886	3
1887	3
1888	3
1889	0
1890	3
1891	0
1892	1
1893	0
1894	2
1895	2
1896	3
1897	2
1898	3
1899	0
1900	2
1901	3
1902	3
1903	3
1904	3
1905	2
1906	1
1907	3
1908	3
1909	2
1910	3
1911	1
1912	3
1913	3
1914	3
1915	2
1916	3
1917	0
1918	2
1919	0
1920	3
1921	3
1922	3
1923	3
1924	3
1925	0
1926	3
1927	3
1928	3
1929	0
1930	3
1931	3
1932	1
1933	2
1934	3
1935	3
1936	0
1937	1
1938	3
1939	3
1940	3
1941	3
1942	3
1943	2
1944	3
1945	3
1946	3
1947	3
1948	3
1949	3
1950	3
1951	2
1952	3
1953	3
1954	2
1955	3
1956	0
1957	3
1958	2
1959	2
1960	3
1961	1
1962	3
1963	0
1964	3
1965	2
1966	3
1967	3
1968	0
1969	0
1970	3
1971	3
1972	3
1973	3
1974	3
1975	3
1976	3
1977	1
1978	3
1979	3
1980	3
1981	3
1982	3
1983	3
1984	3
1985	3
1986	3
1987	3
1988	3
1989	2
1990	3
1991	3
1992	1
1993	3
1994	2
1995	3
1996	2
1997	0
1998	3
1999	3
2000	1
2001	3
2002	3
2003	2
2004	3
2005	3
2006	3
2007	3
2008	3
2009	3
2010	3
2011	2
2012	3
2013	3
2014	0
2015	1
2016	3
2017	3
2018	3
2019	3
2020	2
2021	3
2022	3
2023	1
2024	2
2025	0
2026	3
2027	3
2028	3
2029	3
2030	3
2031	3
2032	2
2033	2
2034	3
2035	3
2036	1
2037	3
2038	3
2039	1
2040	2
2041	0
2042	3
2043	3
2044	2
2045	3
2046	3
2047	0
