COMMAND
./sim gshare 12 11 ./proj2-traces/gcc_trace.txt
OUTPUT
number of predictions:2000000
number of mispredictions:296541
misprediction rate:   14.83%
FINAL GSHARE CONTENTS
0	3
1	2
2	3
3	0
4	3
5	3
6	3
7	0
8	0
9	2
10	0
11	3
12	3
13	0
14	0
15	3
16	1
17	3
18	2
19	0
20	3
21	1
22	3
23	0
24	3
25	3
26	1
27	0
28	1
29	3
30	3
31	3
32	3
33	3
34	1
35	2
36	3
37	0
38	3
39	0
40	3
41	0
42	3
43	0
44	1
45	2
46	3
47	1
48	2
49	2
50	3
51	0
52	0
53	3
54	0
55	0
56	0
57	3
58	3
59	3
60	0
61	0
62	0
63	1
64	1
65	3
66	3
67	1
68	2
69	3
70	3
71	0
72	3
73	3
74	2
75	3
76	3
77	2
78	3
79	3
80	0
81	3
82	3
83	1
84	3
85	1
86	3
87	3
88	0
89	0
90	3
91	1
92	0
93	0
94	0
95	1
96	3
97	1
98	3
99	0
100	0
101	0
102	0
103	0
104	2
105	3
106	2
107	2
108	1
109	0
110	1
111	0
112	3
113	1
114	3
115	2
116	3
117	0
118	1
119	0
120	3
121	0
122	2
123	0
124	0
125	1
126	3
127	0
128	2
129	3
130	2
131	3
132	2
133	0
134	2
135	3
136	3
137	3
138	0
139	2
140	1
141	1
142	0
143	0
144	0
145	0
146	3
147	3
148	0
149	3
150	3
151	1
152	3
153	0
154	3
155	3
156	3
157	1
158	0
159	0
160	3
161	0
162	0
163	3
164	0
165	2
166	0
167	2
168	1
169	3
170	2
171	2
172	0
173	0
174	0
175	3
176	3
177	0
178	3
179	0
180	2
181	0
182	3
183	0
184	3
185	0
186	0
187	0
188	0
189	0
190	0
191	0
192	1
193	3
194	1
195	3
196	0
197	3
198	1
199	0
200	2
201	0
202	0
203	0
204	0
205	1
206	0
207	0
208	3
209	1
210	0
211	3
212	3
213	0
214	3
215	3
216	3
217	0
218	0
219	0
220	3
221	0
222	0
223	3
224	1
225	1
226	1
227	1
228	0
229	1
230	0
231	0
232	3
233	3
234	0
235	0
236	0
237	0
238	0
239	3
240	0
241	3
242	0
243	0
244	0
245	0
246	0
247	0
248	3
249	2
250	3
251	3
252	0
253	0
254	0
255	3
256	0
257	3
258	3
259	3
260	0
261	0
262	0
263	0
264	3
265	3
266	3
267	3
268	2
269	0
270	3
271	3
272	0
273	3
274	0
275	0
276	3
277	2
278	1
279	0
280	1
281	3
282	0
283	1
284	0
285	3
286	0
287	0
288	1
289	3
290	0
291	0
292	0
293	0
294	3
295	3
296	3
297	0
298	0
299	3
300	1
301	0
302	0
303	0
304	3
305	3
306	3
307	0
308	0
309	3
310	0
311	3
312	3
313	0
314	3
315	1
316	2
317	0
318	0
319	3
320	3
321	0
322	3
323	0
324	3
325	0
326	0
327	1
328	0
329	3
330	3
331	0
332	0
333	0
334	0
335	3
336	2
337	0
338	3
339	1
340	0
341	0
342	1
343	3
344	3
345	0
346	0
347	0
348	3
349	0
350	0
351	3
352	3
353	1
354	3
355	2
356	3
357	3
358	0
359	0
360	0
361	0
362	1
363	0
364	0
365	0
366	3
367	0
368	0
369	3
370	3
371	2
372	3
373	0
374	3
375	1
376	0
377	3
378	3
379	3
380	1
381	3
382	0
383	0
384	0
385	1
386	0
387	3
388	0
389	0
390	0
391	3
392	2
393	3
394	2
395	3
396	3
397	3
398	0
399	1
400	2
401	0
402	0
403	2
404	0
405	0
406	0
407	0
408	0
409	0
410	0
411	3
412	3
413	0
414	0
415	0
416	0
417	3
418	0
419	3
420	3
421	3
422	0
423	0
424	2
425	0
426	0
427	0
428	1
429	0
430	0
431	0
432	3
433	0
434	3
435	0
436	3
437	0
438	0
439	0
440	1
441	0
442	1
443	0
444	3
445	1
446	0
447	0
448	0
449	0
450	0
451	0
452	2
453	0
454	0
455	0
456	0
457	3
458	3
459	0
460	1
461	3
462	0
463	0
464	0
465	0
466	1
467	0
468	1
469	0
470	0
471	0
472	0
473	0
474	0
475	2
476	3
477	0
478	3
479	0
480	3
481	3
482	0
483	1
484	0
485	0
486	3
487	1
488	3
489	0
490	0
491	3
492	0
493	0
494	0
495	0
496	0
497	0
498	3
499	3
500	2
501	0
502	2
503	1
504	3
505	0
506	0
507	3
508	3
509	3
510	1
511	0
512	0
513	0
514	2
515	3
516	0
517	1
518	1
519	1
520	0
521	2
522	0
523	0
524	0
525	0
526	1
527	0
528	0
529	1
530	0
531	3
532	1
533	2
534	2
535	0
536	0
537	0
538	0
539	0
540	0
541	0
542	0
543	0
544	0
545	3
546	3
547	0
548	0
549	3
550	3
551	1
552	0
553	3
554	2
555	3
556	2
557	0
558	2
559	0
560	0
561	0
562	3
563	3
564	0
565	3
566	3
567	0
568	0
569	3
570	2
571	1
572	3
573	3
574	3
575	3
576	3
577	3
578	3
579	3
580	3
581	2
582	1
583	3
584	0
585	3
586	3
587	2
588	0
589	1
590	2
591	1
592	3
593	0
594	3
595	0
596	2
597	0
598	2
599	0
600	3
601	1
602	0
603	3
604	0
605	3
606	3
607	0
608	3
609	2
610	2
611	1
612	3
613	3
614	1
615	3
616	0
617	3
618	2
619	0
620	0
621	3
622	1
623	3
624	1
625	3
626	3
627	3
628	0
629	2
630	0
631	3
632	0
633	1
634	0
635	3
636	0
637	1
638	1
639	3
640	3
641	3
642	3
643	3
644	1
645	3
646	2
647	1
648	3
649	3
650	0
651	1
652	2
653	3
654	3
655	3
656	3
657	0
658	2
659	3
660	0
661	1
662	0
663	0
664	3
665	3
666	2
667	0
668	0
669	3
670	0
671	1
672	1
673	3
674	1
675	3
676	3
677	1
678	0
679	1
680	3
681	0
682	0
683	3
684	1
685	3
686	3
687	2
688	3
689	0
690	0
691	0
692	2
693	0
694	3
695	3
696	3
697	1
698	0
699	0
700	0
701	2
702	1
703	3
704	3
705	3
706	3
707	0
708	1
709	3
710	0
711	3
712	0
713	3
714	3
715	3
716	0
717	0
718	0
719	3
720	3
721	0
722	0
723	3
724	0
725	1
726	2
727	2
728	3
729	0
730	0
731	3
732	3
733	1
734	3
735	0
736	3
737	3
738	3
739	3
740	0
741	1
742	1
743	3
744	0
745	0
746	0
747	0
748	3
749	0
750	3
751	1
752	0
753	0
754	3
755	2
756	2
757	1
758	0
759	3
760	3
761	0
762	1
763	0
764	0
765	3
766	3
767	0
768	2
769	1
770	3
771	3
772	2
773	0
774	3
775	3
776	3
777	0
778	3
779	0
780	3
781	1
782	0
783	0
784	3
785	3
786	0
787	2
788	0
789	0
790	0
791	0
792	2
793	0
794	0
795	3
796	3
797	3
798	0
799	2
800	0
801	0
802	2
803	0
804	3
805	2
806	1
807	1
808	0
809	0
810	0
811	0
812	0
813	3
814	0
815	0
816	0
817	0
818	0
819	0
820	0
821	3
822	0
823	0
824	1
825	2
826	0
827	0
828	0
829	0
830	0
831	3
832	0
833	0
834	2
835	2
836	0
837	0
838	1
839	0
840	0
841	3
842	3
843	1
844	1
845	1
846	0
847	3
848	0
849	1
850	3
851	0
852	0
853	1
854	0
855	3
856	3
857	0
858	0
859	0
860	0
861	3
862	1
863	2
864	3
865	0
866	0
867	0
868	3
869	2
870	3
871	3
872	0
873	3
874	0
875	0
876	0
877	3
878	0
879	0
880	0
881	2
882	0
883	3
884	3
885	3
886	2
887	1
888	3
889	3
890	0
891	0
892	0
893	2
894	3
895	3
896	2
897	3
898	0
899	3
900	3
901	2
902	0
903	3
904	3
905	3
906	1
907	1
908	3
909	0
910	3
911	0
912	0
913	0
914	0
915	3
916	3
917	2
918	0
919	0
920	3
921	3
922	3
923	3
924	2
925	3
926	2
927	1
928	0
929	0
930	1
931	3
932	2
933	0
934	0
935	3
936	3
937	0
938	1
939	1
940	3
941	1
942	3
943	0
944	0
945	3
946	0
947	2
948	1
949	0
950	0
951	1
952	3
953	0
954	3
955	0
956	2
957	0
958	3
959	0
960	1
961	3
962	3
963	3
964	3
965	1
966	2
967	0
968	0
969	2
970	3
971	3
972	2
973	1
974	3
975	1
976	0
977	3
978	0
979	0
980	0
981	0
982	0
983	3
984	0
985	3
986	0
987	3
988	3
989	3
990	0
991	1
992	2
993	0
994	3
995	3
996	0
997	0
998	0
999	0
1000	0
1001	1
1002	0
1003	0
1004	1
1005	0
1006	0
1007	0
1008	0
1009	3
1010	0
1011	0
1012	3
1013	0
1014	0
1015	0
1016	0
1017	0
1018	0
1019	3
1020	0
1021	0
1022	3
1023	0
1024	0
1025	3
1026	3
1027	1
1028	3
1029	2
1030	0
1031	0
1032	3
1033	2
1034	3
1035	3
1036	0
1037	0
1038	3
1039	3
1040	3
1041	3
1042	0
1043	0
1044	1
1045	0
1046	0
1047	3
1048	0
1049	0
1050	0
1051	0
1052	0
1053	0
1054	0
1055	3
1056	0
1057	3
1058	3
1059	3
1060	2
1061	1
1062	0
1063	2
1064	3
1065	3
1066	3
1067	3
1068	2
1069	3
1070	3
1071	3
1072	3
1073	3
1074	2
1075	3
1076	3
1077	3
1078	0
1079	0
1080	3
1081	3
1082	2
1083	0
1084	0
1085	0
1086	3
1087	3
1088	0
1089	0
1090	0
1091	3
1092	0
1093	3
1094	0
1095	0
1096	3
1097	3
1098	0
1099	0
1100	0
1101	3
1102	0
1103	2
1104	0
1105	3
1106	3
1107	0
1108	0
1109	0
1110	0
1111	3
1112	3
1113	3
1114	0
1115	0
1116	3
1117	0
1118	2
1119	3
1120	3
1121	0
1122	0
1123	3
1124	3
1125	0
1126	3
1127	3
1128	0
1129	0
1130	0
1131	0
1132	3
1133	0
1134	0
1135	0
1136	0
1137	1
1138	3
1139	2
1140	3
1141	1
1142	0
1143	3
1144	0
1145	0
1146	1
1147	0
1148	0
1149	1
1150	0
1151	3
1152	3
1153	3
1154	3
1155	0
1156	0
1157	0
1158	0
1159	1
1160	0
1161	0
1162	0
1163	3
1164	1
1165	0
1166	0
1167	3
1168	0
1169	1
1170	0
1171	1
1172	0
1173	3
1174	0
1175	0
1176	0
1177	3
1178	0
1179	3
1180	0
1181	0
1182	0
1183	3
1184	0
1185	3
1186	0
1187	0
1188	0
1189	3
1190	3
1191	3
1192	2
1193	3
1194	3
1195	2
1196	0
1197	3
1198	0
1199	0
1200	3
1201	0
1202	3
1203	0
1204	3
1205	3
1206	0
1207	0
1208	0
1209	0
1210	0
1211	0
1212	0
1213	3
1214	0
1215	0
1216	0
1217	3
1218	2
1219	2
1220	1
1221	0
1222	0
1223	3
1224	0
1225	1
1226	0
1227	1
1228	0
1229	3
1230	0
1231	3
1232	1
1233	0
1234	0
1235	3
1236	0
1237	3
1238	0
1239	3
1240	0
1241	0
1242	0
1243	0
1244	0
1245	0
1246	3
1247	2
1248	0
1249	3
1250	0
1251	3
1252	0
1253	0
1254	0
1255	3
1256	0
1257	3
1258	0
1259	2
1260	1
1261	0
1262	0
1263	1
1264	0
1265	2
1266	1
1267	0
1268	3
1269	3
1270	0
1271	3
1272	3
1273	3
1274	0
1275	0
1276	0
1277	3
1278	0
1279	3
1280	3
1281	0
1282	0
1283	0
1284	0
1285	0
1286	0
1287	0
1288	3
1289	3
1290	3
1291	0
1292	0
1293	0
1294	0
1295	2
1296	3
1297	2
1298	3
1299	0
1300	2
1301	0
1302	0
1303	3
1304	0
1305	3
1306	1
1307	2
1308	1
1309	3
1310	0
1311	3
1312	0
1313	0
1314	3
1315	2
1316	0
1317	2
1318	0
1319	3
1320	0
1321	3
1322	3
1323	0
1324	0
1325	1
1326	0
1327	0
1328	3
1329	3
1330	0
1331	0
1332	0
1333	0
1334	3
1335	3
1336	1
1337	0
1338	0
1339	0
1340	3
1341	3
1342	0
1343	3
1344	0
1345	2
1346	0
1347	3
1348	0
1349	3
1350	3
1351	0
1352	0
1353	3
1354	3
1355	2
1356	2
1357	2
1358	0
1359	3
1360	3
1361	1
1362	2
1363	0
1364	0
1365	3
1366	3
1367	2
1368	0
1369	1
1370	3
1371	2
1372	2
1373	0
1374	3
1375	1
1376	3
1377	3
1378	0
1379	3
1380	3
1381	3
1382	2
1383	1
1384	0
1385	0
1386	2
1387	0
1388	0
1389	0
1390	2
1391	1
1392	0
1393	3
1394	3
1395	3
1396	2
1397	2
1398	2
1399	2
1400	2
1401	3
1402	3
1403	3
1404	0
1405	0
1406	2
1407	0
1408	0
1409	0
1410	3
1411	0
1412	0
1413	3
1414	3
1415	0
1416	3
1417	3
1418	0
1419	3
1420	0
1421	0
1422	0
1423	2
1424	0
1425	0
1426	2
1427	3
1428	3
1429	3
1430	2
1431	0
1432	3
1433	0
1434	0
1435	0
1436	0
1437	3
1438	1
1439	2
1440	3
1441	3
1442	1
1443	3
1444	2
1445	3
1446	0
1447	0
1448	3
1449	1
1450	0
1451	2
1452	3
1453	3
1454	3
1455	2
1456	2
1457	3
1458	1
1459	3
1460	0
1461	3
1462	3
1463	3
1464	0
1465	1
1466	3
1467	1
1468	0
1469	3
1470	3
1471	3
1472	3
1473	3
1474	1
1475	3
1476	0
1477	3
1478	2
1479	3
1480	3
1481	3
1482	0
1483	3
1484	2
1485	3
1486	0
1487	3
1488	0
1489	0
1490	3
1491	3
1492	0
1493	0
1494	0
1495	2
1496	3
1497	3
1498	3
1499	3
1500	3
1501	0
1502	1
1503	3
1504	3
1505	0
1506	0
1507	0
1508	2
1509	0
1510	3
1511	0
1512	2
1513	3
1514	1
1515	3
1516	1
1517	0
1518	3
1519	0
1520	2
1521	3
1522	3
1523	0
1524	0
1525	0
1526	0
1527	0
1528	0
1529	3
1530	0
1531	1
1532	0
1533	0
1534	1
1535	0
1536	3
1537	0
1538	2
1539	3
1540	0
1541	3
1542	3
1543	3
1544	3
1545	1
1546	1
1547	2
1548	3
1549	3
1550	0
1551	0
1552	1
1553	3
1554	0
1555	3
1556	0
1557	2
1558	0
1559	0
1560	0
1561	3
1562	3
1563	0
1564	3
1565	0
1566	0
1567	0
1568	3
1569	0
1570	0
1571	3
1572	3
1573	1
1574	0
1575	3
1576	0
1577	2
1578	0
1579	1
1580	2
1581	1
1582	3
1583	0
1584	0
1585	3
1586	2
1587	0
1588	0
1589	3
1590	0
1591	3
1592	3
1593	3
1594	0
1595	3
1596	3
1597	0
1598	2
1599	3
1600	0
1601	2
1602	1
1603	0
1604	3
1605	1
1606	2
1607	3
1608	0
1609	3
1610	3
1611	0
1612	3
1613	0
1614	0
1615	0
1616	0
1617	1
1618	0
1619	3
1620	0
1621	3
1622	0
1623	3
1624	0
1625	2
1626	1
1627	0
1628	1
1629	3
1630	0
1631	3
1632	3
1633	0
1634	3
1635	0
1636	2
1637	2
1638	0
1639	0
1640	2
1641	0
1642	3
1643	3
1644	0
1645	0
1646	0
1647	0
1648	0
1649	2
1650	0
1651	0
1652	1
1653	1
1654	1
1655	1
1656	0
1657	3
1658	1
1659	3
1660	1
1661	0
1662	0
1663	3
1664	3
1665	3
1666	2
1667	0
1668	3
1669	1
1670	3
1671	0
1672	1
1673	3
1674	0
1675	0
1676	0
1677	1
1678	3
1679	0
1680	3
1681	2
1682	2
1683	0
1684	3
1685	0
1686	0
1687	2
1688	0
1689	3
1690	3
1691	3
1692	0
1693	1
1694	3
1695	0
1696	0
1697	3
1698	3
1699	0
1700	3
1701	0
1702	1
1703	0
1704	0
1705	3
1706	3
1707	3
1708	0
1709	0
1710	2
1711	2
1712	0
1713	3
1714	0
1715	0
1716	3
1717	0
1718	0
1719	0
1720	0
1721	0
1722	1
1723	3
1724	3
1725	3
1726	0
1727	3
1728	0
1729	3
1730	0
1731	3
1732	0
1733	1
1734	3
1735	0
1736	0
1737	3
1738	0
1739	3
1740	0
1741	2
1742	3
1743	3
1744	0
1745	0
1746	0
1747	0
1748	2
1749	3
1750	3
1751	3
1752	0
1753	3
1754	0
1755	3
1756	0
1757	3
1758	3
1759	0
1760	0
1761	1
1762	1
1763	3
1764	0
1765	1
1766	1
1767	0
1768	3
1769	2
1770	0
1771	2
1772	3
1773	0
1774	2
1775	1
1776	3
1777	0
1778	3
1779	1
1780	3
1781	0
1782	1
1783	0
1784	2
1785	0
1786	0
1787	2
1788	1
1789	3
1790	0
1791	3
1792	2
1793	2
1794	2
1795	3
1796	3
1797	0
1798	3
1799	1
1800	3
1801	0
1802	3
1803	1
1804	0
1805	3
1806	1
1807	3
1808	0
1809	0
1810	2
1811	0
1812	3
1813	3
1814	0
1815	3
1816	0
1817	0
1818	2
1819	0
1820	3
1821	3
1822	2
1823	3
1824	0
1825	2
1826	1
1827	2
1828	2
1829	3
1830	0
1831	3
1832	0
1833	0
1834	0
1835	3
1836	0
1837	2
1838	0
1839	0
1840	1
1841	3
1842	3
1843	0
1844	2
1845	3
1846	0
1847	3
1848	0
1849	3
1850	3
1851	0
1852	0
1853	0
1854	0
1855	2
1856	0
1857	3
1858	3
1859	0
1860	0
1861	1
1862	3
1863	3
1864	3
1865	2
1866	0
1867	3
1868	1
1869	3
1870	3
1871	3
1872	2
1873	3
1874	2
1875	0
1876	0
1877	3
1878	0
1879	2
1880	0
1881	0
1882	2
1883	3
1884	0
1885	1
1886	0
1887	3
1888	0
1889	3
1890	0
1891	3
1892	0
1893	0
1894	0
1895	0
1896	0
1897	3
1898	0
1899	0
1900	0
1901	3
1902	0
1903	3
1904	3
1905	0
1906	2
1907	0
1908	3
1909	2
1910	0
1911	0
1912	3
1913	2
1914	3
1915	0
1916	0
1917	3
1918	3
1919	0
1920	3
1921	1
1922	3
1923	2
1924	0
1925	0
1926	2
1927	1
1928	0
1929	2
1930	3
1931	0
1932	3
1933	3
1934	3
1935	3
1936	3
1937	2
1938	0
1939	0
1940	3
1941	3
1942	0
1943	1
1944	0
1945	3
1946	0
1947	0
1948	3
1949	1
1950	1
1951	0
1952	1
1953	3
1954	3
1955	0
1956	3
1957	0
1958	0
1959	0
1960	1
1961	3
1962	3
1963	3
1964	3
1965	1
1966	3
1967	0
1968	3
1969	3
1970	3
1971	3
1972	2
1973	0
1974	3
1975	0
1976	0
1977	3
1978	0
1979	0
1980	1
1981	3
1982	0
1983	2
1984	3
1985	3
1986	3
1987	3
1988	1
1989	3
1990	0
1991	3
1992	3
1993	3
1994	0
1995	0
1996	0
1997	3
1998	3
1999	3
2000	0
2001	1
2002	0
2003	2
2004	0
2005	3
2006	2
2007	0
2008	0
2009	3
2010	0
2011	3
2012	1
2013	3
2014	0
2015	2
2016	0
2017	3
2018	0
2019	1
2020	0
2021	3
2022	3
2023	3
2024	3
2025	0
2026	0
2027	1
2028	0
2029	0
2030	0
2031	0
2032	0
2033	0
2034	3
2035	3
2036	3
2037	0
2038	3
2039	1
2040	0
2041	3
2042	3
2043	0
2044	3
2045	0
2046	0
2047	3
2048	2
2049	3
2050	2
2051	3
2052	0
2053	0
2054	3
2055	0
2056	0
2057	1
2058	0
2059	0
2060	0
2061	3
2062	2
2063	0
2064	0
2065	2
2066	0
2067	3
2068	0
2069	3
2070	2
2071	3
2072	0
2073	3
2074	0
2075	1
2076	0
2077	3
2078	3
2079	3
2080	0
2081	0
2082	1
2083	2
2084	0
2085	1
2086	1
2087	3
2088	3
2089	0
2090	0
2091	3
2092	0
2093	1
2094	0
2095	0
2096	0
2097	3
2098	0
2099	3
2100	0
2101	0
2102	0
2103	3
2104	3
2105	3
2106	3
2107	3
2108	1
2109	2
2110	3
2111	3
2112	3
2113	1
2114	1
2115	3
2116	0
2117	2
2118	3
2119	3
2120	2
2121	0
2122	0
2123	2
2124	0
2125	0
2126	0
2127	0
2128	0
2129	3
2130	3
2131	0
2132	0
2133	3
2134	0
2135	0
2136	0
2137	3
2138	3
2139	3
2140	0
2141	0
2142	0
2143	3
2144	0
2145	1
2146	1
2147	3
2148	0
2149	2
2150	0
2151	0
2152	0
2153	0
2154	0
2155	0
2156	0
2157	0
2158	2
2159	0
2160	0
2161	0
2162	3
2163	1
2164	0
2165	2
2166	1
2167	0
2168	0
2169	0
2170	0
2171	3
2172	0
2173	3
2174	1
2175	3
2176	1
2177	3
2178	1
2179	1
2180	3
2181	3
2182	3
2183	0
2184	0
2185	0
2186	3
2187	0
2188	3
2189	3
2190	0
2191	0
2192	0
2193	0
2194	0
2195	0
2196	0
2197	0
2198	3
2199	3
2200	0
2201	3
2202	1
2203	1
2204	3
2205	3
2206	2
2207	0
2208	0
2209	0
2210	0
2211	0
2212	3
2213	0
2214	0
2215	1
2216	0
2217	0
2218	0
2219	3
2220	3
2221	0
2222	3
2223	2
2224	0
2225	3
2226	2
2227	2
2228	1
2229	3
2230	0
2231	0
2232	0
2233	2
2234	0
2235	1
2236	0
2237	0
2238	3
2239	0
2240	3
2241	0
2242	0
2243	0
2244	3
2245	0
2246	0
2247	0
2248	3
2249	3
2250	1
2251	3
2252	3
2253	3
2254	0
2255	0
2256	0
2257	2
2258	2
2259	2
2260	3
2261	0
2262	3
2263	2
2264	0
2265	0
2266	0
2267	0
2268	2
2269	2
2270	0
2271	2
2272	3
2273	3
2274	3
2275	3
2276	0
2277	0
2278	3
2279	0
2280	0
2281	0
2282	3
2283	3
2284	0
2285	3
2286	1
2287	3
2288	3
2289	3
2290	3
2291	0
2292	1
2293	3
2294	2
2295	0
2296	0
2297	0
2298	0
2299	0
2300	1
2301	0
2302	3
2303	2
2304	1
2305	0
2306	0
2307	1
2308	1
2309	1
2310	3
2311	1
2312	0
2313	0
2314	0
2315	0
2316	0
2317	2
2318	3
2319	0
2320	0
2321	0
2322	0
2323	1
2324	0
2325	3
2326	3
2327	0
2328	0
2329	0
2330	0
2331	3
2332	0
2333	1
2334	0
2335	0
2336	2
2337	3
2338	0
2339	0
2340	0
2341	1
2342	0
2343	2
2344	0
2345	0
2346	3
2347	1
2348	0
2349	3
2350	2
2351	0
2352	0
2353	3
2354	2
2355	0
2356	0
2357	3
2358	0
2359	2
2360	0
2361	0
2362	3
2363	3
2364	1
2365	0
2366	0
2367	0
2368	3
2369	3
2370	0
2371	0
2372	0
2373	0
2374	0
2375	3
2376	0
2377	1
2378	3
2379	3
2380	0
2381	0
2382	0
2383	3
2384	3
2385	0
2386	2
2387	0
2388	0
2389	1
2390	3
2391	3
2392	0
2393	3
2394	2
2395	0
2396	3
2397	2
2398	2
2399	0
2400	3
2401	0
2402	2
2403	3
2404	3
2405	2
2406	3
2407	0
2408	0
2409	3
2410	3
2411	0
2412	3
2413	0
2414	1
2415	0
2416	3
2417	2
2418	2
2419	0
2420	0
2421	1
2422	3
2423	0
2424	2
2425	0
2426	3
2427	0
2428	1
2429	3
2430	3
2431	3
2432	0
2433	0
2434	0
2435	1
2436	3
2437	3
2438	0
2439	0
2440	0
2441	0
2442	0
2443	3
2444	0
2445	3
2446	3
2447	0
2448	2
2449	3
2450	0
2451	0
2452	0
2453	0
2454	0
2455	0
2456	3
2457	3
2458	0
2459	3
2460	0
2461	2
2462	3
2463	3
2464	0
2465	0
2466	0
2467	0
2468	1
2469	0
2470	0
2471	0
2472	0
2473	1
2474	0
2475	0
2476	3
2477	3
2478	0
2479	3
2480	0
2481	0
2482	2
2483	0
2484	0
2485	0
2486	3
2487	0
2488	3
2489	0
2490	3
2491	3
2492	0
2493	0
2494	3
2495	0
2496	3
2497	1
2498	0
2499	0
2500	1
2501	1
2502	0
2503	3
2504	0
2505	3
2506	1
2507	1
2508	2
2509	3
2510	0
2511	0
2512	3
2513	3
2514	0
2515	2
2516	0
2517	2
2518	3
2519	0
2520	0
2521	0
2522	0
2523	0
2524	2
2525	3
2526	0
2527	0
2528	0
2529	3
2530	2
2531	0
2532	0
2533	0
2534	0
2535	0
2536	0
2537	0
2538	0
2539	3
2540	0
2541	2
2542	3
2543	0
2544	3
2545	0
2546	3
2547	0
2548	3
2549	3
2550	2
2551	1
2552	0
2553	3
2554	0
2555	1
2556	3
2557	2
2558	3
2559	0
2560	2
2561	3
2562	1
2563	0
2564	0
2565	0
2566	0
2567	0
2568	0
2569	2
2570	2
2571	3
2572	0
2573	3
2574	0
2575	3
2576	0
2577	3
2578	3
2579	3
2580	0
2581	3
2582	1
2583	1
2584	0
2585	3
2586	1
2587	0
2588	0
2589	2
2590	0
2591	0
2592	3
2593	2
2594	0
2595	0
2596	3
2597	3
2598	1
2599	1
2600	0
2601	0
2602	0
2603	0
2604	0
2605	0
2606	0
2607	2
2608	1
2609	2
2610	3
2611	3
2612	3
2613	3
2614	2
2615	3
2616	3
2617	3
2618	3
2619	2
2620	2
2621	3
2622	0
2623	3
2624	0
2625	0
2626	0
2627	0
2628	3
2629	3
2630	0
2631	0
2632	3
2633	0
2634	1
2635	0
2636	3
2637	3
2638	0
2639	3
2640	0
2641	3
2642	0
2643	0
2644	3
2645	3
2646	1
2647	1
2648	3
2649	0
2650	3
2651	2
2652	2
2653	3
2654	3
2655	3
2656	0
2657	0
2658	2
2659	3
2660	0
2661	0
2662	1
2663	3
2664	0
2665	3
2666	0
2667	0
2668	1
2669	3
2670	0
2671	1
2672	0
2673	0
2674	0
2675	1
2676	0
2677	3
2678	3
2679	0
2680	3
2681	0
2682	0
2683	0
2684	3
2685	2
2686	3
2687	0
2688	0
2689	0
2690	3
2691	3
2692	3
2693	0
2694	1
2695	3
2696	0
2697	3
2698	1
2699	2
2700	3
2701	0
2702	0
2703	0
2704	3
2705	2
2706	3
2707	3
2708	0
2709	3
2710	0
2711	2
2712	2
2713	0
2714	2
2715	3
2716	3
2717	3
2718	2
2719	3
2720	1
2721	3
2722	3
2723	1
2724	2
2725	0
2726	3
2727	1
2728	2
2729	3
2730	0
2731	3
2732	2
2733	0
2734	0
2735	3
2736	0
2737	0
2738	1
2739	3
2740	0
2741	0
2742	1
2743	0
2744	0
2745	2
2746	0
2747	2
2748	0
2749	0
2750	0
2751	3
2752	0
2753	3
2754	0
2755	3
2756	0
2757	3
2758	0
2759	3
2760	3
2761	0
2762	0
2763	3
2764	3
2765	3
2766	1
2767	3
2768	0
2769	0
2770	0
2771	3
2772	3
2773	3
2774	0
2775	3
2776	0
2777	3
2778	0
2779	0
2780	0
2781	0
2782	1
2783	3
2784	1
2785	0
2786	0
2787	3
2788	0
2789	2
2790	0
2791	0
2792	0
2793	1
2794	0
2795	0
2796	0
2797	0
2798	0
2799	0
2800	2
2801	3
2802	2
2803	0
2804	0
2805	0
2806	0
2807	2
2808	2
2809	3
2810	3
2811	1
2812	3
2813	3
2814	0
2815	0
2816	3
2817	0
2818	0
2819	3
2820	2
2821	0
2822	3
2823	0
2824	3
2825	3
2826	1
2827	0
2828	3
2829	0
2830	3
2831	0
2832	0
2833	3
2834	0
2835	0
2836	0
2837	0
2838	3
2839	2
2840	3
2841	0
2842	0
2843	3
2844	0
2845	0
2846	1
2847	0
2848	0
2849	0
2850	3
2851	0
2852	0
2853	3
2854	0
2855	3
2856	3
2857	0
2858	0
2859	0
2860	3
2861	3
2862	2
2863	0
2864	1
2865	0
2866	0
2867	0
2868	0
2869	0
2870	0
2871	1
2872	0
2873	0
2874	1
2875	0
2876	0
2877	0
2878	2
2879	1
2880	3
2881	0
2882	2
2883	0
2884	2
2885	0
2886	3
2887	0
2888	3
2889	3
2890	3
2891	0
2892	3
2893	3
2894	0
2895	0
2896	0
2897	0
2898	3
2899	0
2900	3
2901	0
2902	0
2903	0
2904	3
2905	3
2906	1
2907	3
2908	0
2909	1
2910	3
2911	0
2912	3
2913	3
2914	3
2915	0
2916	0
2917	3
2918	0
2919	3
2920	3
2921	1
2922	3
2923	3
2924	0
2925	3
2926	2
2927	0
2928	0
2929	0
2930	0
2931	3
2932	1
2933	0
2934	0
2935	0
2936	3
2937	0
2938	0
2939	3
2940	0
2941	3
2942	0
2943	3
2944	1
2945	0
2946	0
2947	3
2948	0
2949	0
2950	2
2951	0
2952	3
2953	3
2954	3
2955	0
2956	0
2957	3
2958	0
2959	0
2960	0
2961	0
2962	0
2963	0
2964	2
2965	3
2966	2
2967	0
2968	0
2969	0
2970	0
2971	0
2972	3
2973	0
2974	0
2975	0
2976	3
2977	0
2978	0
2979	3
2980	3
2981	0
2982	3
2983	0
2984	0
2985	1
2986	3
2987	0
2988	0
2989	1
2990	3
2991	0
2992	3
2993	0
2994	1
2995	3
2996	1
2997	0
2998	3
2999	0
3000	0
3001	3
3002	0
3003	3
3004	3
3005	3
3006	2
3007	3
3008	0
3009	0
3010	1
3011	0
3012	0
3013	0
3014	3
3015	2
3016	1
3017	0
3018	3
3019	1
3020	3
3021	0
3022	3
3023	3
3024	0
3025	0
3026	0
3027	0
3028	3
3029	0
3030	2
3031	0
3032	1
3033	0
3034	0
3035	0
3036	3
3037	0
3038	3
3039	2
3040	3
3041	0
3042	0
3043	3
3044	0
3045	3
3046	1
3047	0
3048	3
3049	0
3050	0
3051	0
3052	3
3053	3
3054	1
3055	0
3056	3
3057	1
3058	0
3059	0
3060	0
3061	3
3062	0
3063	3
3064	3
3065	3
3066	2
3067	3
3068	2
3069	3
3070	2
3071	3
3072	0
3073	3
3074	0
3075	2
3076	0
3077	1
3078	0
3079	0
3080	0
3081	1
3082	3
3083	3
3084	0
3085	3
3086	3
3087	3
3088	0
3089	0
3090	2
3091	3
3092	2
3093	0
3094	3
3095	0
3096	0
3097	0
3098	2
3099	0
3100	2
3101	0
3102	0
3103	1
3104	2
3105	0
3106	3
3107	3
3108	0
3109	3
3110	0
3111	0
3112	2
3113	0
3114	1
3115	3
3116	0
3117	3
3118	3
3119	3
3120	0
3121	0
3122	0
3123	1
3124	3
3125	1
3126	3
3127	2
3128	0
3129	3
3130	3
3131	0
3132	0
3133	1
3134	0
3135	0
3136	3
3137	0
3138	0
3139	3
3140	0
3141	0
3142	2
3143	3
3144	3
3145	3
3146	3
3147	3
3148	3
3149	0
3150	0
3151	2
3152	3
3153	1
3154	1
3155	3
3156	3
3157	2
3158	0
3159	2
3160	0
3161	0
3162	2
3163	0
3164	3
3165	0
3166	0
3167	2
3168	3
3169	3
3170	0
3171	1
3172	3
3173	2
3174	1
3175	0
3176	0
3177	2
3178	0
3179	2
3180	3
3181	3
3182	3
3183	3
3184	2
3185	2
3186	0
3187	3
3188	0
3189	1
3190	0
3191	3
3192	3
3193	1
3194	0
3195	0
3196	3
3197	2
3198	1
3199	3
3200	0
3201	3
3202	3
3203	0
3204	2
3205	2
3206	2
3207	2
3208	2
3209	3
3210	3
3211	3
3212	0
3213	3
3214	3
3215	3
3216	0
3217	2
3218	0
3219	0
3220	3
3221	3
3222	0
3223	3
3224	0
3225	0
3226	0
3227	0
3228	3
3229	3
3230	3
3231	0
3232	3
3233	3
3234	3
3235	3
3236	0
3237	1
3238	3
3239	3
3240	0
3241	2
3242	3
3243	3
3244	3
3245	3
3246	0
3247	2
3248	2
3249	0
3250	0
3251	0
3252	0
3253	0
3254	3
3255	3
3256	0
3257	3
3258	2
3259	0
3260	3
3261	3
3262	0
3263	3
3264	0
3265	0
3266	0
3267	2
3268	0
3269	3
3270	2
3271	0
3272	0
3273	3
3274	0
3275	0
3276	2
3277	3
3278	2
3279	1
3280	0
3281	2
3282	1
3283	1
3284	0
3285	0
3286	0
3287	0
3288	3
3289	3
3290	0
3291	0
3292	3
3293	3
3294	0
3295	2
3296	0
3297	3
3298	0
3299	0
3300	0
3301	2
3302	0
3303	3
3304	0
3305	3
3306	3
3307	3
3308	0
3309	3
3310	3
3311	3
3312	3
3313	3
3314	0
3315	2
3316	2
3317	0
3318	3
3319	0
3320	1
3321	2
3322	0
3323	0
3324	0
3325	2
3326	3
3327	0
3328	3
3329	1
3330	3
3331	3
3332	3
3333	3
3334	0
3335	1
3336	0
3337	0
3338	0
3339	2
3340	0
3341	0
3342	0
3343	1
3344	3
3345	3
3346	0
3347	3
3348	1
3349	0
3350	3
3351	0
3352	3
3353	0
3354	0
3355	0
3356	0
3357	1
3358	0
3359	0
3360	3
3361	0
3362	0
3363	0
3364	2
3365	1
3366	0
3367	2
3368	1
3369	1
3370	3
3371	0
3372	0
3373	2
3374	2
3375	0
3376	0
3377	3
3378	3
3379	3
3380	3
3381	2
3382	3
3383	3
3384	2
3385	0
3386	2
3387	0
3388	3
3389	2
3390	3
3391	0
3392	0
3393	1
3394	0
3395	3
3396	3
3397	3
3398	0
3399	2
3400	3
3401	3
3402	3
3403	3
3404	0
3405	1
3406	3
3407	0
3408	2
3409	2
3410	0
3411	3
3412	3
3413	2
3414	0
3415	3
3416	2
3417	3
3418	1
3419	0
3420	3
3421	3
3422	1
3423	3
3424	3
3425	3
3426	3
3427	1
3428	0
3429	3
3430	0
3431	1
3432	0
3433	2
3434	3
3435	0
3436	0
3437	1
3438	0
3439	0
3440	2
3441	1
3442	3
3443	0
3444	3
3445	2
3446	3
3447	3
3448	3
3449	3
3450	0
3451	0
3452	0
3453	3
3454	0
3455	3
3456	0
3457	0
3458	0
3459	0
3460	0
3461	0
3462	0
3463	0
3464	0
3465	3
3466	0
3467	3
3468	1
3469	3
3470	0
3471	3
3472	0
3473	1
3474	1
3475	3
3476	0
3477	0
3478	0
3479	0
3480	0
3481	3
3482	0
3483	3
3484	0
3485	0
3486	0
3487	3
3488	3
3489	0
3490	3
3491	1
3492	0
3493	3
3494	0
3495	3
3496	3
3497	0
3498	0
3499	3
3500	2
3501	3
3502	3
3503	0
3504	0
3505	1
3506	0
3507	0
3508	3
3509	0
3510	0
3511	1
3512	0
3513	0
3514	0
3515	0
3516	0
3517	0
3518	0
3519	0
3520	0
3521	3
3522	0
3523	2
3524	3
3525	1
3526	0
3527	0
3528	3
3529	0
3530	3
3531	3
3532	0
3533	2
3534	3
3535	1
3536	3
3537	0
3538	0
3539	3
3540	0
3541	1
3542	0
3543	2
3544	0
3545	3
3546	0
3547	0
3548	0
3549	0
3550	3
3551	0
3552	0
3553	2
3554	3
3555	3
3556	3
3557	0
3558	1
3559	3
3560	1
3561	3
3562	3
3563	3
3564	3
3565	3
3566	3
3567	3
3568	0
3569	2
3570	0
3571	3
3572	3
3573	3
3574	0
3575	3
3576	3
3577	2
3578	0
3579	3
3580	1
3581	3
3582	2
3583	3
3584	3
3585	2
3586	3
3587	3
3588	3
3589	3
3590	0
3591	3
3592	0
3593	0
3594	3
3595	3
3596	3
3597	3
3598	3
3599	3
3600	2
3601	3
3602	2
3603	3
3604	2
3605	3
3606	3
3607	3
3608	3
3609	0
3610	3
3611	0
3612	3
3613	3
3614	1
3615	0
3616	3
3617	0
3618	3
3619	3
3620	3
3621	0
3622	3
3623	3
3624	3
3625	3
3626	3
3627	2
3628	0
3629	0
3630	3
3631	3
3632	1
3633	0
3634	3
3635	0
3636	0
3637	3
3638	0
3639	0
3640	3
3641	3
3642	0
3643	3
3644	0
3645	0
3646	1
3647	2
3648	3
3649	0
3650	3
3651	3
3652	0
3653	0
3654	3
3655	0
3656	0
3657	0
3658	3
3659	2
3660	0
3661	2
3662	0
3663	3
3664	1
3665	3
3666	3
3667	1
3668	3
3669	0
3670	0
3671	2
3672	3
3673	1
3674	3
3675	3
3676	3
3677	3
3678	1
3679	0
3680	2
3681	0
3682	0
3683	1
3684	0
3685	3
3686	0
3687	2
3688	3
3689	0
3690	3
3691	0
3692	2
3693	0
3694	0
3695	0
3696	0
3697	3
3698	3
3699	3
3700	0
3701	2
3702	0
3703	3
3704	0
3705	3
3706	3
3707	0
3708	0
3709	0
3710	0
3711	0
3712	2
3713	3
3714	0
3715	0
3716	3
3717	2
3718	0
3719	0
3720	0
3721	1
3722	1
3723	0
3724	3
3725	2
3726	0
3727	0
3728	0
3729	0
3730	0
3731	0
3732	1
3733	0
3734	1
3735	3
3736	0
3737	3
3738	0
3739	2
3740	3
3741	3
3742	0
3743	3
3744	1
3745	0
3746	2
3747	0
3748	3
3749	0
3750	3
3751	3
3752	2
3753	1
3754	3
3755	0
3756	3
3757	0
3758	0
3759	3
3760	3
3761	2
3762	3
3763	0
3764	3
3765	0
3766	2
3767	3
3768	0
3769	3
3770	3
3771	2
3772	3
3773	3
3774	0
3775	1
3776	3
3777	2
3778	0
3779	2
3780	2
3781	0
3782	0
3783	3
3784	0
3785	1
3786	3
3787	1
3788	1
3789	3
3790	0
3791	0
3792	0
3793	0
3794	2
3795	0
3796	3
3797	1
3798	0
3799	3
3800	0
3801	0
3802	3
3803	0
3804	3
3805	0
3806	0
3807	2
3808	0
3809	3
3810	0
3811	3
3812	0
3813	0
3814	0
3815	0
3816	1
3817	0
3818	1
3819	2
3820	3
3821	0
3822	0
3823	3
3824	0
3825	0
3826	2
3827	0
3828	3
3829	0
3830	0
3831	1
3832	3
3833	3
3834	3
3835	1
3836	0
3837	3
3838	0
3839	3
3840	3
3841	0
3842	0
3843	3
3844	0
3845	1
3846	3
3847	2
3848	0
3849	0
3850	2
3851	3
3852	2
3853	0
3854	3
3855	0
3856	3
3857	2
3858	3
3859	0
3860	3
3861	0
3862	3
3863	0
3864	0
3865	3
3866	0
3867	0
3868	3
3869	1
3870	0
3871	1
3872	0
3873	0
3874	0
3875	0
3876	0
3877	0
3878	0
3879	0
3880	1
3881	2
3882	3
3883	0
3884	0
3885	0
3886	3
3887	0
3888	3
3889	0
3890	0
3891	3
3892	0
3893	0
3894	1
3895	0
3896	0
3897	3
3898	0
3899	0
3900	0
3901	0
3902	0
3903	3
3904	3
3905	0
3906	0
3907	0
3908	3
3909	2
3910	3
3911	0
3912	3
3913	3
3914	3
3915	2
3916	3
3917	3
3918	3
3919	0
3920	3
3921	1
3922	2
3923	3
3924	2
3925	0
3926	0
3927	0
3928	0
3929	0
3930	3
3931	3
3932	0
3933	3
3934	3
3935	3
3936	3
3937	3
3938	0
3939	0
3940	3
3941	2
3942	3
3943	3
3944	0
3945	1
3946	1
3947	1
3948	2
3949	3
3950	0
3951	1
3952	0
3953	0
3954	3
3955	3
3956	3
3957	1
3958	1
3959	3
3960	0
3961	3
3962	1
3963	3
3964	3
3965	0
3966	0
3967	3
3968	3
3969	0
3970	1
3971	3
3972	3
3973	0
3974	3
3975	0
3976	0
3977	2
3978	3
3979	3
3980	0
3981	1
3982	0
3983	3
3984	3
3985	3
3986	3
3987	3
3988	3
3989	0
3990	0
3991	0
3992	2
3993	0
3994	0
3995	3
3996	1
3997	3
3998	0
3999	2
4000	3
4001	3
4002	2
4003	0
4004	3
4005	0
4006	3
4007	2
4008	3
4009	1
4010	3
4011	3
4012	0
4013	1
4014	3
4015	3
4016	3
4017	0
4018	1
4019	3
4020	0
4021	0
4022	3
4023	3
4024	3
4025	0
4026	0
4027	3
4028	0
4029	3
4030	1
4031	3
4032	2
4033	1
4034	3
4035	3
4036	1
4037	0
4038	3
4039	0
4040	0
4041	2
4042	3
4043	3
4044	0
4045	3
4046	1
4047	0
4048	0
4049	0
4050	3
4051	0
4052	0
4053	1
4054	3
4055	2
4056	3
4057	0
4058	0
4059	1
4060	3
4061	3
4062	3
4063	3
4064	0
4065	1
4066	0
4067	3
4068	3
4069	3
4070	0
4071	0
4072	0
4073	0
4074	3
4075	2
4076	3
4077	0
4078	0
4079	0
4080	2
4081	1
4082	2
4083	0
4084	3
4085	0
4086	3
4087	1
4088	3
4089	0
4090	3
4091	0
4092	3
4093	0
4094	3
4095	2
