COMMAND
./sim gshare 13 11 ./proj2-traces/gcc_trace.txt
OUTPUT
number of predictions:2000000
number of mispredictions:242622
misprediction rate:   12.13%
FINAL GSHARE CONTENTS
0	3
1	3
2	3
3	2
4	0
5	0
6	3
7	1
8	0
9	1
10	3
11	1
12	0
13	0
14	3
15	3
16	0
17	3
18	2
19	3
20	0
21	0
22	3
23	3
24	3
25	1
26	3
27	1
28	3
29	3
30	2
31	3
32	3
33	3
34	0
35	2
36	0
37	0
38	0
39	0
40	0
41	0
42	3
43	3
44	1
45	0
46	0
47	1
48	3
49	0
50	2
51	0
52	0
53	3
54	3
55	1
56	0
57	0
58	3
59	3
60	0
61	0
62	3
63	0
64	0
65	3
66	3
67	3
68	0
69	3
70	0
71	0
72	2
73	3
74	0
75	0
76	3
77	1
78	3
79	3
80	0
81	0
82	0
83	1
84	3
85	2
86	3
87	3
88	1
89	3
90	1
91	0
92	0
93	0
94	1
95	0
96	2
97	0
98	3
99	2
100	3
101	0
102	0
103	3
104	3
105	0
106	3
107	0
108	1
109	3
110	0
111	2
112	3
113	0
114	3
115	3
116	0
117	0
118	3
119	2
120	2
121	3
122	0
123	1
124	2
125	0
126	0
127	3
128	0
129	3
130	0
131	0
132	2
133	3
134	0
135	0
136	0
137	3
138	3
139	3
140	0
141	2
142	2
143	3
144	1
145	3
146	2
147	0
148	2
149	3
150	3
151	0
152	2
153	0
154	3
155	3
156	0
157	0
158	2
159	3
160	0
161	3
162	3
163	3
164	0
165	3
166	3
167	0
168	0
169	3
170	0
171	0
172	0
173	3
174	2
175	0
176	1
177	0
178	3
179	3
180	2
181	0
182	3
183	0
184	0
185	3
186	0
187	0
188	0
189	3
190	1
191	0
192	0
193	0
194	0
195	3
196	0
197	0
198	0
199	0
200	0
201	0
202	3
203	0
204	3
205	0
206	3
207	3
208	0
209	0
210	3
211	0
212	0
213	0
214	0
215	0
216	0
217	0
218	0
219	3
220	0
221	2
222	0
223	1
224	0
225	0
226	1
227	0
228	0
229	3
230	3
231	0
232	3
233	3
234	2
235	3
236	3
237	3
238	0
239	3
240	3
241	0
242	3
243	0
244	0
245	1
246	0
247	2
248	0
249	0
250	0
251	0
252	0
253	1
254	3
255	3
256	0
257	2
258	3
259	0
260	3
261	0
262	3
263	0
264	3
265	0
266	3
267	3
268	1
269	0
270	3
271	0
272	3
273	0
274	3
275	2
276	1
277	3
278	3
279	3
280	0
281	3
282	1
283	2
284	2
285	0
286	3
287	3
288	0
289	2
290	2
291	0
292	0
293	0
294	0
295	0
296	3
297	3
298	0
299	0
300	3
301	3
302	1
303	2
304	2
305	3
306	0
307	0
308	0
309	3
310	3
311	0
312	0
313	0
314	3
315	0
316	3
317	3
318	0
319	0
320	3
321	3
322	3
323	0
324	1
325	0
326	0
327	1
328	0
329	3
330	0
331	0
332	0
333	3
334	3
335	0
336	3
337	0
338	0
339	1
340	3
341	0
342	3
343	3
344	1
345	2
346	0
347	3
348	0
349	0
350	3
351	3
352	3
353	3
354	3
355	0
356	3
357	3
358	0
359	0
360	1
361	3
362	0
363	3
364	3
365	2
366	3
367	0
368	3
369	3
370	3
371	1
372	3
373	0
374	0
375	3
376	3
377	0
378	0
379	0
380	3
381	2
382	3
383	0
384	0
385	3
386	1
387	0
388	3
389	0
390	3
391	0
392	3
393	3
394	3
395	0
396	3
397	3
398	0
399	0
400	0
401	2
402	0
403	0
404	2
405	1
406	3
407	3
408	1
409	0
410	2
411	0
412	3
413	2
414	3
415	3
416	3
417	3
418	0
419	1
420	2
421	0
422	0
423	0
424	0
425	3
426	3
427	3
428	0
429	0
430	3
431	3
432	3
433	0
434	3
435	0
436	0
437	0
438	0
439	0
440	3
441	1
442	3
443	0
444	2
445	2
446	3
447	2
448	3
449	1
450	0
451	3
452	2
453	2
454	0
455	3
456	3
457	3
458	2
459	3
460	3
461	3
462	3
463	3
464	0
465	3
466	1
467	3
468	3
469	0
470	0
471	3
472	1
473	3
474	0
475	3
476	3
477	3
478	2
479	0
480	3
481	3
482	3
483	0
484	2
485	0
486	0
487	0
488	0
489	3
490	3
491	3
492	2
493	3
494	3
495	0
496	3
497	0
498	0
499	3
500	2
501	0
502	0
503	3
504	3
505	0
506	0
507	1
508	0
509	2
510	0
511	0
512	0
513	3
514	0
515	3
516	3
517	0
518	3
519	3
520	2
521	0
522	1
523	0
524	0
525	0
526	3
527	0
528	0
529	2
530	1
531	1
532	0
533	0
534	1
535	3
536	0
537	3
538	0
539	0
540	0
541	0
542	0
543	0
544	0
545	3
546	0
547	0
548	0
549	0
550	0
551	2
552	3
553	2
554	1
555	0
556	0
557	1
558	3
559	0
560	3
561	3
562	0
563	0
564	0
565	1
566	0
567	3
568	0
569	0
570	1
571	2
572	0
573	0
574	3
575	0
576	3
577	3
578	2
579	0
580	3
581	2
582	0
583	0
584	3
585	3
586	3
587	0
588	0
589	0
590	3
591	0
592	0
593	1
594	0
595	3
596	0
597	0
598	3
599	2
600	0
601	0
602	3
603	3
604	3
605	2
606	3
607	0
608	3
609	0
610	3
611	0
612	2
613	3
614	0
615	3
616	3
617	3
618	0
619	0
620	3
621	2
622	3
623	0
624	3
625	0
626	0
627	0
628	2
629	1
630	0
631	3
632	0
633	0
634	0
635	0
636	3
637	2
638	3
639	3
640	0
641	3
642	0
643	1
644	3
645	0
646	3
647	3
648	3
649	3
650	3
651	3
652	3
653	2
654	0
655	3
656	3
657	3
658	3
659	0
660	1
661	1
662	3
663	0
664	2
665	3
666	0
667	2
668	0
669	3
670	3
671	3
672	2
673	3
674	0
675	1
676	3
677	3
678	3
679	2
680	3
681	3
682	0
683	3
684	3
685	0
686	1
687	0
688	3
689	2
690	0
691	3
692	3
693	0
694	1
695	3
696	0
697	0
698	3
699	0
700	3
701	0
702	0
703	3
704	1
705	2
706	2
707	2
708	2
709	2
710	3
711	0
712	3
713	3
714	3
715	1
716	3
717	3
718	0
719	3
720	0
721	3
722	0
723	0
724	3
725	3
726	2
727	0
728	3
729	1
730	3
731	0
732	3
733	3
734	3
735	0
736	2
737	0
738	1
739	3
740	3
741	3
742	0
743	3
744	1
745	0
746	0
747	0
748	2
749	3
750	0
751	3
752	3
753	2
754	0
755	3
756	3
757	1
758	3
759	3
760	0
761	0
762	0
763	3
764	0
765	0
766	0
767	0
768	1
769	0
770	3
771	0
772	3
773	3
774	0
775	0
776	3
777	2
778	2
779	1
780	3
781	2
782	3
783	3
784	0
785	1
786	2
787	3
788	3
789	3
790	1
791	2
792	3
793	3
794	3
795	3
796	0
797	3
798	3
799	0
800	0
801	1
802	0
803	0
804	0
805	3
806	0
807	2
808	3
809	3
810	0
811	3
812	0
813	3
814	0
815	0
816	0
817	0
818	0
819	0
820	0
821	3
822	3
823	0
824	2
825	3
826	0
827	3
828	0
829	3
830	2
831	0
832	0
833	1
834	0
835	0
836	3
837	0
838	0
839	3
840	0
841	0
842	3
843	0
844	0
845	3
846	0
847	0
848	3
849	0
850	3
851	3
852	3
853	0
854	3
855	0
856	0
857	0
858	0
859	0
860	0
861	3
862	0
863	0
864	0
865	0
866	0
867	0
868	1
869	0
870	0
871	3
872	0
873	0
874	0
875	0
876	0
877	1
878	3
879	3
880	0
881	3
882	0
883	0
884	3
885	3
886	3
887	0
888	1
889	0
890	0
891	3
892	0
893	3
894	0
895	2
896	0
897	3
898	3
899	3
900	0
901	1
902	3
903	3
904	0
905	3
906	1
907	3
908	0
909	0
910	2
911	1
912	0
913	3
914	3
915	0
916	0
917	0
918	1
919	0
920	3
921	3
922	0
923	1
924	3
925	3
926	3
927	3
928	0
929	3
930	3
931	3
932	0
933	3
934	0
935	3
936	2
937	3
938	3
939	2
940	0
941	3
942	3
943	0
944	0
945	2
946	3
947	0
948	0
949	3
950	0
951	0
952	2
953	0
954	1
955	0
956	2
957	0
958	0
959	3
960	3
961	3
962	3
963	2
964	2
965	3
966	3
967	3
968	0
969	3
970	3
971	0
972	1
973	2
974	0
975	0
976	3
977	1
978	2
979	1
980	0
981	3
982	1
983	0
984	2
985	3
986	0
987	3
988	3
989	3
990	0
991	3
992	0
993	3
994	3
995	3
996	0
997	0
998	0
999	0
1000	0
1001	3
1002	3
1003	3
1004	0
1005	1
1006	0
1007	2
1008	3
1009	3
1010	3
1011	3
1012	0
1013	2
1014	2
1015	1
1016	0
1017	3
1018	0
1019	1
1020	3
1021	3
1022	3
1023	3
1024	1
1025	0
1026	0
1027	1
1028	0
1029	0
1030	0
1031	2
1032	3
1033	3
1034	3
1035	0
1036	2
1037	1
1038	3
1039	3
1040	3
1041	1
1042	0
1043	1
1044	0
1045	0
1046	0
1047	1
1048	0
1049	0
1050	0
1051	0
1052	2
1053	1
1054	0
1055	1
1056	3
1057	0
1058	1
1059	0
1060	3
1061	1
1062	0
1063	0
1064	3
1065	0
1066	0
1067	0
1068	3
1069	0
1070	0
1071	0
1072	3
1073	0
1074	0
1075	1
1076	0
1077	3
1078	0
1079	0
1080	1
1081	0
1082	0
1083	0
1084	3
1085	0
1086	0
1087	2
1088	3
1089	2
1090	3
1091	0
1092	0
1093	0
1094	3
1095	1
1096	3
1097	1
1098	0
1099	3
1100	3
1101	0
1102	3
1103	3
1104	3
1105	3
1106	0
1107	3
1108	3
1109	0
1110	0
1111	1
1112	0
1113	0
1114	1
1115	2
1116	3
1117	0
1118	0
1119	2
1120	3
1121	0
1122	0
1123	2
1124	3
1125	3
1126	0
1127	3
1128	3
1129	0
1130	0
1131	1
1132	0
1133	0
1134	3
1135	2
1136	0
1137	0
1138	3
1139	0
1140	0
1141	3
1142	0
1143	3
1144	2
1145	0
1146	0
1147	0
1148	0
1149	1
1150	0
1151	0
1152	0
1153	0
1154	3
1155	3
1156	0
1157	0
1158	0
1159	0
1160	3
1161	3
1162	0
1163	0
1164	3
1165	3
1166	0
1167	3
1168	3
1169	2
1170	0
1171	2
1172	0
1173	0
1174	0
1175	3
1176	3
1177	1
1178	0
1179	1
1180	3
1181	3
1182	3
1183	0
1184	3
1185	1
1186	2
1187	0
1188	3
1189	3
1190	0
1191	0
1192	2
1193	1
1194	3
1195	0
1196	0
1197	3
1198	0
1199	3
1200	3
1201	0
1202	0
1203	0
1204	0
1205	0
1206	0
1207	3
1208	1
1209	1
1210	1
1211	3
1212	3
1213	3
1214	1
1215	2
1216	0
1217	3
1218	0
1219	0
1220	3
1221	3
1222	3
1223	0
1224	0
1225	3
1226	0
1227	0
1228	0
1229	3
1230	0
1231	3
1232	0
1233	2
1234	0
1235	3
1236	0
1237	0
1238	0
1239	2
1240	3
1241	0
1242	0
1243	2
1244	1
1245	0
1246	1
1247	1
1248	3
1249	2
1250	2
1251	0
1252	0
1253	3
1254	0
1255	2
1256	3
1257	3
1258	0
1259	0
1260	0
1261	1
1262	3
1263	0
1264	2
1265	3
1266	1
1267	3
1268	3
1269	0
1270	0
1271	2
1272	0
1273	3
1274	0
1275	2
1276	1
1277	2
1278	0
1279	0
1280	3
1281	2
1282	0
1283	0
1284	3
1285	0
1286	0
1287	0
1288	3
1289	3
1290	3
1291	1
1292	0
1293	3
1294	0
1295	3
1296	0
1297	0
1298	3
1299	0
1300	1
1301	0
1302	0
1303	1
1304	3
1305	0
1306	0
1307	0
1308	0
1309	0
1310	0
1311	1
1312	0
1313	0
1314	0
1315	0
1316	1
1317	0
1318	0
1319	3
1320	3
1321	3
1322	0
1323	3
1324	0
1325	0
1326	0
1327	0
1328	2
1329	3
1330	0
1331	3
1332	0
1333	2
1334	0
1335	3
1336	3
1337	3
1338	1
1339	0
1340	0
1341	3
1342	2
1343	0
1344	3
1345	0
1346	0
1347	3
1348	3
1349	0
1350	0
1351	3
1352	0
1353	0
1354	2
1355	0
1356	1
1357	0
1358	3
1359	0
1360	3
1361	0
1362	2
1363	2
1364	0
1365	3
1366	0
1367	3
1368	2
1369	0
1370	0
1371	0
1372	3
1373	3
1374	1
1375	2
1376	3
1377	3
1378	0
1379	2
1380	0
1381	3
1382	0
1383	3
1384	0
1385	0
1386	2
1387	0
1388	0
1389	1
1390	3
1391	2
1392	2
1393	3
1394	0
1395	3
1396	0
1397	0
1398	0
1399	0
1400	2
1401	0
1402	0
1403	2
1404	0
1405	0
1406	0
1407	0
1408	3
1409	3
1410	3
1411	3
1412	0
1413	3
1414	1
1415	2
1416	1
1417	3
1418	2
1419	0
1420	3
1421	3
1422	0
1423	1
1424	3
1425	1
1426	3
1427	3
1428	0
1429	1
1430	0
1431	2
1432	3
1433	0
1434	0
1435	0
1436	3
1437	2
1438	0
1439	3
1440	1
1441	3
1442	0
1443	0
1444	3
1445	3
1446	0
1447	0
1448	3
1449	3
1450	1
1451	3
1452	3
1453	3
1454	0
1455	3
1456	0
1457	0
1458	0
1459	3
1460	3
1461	0
1462	0
1463	3
1464	2
1465	2
1466	0
1467	0
1468	3
1469	3
1470	3
1471	0
1472	1
1473	0
1474	0
1475	0
1476	2
1477	3
1478	3
1479	0
1480	0
1481	0
1482	3
1483	3
1484	0
1485	3
1486	3
1487	1
1488	2
1489	0
1490	0
1491	0
1492	0
1493	2
1494	0
1495	0
1496	0
1497	1
1498	0
1499	1
1500	0
1501	0
1502	0
1503	3
1504	0
1505	0
1506	2
1507	2
1508	3
1509	0
1510	3
1511	3
1512	1
1513	3
1514	0
1515	3
1516	0
1517	3
1518	3
1519	3
1520	2
1521	3
1522	0
1523	3
1524	3
1525	3
1526	3
1527	3
1528	0
1529	3
1530	2
1531	0
1532	3
1533	1
1534	2
1535	0
1536	0
1537	1
1538	0
1539	3
1540	0
1541	0
1542	0
1543	3
1544	0
1545	2
1546	0
1547	3
1548	0
1549	3
1550	0
1551	3
1552	0
1553	3
1554	0
1555	3
1556	0
1557	2
1558	3
1559	0
1560	0
1561	3
1562	3
1563	3
1564	0
1565	3
1566	2
1567	3
1568	0
1569	3
1570	3
1571	3
1572	0
1573	3
1574	3
1575	0
1576	3
1577	3
1578	2
1579	0
1580	3
1581	3
1582	3
1583	2
1584	1
1585	3
1586	3
1587	0
1588	0
1589	0
1590	3
1591	0
1592	0
1593	2
1594	0
1595	0
1596	0
1597	0
1598	3
1599	0
1600	0
1601	0
1602	0
1603	3
1604	0
1605	3
1606	0
1607	3
1608	2
1609	3
1610	3
1611	3
1612	0
1613	3
1614	0
1615	3
1616	0
1617	3
1618	3
1619	3
1620	0
1621	0
1622	1
1623	0
1624	3
1625	3
1626	3
1627	3
1628	1
1629	0
1630	3
1631	3
1632	0
1633	3
1634	3
1635	3
1636	0
1637	3
1638	3
1639	3
1640	0
1641	3
1642	0
1643	3
1644	0
1645	3
1646	0
1647	3
1648	2
1649	3
1650	0
1651	0
1652	0
1653	3
1654	3
1655	0
1656	0
1657	3
1658	3
1659	0
1660	0
1661	2
1662	2
1663	0
1664	2
1665	3
1666	1
1667	0
1668	0
1669	3
1670	2
1671	3
1672	3
1673	0
1674	2
1675	0
1676	0
1677	3
1678	0
1679	2
1680	3
1681	3
1682	3
1683	0
1684	2
1685	0
1686	0
1687	3
1688	3
1689	3
1690	0
1691	3
1692	3
1693	3
1694	0
1695	3
1696	1
1697	3
1698	0
1699	3
1700	0
1701	3
1702	0
1703	2
1704	3
1705	0
1706	2
1707	2
1708	1
1709	3
1710	0
1711	3
1712	2
1713	3
1714	1
1715	1
1716	0
1717	3
1718	3
1719	3
1720	0
1721	0
1722	3
1723	1
1724	0
1725	3
1726	2
1727	0
1728	3
1729	0
1730	0
1731	3
1732	2
1733	3
1734	0
1735	3
1736	3
1737	3
1738	2
1739	3
1740	3
1741	3
1742	0
1743	2
1744	0
1745	3
1746	0
1747	3
1748	3
1749	3
1750	3
1751	3
1752	2
1753	3
1754	3
1755	3
1756	1
1757	3
1758	0
1759	2
1760	3
1761	3
1762	0
1763	0
1764	0
1765	3
1766	0
1767	3
1768	3
1769	0
1770	3
1771	3
1772	0
1773	3
1774	3
1775	2
1776	3
1777	1
1778	0
1779	3
1780	3
1781	2
1782	0
1783	3
1784	0
1785	2
1786	0
1787	3
1788	3
1789	3
1790	3
1791	1
1792	0
1793	0
1794	0
1795	0
1796	2
1797	0
1798	3
1799	3
1800	2
1801	3
1802	3
1803	0
1804	0
1805	3
1806	0
1807	0
1808	0
1809	0
1810	0
1811	3
1812	3
1813	0
1814	3
1815	0
1816	2
1817	3
1818	0
1819	0
1820	0
1821	3
1822	0
1823	0
1824	0
1825	0
1826	2
1827	3
1828	3
1829	0
1830	0
1831	0
1832	0
1833	2
1834	2
1835	0
1836	0
1837	0
1838	3
1839	0
1840	3
1841	3
1842	3
1843	0
1844	0
1845	0
1846	1
1847	0
1848	1
1849	3
1850	3
1851	0
1852	0
1853	3
1854	3
1855	1
1856	0
1857	3
1858	3
1859	3
1860	0
1861	0
1862	3
1863	1
1864	0
1865	3
1866	0
1867	3
1868	0
1869	3
1870	1
1871	3
1872	3
1873	0
1874	0
1875	0
1876	0
1877	2
1878	2
1879	3
1880	0
1881	0
1882	0
1883	0
1884	0
1885	3
1886	0
1887	3
1888	1
1889	1
1890	0
1891	0
1892	0
1893	0
1894	3
1895	3
1896	3
1897	3
1898	1
1899	3
1900	0
1901	0
1902	0
1903	3
1904	1
1905	0
1906	3
1907	0
1908	0
1909	0
1910	1
1911	3
1912	0
1913	3
1914	3
1915	0
1916	0
1917	3
1918	3
1919	0
1920	0
1921	0
1922	1
1923	0
1924	0
1925	0
1926	3
1927	1
1928	3
1929	0
1930	1
1931	3
1932	3
1933	0
1934	0
1935	0
1936	2
1937	3
1938	0
1939	1
1940	0
1941	1
1942	3
1943	3
1944	0
1945	0
1946	0
1947	0
1948	1
1949	0
1950	0
1951	3
1952	3
1953	3
1954	2
1955	2
1956	3
1957	0
1958	1
1959	2
1960	3
1961	3
1962	3
1963	3
1964	0
1965	0
1966	3
1967	0
1968	3
1969	3
1970	1
1971	0
1972	0
1973	3
1974	3
1975	3
1976	0
1977	0
1978	3
1979	2
1980	0
1981	0
1982	3
1983	3
1984	0
1985	3
1986	0
1987	0
1988	0
1989	3
1990	0
1991	3
1992	3
1993	0
1994	3
1995	0
1996	3
1997	3
1998	3
1999	0
2000	0
2001	0
2002	1
2003	3
2004	0
2005	3
2006	3
2007	0
2008	3
2009	1
2010	0
2011	3
2012	3
2013	0
2014	0
2015	0
2016	1
2017	3
2018	3
2019	3
2020	0
2021	3
2022	0
2023	3
2024	3
2025	2
2026	3
2027	1
2028	1
2029	3
2030	3
2031	0
2032	3
2033	2
2034	3
2035	3
2036	0
2037	3
2038	1
2039	3
2040	1
2041	3
2042	3
2043	0
2044	1
2045	3
2046	1
2047	1
2048	3
2049	1
2050	3
2051	3
2052	0
2053	1
2054	0
2055	3
2056	0
2057	2
2058	1
2059	0
2060	3
2061	2
2062	3
2063	0
2064	3
2065	3
2066	2
2067	2
2068	3
2069	0
2070	0
2071	3
2072	0
2073	3
2074	3
2075	3
2076	0
2077	1
2078	0
2079	0
2080	0
2081	0
2082	3
2083	3
2084	1
2085	0
2086	3
2087	0
2088	1
2089	0
2090	0
2091	0
2092	3
2093	3
2094	0
2095	3
2096	3
2097	1
2098	3
2099	0
2100	3
2101	0
2102	0
2103	2
2104	0
2105	3
2106	1
2107	3
2108	1
2109	3
2110	1
2111	3
2112	3
2113	3
2114	0
2115	3
2116	1
2117	0
2118	0
2119	0
2120	0
2121	3
2122	2
2123	3
2124	2
2125	0
2126	2
2127	3
2128	3
2129	3
2130	2
2131	0
2132	0
2133	1
2134	2
2135	3
2136	0
2137	3
2138	3
2139	0
2140	0
2141	0
2142	2
2143	0
2144	0
2145	0
2146	0
2147	3
2148	3
2149	0
2150	1
2151	0
2152	0
2153	3
2154	3
2155	3
2156	0
2157	2
2158	0
2159	3
2160	0
2161	1
2162	3
2163	2
2164	2
2165	0
2166	2
2167	1
2168	2
2169	2
2170	0
2171	0
2172	0
2173	3
2174	2
2175	0
2176	0
2177	0
2178	3
2179	3
2180	0
2181	1
2182	0
2183	2
2184	0
2185	3
2186	0
2187	3
2188	0
2189	3
2190	0
2191	0
2192	3
2193	3
2194	0
2195	3
2196	0
2197	3
2198	2
2199	3
2200	1
2201	0
2202	2
2203	3
2204	0
2205	0
2206	3
2207	3
2208	3
2209	3
2210	3
2211	0
2212	2
2213	2
2214	2
2215	1
2216	1
2217	3
2218	0
2219	3
2220	0
2221	0
2222	0
2223	0
2224	1
2225	0
2226	0
2227	3
2228	1
2229	0
2230	0
2231	3
2232	2
2233	3
2234	0
2235	3
2236	3
2237	3
2238	0
2239	1
2240	3
2241	0
2242	0
2243	3
2244	0
2245	3
2246	0
2247	0
2248	0
2249	1
2250	0
2251	0
2252	0
2253	0
2254	0
2255	0
2256	1
2257	0
2258	1
2259	3
2260	0
2261	0
2262	3
2263	3
2264	3
2265	0
2266	0
2267	3
2268	0
2269	0
2270	2
2271	3
2272	0
2273	3
2274	0
2275	1
2276	0
2277	1
2278	3
2279	0
2280	3
2281	3
2282	3
2283	3
2284	0
2285	3
2286	0
2287	0
2288	0
2289	3
2290	0
2291	1
2292	2
2293	0
2294	3
2295	3
2296	3
2297	2
2298	1
2299	0
2300	3
2301	0
2302	3
2303	3
2304	0
2305	0
2306	3
2307	0
2308	3
2309	3
2310	3
2311	3
2312	0
2313	3
2314	3
2315	3
2316	0
2317	0
2318	3
2319	2
2320	0
2321	1
2322	0
2323	3
2324	3
2325	0
2326	0
2327	3
2328	0
2329	3
2330	0
2331	3
2332	0
2333	3
2334	1
2335	3
2336	2
2337	0
2338	0
2339	0
2340	3
2341	3
2342	3
2343	3
2344	0
2345	3
2346	2
2347	0
2348	2
2349	2
2350	0
2351	3
2352	3
2353	1
2354	0
2355	0
2356	3
2357	3
2358	0
2359	0
2360	0
2361	3
2362	3
2363	0
2364	2
2365	0
2366	3
2367	3
2368	3
2369	0
2370	3
2371	0
2372	0
2373	0
2374	0
2375	3
2376	0
2377	0
2378	3
2379	3
2380	0
2381	2
2382	3
2383	3
2384	0
2385	3
2386	0
2387	1
2388	0
2389	3
2390	0
2391	3
2392	1
2393	0
2394	3
2395	0
2396	0
2397	0
2398	0
2399	0
2400	3
2401	0
2402	0
2403	0
2404	0
2405	0
2406	0
2407	0
2408	0
2409	1
2410	2
2411	0
2412	3
2413	3
2414	1
2415	3
2416	0
2417	0
2418	3
2419	0
2420	3
2421	3
2422	0
2423	3
2424	3
2425	1
2426	2
2427	2
2428	3
2429	3
2430	0
2431	3
2432	3
2433	0
2434	0
2435	0
2436	0
2437	1
2438	0
2439	3
2440	2
2441	0
2442	0
2443	1
2444	3
2445	0
2446	3
2447	3
2448	3
2449	3
2450	3
2451	2
2452	1
2453	3
2454	0
2455	0
2456	1
2457	3
2458	0
2459	3
2460	2
2461	3
2462	0
2463	0
2464	0
2465	3
2466	3
2467	3
2468	0
2469	3
2470	0
2471	3
2472	3
2473	3
2474	3
2475	3
2476	0
2477	3
2478	1
2479	3
2480	3
2481	3
2482	2
2483	2
2484	3
2485	3
2486	0
2487	0
2488	2
2489	1
2490	3
2491	3
2492	3
2493	0
2494	0
2495	0
2496	3
2497	3
2498	0
2499	3
2500	0
2501	2
2502	0
2503	3
2504	3
2505	1
2506	0
2507	0
2508	0
2509	2
2510	3
2511	0
2512	0
2513	0
2514	0
2515	3
2516	0
2517	1
2518	0
2519	0
2520	3
2521	2
2522	2
2523	3
2524	0
2525	0
2526	0
2527	0
2528	2
2529	3
2530	1
2531	0
2532	3
2533	3
2534	0
2535	1
2536	2
2537	3
2538	0
2539	0
2540	3
2541	0
2542	0
2543	0
2544	0
2545	3
2546	3
2547	1
2548	3
2549	0
2550	0
2551	0
2552	3
2553	0
2554	1
2555	3
2556	0
2557	3
2558	0
2559	3
2560	2
2561	2
2562	1
2563	0
2564	0
2565	1
2566	0
2567	0
2568	2
2569	3
2570	0
2571	1
2572	1
2573	1
2574	1
2575	2
2576	3
2577	0
2578	3
2579	3
2580	0
2581	3
2582	2
2583	0
2584	3
2585	2
2586	3
2587	0
2588	2
2589	3
2590	1
2591	2
2592	0
2593	1
2594	0
2595	0
2596	0
2597	1
2598	3
2599	2
2600	2
2601	3
2602	3
2603	3
2604	0
2605	0
2606	3
2607	0
2608	1
2609	3
2610	3
2611	3
2612	3
2613	3
2614	0
2615	3
2616	0
2617	3
2618	0
2619	3
2620	0
2621	3
2622	0
2623	0
2624	0
2625	0
2626	0
2627	0
2628	3
2629	3
2630	3
2631	3
2632	1
2633	3
2634	3
2635	3
2636	2
2637	3
2638	3
2639	3
2640	3
2641	2
2642	0
2643	1
2644	0
2645	3
2646	0
2647	3
2648	3
2649	3
2650	3
2651	0
2652	3
2653	3
2654	2
2655	3
2656	3
2657	0
2658	3
2659	0
2660	1
2661	3
2662	3
2663	2
2664	3
2665	3
2666	0
2667	1
2668	1
2669	3
2670	0
2671	1
2672	3
2673	0
2674	3
2675	0
2676	0
2677	2
2678	0
2679	0
2680	3
2681	3
2682	0
2683	0
2684	0
2685	3
2686	0
2687	0
2688	3
2689	0
2690	3
2691	0
2692	3
2693	0
2694	0
2695	0
2696	0
2697	3
2698	3
2699	0
2700	0
2701	3
2702	0
2703	3
2704	3
2705	2
2706	3
2707	0
2708	0
2709	0
2710	0
2711	0
2712	0
2713	3
2714	0
2715	0
2716	0
2717	0
2718	0
2719	3
2720	3
2721	3
2722	0
2723	0
2724	1
2725	2
2726	0
2727	0
2728	0
2729	3
2730	0
2731	3
2732	0
2733	3
2734	1
2735	0
2736	3
2737	2
2738	2
2739	0
2740	0
2741	3
2742	2
2743	0
2744	3
2745	0
2746	3
2747	3
2748	3
2749	3
2750	0
2751	1
2752	0
2753	1
2754	3
2755	3
2756	3
2757	2
2758	3
2759	1
2760	1
2761	3
2762	3
2763	3
2764	0
2765	3
2766	3
2767	0
2768	1
2769	3
2770	0
2771	0
2772	0
2773	3
2774	1
2775	3
2776	0
2777	3
2778	3
2779	0
2780	1
2781	3
2782	2
2783	3
2784	0
2785	3
2786	2
2787	3
2788	0
2789	3
2790	0
2791	3
2792	0
2793	1
2794	3
2795	1
2796	2
2797	2
2798	2
2799	3
2800	3
2801	3
2802	3
2803	1
2804	3
2805	0
2806	1
2807	0
2808	3
2809	0
2810	3
2811	0
2812	2
2813	3
2814	0
2815	3
2816	3
2817	3
2818	0
2819	3
2820	3
2821	0
2822	0
2823	3
2824	0
2825	3
2826	0
2827	0
2828	0
2829	3
2830	0
2831	0
2832	0
2833	0
2834	3
2835	0
2836	0
2837	1
2838	0
2839	0
2840	3
2841	3
2842	0
2843	2
2844	2
2845	2
2846	0
2847	0
2848	2
2849	3
2850	0
2851	3
2852	0
2853	3
2854	0
2855	0
2856	0
2857	3
2858	0
2859	1
2860	3
2861	0
2862	0
2863	3
2864	3
2865	0
2866	0
2867	3
2868	3
2869	0
2870	0
2871	3
2872	3
2873	3
2874	0
2875	0
2876	3
2877	3
2878	3
2879	2
2880	0
2881	0
2882	0
2883	0
2884	3
2885	0
2886	0
2887	3
2888	0
2889	2
2890	0
2891	3
2892	3
2893	3
2894	0
2895	0
2896	1
2897	3
2898	0
2899	3
2900	3
2901	0
2902	3
2903	0
2904	0
2905	2
2906	1
2907	3
2908	0
2909	3
2910	0
2911	3
2912	3
2913	2
2914	1
2915	0
2916	0
2917	3
2918	0
2919	3
2920	3
2921	3
2922	2
2923	0
2924	3
2925	0
2926	1
2927	1
2928	0
2929	0
2930	0
2931	3
2932	1
2933	0
2934	0
2935	0
2936	0
2937	0
2938	0
2939	0
2940	0
2941	0
2942	3
2943	0
2944	3
2945	3
2946	3
2947	3
2948	0
2949	2
2950	3
2951	3
2952	0
2953	3
2954	1
2955	2
2956	0
2957	0
2958	3
2959	0
2960	0
2961	3
2962	0
2963	0
2964	0
2965	3
2966	3
2967	3
2968	2
2969	3
2970	0
2971	2
2972	0
2973	0
2974	0
2975	3
2976	0
2977	3
2978	0
2979	0
2980	3
2981	1
2982	3
2983	0
2984	3
2985	0
2986	3
2987	0
2988	0
2989	0
2990	3
2991	0
2992	3
2993	3
2994	2
2995	2
2996	1
2997	0
2998	2
2999	0
3000	2
3001	0
3002	0
3003	0
3004	2
3005	2
3006	3
3007	0
3008	0
3009	3
3010	0
3011	3
3012	0
3013	1
3014	0
3015	2
3016	1
3017	0
3018	0
3019	3
3020	0
3021	2
3022	0
3023	1
3024	3
3025	0
3026	1
3027	3
3028	0
3029	0
3030	0
3031	3
3032	1
3033	0
3034	3
3035	3
3036	0
3037	0
3038	0
3039	3
3040	2
3041	1
3042	0
3043	3
3044	2
3045	3
3046	0
3047	0
3048	1
3049	0
3050	3
3051	3
3052	3
3053	1
3054	0
3055	2
3056	3
3057	2
3058	1
3059	3
3060	3
3061	3
3062	0
3063	0
3064	0
3065	3
3066	3
3067	3
3068	1
3069	3
3070	0
3071	0
3072	3
3073	3
3074	2
3075	0
3076	0
3077	0
3078	0
3079	0
3080	0
3081	0
3082	0
3083	0
3084	1
3085	0
3086	3
3087	0
3088	3
3089	1
3090	0
3091	3
3092	3
3093	0
3094	3
3095	1
3096	2
3097	0
3098	0
3099	0
3100	0
3101	3
3102	0
3103	3
3104	0
3105	3
3106	1
3107	3
3108	0
3109	0
3110	0
3111	1
3112	0
3113	3
3114	0
3115	1
3116	0
3117	0
3118	3
3119	0
3120	0
3121	3
3122	0
3123	3
3124	3
3125	3
3126	0
3127	0
3128	1
3129	0
3130	3
3131	0
3132	0
3133	0
3134	3
3135	0
3136	0
3137	2
3138	3
3139	2
3140	0
3141	3
3142	0
3143	0
3144	0
3145	3
3146	3
3147	3
3148	0
3149	3
3150	3
3151	0
3152	0
3153	0
3154	0
3155	0
3156	3
3157	0
3158	0
3159	0
3160	1
3161	3
3162	2
3163	1
3164	0
3165	0
3166	0
3167	0
3168	3
3169	3
3170	0
3171	0
3172	0
3173	3
3174	0
3175	3
3176	3
3177	0
3178	3
3179	2
3180	3
3181	0
3182	2
3183	3
3184	3
3185	0
3186	3
3187	3
3188	2
3189	3
3190	1
3191	0
3192	1
3193	2
3194	3
3195	3
3196	0
3197	3
3198	1
3199	0
3200	3
3201	0
3202	0
3203	3
3204	3
3205	0
3206	0
3207	3
3208	3
3209	3
3210	0
3211	2
3212	0
3213	3
3214	0
3215	3
3216	3
3217	2
3218	0
3219	0
3220	2
3221	3
3222	0
3223	1
3224	3
3225	3
3226	0
3227	0
3228	0
3229	0
3230	0
3231	0
3232	0
3233	3
3234	0
3235	2
3236	3
3237	0
3238	0
3239	3
3240	2
3241	3
3242	3
3243	3
3244	0
3245	3
3246	3
3247	0
3248	3
3249	0
3250	2
3251	3
3252	3
3253	2
3254	0
3255	3
3256	3
3257	3
3258	0
3259	0
3260	3
3261	3
3262	0
3263	3
3264	2
3265	3
3266	0
3267	0
3268	0
3269	3
3270	0
3271	2
3272	0
3273	2
3274	2
3275	0
3276	1
3277	0
3278	3
3279	1
3280	0
3281	0
3282	3
3283	3
3284	2
3285	3
3286	0
3287	0
3288	0
3289	0
3290	3
3291	0
3292	2
3293	2
3294	3
3295	1
3296	0
3297	3
3298	3
3299	3
3300	0
3301	3
3302	0
3303	2
3304	2
3305	3
3306	0
3307	3
3308	0
3309	2
3310	3
3311	0
3312	3
3313	0
3314	3
3315	3
3316	3
3317	0
3318	3
3319	3
3320	3
3321	0
3322	3
3323	3
3324	0
3325	0
3326	0
3327	0
3328	0
3329	0
3330	3
3331	0
3332	0
3333	0
3334	1
3335	0
3336	3
3337	3
3338	0
3339	0
3340	3
3341	2
3342	0
3343	2
3344	3
3345	0
3346	2
3347	3
3348	3
3349	0
3350	0
3351	0
3352	0
3353	3
3354	1
3355	1
3356	3
3357	3
3358	3
3359	1
3360	0
3361	3
3362	3
3363	0
3364	3
3365	3
3366	1
3367	3
3368	3
3369	3
3370	3
3371	3
3372	1
3373	3
3374	3
3375	3
3376	3
3377	3
3378	0
3379	3
3380	3
3381	0
3382	2
3383	3
3384	2
3385	3
3386	0
3387	3
3388	0
3389	3
3390	0
3391	3
3392	3
3393	3
3394	2
3395	1
3396	1
3397	3
3398	3
3399	1
3400	0
3401	0
3402	3
3403	2
3404	0
3405	0
3406	0
3407	0
3408	3
3409	0
3410	2
3411	3
3412	3
3413	2
3414	0
3415	1
3416	3
3417	0
3418	0
3419	3
3420	3
3421	1
3422	1
3423	0
3424	3
3425	0
3426	3
3427	0
3428	3
3429	0
3430	0
3431	0
3432	3
3433	0
3434	1
3435	2
3436	3
3437	0
3438	3
3439	2
3440	2
3441	0
3442	0
3443	0
3444	0
3445	0
3446	0
3447	1
3448	3
3449	0
3450	0
3451	0
3452	3
3453	0
3454	0
3455	3
3456	1
3457	1
3458	0
3459	2
3460	0
3461	0
3462	0
3463	3
3464	0
3465	0
3466	3
3467	1
3468	0
3469	0
3470	0
3471	0
3472	0
3473	3
3474	3
3475	2
3476	3
3477	3
3478	0
3479	0
3480	3
3481	3
3482	3
3483	3
3484	3
3485	2
3486	0
3487	1
3488	3
3489	0
3490	0
3491	0
3492	0
3493	3
3494	3
3495	3
3496	0
3497	3
3498	0
3499	0
3500	3
3501	0
3502	1
3503	3
3504	2
3505	3
3506	0
3507	3
3508	0
3509	3
3510	3
3511	3
3512	3
3513	2
3514	0
3515	0
3516	0
3517	3
3518	0
3519	3
3520	0
3521	0
3522	0
3523	0
3524	3
3525	0
3526	0
3527	3
3528	0
3529	3
3530	0
3531	0
3532	3
3533	0
3534	0
3535	1
3536	0
3537	3
3538	0
3539	0
3540	3
3541	0
3542	0
3543	2
3544	3
3545	0
3546	0
3547	3
3548	3
3549	0
3550	0
3551	2
3552	3
3553	3
3554	0
3555	3
3556	3
3557	3
3558	0
3559	0
3560	3
3561	2
3562	2
3563	3
3564	3
3565	0
3566	3
3567	0
3568	3
3569	0
3570	3
3571	3
3572	1
3573	0
3574	3
3575	0
3576	1
3577	1
3578	0
3579	0
3580	2
3581	0
3582	0
3583	0
3584	3
3585	1
3586	0
3587	1
3588	0
3589	3
3590	3
3591	0
3592	0
3593	3
3594	0
3595	3
3596	0
3597	1
3598	3
3599	1
3600	0
3601	0
3602	3
3603	2
3604	3
3605	0
3606	0
3607	0
3608	0
3609	3
3610	3
3611	0
3612	0
3613	0
3614	3
3615	0
3616	3
3617	3
3618	2
3619	3
3620	3
3621	0
3622	3
3623	3
3624	0
3625	0
3626	1
3627	0
3628	3
3629	0
3630	0
3631	3
3632	3
3633	0
3634	0
3635	3
3636	0
3637	0
3638	0
3639	0
3640	3
3641	3
3642	0
3643	0
3644	1
3645	0
3646	3
3647	2
3648	3
3649	3
3650	0
3651	3
3652	0
3653	3
3654	0
3655	3
3656	2
3657	0
3658	0
3659	0
3660	0
3661	3
3662	0
3663	3
3664	2
3665	1
3666	0
3667	0
3668	3
3669	0
3670	2
3671	3
3672	3
3673	0
3674	0
3675	3
3676	3
3677	3
3678	3
3679	0
3680	2
3681	3
3682	0
3683	3
3684	2
3685	3
3686	0
3687	3
3688	0
3689	0
3690	0
3691	0
3692	2
3693	0
3694	2
3695	0
3696	3
3697	0
3698	0
3699	2
3700	0
3701	0
3702	0
3703	0
3704	2
3705	0
3706	0
3707	0
3708	0
3709	0
3710	0
3711	2
3712	3
3713	3
3714	0
3715	0
3716	2
3717	3
3718	0
3719	0
3720	0
3721	0
3722	3
3723	0
3724	1
3725	0
3726	1
3727	0
3728	2
3729	3
3730	0
3731	3
3732	3
3733	3
3734	0
3735	3
3736	3
3737	2
3738	0
3739	0
3740	3
3741	3
3742	0
3743	0
3744	3
3745	3
3746	0
3747	3
3748	3
3749	0
3750	0
3751	1
3752	0
3753	0
3754	3
3755	0
3756	0
3757	3
3758	3
3759	3
3760	3
3761	3
3762	0
3763	3
3764	3
3765	3
3766	3
3767	3
3768	3
3769	3
3770	0
3771	2
3772	0
3773	1
3774	3
3775	3
3776	3
3777	1
3778	0
3779	3
3780	0
3781	0
3782	3
3783	1
3784	0
3785	1
3786	3
3787	0
3788	0
3789	1
3790	3
3791	0
3792	0
3793	0
3794	0
3795	0
3796	3
3797	0
3798	3
3799	2
3800	0
3801	3
3802	3
3803	3
3804	3
3805	0
3806	0
3807	2
3808	0
3809	0
3810	2
3811	0
3812	0
3813	0
3814	3
3815	0
3816	3
3817	0
3818	0
3819	0
3820	2
3821	0
3822	0
3823	0
3824	1
3825	3
3826	0
3827	3
3828	2
3829	3
3830	3
3831	0
3832	0
3833	0
3834	3
3835	3
3836	0
3837	0
3838	0
3839	0
3840	3
3841	3
3842	2
3843	0
3844	3
3845	0
3846	3
3847	3
3848	0
3849	0
3850	0
3851	0
3852	0
3853	3
3854	0
3855	0
3856	1
3857	3
3858	3
3859	0
3860	2
3861	0
3862	3
3863	0
3864	2
3865	1
3866	3
3867	3
3868	0
3869	1
3870	1
3871	0
3872	0
3873	0
3874	3
3875	2
3876	1
3877	0
3878	1
3879	0
3880	3
3881	0
3882	0
3883	0
3884	0
3885	1
3886	0
3887	0
3888	1
3889	3
3890	3
3891	3
3892	0
3893	3
3894	3
3895	0
3896	0
3897	3
3898	3
3899	3
3900	3
3901	3
3902	0
3903	3
3904	0
3905	0
3906	2
3907	0
3908	0
3909	1
3910	3
3911	2
3912	0
3913	1
3914	3
3915	0
3916	0
3917	2
3918	1
3919	3
3920	3
3921	3
3922	3
3923	1
3924	0
3925	0
3926	0
3927	2
3928	0
3929	3
3930	3
3931	1
3932	1
3933	0
3934	3
3935	0
3936	0
3937	0
3938	3
3939	0
3940	3
3941	1
3942	3
3943	0
3944	0
3945	3
3946	0
3947	3
3948	0
3949	2
3950	3
3951	3
3952	0
3953	0
3954	0
3955	3
3956	0
3957	3
3958	3
3959	3
3960	0
3961	3
3962	1
3963	0
3964	1
3965	3
3966	1
3967	0
3968	3
3969	0
3970	0
3971	3
3972	0
3973	0
3974	3
3975	0
3976	0
3977	3
3978	0
3979	3
3980	0
3981	2
3982	2
3983	0
3984	1
3985	3
3986	3
3987	0
3988	0
3989	0
3990	3
3991	2
3992	0
3993	1
3994	0
3995	0
3996	0
3997	0
3998	0
3999	0
4000	3
4001	1
4002	0
4003	3
4004	0
4005	0
4006	2
4007	3
4008	3
4009	0
4010	0
4011	3
4012	1
4013	1
4014	2
4015	3
4016	3
4017	3
4018	2
4019	2
4020	0
4021	0
4022	0
4023	3
4024	1
4025	3
4026	2
4027	3
4028	3
4029	0
4030	0
4031	0
4032	1
4033	0
4034	3
4035	0
4036	3
4037	0
4038	0
4039	0
4040	0
4041	0
4042	3
4043	0
4044	1
4045	3
4046	3
4047	0
4048	0
4049	0
4050	3
4051	0
4052	2
4053	0
4054	3
4055	3
4056	0
4057	3
4058	3
4059	2
4060	3
4061	0
4062	3
4063	1
4064	0
4065	0
4066	3
4067	0
4068	0
4069	0
4070	3
4071	3
4072	0
4073	0
4074	0
4075	1
4076	0
4077	0
4078	3
4079	0
4080	0
4081	0
4082	2
4083	0
4084	3
4085	0
4086	0
4087	3
4088	3
4089	2
4090	0
4091	0
4092	0
4093	0
4094	0
4095	3
4096	0
4097	3
4098	1
4099	0
4100	0
4101	3
4102	0
4103	0
4104	0
4105	0
4106	3
4107	0
4108	0
4109	0
4110	1
4111	3
4112	3
4113	2
4114	0
4115	0
4116	3
4117	3
4118	1
4119	0
4120	0
4121	0
4122	1
4123	0
4124	0
4125	1
4126	3
4127	0
4128	0
4129	3
4130	0
4131	3
4132	0
4133	0
4134	0
4135	0
4136	3
4137	3
4138	3
4139	0
4140	0
4141	0
4142	2
4143	0
4144	3
4145	0
4146	3
4147	2
4148	2
4149	3
4150	0
4151	3
4152	2
4153	1
4154	3
4155	0
4156	0
4157	0
4158	0
4159	3
4160	3
4161	0
4162	1
4163	3
4164	0
4165	2
4166	0
4167	1
4168	3
4169	0
4170	1
4171	0
4172	0
4173	3
4174	0
4175	0
4176	0
4177	3
4178	0
4179	1
4180	0
4181	0
4182	0
4183	0
4184	1
4185	0
4186	0
4187	3
4188	1
4189	3
4190	1
4191	3
4192	0
4193	3
4194	3
4195	0
4196	0
4197	3
4198	1
4199	0
4200	0
4201	3
4202	0
4203	0
4204	3
4205	0
4206	0
4207	1
4208	0
4209	3
4210	0
4211	3
4212	2
4213	3
4214	0
4215	0
4216	2
4217	0
4218	0
4219	3
4220	3
4221	2
4222	3
4223	0
4224	3
4225	3
4226	3
4227	0
4228	0
4229	1
4230	1
4231	3
4232	3
4233	0
4234	0
4235	0
4236	2
4237	3
4238	0
4239	3
4240	3
4241	3
4242	3
4243	3
4244	3
4245	1
4246	0
4247	3
4248	0
4249	0
4250	2
4251	3
4252	0
4253	3
4254	3
4255	3
4256	0
4257	3
4258	3
4259	3
4260	3
4261	1
4262	1
4263	0
4264	3
4265	3
4266	0
4267	0
4268	3
4269	3
4270	3
4271	3
4272	3
4273	3
4274	3
4275	2
4276	0
4277	1
4278	0
4279	3
4280	3
4281	3
4282	0
4283	3
4284	0
4285	3
4286	0
4287	2
4288	3
4289	3
4290	0
4291	3
4292	3
4293	3
4294	1
4295	0
4296	3
4297	3
4298	3
4299	0
4300	3
4301	0
4302	0
4303	0
4304	0
4305	3
4306	3
4307	2
4308	0
4309	0
4310	1
4311	3
4312	2
4313	0
4314	2
4315	3
4316	3
4317	0
4318	2
4319	0
4320	3
4321	3
4322	3
4323	0
4324	3
4325	3
4326	3
4327	0
4328	3
4329	3
4330	0
4331	3
4332	3
4333	1
4334	1
4335	2
4336	0
4337	3
4338	3
4339	3
4340	3
4341	3
4342	3
4343	3
4344	3
4345	3
4346	3
4347	3
4348	3
4349	3
4350	0
4351	3
4352	3
4353	3
4354	3
4355	3
4356	3
4357	3
4358	3
4359	3
4360	3
4361	3
4362	0
4363	3
4364	0
4365	3
4366	3
4367	0
4368	0
4369	0
4370	3
4371	3
4372	3
4373	0
4374	0
4375	3
4376	0
4377	3
4378	1
4379	3
4380	0
4381	0
4382	0
4383	3
4384	2
4385	0
4386	2
4387	1
4388	3
4389	3
4390	3
4391	0
4392	0
4393	0
4394	0
4395	1
4396	1
4397	3
4398	0
4399	3
4400	3
4401	0
4402	3
4403	0
4404	0
4405	3
4406	3
4407	0
4408	3
4409	0
4410	3
4411	0
4412	3
4413	1
4414	0
4415	3
4416	2
4417	0
4418	3
4419	0
4420	1
4421	0
4422	3
4423	2
4424	3
4425	3
4426	3
4427	0
4428	3
4429	0
4430	3
4431	0
4432	0
4433	3
4434	3
4435	2
4436	0
4437	3
4438	3
4439	3
4440	3
4441	3
4442	3
4443	0
4444	3
4445	0
4446	0
4447	0
4448	0
4449	0
4450	0
4451	0
4452	0
4453	3
4454	0
4455	0
4456	3
4457	0
4458	0
4459	3
4460	0
4461	2
4462	0
4463	0
4464	0
4465	0
4466	0
4467	2
4468	3
4469	3
4470	0
4471	0
4472	3
4473	0
4474	0
4475	3
4476	0
4477	0
4478	3
4479	3
4480	0
4481	0
4482	0
4483	0
4484	0
4485	3
4486	0
4487	3
4488	3
4489	0
4490	0
4491	1
4492	3
4493	0
4494	0
4495	2
4496	0
4497	1
4498	3
4499	2
4500	0
4501	3
4502	2
4503	3
4504	3
4505	0
4506	0
4507	0
4508	3
4509	3
4510	1
4511	3
4512	0
4513	0
4514	3
4515	3
4516	0
4517	2
4518	0
4519	3
4520	0
4521	1
4522	2
4523	3
4524	3
4525	0
4526	3
4527	3
4528	3
4529	0
4530	3
4531	0
4532	3
4533	0
4534	3
4535	3
4536	3
4537	0
4538	3
4539	0
4540	0
4541	3
4542	3
4543	3
4544	3
4545	3
4546	2
4547	0
4548	3
4549	3
4550	0
4551	3
4552	0
4553	0
4554	0
4555	3
4556	0
4557	3
4558	0
4559	0
4560	3
4561	3
4562	3
4563	3
4564	0
4565	3
4566	0
4567	0
4568	3
4569	0
4570	2
4571	0
4572	3
4573	3
4574	0
4575	0
4576	3
4577	1
4578	0
4579	2
4580	0
4581	3
4582	3
4583	3
4584	3
4585	3
4586	0
4587	3
4588	0
4589	3
4590	0
4591	0
4592	0
4593	0
4594	3
4595	0
4596	3
4597	0
4598	1
4599	1
4600	1
4601	0
4602	3
4603	3
4604	3
4605	0
4606	3
4607	3
4608	0
4609	3
4610	3
4611	0
4612	3
4613	2
4614	0
4615	3
4616	2
4617	0
4618	0
4619	0
4620	0
4621	3
4622	0
4623	0
4624	0
4625	0
4626	3
4627	0
4628	0
4629	2
4630	3
4631	3
4632	0
4633	0
4634	0
4635	2
4636	0
4637	3
4638	0
4639	0
4640	0
4641	3
4642	3
4643	3
4644	0
4645	3
4646	3
4647	1
4648	0
4649	0
4650	0
4651	3
4652	3
4653	3
4654	0
4655	0
4656	0
4657	3
4658	3
4659	0
4660	0
4661	0
4662	3
4663	3
4664	0
4665	0
4666	2
4667	0
4668	0
4669	0
4670	0
4671	0
4672	3
4673	0
4674	0
4675	0
4676	3
4677	0
4678	0
4679	0
4680	0
4681	3
4682	0
4683	3
4684	2
4685	2
4686	0
4687	0
4688	2
4689	0
4690	0
4691	3
4692	3
4693	0
4694	0
4695	3
4696	3
4697	1
4698	0
4699	3
4700	3
4701	0
4702	0
4703	0
4704	3
4705	0
4706	0
4707	0
4708	0
4709	3
4710	3
4711	0
4712	3
4713	0
4714	0
4715	2
4716	0
4717	1
4718	0
4719	2
4720	3
4721	3
4722	0
4723	0
4724	3
4725	1
4726	0
4727	3
4728	2
4729	2
4730	0
4731	3
4732	3
4733	0
4734	1
4735	3
4736	3
4737	0
4738	1
4739	0
4740	0
4741	0
4742	3
4743	3
4744	3
4745	3
4746	0
4747	0
4748	0
4749	1
4750	0
4751	0
4752	3
4753	3
4754	3
4755	3
4756	3
4757	0
4758	3
4759	0
4760	0
4761	3
4762	3
4763	0
4764	0
4765	0
4766	0
4767	2
4768	3
4769	3
4770	0
4771	3
4772	2
4773	0
4774	0
4775	3
4776	3
4777	1
4778	0
4779	1
4780	3
4781	3
4782	3
4783	3
4784	0
4785	3
4786	0
4787	3
4788	3
4789	3
4790	3
4791	0
4792	0
4793	0
4794	0
4795	0
4796	3
4797	0
4798	1
4799	3
4800	0
4801	3
4802	2
4803	0
4804	0
4805	3
4806	0
4807	1
4808	2
4809	0
4810	3
4811	0
4812	0
4813	0
4814	2
4815	3
4816	1
4817	1
4818	3
4819	3
4820	3
4821	3
4822	3
4823	0
4824	3
4825	0
4826	0
4827	0
4828	0
4829	0
4830	1
4831	3
4832	2
4833	0
4834	3
4835	3
4836	0
4837	3
4838	2
4839	3
4840	0
4841	0
4842	3
4843	3
4844	3
4845	0
4846	0
4847	3
4848	3
4849	0
4850	0
4851	3
4852	2
4853	3
4854	3
4855	3
4856	3
4857	3
4858	1
4859	0
4860	3
4861	3
4862	2
4863	2
4864	3
4865	3
4866	3
4867	3
4868	1
4869	3
4870	2
4871	1
4872	0
4873	3
4874	3
4875	3
4876	0
4877	2
4878	0
4879	0
4880	3
4881	1
4882	0
4883	0
4884	3
4885	1
4886	0
4887	3
4888	3
4889	3
4890	0
4891	3
4892	3
4893	1
4894	0
4895	2
4896	3
4897	0
4898	0
4899	1
4900	3
4901	0
4902	0
4903	3
4904	0
4905	0
4906	0
4907	3
4908	0
4909	0
4910	0
4911	3
4912	3
4913	0
4914	0
4915	2
4916	3
4917	0
4918	0
4919	3
4920	3
4921	3
4922	0
4923	1
4924	3
4925	0
4926	3
4927	2
4928	0
4929	0
4930	3
4931	0
4932	0
4933	0
4934	1
4935	2
4936	3
4937	0
4938	3
4939	0
4940	3
4941	3
4942	3
4943	3
4944	3
4945	0
4946	0
4947	3
4948	0
4949	3
4950	0
4951	2
4952	2
4953	0
4954	1
4955	2
4956	0
4957	0
4958	1
4959	2
4960	0
4961	0
4962	0
4963	3
4964	0
4965	0
4966	3
4967	1
4968	2
4969	0
4970	3
4971	3
4972	0
4973	0
4974	3
4975	3
4976	1
4977	1
4978	0
4979	3
4980	0
4981	0
4982	3
4983	1
4984	3
4985	1
4986	1
4987	0
4988	0
4989	3
4990	0
4991	3
4992	3
4993	3
4994	2
4995	3
4996	3
4997	3
4998	3
4999	0
5000	0
5001	3
5002	0
5003	0
5004	3
5005	3
5006	3
5007	3
5008	3
5009	0
5010	0
5011	3
5012	3
5013	3
5014	1
5015	3
5016	3
5017	0
5018	0
5019	0
5020	3
5021	1
5022	3
5023	3
5024	0
5025	0
5026	3
5027	3
5028	1
5029	3
5030	3
5031	3
5032	0
5033	0
5034	0
5035	3
5036	0
5037	0
5038	0
5039	3
5040	3
5041	0
5042	3
5043	2
5044	0
5045	0
5046	0
5047	3
5048	3
5049	1
5050	0
5051	2
5052	3
5053	0
5054	0
5055	2
5056	3
5057	3
5058	3
5059	0
5060	3
5061	0
5062	3
5063	0
5064	0
5065	2
5066	3
5067	3
5068	3
5069	0
5070	0
5071	0
5072	3
5073	3
5074	3
5075	3
5076	3
5077	0
5078	3
5079	1
5080	2
5081	2
5082	3
5083	1
5084	2
5085	0
5086	3
5087	3
5088	3
5089	1
5090	3
5091	3
5092	0
5093	3
5094	3
5095	3
5096	3
5097	3
5098	0
5099	1
5100	0
5101	3
5102	3
5103	3
5104	0
5105	1
5106	2
5107	3
5108	0
5109	0
5110	3
5111	3
5112	1
5113	0
5114	0
5115	3
5116	1
5117	0
5118	0
5119	0
5120	0
5121	0
5122	0
5123	3
5124	0
5125	3
5126	0
5127	3
5128	0
5129	1
5130	0
5131	3
5132	1
5133	0
5134	3
5135	3
5136	0
5137	0
5138	0
5139	2
5140	3
5141	0
5142	0
5143	3
5144	0
5145	3
5146	3
5147	0
5148	0
5149	3
5150	0
5151	0
5152	0
5153	0
5154	0
5155	3
5156	0
5157	0
5158	0
5159	1
5160	1
5161	0
5162	3
5163	0
5164	3
5165	1
5166	1
5167	0
5168	1
5169	2
5170	2
5171	3
5172	1
5173	1
5174	0
5175	1
5176	0
5177	3
5178	3
5179	3
5180	0
5181	0
5182	0
5183	2
5184	0
5185	3
5186	3
5187	1
5188	3
5189	3
5190	3
5191	3
5192	0
5193	0
5194	0
5195	3
5196	2
5197	0
5198	2
5199	3
5200	3
5201	3
5202	2
5203	3
5204	3
5205	1
5206	2
5207	0
5208	3
5209	0
5210	0
5211	2
5212	0
5213	1
5214	3
5215	0
5216	0
5217	0
5218	1
5219	3
5220	2
5221	0
5222	1
5223	0
5224	0
5225	3
5226	0
5227	1
5228	3
5229	0
5230	0
5231	0
5232	0
5233	1
5234	0
5235	0
5236	3
5237	0
5238	1
5239	3
5240	2
5241	0
5242	0
5243	3
5244	1
5245	0
5246	3
5247	1
5248	1
5249	0
5250	0
5251	0
5252	3
5253	0
5254	0
5255	0
5256	3
5257	2
5258	0
5259	3
5260	3
5261	3
5262	0
5263	0
5264	3
5265	3
5266	0
5267	3
5268	2
5269	0
5270	0
5271	0
5272	0
5273	0
5274	0
5275	3
5276	3
5277	0
5278	1
5279	0
5280	2
5281	0
5282	3
5283	0
5284	0
5285	1
5286	0
5287	0
5288	3
5289	2
5290	0
5291	3
5292	0
5293	0
5294	2
5295	3
5296	3
5297	0
5298	2
5299	0
5300	2
5301	0
5302	0
5303	0
5304	2
5305	0
5306	1
5307	3
5308	0
5309	3
5310	1
5311	2
5312	3
5313	0
5314	0
5315	3
5316	3
5317	2
5318	0
5319	1
5320	3
5321	0
5322	0
5323	0
5324	3
5325	0
5326	1
5327	3
5328	3
5329	0
5330	0
5331	3
5332	1
5333	3
5334	0
5335	0
5336	3
5337	3
5338	0
5339	0
5340	0
5341	3
5342	0
5343	0
5344	2
5345	0
5346	0
5347	0
5348	3
5349	0
5350	0
5351	0
5352	3
5353	3
5354	3
5355	3
5356	0
5357	3
5358	0
5359	1
5360	3
5361	0
5362	0
5363	3
5364	0
5365	3
5366	3
5367	3
5368	3
5369	1
5370	0
5371	3
5372	3
5373	3
5374	0
5375	3
5376	3
5377	3
5378	0
5379	3
5380	3
5381	3
5382	3
5383	0
5384	3
5385	0
5386	0
5387	3
5388	3
5389	3
5390	3
5391	3
5392	3
5393	0
5394	0
5395	0
5396	3
5397	3
5398	0
5399	3
5400	0
5401	0
5402	0
5403	1
5404	3
5405	0
5406	0
5407	2
5408	0
5409	3
5410	3
5411	3
5412	3
5413	0
5414	0
5415	1
5416	1
5417	0
5418	0
5419	3
5420	3
5421	0
5422	3
5423	2
5424	3
5425	3
5426	0
5427	0
5428	3
5429	3
5430	3
5431	3
5432	2
5433	0
5434	0
5435	3
5436	3
5437	1
5438	0
5439	0
5440	3
5441	1
5442	0
5443	3
5444	0
5445	0
5446	0
5447	1
5448	2
5449	0
5450	0
5451	0
5452	3
5453	0
5454	0
5455	1
5456	3
5457	3
5458	0
5459	1
5460	3
5461	0
5462	0
5463	0
5464	0
5465	3
5466	0
5467	3
5468	2
5469	3
5470	2
5471	3
5472	3
5473	0
5474	0
5475	1
5476	0
5477	0
5478	0
5479	1
5480	0
5481	3
5482	0
5483	2
5484	2
5485	0
5486	3
5487	0
5488	3
5489	3
5490	0
5491	1
5492	0
5493	3
5494	0
5495	2
5496	1
5497	0
5498	0
5499	1
5500	0
5501	3
5502	3
5503	3
5504	0
5505	0
5506	0
5507	1
5508	3
5509	0
5510	0
5511	3
5512	0
5513	0
5514	0
5515	3
5516	3
5517	2
5518	0
5519	3
5520	3
5521	3
5522	3
5523	0
5524	0
5525	3
5526	3
5527	1
5528	0
5529	3
5530	0
5531	3
5532	0
5533	0
5534	3
5535	0
5536	0
5537	0
5538	1
5539	0
5540	2
5541	1
5542	0
5543	3
5544	0
5545	3
5546	0
5547	3
5548	3
5549	2
5550	0
5551	3
5552	3
5553	3
5554	1
5555	0
5556	0
5557	3
5558	0
5559	0
5560	1
5561	3
5562	3
5563	3
5564	0
5565	3
5566	3
5567	0
5568	2
5569	3
5570	3
5571	3
5572	0
5573	0
5574	3
5575	3
5576	3
5577	3
5578	0
5579	0
5580	2
5581	3
5582	3
5583	1
5584	3
5585	3
5586	0
5587	3
5588	3
5589	2
5590	0
5591	3
5592	3
5593	3
5594	3
5595	3
5596	0
5597	3
5598	3
5599	0
5600	2
5601	0
5602	0
5603	2
5604	3
5605	2
5606	0
5607	1
5608	2
5609	3
5610	0
5611	3
5612	3
5613	3
5614	0
5615	1
5616	3
5617	2
5618	0
5619	3
5620	3
5621	0
5622	3
5623	3
5624	0
5625	3
5626	0
5627	0
5628	3
5629	2
5630	0
5631	3
5632	0
5633	3
5634	0
5635	3
5636	0
5637	0
5638	3
5639	0
5640	3
5641	0
5642	1
5643	0
5644	0
5645	3
5646	0
5647	3
5648	0
5649	0
5650	0
5651	2
5652	3
5653	1
5654	0
5655	3
5656	1
5657	3
5658	0
5659	2
5660	0
5661	3
5662	0
5663	3
5664	1
5665	0
5666	0
5667	3
5668	2
5669	0
5670	0
5671	3
5672	3
5673	0
5674	0
5675	3
5676	3
5677	3
5678	3
5679	1
5680	3
5681	3
5682	0
5683	3
5684	1
5685	0
5686	0
5687	1
5688	3
5689	3
5690	0
5691	0
5692	0
5693	3
5694	0
5695	0
5696	3
5697	3
5698	0
5699	0
5700	0
5701	3
5702	3
5703	3
5704	3
5705	2
5706	2
5707	3
5708	0
5709	0
5710	3
5711	3
5712	3
5713	0
5714	0
5715	0
5716	0
5717	0
5718	0
5719	0
5720	3
5721	0
5722	0
5723	3
5724	2
5725	3
5726	0
5727	1
5728	3
5729	3
5730	1
5731	0
5732	0
5733	0
5734	2
5735	3
5736	3
5737	3
5738	0
5739	0
5740	3
5741	0
5742	0
5743	0
5744	0
5745	3
5746	0
5747	2
5748	1
5749	3
5750	0
5751	1
5752	3
5753	3
5754	0
5755	0
5756	0
5757	3
5758	3
5759	3
5760	0
5761	0
5762	3
5763	3
5764	0
5765	3
5766	0
5767	3
5768	0
5769	0
5770	0
5771	0
5772	2
5773	0
5774	2
5775	3
5776	2
5777	3
5778	1
5779	3
5780	3
5781	1
5782	3
5783	0
5784	0
5785	2
5786	0
5787	3
5788	3
5789	2
5790	0
5791	3
5792	1
5793	0
5794	3
5795	0
5796	0
5797	0
5798	0
5799	3
5800	0
5801	2
5802	3
5803	0
5804	3
5805	3
5806	3
5807	0
5808	0
5809	0
5810	0
5811	0
5812	0
5813	0
5814	0
5815	3
5816	0
5817	1
5818	2
5819	2
5820	3
5821	1
5822	0
5823	3
5824	3
5825	3
5826	3
5827	1
5828	1
5829	3
5830	0
5831	3
5832	0
5833	3
5834	3
5835	2
5836	1
5837	1
5838	0
5839	2
5840	0
5841	0
5842	3
5843	2
5844	0
5845	3
5846	0
5847	0
5848	0
5849	3
5850	0
5851	3
5852	3
5853	0
5854	0
5855	3
5856	0
5857	3
5858	0
5859	3
5860	3
5861	2
5862	0
5863	3
5864	2
5865	1
5866	3
5867	3
5868	2
5869	3
5870	0
5871	3
5872	0
5873	0
5874	0
5875	0
5876	3
5877	0
5878	0
5879	3
5880	2
5881	3
5882	0
5883	0
5884	3
5885	0
5886	0
5887	0
5888	0
5889	3
5890	0
5891	3
5892	0
5893	2
5894	0
5895	3
5896	1
5897	3
5898	0
5899	0
5900	0
5901	1
5902	0
5903	3
5904	0
5905	3
5906	3
5907	3
5908	3
5909	0
5910	0
5911	2
5912	0
5913	0
5914	0
5915	1
5916	3
5917	3
5918	0
5919	3
5920	3
5921	0
5922	0
5923	3
5924	0
5925	1
5926	0
5927	0
5928	3
5929	3
5930	0
5931	3
5932	0
5933	0
5934	0
5935	0
5936	1
5937	0
5938	2
5939	0
5940	2
5941	3
5942	1
5943	1
5944	0
5945	0
5946	0
5947	3
5948	0
5949	0
5950	0
5951	2
5952	0
5953	3
5954	0
5955	0
5956	1
5957	0
5958	0
5959	2
5960	0
5961	2
5962	0
5963	3
5964	0
5965	0
5966	3
5967	0
5968	3
5969	0
5970	0
5971	1
5972	2
5973	0
5974	3
5975	0
5976	0
5977	0
5978	3
5979	0
5980	3
5981	0
5982	0
5983	3
5984	0
5985	0
5986	0
5987	1
5988	3
5989	0
5990	3
5991	0
5992	3
5993	0
5994	0
5995	2
5996	1
5997	0
5998	1
5999	0
6000	3
6001	0
6002	3
6003	3
6004	1
6005	0
6006	1
6007	2
6008	0
6009	1
6010	0
6011	0
6012	1
6013	1
6014	1
6015	0
6016	0
6017	1
6018	2
6019	2
6020	0
6021	0
6022	0
6023	1
6024	0
6025	0
6026	3
6027	3
6028	0
6029	1
6030	3
6031	3
6032	0
6033	0
6034	3
6035	0
6036	0
6037	3
6038	2
6039	0
6040	3
6041	0
6042	0
6043	3
6044	0
6045	0
6046	0
6047	1
6048	0
6049	1
6050	0
6051	0
6052	0
6053	0
6054	0
6055	3
6056	0
6057	0
6058	1
6059	3
6060	0
6061	3
6062	0
6063	3
6064	3
6065	2
6066	0
6067	0
6068	3
6069	0
6070	3
6071	3
6072	0
6073	3
6074	0
6075	3
6076	2
6077	1
6078	0
6079	3
6080	0
6081	0
6082	3
6083	0
6084	0
6085	3
6086	3
6087	3
6088	0
6089	0
6090	0
6091	2
6092	0
6093	0
6094	0
6095	0
6096	3
6097	0
6098	0
6099	3
6100	0
6101	0
6102	0
6103	3
6104	0
6105	2
6106	3
6107	3
6108	0
6109	1
6110	0
6111	3
6112	3
6113	0
6114	3
6115	2
6116	2
6117	0
6118	1
6119	3
6120	0
6121	3
6122	3
6123	0
6124	0
6125	0
6126	0
6127	0
6128	3
6129	0
6130	0
6131	3
6132	2
6133	3
6134	3
6135	3
6136	2
6137	0
6138	3
6139	0
6140	3
6141	0
6142	3
6143	3
6144	3
6145	1
6146	0
6147	2
6148	3
6149	3
6150	2
6151	3
6152	3
6153	0
6154	0
6155	0
6156	3
6157	3
6158	0
6159	3
6160	0
6161	3
6162	0
6163	3
6164	0
6165	0
6166	0
6167	3
6168	3
6169	0
6170	0
6171	0
6172	0
6173	1
6174	1
6175	1
6176	0
6177	3
6178	3
6179	3
6180	0
6181	3
6182	1
6183	3
6184	0
6185	1
6186	0
6187	3
6188	0
6189	0
6190	0
6191	3
6192	0
6193	0
6194	3
6195	3
6196	0
6197	3
6198	0
6199	0
6200	0
6201	0
6202	3
6203	3
6204	3
6205	1
6206	0
6207	0
6208	0
6209	0
6210	0
6211	3
6212	0
6213	0
6214	3
6215	3
6216	0
6217	1
6218	0
6219	2
6220	2
6221	3
6222	1
6223	3
6224	0
6225	3
6226	1
6227	0
6228	3
6229	2
6230	0
6231	0
6232	1
6233	0
6234	0
6235	3
6236	1
6237	0
6238	2
6239	0
6240	3
6241	2
6242	3
6243	1
6244	3
6245	1
6246	0
6247	0
6248	0
6249	3
6250	3
6251	3
6252	2
6253	2
6254	3
6255	2
6256	2
6257	0
6258	3
6259	3
6260	0
6261	3
6262	0
6263	3
6264	0
6265	0
6266	0
6267	3
6268	1
6269	3
6270	1
6271	1
6272	3
6273	3
6274	1
6275	1
6276	2
6277	0
6278	3
6279	3
6280	3
6281	3
6282	1
6283	0
6284	3
6285	3
6286	3
6287	3
6288	0
6289	0
6290	2
6291	0
6292	3
6293	0
6294	1
6295	0
6296	2
6297	3
6298	3
6299	0
6300	3
6301	0
6302	0
6303	3
6304	3
6305	3
6306	0
6307	1
6308	0
6309	3
6310	3
6311	0
6312	2
6313	3
6314	0
6315	0
6316	0
6317	0
6318	0
6319	2
6320	1
6321	3
6322	3
6323	3
6324	1
6325	0
6326	0
6327	3
6328	3
6329	3
6330	3
6331	3
6332	3
6333	0
6334	0
6335	0
6336	3
6337	3
6338	0
6339	0
6340	0
6341	1
6342	0
6343	3
6344	0
6345	0
6346	0
6347	2
6348	3
6349	0
6350	0
6351	0
6352	2
6353	0
6354	0
6355	0
6356	2
6357	3
6358	0
6359	3
6360	3
6361	3
6362	0
6363	2
6364	0
6365	3
6366	1
6367	3
6368	2
6369	0
6370	3
6371	3
6372	1
6373	2
6374	2
6375	0
6376	3
6377	3
6378	1
6379	1
6380	2
6381	0
6382	2
6383	0
6384	0
6385	3
6386	2
6387	0
6388	0
6389	3
6390	1
6391	3
6392	3
6393	3
6394	0
6395	3
6396	3
6397	3
6398	3
6399	0
6400	0
6401	3
6402	2
6403	0
6404	2
6405	3
6406	3
6407	0
6408	0
6409	2
6410	1
6411	0
6412	0
6413	2
6414	0
6415	1
6416	0
6417	0
6418	3
6419	0
6420	3
6421	0
6422	3
6423	3
6424	0
6425	2
6426	0
6427	3
6428	0
6429	0
6430	3
6431	0
6432	3
6433	0
6434	0
6435	0
6436	0
6437	0
6438	3
6439	2
6440	3
6441	0
6442	0
6443	0
6444	0
6445	0
6446	3
6447	0
6448	3
6449	2
6450	3
6451	0
6452	3
6453	0
6454	3
6455	0
6456	3
6457	3
6458	0
6459	3
6460	3
6461	3
6462	0
6463	0
6464	0
6465	0
6466	3
6467	0
6468	0
6469	0
6470	0
6471	3
6472	0
6473	0
6474	1
6475	0
6476	2
6477	3
6478	0
6479	3
6480	1
6481	3
6482	0
6483	0
6484	0
6485	0
6486	0
6487	3
6488	3
6489	0
6490	3
6491	2
6492	0
6493	0
6494	3
6495	0
6496	0
6497	0
6498	2
6499	3
6500	3
6501	3
6502	0
6503	2
6504	3
6505	0
6506	0
6507	0
6508	3
6509	0
6510	1
6511	0
6512	0
6513	3
6514	0
6515	1
6516	0
6517	3
6518	1
6519	1
6520	0
6521	2
6522	3
6523	1
6524	3
6525	3
6526	3
6527	3
6528	2
6529	2
6530	0
6531	1
6532	0
6533	0
6534	3
6535	0
6536	3
6537	3
6538	0
6539	0
6540	3
6541	3
6542	3
6543	0
6544	2
6545	0
6546	1
6547	0
6548	3
6549	1
6550	0
6551	3
6552	3
6553	3
6554	3
6555	0
6556	0
6557	3
6558	3
6559	3
6560	3
6561	2
6562	0
6563	3
6564	3
6565	1
6566	0
6567	2
6568	3
6569	3
6570	0
6571	3
6572	3
6573	1
6574	0
6575	2
6576	3
6577	0
6578	0
6579	0
6580	0
6581	0
6582	0
6583	0
6584	3
6585	0
6586	2
6587	3
6588	3
6589	3
6590	2
6591	3
6592	3
6593	3
6594	3
6595	0
6596	3
6597	2
6598	2
6599	0
6600	0
6601	0
6602	2
6603	2
6604	0
6605	2
6606	3
6607	0
6608	1
6609	3
6610	3
6611	0
6612	3
6613	0
6614	0
6615	0
6616	3
6617	3
6618	0
6619	2
6620	3
6621	3
6622	3
6623	0
6624	3
6625	0
6626	3
6627	3
6628	2
6629	0
6630	0
6631	0
6632	3
6633	2
6634	0
6635	0
6636	0
6637	3
6638	0
6639	0
6640	1
6641	1
6642	3
6643	1
6644	1
6645	0
6646	0
6647	0
6648	0
6649	1
6650	0
6651	0
6652	3
6653	3
6654	2
6655	1
6656	0
6657	0
6658	0
6659	0
6660	0
6661	0
6662	3
6663	3
6664	0
6665	0
6666	2
6667	3
6668	0
6669	3
6670	0
6671	0
6672	0
6673	2
6674	3
6675	0
6676	1
6677	1
6678	1
6679	0
6680	3
6681	2
6682	3
6683	2
6684	0
6685	1
6686	3
6687	1
6688	1
6689	0
6690	0
6691	3
6692	0
6693	0
6694	3
6695	1
6696	0
6697	3
6698	3
6699	1
6700	0
6701	0
6702	3
6703	0
6704	0
6705	3
6706	3
6707	0
6708	3
6709	0
6710	1
6711	1
6712	0
6713	0
6714	3
6715	0
6716	2
6717	3
6718	2
6719	0
6720	1
6721	1
6722	0
6723	0
6724	0
6725	0
6726	2
6727	3
6728	3
6729	1
6730	0
6731	3
6732	0
6733	0
6734	0
6735	1
6736	1
6737	3
6738	0
6739	0
6740	0
6741	3
6742	0
6743	3
6744	2
6745	1
6746	1
6747	0
6748	2
6749	3
6750	1
6751	2
6752	3
6753	3
6754	0
6755	3
6756	3
6757	1
6758	1
6759	3
6760	1
6761	0
6762	0
6763	3
6764	3
6765	3
6766	0
6767	3
6768	3
6769	0
6770	2
6771	3
6772	0
6773	3
6774	0
6775	3
6776	3
6777	3
6778	3
6779	3
6780	3
6781	2
6782	0
6783	3
6784	3
6785	0
6786	0
6787	1
6788	3
6789	0
6790	0
6791	3
6792	3
6793	0
6794	3
6795	0
6796	3
6797	3
6798	3
6799	3
6800	0
6801	0
6802	0
6803	3
6804	0
6805	0
6806	0
6807	2
6808	0
6809	1
6810	0
6811	0
6812	0
6813	3
6814	0
6815	0
6816	0
6817	3
6818	0
6819	0
6820	0
6821	0
6822	0
6823	0
6824	3
6825	3
6826	0
6827	3
6828	0
6829	3
6830	1
6831	3
6832	0
6833	0
6834	0
6835	3
6836	3
6837	0
6838	0
6839	0
6840	3
6841	0
6842	2
6843	3
6844	0
6845	0
6846	1
6847	3
6848	0
6849	3
6850	1
6851	0
6852	1
6853	2
6854	3
6855	1
6856	3
6857	0
6858	3
6859	0
6860	3
6861	3
6862	0
6863	0
6864	3
6865	0
6866	0
6867	3
6868	3
6869	3
6870	3
6871	3
6872	2
6873	3
6874	3
6875	3
6876	0
6877	3
6878	2
6879	0
6880	1
6881	3
6882	3
6883	3
6884	3
6885	1
6886	3
6887	1
6888	3
6889	0
6890	1
6891	1
6892	3
6893	1
6894	3
6895	1
6896	2
6897	1
6898	3
6899	3
6900	0
6901	0
6902	0
6903	1
6904	0
6905	0
6906	2
6907	0
6908	0
6909	3
6910	3
6911	3
6912	3
6913	0
6914	0
6915	0
6916	3
6917	0
6918	0
6919	1
6920	3
6921	0
6922	3
6923	3
6924	0
6925	0
6926	0
6927	0
6928	2
6929	0
6930	0
6931	3
6932	3
6933	0
6934	0
6935	3
6936	3
6937	3
6938	0
6939	2
6940	3
6941	0
6942	0
6943	2
6944	2
6945	0
6946	0
6947	1
6948	2
6949	3
6950	0
6951	0
6952	3
6953	2
6954	1
6955	0
6956	0
6957	3
6958	0
6959	0
6960	3
6961	3
6962	0
6963	0
6964	2
6965	3
6966	0
6967	0
6968	3
6969	3
6970	3
6971	2
6972	3
6973	3
6974	0
6975	1
6976	0
6977	3
6978	3
6979	2
6980	3
6981	3
6982	3
6983	0
6984	3
6985	3
6986	0
6987	0
6988	3
6989	0
6990	0
6991	3
6992	0
6993	0
6994	0
6995	3
6996	0
6997	0
6998	0
6999	0
7000	1
7001	3
7002	0
7003	0
7004	3
7005	3
7006	0
7007	0
7008	3
7009	0
7010	3
7011	3
7012	3
7013	3
7014	0
7015	3
7016	3
7017	3
7018	3
7019	3
7020	3
7021	0
7022	3
7023	2
7024	3
7025	3
7026	0
7027	3
7028	0
7029	3
7030	3
7031	0
7032	2
7033	0
7034	3
7035	0
7036	3
7037	3
7038	3
7039	0
7040	2
7041	0
7042	0
7043	0
7044	0
7045	3
7046	3
7047	3
7048	3
7049	3
7050	0
7051	2
7052	3
7053	2
7054	0
7055	0
7056	3
7057	0
7058	2
7059	0
7060	0
7061	0
7062	3
7063	0
7064	3
7065	0
7066	1
7067	0
7068	3
7069	0
7070	3
7071	0
7072	3
7073	3
7074	3
7075	2
7076	3
7077	0
7078	3
7079	3
7080	3
7081	2
7082	0
7083	3
7084	0
7085	0
7086	0
7087	0
7088	3
7089	2
7090	0
7091	1
7092	0
7093	0
7094	1
7095	0
7096	3
7097	0
7098	0
7099	0
7100	3
7101	0
7102	3
7103	3
7104	2
7105	0
7106	0
7107	3
7108	0
7109	3
7110	2
7111	3
7112	2
7113	3
7114	3
7115	2
7116	1
7117	1
7118	2
7119	3
7120	0
7121	3
7122	0
7123	0
7124	0
7125	0
7126	0
7127	0
7128	0
7129	3
7130	0
7131	0
7132	3
7133	1
7134	1
7135	3
7136	0
7137	3
7138	0
7139	0
7140	1
7141	0
7142	3
7143	1
7144	2
7145	0
7146	0
7147	0
7148	3
7149	0
7150	0
7151	2
7152	0
7153	0
7154	0
7155	3
7156	0
7157	3
7158	1
7159	3
7160	3
7161	3
7162	3
7163	3
7164	0
7165	3
7166	0
7167	2
7168	3
7169	0
7170	3
7171	0
7172	3
7173	0
7174	3
7175	3
7176	3
7177	1
7178	3
7179	0
7180	0
7181	3
7182	3
7183	0
7184	3
7185	3
7186	3
7187	3
7188	3
7189	3
7190	2
7191	0
7192	0
7193	0
7194	3
7195	1
7196	1
7197	1
7198	3
7199	0
7200	3
7201	1
7202	3
7203	0
7204	3
7205	0
7206	2
7207	3
7208	0
7209	2
7210	0
7211	3
7212	0
7213	3
7214	0
7215	1
7216	0
7217	0
7218	3
7219	0
7220	3
7221	1
7222	3
7223	0
7224	1
7225	0
7226	3
7227	0
7228	3
7229	0
7230	2
7231	0
7232	2
7233	0
7234	0
7235	0
7236	0
7237	3
7238	2
7239	0
7240	0
7241	0
7242	1
7243	3
7244	0
7245	2
7246	0
7247	0
7248	0
7249	0
7250	2
7251	3
7252	2
7253	3
7254	0
7255	2
7256	3
7257	3
7258	0
7259	3
7260	0
7261	0
7262	2
7263	3
7264	0
7265	0
7266	0
7267	3
7268	3
7269	3
7270	0
7271	3
7272	2
7273	3
7274	0
7275	3
7276	3
7277	0
7278	3
7279	1
7280	0
7281	3
7282	0
7283	2
7284	2
7285	0
7286	2
7287	0
7288	0
7289	3
7290	0
7291	3
7292	0
7293	3
7294	2
7295	3
7296	0
7297	0
7298	2
7299	3
7300	0
7301	2
7302	3
7303	2
7304	0
7305	2
7306	0
7307	0
7308	0
7309	3
7310	1
7311	3
7312	3
7313	0
7314	3
7315	2
7316	3
7317	3
7318	3
7319	0
7320	3
7321	3
7322	2
7323	2
7324	0
7325	0
7326	3
7327	3
7328	1
7329	0
7330	3
7331	3
7332	2
7333	3
7334	3
7335	3
7336	0
7337	2
7338	3
7339	0
7340	0
7341	0
7342	0
7343	3
7344	0
7345	3
7346	2
7347	0
7348	3
7349	3
7350	3
7351	0
7352	0
7353	0
7354	2
7355	0
7356	1
7357	2
7358	3
7359	3
7360	0
7361	3
7362	2
7363	0
7364	0
7365	0
7366	1
7367	1
7368	3
7369	0
7370	3
7371	0
7372	3
7373	0
7374	3
7375	0
7376	0
7377	3
7378	0
7379	3
7380	0
7381	0
7382	3
7383	2
7384	1
7385	1
7386	0
7387	3
7388	0
7389	2
7390	3
7391	3
7392	0
7393	0
7394	3
7395	0
7396	0
7397	0
7398	2
7399	3
7400	0
7401	0
7402	2
7403	0
7404	3
7405	1
7406	0
7407	0
7408	0
7409	0
7410	3
7411	1
7412	0
7413	1
7414	2
7415	1
7416	0
7417	3
7418	1
7419	2
7420	0
7421	3
7422	1
7423	0
7424	0
7425	0
7426	0
7427	0
7428	1
7429	0
7430	2
7431	1
7432	3
7433	0
7434	0
7435	3
7436	3
7437	0
7438	0
7439	3
7440	0
7441	0
7442	0
7443	3
7444	2
7445	0
7446	0
7447	0
7448	0
7449	0
7450	0
7451	1
7452	0
7453	0
7454	3
7455	0
7456	0
7457	0
7458	2
7459	0
7460	3
7461	2
7462	0
7463	0
7464	0
7465	0
7466	1
7467	0
7468	3
7469	0
7470	3
7471	2
7472	0
7473	0
7474	3
7475	0
7476	0
7477	3
7478	0
7479	0
7480	3
7481	3
7482	0
7483	0
7484	2
7485	0
7486	0
7487	0
7488	3
7489	2
7490	1
7491	3
7492	1
7493	0
7494	0
7495	1
7496	3
7497	2
7498	0
7499	2
7500	3
7501	0
7502	3
7503	0
7504	3
7505	3
7506	0
7507	0
7508	1
7509	3
7510	2
7511	0
7512	0
7513	3
7514	3
7515	0
7516	0
7517	0
7518	3
7519	3
7520	0
7521	3
7522	3
7523	0
7524	0
7525	0
7526	0
7527	0
7528	3
7529	2
7530	0
7531	1
7532	3
7533	0
7534	1
7535	3
7536	3
7537	2
7538	0
7539	2
7540	3
7541	0
7542	3
7543	3
7544	2
7545	3
7546	0
7547	3
7548	1
7549	3
7550	2
7551	0
7552	0
7553	3
7554	3
7555	0
7556	0
7557	1
7558	1
7559	3
7560	0
7561	3
7562	3
7563	0
7564	0
7565	1
7566	3
7567	0
7568	3
7569	3
7570	0
7571	0
7572	0
7573	2
7574	3
7575	3
7576	3
7577	0
7578	0
7579	0
7580	3
7581	3
7582	0
7583	3
7584	0
7585	3
7586	3
7587	3
7588	3
7589	3
7590	0
7591	0
7592	0
7593	3
7594	0
7595	2
7596	0
7597	3
7598	0
7599	0
7600	3
7601	3
7602	2
7603	0
7604	3
7605	3
7606	0
7607	0
7608	0
7609	3
7610	2
7611	0
7612	0
7613	0
7614	0
7615	3
7616	0
7617	3
7618	0
7619	0
7620	1
7621	3
7622	1
7623	3
7624	0
7625	1
7626	3
7627	0
7628	2
7629	3
7630	3
7631	0
7632	0
7633	3
7634	0
7635	0
7636	0
7637	0
7638	0
7639	0
7640	0
7641	2
7642	3
7643	3
7644	0
7645	3
7646	3
7647	0
7648	0
7649	1
7650	3
7651	0
7652	3
7653	3
7654	0
7655	0
7656	3
7657	2
7658	0
7659	3
7660	1
7661	3
7662	3
7663	0
7664	0
7665	3
7666	3
7667	0
7668	0
7669	0
7670	0
7671	1
7672	0
7673	3
7674	3
7675	3
7676	0
7677	2
7678	3
7679	1
7680	0
7681	3
7682	3
7683	2
7684	0
7685	3
7686	3
7687	3
7688	0
7689	3
7690	0
7691	3
7692	3
7693	3
7694	0
7695	0
7696	0
7697	0
7698	2
7699	0
7700	3
7701	3
7702	3
7703	3
7704	3
7705	3
7706	2
7707	0
7708	3
7709	2
7710	0
7711	0
7712	3
7713	0
7714	3
7715	0
7716	0
7717	0
7718	0
7719	1
7720	3
7721	0
7722	1
7723	3
7724	1
7725	3
7726	2
7727	3
7728	0
7729	3
7730	3
7731	3
7732	1
7733	3
7734	1
7735	0
7736	0
7737	1
7738	3
7739	0
7740	2
7741	3
7742	0
7743	3
7744	3
7745	0
7746	0
7747	0
7748	0
7749	3
7750	0
7751	3
7752	0
7753	1
7754	0
7755	3
7756	0
7757	0
7758	2
7759	3
7760	3
7761	3
7762	3
7763	3
7764	2
7765	0
7766	0
7767	3
7768	3
7769	3
7770	3
7771	3
7772	3
7773	0
7774	0
7775	3
7776	0
7777	3
7778	1
7779	2
7780	0
7781	0
7782	0
7783	0
7784	1
7785	3
7786	0
7787	0
7788	2
7789	0
7790	0
7791	3
7792	1
7793	0
7794	2
7795	1
7796	2
7797	0
7798	0
7799	0
7800	3
7801	2
7802	0
7803	3
7804	0
7805	0
7806	3
7807	0
7808	3
7809	0
7810	0
7811	3
7812	3
7813	0
7814	0
7815	0
7816	3
7817	0
7818	0
7819	3
7820	3
7821	3
7822	0
7823	0
7824	3
7825	0
7826	0
7827	0
7828	3
7829	3
7830	2
7831	0
7832	3
7833	1
7834	3
7835	0
7836	3
7837	3
7838	3
7839	0
7840	1
7841	1
7842	0
7843	3
7844	1
7845	2
7846	2
7847	1
7848	3
7849	0
7850	2
7851	3
7852	0
7853	0
7854	0
7855	0
7856	0
7857	0
7858	3
7859	0
7860	0
7861	0
7862	3
7863	3
7864	0
7865	3
7866	0
7867	3
7868	1
7869	3
7870	0
7871	3
7872	3
7873	3
7874	0
7875	3
7876	0
7877	0
7878	3
7879	3
7880	0
7881	0
7882	0
7883	0
7884	1
7885	3
7886	0
7887	3
7888	3
7889	0
7890	3
7891	0
7892	3
7893	3
7894	3
7895	0
7896	0
7897	0
7898	3
7899	0
7900	1
7901	0
7902	3
7903	2
7904	3
7905	3
7906	0
7907	3
7908	1
7909	2
7910	1
7911	0
7912	0
7913	1
7914	3
7915	1
7916	3
7917	0
7918	3
7919	1
7920	3
7921	0
7922	0
7923	3
7924	1
7925	0
7926	0
7927	0
7928	3
7929	3
7930	3
7931	0
7932	1
7933	1
7934	3
7935	3
7936	3
7937	0
7938	1
7939	0
7940	0
7941	3
7942	3
7943	0
7944	0
7945	3
7946	0
7947	2
7948	2
7949	0
7950	1
7951	3
7952	0
7953	3
7954	0
7955	2
7956	1
7957	3
7958	0
7959	3
7960	0
7961	0
7962	0
7963	0
7964	0
7965	3
7966	0
7967	0
7968	3
7969	0
7970	0
7971	3
7972	3
7973	3
7974	0
7975	0
7976	0
7977	0
7978	2
7979	3
7980	0
7981	0
7982	3
7983	3
7984	3
7985	2
7986	3
7987	3
7988	0
7989	0
7990	0
7991	2
7992	0
7993	3
7994	0
7995	0
7996	3
7997	2
7998	0
7999	0
8000	0
8001	0
8002	0
8003	3
8004	0
8005	0
8006	0
8007	2
8008	0
8009	3
8010	0
8011	3
8012	0
8013	0
8014	0
8015	3
8016	3
8017	3
8018	0
8019	3
8020	0
8021	3
8022	0
8023	3
8024	2
8025	0
8026	0
8027	3
8028	0
8029	1
8030	2
8031	3
8032	3
8033	0
8034	0
8035	3
8036	1
8037	0
8038	0
8039	3
8040	0
8041	0
8042	0
8043	3
8044	0
8045	0
8046	0
8047	3
8048	3
8049	3
8050	3
8051	3
8052	3
8053	0
8054	0
8055	0
8056	0
8057	0
8058	0
8059	3
8060	0
8061	2
8062	1
8063	3
8064	3
8065	0
8066	0
8067	0
8068	3
8069	2
8070	0
8071	1
8072	3
8073	2
8074	0
8075	0
8076	0
8077	0
8078	0
8079	3
8080	0
8081	0
8082	0
8083	0
8084	3
8085	0
8086	0
8087	0
8088	3
8089	0
8090	0
8091	3
8092	3
8093	0
8094	0
8095	0
8096	3
8097	0
8098	0
8099	0
8100	3
8101	3
8102	3
8103	1
8104	3
8105	0
8106	0
8107	0
8108	3
8109	0
8110	3
8111	0
8112	3
8113	0
8114	0
8115	0
8116	1
8117	0
8118	2
8119	0
8120	3
8121	0
8122	2
8123	0
8124	3
8125	0
8126	0
8127	3
8128	1
8129	0
8130	0
8131	0
8132	0
8133	1
8134	0
8135	0
8136	0
8137	0
8138	0
8139	0
8140	0
8141	0
8142	0
8143	0
8144	2
8145	0
8146	3
8147	3
8148	1
8149	0
8150	0
8151	1
8152	0
8153	0
8154	3
8155	3
8156	0
8157	3
8158	0
8159	2
8160	0
8161	0
8162	0
8163	0
8164	3
8165	1
8166	0
8167	0
8168	3
8169	0
8170	3
8171	0
8172	0
8173	0
8174	0
8175	3
8176	3
8177	3
8178	1
8179	3
8180	3
8181	3
8182	0
8183	3
8184	3
8185	0
8186	1
8187	3
8188	3
8189	3
8190	3
8191	0
