COMMAND
./sim gshare 13 7 ./proj2-traces/jpeg_trace.txt
OUTPUT
number of predictions:2000000
number of mispredictions:137656
misprediction rate:   6.88%
FINAL GSHARE CONTENTS
0	2
1	3
2	2
3	0
4	3
5	3
6	2
7	2
8	2
9	2
10	2
11	2
12	2
13	3
14	3
15	0
16	2
17	2
18	3
19	3
20	3
21	3
22	2
23	1
24	3
25	3
26	3
27	2
28	2
29	2
30	3
31	2
32	2
33	0
34	2
35	1
36	2
37	0
38	3
39	2
40	2
41	2
42	2
43	2
44	2
45	2
46	0
47	0
48	0
49	1
50	3
51	2
52	2
53	2
54	0
55	0
56	0
57	2
58	3
59	0
60	3
61	3
62	3
63	0
64	2
65	3
66	0
67	2
68	0
69	2
70	3
71	2
72	3
73	2
74	2
75	2
76	2
77	2
78	2
79	0
80	2
81	2
82	2
83	3
84	3
85	2
86	2
87	0
88	2
89	2
90	3
91	2
92	0
93	2
94	3
95	0
96	3
97	2
98	2
99	0
100	1
101	0
102	3
103	2
104	2
105	2
106	2
107	0
108	0
109	2
110	0
111	2
112	3
113	3
114	2
115	1
116	0
117	2
118	2
119	2
120	2
121	0
122	3
123	2
124	3
125	3
126	3
127	0
128	0
129	0
130	2
131	3
132	3
133	2
134	2
135	3
136	3
137	0
138	2
139	2
140	0
141	3
142	3
143	0
144	0
145	2
146	2
147	2
148	2
149	2
150	0
151	3
152	2
153	3
154	2
155	2
156	3
157	2
158	3
159	3
160	3
161	3
162	2
163	0
164	2
165	0
166	2
167	2
168	2
169	2
170	0
171	0
172	3
173	2
174	1
175	2
176	0
177	0
178	0
179	3
180	3
181	3
182	2
183	2
184	2
185	0
186	3
187	3
188	1
189	3
190	2
191	3
192	0
193	2
194	2
195	0
196	2
197	2
198	2
199	2
200	1
201	2
202	2
203	3
204	2
205	2
206	3
207	0
208	0
209	2
210	3
211	3
212	3
213	2
214	3
215	3
216	0
217	2
218	2
219	2
220	2
221	2
222	2
223	3
224	1
225	2
226	2
227	0
228	2
229	2
230	0
231	0
232	2
233	0
234	0
235	2
236	2
237	2
238	0
239	0
240	2
241	0
242	0
243	3
244	2
245	3
246	2
247	3
248	2
249	0
250	3
251	3
252	1
253	3
254	3
255	1
256	0
257	3
258	3
259	2
260	2
261	3
262	2
263	3
264	3
265	2
266	0
267	0
268	2
269	3
270	2
271	2
272	3
273	2
274	2
275	0
276	2
277	2
278	3
279	0
280	1
281	3
282	2
283	2
284	0
285	2
286	3
287	2
288	3
289	2
290	2
291	2
292	2
293	0
294	0
295	2
296	0
297	3
298	1
299	3
300	2
301	2
302	0
303	2
304	0
305	2
306	3
307	3
308	3
309	2
310	3
311	2
312	3
313	2
314	2
315	0
316	2
317	3
318	3
319	2
320	0
321	3
322	2
323	2
324	2
325	2
326	2
327	3
328	3
329	2
330	3
331	3
332	0
333	3
334	1
335	0
336	3
337	2
338	2
339	3
340	1
341	0
342	2
343	0
344	2
345	3
346	3
347	2
348	3
349	2
350	3
351	2
352	1
353	2
354	2
355	2
356	2
357	0
358	0
359	2
360	2
361	2
362	0
363	2
364	2
365	2
366	0
367	2
368	1
369	0
370	3
371	2
372	3
373	3
374	2
375	2
376	0
377	2
378	3
379	3
380	3
381	3
382	3
383	0
384	0
385	0
386	2
387	0
388	0
389	0
390	0
391	3
392	3
393	0
394	2
395	2
396	2
397	2
398	3
399	2
400	2
401	2
402	3
403	2
404	2
405	2
406	0
407	0
408	3
409	3
410	3
411	2
412	0
413	2
414	3
415	2
416	3
417	2
418	3
419	0
420	0
421	0
422	2
423	3
424	2
425	2
426	2
427	2
428	0
429	0
430	2
431	2
432	2
433	0
434	0
435	2
436	3
437	2
438	2
439	2
440	2
441	2
442	3
443	3
444	2
445	3
446	3
447	2
448	2
449	2
450	2
451	2
452	3
453	2
454	3
455	3
456	3
457	0
458	2
459	3
460	1
461	3
462	3
463	0
464	0
465	2
466	2
467	2
468	1
469	2
470	2
471	2
472	1
473	3
474	2
475	2
476	0
477	2
478	3
479	3
480	0
481	2
482	2
483	2
484	2
485	0
486	0
487	3
488	2
489	2
490	2
491	2
492	2
493	2
494	0
495	2
496	1
497	2
498	0
499	3
500	3
501	2
502	0
503	2
504	3
505	2
506	3
507	3
508	3
509	2
510	3
511	2
512	2
513	0
514	3
515	2
516	3
517	2
518	2
519	3
520	0
521	2
522	2
523	2
524	2
525	3
526	3
527	2
528	3
529	2
530	2
531	2
532	3
533	2
534	2
535	3
536	3
537	2
538	3
539	2
540	2
541	1
542	2
543	2
544	3
545	2
546	2
547	2
548	2
549	0
550	1
551	2
552	3
553	2
554	3
555	0
556	2
557	1
558	0
559	2
560	2
561	2
562	2
563	3
564	2
565	2
566	2
567	1
568	3
569	1
570	3
571	2
572	0
573	1
574	2
575	2
576	2
577	3
578	2
579	2
580	2
581	3
582	2
583	3
584	2
585	2
586	3
587	1
588	2
589	3
590	3
591	2
592	3
593	2
594	1
595	2
596	2
597	2
598	3
599	0
600	2
601	0
602	2
603	0
604	0
605	2
606	2
607	2
608	3
609	2
610	3
611	0
612	2
613	1
614	0
615	2
616	3
617	2
618	2
619	0
620	2
621	2
622	0
623	3
624	0
625	3
626	3
627	2
628	2
629	0
630	2
631	1
632	3
633	2
634	2
635	2
636	2
637	1
638	3
639	2
640	0
641	3
642	2
643	2
644	1
645	3
646	2
647	3
648	2
649	2
650	2
651	2
652	2
653	2
654	3
655	0
656	3
657	2
658	2
659	2
660	0
661	2
662	2
663	2
664	2
665	2
666	3
667	2
668	0
669	2
670	2
671	2
672	2
673	1
674	3
675	2
676	3
677	0
678	2
679	2
680	3
681	1
682	1
683	2
684	3
685	0
686	3
687	2
688	2
689	2
690	2
691	0
692	3
693	3
694	2
695	2
696	3
697	0
698	3
699	3
700	2
701	3
702	2
703	2
704	0
705	3
706	2
707	3
708	3
709	2
710	2
711	3
712	3
713	2
714	2
715	2
716	0
717	2
718	2
719	0
720	3
721	2
722	3
723	3
724	2
725	2
726	2
727	0
728	3
729	0
730	0
731	3
732	2
733	2
734	2
735	1
736	2
737	0
738	0
739	2
740	3
741	2
742	2
743	3
744	2
745	0
746	2
747	2
748	2
749	2
750	0
751	2
752	2
753	3
754	2
755	3
756	2
757	2
758	2
759	2
760	2
761	2
762	2
763	3
764	2
765	3
766	2
767	1
768	1
769	2
770	2
771	2
772	2
773	2
774	2
775	3
776	0
777	2
778	2
779	2
780	1
781	3
782	2
783	2
784	3
785	2
786	2
787	3
788	3
789	2
790	2
791	2
792	2
793	0
794	3
795	0
796	3
797	2
798	2
799	0
800	3
801	2
802	3
803	2
804	3
805	0
806	0
807	3
808	2
809	2
810	2
811	2
812	0
813	2
814	0
815	2
816	2
817	2
818	2
819	1
820	2
821	0
822	1
823	2
824	0
825	3
826	3
827	2
828	0
829	3
830	2
831	0
832	3
833	2
834	2
835	2
836	2
837	0
838	2
839	3
840	2
841	2
842	3
843	2
844	2
845	3
846	2
847	1
848	0
849	2
850	2
851	2
852	3
853	2
854	2
855	2
856	0
857	0
858	3
859	0
860	2
861	2
862	2
863	0
864	3
865	2
866	2
867	2
868	2
869	0
870	0
871	2
872	2
873	2
874	2
875	3
876	0
877	2
878	2
879	2
880	2
881	2
882	0
883	3
884	2
885	3
886	0
887	2
888	1
889	2
890	3
891	2
892	3
893	1
894	3
895	2
896	0
897	2
898	2
899	0
900	3
901	2
902	2
903	3
904	3
905	2
906	0
907	2
908	1
909	0
910	2
911	2
912	2
913	2
914	2
915	2
916	1
917	3
918	1
919	1
920	2
921	2
922	2
923	0
924	2
925	2
926	1
927	0
928	3
929	2
930	2
931	2
932	3
933	0
934	3
935	2
936	2
937	2
938	2
939	0
940	2
941	2
942	2
943	2
944	2
945	2
946	2
947	0
948	3
949	2
950	0
951	2
952	1
953	1
954	2
955	2
956	2
957	3
958	2
959	2
960	0
961	0
962	2
963	2
964	2
965	0
966	2
967	3
968	1
969	2
970	0
971	2
972	0
973	3
974	2
975	1
976	3
977	2
978	3
979	3
980	3
981	2
982	2
983	0
984	2
985	3
986	3
987	3
988	2
989	2
990	2
991	3
992	3
993	2
994	1
995	2
996	3
997	0
998	0
999	2
1000	3
1001	3
1002	0
1003	2
1004	3
1005	2
1006	2
1007	2
1008	2
1009	0
1010	2
1011	1
1012	2
1013	3
1014	2
1015	2
1016	2
1017	2
1018	2
1019	3
1020	2
1021	3
1022	2
1023	2
1024	3
1025	2
1026	3
1027	1
1028	2
1029	3
1030	3
1031	3
1032	3
1033	3
1034	3
1035	3
1036	2
1037	3
1038	2
1039	3
1040	3
1041	2
1042	2
1043	2
1044	3
1045	0
1046	2
1047	1
1048	3
1049	3
1050	2
1051	2
1052	2
1053	2
1054	3
1055	2
1056	0
1057	2
1058	3
1059	1
1060	0
1061	2
1062	0
1063	3
1064	2
1065	2
1066	2
1067	2
1068	2
1069	2
1070	2
1071	3
1072	1
1073	2
1074	0
1075	2
1076	3
1077	2
1078	2
1079	0
1080	3
1081	2
1082	2
1083	2
1084	2
1085	2
1086	3
1087	2
1088	2
1089	3
1090	2
1091	3
1092	2
1093	2
1094	3
1095	3
1096	3
1097	2
1098	2
1099	2
1100	2
1101	2
1102	2
1103	2
1104	2
1105	3
1106	2
1107	3
1108	3
1109	0
1110	2
1111	3
1112	0
1113	0
1114	2
1115	2
1116	2
1117	2
1118	3
1119	2
1120	0
1121	2
1122	3
1123	0
1124	2
1125	3
1126	0
1127	3
1128	2
1129	3
1130	2
1131	2
1132	2
1133	2
1134	2
1135	3
1136	0
1137	0
1138	3
1139	2
1140	2
1141	3
1142	2
1143	0
1144	0
1145	3
1146	1
1147	2
1148	3
1149	2
1150	3
1151	2
1152	2
1153	2
1154	3
1155	2
1156	2
1157	3
1158	0
1159	3
1160	0
1161	2
1162	3
1163	2
1164	3
1165	2
1166	2
1167	1
1168	2
1169	2
1170	2
1171	1
1172	2
1173	2
1174	2
1175	0
1176	2
1177	3
1178	2
1179	2
1180	2
1181	2
1182	3
1183	1
1184	0
1185	3
1186	3
1187	0
1188	2
1189	0
1190	1
1191	2
1192	2
1193	3
1194	3
1195	3
1196	2
1197	0
1198	2
1199	2
1200	3
1201	2
1202	3
1203	2
1204	2
1205	2
1206	1
1207	0
1208	3
1209	0
1210	1
1211	2
1212	2
1213	3
1214	2
1215	0
1216	2
1217	2
1218	3
1219	0
1220	2
1221	0
1222	0
1223	3
1224	1
1225	2
1226	0
1227	0
1228	1
1229	3
1230	2
1231	2
1232	0
1233	0
1234	2
1235	3
1236	0
1237	1
1238	2
1239	2
1240	2
1241	3
1242	2
1243	3
1244	2
1245	2
1246	2
1247	0
1248	1
1249	3
1250	2
1251	3
1252	2
1253	0
1254	3
1255	0
1256	2
1257	3
1258	2
1259	2
1260	3
1261	3
1262	0
1263	2
1264	2
1265	0
1266	0
1267	2
1268	2
1269	1
1270	3
1271	2
1272	2
1273	2
1274	2
1275	2
1276	2
1277	2
1278	3
1279	0
1280	2
1281	2
1282	3
1283	2
1284	3
1285	2
1286	3
1287	3
1288	3
1289	3
1290	3
1291	0
1292	2
1293	3
1294	3
1295	2
1296	3
1297	2
1298	2
1299	0
1300	2
1301	2
1302	2
1303	2
1304	2
1305	3
1306	2
1307	3
1308	3
1309	3
1310	3
1311	2
1312	3
1313	2
1314	2
1315	2
1316	3
1317	0
1318	1
1319	2
1320	3
1321	2
1322	2
1323	2
1324	3
1325	2
1326	2
1327	3
1328	3
1329	2
1330	3
1331	2
1332	2
1333	3
1334	0
1335	0
1336	2
1337	2
1338	0
1339	2
1340	2
1341	3
1342	3
1343	0
1344	2
1345	2
1346	3
1347	3
1348	3
1349	2
1350	3
1351	3
1352	3
1353	2
1354	1
1355	2
1356	2
1357	1
1358	2
1359	2
1360	3
1361	0
1362	2
1363	3
1364	0
1365	2
1366	2
1367	2
1368	2
1369	2
1370	3
1371	2
1372	3
1373	0
1374	3
1375	3
1376	2
1377	3
1378	2
1379	2
1380	3
1381	2
1382	0
1383	2
1384	2
1385	2
1386	2
1387	2
1388	0
1389	3
1390	0
1391	3
1392	3
1393	2
1394	1
1395	2
1396	3
1397	3
1398	2
1399	0
1400	1
1401	2
1402	0
1403	2
1404	3
1405	1
1406	3
1407	2
1408	2
1409	0
1410	3
1411	3
1412	3
1413	2
1414	3
1415	2
1416	3
1417	0
1418	3
1419	0
1420	3
1421	3
1422	2
1423	2
1424	2
1425	2
1426	2
1427	3
1428	2
1429	2
1430	0
1431	2
1432	2
1433	0
1434	2
1435	3
1436	0
1437	3
1438	3
1439	2
1440	3
1441	0
1442	0
1443	2
1444	2
1445	2
1446	1
1447	2
1448	2
1449	2
1450	2
1451	2
1452	2
1453	2
1454	3
1455	2
1456	1
1457	3
1458	3
1459	2
1460	3
1461	2
1462	2
1463	2
1464	1
1465	1
1466	2
1467	2
1468	3
1469	1
1470	3
1471	2
1472	2
1473	2
1474	3
1475	2
1476	2
1477	3
1478	3
1479	3
1480	2
1481	2
1482	3
1483	2
1484	3
1485	2
1486	2
1487	2
1488	2
1489	2
1490	2
1491	3
1492	0
1493	2
1494	0
1495	3
1496	2
1497	3
1498	3
1499	2
1500	0
1501	1
1502	3
1503	2
1504	2
1505	2
1506	3
1507	2
1508	3
1509	3
1510	0
1511	3
1512	3
1513	3
1514	2
1515	2
1516	3
1517	2
1518	2
1519	2
1520	3
1521	2
1522	3
1523	2
1524	2
1525	2
1526	3
1527	2
1528	2
1529	3
1530	2
1531	2
1532	2
1533	3
1534	2
1535	0
1536	1
1537	0
1538	2
1539	0
1540	2
1541	3
1542	2
1543	3
1544	3
1545	2
1546	3
1547	2
1548	2
1549	3
1550	2
1551	0
1552	2
1553	0
1554	2
1555	2
1556	2
1557	2
1558	0
1559	0
1560	2
1561	2
1562	2
1563	2
1564	2
1565	2
1566	2
1567	2
1568	0
1569	2
1570	2
1571	2
1572	2
1573	1
1574	0
1575	0
1576	2
1577	2
1578	2
1579	0
1580	2
1581	3
1582	2
1583	3
1584	1
1585	2
1586	3
1587	0
1588	3
1589	2
1590	0
1591	0
1592	2
1593	2
1594	2
1595	3
1596	0
1597	2
1598	3
1599	1
1600	2
1601	0
1602	0
1603	3
1604	3
1605	1
1606	2
1607	3
1608	3
1609	2
1610	3
1611	1
1612	0
1613	2
1614	3
1615	0
1616	3
1617	0
1618	2
1619	3
1620	1
1621	2
1622	2
1623	3
1624	2
1625	0
1626	3
1627	2
1628	2
1629	2
1630	2
1631	2
1632	3
1633	0
1634	3
1635	0
1636	1
1637	0
1638	2
1639	2
1640	2
1641	0
1642	3
1643	2
1644	2
1645	2
1646	2
1647	2
1648	2
1649	2
1650	0
1651	2
1652	3
1653	0
1654	2
1655	0
1656	2
1657	2
1658	0
1659	3
1660	2
1661	2
1662	3
1663	0
1664	0
1665	3
1666	3
1667	2
1668	2
1669	2
1670	2
1671	3
1672	3
1673	3
1674	3
1675	0
1676	2
1677	2
1678	2
1679	2
1680	3
1681	2
1682	2
1683	3
1684	3
1685	2
1686	2
1687	0
1688	2
1689	3
1690	2
1691	2
1692	2
1693	2
1694	2
1695	3
1696	0
1697	2
1698	0
1699	2
1700	3
1701	2
1702	0
1703	2
1704	2
1705	3
1706	2
1707	2
1708	0
1709	3
1710	2
1711	2
1712	2
1713	2
1714	2
1715	2
1716	3
1717	2
1718	2
1719	1
1720	0
1721	3
1722	2
1723	2
1724	2
1725	1
1726	3
1727	0
1728	0
1729	3
1730	2
1731	2
1732	2
1733	3
1734	2
1735	0
1736	2
1737	2
1738	3
1739	2
1740	0
1741	2
1742	2
1743	2
1744	3
1745	2
1746	3
1747	2
1748	2
1749	3
1750	3
1751	0
1752	2
1753	2
1754	2
1755	3
1756	0
1757	2
1758	2
1759	2
1760	2
1761	0
1762	0
1763	3
1764	2
1765	0
1766	0
1767	0
1768	2
1769	3
1770	2
1771	2
1772	2
1773	2
1774	0
1775	2
1776	0
1777	3
1778	2
1779	2
1780	2
1781	3
1782	2
1783	3
1784	2
1785	0
1786	3
1787	3
1788	3
1789	2
1790	3
1791	0
1792	2
1793	2
1794	2
1795	2
1796	3
1797	2
1798	1
1799	3
1800	2
1801	0
1802	3
1803	0
1804	2
1805	0
1806	2
1807	2
1808	2
1809	3
1810	2
1811	3
1812	2
1813	0
1814	3
1815	3
1816	2
1817	0
1818	2
1819	3
1820	2
1821	0
1822	2
1823	2
1824	3
1825	3
1826	2
1827	1
1828	3
1829	2
1830	0
1831	2
1832	2
1833	1
1834	0
1835	2
1836	2
1837	2
1838	2
1839	2
1840	0
1841	2
1842	2
1843	0
1844	3
1845	2
1846	1
1847	2
1848	3
1849	2
1850	2
1851	2
1852	3
1853	3
1854	2
1855	3
1856	3
1857	3
1858	2
1859	2
1860	2
1861	2
1862	2
1863	3
1864	3
1865	0
1866	3
1867	2
1868	2
1869	3
1870	2
1871	2
1872	3
1873	2
1874	2
1875	0
1876	2
1877	2
1878	2
1879	2
1880	2
1881	2
1882	2
1883	2
1884	3
1885	2
1886	2
1887	3
1888	2
1889	2
1890	0
1891	2
1892	3
1893	2
1894	0
1895	3
1896	2
1897	3
1898	0
1899	2
1900	0
1901	2
1902	1
1903	2
1904	1
1905	2
1906	0
1907	3
1908	2
1909	3
1910	0
1911	2
1912	3
1913	2
1914	2
1915	3
1916	2
1917	3
1918	2
1919	1
1920	1
1921	2
1922	0
1923	2
1924	2
1925	2
1926	2
1927	3
1928	3
1929	0
1930	2
1931	3
1932	2
1933	2
1934	0
1935	2
1936	3
1937	2
1938	2
1939	0
1940	2
1941	2
1942	2
1943	0
1944	3
1945	2
1946	3
1947	2
1948	1
1949	0
1950	2
1951	0
1952	3
1953	2
1954	2
1955	3
1956	3
1957	0
1958	2
1959	2
1960	2
1961	2
1962	2
1963	3
1964	2
1965	2
1966	3
1967	2
1968	0
1969	2
1970	2
1971	2
1972	3
1973	1
1974	0
1975	2
1976	1
1977	0
1978	2
1979	2
1980	3
1981	3
1982	2
1983	2
1984	0
1985	3
1986	0
1987	2
1988	3
1989	2
1990	1
1991	3
1992	2
1993	2
1994	3
1995	2
1996	0
1997	2
1998	2
1999	3
2000	3
2001	2
2002	2
2003	3
2004	1
2005	1
2006	2
2007	1
2008	3
2009	2
2010	3
2011	3
2012	2
2013	2
2014	2
2015	2
2016	0
2017	2
2018	2
2019	1
2020	3
2021	2
2022	0
2023	2
2024	2
2025	3
2026	3
2027	2
2028	2
2029	2
2030	2
2031	3
2032	0
2033	2
2034	2
2035	2
2036	3
2037	3
2038	3
2039	3
2040	2
2041	2
2042	2
2043	3
2044	2
2045	0
2046	3
2047	3
2048	0
2049	0
2050	2
2051	2
2052	2
2053	2
2054	2
2055	3
2056	0
2057	0
2058	2
2059	0
2060	2
2061	2
2062	3
2063	3
2064	2
2065	2
2066	2
2067	3
2068	2
2069	2
2070	2
2071	2
2072	2
2073	2
2074	3
2075	3
2076	0
2077	0
2078	2
2079	2
2080	0
2081	3
2082	2
2083	3
2084	0
2085	0
2086	0
2087	2
2088	2
2089	2
2090	2
2091	0
2092	2
2093	3
2094	2
2095	2
2096	3
2097	3
2098	2
2099	2
2100	3
2101	3
2102	1
2103	0
2104	2
2105	2
2106	3
2107	2
2108	2
2109	2
2110	2
2111	3
2112	0
2113	2
2114	2
2115	3
2116	3
2117	3
2118	2
2119	2
2120	3
2121	0
2122	2
2123	3
2124	0
2125	2
2126	3
2127	0
2128	2
2129	2
2130	0
2131	2
2132	2
2133	2
2134	2
2135	2
2136	2
2137	2
2138	2
2139	2
2140	0
2141	1
2142	2
2143	2
2144	0
2145	3
2146	0
2147	3
2148	2
2149	1
2150	2
2151	2
2152	2
2153	2
2154	2
2155	2
2156	2
2157	2
2158	0
2159	3
2160	3
2161	0
2162	2
2163	2
2164	3
2165	2
2166	2
2167	2
2168	2
2169	2
2170	3
2171	1
2172	0
2173	3
2174	3
2175	3
2176	0
2177	3
2178	2
2179	2
2180	2
2181	2
2182	2
2183	3
2184	3
2185	2
2186	2
2187	0
2188	2
2189	0
2190	3
2191	1
2192	3
2193	2
2194	2
2195	3
2196	3
2197	2
2198	3
2199	2
2200	2
2201	2
2202	2
2203	2
2204	0
2205	0
2206	2
2207	2
2208	3
2209	3
2210	2
2211	2
2212	2
2213	0
2214	2
2215	2
2216	2
2217	2
2218	2
2219	2
2220	2
2221	0
2222	0
2223	2
2224	2
2225	2
2226	2
2227	2
2228	2
2229	2
2230	1
2231	2
2232	3
2233	2
2234	2
2235	2
2236	1
2237	2
2238	2
2239	2
2240	3
2241	2
2242	2
2243	3
2244	3
2245	2
2246	2
2247	3
2248	3
2249	2
2250	2
2251	3
2252	2
2253	0
2254	2
2255	2
2256	2
2257	2
2258	2
2259	3
2260	2
2261	0
2262	3
2263	0
2264	2
2265	0
2266	3
2267	3
2268	0
2269	3
2270	2
2271	3
2272	0
2273	2
2274	2
2275	2
2276	3
2277	2
2278	3
2279	2
2280	2
2281	2
2282	3
2283	2
2284	2
2285	3
2286	0
2287	2
2288	2
2289	2
2290	3
2291	2
2292	2
2293	1
2294	2
2295	2
2296	2
2297	2
2298	3
2299	2
2300	0
2301	3
2302	2
2303	2
2304	3
2305	0
2306	0
2307	2
2308	2
2309	2
2310	2
2311	3
2312	1
2313	2
2314	2
2315	2
2316	3
2317	2
2318	2
2319	2
2320	0
2321	3
2322	3
2323	3
2324	3
2325	2
2326	2
2327	2
2328	2
2329	3
2330	3
2331	2
2332	2
2333	2
2334	2
2335	2
2336	1
2337	2
2338	1
2339	2
2340	3
2341	0
2342	2
2343	2
2344	2
2345	2
2346	2
2347	2
2348	2
2349	3
2350	2
2351	2
2352	3
2353	2
2354	3
2355	2
2356	2
2357	3
2358	3
2359	2
2360	2
2361	0
2362	2
2363	2
2364	3
2365	3
2366	0
2367	0
2368	3
2369	2
2370	0
2371	2
2372	2
2373	0
2374	2
2375	3
2376	3
2377	2
2378	2
2379	1
2380	2
2381	2
2382	2
2383	3
2384	3
2385	2
2386	3
2387	3
2388	3
2389	2
2390	2
2391	2
2392	0
2393	3
2394	3
2395	3
2396	2
2397	2
2398	2
2399	0
2400	3
2401	3
2402	2
2403	2
2404	2
2405	1
2406	3
2407	1
2408	2
2409	2
2410	0
2411	2
2412	2
2413	2
2414	3
2415	2
2416	3
2417	0
2418	2
2419	2
2420	2
2421	2
2422	0
2423	2
2424	3
2425	2
2426	3
2427	3
2428	0
2429	2
2430	2
2431	3
2432	0
2433	2
2434	2
2435	2
2436	2
2437	2
2438	2
2439	3
2440	3
2441	2
2442	2
2443	3
2444	3
2445	2
2446	2
2447	0
2448	0
2449	2
2450	2
2451	3
2452	3
2453	0
2454	3
2455	0
2456	2
2457	2
2458	2
2459	2
2460	2
2461	2
2462	2
2463	0
2464	0
2465	2
2466	3
2467	0
2468	3
2469	0
2470	3
2471	2
2472	2
2473	3
2474	0
2475	2
2476	2
2477	0
2478	2
2479	2
2480	3
2481	2
2482	2
2483	0
2484	2
2485	2
2486	2
2487	2
2488	3
2489	2
2490	3
2491	2
2492	1
2493	2
2494	2
2495	0
2496	3
2497	2
2498	1
2499	3
2500	2
2501	2
2502	3
2503	3
2504	3
2505	2
2506	2
2507	0
2508	2
2509	2
2510	2
2511	3
2512	3
2513	2
2514	2
2515	3
2516	0
2517	2
2518	3
2519	2
2520	2
2521	2
2522	3
2523	2
2524	3
2525	2
2526	1
2527	0
2528	0
2529	2
2530	2
2531	2
2532	2
2533	1
2534	3
2535	3
2536	2
2537	3
2538	2
2539	1
2540	2
2541	0
2542	1
2543	3
2544	3
2545	0
2546	1
2547	2
2548	2
2549	2
2550	2
2551	2
2552	3
2553	2
2554	3
2555	2
2556	2
2557	3
2558	2
2559	3
2560	3
2561	2
2562	2
2563	2
2564	2
2565	2
2566	2
2567	3
2568	3
2569	0
2570	2
2571	3
2572	3
2573	2
2574	2
2575	3
2576	3
2577	2
2578	2
2579	3
2580	2
2581	2
2582	2
2583	3
2584	2
2585	3
2586	2
2587	2
2588	1
2589	3
2590	2
2591	0
2592	3
2593	2
2594	0
2595	2
2596	3
2597	0
2598	0
2599	2
2600	2
2601	2
2602	2
2603	2
2604	3
2605	0
2606	2
2607	0
2608	3
2609	2
2610	2
2611	2
2612	2
2613	3
2614	3
2615	0
2616	0
2617	2
2618	3
2619	2
2620	0
2621	2
2622	0
2623	1
2624	3
2625	3
2626	2
2627	2
2628	0
2629	2
2630	2
2631	3
2632	2
2633	2
2634	2
2635	2
2636	2
2637	2
2638	2
2639	0
2640	3
2641	2
2642	2
2643	3
2644	3
2645	0
2646	3
2647	2
2648	0
2649	2
2650	3
2651	2
2652	0
2653	3
2654	2
2655	0
2656	2
2657	2
2658	2
2659	2
2660	2
2661	3
2662	2
2663	2
2664	2
2665	2
2666	2
2667	0
2668	2
2669	2
2670	2
2671	3
2672	3
2673	2
2674	2
2675	2
2676	3
2677	0
2678	2
2679	0
2680	3
2681	2
2682	3
2683	2
2684	0
2685	2
2686	1
2687	2
2688	0
2689	2
2690	0
2691	2
2692	1
2693	3
2694	2
2695	3
2696	3
2697	2
2698	2
2699	0
2700	3
2701	2
2702	3
2703	2
2704	0
2705	2
2706	2
2707	2
2708	3
2709	0
2710	2
2711	3
2712	2
2713	2
2714	2
2715	2
2716	2
2717	3
2718	2
2719	2
2720	2
2721	2
2722	2
2723	1
2724	2
2725	3
2726	3
2727	2
2728	2
2729	2
2730	3
2731	2
2732	2
2733	3
2734	0
2735	2
2736	0
2737	0
2738	2
2739	3
2740	2
2741	1
2742	2
2743	2
2744	3
2745	2
2746	3
2747	3
2748	0
2749	3
2750	2
2751	3
2752	3
2753	2
2754	2
2755	2
2756	0
2757	2
2758	2
2759	3
2760	3
2761	2
2762	2
2763	0
2764	3
2765	0
2766	3
2767	2
2768	0
2769	2
2770	2
2771	3
2772	2
2773	2
2774	3
2775	3
2776	2
2777	3
2778	2
2779	0
2780	0
2781	3
2782	2
2783	2
2784	3
2785	2
2786	2
2787	2
2788	3
2789	2
2790	3
2791	0
2792	2
2793	3
2794	2
2795	3
2796	2
2797	3
2798	0
2799	3
2800	3
2801	2
2802	2
2803	0
2804	3
2805	2
2806	2
2807	2
2808	2
2809	2
2810	3
2811	3
2812	0
2813	2
2814	2
2815	0
2816	0
2817	2
2818	2
2819	1
2820	0
2821	0
2822	2
2823	0
2824	3
2825	0
2826	2
2827	0
2828	0
2829	3
2830	2
2831	2
2832	2
2833	2
2834	3
2835	1
2836	2
2837	0
2838	2
2839	1
2840	2
2841	3
2842	2
2843	2
2844	1
2845	2
2846	2
2847	3
2848	3
2849	3
2850	3
2851	0
2852	2
2853	0
2854	3
2855	3
2856	2
2857	2
2858	2
2859	2
2860	2
2861	1
2862	2
2863	2
2864	2
2865	2
2866	2
2867	3
2868	3
2869	0
2870	3
2871	2
2872	3
2873	2
2874	3
2875	2
2876	0
2877	3
2878	2
2879	0
2880	3
2881	2
2882	3
2883	2
2884	2
2885	2
2886	2
2887	2
2888	2
2889	2
2890	2
2891	1
2892	0
2893	0
2894	3
2895	2
2896	3
2897	2
2898	3
2899	3
2900	2
2901	3
2902	2
2903	2
2904	2
2905	1
2906	2
2907	2
2908	3
2909	3
2910	2
2911	0
2912	2
2913	2
2914	2
2915	2
2916	2
2917	3
2918	3
2919	2
2920	2
2921	2
2922	2
2923	0
2924	0
2925	2
2926	0
2927	2
2928	2
2929	3
2930	2
2931	2
2932	3
2933	0
2934	2
2935	2
2936	0
2937	0
2938	3
2939	2
2940	2
2941	2
2942	2
2943	2
2944	3
2945	2
2946	2
2947	2
2948	0
2949	2
2950	2
2951	3
2952	2
2953	2
2954	2
2955	0
2956	2
2957	2
2958	2
2959	2
2960	2
2961	2
2962	2
2963	2
2964	3
2965	0
2966	2
2967	2
2968	1
2969	2
2970	2
2971	2
2972	2
2973	2
2974	1
2975	1
2976	3
2977	2
2978	0
2979	2
2980	0
2981	0
2982	0
2983	2
2984	2
2985	2
2986	3
2987	3
2988	0
2989	0
2990	2
2991	2
2992	0
2993	3
2994	2
2995	0
2996	2
2997	0
2998	2
2999	2
3000	1
3001	2
3002	3
3003	2
3004	0
3005	2
3006	2
3007	0
3008	2
3009	3
3010	2
3011	2
3012	0
3013	2
3014	2
3015	2
3016	3
3017	2
3018	2
3019	0
3020	3
3021	0
3022	3
3023	2
3024	3
3025	2
3026	2
3027	2
3028	2
3029	3
3030	2
3031	0
3032	3
3033	2
3034	2
3035	2
3036	2
3037	2
3038	2
3039	0
3040	3
3041	3
3042	2
3043	2
3044	2
3045	0
3046	3
3047	2
3048	2
3049	2
3050	3
3051	3
3052	2
3053	0
3054	2
3055	2
3056	2
3057	2
3058	3
3059	2
3060	3
3061	2
3062	3
3063	2
3064	0
3065	2
3066	2
3067	2
3068	0
3069	3
3070	3
3071	0
3072	2
3073	1
3074	0
3075	2
3076	3
3077	0
3078	2
3079	0
3080	2
3081	2
3082	2
3083	0
3084	0
3085	2
3086	3
3087	0
3088	2
3089	2
3090	2
3091	3
3092	1
3093	2
3094	2
3095	0
3096	2
3097	2
3098	3
3099	2
3100	2
3101	2
3102	2
3103	2
3104	0
3105	2
3106	0
3107	0
3108	2
3109	2
3110	3
3111	2
3112	2
3113	3
3114	2
3115	0
3116	2
3117	2
3118	0
3119	2
3120	2
3121	2
3122	3
3123	2
3124	2
3125	0
3126	2
3127	1
3128	0
3129	2
3130	3
3131	2
3132	3
3133	1
3134	3
3135	0
3136	2
3137	3
3138	3
3139	3
3140	0
3141	2
3142	3
3143	3
3144	2
3145	1
3146	2
3147	1
3148	1
3149	1
3150	3
3151	0
3152	0
3153	2
3154	2
3155	0
3156	3
3157	3
3158	2
3159	0
3160	0
3161	3
3162	3
3163	2
3164	2
3165	2
3166	2
3167	2
3168	1
3169	3
3170	1
3171	3
3172	3
3173	2
3174	3
3175	3
3176	2
3177	2
3178	2
3179	2
3180	2
3181	0
3182	0
3183	2
3184	2
3185	2
3186	1
3187	2
3188	3
3189	2
3190	0
3191	0
3192	2
3193	2
3194	3
3195	2
3196	1
3197	2
3198	3
3199	0
3200	2
3201	0
3202	3
3203	2
3204	0
3205	2
3206	2
3207	3
3208	1
3209	2
3210	0
3211	2
3212	2
3213	2
3214	2
3215	2
3216	3
3217	2
3218	2
3219	0
3220	3
3221	2
3222	2
3223	3
3224	2
3225	0
3226	2
3227	2
3228	2
3229	2
3230	3
3231	2
3232	0
3233	3
3234	2
3235	0
3236	1
3237	2
3238	0
3239	3
3240	2
3241	2
3242	2
3243	3
3244	2
3245	2
3246	0
3247	2
3248	3
3249	2
3250	0
3251	2
3252	3
3253	2
3254	0
3255	2
3256	3
3257	2
3258	2
3259	1
3260	3
3261	3
3262	2
3263	2
3264	2
3265	3
3266	3
3267	2
3268	3
3269	2
3270	2
3271	3
3272	2
3273	0
3274	2
3275	2
3276	2
3277	2
3278	2
3279	3
3280	3
3281	2
3282	2
3283	3
3284	3
3285	2
3286	2
3287	2
3288	2
3289	2
3290	3
3291	2
3292	1
3293	2
3294	3
3295	3
3296	0
3297	0
3298	2
3299	0
3300	2
3301	3
3302	3
3303	3
3304	2
3305	3
3306	0
3307	2
3308	3
3309	2
3310	3
3311	2
3312	1
3313	2
3314	0
3315	2
3316	2
3317	2
3318	0
3319	0
3320	0
3321	2
3322	3
3323	3
3324	2
3325	3
3326	3
3327	1
3328	2
3329	3
3330	3
3331	3
3332	2
3333	0
3334	2
3335	3
3336	3
3337	2
3338	3
3339	3
3340	3
3341	2
3342	3
3343	2
3344	3
3345	2
3346	2
3347	3
3348	3
3349	2
3350	2
3351	2
3352	2
3353	3
3354	3
3355	2
3356	3
3357	3
3358	2
3359	0
3360	2
3361	3
3362	2
3363	0
3364	2
3365	2
3366	2
3367	3
3368	2
3369	3
3370	2
3371	0
3372	2
3373	0
3374	0
3375	3
3376	3
3377	2
3378	2
3379	0
3380	3
3381	0
3382	2
3383	1
3384	3
3385	2
3386	2
3387	0
3388	0
3389	3
3390	2
3391	0
3392	3
3393	2
3394	3
3395	2
3396	0
3397	0
3398	2
3399	3
3400	2
3401	2
3402	3
3403	0
3404	3
3405	2
3406	2
3407	2
3408	2
3409	2
3410	2
3411	2
3412	2
3413	2
3414	2
3415	2
3416	2
3417	0
3418	3
3419	2
3420	1
3421	2
3422	2
3423	3
3424	2
3425	2
3426	2
3427	2
3428	2
3429	2
3430	3
3431	2
3432	2
3433	3
3434	2
3435	2
3436	2
3437	0
3438	0
3439	2
3440	1
3441	2
3442	2
3443	2
3444	0
3445	2
3446	3
3447	2
3448	1
3449	3
3450	3
3451	2
3452	0
3453	3
3454	2
3455	0
3456	0
3457	0
3458	1
3459	2
3460	0
3461	2
3462	2
3463	3
3464	2
3465	3
3466	3
3467	3
3468	1
3469	2
3470	3
3471	2
3472	2
3473	2
3474	2
3475	2
3476	2
3477	0
3478	3
3479	2
3480	3
3481	2
3482	2
3483	2
3484	3
3485	2
3486	2
3487	0
3488	2
3489	2
3490	2
3491	0
3492	3
3493	1
3494	2
3495	2
3496	2
3497	3
3498	2
3499	0
3500	2
3501	2
3502	2
3503	2
3504	3
3505	2
3506	0
3507	2
3508	3
3509	0
3510	2
3511	2
3512	2
3513	0
3514	2
3515	1
3516	2
3517	3
3518	3
3519	0
3520	3
3521	2
3522	3
3523	0
3524	3
3525	2
3526	3
3527	0
3528	3
3529	1
3530	0
3531	2
3532	0
3533	0
3534	2
3535	2
3536	3
3537	2
3538	2
3539	2
3540	1
3541	3
3542	2
3543	2
3544	0
3545	0
3546	2
3547	2
3548	2
3549	2
3550	2
3551	2
3552	2
3553	2
3554	2
3555	0
3556	3
3557	2
3558	2
3559	3
3560	2
3561	2
3562	2
3563	0
3564	2
3565	2
3566	0
3567	2
3568	2
3569	3
3570	2
3571	2
3572	3
3573	0
3574	2
3575	2
3576	0
3577	3
3578	2
3579	3
3580	2
3581	0
3582	2
3583	3
3584	3
3585	2
3586	3
3587	2
3588	0
3589	2
3590	2
3591	3
3592	3
3593	2
3594	2
3595	0
3596	0
3597	2
3598	2
3599	2
3600	2
3601	2
3602	2
3603	2
3604	0
3605	2
3606	0
3607	2
3608	0
3609	0
3610	3
3611	2
3612	3
3613	2
3614	2
3615	2
3616	3
3617	2
3618	2
3619	2
3620	2
3621	2
3622	3
3623	3
3624	2
3625	2
3626	2
3627	2
3628	2
3629	0
3630	3
3631	3
3632	3
3633	0
3634	0
3635	2
3636	3
3637	1
3638	3
3639	0
3640	3
3641	2
3642	3
3643	3
3644	3
3645	2
3646	3
3647	0
3648	2
3649	2
3650	2
3651	2
3652	0
3653	2
3654	2
3655	2
3656	2
3657	2
3658	2
3659	3
3660	0
3661	2
3662	2
3663	2
3664	3
3665	2
3666	2
3667	2
3668	3
3669	0
3670	3
3671	2
3672	0
3673	0
3674	3
3675	2
3676	2
3677	2
3678	3
3679	2
3680	1
3681	2
3682	0
3683	0
3684	2
3685	0
3686	3
3687	1
3688	2
3689	3
3690	0
3691	2
3692	2
3693	1
3694	3
3695	2
3696	2
3697	3
3698	0
3699	2
3700	0
3701	0
3702	2
3703	0
3704	2
3705	3
3706	2
3707	3
3708	1
3709	3
3710	3
3711	2
3712	2
3713	2
3714	0
3715	0
3716	0
3717	2
3718	2
3719	3
3720	3
3721	2
3722	2
3723	3
3724	0
3725	2
3726	3
3727	2
3728	0
3729	2
3730	2
3731	1
3732	2
3733	2
3734	2
3735	2
3736	0
3737	2
3738	2
3739	2
3740	3
3741	2
3742	2
3743	2
3744	2
3745	2
3746	2
3747	2
3748	2
3749	2
3750	3
3751	2
3752	2
3753	3
3754	2
3755	2
3756	2
3757	2
3758	3
3759	2
3760	2
3761	2
3762	0
3763	2
3764	3
3765	2
3766	0
3767	0
3768	2
3769	2
3770	3
3771	2
3772	2
3773	3
3774	3
3775	0
3776	3
3777	3
3778	2
3779	2
3780	0
3781	2
3782	2
3783	3
3784	3
3785	3
3786	2
3787	0
3788	2
3789	2
3790	3
3791	2
3792	3
3793	2
3794	3
3795	2
3796	2
3797	0
3798	3
3799	2
3800	0
3801	0
3802	2
3803	2
3804	1
3805	2
3806	3
3807	2
3808	3
3809	3
3810	2
3811	0
3812	0
3813	3
3814	2
3815	3
3816	2
3817	1
3818	1
3819	2
3820	3
3821	2
3822	3
3823	2
3824	2
3825	2
3826	0
3827	2
3828	3
3829	2
3830	1
3831	3
3832	1
3833	0
3834	3
3835	3
3836	0
3837	2
3838	3
3839	0
3840	0
3841	2
3842	3
3843	2
3844	0
3845	2
3846	2
3847	3
3848	2
3849	2
3850	2
3851	0
3852	3
3853	2
3854	2
3855	0
3856	2
3857	2
3858	2
3859	3
3860	2
3861	3
3862	3
3863	0
3864	0
3865	1
3866	2
3867	2
3868	2
3869	3
3870	2
3871	0
3872	2
3873	2
3874	2
3875	0
3876	0
3877	2
3878	3
3879	3
3880	2
3881	3
3882	2
3883	0
3884	2
3885	0
3886	0
3887	2
3888	2
3889	0
3890	2
3891	2
3892	3
3893	0
3894	0
3895	2
3896	3
3897	0
3898	3
3899	1
3900	3
3901	3
3902	2
3903	3
3904	3
3905	0
3906	2
3907	2
3908	0
3909	3
3910	0
3911	3
3912	3
3913	2
3914	2
3915	2
3916	2
3917	2
3918	2
3919	2
3920	0
3921	2
3922	2
3923	3
3924	2
3925	2
3926	2
3927	2
3928	0
3929	0
3930	2
3931	3
3932	1
3933	0
3934	2
3935	2
3936	2
3937	2
3938	2
3939	0
3940	2
3941	2
3942	3
3943	0
3944	2
3945	3
3946	2
3947	2
3948	2
3949	0
3950	0
3951	2
3952	2
3953	2
3954	2
3955	2
3956	2
3957	3
3958	0
3959	1
3960	3
3961	3
3962	2
3963	3
3964	2
3965	1
3966	3
3967	3
3968	3
3969	2
3970	3
3971	2
3972	0
3973	2
3974	2
3975	2
3976	0
3977	0
3978	2
3979	3
3980	3
3981	2
3982	2
3983	2
3984	3
3985	3
3986	0
3987	3
3988	2
3989	2
3990	2
3991	2
3992	2
3993	0
3994	2
3995	1
3996	3
3997	2
3998	2
3999	2
4000	3
4001	2
4002	2
4003	0
4004	0
4005	1
4006	3
4007	2
4008	2
4009	3
4010	2
4011	2
4012	0
4013	0
4014	0
4015	2
4016	2
4017	2
4018	2
4019	2
4020	2
4021	1
4022	1
4023	2
4024	3
4025	2
4026	3
4027	2
4028	0
4029	3
4030	2
4031	0
4032	3
4033	0
4034	3
4035	2
4036	0
4037	2
4038	2
4039	2
4040	2
4041	2
4042	2
4043	1
4044	3
4045	2
4046	2
4047	2
4048	3
4049	3
4050	2
4051	2
4052	2
4053	2
4054	3
4055	2
4056	0
4057	0
4058	2
4059	2
4060	2
4061	2
4062	2
4063	2
4064	3
4065	2
4066	1
4067	0
4068	1
4069	2
4070	3
4071	0
4072	2
4073	3
4074	2
4075	2
4076	2
4077	2
4078	0
4079	0
4080	2
4081	2
4082	2
4083	2
4084	3
4085	2
4086	1
4087	3
4088	3
4089	2
4090	3
4091	3
4092	0
4093	0
4094	3
4095	3
4096	3
4097	2
4098	3
4099	2
4100	2
4101	3
4102	2
4103	3
4104	2
4105	0
4106	2
4107	2
4108	0
4109	3
4110	3
4111	2
4112	1
4113	2
4114	0
4115	0
4116	0
4117	2
4118	2
4119	2
4120	2
4121	0
4122	0
4123	2
4124	2
4125	0
4126	2
4127	3
4128	2
4129	3
4130	2
4131	0
4132	2
4133	2
4134	3
4135	3
4136	2
4137	3
4138	2
4139	1
4140	0
4141	3
4142	2
4143	2
4144	2
4145	2
4146	3
4147	3
4148	3
4149	3
4150	3
4151	2
4152	3
4153	2
4154	3
4155	3
4156	0
4157	2
4158	0
4159	0
4160	2
4161	2
4162	3
4163	0
4164	2
4165	2
4166	2
4167	3
4168	0
4169	2
4170	0
4171	2
4172	0
4173	3
4174	2
4175	2
4176	3
4177	3
4178	1
4179	1
4180	1
4181	2
4182	2
4183	0
4184	2
4185	2
4186	1
4187	2
4188	3
4189	3
4190	3
4191	3
4192	2
4193	2
4194	2
4195	3
4196	2
4197	2
4198	3
4199	3
4200	2
4201	2
4202	2
4203	3
4204	0
4205	2
4206	2
4207	2
4208	2
4209	3
4210	2
4211	3
4212	2
4213	2
4214	2
4215	2
4216	0
4217	0
4218	2
4219	2
4220	3
4221	0
4222	3
4223	0
4224	2
4225	2
4226	3
4227	2
4228	2
4229	2
4230	3
4231	3
4232	3
4233	0
4234	3
4235	2
4236	0
4237	3
4238	2
4239	2
4240	2
4241	0
4242	2
4243	3
4244	2
4245	2
4246	2
4247	2
4248	2
4249	2
4250	1
4251	2
4252	2
4253	3
4254	2
4255	3
4256	0
4257	2
4258	2
4259	2
4260	3
4261	2
4262	2
4263	1
4264	2
4265	3
4266	0
4267	3
4268	2
4269	2
4270	2
4271	2
4272	2
4273	2
4274	0
4275	3
4276	2
4277	2
4278	3
4279	2
4280	3
4281	2
4282	3
4283	2
4284	1
4285	3
4286	2
4287	2
4288	2
4289	0
4290	3
4291	0
4292	2
4293	2
4294	3
4295	0
4296	2
4297	2
4298	2
4299	2
4300	3
4301	2
4302	3
4303	2
4304	0
4305	2
4306	2
4307	2
4308	3
4309	2
4310	2
4311	3
4312	2
4313	2
4314	2
4315	2
4316	3
4317	2
4318	2
4319	3
4320	2
4321	3
4322	2
4323	0
4324	3
4325	2
4326	2
4327	3
4328	2
4329	2
4330	3
4331	3
4332	2
4333	2
4334	3
4335	2
4336	2
4337	2
4338	3
4339	2
4340	2
4341	2
4342	1
4343	2
4344	2
4345	0
4346	3
4347	2
4348	2
4349	2
4350	2
4351	2
4352	2
4353	2
4354	3
4355	3
4356	2
4357	3
4358	2
4359	3
4360	2
4361	2
4362	2
4363	3
4364	3
4365	3
4366	2
4367	2
4368	3
4369	2
4370	2
4371	1
4372	2
4373	2
4374	2
4375	2
4376	3
4377	3
4378	0
4379	2
4380	2
4381	2
4382	2
4383	2
4384	3
4385	2
4386	2
4387	0
4388	2
4389	3
4390	2
4391	3
4392	2
4393	3
4394	3
4395	3
4396	2
4397	0
4398	2
4399	2
4400	2
4401	2
4402	0
4403	3
4404	2
4405	2
4406	2
4407	2
4408	3
4409	2
4410	2
4411	2
4412	0
4413	3
4414	3
4415	2
4416	2
4417	3
4418	2
4419	0
4420	2
4421	3
4422	2
4423	2
4424	2
4425	3
4426	2
4427	2
4428	1
4429	3
4430	3
4431	2
4432	3
4433	2
4434	2
4435	3
4436	0
4437	3
4438	2
4439	2
4440	2
4441	3
4442	2
4443	2
4444	2
4445	2
4446	2
4447	2
4448	2
4449	3
4450	2
4451	2
4452	2
4453	3
4454	3
4455	3
4456	2
4457	3
4458	1
4459	2
4460	3
4461	0
4462	3
4463	2
4464	3
4465	1
4466	0
4467	3
4468	3
4469	3
4470	3
4471	2
4472	3
4473	2
4474	2
4475	2
4476	2
4477	0
4478	3
4479	2
4480	2
4481	2
4482	1
4483	2
4484	3
4485	2
4486	2
4487	3
4488	2
4489	2
4490	0
4491	2
4492	3
4493	3
4494	3
4495	2
4496	3
4497	2
4498	2
4499	2
4500	2
4501	3
4502	0
4503	2
4504	2
4505	2
4506	0
4507	0
4508	2
4509	2
4510	2
4511	2
4512	2
4513	3
4514	3
4515	2
4516	2
4517	2
4518	3
4519	3
4520	2
4521	2
4522	2
4523	2
4524	2
4525	3
4526	2
4527	2
4528	2
4529	3
4530	0
4531	2
4532	3
4533	0
4534	3
4535	2
4536	2
4537	2
4538	3
4539	3
4540	3
4541	3
4542	2
4543	2
4544	2
4545	2
4546	0
4547	0
4548	2
4549	3
4550	2
4551	2
4552	3
4553	0
4554	2
4555	2
4556	3
4557	3
4558	3
4559	2
4560	3
4561	3
4562	2
4563	2
4564	2
4565	2
4566	2
4567	0
4568	2
4569	3
4570	3
4571	2
4572	3
4573	0
4574	3
4575	2
4576	1
4577	2
4578	2
4579	0
4580	2
4581	1
4582	3
4583	3
4584	2
4585	3
4586	3
4587	0
4588	0
4589	2
4590	2
4591	2
4592	2
4593	0
4594	0
4595	3
4596	2
4597	0
4598	2
4599	2
4600	3
4601	2
4602	3
4603	2
4604	2
4605	0
4606	2
4607	2
4608	2
4609	2
4610	3
4611	2
4612	2
4613	2
4614	2
4615	3
4616	1
4617	3
4618	2
4619	0
4620	3
4621	3
4622	3
4623	2
4624	3
4625	1
4626	2
4627	3
4628	0
4629	2
4630	2
4631	2
4632	2
4633	3
4634	3
4635	2
4636	0
4637	2
4638	2
4639	2
4640	2
4641	2
4642	1
4643	2
4644	2
4645	2
4646	2
4647	3
4648	2
4649	2
4650	2
4651	2
4652	2
4653	0
4654	3
4655	2
4656	2
4657	2
4658	1
4659	1
4660	3
4661	2
4662	2
4663	2
4664	3
4665	2
4666	2
4667	2
4668	2
4669	3
4670	2
4671	2
4672	2
4673	2
4674	2
4675	2
4676	2
4677	2
4678	2
4679	3
4680	3
4681	3
4682	2
4683	2
4684	0
4685	3
4686	2
4687	2
4688	3
4689	3
4690	2
4691	2
4692	1
4693	3
4694	2
4695	2
4696	3
4697	3
4698	1
4699	2
4700	2
4701	0
4702	2
4703	3
4704	2
4705	2
4706	2
4707	0
4708	2
4709	2
4710	2
4711	2
4712	2
4713	2
4714	2
4715	2
4716	2
4717	0
4718	2
4719	2
4720	1
4721	0
4722	2
4723	0
4724	3
4725	3
4726	2
4727	2
4728	3
4729	2
4730	2
4731	2
4732	2
4733	2
4734	3
4735	3
4736	1
4737	3
4738	2
4739	3
4740	0
4741	2
4742	3
4743	2
4744	2
4745	3
4746	2
4747	2
4748	2
4749	3
4750	2
4751	2
4752	3
4753	2
4754	2
4755	2
4756	3
4757	2
4758	2
4759	3
4760	0
4761	2
4762	3
4763	2
4764	2
4765	1
4766	2
4767	3
4768	3
4769	2
4770	2
4771	2
4772	2
4773	2
4774	0
4775	3
4776	2
4777	2
4778	2
4779	2
4780	0
4781	0
4782	3
4783	2
4784	2
4785	1
4786	3
4787	3
4788	3
4789	2
4790	2
4791	2
4792	3
4793	2
4794	2
4795	2
4796	3
4797	3
4798	0
4799	2
4800	2
4801	1
4802	3
4803	2
4804	2
4805	0
4806	3
4807	2
4808	2
4809	3
4810	2
4811	2
4812	2
4813	2
4814	2
4815	2
4816	3
4817	2
4818	2
4819	0
4820	3
4821	2
4822	2
4823	3
4824	2
4825	2
4826	0
4827	2
4828	2
4829	2
4830	2
4831	3
4832	2
4833	0
4834	2
4835	1
4836	2
4837	2
4838	2
4839	3
4840	2
4841	2
4842	2
4843	3
4844	0
4845	2
4846	3
4847	2
4848	2
4849	2
4850	1
4851	0
4852	1
4853	0
4854	2
4855	2
4856	3
4857	2
4858	0
4859	2
4860	3
4861	3
4862	3
4863	0
4864	2
4865	2
4866	0
4867	3
4868	2
4869	2
4870	3
4871	3
4872	2
4873	3
4874	2
4875	1
4876	3
4877	3
4878	2
4879	3
4880	3
4881	2
4882	2
4883	1
4884	1
4885	2
4886	2
4887	3
4888	2
4889	3
4890	2
4891	3
4892	3
4893	3
4894	2
4895	2
4896	3
4897	3
4898	3
4899	2
4900	2
4901	2
4902	3
4903	2
4904	2
4905	3
4906	2
4907	0
4908	0
4909	2
4910	2
4911	2
4912	2
4913	2
4914	2
4915	0
4916	3
4917	2
4918	2
4919	3
4920	0
4921	0
4922	3
4923	2
4924	0
4925	2
4926	3
4927	2
4928	2
4929	3
4930	0
4931	3
4932	2
4933	2
4934	3
4935	2
4936	2
4937	2
4938	3
4939	2
4940	3
4941	2
4942	2
4943	2
4944	3
4945	3
4946	2
4947	2
4948	2
4949	2
4950	2
4951	2
4952	2
4953	0
4954	3
4955	2
4956	3
4957	2
4958	0
4959	2
4960	3
4961	2
4962	2
4963	2
4964	2
4965	2
4966	3
4967	2
4968	2
4969	3
4970	2
4971	2
4972	0
4973	0
4974	2
4975	2
4976	3
4977	2
4978	2
4979	0
4980	2
4981	0
4982	2
4983	3
4984	1
4985	0
4986	3
4987	3
4988	2
4989	3
4990	2
4991	2
4992	2
4993	3
4994	3
4995	3
4996	2
4997	0
4998	2
4999	3
5000	2
5001	3
5002	2
5003	2
5004	3
5005	3
5006	2
5007	0
5008	2
5009	3
5010	2
5011	2
5012	0
5013	2
5014	2
5015	0
5016	2
5017	2
5018	3
5019	2
5020	2
5021	2
5022	2
5023	2
5024	3
5025	2
5026	2
5027	0
5028	2
5029	2
5030	3
5031	3
5032	2
5033	3
5034	2
5035	2
5036	2
5037	2
5038	2
5039	2
5040	2
5041	2
5042	2
5043	0
5044	3
5045	3
5046	1
5047	3
5048	3
5049	1
5050	2
5051	2
5052	2
5053	0
5054	3
5055	0
5056	2
5057	3
5058	3
5059	2
5060	2
5061	3
5062	2
5063	3
5064	2
5065	3
5066	2
5067	3
5068	3
5069	1
5070	2
5071	2
5072	2
5073	2
5074	2
5075	2
5076	3
5077	2
5078	2
5079	3
5080	0
5081	3
5082	3
5083	2
5084	2
5085	1
5086	2
5087	3
5088	3
5089	2
5090	2
5091	1
5092	2
5093	2
5094	3
5095	2
5096	2
5097	2
5098	3
5099	2
5100	2
5101	2
5102	3
5103	0
5104	3
5105	2
5106	2
5107	3
5108	3
5109	0
5110	3
5111	2
5112	3
5113	2
5114	2
5115	2
5116	0
5117	2
5118	3
5119	3
5120	2
5121	3
5122	3
5123	2
5124	2
5125	2
5126	2
5127	2
5128	2
5129	3
5130	2
5131	3
5132	3
5133	3
5134	2
5135	0
5136	0
5137	3
5138	2
5139	1
5140	2
5141	0
5142	2
5143	2
5144	3
5145	2
5146	3
5147	0
5148	2
5149	2
5150	3
5151	3
5152	2
5153	2
5154	2
5155	3
5156	3
5157	0
5158	2
5159	2
5160	2
5161	2
5162	2
5163	3
5164	2
5165	2
5166	2
5167	2
5168	2
5169	2
5170	3
5171	2
5172	2
5173	0
5174	0
5175	2
5176	3
5177	2
5178	2
5179	2
5180	2
5181	3
5182	3
5183	0
5184	3
5185	3
5186	3
5187	2
5188	2
5189	2
5190	2
5191	2
5192	3
5193	3
5194	2
5195	2
5196	0
5197	3
5198	2
5199	2
5200	0
5201	3
5202	2
5203	3
5204	2
5205	1
5206	2
5207	2
5208	2
5209	2
5210	3
5211	0
5212	3
5213	0
5214	2
5215	3
5216	3
5217	2
5218	2
5219	3
5220	2
5221	0
5222	3
5223	2
5224	1
5225	2
5226	2
5227	2
5228	2
5229	2
5230	2
5231	2
5232	3
5233	0
5234	2
5235	2
5236	2
5237	2
5238	1
5239	0
5240	2
5241	2
5242	2
5243	2
5244	0
5245	3
5246	3
5247	2
5248	2
5249	2
5250	2
5251	0
5252	1
5253	2
5254	2
5255	2
5256	2
5257	3
5258	2
5259	0
5260	0
5261	3
5262	0
5263	2
5264	3
5265	2
5266	2
5267	0
5268	2
5269	2
5270	2
5271	2
5272	3
5273	2
5274	0
5275	0
5276	2
5277	2
5278	2
5279	2
5280	2
5281	2
5282	3
5283	2
5284	2
5285	2
5286	2
5287	2
5288	2
5289	2
5290	2
5291	2
5292	2
5293	2
5294	2
5295	2
5296	3
5297	2
5298	0
5299	2
5300	2
5301	2
5302	0
5303	2
5304	3
5305	2
5306	2
5307	2
5308	0
5309	2
5310	3
5311	2
5312	2
5313	0
5314	0
5315	2
5316	3
5317	2
5318	2
5319	2
5320	3
5321	3
5322	2
5323	2
5324	1
5325	2
5326	3
5327	2
5328	2
5329	1
5330	2
5331	2
5332	2
5333	2
5334	2
5335	2
5336	3
5337	3
5338	0
5339	0
5340	2
5341	2
5342	2
5343	3
5344	2
5345	2
5346	2
5347	2
5348	2
5349	2
5350	3
5351	2
5352	2
5353	2
5354	2
5355	2
5356	0
5357	2
5358	2
5359	2
5360	2
5361	2
5362	3
5363	2
5364	3
5365	2
5366	3
5367	2
5368	3
5369	0
5370	0
5371	2
5372	0
5373	2
5374	3
5375	3
5376	3
5377	2
5378	3
5379	2
5380	2
5381	2
5382	2
5383	2
5384	3
5385	3
5386	2
5387	3
5388	3
5389	3
5390	2
5391	2
5392	3
5393	3
5394	2
5395	1
5396	2
5397	2
5398	2
5399	2
5400	3
5401	2
5402	0
5403	2
5404	3
5405	2
5406	2
5407	2
5408	0
5409	2
5410	2
5411	2
5412	0
5413	0
5414	2
5415	2
5416	1
5417	2
5418	3
5419	3
5420	2
5421	2
5422	2
5423	0
5424	3
5425	2
5426	2
5427	2
5428	2
5429	2
5430	0
5431	2
5432	3
5433	2
5434	2
5435	2
5436	2
5437	2
5438	3
5439	0
5440	2
5441	3
5442	2
5443	2
5444	2
5445	2
5446	2
5447	2
5448	2
5449	3
5450	2
5451	3
5452	3
5453	3
5454	2
5455	2
5456	0
5457	2
5458	2
5459	0
5460	2
5461	1
5462	3
5463	2
5464	2
5465	0
5466	2
5467	0
5468	2
5469	0
5470	2
5471	3
5472	2
5473	3
5474	1
5475	2
5476	0
5477	0
5478	3
5479	2
5480	2
5481	3
5482	2
5483	3
5484	3
5485	2
5486	2
5487	2
5488	2
5489	2
5490	2
5491	2
5492	2
5493	2
5494	3
5495	2
5496	3
5497	2
5498	2
5499	2
5500	0
5501	2
5502	2
5503	0
5504	2
5505	0
5506	3
5507	2
5508	2
5509	2
5510	0
5511	3
5512	3
5513	3
5514	2
5515	3
5516	3
5517	2
5518	3
5519	0
5520	3
5521	3
5522	2
5523	0
5524	2
5525	3
5526	2
5527	2
5528	0
5529	3
5530	3
5531	0
5532	3
5533	2
5534	2
5535	2
5536	3
5537	2
5538	2
5539	1
5540	1
5541	2
5542	3
5543	2
5544	2
5545	2
5546	2
5547	2
5548	2
5549	0
5550	2
5551	2
5552	2
5553	3
5554	2
5555	2
5556	2
5557	3
5558	0
5559	0
5560	2
5561	3
5562	3
5563	2
5564	0
5565	0
5566	2
5567	3
5568	2
5569	1
5570	0
5571	2
5572	2
5573	2
5574	3
5575	3
5576	0
5577	0
5578	3
5579	3
5580	3
5581	3
5582	3
5583	3
5584	3
5585	3
5586	2
5587	2
5588	2
5589	2
5590	2
5591	2
5592	3
5593	1
5594	0
5595	0
5596	2
5597	2
5598	2
5599	3
5600	1
5601	2
5602	0
5603	3
5604	2
5605	2
5606	3
5607	0
5608	2
5609	2
5610	2
5611	2
5612	3
5613	3
5614	2
5615	2
5616	2
5617	2
5618	2
5619	2
5620	3
5621	2
5622	0
5623	2
5624	3
5625	2
5626	3
5627	2
5628	2
5629	3
5630	3
5631	1
5632	2
5633	3
5634	3
5635	3
5636	2
5637	2
5638	2
5639	2
5640	2
5641	3
5642	2
5643	2
5644	1
5645	3
5646	2
5647	2
5648	3
5649	2
5650	2
5651	3
5652	2
5653	3
5654	2
5655	0
5656	2
5657	3
5658	1
5659	3
5660	3
5661	2
5662	2
5663	2
5664	2
5665	2
5666	2
5667	2
5668	0
5669	2
5670	3
5671	0
5672	3
5673	2
5674	2
5675	3
5676	2
5677	2
5678	2
5679	0
5680	1
5681	2
5682	2
5683	0
5684	3
5685	2
5686	0
5687	3
5688	0
5689	2
5690	3
5691	2
5692	2
5693	1
5694	2
5695	2
5696	3
5697	3
5698	2
5699	2
5700	0
5701	2
5702	2
5703	2
5704	3
5705	3
5706	3
5707	2
5708	3
5709	2
5710	2
5711	0
5712	3
5713	3
5714	2
5715	2
5716	2
5717	2
5718	3
5719	0
5720	2
5721	2
5722	3
5723	0
5724	2
5725	3
5726	2
5727	3
5728	2
5729	2
5730	2
5731	0
5732	2
5733	2
5734	3
5735	2
5736	2
5737	3
5738	3
5739	3
5740	2
5741	2
5742	2
5743	2
5744	2
5745	2
5746	2
5747	0
5748	2
5749	2
5750	2
5751	3
5752	3
5753	1
5754	2
5755	3
5756	2
5757	2
5758	3
5759	1
5760	3
5761	2
5762	2
5763	2
5764	2
5765	2
5766	3
5767	2
5768	2
5769	3
5770	2
5771	3
5772	2
5773	3
5774	0
5775	0
5776	2
5777	2
5778	2
5779	2
5780	1
5781	3
5782	2
5783	2
5784	3
5785	2
5786	1
5787	0
5788	2
5789	0
5790	2
5791	3
5792	2
5793	2
5794	1
5795	2
5796	0
5797	2
5798	3
5799	2
5800	2
5801	2
5802	2
5803	2
5804	2
5805	2
5806	3
5807	2
5808	0
5809	2
5810	0
5811	2
5812	3
5813	2
5814	2
5815	0
5816	3
5817	2
5818	3
5819	1
5820	3
5821	3
5822	3
5823	2
5824	3
5825	0
5826	2
5827	2
5828	2
5829	2
5830	2
5831	2
5832	0
5833	0
5834	2
5835	3
5836	1
5837	2
5838	3
5839	2
5840	0
5841	2
5842	2
5843	2
5844	0
5845	0
5846	0
5847	2
5848	3
5849	0
5850	1
5851	0
5852	2
5853	3
5854	2
5855	0
5856	2
5857	2
5858	2
5859	2
5860	2
5861	2
5862	3
5863	2
5864	2
5865	2
5866	2
5867	3
5868	3
5869	2
5870	3
5871	3
5872	1
5873	2
5874	2
5875	2
5876	0
5877	2
5878	3
5879	0
5880	2
5881	3
5882	2
5883	2
5884	3
5885	3
5886	3
5887	0
5888	3
5889	3
5890	3
5891	3
5892	0
5893	3
5894	2
5895	3
5896	2
5897	0
5898	3
5899	3
5900	0
5901	2
5902	2
5903	3
5904	2
5905	2
5906	0
5907	2
5908	2
5909	3
5910	2
5911	3
5912	3
5913	2
5914	3
5915	0
5916	2
5917	3
5918	2
5919	0
5920	3
5921	2
5922	2
5923	2
5924	2
5925	2
5926	3
5927	2
5928	2
5929	3
5930	0
5931	2
5932	2
5933	2
5934	1
5935	0
5936	2
5937	3
5938	1
5939	2
5940	2
5941	1
5942	3
5943	2
5944	2
5945	2
5946	3
5947	2
5948	0
5949	3
5950	2
5951	1
5952	2
5953	3
5954	3
5955	2
5956	2
5957	2
5958	2
5959	3
5960	3
5961	0
5962	3
5963	2
5964	3
5965	3
5966	1
5967	0
5968	0
5969	3
5970	0
5971	3
5972	3
5973	2
5974	3
5975	2
5976	3
5977	3
5978	0
5979	0
5980	3
5981	2
5982	2
5983	3
5984	2
5985	2
5986	2
5987	2
5988	2
5989	3
5990	2
5991	0
5992	2
5993	3
5994	2
5995	3
5996	0
5997	2
5998	3
5999	2
6000	2
6001	2
6002	2
6003	2
6004	3
6005	2
6006	0
6007	2
6008	0
6009	2
6010	3
6011	3
6012	0
6013	1
6014	2
6015	2
6016	3
6017	3
6018	3
6019	2
6020	2
6021	3
6022	0
6023	2
6024	2
6025	2
6026	2
6027	3
6028	2
6029	2
6030	3
6031	0
6032	2
6033	2
6034	2
6035	2
6036	3
6037	3
6038	2
6039	0
6040	2
6041	3
6042	2
6043	0
6044	3
6045	2
6046	2
6047	3
6048	2
6049	2
6050	2
6051	2
6052	2
6053	2
6054	3
6055	2
6056	2
6057	2
6058	3
6059	2
6060	1
6061	2
6062	2
6063	3
6064	2
6065	2
6066	2
6067	2
6068	3
6069	2
6070	0
6071	0
6072	2
6073	2
6074	3
6075	2
6076	2
6077	3
6078	3
6079	3
6080	2
6081	3
6082	3
6083	2
6084	1
6085	2
6086	2
6087	2
6088	1
6089	3
6090	2
6091	2
6092	2
6093	3
6094	2
6095	3
6096	3
6097	2
6098	2
6099	2
6100	3
6101	2
6102	2
6103	2
6104	0
6105	3
6106	0
6107	0
6108	3
6109	0
6110	2
6111	2
6112	2
6113	0
6114	2
6115	1
6116	2
6117	2
6118	2
6119	0
6120	2
6121	3
6122	0
6123	3
6124	0
6125	3
6126	3
6127	2
6128	2
6129	2
6130	1
6131	2
6132	2
6133	2
6134	3
6135	3
6136	2
6137	2
6138	2
6139	3
6140	3
6141	2
6142	3
6143	0
6144	3
6145	2
6146	3
6147	2
6148	0
6149	0
6150	2
6151	2
6152	0
6153	3
6154	0
6155	3
6156	2
6157	2
6158	2
6159	2
6160	3
6161	2
6162	2
6163	3
6164	0
6165	2
6166	3
6167	2
6168	2
6169	2
6170	3
6171	3
6172	2
6173	2
6174	2
6175	2
6176	2
6177	2
6178	2
6179	0
6180	2
6181	2
6182	3
6183	3
6184	2
6185	3
6186	2
6187	2
6188	2
6189	0
6190	3
6191	3
6192	2
6193	2
6194	0
6195	2
6196	3
6197	2
6198	2
6199	0
6200	3
6201	2
6202	3
6203	3
6204	0
6205	3
6206	2
6207	2
6208	3
6209	0
6210	3
6211	3
6212	0
6213	0
6214	3
6215	3
6216	2
6217	3
6218	2
6219	2
6220	2
6221	0
6222	3
6223	2
6224	2
6225	2
6226	2
6227	2
6228	2
6229	0
6230	2
6231	3
6232	2
6233	2
6234	3
6235	3
6236	2
6237	2
6238	3
6239	2
6240	2
6241	0
6242	2
6243	2
6244	2
6245	1
6246	0
6247	3
6248	2
6249	3
6250	2
6251	1
6252	2
6253	0
6254	2
6255	3
6256	2
6257	2
6258	0
6259	2
6260	3
6261	2
6262	2
6263	2
6264	2
6265	2
6266	3
6267	3
6268	3
6269	2
6270	2
6271	1
6272	3
6273	2
6274	3
6275	3
6276	0
6277	0
6278	2
6279	3
6280	2
6281	2
6282	3
6283	0
6284	2
6285	2
6286	0
6287	2
6288	3
6289	2
6290	2
6291	2
6292	2
6293	2
6294	3
6295	2
6296	2
6297	3
6298	2
6299	0
6300	2
6301	2
6302	2
6303	2
6304	3
6305	2
6306	2
6307	0
6308	2
6309	2
6310	3
6311	3
6312	2
6313	2
6314	2
6315	0
6316	3
6317	0
6318	3
6319	2
6320	2
6321	2
6322	2
6323	2
6324	3
6325	2
6326	2
6327	3
6328	3
6329	0
6330	0
6331	3
6332	2
6333	2
6334	2
6335	2
6336	2
6337	0
6338	0
6339	0
6340	0
6341	0
6342	2
6343	3
6344	2
6345	3
6346	2
6347	3
6348	3
6349	2
6350	2
6351	2
6352	3
6353	2
6354	2
6355	2
6356	3
6357	0
6358	2
6359	2
6360	2
6361	2
6362	3
6363	2
6364	0
6365	2
6366	2
6367	2
6368	2
6369	2
6370	2
6371	0
6372	2
6373	0
6374	3
6375	2
6376	2
6377	1
6378	2
6379	0
6380	3
6381	0
6382	0
6383	2
6384	2
6385	2
6386	0
6387	2
6388	3
6389	2
6390	2
6391	3
6392	3
6393	2
6394	0
6395	3
6396	2
6397	2
6398	2
6399	3
6400	2
6401	2
6402	2
6403	3
6404	2
6405	0
6406	2
6407	3
6408	2
6409	3
6410	2
6411	3
6412	3
6413	0
6414	2
6415	2
6416	3
6417	3
6418	2
6419	2
6420	2
6421	2
6422	2
6423	3
6424	2
6425	2
6426	3
6427	1
6428	3
6429	1
6430	3
6431	2
6432	2
6433	2
6434	3
6435	2
6436	2
6437	0
6438	3
6439	0
6440	2
6441	3
6442	2
6443	2
6444	2
6445	2
6446	2
6447	0
6448	0
6449	2
6450	0
6451	2
6452	2
6453	2
6454	0
6455	0
6456	2
6457	0
6458	2
6459	3
6460	1
6461	2
6462	3
6463	1
6464	2
6465	2
6466	2
6467	0
6468	2
6469	0
6470	2
6471	3
6472	2
6473	2
6474	2
6475	1
6476	3
6477	2
6478	2
6479	2
6480	3
6481	3
6482	2
6483	2
6484	2
6485	3
6486	2
6487	2
6488	2
6489	0
6490	3
6491	3
6492	2
6493	0
6494	3
6495	2
6496	2
6497	2
6498	2
6499	2
6500	2
6501	2
6502	1
6503	3
6504	2
6505	2
6506	2
6507	3
6508	2
6509	2
6510	2
6511	1
6512	0
6513	2
6514	2
6515	2
6516	1
6517	2
6518	0
6519	0
6520	0
6521	2
6522	3
6523	0
6524	1
6525	2
6526	0
6527	2
6528	2
6529	2
6530	2
6531	2
6532	1
6533	0
6534	2
6535	3
6536	0
6537	2
6538	2
6539	2
6540	3
6541	2
6542	2
6543	0
6544	3
6545	2
6546	2
6547	2
6548	2
6549	0
6550	3
6551	2
6552	3
6553	3
6554	2
6555	0
6556	3
6557	2
6558	2
6559	2
6560	2
6561	2
6562	2
6563	2
6564	3
6565	2
6566	0
6567	3
6568	2
6569	2
6570	2
6571	2
6572	3
6573	3
6574	0
6575	0
6576	0
6577	2
6578	1
6579	2
6580	2
6581	1
6582	0
6583	3
6584	2
6585	0
6586	2
6587	3
6588	0
6589	3
6590	2
6591	2
6592	3
6593	2
6594	2
6595	2
6596	0
6597	0
6598	2
6599	2
6600	2
6601	3
6602	2
6603	2
6604	3
6605	0
6606	2
6607	0
6608	3
6609	2
6610	2
6611	2
6612	2
6613	0
6614	2
6615	3
6616	2
6617	2
6618	3
6619	2
6620	2
6621	2
6622	2
6623	0
6624	2
6625	2
6626	3
6627	2
6628	2
6629	2
6630	3
6631	2
6632	1
6633	2
6634	2
6635	0
6636	2
6637	0
6638	2
6639	2
6640	0
6641	2
6642	0
6643	2
6644	2
6645	2
6646	2
6647	3
6648	2
6649	2
6650	0
6651	2
6652	0
6653	2
6654	3
6655	2
6656	3
6657	1
6658	0
6659	2
6660	0
6661	2
6662	3
6663	0
6664	2
6665	3
6666	2
6667	2
6668	2
6669	2
6670	0
6671	2
6672	3
6673	2
6674	2
6675	2
6676	2
6677	3
6678	0
6679	2
6680	0
6681	3
6682	2
6683	0
6684	0
6685	3
6686	2
6687	2
6688	3
6689	2
6690	1
6691	0
6692	2
6693	0
6694	0
6695	3
6696	2
6697	2
6698	2
6699	3
6700	2
6701	2
6702	2
6703	3
6704	1
6705	2
6706	3
6707	3
6708	2
6709	3
6710	2
6711	0
6712	3
6713	0
6714	3
6715	2
6716	3
6717	1
6718	1
6719	2
6720	3
6721	0
6722	3
6723	3
6724	0
6725	3
6726	2
6727	2
6728	2
6729	3
6730	2
6731	2
6732	3
6733	2
6734	2
6735	2
6736	3
6737	2
6738	2
6739	2
6740	2
6741	2
6742	1
6743	2
6744	2
6745	3
6746	3
6747	1
6748	2
6749	2
6750	2
6751	2
6752	2
6753	2
6754	2
6755	2
6756	3
6757	2
6758	0
6759	2
6760	2
6761	0
6762	2
6763	2
6764	2
6765	2
6766	2
6767	3
6768	2
6769	0
6770	2
6771	3
6772	0
6773	3
6774	2
6775	2
6776	3
6777	0
6778	0
6779	2
6780	3
6781	2
6782	0
6783	3
6784	0
6785	0
6786	2
6787	2
6788	2
6789	3
6790	2
6791	2
6792	1
6793	2
6794	2
6795	3
6796	1
6797	3
6798	2
6799	2
6800	3
6801	2
6802	2
6803	2
6804	2
6805	2
6806	2
6807	3
6808	2
6809	2
6810	3
6811	3
6812	3
6813	3
6814	1
6815	2
6816	0
6817	2
6818	0
6819	2
6820	2
6821	2
6822	3
6823	3
6824	2
6825	2
6826	2
6827	2
6828	2
6829	1
6830	2
6831	3
6832	2
6833	2
6834	2
6835	2
6836	2
6837	3
6838	2
6839	0
6840	0
6841	2
6842	3
6843	3
6844	3
6845	3
6846	2
6847	3
6848	2
6849	0
6850	3
6851	3
6852	1
6853	2
6854	3
6855	3
6856	1
6857	2
6858	2
6859	0
6860	3
6861	2
6862	0
6863	0
6864	3
6865	2
6866	2
6867	0
6868	0
6869	2
6870	1
6871	3
6872	2
6873	3
6874	3
6875	3
6876	0
6877	2
6878	2
6879	2
6880	0
6881	2
6882	1
6883	2
6884	3
6885	0
6886	3
6887	2
6888	2
6889	2
6890	2
6891	3
6892	3
6893	2
6894	2
6895	0
6896	3
6897	3
6898	2
6899	2
6900	3
6901	1
6902	2
6903	0
6904	2
6905	2
6906	3
6907	3
6908	0
6909	3
6910	2
6911	3
6912	2
6913	2
6914	2
6915	3
6916	0
6917	2
6918	2
6919	0
6920	3
6921	3
6922	2
6923	0
6924	3
6925	2
6926	2
6927	2
6928	2
6929	2
6930	2
6931	2
6932	2
6933	2
6934	1
6935	2
6936	2
6937	1
6938	2
6939	2
6940	3
6941	1
6942	2
6943	2
6944	2
6945	1
6946	3
6947	0
6948	2
6949	2
6950	3
6951	2
6952	2
6953	3
6954	2
6955	3
6956	2
6957	1
6958	1
6959	0
6960	3
6961	2
6962	1
6963	2
6964	2
6965	3
6966	2
6967	2
6968	2
6969	2
6970	2
6971	2
6972	0
6973	3
6974	3
6975	2
6976	2
6977	2
6978	2
6979	0
6980	2
6981	2
6982	2
6983	3
6984	2
6985	2
6986	2
6987	2
6988	3
6989	3
6990	2
6991	0
6992	2
6993	2
6994	2
6995	0
6996	2
6997	2
6998	2
6999	3
7000	3
7001	2
7002	2
7003	0
7004	2
7005	3
7006	2
7007	0
7008	2
7009	2
7010	0
7011	1
7012	3
7013	0
7014	2
7015	3
7016	3
7017	2
7018	2
7019	2
7020	0
7021	2
7022	3
7023	3
7024	2
7025	2
7026	1
7027	2
7028	2
7029	0
7030	2
7031	2
7032	3
7033	3
7034	3
7035	2
7036	3
7037	2
7038	2
7039	2
7040	2
7041	3
7042	3
7043	2
7044	0
7045	2
7046	2
7047	3
7048	3
7049	2
7050	2
7051	2
7052	0
7053	0
7054	2
7055	2
7056	3
7057	2
7058	2
7059	2
7060	0
7061	1
7062	2
7063	2
7064	2
7065	0
7066	2
7067	0
7068	3
7069	2
7070	2
7071	2
7072	2
7073	2
7074	2
7075	2
7076	2
7077	2
7078	0
7079	3
7080	2
7081	2
7082	3
7083	2
7084	3
7085	2
7086	0
7087	3
7088	0
7089	2
7090	1
7091	2
7092	3
7093	2
7094	2
7095	3
7096	3
7097	0
7098	2
7099	2
7100	2
7101	2
7102	2
7103	2
7104	2
7105	3
7106	3
7107	2
7108	0
7109	2
7110	2
7111	2
7112	3
7113	0
7114	2
7115	2
7116	0
7117	1
7118	0
7119	2
7120	3
7121	2
7122	0
7123	2
7124	2
7125	0
7126	2
7127	2
7128	2
7129	2
7130	3
7131	2
7132	1
7133	3
7134	0
7135	3
7136	0
7137	3
7138	0
7139	2
7140	3
7141	2
7142	3
7143	0
7144	2
7145	2
7146	3
7147	2
7148	2
7149	2
7150	0
7151	3
7152	2
7153	2
7154	1
7155	2
7156	2
7157	1
7158	3
7159	2
7160	3
7161	0
7162	3
7163	3
7164	0
7165	0
7166	3
7167	2
7168	3
7169	2
7170	3
7171	2
7172	2
7173	2
7174	2
7175	3
7176	0
7177	0
7178	2
7179	2
7180	2
7181	2
7182	3
7183	2
7184	3
7185	3
7186	0
7187	3
7188	2
7189	2
7190	2
7191	2
7192	2
7193	2
7194	3
7195	3
7196	3
7197	3
7198	2
7199	2
7200	2
7201	3
7202	0
7203	1
7204	2
7205	2
7206	3
7207	2
7208	2
7209	2
7210	2
7211	2
7212	0
7213	0
7214	0
7215	3
7216	2
7217	2
7218	2
7219	2
7220	2
7221	1
7222	0
7223	3
7224	3
7225	2
7226	1
7227	1
7228	2
7229	3
7230	3
7231	2
7232	2
7233	3
7234	3
7235	2
7236	1
7237	0
7238	3
7239	3
7240	1
7241	0
7242	3
7243	0
7244	2
7245	3
7246	3
7247	2
7248	3
7249	3
7250	2
7251	2
7252	2
7253	0
7254	2
7255	3
7256	2
7257	2
7258	3
7259	0
7260	3
7261	3
7262	2
7263	3
7264	2
7265	2
7266	3
7267	0
7268	2
7269	3
7270	3
7271	2
7272	2
7273	2
7274	2
7275	1
7276	0
7277	2
7278	3
7279	3
7280	2
7281	3
7282	2
7283	2
7284	3
7285	1
7286	1
7287	3
7288	2
7289	0
7290	3
7291	2
7292	3
7293	3
7294	2
7295	2
7296	2
7297	3
7298	3
7299	0
7300	3
7301	0
7302	2
7303	2
7304	3
7305	0
7306	3
7307	3
7308	2
7309	0
7310	2
7311	2
7312	2
7313	3
7314	2
7315	0
7316	3
7317	2
7318	3
7319	2
7320	3
7321	2
7322	1
7323	3
7324	3
7325	3
7326	2
7327	2
7328	3
7329	0
7330	3
7331	2
7332	2
7333	2
7334	2
7335	0
7336	3
7337	2
7338	2
7339	3
7340	2
7341	0
7342	2
7343	3
7344	2
7345	2
7346	3
7347	2
7348	2
7349	0
7350	1
7351	3
7352	2
7353	3
7354	2
7355	2
7356	2
7357	2
7358	2
7359	2
7360	2
7361	3
7362	3
7363	2
7364	3
7365	2
7366	2
7367	2
7368	2
7369	2
7370	3
7371	2
7372	1
7373	3
7374	2
7375	0
7376	2
7377	2
7378	2
7379	0
7380	2
7381	2
7382	2
7383	2
7384	2
7385	2
7386	3
7387	2
7388	0
7389	3
7390	2
7391	3
7392	2
7393	2
7394	3
7395	2
7396	3
7397	3
7398	2
7399	0
7400	3
7401	1
7402	2
7403	3
7404	2
7405	2
7406	0
7407	3
7408	2
7409	2
7410	2
7411	3
7412	1
7413	1
7414	2
7415	2
7416	2
7417	3
7418	3
7419	2
7420	2
7421	2
7422	3
7423	3
7424	3
7425	2
7426	3
7427	2
7428	0
7429	2
7430	2
7431	3
7432	3
7433	3
7434	3
7435	0
7436	3
7437	2
7438	2
7439	2
7440	1
7441	2
7442	2
7443	1
7444	2
7445	2
7446	2
7447	2
7448	2
7449	2
7450	3
7451	0
7452	2
7453	3
7454	2
7455	2
7456	1
7457	2
7458	2
7459	2
7460	3
7461	0
7462	0
7463	3
7464	2
7465	2
7466	2
7467	2
7468	0
7469	2
7470	2
7471	3
7472	2
7473	2
7474	0
7475	0
7476	3
7477	2
7478	1
7479	3
7480	2
7481	2
7482	2
7483	2
7484	2
7485	2
7486	2
7487	0
7488	2
7489	2
7490	3
7491	2
7492	2
7493	3
7494	2
7495	0
7496	0
7497	3
7498	2
7499	0
7500	1
7501	2
7502	2
7503	3
7504	3
7505	3
7506	2
7507	2
7508	2
7509	2
7510	2
7511	2
7512	3
7513	3
7514	3
7515	2
7516	2
7517	2
7518	1
7519	2
7520	0
7521	2
7522	3
7523	2
7524	2
7525	2
7526	1
7527	2
7528	2
7529	2
7530	2
7531	2
7532	0
7533	2
7534	3
7535	3
7536	2
7537	2
7538	0
7539	2
7540	3
7541	2
7542	3
7543	2
7544	2
7545	2
7546	3
7547	2
7548	2
7549	2
7550	2
7551	2
7552	3
7553	2
7554	3
7555	3
7556	0
7557	2
7558	0
7559	1
7560	3
7561	2
7562	2
7563	2
7564	2
7565	2
7566	2
7567	3
7568	2
7569	2
7570	2
7571	0
7572	2
7573	2
7574	2
7575	3
7576	2
7577	2
7578	3
7579	3
7580	2
7581	3
7582	2
7583	2
7584	3
7585	2
7586	2
7587	2
7588	2
7589	0
7590	0
7591	2
7592	2
7593	2
7594	2
7595	1
7596	2
7597	2
7598	2
7599	3
7600	2
7601	2
7602	2
7603	2
7604	2
7605	0
7606	0
7607	0
7608	2
7609	2
7610	2
7611	2
7612	2
7613	2
7614	2
7615	2
7616	3
7617	3
7618	2
7619	2
7620	2
7621	2
7622	2
7623	0
7624	2
7625	2
7626	2
7627	0
7628	3
7629	2
7630	1
7631	2
7632	3
7633	2
7634	1
7635	0
7636	2
7637	2
7638	2
7639	0
7640	2
7641	2
7642	2
7643	2
7644	2
7645	2
7646	2
7647	3
7648	2
7649	3
7650	3
7651	2
7652	2
7653	2
7654	0
7655	2
7656	2
7657	3
7658	2
7659	3
7660	3
7661	0
7662	3
7663	3
7664	2
7665	2
7666	0
7667	0
7668	2
7669	2
7670	0
7671	3
7672	2
7673	2
7674	2
7675	2
7676	3
7677	2
7678	3
7679	2
7680	3
7681	2
7682	3
7683	3
7684	0
7685	0
7686	2
7687	2
7688	2
7689	0
7690	2
7691	0
7692	3
7693	0
7694	2
7695	2
7696	3
7697	2
7698	2
7699	2
7700	2
7701	2
7702	3
7703	0
7704	2
7705	0
7706	3
7707	3
7708	2
7709	2
7710	2
7711	2
7712	2
7713	3
7714	3
7715	0
7716	2
7717	2
7718	3
7719	3
7720	3
7721	2
7722	2
7723	3
7724	3
7725	2
7726	2
7727	3
7728	2
7729	2
7730	0
7731	2
7732	2
7733	2
7734	2
7735	3
7736	2
7737	0
7738	0
7739	2
7740	2
7741	2
7742	2
7743	2
7744	2
7745	3
7746	3
7747	3
7748	0
7749	1
7750	2
7751	1
7752	2
7753	1
7754	2
7755	2
7756	3
7757	2
7758	2
7759	2
7760	3
7761	2
7762	2
7763	1
7764	2
7765	2
7766	2
7767	3
7768	2
7769	2
7770	3
7771	0
7772	2
7773	3
7774	2
7775	2
7776	0
7777	3
7778	3
7779	1
7780	1
7781	2
7782	3
7783	3
7784	2
7785	2
7786	2
7787	2
7788	3
7789	2
7790	2
7791	3
7792	3
7793	2
7794	0
7795	2
7796	2
7797	2
7798	2
7799	3
7800	2
7801	2
7802	3
7803	2
7804	2
7805	2
7806	0
7807	3
7808	2
7809	3
7810	2
7811	2
7812	1
7813	2
7814	2
7815	2
7816	0
7817	1
7818	2
7819	3
7820	1
7821	2
7822	2
7823	2
7824	3
7825	2
7826	2
7827	2
7828	2
7829	2
7830	2
7831	2
7832	2
7833	2
7834	3
7835	0
7836	0
7837	3
7838	2
7839	2
7840	3
7841	3
7842	3
7843	3
7844	3
7845	2
7846	3
7847	3
7848	3
7849	2
7850	2
7851	0
7852	3
7853	2
7854	2
7855	3
7856	1
7857	2
7858	2
7859	2
7860	2
7861	2
7862	2
7863	0
7864	3
7865	2
7866	2
7867	2
7868	3
7869	2
7870	2
7871	0
7872	2
7873	3
7874	3
7875	2
7876	2
7877	3
7878	2
7879	2
7880	3
7881	1
7882	2
7883	0
7884	3
7885	2
7886	0
7887	0
7888	2
7889	2
7890	2
7891	0
7892	2
7893	2
7894	3
7895	3
7896	0
7897	3
7898	3
7899	0
7900	2
7901	2
7902	2
7903	2
7904	3
7905	2
7906	3
7907	3
7908	2
7909	2
7910	3
7911	3
7912	2
7913	3
7914	2
7915	3
7916	2
7917	2
7918	2
7919	3
7920	2
7921	3
7922	0
7923	2
7924	3
7925	3
7926	2
7927	3
7928	2
7929	2
7930	3
7931	3
7932	3
7933	2
7934	3
7935	3
7936	2
7937	3
7938	2
7939	2
7940	0
7941	3
7942	2
7943	2
7944	3
7945	0
7946	2
7947	2
7948	2
7949	2
7950	2
7951	2
7952	2
7953	2
7954	2
7955	2
7956	2
7957	2
7958	2
7959	2
7960	2
7961	2
7962	2
7963	0
7964	0
7965	3
7966	2
7967	0
7968	3
7969	2
7970	2
7971	2
7972	2
7973	0
7974	3
7975	2
7976	2
7977	3
7978	2
7979	0
7980	2
7981	2
7982	2
7983	3
7984	1
7985	2
7986	0
7987	2
7988	3
7989	2
7990	2
7991	3
7992	0
7993	2
7994	3
7995	2
7996	3
7997	2
7998	3
7999	2
8000	2
8001	0
8002	3
8003	2
8004	0
8005	3
8006	1
8007	2
8008	2
8009	3
8010	2
8011	3
8012	0
8013	2
8014	2
8015	2
8016	3
8017	2
8018	2
8019	0
8020	3
8021	1
8022	3
8023	2
8024	2
8025	0
8026	3
8027	0
8028	2
8029	3
8030	2
8031	2
8032	0
8033	2
8034	3
8035	3
8036	2
8037	2
8038	1
8039	2
8040	2
8041	2
8042	2
8043	2
8044	3
8045	2
8046	3
8047	3
8048	2
8049	2
8050	1
8051	2
8052	2
8053	0
8054	0
8055	3
8056	2
8057	0
8058	3
8059	2
8060	0
8061	2
8062	2
8063	2
8064	2
8065	3
8066	2
8067	2
8068	3
8069	3
8070	2
8071	2
8072	3
8073	1
8074	0
8075	0
8076	3
8077	2
8078	2
8079	2
8080	3
8081	2
8082	2
8083	2
8084	2
8085	2
8086	3
8087	3
8088	2
8089	2
8090	3
8091	2
8092	1
8093	3
8094	0
8095	2
8096	3
8097	2
8098	3
8099	2
8100	2
8101	2
8102	3
8103	1
8104	2
8105	2
8106	1
8107	2
8108	2
8109	0
8110	2
8111	3
8112	2
8113	2
8114	1
8115	2
8116	2
8117	3
8118	2
8119	2
8120	2
8121	2
8122	3
8123	2
8124	2
8125	2
8126	2
8127	2
8128	2
8129	1
8130	3
8131	3
8132	0
8133	2
8134	2
8135	3
8136	3
8137	3
8138	2
8139	0
8140	3
8141	2
8142	2
8143	2
8144	3
8145	2
8146	2
8147	2
8148	0
8149	2
8150	2
8151	2
8152	2
8153	2
8154	3
8155	0
8156	3
8157	3
8158	2
8159	2
8160	3
8161	2
8162	2
8163	0
8164	3
8165	2
8166	3
8167	2
8168	2
8169	3
8170	2
8171	2
8172	3
8173	1
8174	3
8175	3
8176	2
8177	2
8178	0
8179	2
8180	2
8181	2
8182	3
8183	3
8184	3
8185	0
8186	2
8187	2
8188	3
8189	2
8190	1
8191	2
