COMMAND
./sim gshare 13 5 ./proj2-traces/perl_trace.txt
OUTPUT
number of predictions:2000000
number of mispredictions:131336
misprediction rate:   6.57%
FINAL GSHARE CONTENTS
0	2
1	3
2	3
3	2
4	2
5	2
6	2
7	3
8	2
9	3
10	0
11	2
12	2
13	2
14	2
15	2
16	2
17	2
18	1
19	0
20	3
21	2
22	2
23	2
24	2
25	2
26	3
27	2
28	0
29	2
30	2
31	3
32	3
33	0
34	0
35	2
36	2
37	2
38	2
39	0
40	2
41	3
42	2
43	1
44	2
45	3
46	3
47	2
48	3
49	3
50	3
51	2
52	2
53	2
54	0
55	2
56	2
57	1
58	2
59	2
60	0
61	2
62	2
63	0
64	1
65	1
66	2
67	2
68	2
69	3
70	2
71	3
72	0
73	2
74	3
75	2
76	2
77	2
78	2
79	1
80	3
81	2
82	2
83	2
84	2
85	2
86	2
87	2
88	2
89	3
90	0
91	1
92	2
93	3
94	1
95	2
96	2
97	3
98	1
99	3
100	0
101	0
102	2
103	2
104	3
105	0
106	3
107	2
108	2
109	2
110	2
111	3
112	0
113	2
114	1
115	3
116	2
117	0
118	3
119	1
120	2
121	2
122	2
123	2
124	2
125	3
126	2
127	2
128	3
129	2
130	2
131	2
132	3
133	3
134	0
135	0
136	2
137	1
138	3
139	2
140	1
141	1
142	0
143	2
144	2
145	0
146	2
147	2
148	2
149	2
150	2
151	3
152	2
153	1
154	2
155	2
156	0
157	2
158	0
159	2
160	1
161	0
162	2
163	2
164	1
165	0
166	1
167	2
168	2
169	2
170	0
171	2
172	2
173	2
174	1
175	2
176	2
177	2
178	2
179	0
180	2
181	0
182	3
183	2
184	2
185	2
186	0
187	3
188	2
189	3
190	2
191	2
192	2
193	2
194	2
195	2
196	3
197	3
198	2
199	2
200	2
201	2
202	2
203	2
204	2
205	3
206	3
207	2
208	2
209	3
210	3
211	2
212	2
213	0
214	2
215	2
216	0
217	2
218	2
219	1
220	2
221	2
222	2
223	2
224	3
225	3
226	0
227	2
228	2
229	2
230	2
231	1
232	2
233	1
234	2
235	2
236	0
237	0
238	3
239	3
240	0
241	2
242	2
243	0
244	2
245	2
246	2
247	2
248	2
249	2
250	2
251	3
252	1
253	1
254	2
255	2
256	2
257	3
258	2
259	2
260	2
261	2
262	2
263	3
264	2
265	2
266	3
267	2
268	2
269	3
270	2
271	2
272	2
273	1
274	2
275	0
276	3
277	2
278	2
279	2
280	1
281	2
282	2
283	2
284	1
285	2
286	3
287	3
288	3
289	1
290	0
291	3
292	2
293	2
294	0
295	1
296	2
297	2
298	3
299	2
300	2
301	2
302	3
303	0
304	0
305	2
306	3
307	1
308	2
309	2
310	2
311	0
312	2
313	1
314	2
315	0
316	3
317	2
318	2
319	1
320	1
321	1
322	2
323	1
324	2
325	3
326	1
327	0
328	1
329	2
330	2
331	2
332	2
333	2
334	2
335	3
336	3
337	2
338	2
339	2
340	2
341	2
342	2
343	1
344	2
345	3
346	1
347	1
348	2
349	3
350	0
351	2
352	2
353	3
354	3
355	3
356	2
357	0
358	2
359	2
360	3
361	0
362	2
363	2
364	2
365	2
366	2
367	3
368	2
369	0
370	1
371	0
372	2
373	1
374	3
375	1
376	3
377	2
378	2
379	2
380	3
381	2
382	0
383	3
384	3
385	2
386	2
387	2
388	2
389	3
390	2
391	1
392	2
393	2
394	3
395	2
396	2
397	2
398	3
399	3
400	2
401	2
402	1
403	2
404	2
405	2
406	2
407	2
408	2
409	2
410	2
411	2
412	2
413	1
414	2
415	1
416	0
417	3
418	3
419	0
420	2
421	2
422	3
423	0
424	2
425	0
426	3
427	2
428	0
429	3
430	2
431	2
432	2
433	2
434	2
435	2
436	1
437	2
438	1
439	3
440	3
441	2
442	3
443	2
444	2
445	2
446	2
447	2
448	2
449	2
450	2
451	2
452	1
453	0
454	0
455	2
456	1
457	2
458	2
459	0
460	2
461	3
462	3
463	2
464	3
465	3
466	3
467	2
468	2
469	1
470	2
471	3
472	2
473	2
474	1
475	1
476	2
477	3
478	1
479	1
480	3
481	3
482	2
483	3
484	2
485	3
486	0
487	2
488	2
489	2
490	3
491	0
492	2
493	2
494	2
495	2
496	2
497	2
498	3
499	0
500	2
501	2
502	2
503	0
504	2
505	2
506	2
507	3
508	3
509	3
510	3
511	3
512	2
513	3
514	1
515	2
516	2
517	3
518	2
519	2
520	2
521	3
522	0
523	2
524	2
525	3
526	2
527	2
528	2
529	2
530	3
531	1
532	3
533	1
534	2
535	2
536	2
537	0
538	2
539	2
540	3
541	2
542	2
543	3
544	2
545	2
546	2
547	3
548	3
549	1
550	3
551	3
552	2
553	2
554	3
555	1
556	2
557	2
558	2
559	2
560	2
561	2
562	3
563	2
564	2
565	3
566	2
567	0
568	2
569	0
570	2
571	2
572	3
573	2
574	2
575	0
576	1
577	0
578	2
579	0
580	2
581	2
582	2
583	0
584	2
585	2
586	2
587	2
588	3
589	3
590	2
591	2
592	2
593	2
594	1
595	2
596	2
597	2
598	1
599	2
600	2
601	2
602	2
603	3
604	3
605	2
606	0
607	3
608	1
609	2
610	3
611	0
612	0
613	3
614	2
615	2
616	0
617	2
618	3
619	2
620	3
621	2
622	2
623	2
624	2
625	2
626	1
627	2
628	2
629	0
630	2
631	0
632	0
633	2
634	2
635	2
636	2
637	3
638	2
639	2
640	3
641	2
642	2
643	2
644	2
645	3
646	1
647	0
648	2
649	3
650	3
651	3
652	2
653	2
654	1
655	3
656	2
657	2
658	2
659	3
660	2
661	2
662	3
663	1
664	2
665	2
666	2
667	2
668	0
669	2
670	2
671	2
672	2
673	0
674	2
675	2
676	2
677	1
678	2
679	2
680	2
681	2
682	3
683	2
684	2
685	0
686	2
687	2
688	2
689	2
690	0
691	0
692	2
693	2
694	2
695	2
696	2
697	2
698	0
699	3
700	2
701	3
702	3
703	2
704	1
705	2
706	2
707	2
708	2
709	2
710	3
711	3
712	1
713	2
714	2
715	3
716	3
717	2
718	3
719	2
720	2
721	2
722	3
723	0
724	2
725	2
726	2
727	1
728	2
729	2
730	2
731	2
732	2
733	3
734	3
735	2
736	2
737	2
738	2
739	2
740	2
741	3
742	2
743	2
744	0
745	0
746	3
747	0
748	0
749	3
750	3
751	2
752	3
753	0
754	2
755	2
756	2
757	0
758	2
759	2
760	2
761	2
762	2
763	3
764	3
765	2
766	2
767	2
768	2
769	2
770	3
771	2
772	2
773	1
774	2
775	2
776	2
777	2
778	3
779	2
780	2
781	3
782	3
783	2
784	2
785	2
786	2
787	0
788	2
789	2
790	3
791	0
792	2
793	2
794	2
795	2
796	1
797	3
798	2
799	3
800	3
801	3
802	2
803	3
804	2
805	3
806	2
807	0
808	2
809	2
810	3
811	2
812	1
813	2
814	3
815	0
816	3
817	3
818	3
819	2
820	2
821	2
822	2
823	2
824	2
825	2
826	2
827	2
828	0
829	2
830	3
831	0
832	0
833	0
834	2
835	0
836	2
837	2
838	2
839	0
840	2
841	2
842	2
843	2
844	3
845	2
846	2
847	3
848	2
849	0
850	2
851	2
852	1
853	2
854	3
855	0
856	3
857	3
858	2
859	2
860	2
861	2
862	2
863	3
864	2
865	3
866	2
867	2
868	2
869	2
870	2
871	2
872	2
873	2
874	3
875	2
876	2
877	0
878	3
879	2
880	2
881	3
882	2
883	3
884	2
885	2
886	0
887	1
888	2
889	2
890	2
891	2
892	3
893	0
894	2
895	2
896	3
897	2
898	2
899	2
900	2
901	2
902	2
903	3
904	2
905	3
906	3
907	2
908	2
909	2
910	3
911	2
912	0
913	2
914	2
915	2
916	2
917	0
918	3
919	3
920	2
921	2
922	2
923	0
924	2
925	3
926	3
927	2
928	2
929	2
930	2
931	2
932	2
933	2
934	3
935	2
936	2
937	2
938	2
939	3
940	2
941	2
942	2
943	2
944	3
945	2
946	2
947	0
948	2
949	2
950	0
951	2
952	2
953	2
954	2
955	3
956	2
957	2
958	2
959	2
960	2
961	2
962	2
963	2
964	1
965	1
966	2
967	0
968	3
969	3
970	2
971	1
972	3
973	2
974	3
975	2
976	0
977	2
978	0
979	3
980	2
981	0
982	2
983	0
984	2
985	1
986	0
987	2
988	2
989	3
990	3
991	0
992	1
993	3
994	2
995	2
996	2
997	3
998	2
999	3
1000	3
1001	2
1002	2
1003	3
1004	2
1005	3
1006	2
1007	2
1008	2
1009	2
1010	2
1011	3
1012	2
1013	2
1014	2
1015	2
1016	2
1017	2
1018	2
1019	2
1020	2
1021	1
1022	2
1023	2
1024	2
1025	2
1026	2
1027	3
1028	2
1029	2
1030	2
1031	1
1032	2
1033	2
1034	3
1035	2
1036	2
1037	2
1038	2
1039	2
1040	2
1041	2
1042	2
1043	2
1044	2
1045	3
1046	3
1047	2
1048	2
1049	2
1050	3
1051	3
1052	1
1053	2
1054	1
1055	2
1056	2
1057	2
1058	3
1059	3
1060	2
1061	0
1062	3
1063	3
1064	2
1065	2
1066	2
1067	3
1068	1
1069	2
1070	2
1071	0
1072	3
1073	2
1074	2
1075	0
1076	2
1077	0
1078	2
1079	3
1080	2
1081	2
1082	2
1083	0
1084	1
1085	2
1086	3
1087	2
1088	0
1089	0
1090	2
1091	1
1092	2
1093	2
1094	2
1095	0
1096	2
1097	2
1098	3
1099	1
1100	3
1101	2
1102	2
1103	2
1104	2
1105	2
1106	2
1107	2
1108	3
1109	3
1110	2
1111	2
1112	0
1113	2
1114	2
1115	2
1116	2
1117	3
1118	0
1119	3
1120	2
1121	2
1122	3
1123	3
1124	1
1125	2
1126	2
1127	2
1128	2
1129	2
1130	3
1131	3
1132	2
1133	2
1134	2
1135	3
1136	2
1137	2
1138	2
1139	3
1140	2
1141	1
1142	2
1143	0
1144	3
1145	2
1146	3
1147	2
1148	3
1149	2
1150	3
1151	3
1152	3
1153	2
1154	2
1155	2
1156	3
1157	3
1158	0
1159	2
1160	2
1161	3
1162	3
1163	3
1164	2
1165	2
1166	2
1167	2
1168	0
1169	3
1170	2
1171	2
1172	3
1173	2
1174	1
1175	2
1176	2
1177	0
1178	2
1179	0
1180	2
1181	2
1182	1
1183	2
1184	0
1185	2
1186	2
1187	3
1188	2
1189	2
1190	2
1191	2
1192	2
1193	2
1194	1
1195	2
1196	2
1197	2
1198	3
1199	3
1200	2
1201	3
1202	0
1203	2
1204	2
1205	2
1206	0
1207	3
1208	2
1209	3
1210	2
1211	3
1212	1
1213	3
1214	2
1215	2
1216	1
1217	2
1218	2
1219	2
1220	0
1221	2
1222	2
1223	2
1224	2
1225	2
1226	2
1227	2
1228	2
1229	2
1230	3
1231	2
1232	2
1233	2
1234	3
1235	2
1236	2
1237	2
1238	3
1239	2
1240	2
1241	2
1242	2
1243	2
1244	3
1245	0
1246	2
1247	3
1248	0
1249	3
1250	2
1251	2
1252	2
1253	2
1254	3
1255	2
1256	2
1257	2
1258	2
1259	1
1260	2
1261	2
1262	3
1263	0
1264	2
1265	3
1266	2
1267	3
1268	2
1269	2
1270	2
1271	2
1272	3
1273	0
1274	3
1275	3
1276	0
1277	2
1278	2
1279	3
1280	2
1281	0
1282	1
1283	3
1284	2
1285	2
1286	2
1287	1
1288	3
1289	3
1290	3
1291	2
1292	2
1293	0
1294	3
1295	0
1296	2
1297	3
1298	2
1299	2
1300	2
1301	2
1302	3
1303	2
1304	0
1305	0
1306	3
1307	2
1308	2
1309	2
1310	1
1311	2
1312	2
1313	2
1314	0
1315	3
1316	2
1317	1
1318	3
1319	3
1320	3
1321	2
1322	2
1323	2
1324	2
1325	2
1326	2
1327	2
1328	0
1329	2
1330	2
1331	2
1332	3
1333	1
1334	2
1335	2
1336	2
1337	2
1338	3
1339	1
1340	3
1341	2
1342	3
1343	2
1344	0
1345	2
1346	2
1347	2
1348	2
1349	3
1350	2
1351	0
1352	3
1353	3
1354	2
1355	2
1356	3
1357	3
1358	2
1359	0
1360	2
1361	2
1362	2
1363	2
1364	3
1365	2
1366	2
1367	3
1368	2
1369	1
1370	3
1371	2
1372	2
1373	2
1374	0
1375	1
1376	0
1377	2
1378	2
1379	3
1380	0
1381	3
1382	0
1383	2
1384	3
1385	2
1386	3
1387	2
1388	2
1389	2
1390	2
1391	3
1392	3
1393	1
1394	3
1395	2
1396	2
1397	2
1398	3
1399	2
1400	2
1401	2
1402	2
1403	2
1404	2
1405	3
1406	2
1407	3
1408	3
1409	2
1410	2
1411	2
1412	3
1413	3
1414	2
1415	0
1416	2
1417	2
1418	3
1419	2
1420	3
1421	0
1422	3
1423	1
1424	1
1425	2
1426	2
1427	2
1428	3
1429	2
1430	3
1431	3
1432	2
1433	0
1434	2
1435	2
1436	2
1437	2
1438	3
1439	2
1440	2
1441	2
1442	3
1443	3
1444	2
1445	2
1446	2
1447	2
1448	2
1449	2
1450	0
1451	3
1452	2
1453	2
1454	1
1455	2
1456	2
1457	2
1458	0
1459	2
1460	2
1461	0
1462	3
1463	1
1464	2
1465	2
1466	2
1467	3
1468	3
1469	2
1470	2
1471	2
1472	2
1473	2
1474	2
1475	2
1476	2
1477	0
1478	2
1479	2
1480	1
1481	3
1482	2
1483	0
1484	2
1485	3
1486	3
1487	2
1488	2
1489	2
1490	2
1491	3
1492	2
1493	0
1494	3
1495	0
1496	1
1497	2
1498	2
1499	2
1500	2
1501	0
1502	2
1503	1
1504	2
1505	2
1506	2
1507	2
1508	2
1509	2
1510	3
1511	3
1512	2
1513	3
1514	2
1515	2
1516	2
1517	1
1518	3
1519	2
1520	1
1521	2
1522	3
1523	2
1524	2
1525	2
1526	2
1527	2
1528	3
1529	3
1530	2
1531	2
1532	2
1533	1
1534	2
1535	1
1536	2
1537	0
1538	2
1539	0
1540	2
1541	0
1542	2
1543	2
1544	2
1545	2
1546	3
1547	2
1548	3
1549	2
1550	3
1551	2
1552	2
1553	2
1554	2
1555	0
1556	2
1557	2
1558	3
1559	2
1560	2
1561	3
1562	2
1563	2
1564	2
1565	2
1566	2
1567	2
1568	2
1569	3
1570	0
1571	3
1572	1
1573	0
1574	3
1575	3
1576	2
1577	2
1578	3
1579	2
1580	3
1581	2
1582	2
1583	2
1584	2
1585	2
1586	2
1587	0
1588	2
1589	2
1590	2
1591	0
1592	3
1593	2
1594	2
1595	3
1596	2
1597	2
1598	3
1599	1
1600	0
1601	2
1602	3
1603	2
1604	2
1605	3
1606	2
1607	3
1608	2
1609	3
1610	0
1611	2
1612	3
1613	2
1614	1
1615	3
1616	3
1617	2
1618	1
1619	3
1620	3
1621	0
1622	2
1623	2
1624	2
1625	2
1626	2
1627	2
1628	2
1629	2
1630	2
1631	0
1632	1
1633	1
1634	3
1635	2
1636	2
1637	2
1638	3
1639	3
1640	2
1641	2
1642	1
1643	2
1644	2
1645	3
1646	2
1647	0
1648	2
1649	0
1650	0
1651	3
1652	2
1653	2
1654	3
1655	1
1656	2
1657	2
1658	0
1659	2
1660	3
1661	2
1662	2
1663	1
1664	3
1665	2
1666	3
1667	2
1668	0
1669	3
1670	2
1671	0
1672	2
1673	2
1674	2
1675	0
1676	2
1677	2
1678	2
1679	3
1680	2
1681	0
1682	2
1683	2
1684	2
1685	2
1686	3
1687	1
1688	2
1689	2
1690	2
1691	2
1692	2
1693	1
1694	2
1695	2
1696	0
1697	3
1698	2
1699	2
1700	2
1701	2
1702	1
1703	3
1704	2
1705	2
1706	3
1707	2
1708	2
1709	0
1710	0
1711	0
1712	2
1713	2
1714	2
1715	2
1716	2
1717	2
1718	3
1719	3
1720	2
1721	2
1722	2
1723	3
1724	2
1725	3
1726	2
1727	0
1728	3
1729	2
1730	3
1731	2
1732	1
1733	2
1734	2
1735	1
1736	2
1737	2
1738	2
1739	2
1740	2
1741	0
1742	3
1743	2
1744	2
1745	2
1746	0
1747	2
1748	2
1749	0
1750	2
1751	3
1752	3
1753	2
1754	2
1755	2
1756	2
1757	0
1758	0
1759	2
1760	3
1761	3
1762	3
1763	1
1764	2
1765	3
1766	2
1767	2
1768	3
1769	2
1770	2
1771	3
1772	2
1773	0
1774	2
1775	1
1776	3
1777	3
1778	3
1779	2
1780	2
1781	2
1782	3
1783	1
1784	0
1785	2
1786	3
1787	2
1788	2
1789	2
1790	2
1791	2
1792	1
1793	0
1794	2
1795	1
1796	2
1797	3
1798	2
1799	0
1800	2
1801	0
1802	0
1803	2
1804	2
1805	0
1806	3
1807	2
1808	2
1809	2
1810	2
1811	3
1812	2
1813	2
1814	2
1815	2
1816	2
1817	2
1818	2
1819	2
1820	2
1821	2
1822	0
1823	2
1824	2
1825	3
1826	1
1827	1
1828	2
1829	2
1830	3
1831	2
1832	3
1833	3
1834	3
1835	3
1836	2
1837	2
1838	2
1839	2
1840	2
1841	2
1842	2
1843	0
1844	2
1845	2
1846	0
1847	0
1848	2
1849	2
1850	2
1851	3
1852	0
1853	2
1854	3
1855	0
1856	0
1857	2
1858	2
1859	1
1860	2
1861	2
1862	2
1863	3
1864	2
1865	2
1866	0
1867	2
1868	3
1869	2
1870	3
1871	2
1872	3
1873	1
1874	2
1875	2
1876	0
1877	0
1878	2
1879	3
1880	2
1881	3
1882	2
1883	2
1884	2
1885	1
1886	2
1887	3
1888	1
1889	2
1890	3
1891	3
1892	1
1893	0
1894	2
1895	2
1896	2
1897	0
1898	3
1899	0
1900	2
1901	2
1902	0
1903	2
1904	2
1905	2
1906	2
1907	3
1908	2
1909	2
1910	2
1911	0
1912	0
1913	0
1914	0
1915	1
1916	2
1917	2
1918	2
1919	2
1920	2
1921	2
1922	3
1923	1
1924	3
1925	3
1926	2
1927	0
1928	2
1929	3
1930	2
1931	0
1932	2
1933	2
1934	3
1935	2
1936	2
1937	2
1938	2
1939	2
1940	2
1941	2
1942	2
1943	0
1944	1
1945	2
1946	2
1947	0
1948	2
1949	0
1950	3
1951	2
1952	0
1953	2
1954	3
1955	2
1956	2
1957	2
1958	3
1959	3
1960	2
1961	2
1962	0
1963	2
1964	2
1965	0
1966	2
1967	2
1968	2
1969	2
1970	1
1971	2
1972	2
1973	3
1974	2
1975	2
1976	2
1977	2
1978	2
1979	1
1980	3
1981	3
1982	2
1983	0
1984	2
1985	2
1986	2
1987	2
1988	0
1989	2
1990	2
1991	1
1992	0
1993	2
1994	0
1995	0
1996	2
1997	2
1998	2
1999	2
2000	2
2001	2
2002	0
2003	2
2004	2
2005	1
2006	2
2007	0
2008	3
2009	3
2010	0
2011	2
2012	2
2013	2
2014	2
2015	2
2016	3
2017	3
2018	2
2019	2
2020	2
2021	0
2022	2
2023	3
2024	2
2025	2
2026	3
2027	0
2028	2
2029	2
2030	3
2031	2
2032	3
2033	0
2034	0
2035	2
2036	2
2037	2
2038	2
2039	2
2040	3
2041	2
2042	2
2043	2
2044	0
2045	2
2046	2
2047	1
2048	2
2049	0
2050	2
2051	2
2052	2
2053	3
2054	2
2055	2
2056	1
2057	3
2058	3
2059	2
2060	3
2061	3
2062	0
2063	1
2064	3
2065	3
2066	2
2067	3
2068	3
2069	2
2070	3
2071	2
2072	2
2073	0
2074	3
2075	2
2076	1
2077	1
2078	2
2079	2
2080	2
2081	0
2082	0
2083	3
2084	2
2085	1
2086	3
2087	2
2088	3
2089	2
2090	3
2091	2
2092	2
2093	2
2094	3
2095	2
2096	3
2097	2
2098	3
2099	3
2100	2
2101	2
2102	2
2103	2
2104	2
2105	2
2106	3
2107	3
2108	3
2109	2
2110	3
2111	3
2112	1
2113	2
2114	2
2115	0
2116	2
2117	3
2118	0
2119	2
2120	3
2121	1
2122	0
2123	3
2124	3
2125	3
2126	0
2127	2
2128	3
2129	3
2130	0
2131	2
2132	2
2133	0
2134	3
2135	0
2136	0
2137	2
2138	3
2139	2
2140	3
2141	3
2142	2
2143	2
2144	2
2145	2
2146	2
2147	2
2148	2
2149	0
2150	3
2151	2
2152	2
2153	0
2154	1
2155	2
2156	2
2157	2
2158	2
2159	0
2160	2
2161	1
2162	0
2163	2
2164	3
2165	0
2166	0
2167	1
2168	2
2169	2
2170	2
2171	2
2172	2
2173	2
2174	2
2175	2
2176	3
2177	2
2178	0
2179	0
2180	2
2181	2
2182	0
2183	0
2184	2
2185	0
2186	2
2187	2
2188	3
2189	2
2190	2
2191	3
2192	2
2193	0
2194	2
2195	2
2196	0
2197	3
2198	2
2199	2
2200	3
2201	0
2202	3
2203	2
2204	2
2205	3
2206	3
2207	3
2208	3
2209	2
2210	2
2211	2
2212	2
2213	2
2214	2
2215	2
2216	2
2217	3
2218	3
2219	2
2220	2
2221	2
2222	2
2223	2
2224	2
2225	2
2226	0
2227	0
2228	0
2229	2
2230	3
2231	3
2232	2
2233	2
2234	2
2235	2
2236	2
2237	2
2238	2
2239	2
2240	2
2241	2
2242	2
2243	2
2244	2
2245	0
2246	2
2247	2
2248	3
2249	2
2250	2
2251	2
2252	2
2253	2
2254	3
2255	2
2256	2
2257	2
2258	3
2259	2
2260	2
2261	0
2262	3
2263	2
2264	3
2265	3
2266	0
2267	2
2268	3
2269	2
2270	2
2271	2
2272	2
2273	3
2274	0
2275	2
2276	2
2277	0
2278	0
2279	2
2280	1
2281	3
2282	2
2283	3
2284	2
2285	1
2286	3
2287	2
2288	2
2289	2
2290	2
2291	0
2292	2
2293	2
2294	2
2295	2
2296	3
2297	2
2298	2
2299	0
2300	2
2301	2
2302	3
2303	2
2304	2
2305	2
2306	2
2307	3
2308	2
2309	3
2310	2
2311	2
2312	2
2313	3
2314	3
2315	2
2316	2
2317	0
2318	0
2319	2
2320	2
2321	1
2322	2
2323	1
2324	2
2325	3
2326	2
2327	2
2328	2
2329	0
2330	2
2331	1
2332	0
2333	2
2334	2
2335	2
2336	2
2337	0
2338	0
2339	3
2340	1
2341	2
2342	2
2343	3
2344	3
2345	2
2346	3
2347	2
2348	3
2349	2
2350	2
2351	2
2352	3
2353	2
2354	3
2355	2
2356	2
2357	2
2358	2
2359	0
2360	1
2361	3
2362	3
2363	3
2364	3
2365	2
2366	2
2367	2
2368	0
2369	2
2370	3
2371	2
2372	0
2373	3
2374	0
2375	2
2376	2
2377	3
2378	0
2379	2
2380	3
2381	2
2382	2
2383	2
2384	3
2385	3
2386	1
2387	2
2388	3
2389	2
2390	3
2391	0
2392	3
2393	2
2394	2
2395	0
2396	0
2397	3
2398	0
2399	3
2400	1
2401	1
2402	3
2403	2
2404	3
2405	0
2406	2
2407	2
2408	2
2409	1
2410	3
2411	2
2412	1
2413	0
2414	1
2415	2
2416	2
2417	2
2418	2
2419	0
2420	0
2421	0
2422	1
2423	0
2424	2
2425	2
2426	3
2427	1
2428	0
2429	3
2430	2
2431	2
2432	3
2433	2
2434	0
2435	2
2436	3
2437	0
2438	2
2439	2
2440	2
2441	2
2442	0
2443	3
2444	2
2445	2
2446	2
2447	3
2448	2
2449	2
2450	2
2451	2
2452	0
2453	2
2454	3
2455	3
2456	3
2457	3
2458	3
2459	2
2460	2
2461	2
2462	3
2463	3
2464	3
2465	3
2466	0
2467	2
2468	2
2469	2
2470	3
2471	1
2472	2
2473	3
2474	3
2475	2
2476	2
2477	2
2478	3
2479	2
2480	2
2481	2
2482	0
2483	0
2484	2
2485	2
2486	2
2487	2
2488	2
2489	2
2490	2
2491	2
2492	2
2493	2
2494	2
2495	2
2496	2
2497	2
2498	2
2499	1
2500	2
2501	3
2502	0
2503	2
2504	2
2505	2
2506	2
2507	2
2508	3
2509	2
2510	3
2511	2
2512	2
2513	2
2514	3
2515	0
2516	2
2517	0
2518	3
2519	2
2520	2
2521	1
2522	1
2523	1
2524	3
2525	2
2526	2
2527	3
2528	0
2529	2
2530	0
2531	2
2532	2
2533	0
2534	3
2535	2
2536	2
2537	3
2538	0
2539	3
2540	2
2541	1
2542	3
2543	2
2544	3
2545	2
2546	0
2547	2
2548	2
2549	2
2550	2
2551	2
2552	3
2553	2
2554	2
2555	2
2556	1
2557	2
2558	2
2559	3
2560	1
2561	2
2562	3
2563	2
2564	3
2565	3
2566	2
2567	2
2568	3
2569	2
2570	3
2571	2
2572	2
2573	2
2574	1
2575	2
2576	2
2577	2
2578	1
2579	0
2580	2
2581	2
2582	2
2583	2
2584	2
2585	2
2586	2
2587	2
2588	2
2589	2
2590	2
2591	2
2592	1
2593	0
2594	0
2595	3
2596	2
2597	2
2598	2
2599	2
2600	2
2601	2
2602	3
2603	2
2604	3
2605	2
2606	2
2607	0
2608	2
2609	2
2610	2
2611	2
2612	2
2613	1
2614	2
2615	0
2616	3
2617	2
2618	3
2619	2
2620	2
2621	2
2622	3
2623	3
2624	1
2625	2
2626	2
2627	2
2628	3
2629	3
2630	2
2631	2
2632	2
2633	3
2634	0
2635	0
2636	2
2637	2
2638	2
2639	2
2640	3
2641	2
2642	0
2643	1
2644	2
2645	0
2646	0
2647	2
2648	3
2649	2
2650	3
2651	1
2652	2
2653	3
2654	1
2655	3
2656	2
2657	2
2658	2
2659	2
2660	3
2661	1
2662	0
2663	2
2664	2
2665	2
2666	3
2667	3
2668	3
2669	2
2670	3
2671	1
2672	2
2673	3
2674	2
2675	3
2676	3
2677	2
2678	3
2679	0
2680	2
2681	2
2682	2
2683	2
2684	2
2685	0
2686	2
2687	2
2688	3
2689	2
2690	0
2691	3
2692	3
2693	2
2694	0
2695	3
2696	2
2697	2
2698	2
2699	2
2700	2
2701	0
2702	0
2703	3
2704	2
2705	2
2706	2
2707	3
2708	2
2709	0
2710	2
2711	3
2712	2
2713	3
2714	3
2715	0
2716	2
2717	2
2718	2
2719	2
2720	2
2721	0
2722	2
2723	2
2724	2
2725	2
2726	1
2727	1
2728	0
2729	2
2730	3
2731	2
2732	2
2733	2
2734	3
2735	2
2736	2
2737	2
2738	0
2739	0
2740	3
2741	3
2742	2
2743	3
2744	2
2745	2
2746	2
2747	2
2748	2
2749	2
2750	2
2751	2
2752	2
2753	2
2754	2
2755	2
2756	2
2757	2
2758	2
2759	3
2760	2
2761	3
2762	2
2763	2
2764	2
2765	2
2766	3
2767	0
2768	2
2769	2
2770	3
2771	2
2772	2
2773	2
2774	3
2775	2
2776	0
2777	0
2778	2
2779	2
2780	2
2781	2
2782	2
2783	3
2784	2
2785	3
2786	2
2787	0
2788	2
2789	2
2790	2
2791	3
2792	3
2793	2
2794	0
2795	2
2796	2
2797	0
2798	2
2799	3
2800	2
2801	3
2802	1
2803	3
2804	2
2805	0
2806	2
2807	2
2808	1
2809	2
2810	2
2811	2
2812	2
2813	2
2814	3
2815	2
2816	2
2817	2
2818	2
2819	2
2820	3
2821	0
2822	2
2823	2
2824	3
2825	2
2826	3
2827	2
2828	2
2829	0
2830	0
2831	2
2832	3
2833	3
2834	3
2835	0
2836	2
2837	2
2838	3
2839	2
2840	2
2841	0
2842	2
2843	0
2844	2
2845	3
2846	2
2847	2
2848	2
2849	0
2850	0
2851	3
2852	3
2853	2
2854	2
2855	3
2856	2
2857	3
2858	3
2859	2
2860	3
2861	2
2862	2
2863	2
2864	3
2865	2
2866	2
2867	3
2868	3
2869	0
2870	2
2871	0
2872	3
2873	2
2874	3
2875	2
2876	0
2877	2
2878	3
2879	3
2880	3
2881	2
2882	2
2883	2
2884	2
2885	3
2886	0
2887	3
2888	2
2889	2
2890	3
2891	2
2892	2
2893	2
2894	0
2895	2
2896	2
2897	3
2898	0
2899	1
2900	3
2901	1
2902	0
2903	3
2904	3
2905	2
2906	2
2907	0
2908	3
2909	2
2910	2
2911	3
2912	2
2913	0
2914	2
2915	3
2916	3
2917	1
2918	0
2919	1
2920	2
2921	2
2922	2
2923	1
2924	2
2925	3
2926	3
2927	2
2928	2
2929	3
2930	0
2931	2
2932	2
2933	2
2934	3
2935	2
2936	2
2937	3
2938	2
2939	0
2940	2
2941	0
2942	2
2943	2
2944	2
2945	3
2946	0
2947	2
2948	2
2949	3
2950	0
2951	3
2952	2
2953	2
2954	2
2955	3
2956	0
2957	3
2958	2
2959	2
2960	2
2961	0
2962	2
2963	2
2964	2
2965	2
2966	2
2967	2
2968	2
2969	3
2970	3
2971	0
2972	2
2973	3
2974	2
2975	2
2976	2
2977	3
2978	3
2979	2
2980	2
2981	2
2982	3
2983	0
2984	1
2985	2
2986	3
2987	2
2988	2
2989	2
2990	2
2991	2
2992	3
2993	2
2994	0
2995	0
2996	2
2997	3
2998	2
2999	2
3000	2
3001	2
3002	2
3003	2
3004	2
3005	0
3006	2
3007	1
3008	2
3009	2
3010	1
3011	1
3012	0
3013	0
3014	2
3015	2
3016	2
3017	1
3018	2
3019	2
3020	2
3021	2
3022	3
3023	2
3024	2
3025	2
3026	3
3027	2
3028	2
3029	0
3030	0
3031	2
3032	3
3033	0
3034	2
3035	2
3036	3
3037	3
3038	2
3039	3
3040	0
3041	3
3042	2
3043	2
3044	1
3045	2
3046	2
3047	2
3048	0
3049	2
3050	2
3051	0
3052	3
3053	0
3054	1
3055	3
3056	3
3057	2
3058	2
3059	3
3060	2
3061	0
3062	2
3063	2
3064	3
3065	2
3066	2
3067	2
3068	2
3069	2
3070	3
3071	2
3072	3
3073	2
3074	3
3075	2
3076	2
3077	1
3078	2
3079	2
3080	2
3081	2
3082	3
3083	2
3084	2
3085	3
3086	3
3087	2
3088	2
3089	2
3090	2
3091	2
3092	2
3093	1
3094	3
3095	3
3096	2
3097	2
3098	2
3099	2
3100	1
3101	3
3102	3
3103	3
3104	2
3105	3
3106	0
3107	3
3108	3
3109	2
3110	2
3111	2
3112	0
3113	2
3114	1
3115	2
3116	3
3117	2
3118	3
3119	0
3120	2
3121	3
3122	1
3123	2
3124	2
3125	2
3126	2
3127	1
3128	2
3129	2
3130	2
3131	2
3132	1
3133	2
3134	3
3135	0
3136	0
3137	0
3138	2
3139	2
3140	2
3141	2
3142	1
3143	0
3144	2
3145	3
3146	0
3147	2
3148	2
3149	2
3150	0
3151	3
3152	0
3153	3
3154	0
3155	0
3156	2
3157	2
3158	2
3159	3
3160	2
3161	3
3162	2
3163	2
3164	2
3165	3
3166	0
3167	2
3168	1
3169	1
3170	2
3171	2
3172	2
3173	3
3174	1
3175	2
3176	3
3177	2
3178	0
3179	2
3180	1
3181	3
3182	2
3183	3
3184	2
3185	3
3186	2
3187	3
3188	2
3189	0
3190	3
3191	0
3192	0
3193	2
3194	3
3195	3
3196	3
3197	3
3198	2
3199	1
3200	1
3201	3
3202	0
3203	3
3204	2
3205	3
3206	0
3207	1
3208	2
3209	2
3210	2
3211	2
3212	3
3213	2
3214	2
3215	3
3216	3
3217	2
3218	2
3219	2
3220	2
3221	2
3222	2
3223	0
3224	2
3225	0
3226	2
3227	2
3228	3
3229	2
3230	3
3231	2
3232	1
3233	3
3234	1
3235	2
3236	2
3237	2
3238	1
3239	2
3240	2
3241	2
3242	3
3243	3
3244	3
3245	2
3246	1
3247	2
3248	2
3249	2
3250	2
3251	1
3252	2
3253	3
3254	2
3255	2
3256	2
3257	2
3258	3
3259	2
3260	2
3261	3
3262	2
3263	1
3264	2
3265	3
3266	0
3267	2
3268	3
3269	0
3270	2
3271	2
3272	2
3273	2
3274	0
3275	2
3276	3
3277	2
3278	3
3279	2
3280	2
3281	2
3282	3
3283	2
3284	3
3285	0
3286	2
3287	2
3288	3
3289	2
3290	1
3291	1
3292	2
3293	2
3294	3
3295	1
3296	3
3297	3
3298	2
3299	2
3300	2
3301	1
3302	2
3303	2
3304	2
3305	2
3306	2
3307	3
3308	2
3309	2
3310	0
3311	2
3312	2
3313	1
3314	2
3315	2
3316	2
3317	2
3318	2
3319	2
3320	3
3321	2
3322	3
3323	3
3324	3
3325	2
3326	3
3327	3
3328	2
3329	2
3330	3
3331	2
3332	2
3333	0
3334	2
3335	3
3336	2
3337	2
3338	3
3339	3
3340	3
3341	0
3342	3
3343	3
3344	2
3345	2
3346	3
3347	1
3348	2
3349	2
3350	3
3351	3
3352	2
3353	0
3354	1
3355	2
3356	2
3357	0
3358	2
3359	2
3360	2
3361	3
3362	0
3363	3
3364	2
3365	2
3366	2
3367	0
3368	3
3369	2
3370	2
3371	2
3372	1
3373	3
3374	2
3375	2
3376	3
3377	3
3378	2
3379	2
3380	3
3381	0
3382	2
3383	0
3384	2
3385	2
3386	3
3387	2
3388	0
3389	2
3390	2
3391	0
3392	0
3393	0
3394	2
3395	2
3396	0
3397	3
3398	2
3399	0
3400	2
3401	2
3402	2
3403	2
3404	3
3405	2
3406	0
3407	0
3408	0
3409	3
3410	2
3411	2
3412	3
3413	1
3414	2
3415	2
3416	2
3417	3
3418	3
3419	2
3420	2
3421	0
3422	1
3423	2
3424	0
3425	2
3426	3
3427	2
3428	3
3429	3
3430	2
3431	2
3432	2
3433	2
3434	2
3435	0
3436	2
3437	3
3438	2
3439	3
3440	2
3441	2
3442	0
3443	0
3444	2
3445	1
3446	2
3447	0
3448	2
3449	2
3450	3
3451	2
3452	2
3453	0
3454	2
3455	0
3456	2
3457	2
3458	1
3459	2
3460	3
3461	2
3462	0
3463	2
3464	2
3465	2
3466	2
3467	2
3468	0
3469	3
3470	2
3471	3
3472	2
3473	2
3474	2
3475	3
3476	2
3477	2
3478	2
3479	1
3480	2
3481	2
3482	2
3483	2
3484	0
3485	2
3486	3
3487	3
3488	2
3489	2
3490	2
3491	2
3492	2
3493	0
3494	2
3495	3
3496	2
3497	3
3498	3
3499	2
3500	2
3501	2
3502	1
3503	2
3504	2
3505	2
3506	3
3507	0
3508	2
3509	2
3510	3
3511	2
3512	2
3513	2
3514	2
3515	2
3516	2
3517	2
3518	2
3519	2
3520	2
3521	2
3522	3
3523	2
3524	3
3525	0
3526	2
3527	3
3528	2
3529	2
3530	2
3531	2
3532	3
3533	3
3534	3
3535	2
3536	3
3537	0
3538	3
3539	2
3540	2
3541	0
3542	3
3543	2
3544	3
3545	2
3546	1
3547	2
3548	2
3549	2
3550	3
3551	2
3552	2
3553	2
3554	2
3555	2
3556	2
3557	0
3558	1
3559	3
3560	0
3561	0
3562	2
3563	0
3564	1
3565	0
3566	2
3567	2
3568	2
3569	3
3570	2
3571	3
3572	3
3573	2
3574	2
3575	2
3576	3
3577	0
3578	3
3579	3
3580	3
3581	0
3582	3
3583	0
3584	3
3585	2
3586	2
3587	3
3588	2
3589	2
3590	2
3591	2
3592	2
3593	2
3594	3
3595	2
3596	2
3597	0
3598	2
3599	2
3600	3
3601	2
3602	2
3603	3
3604	3
3605	1
3606	2
3607	3
3608	1
3609	0
3610	0
3611	2
3612	3
3613	2
3614	3
3615	2
3616	2
3617	3
3618	0
3619	3
3620	3
3621	2
3622	2
3623	1
3624	3
3625	1
3626	3
3627	2
3628	2
3629	2
3630	3
3631	2
3632	2
3633	3
3634	3
3635	2
3636	3
3637	0
3638	0
3639	0
3640	2
3641	2
3642	2
3643	1
3644	0
3645	2
3646	3
3647	2
3648	2
3649	0
3650	2
3651	3
3652	2
3653	2
3654	3
3655	2
3656	2
3657	3
3658	0
3659	2
3660	2
3661	2
3662	0
3663	2
3664	1
3665	2
3666	2
3667	0
3668	0
3669	2
3670	2
3671	2
3672	2
3673	2
3674	2
3675	2
3676	0
3677	2
3678	0
3679	1
3680	3
3681	2
3682	2
3683	2
3684	2
3685	2
3686	1
3687	2
3688	2
3689	2
3690	0
3691	3
3692	2
3693	2
3694	2
3695	3
3696	0
3697	0
3698	2
3699	2
3700	2
3701	0
3702	3
3703	2
3704	2
3705	2
3706	1
3707	3
3708	2
3709	3
3710	2
3711	0
3712	2
3713	2
3714	2
3715	2
3716	0
3717	2
3718	0
3719	0
3720	2
3721	0
3722	2
3723	2
3724	2
3725	2
3726	2
3727	3
3728	0
3729	2
3730	0
3731	3
3732	2
3733	2
3734	3
3735	3
3736	2
3737	2
3738	2
3739	0
3740	2
3741	1
3742	3
3743	3
3744	0
3745	2
3746	2
3747	0
3748	2
3749	2
3750	2
3751	2
3752	2
3753	2
3754	3
3755	2
3756	2
3757	2
3758	0
3759	2
3760	2
3761	2
3762	0
3763	2
3764	1
3765	2
3766	1
3767	1
3768	3
3769	2
3770	2
3771	2
3772	2
3773	0
3774	2
3775	2
3776	3
3777	0
3778	2
3779	2
3780	3
3781	2
3782	2
3783	2
3784	2
3785	0
3786	2
3787	2
3788	0
3789	2
3790	3
3791	2
3792	2
3793	2
3794	3
3795	2
3796	1
3797	0
3798	2
3799	2
3800	3
3801	2
3802	3
3803	2
3804	3
3805	2
3806	2
3807	2
3808	2
3809	3
3810	2
3811	0
3812	2
3813	3
3814	2
3815	2
3816	2
3817	1
3818	2
3819	0
3820	0
3821	2
3822	3
3823	3
3824	3
3825	1
3826	0
3827	2
3828	2
3829	2
3830	2
3831	2
3832	3
3833	2
3834	2
3835	2
3836	3
3837	2
3838	3
3839	3
3840	2
3841	2
3842	2
3843	3
3844	2
3845	2
3846	2
3847	2
3848	2
3849	2
3850	0
3851	2
3852	2
3853	0
3854	2
3855	2
3856	2
3857	0
3858	3
3859	2
3860	2
3861	1
3862	3
3863	2
3864	2
3865	0
3866	2
3867	2
3868	2
3869	2
3870	0
3871	2
3872	2
3873	3
3874	3
3875	3
3876	2
3877	2
3878	2
3879	0
3880	2
3881	2
3882	3
3883	2
3884	3
3885	2
3886	3
3887	2
3888	2
3889	3
3890	2
3891	2
3892	3
3893	3
3894	2
3895	1
3896	2
3897	2
3898	3
3899	1
3900	0
3901	2
3902	3
3903	2
3904	1
3905	2
3906	2
3907	0
3908	3
3909	3
3910	2
3911	0
3912	1
3913	2
3914	2
3915	2
3916	3
3917	2
3918	0
3919	0
3920	3
3921	3
3922	2
3923	2
3924	2
3925	1
3926	2
3927	2
3928	0
3929	2
3930	1
3931	2
3932	2
3933	2
3934	2
3935	1
3936	2
3937	2
3938	3
3939	2
3940	2
3941	3
3942	2
3943	2
3944	2
3945	1
3946	0
3947	3
3948	2
3949	2
3950	2
3951	3
3952	3
3953	3
3954	0
3955	3
3956	2
3957	1
3958	3
3959	2
3960	3
3961	2
3962	0
3963	3
3964	2
3965	2
3966	2
3967	2
3968	2
3969	0
3970	0
3971	3
3972	2
3973	2
3974	0
3975	2
3976	1
3977	2
3978	2
3979	2
3980	0
3981	2
3982	2
3983	3
3984	2
3985	2
3986	2
3987	3
3988	2
3989	2
3990	3
3991	2
3992	2
3993	2
3994	2
3995	1
3996	2
3997	2
3998	3
3999	2
4000	2
4001	3
4002	0
4003	2
4004	2
4005	2
4006	2
4007	2
4008	2
4009	2
4010	3
4011	0
4012	0
4013	2
4014	2
4015	2
4016	2
4017	2
4018	0
4019	2
4020	2
4021	2
4022	2
4023	3
4024	2
4025	2
4026	2
4027	1
4028	2
4029	2
4030	2
4031	1
4032	2
4033	2
4034	2
4035	2
4036	2
4037	2
4038	0
4039	3
4040	2
4041	2
4042	0
4043	2
4044	1
4045	1
4046	3
4047	2
4048	1
4049	2
4050	3
4051	2
4052	2
4053	1
4054	3
4055	2
4056	2
4057	2
4058	1
4059	2
4060	2
4061	2
4062	2
4063	3
4064	2
4065	2
4066	2
4067	2
4068	2
4069	3
4070	2
4071	0
4072	0
4073	2
4074	2
4075	2
4076	3
4077	2
4078	3
4079	2
4080	3
4081	2
4082	2
4083	0
4084	2
4085	2
4086	3
4087	0
4088	3
4089	2
4090	2
4091	0
4092	1
4093	2
4094	3
4095	3
4096	3
4097	1
4098	2
4099	3
4100	3
4101	2
4102	0
4103	2
4104	3
4105	3
4106	0
4107	3
4108	2
4109	0
4110	2
4111	2
4112	2
4113	3
4114	2
4115	3
4116	2
4117	2
4118	0
4119	0
4120	2
4121	0
4122	2
4123	2
4124	2
4125	3
4126	0
4127	2
4128	2
4129	1
4130	0
4131	2
4132	2
4133	2
4134	3
4135	2
4136	3
4137	2
4138	2
4139	2
4140	2
4141	3
4142	3
4143	0
4144	3
4145	1
4146	2
4147	2
4148	2
4149	2
4150	2
4151	2
4152	2
4153	3
4154	2
4155	3
4156	3
4157	2
4158	2
4159	0
4160	2
4161	0
4162	0
4163	0
4164	2
4165	0
4166	2
4167	3
4168	2
4169	2
4170	1
4171	2
4172	2
4173	0
4174	0
4175	2
4176	2
4177	3
4178	0
4179	2
4180	3
4181	2
4182	3
4183	2
4184	2
4185	2
4186	2
4187	2
4188	2
4189	2
4190	2
4191	3
4192	0
4193	2
4194	2
4195	2
4196	2
4197	3
4198	2
4199	3
4200	2
4201	2
4202	2
4203	2
4204	2
4205	2
4206	2
4207	3
4208	2
4209	1
4210	1
4211	1
4212	3
4213	2
4214	2
4215	0
4216	0
4217	1
4218	2
4219	2
4220	0
4221	0
4222	3
4223	2
4224	2
4225	2
4226	2
4227	0
4228	2
4229	2
4230	2
4231	0
4232	3
4233	2
4234	2
4235	1
4236	2
4237	2
4238	0
4239	3
4240	2
4241	3
4242	2
4243	2
4244	2
4245	2
4246	1
4247	3
4248	2
4249	0
4250	2
4251	2
4252	2
4253	3
4254	2
4255	2
4256	0
4257	2
4258	0
4259	2
4260	2
4261	3
4262	2
4263	0
4264	2
4265	0
4266	1
4267	0
4268	2
4269	2
4270	0
4271	3
4272	0
4273	2
4274	2
4275	3
4276	3
4277	2
4278	2
4279	2
4280	2
4281	2
4282	1
4283	2
4284	2
4285	2
4286	2
4287	2
4288	2
4289	0
4290	2
4291	3
4292	2
4293	2
4294	1
4295	2
4296	2
4297	3
4298	2
4299	2
4300	2
4301	2
4302	2
4303	3
4304	3
4305	2
4306	2
4307	2
4308	2
4309	2
4310	1
4311	2
4312	2
4313	2
4314	1
4315	0
4316	2
4317	2
4318	2
4319	2
4320	3
4321	0
4322	1
4323	2
4324	2
4325	2
4326	2
4327	2
4328	2
4329	2
4330	2
4331	2
4332	1
4333	2
4334	3
4335	3
4336	3
4337	2
4338	1
4339	0
4340	3
4341	3
4342	2
4343	1
4344	2
4345	2
4346	2
4347	3
4348	3
4349	2
4350	2
4351	2
4352	2
4353	2
4354	2
4355	0
4356	2
4357	3
4358	2
4359	2
4360	0
4361	3
4362	3
4363	3
4364	2
4365	0
4366	3
4367	1
4368	3
4369	3
4370	1
4371	2
4372	2
4373	2
4374	2
4375	0
4376	1
4377	0
4378	2
4379	0
4380	2
4381	0
4382	1
4383	2
4384	2
4385	0
4386	0
4387	3
4388	2
4389	2
4390	0
4391	3
4392	3
4393	2
4394	2
4395	2
4396	2
4397	1
4398	3
4399	2
4400	3
4401	3
4402	3
4403	2
4404	0
4405	0
4406	1
4407	3
4408	2
4409	0
4410	2
4411	3
4412	0
4413	2
4414	3
4415	0
4416	2
4417	0
4418	1
4419	0
4420	3
4421	2
4422	1
4423	2
4424	2
4425	2
4426	0
4427	2
4428	0
4429	0
4430	3
4431	2
4432	0
4433	2
4434	3
4435	0
4436	1
4437	0
4438	2
4439	2
4440	2
4441	2
4442	3
4443	0
4444	2
4445	3
4446	2
4447	3
4448	0
4449	3
4450	2
4451	2
4452	2
4453	0
4454	2
4455	3
4456	2
4457	2
4458	2
4459	2
4460	1
4461	2
4462	1
4463	3
4464	0
4465	2
4466	1
4467	2
4468	0
4469	2
4470	2
4471	3
4472	2
4473	0
4474	2
4475	2
4476	2
4477	2
4478	2
4479	2
4480	2
4481	2
4482	1
4483	1
4484	3
4485	0
4486	0
4487	3
4488	3
4489	3
4490	2
4491	2
4492	3
4493	2
4494	2
4495	2
4496	2
4497	0
4498	2
4499	0
4500	2
4501	2
4502	1
4503	3
4504	0
4505	1
4506	2
4507	2
4508	2
4509	3
4510	2
4511	2
4512	2
4513	2
4514	0
4515	2
4516	2
4517	2
4518	2
4519	2
4520	3
4521	2
4522	3
4523	3
4524	0
4525	1
4526	2
4527	2
4528	2
4529	2
4530	3
4531	2
4532	1
4533	2
4534	2
4535	2
4536	3
4537	2
4538	1
4539	0
4540	2
4541	2
4542	2
4543	2
4544	3
4545	2
4546	2
4547	2
4548	2
4549	0
4550	2
4551	2
4552	2
4553	3
4554	0
4555	2
4556	2
4557	2
4558	3
4559	2
4560	2
4561	2
4562	2
4563	2
4564	2
4565	2
4566	2
4567	2
4568	3
4569	2
4570	1
4571	2
4572	3
4573	2
4574	2
4575	3
4576	2
4577	3
4578	2
4579	2
4580	2
4581	0
4582	3
4583	1
4584	0
4585	3
4586	2
4587	0
4588	2
4589	2
4590	2
4591	2
4592	3
4593	3
4594	2
4595	3
4596	2
4597	3
4598	2
4599	0
4600	2
4601	2
4602	2
4603	3
4604	3
4605	3
4606	2
4607	0
4608	2
4609	1
4610	1
4611	2
4612	3
4613	2
4614	2
4615	3
4616	0
4617	3
4618	0
4619	3
4620	2
4621	0
4622	1
4623	3
4624	2
4625	0
4626	0
4627	3
4628	2
4629	2
4630	1
4631	0
4632	2
4633	3
4634	2
4635	3
4636	2
4637	3
4638	1
4639	2
4640	2
4641	2
4642	3
4643	3
4644	2
4645	0
4646	3
4647	3
4648	3
4649	2
4650	3
4651	2
4652	0
4653	2
4654	0
4655	2
4656	2
4657	3
4658	2
4659	2
4660	2
4661	0
4662	2
4663	2
4664	2
4665	2
4666	2
4667	1
4668	0
4669	3
4670	3
4671	0
4672	2
4673	3
4674	0
4675	1
4676	2
4677	2
4678	3
4679	3
4680	2
4681	0
4682	0
4683	3
4684	0
4685	0
4686	0
4687	2
4688	2
4689	3
4690	2
4691	0
4692	2
4693	2
4694	2
4695	0
4696	2
4697	2
4698	2
4699	0
4700	2
4701	1
4702	3
4703	3
4704	0
4705	3
4706	2
4707	2
4708	2
4709	2
4710	2
4711	2
4712	2
4713	0
4714	1
4715	2
4716	2
4717	0
4718	2
4719	3
4720	2
4721	2
4722	3
4723	3
4724	3
4725	2
4726	3
4727	1
4728	3
4729	0
4730	2
4731	2
4732	2
4733	3
4734	2
4735	2
4736	2
4737	2
4738	2
4739	1
4740	2
4741	2
4742	3
4743	3
4744	2
4745	3
4746	0
4747	3
4748	0
4749	2
4750	3
4751	2
4752	2
4753	2
4754	2
4755	0
4756	2
4757	0
4758	2
4759	3
4760	2
4761	0
4762	2
4763	0
4764	0
4765	2
4766	2
4767	2
4768	2
4769	0
4770	0
4771	2
4772	3
4773	2
4774	3
4775	1
4776	3
4777	2
4778	3
4779	3
4780	2
4781	1
4782	0
4783	2
4784	3
4785	2
4786	0
4787	2
4788	3
4789	2
4790	1
4791	2
4792	2
4793	0
4794	2
4795	0
4796	2
4797	2
4798	2
4799	2
4800	2
4801	2
4802	2
4803	2
4804	2
4805	2
4806	0
4807	2
4808	2
4809	3
4810	1
4811	2
4812	2
4813	1
4814	2
4815	3
4816	2
4817	2
4818	2
4819	2
4820	2
4821	2
4822	2
4823	2
4824	3
4825	2
4826	2
4827	0
4828	2
4829	0
4830	2
4831	2
4832	3
4833	3
4834	2
4835	3
4836	2
4837	0
4838	3
4839	2
4840	1
4841	2
4842	2
4843	0
4844	0
4845	2
4846	3
4847	2
4848	2
4849	2
4850	3
4851	3
4852	3
4853	3
4854	2
4855	2
4856	2
4857	2
4858	3
4859	2
4860	3
4861	3
4862	3
4863	2
4864	2
4865	3
4866	2
4867	2
4868	2
4869	2
4870	2
4871	3
4872	3
4873	2
4874	3
4875	3
4876	2
4877	3
4878	2
4879	1
4880	1
4881	0
4882	3
4883	2
4884	1
4885	1
4886	3
4887	0
4888	2
4889	0
4890	1
4891	2
4892	2
4893	3
4894	3
4895	2
4896	0
4897	3
4898	0
4899	2
4900	2
4901	2
4902	0
4903	3
4904	3
4905	2
4906	3
4907	0
4908	2
4909	3
4910	0
4911	3
4912	0
4913	2
4914	2
4915	2
4916	2
4917	3
4918	2
4919	2
4920	3
4921	3
4922	2
4923	3
4924	3
4925	2
4926	2
4927	0
4928	2
4929	3
4930	0
4931	0
4932	2
4933	2
4934	2
4935	2
4936	3
4937	2
4938	0
4939	2
4940	2
4941	0
4942	2
4943	2
4944	3
4945	3
4946	3
4947	0
4948	0
4949	1
4950	2
4951	2
4952	2
4953	2
4954	2
4955	2
4956	2
4957	2
4958	3
4959	3
4960	0
4961	2
4962	2
4963	2
4964	3
4965	3
4966	2
4967	1
4968	2
4969	2
4970	2
4971	2
4972	3
4973	1
4974	3
4975	3
4976	2
4977	2
4978	1
4979	3
4980	2
4981	0
4982	2
4983	0
4984	2
4985	0
4986	2
4987	2
4988	3
4989	1
4990	3
4991	2
4992	3
4993	2
4994	0
4995	2
4996	2
4997	2
4998	3
4999	1
5000	2
5001	2
5002	2
5003	2
5004	0
5005	2
5006	2
5007	0
5008	1
5009	2
5010	2
5011	2
5012	2
5013	1
5014	2
5015	2
5016	2
5017	3
5018	2
5019	2
5020	1
5021	2
5022	2
5023	2
5024	2
5025	0
5026	0
5027	3
5028	3
5029	2
5030	1
5031	2
5032	2
5033	2
5034	3
5035	2
5036	2
5037	2
5038	0
5039	3
5040	2
5041	2
5042	1
5043	2
5044	2
5045	2
5046	2
5047	2
5048	2
5049	2
5050	2
5051	2
5052	2
5053	3
5054	2
5055	2
5056	2
5057	2
5058	2
5059	2
5060	0
5061	0
5062	2
5063	2
5064	2
5065	2
5066	1
5067	3
5068	3
5069	2
5070	2
5071	2
5072	2
5073	2
5074	0
5075	2
5076	2
5077	2
5078	2
5079	2
5080	3
5081	2
5082	3
5083	2
5084	2
5085	2
5086	2
5087	2
5088	2
5089	3
5090	2
5091	1
5092	3
5093	0
5094	3
5095	3
5096	0
5097	2
5098	0
5099	0
5100	2
5101	2
5102	2
5103	2
5104	2
5105	1
5106	2
5107	0
5108	3
5109	2
5110	2
5111	1
5112	2
5113	2
5114	2
5115	2
5116	3
5117	2
5118	2
5119	2
5120	2
5121	2
5122	3
5123	3
5124	2
5125	2
5126	2
5127	3
5128	2
5129	2
5130	1
5131	2
5132	3
5133	3
5134	2
5135	2
5136	2
5137	2
5138	2
5139	2
5140	2
5141	0
5142	2
5143	2
5144	2
5145	0
5146	2
5147	2
5148	2
5149	2
5150	0
5151	2
5152	2
5153	3
5154	0
5155	3
5156	3
5157	2
5158	2
5159	3
5160	2
5161	0
5162	3
5163	2
5164	2
5165	3
5166	0
5167	3
5168	3
5169	2
5170	2
5171	2
5172	3
5173	0
5174	2
5175	2
5176	2
5177	0
5178	2
5179	2
5180	3
5181	2
5182	0
5183	0
5184	2
5185	0
5186	0
5187	1
5188	2
5189	2
5190	2
5191	2
5192	2
5193	2
5194	0
5195	3
5196	3
5197	0
5198	2
5199	3
5200	3
5201	2
5202	3
5203	0
5204	3
5205	3
5206	3
5207	2
5208	2
5209	3
5210	3
5211	3
5212	2
5213	2
5214	2
5215	2
5216	0
5217	3
5218	2
5219	2
5220	3
5221	3
5222	2
5223	2
5224	2
5225	2
5226	3
5227	2
5228	2
5229	1
5230	2
5231	3
5232	0
5233	2
5234	1
5235	3
5236	2
5237	2
5238	2
5239	2
5240	3
5241	0
5242	0
5243	3
5244	3
5245	2
5246	3
5247	2
5248	1
5249	2
5250	0
5251	0
5252	3
5253	2
5254	0
5255	3
5256	2
5257	2
5258	2
5259	2
5260	3
5261	2
5262	2
5263	0
5264	2
5265	2
5266	2
5267	3
5268	2
5269	3
5270	0
5271	2
5272	2
5273	0
5274	2
5275	2
5276	3
5277	2
5278	3
5279	2
5280	2
5281	0
5282	1
5283	2
5284	2
5285	2
5286	3
5287	3
5288	2
5289	3
5290	2
5291	2
5292	2
5293	2
5294	0
5295	2
5296	0
5297	2
5298	3
5299	2
5300	2
5301	1
5302	2
5303	0
5304	2
5305	2
5306	2
5307	3
5308	2
5309	2
5310	2
5311	2
5312	2
5313	0
5314	2
5315	2
5316	2
5317	2
5318	2
5319	2
5320	2
5321	3
5322	2
5323	2
5324	2
5325	3
5326	2
5327	0
5328	2
5329	1
5330	2
5331	2
5332	2
5333	3
5334	2
5335	2
5336	2
5337	2
5338	0
5339	2
5340	3
5341	2
5342	2
5343	3
5344	2
5345	2
5346	2
5347	1
5348	2
5349	1
5350	3
5351	3
5352	3
5353	2
5354	2
5355	2
5356	2
5357	1
5358	2
5359	3
5360	2
5361	3
5362	1
5363	3
5364	0
5365	2
5366	2
5367	2
5368	0
5369	2
5370	3
5371	2
5372	2
5373	2
5374	2
5375	0
5376	0
5377	1
5378	2
5379	2
5380	3
5381	3
5382	2
5383	3
5384	0
5385	3
5386	2
5387	3
5388	2
5389	0
5390	2
5391	3
5392	2
5393	0
5394	2
5395	2
5396	2
5397	3
5398	2
5399	2
5400	0
5401	0
5402	2
5403	2
5404	2
5405	2
5406	0
5407	2
5408	2
5409	3
5410	1
5411	3
5412	3
5413	2
5414	3
5415	3
5416	2
5417	2
5418	2
5419	2
5420	2
5421	3
5422	1
5423	3
5424	3
5425	2
5426	3
5427	2
5428	3
5429	0
5430	2
5431	2
5432	1
5433	3
5434	2
5435	3
5436	3
5437	2
5438	2
5439	0
5440	2
5441	3
5442	0
5443	0
5444	3
5445	1
5446	2
5447	2
5448	2
5449	2
5450	2
5451	3
5452	0
5453	3
5454	2
5455	3
5456	2
5457	2
5458	2
5459	2
5460	3
5461	2
5462	2
5463	2
5464	2
5465	3
5466	2
5467	2
5468	2
5469	1
5470	2
5471	2
5472	0
5473	3
5474	3
5475	2
5476	2
5477	2
5478	2
5479	3
5480	2
5481	2
5482	3
5483	3
5484	2
5485	2
5486	2
5487	2
5488	2
5489	2
5490	2
5491	0
5492	3
5493	2
5494	2
5495	2
5496	3
5497	0
5498	3
5499	3
5500	3
5501	3
5502	3
5503	2
5504	2
5505	2
5506	3
5507	0
5508	3
5509	0
5510	3
5511	3
5512	2
5513	1
5514	2
5515	2
5516	3
5517	3
5518	2
5519	0
5520	2
5521	2
5522	2
5523	1
5524	3
5525	2
5526	3
5527	0
5528	3
5529	0
5530	2
5531	2
5532	2
5533	0
5534	2
5535	2
5536	2
5537	0
5538	0
5539	3
5540	2
5541	2
5542	2
5543	3
5544	1
5545	3
5546	2
5547	3
5548	2
5549	3
5550	0
5551	2
5552	2
5553	2
5554	0
5555	2
5556	2
5557	2
5558	2
5559	2
5560	2
5561	2
5562	3
5563	3
5564	2
5565	1
5566	2
5567	2
5568	2
5569	2
5570	2
5571	2
5572	1
5573	2
5574	0
5575	2
5576	2
5577	3
5578	2
5579	0
5580	2
5581	2
5582	2
5583	0
5584	2
5585	0
5586	2
5587	2
5588	2
5589	2
5590	2
5591	3
5592	3
5593	2
5594	2
5595	2
5596	2
5597	3
5598	1
5599	2
5600	2
5601	2
5602	2
5603	1
5604	2
5605	2
5606	2
5607	2
5608	2
5609	2
5610	2
5611	2
5612	2
5613	3
5614	2
5615	3
5616	2
5617	2
5618	0
5619	3
5620	2
5621	3
5622	2
5623	0
5624	2
5625	2
5626	2
5627	3
5628	1
5629	0
5630	3
5631	1
5632	3
5633	3
5634	0
5635	3
5636	3
5637	2
5638	2
5639	2
5640	3
5641	3
5642	0
5643	3
5644	2
5645	3
5646	2
5647	2
5648	2
5649	2
5650	1
5651	2
5652	2
5653	2
5654	3
5655	3
5656	2
5657	2
5658	0
5659	1
5660	0
5661	2
5662	0
5663	2
5664	2
5665	3
5666	0
5667	0
5668	2
5669	0
5670	2
5671	2
5672	3
5673	2
5674	2
5675	2
5676	2
5677	2
5678	2
5679	2
5680	0
5681	2
5682	2
5683	0
5684	3
5685	0
5686	0
5687	3
5688	2
5689	3
5690	2
5691	2
5692	3
5693	2
5694	3
5695	0
5696	2
5697	2
5698	0
5699	0
5700	2
5701	2
5702	3
5703	2
5704	2
5705	2
5706	0
5707	3
5708	0
5709	2
5710	2
5711	3
5712	2
5713	0
5714	0
5715	0
5716	3
5717	2
5718	2
5719	2
5720	0
5721	2
5722	2
5723	1
5724	2
5725	2
5726	2
5727	2
5728	2
5729	3
5730	3
5731	2
5732	0
5733	2
5734	2
5735	1
5736	2
5737	3
5738	3
5739	2
5740	0
5741	2
5742	1
5743	3
5744	2
5745	2
5746	3
5747	2
5748	3
5749	0
5750	2
5751	0
5752	0
5753	2
5754	3
5755	2
5756	3
5757	1
5758	2
5759	2
5760	2
5761	2
5762	2
5763	0
5764	1
5765	2
5766	1
5767	3
5768	2
5769	2
5770	2
5771	2
5772	3
5773	2
5774	2
5775	0
5776	2
5777	1
5778	2
5779	2
5780	2
5781	1
5782	3
5783	2
5784	1
5785	1
5786	3
5787	2
5788	3
5789	3
5790	2
5791	2
5792	3
5793	0
5794	0
5795	2
5796	3
5797	0
5798	2
5799	2
5800	2
5801	0
5802	1
5803	1
5804	2
5805	2
5806	2
5807	2
5808	0
5809	2
5810	3
5811	2
5812	2
5813	3
5814	2
5815	2
5816	2
5817	3
5818	2
5819	3
5820	2
5821	2
5822	2
5823	2
5824	2
5825	3
5826	3
5827	2
5828	2
5829	2
5830	2
5831	2
5832	2
5833	2
5834	2
5835	2
5836	2
5837	2
5838	3
5839	2
5840	2
5841	3
5842	2
5843	1
5844	3
5845	1
5846	2
5847	2
5848	2
5849	2
5850	2
5851	2
5852	2
5853	3
5854	2
5855	3
5856	3
5857	2
5858	2
5859	0
5860	1
5861	2
5862	2
5863	2
5864	0
5865	3
5866	2
5867	2
5868	2
5869	2
5870	3
5871	0
5872	3
5873	2
5874	0
5875	2
5876	3
5877	2
5878	2
5879	2
5880	2
5881	2
5882	3
5883	2
5884	3
5885	3
5886	1
5887	3
5888	3
5889	2
5890	3
5891	0
5892	3
5893	1
5894	2
5895	3
5896	2
5897	3
5898	0
5899	3
5900	3
5901	3
5902	1
5903	0
5904	3
5905	2
5906	2
5907	2
5908	2
5909	2
5910	0
5911	2
5912	2
5913	2
5914	0
5915	1
5916	2
5917	2
5918	0
5919	2
5920	2
5921	2
5922	0
5923	2
5924	2
5925	2
5926	2
5927	0
5928	3
5929	2
5930	3
5931	3
5932	0
5933	3
5934	2
5935	1
5936	3
5937	3
5938	2
5939	3
5940	3
5941	2
5942	2
5943	2
5944	2
5945	3
5946	2
5947	0
5948	0
5949	2
5950	2
5951	0
5952	2
5953	2
5954	0
5955	0
5956	2
5957	2
5958	2
5959	2
5960	2
5961	2
5962	0
5963	3
5964	2
5965	2
5966	2
5967	2
5968	2
5969	2
5970	0
5971	0
5972	2
5973	2
5974	2
5975	2
5976	2
5977	0
5978	3
5979	3
5980	3
5981	2
5982	3
5983	3
5984	0
5985	2
5986	3
5987	2
5988	2
5989	3
5990	2
5991	2
5992	3
5993	2
5994	3
5995	2
5996	2
5997	2
5998	2
5999	1
6000	2
6001	2
6002	3
6003	3
6004	2
6005	0
6006	2
6007	1
6008	3
6009	1
6010	1
6011	3
6012	2
6013	1
6014	2
6015	0
6016	1
6017	2
6018	2
6019	1
6020	2
6021	2
6022	3
6023	3
6024	0
6025	2
6026	2
6027	3
6028	2
6029	3
6030	3
6031	1
6032	2
6033	2
6034	2
6035	0
6036	3
6037	1
6038	3
6039	3
6040	2
6041	0
6042	3
6043	2
6044	2
6045	3
6046	2
6047	2
6048	2
6049	2
6050	0
6051	3
6052	2
6053	2
6054	3
6055	2
6056	2
6057	2
6058	3
6059	2
6060	2
6061	2
6062	3
6063	2
6064	0
6065	2
6066	1
6067	2
6068	2
6069	3
6070	2
6071	1
6072	2
6073	2
6074	2
6075	2
6076	2
6077	2
6078	2
6079	2
6080	2
6081	0
6082	2
6083	2
6084	2
6085	2
6086	0
6087	2
6088	2
6089	2
6090	2
6091	2
6092	2
6093	2
6094	2
6095	2
6096	3
6097	2
6098	2
6099	0
6100	2
6101	2
6102	2
6103	2
6104	1
6105	2
6106	2
6107	2
6108	2
6109	3
6110	2
6111	2
6112	2
6113	2
6114	2
6115	0
6116	2
6117	2
6118	2
6119	2
6120	0
6121	2
6122	1
6123	2
6124	0
6125	2
6126	2
6127	3
6128	3
6129	2
6130	2
6131	0
6132	2
6133	2
6134	2
6135	2
6136	2
6137	2
6138	2
6139	2
6140	2
6141	2
6142	3
6143	3
6144	2
6145	2
6146	3
6147	2
6148	3
6149	2
6150	3
6151	0
6152	2
6153	3
6154	0
6155	2
6156	2
6157	3
6158	2
6159	3
6160	3
6161	2
6162	2
6163	3
6164	3
6165	2
6166	2
6167	1
6168	2
6169	3
6170	2
6171	3
6172	2
6173	0
6174	2
6175	2
6176	2
6177	2
6178	0
6179	3
6180	2
6181	2
6182	3
6183	2
6184	2
6185	2
6186	2
6187	2
6188	2
6189	2
6190	0
6191	2
6192	3
6193	3
6194	3
6195	0
6196	2
6197	2
6198	2
6199	2
6200	2
6201	3
6202	2
6203	0
6204	0
6205	2
6206	0
6207	0
6208	2
6209	3
6210	1
6211	2
6212	3
6213	2
6214	2
6215	2
6216	3
6217	1
6218	2
6219	2
6220	2
6221	0
6222	0
6223	0
6224	0
6225	2
6226	3
6227	2
6228	2
6229	3
6230	2
6231	2
6232	3
6233	2
6234	3
6235	2
6236	2
6237	2
6238	1
6239	1
6240	2
6241	2
6242	2
6243	2
6244	2
6245	0
6246	2
6247	2
6248	2
6249	0
6250	3
6251	2
6252	0
6253	1
6254	2
6255	3
6256	2
6257	1
6258	1
6259	1
6260	2
6261	3
6262	1
6263	0
6264	2
6265	3
6266	2
6267	2
6268	2
6269	3
6270	2
6271	1
6272	3
6273	3
6274	0
6275	0
6276	2
6277	2
6278	2
6279	2
6280	2
6281	0
6282	2
6283	2
6284	2
6285	3
6286	2
6287	0
6288	3
6289	2
6290	2
6291	2
6292	2
6293	0
6294	2
6295	2
6296	2
6297	3
6298	2
6299	2
6300	3
6301	2
6302	2
6303	2
6304	2
6305	2
6306	1
6307	2
6308	3
6309	0
6310	0
6311	0
6312	3
6313	2
6314	3
6315	0
6316	0
6317	0
6318	2
6319	2
6320	1
6321	2
6322	0
6323	2
6324	2
6325	3
6326	2
6327	2
6328	2
6329	0
6330	2
6331	2
6332	2
6333	2
6334	2
6335	2
6336	3
6337	2
6338	2
6339	2
6340	2
6341	2
6342	2
6343	2
6344	2
6345	2
6346	2
6347	0
6348	3
6349	1
6350	1
6351	2
6352	3
6353	2
6354	2
6355	0
6356	3
6357	2
6358	3
6359	2
6360	3
6361	0
6362	2
6363	2
6364	2
6365	2
6366	0
6367	3
6368	3
6369	2
6370	2
6371	2
6372	1
6373	3
6374	3
6375	3
6376	0
6377	2
6378	2
6379	2
6380	2
6381	2
6382	2
6383	2
6384	2
6385	2
6386	1
6387	2
6388	1
6389	2
6390	2
6391	2
6392	1
6393	2
6394	2
6395	1
6396	2
6397	2
6398	2
6399	3
6400	2
6401	3
6402	2
6403	1
6404	2
6405	2
6406	3
6407	0
6408	2
6409	2
6410	0
6411	2
6412	2
6413	0
6414	3
6415	3
6416	1
6417	2
6418	1
6419	0
6420	2
6421	2
6422	2
6423	2
6424	0
6425	3
6426	3
6427	2
6428	1
6429	0
6430	0
6431	2
6432	2
6433	0
6434	1
6435	3
6436	2
6437	2
6438	3
6439	3
6440	2
6441	2
6442	2
6443	2
6444	3
6445	2
6446	3
6447	2
6448	3
6449	2
6450	0
6451	0
6452	0
6453	1
6454	2
6455	3
6456	2
6457	2
6458	2
6459	0
6460	3
6461	2
6462	3
6463	0
6464	2
6465	2
6466	2
6467	1
6468	3
6469	3
6470	1
6471	2
6472	0
6473	3
6474	3
6475	2
6476	3
6477	1
6478	0
6479	2
6480	3
6481	2
6482	2
6483	2
6484	2
6485	2
6486	2
6487	2
6488	2
6489	2
6490	3
6491	3
6492	2
6493	0
6494	1
6495	2
6496	2
6497	3
6498	2
6499	0
6500	2
6501	0
6502	3
6503	2
6504	0
6505	3
6506	3
6507	2
6508	3
6509	2
6510	2
6511	3
6512	0
6513	2
6514	1
6515	3
6516	2
6517	2
6518	0
6519	0
6520	3
6521	3
6522	2
6523	0
6524	3
6525	2
6526	2
6527	1
6528	2
6529	0
6530	1
6531	2
6532	0
6533	2
6534	3
6535	2
6536	3
6537	2
6538	2
6539	2
6540	2
6541	2
6542	2
6543	2
6544	1
6545	2
6546	2
6547	3
6548	2
6549	0
6550	2
6551	2
6552	2
6553	3
6554	2
6555	2
6556	0
6557	2
6558	2
6559	0
6560	1
6561	2
6562	2
6563	2
6564	3
6565	2
6566	3
6567	1
6568	2
6569	3
6570	3
6571	2
6572	0
6573	1
6574	2
6575	2
6576	1
6577	2
6578	0
6579	2
6580	2
6581	3
6582	2
6583	2
6584	2
6585	2
6586	3
6587	2
6588	2
6589	3
6590	0
6591	2
6592	2
6593	0
6594	2
6595	2
6596	2
6597	2
6598	2
6599	2
6600	2
6601	2
6602	2
6603	2
6604	2
6605	2
6606	2
6607	3
6608	2
6609	2
6610	2
6611	2
6612	2
6613	0
6614	2
6615	3
6616	3
6617	2
6618	0
6619	1
6620	2
6621	2
6622	3
6623	1
6624	2
6625	2
6626	2
6627	0
6628	2
6629	0
6630	2
6631	2
6632	0
6633	2
6634	2
6635	0
6636	2
6637	0
6638	2
6639	2
6640	1
6641	3
6642	1
6643	3
6644	3
6645	1
6646	2
6647	0
6648	0
6649	2
6650	2
6651	3
6652	3
6653	2
6654	0
6655	2
6656	3
6657	3
6658	3
6659	2
6660	2
6661	2
6662	3
6663	3
6664	0
6665	2
6666	3
6667	2
6668	2
6669	0
6670	2
6671	3
6672	3
6673	2
6674	2
6675	2
6676	2
6677	2
6678	1
6679	0
6680	3
6681	1
6682	2
6683	0
6684	2
6685	2
6686	2
6687	2
6688	1
6689	0
6690	3
6691	3
6692	2
6693	3
6694	2
6695	2
6696	2
6697	2
6698	2
6699	3
6700	2
6701	2
6702	3
6703	2
6704	3
6705	2
6706	2
6707	2
6708	0
6709	3
6710	3
6711	2
6712	0
6713	1
6714	2
6715	1
6716	3
6717	2
6718	2
6719	0
6720	2
6721	0
6722	2
6723	3
6724	2
6725	3
6726	1
6727	3
6728	0
6729	0
6730	0
6731	3
6732	1
6733	0
6734	0
6735	0
6736	0
6737	2
6738	1
6739	1
6740	3
6741	0
6742	3
6743	2
6744	3
6745	3
6746	2
6747	2
6748	2
6749	0
6750	2
6751	2
6752	2
6753	2
6754	2
6755	2
6756	3
6757	3
6758	2
6759	2
6760	2
6761	0
6762	2
6763	0
6764	2
6765	3
6766	2
6767	3
6768	0
6769	2
6770	2
6771	3
6772	2
6773	1
6774	2
6775	2
6776	3
6777	3
6778	2
6779	2
6780	2
6781	2
6782	3
6783	2
6784	3
6785	1
6786	0
6787	1
6788	2
6789	2
6790	2
6791	3
6792	2
6793	3
6794	2
6795	2
6796	2
6797	2
6798	2
6799	1
6800	2
6801	3
6802	2
6803	2
6804	3
6805	2
6806	2
6807	2
6808	2
6809	2
6810	2
6811	2
6812	2
6813	2
6814	2
6815	2
6816	3
6817	2
6818	3
6819	2
6820	3
6821	2
6822	1
6823	0
6824	1
6825	2
6826	2
6827	0
6828	2
6829	0
6830	2
6831	2
6832	1
6833	1
6834	0
6835	2
6836	2
6837	3
6838	2
6839	2
6840	2
6841	2
6842	2
6843	2
6844	0
6845	2
6846	2
6847	2
6848	2
6849	0
6850	2
6851	2
6852	2
6853	2
6854	2
6855	2
6856	2
6857	3
6858	2
6859	2
6860	2
6861	2
6862	2
6863	2
6864	3
6865	0
6866	2
6867	2
6868	2
6869	0
6870	0
6871	2
6872	3
6873	0
6874	0
6875	3
6876	2
6877	0
6878	2
6879	0
6880	2
6881	2
6882	2
6883	3
6884	2
6885	0
6886	2
6887	2
6888	2
6889	2
6890	2
6891	0
6892	2
6893	2
6894	1
6895	2
6896	1
6897	1
6898	2
6899	3
6900	3
6901	3
6902	2
6903	2
6904	0
6905	2
6906	3
6907	2
6908	2
6909	2
6910	1
6911	2
6912	3
6913	3
6914	3
6915	2
6916	2
6917	2
6918	3
6919	3
6920	3
6921	3
6922	0
6923	1
6924	2
6925	0
6926	1
6927	3
6928	3
6929	3
6930	3
6931	0
6932	0
6933	2
6934	0
6935	2
6936	2
6937	2
6938	3
6939	2
6940	3
6941	2
6942	2
6943	2
6944	2
6945	3
6946	2
6947	3
6948	2
6949	3
6950	2
6951	2
6952	2
6953	0
6954	0
6955	2
6956	2
6957	2
6958	3
6959	2
6960	3
6961	2
6962	1
6963	1
6964	0
6965	2
6966	2
6967	3
6968	2
6969	3
6970	2
6971	0
6972	3
6973	2
6974	2
6975	0
6976	1
6977	3
6978	2
6979	3
6980	2
6981	3
6982	0
6983	2
6984	3
6985	2
6986	0
6987	2
6988	2
6989	2
6990	0
6991	2
6992	0
6993	3
6994	2
6995	3
6996	1
6997	0
6998	3
6999	2
7000	2
7001	2
7002	3
7003	2
7004	2
7005	2
7006	1
7007	2
7008	2
7009	3
7010	1
7011	2
7012	3
7013	0
7014	2
7015	2
7016	1
7017	3
7018	2
7019	2
7020	2
7021	0
7022	2
7023	2
7024	2
7025	3
7026	2
7027	3
7028	2
7029	3
7030	2
7031	0
7032	2
7033	2
7034	2
7035	2
7036	2
7037	1
7038	2
7039	2
7040	3
7041	2
7042	0
7043	2
7044	2
7045	2
7046	2
7047	3
7048	3
7049	2
7050	2
7051	2
7052	2
7053	2
7054	1
7055	2
7056	2
7057	0
7058	2
7059	2
7060	2
7061	2
7062	2
7063	2
7064	2
7065	3
7066	2
7067	2
7068	3
7069	2
7070	2
7071	2
7072	2
7073	2
7074	0
7075	2
7076	3
7077	0
7078	2
7079	3
7080	3
7081	3
7082	2
7083	2
7084	3
7085	0
7086	2
7087	2
7088	2
7089	0
7090	0
7091	2
7092	2
7093	2
7094	2
7095	3
7096	2
7097	2
7098	2
7099	2
7100	2
7101	2
7102	2
7103	2
7104	2
7105	0
7106	2
7107	3
7108	3
7109	2
7110	2
7111	3
7112	3
7113	1
7114	2
7115	1
7116	2
7117	2
7118	2
7119	2
7120	2
7121	1
7122	2
7123	2
7124	2
7125	0
7126	2
7127	2
7128	3
7129	0
7130	2
7131	2
7132	2
7133	1
7134	3
7135	0
7136	2
7137	2
7138	2
7139	2
7140	2
7141	0
7142	1
7143	3
7144	2
7145	2
7146	1
7147	0
7148	1
7149	2
7150	3
7151	1
7152	2
7153	2
7154	2
7155	2
7156	3
7157	2
7158	2
7159	0
7160	0
7161	1
7162	2
7163	2
7164	3
7165	2
7166	2
7167	2
7168	2
7169	2
7170	0
7171	1
7172	2
7173	2
7174	2
7175	1
7176	0
7177	3
7178	3
7179	2
7180	2
7181	0
7182	1
7183	3
7184	3
7185	0
7186	1
7187	2
7188	0
7189	0
7190	2
7191	2
7192	2
7193	2
7194	2
7195	2
7196	0
7197	3
7198	2
7199	2
7200	2
7201	3
7202	2
7203	3
7204	2
7205	2
7206	2
7207	2
7208	2
7209	2
7210	2
7211	2
7212	2
7213	2
7214	0
7215	2
7216	3
7217	2
7218	2
7219	2
7220	0
7221	0
7222	2
7223	2
7224	2
7225	2
7226	2
7227	0
7228	0
7229	2
7230	2
7231	0
7232	2
7233	3
7234	0
7235	0
7236	2
7237	3
7238	2
7239	2
7240	2
7241	1
7242	3
7243	3
7244	2
7245	0
7246	2
7247	2
7248	2
7249	2
7250	2
7251	2
7252	2
7253	1
7254	2
7255	2
7256	2
7257	2
7258	2
7259	2
7260	2
7261	2
7262	0
7263	2
7264	2
7265	3
7266	3
7267	0
7268	2
7269	2
7270	0
7271	2
7272	2
7273	3
7274	0
7275	2
7276	2
7277	2
7278	2
7279	2
7280	3
7281	2
7282	1
7283	3
7284	2
7285	2
7286	2
7287	2
7288	2
7289	0
7290	1
7291	2
7292	3
7293	2
7294	0
7295	2
7296	3
7297	2
7298	2
7299	2
7300	2
7301	2
7302	3
7303	2
7304	2
7305	2
7306	3
7307	2
7308	3
7309	2
7310	0
7311	0
7312	2
7313	2
7314	2
7315	2
7316	2
7317	2
7318	2
7319	3
7320	3
7321	2
7322	2
7323	1
7324	2
7325	3
7326	2
7327	2
7328	2
7329	2
7330	0
7331	2
7332	3
7333	0
7334	0
7335	2
7336	3
7337	3
7338	3
7339	0
7340	3
7341	3
7342	0
7343	2
7344	1
7345	2
7346	0
7347	2
7348	2
7349	2
7350	2
7351	2
7352	0
7353	2
7354	1
7355	2
7356	2
7357	1
7358	3
7359	1
7360	2
7361	0
7362	2
7363	2
7364	2
7365	2
7366	2
7367	2
7368	2
7369	2
7370	0
7371	2
7372	3
7373	2
7374	3
7375	2
7376	2
7377	0
7378	2
7379	2
7380	0
7381	1
7382	2
7383	2
7384	3
7385	2
7386	0
7387	3
7388	2
7389	2
7390	2
7391	0
7392	3
7393	3
7394	2
7395	2
7396	2
7397	0
7398	2
7399	2
7400	3
7401	2
7402	2
7403	0
7404	2
7405	3
7406	3
7407	3
7408	3
7409	2
7410	2
7411	3
7412	3
7413	2
7414	2
7415	2
7416	2
7417	1
7418	3
7419	1
7420	1
7421	2
7422	2
7423	2
7424	2
7425	2
7426	0
7427	3
7428	2
7429	2
7430	2
7431	2
7432	2
7433	3
7434	3
7435	2
7436	1
7437	1
7438	2
7439	2
7440	2
7441	0
7442	2
7443	2
7444	3
7445	2
7446	2
7447	2
7448	0
7449	2
7450	2
7451	2
7452	3
7453	0
7454	2
7455	0
7456	3
7457	3
7458	0
7459	0
7460	2
7461	3
7462	3
7463	2
7464	2
7465	2
7466	2
7467	3
7468	2
7469	3
7470	3
7471	1
7472	3
7473	2
7474	2
7475	2
7476	2
7477	2
7478	3
7479	2
7480	0
7481	2
7482	2
7483	1
7484	2
7485	2
7486	2
7487	0
7488	2
7489	0
7490	2
7491	2
7492	2
7493	3
7494	2
7495	2
7496	2
7497	2
7498	3
7499	1
7500	1
7501	2
7502	0
7503	1
7504	3
7505	3
7506	3
7507	2
7508	2
7509	3
7510	2
7511	2
7512	2
7513	3
7514	2
7515	2
7516	2
7517	2
7518	2
7519	3
7520	1
7521	2
7522	2
7523	0
7524	2
7525	0
7526	2
7527	2
7528	2
7529	2
7530	2
7531	3
7532	0
7533	3
7534	0
7535	1
7536	2
7537	3
7538	2
7539	0
7540	2
7541	1
7542	2
7543	0
7544	3
7545	0
7546	3
7547	1
7548	3
7549	2
7550	3
7551	2
7552	3
7553	2
7554	2
7555	1
7556	2
7557	1
7558	2
7559	3
7560	0
7561	0
7562	2
7563	2
7564	2
7565	2
7566	0
7567	0
7568	0
7569	2
7570	3
7571	2
7572	3
7573	2
7574	3
7575	0
7576	2
7577	2
7578	0
7579	2
7580	2
7581	2
7582	2
7583	2
7584	2
7585	3
7586	0
7587	2
7588	3
7589	0
7590	2
7591	1
7592	2
7593	3
7594	3
7595	2
7596	3
7597	1
7598	2
7599	2
7600	3
7601	2
7602	3
7603	2
7604	2
7605	2
7606	2
7607	2
7608	1
7609	2
7610	1
7611	2
7612	2
7613	2
7614	2
7615	2
7616	2
7617	0
7618	2
7619	2
7620	2
7621	2
7622	1
7623	2
7624	0
7625	1
7626	2
7627	2
7628	3
7629	2
7630	2
7631	2
7632	2
7633	2
7634	2
7635	2
7636	2
7637	2
7638	2
7639	2
7640	3
7641	2
7642	0
7643	2
7644	2
7645	2
7646	2
7647	2
7648	3
7649	2
7650	2
7651	2
7652	3
7653	0
7654	2
7655	3
7656	2
7657	2
7658	2
7659	0
7660	2
7661	2
7662	2
7663	3
7664	2
7665	2
7666	2
7667	0
7668	3
7669	3
7670	2
7671	1
7672	2
7673	2
7674	3
7675	3
7676	3
7677	2
7678	2
7679	2
7680	2
7681	3
7682	2
7683	3
7684	2
7685	2
7686	2
7687	0
7688	0
7689	3
7690	3
7691	2
7692	2
7693	0
7694	2
7695	0
7696	2
7697	0
7698	3
7699	0
7700	3
7701	2
7702	2
7703	3
7704	2
7705	2
7706	2
7707	2
7708	2
7709	2
7710	3
7711	2
7712	0
7713	3
7714	0
7715	3
7716	2
7717	2
7718	2
7719	2
7720	2
7721	0
7722	2
7723	2
7724	2
7725	2
7726	3
7727	2
7728	3
7729	2
7730	2
7731	2
7732	2
7733	2
7734	2
7735	3
7736	3
7737	3
7738	2
7739	1
7740	3
7741	2
7742	2
7743	0
7744	3
7745	3
7746	2
7747	2
7748	3
7749	3
7750	2
7751	2
7752	2
7753	2
7754	3
7755	1
7756	2
7757	0
7758	0
7759	2
7760	2
7761	2
7762	2
7763	2
7764	2
7765	1
7766	2
7767	2
7768	2
7769	2
7770	2
7771	2
7772	2
7773	2
7774	2
7775	2
7776	0
7777	3
7778	2
7779	2
7780	1
7781	2
7782	0
7783	2
7784	3
7785	1
7786	2
7787	2
7788	1
7789	2
7790	2
7791	3
7792	2
7793	3
7794	1
7795	3
7796	3
7797	2
7798	0
7799	2
7800	3
7801	2
7802	2
7803	2
7804	2
7805	0
7806	2
7807	2
7808	2
7809	2
7810	2
7811	0
7812	2
7813	2
7814	3
7815	3
7816	2
7817	2
7818	2
7819	2
7820	3
7821	2
7822	2
7823	1
7824	2
7825	0
7826	2
7827	2
7828	2
7829	2
7830	2
7831	3
7832	2
7833	3
7834	2
7835	2
7836	1
7837	2
7838	2
7839	2
7840	3
7841	2
7842	0
7843	2
7844	3
7845	2
7846	3
7847	3
7848	3
7849	3
7850	2
7851	1
7852	3
7853	0
7854	2
7855	2
7856	2
7857	2
7858	0
7859	2
7860	2
7861	2
7862	2
7863	3
7864	2
7865	2
7866	2
7867	3
7868	2
7869	0
7870	2
7871	2
7872	2
7873	0
7874	2
7875	3
7876	2
7877	2
7878	2
7879	2
7880	2
7881	2
7882	2
7883	0
7884	2
7885	2
7886	2
7887	2
7888	2
7889	2
7890	2
7891	2
7892	0
7893	2
7894	2
7895	3
7896	2
7897	2
7898	0
7899	2
7900	3
7901	1
7902	2
7903	3
7904	3
7905	3
7906	2
7907	2
7908	2
7909	2
7910	3
7911	2
7912	2
7913	2
7914	3
7915	2
7916	2
7917	2
7918	3
7919	2
7920	2
7921	2
7922	1
7923	2
7924	2
7925	3
7926	2
7927	0
7928	2
7929	0
7930	2
7931	0
7932	0
7933	2
7934	2
7935	2
7936	2
7937	2
7938	2
7939	2
7940	2
7941	2
7942	3
7943	2
7944	0
7945	3
7946	3
7947	3
7948	2
7949	0
7950	2
7951	0
7952	2
7953	0
7954	2
7955	2
7956	2
7957	2
7958	2
7959	3
7960	2
7961	3
7962	2
7963	2
7964	2
7965	2
7966	2
7967	2
7968	0
7969	3
7970	3
7971	3
7972	2
7973	2
7974	3
7975	2
7976	1
7977	0
7978	2
7979	2
7980	2
7981	2
7982	2
7983	0
7984	3
7985	2
7986	0
7987	2
7988	3
7989	2
7990	0
7991	2
7992	1
7993	2
7994	2
7995	0
7996	0
7997	2
7998	0
7999	2
8000	2
8001	2
8002	2
8003	2
8004	3
8005	3
8006	2
8007	2
8008	2
8009	2
8010	3
8011	0
8012	2
8013	0
8014	0
8015	0
8016	2
8017	2
8018	3
8019	2
8020	2
8021	3
8022	2
8023	2
8024	2
8025	2
8026	0
8027	2
8028	2
8029	2
8030	1
8031	2
8032	0
8033	2
8034	2
8035	0
8036	0
8037	2
8038	2
8039	2
8040	2
8041	2
8042	3
8043	1
8044	3
8045	2
8046	2
8047	2
8048	0
8049	2
8050	3
8051	3
8052	2
8053	2
8054	0
8055	0
8056	3
8057	0
8058	2
8059	2
8060	2
8061	2
8062	1
8063	2
8064	1
8065	2
8066	2
8067	2
8068	2
8069	2
8070	2
8071	2
8072	2
8073	2
8074	3
8075	2
8076	2
8077	2
8078	1
8079	2
8080	2
8081	2
8082	2
8083	0
8084	2
8085	2
8086	2
8087	2
8088	2
8089	3
8090	2
8091	2
8092	3
8093	3
8094	1
8095	3
8096	2
8097	2
8098	0
8099	0
8100	3
8101	2
8102	2
8103	0
8104	2
8105	2
8106	2
8107	3
8108	3
8109	2
8110	2
8111	2
8112	2
8113	2
8114	2
8115	2
8116	2
8117	2
8118	2
8119	3
8120	2
8121	2
8122	2
8123	3
8124	2
8125	2
8126	2
8127	2
8128	2
8129	0
8130	2
8131	0
8132	2
8133	2
8134	2
8135	2
8136	2
8137	2
8138	2
8139	3
8140	3
8141	2
8142	2
8143	2
8144	2
8145	2
8146	0
8147	2
8148	2
8149	2
8150	2
8151	2
8152	3
8153	2
8154	0
8155	2
8156	2
8157	2
8158	2
8159	0
8160	2
8161	2
8162	2
8163	2
8164	2
8165	3
8166	2
8167	2
8168	2
8169	2
8170	2
8171	2
8172	2
8173	2
8174	0
8175	3
8176	2
8177	3
8178	0
8179	2
8180	3
8181	2
8182	2
8183	1
8184	2
8185	1
8186	2
8187	1
8188	0
8189	2
8190	0
8191	2
