COMMAND
./sim gshare 11 9 ./proj2-traces/perl_trace.txt
OUTPUT
number of predictions:2000000
number of mispredictions:178293
misprediction rate:   8.91%
FINAL GSHARE CONTENTS
0	3
1	3
2	3
3	3
4	3
5	3
6	0
7	3
8	3
9	3
10	0
11	3
12	2
13	0
14	3
15	2
16	3
17	0
18	3
19	0
20	3
21	0
22	1
23	3
24	3
25	0
26	0
27	0
28	0
29	3
30	0
31	0
32	3
33	1
34	3
35	0
36	3
37	1
38	2
39	1
40	0
41	1
42	0
43	0
44	3
45	3
46	0
47	0
48	3
49	0
50	0
51	0
52	0
53	1
54	3
55	0
56	0
57	2
58	3
59	0
60	3
61	0
62	0
63	0
64	1
65	1
66	0
67	3
68	1
69	1
70	0
71	3
72	0
73	2
74	3
75	1
76	0
77	0
78	1
79	2
80	0
81	1
82	3
83	3
84	1
85	0
86	3
87	3
88	3
89	1
90	0
91	3
92	0
93	0
94	3
95	3
96	2
97	3
98	3
99	3
100	3
101	0
102	3
103	0
104	3
105	1
106	0
107	3
108	3
109	3
110	0
111	3
112	3
113	1
114	3
115	1
116	3
117	3
118	3
119	1
120	3
121	3
122	3
123	2
124	3
125	3
126	3
127	1
128	0
129	3
130	0
131	2
132	0
133	3
134	2
135	3
136	1
137	3
138	3
139	3
140	1
141	3
142	0
143	3
144	1
145	3
146	3
147	0
148	2
149	0
150	2
151	0
152	2
153	3
154	3
155	3
156	3
157	0
158	3
159	2
160	0
161	3
162	3
163	3
164	0
165	3
166	0
167	2
168	0
169	3
170	0
171	3
172	0
173	2
174	0
175	3
176	3
177	3
178	3
179	3
180	0
181	1
182	0
183	3
184	0
185	3
186	1
187	3
188	3
189	3
190	3
191	2
192	2
193	0
194	0
195	3
196	3
197	0
198	0
199	3
200	3
201	0
202	3
203	3
204	3
205	2
206	0
207	0
208	0
209	1
210	0
211	3
212	2
213	2
214	0
215	0
216	3
217	2
218	0
219	3
220	3
221	2
222	0
223	3
224	0
225	3
226	3
227	0
228	0
229	3
230	0
231	3
232	0
233	3
234	0
235	3
236	3
237	3
238	1
239	2
240	0
241	0
242	3
243	0
244	2
245	1
246	3
247	2
248	3
249	0
250	0
251	3
252	1
253	0
254	3
255	1
256	3
257	3
258	3
259	3
260	2
261	0
262	3
263	0
264	3
265	3
266	2
267	3
268	3
269	3
270	1
271	2
272	3
273	3
274	0
275	3
276	3
277	3
278	2
279	0
280	3
281	3
282	0
283	1
284	1
285	2
286	3
287	2
288	0
289	3
290	3
291	1
292	3
293	0
294	0
295	0
296	3
297	2
298	3
299	3
300	3
301	2
302	0
303	0
304	3
305	3
306	0
307	0
308	0
309	2
310	2
311	0
312	2
313	3
314	1
315	0
316	0
317	0
318	3
319	0
320	3
321	0
322	3
323	1
324	3
325	3
326	3
327	3
328	3
329	2
330	3
331	3
332	3
333	3
334	2
335	2
336	1
337	0
338	0
339	2
340	2
341	1
342	1
343	3
344	3
345	0
346	3
347	0
348	0
349	0
350	3
351	0
352	2
353	0
354	3
355	0
356	2
357	3
358	3
359	0
360	1
361	3
362	2
363	3
364	2
365	3
366	3
367	3
368	3
369	1
370	3
371	3
372	0
373	0
374	0
375	3
376	3
377	0
378	0
379	2
380	3
381	0
382	3
383	1
384	3
385	0
386	0
387	3
388	0
389	3
390	3
391	0
392	3
393	2
394	3
395	0
396	0
397	3
398	3
399	3
400	3
401	3
402	1
403	0
404	1
405	0
406	0
407	0
408	0
409	0
410	3
411	1
412	0
413	0
414	0
415	3
416	2
417	3
418	0
419	3
420	3
421	3
422	2
423	1
424	3
425	3
426	0
427	3
428	3
429	0
430	0
431	0
432	0
433	3
434	3
435	3
436	0
437	3
438	0
439	3
440	0
441	1
442	3
443	2
444	3
445	2
446	2
447	3
448	3
449	1
450	0
451	3
452	3
453	1
454	0
455	3
456	1
457	0
458	0
459	3
460	0
461	0
462	0
463	3
464	3
465	3
466	0
467	3
468	3
469	0
470	3
471	1
472	3
473	0
474	0
475	3
476	3
477	0
478	0
479	3
480	3
481	0
482	3
483	0
484	2
485	2
486	1
487	0
488	3
489	2
490	0
491	3
492	3
493	0
494	2
495	3
496	3
497	0
498	0
499	2
500	1
501	0
502	0
503	3
504	3
505	3
506	0
507	3
508	3
509	0
510	3
511	3
512	2
513	0
514	3
515	3
516	3
517	0
518	0
519	1
520	0
521	0
522	0
523	3
524	0
525	0
526	2
527	0
528	0
529	0
530	3
531	3
532	0
533	0
534	0
535	0
536	2
537	2
538	0
539	3
540	0
541	0
542	0
543	2
544	0
545	0
546	0
547	3
548	1
549	3
550	0
551	2
552	0
553	1
554	0
555	0
556	3
557	3
558	0
559	0
560	0
561	3
562	0
563	0
564	0
565	3
566	3
567	3
568	2
569	3
570	3
571	3
572	0
573	3
574	3
575	1
576	3
577	2
578	3
579	3
580	1
581	0
582	0
583	3
584	3
585	3
586	3
587	3
588	3
589	0
590	1
591	1
592	3
593	1
594	0
595	0
596	3
597	0
598	0
599	3
600	1
601	0
602	0
603	0
604	3
605	0
606	2
607	0
608	2
609	0
610	3
611	0
612	2
613	0
614	0
615	0
616	2
617	0
618	3
619	0
620	1
621	1
622	0
623	3
624	2
625	2
626	0
627	0
628	0
629	0
630	3
631	0
632	1
633	0
634	3
635	0
636	0
637	0
638	3
639	0
640	3
641	3
642	1
643	2
644	2
645	3
646	3
647	2
648	2
649	2
650	3
651	0
652	3
653	1
654	3
655	3
656	3
657	3
658	0
659	0
660	3
661	3
662	3
663	1
664	3
665	1
666	3
667	0
668	3
669	3
670	3
671	3
672	3
673	2
674	0
675	0
676	3
677	3
678	1
679	2
680	3
681	0
682	0
683	0
684	2
685	3
686	2
687	1
688	2
689	3
690	3
691	3
692	0
693	3
694	3
695	3
696	3
697	0
698	3
699	3
700	3
701	2
702	3
703	0
704	3
705	0
706	0
707	0
708	0
709	3
710	0
711	0
712	1
713	3
714	3
715	0
716	3
717	3
718	0
719	0
720	0
721	3
722	3
723	0
724	3
725	0
726	0
727	2
728	0
729	3
730	1
731	0
732	0
733	3
734	0
735	1
736	3
737	1
738	3
739	0
740	0
741	0
742	3
743	3
744	3
745	0
746	0
747	3
748	3
749	0
750	0
751	0
752	0
753	0
754	0
755	0
756	3
757	3
758	0
759	2
760	3
761	0
762	3
763	0
764	2
765	0
766	0
767	1
768	3
769	3
770	0
771	2
772	3
773	3
774	0
775	2
776	0
777	2
778	3
779	3
780	3
781	3
782	2
783	3
784	0
785	3
786	3
787	3
788	3
789	0
790	2
791	0
792	3
793	3
794	2
795	3
796	3
797	3
798	0
799	2
800	0
801	0
802	0
803	2
804	0
805	0
806	3
807	3
808	3
809	0
810	3
811	0
812	2
813	0
814	3
815	0
816	0
817	3
818	2
819	0
820	3
821	0
822	2
823	2
824	3
825	3
826	3
827	2
828	0
829	0
830	3
831	0
832	3
833	3
834	3
835	1
836	0
837	1
838	0
839	2
840	0
841	0
842	2
843	2
844	0
845	2
846	0
847	3
848	0
849	3
850	3
851	2
852	3
853	3
854	3
855	0
856	3
857	3
858	0
859	2
860	3
861	0
862	3
863	3
864	3
865	3
866	0
867	0
868	3
869	3
870	0
871	0
872	3
873	3
874	0
875	0
876	3
877	3
878	3
879	0
880	3
881	1
882	3
883	2
884	0
885	3
886	0
887	3
888	3
889	3
890	3
891	1
892	2
893	2
894	3
895	0
896	3
897	3
898	3
899	3
900	0
901	0
902	0
903	0
904	3
905	0
906	3
907	3
908	3
909	0
910	0
911	0
912	3
913	3
914	0
915	2
916	3
917	2
918	0
919	3
920	3
921	3
922	3
923	0
924	3
925	3
926	3
927	0
928	3
929	1
930	3
931	3
932	2
933	0
934	0
935	0
936	3
937	1
938	3
939	1
940	3
941	3
942	3
943	3
944	0
945	3
946	3
947	0
948	3
949	2
950	0
951	3
952	0
953	0
954	0
955	3
956	2
957	3
958	3
959	0
960	3
961	0
962	0
963	3
964	3
965	2
966	0
967	1
968	3
969	3
970	3
971	2
972	0
973	3
974	0
975	1
976	0
977	2
978	1
979	0
980	3
981	3
982	2
983	0
984	0
985	3
986	0
987	3
988	0
989	0
990	3
991	0
992	1
993	1
994	3
995	1
996	3
997	3
998	2
999	3
1000	0
1001	0
1002	3
1003	1
1004	0
1005	3
1006	0
1007	0
1008	3
1009	0
1010	0
1011	3
1012	3
1013	3
1014	0
1015	0
1016	0
1017	3
1018	0
1019	0
1020	3
1021	3
1022	2
1023	3
1024	3
1025	0
1026	3
1027	0
1028	3
1029	0
1030	3
1031	2
1032	3
1033	0
1034	3
1035	0
1036	3
1037	0
1038	2
1039	0
1040	3
1041	3
1042	2
1043	0
1044	3
1045	0
1046	3
1047	0
1048	3
1049	1
1050	2
1051	0
1052	3
1053	3
1054	3
1055	0
1056	3
1057	0
1058	3
1059	0
1060	0
1061	0
1062	3
1063	0
1064	3
1065	0
1066	3
1067	0
1068	3
1069	0
1070	0
1071	0
1072	3
1073	2
1074	3
1075	3
1076	0
1077	0
1078	3
1079	0
1080	0
1081	3
1082	0
1083	0
1084	0
1085	0
1086	0
1087	2
1088	3
1089	1
1090	3
1091	1
1092	3
1093	0
1094	3
1095	2
1096	3
1097	3
1098	3
1099	0
1100	3
1101	2
1102	3
1103	0
1104	1
1105	0
1106	0
1107	3
1108	3
1109	0
1110	3
1111	2
1112	2
1113	0
1114	1
1115	0
1116	3
1117	3
1118	3
1119	0
1120	2
1121	0
1122	3
1123	2
1124	3
1125	0
1126	0
1127	2
1128	3
1129	0
1130	0
1131	0
1132	3
1133	0
1134	0
1135	0
1136	2
1137	0
1138	2
1139	1
1140	0
1141	0
1142	3
1143	0
1144	3
1145	0
1146	3
1147	3
1148	3
1149	3
1150	3
1151	3
1152	0
1153	0
1154	0
1155	2
1156	0
1157	0
1158	3
1159	3
1160	2
1161	3
1162	3
1163	3
1164	3
1165	3
1166	3
1167	3
1168	0
1169	2
1170	3
1171	3
1172	2
1173	1
1174	3
1175	3
1176	1
1177	0
1178	0
1179	3
1180	3
1181	1
1182	3
1183	3
1184	3
1185	1
1186	1
1187	1
1188	2
1189	2
1190	3
1191	0
1192	3
1193	2
1194	3
1195	0
1196	0
1197	0
1198	1
1199	0
1200	3
1201	0
1202	3
1203	1
1204	3
1205	0
1206	3
1207	1
1208	1
1209	0
1210	2
1211	3
1212	3
1213	0
1214	2
1215	1
1216	3
1217	2
1218	1
1219	3
1220	0
1221	3
1222	3
1223	2
1224	3
1225	0
1226	3
1227	2
1228	3
1229	3
1230	0
1231	3
1232	0
1233	0
1234	0
1235	3
1236	0
1237	3
1238	3
1239	2
1240	0
1241	1
1242	0
1243	3
1244	0
1245	0
1246	1
1247	2
1248	2
1249	3
1250	3
1251	0
1252	3
1253	0
1254	0
1255	0
1256	2
1257	0
1258	3
1259	0
1260	3
1261	0
1262	3
1263	1
1264	3
1265	3
1266	3
1267	2
1268	2
1269	2
1270	0
1271	0
1272	3
1273	1
1274	0
1275	0
1276	3
1277	0
1278	3
1279	0
1280	3
1281	3
1282	0
1283	0
1284	3
1285	0
1286	0
1287	0
1288	3
1289	0
1290	0
1291	0
1292	1
1293	3
1294	0
1295	0
1296	3
1297	3
1298	0
1299	3
1300	3
1301	3
1302	3
1303	2
1304	2
1305	0
1306	3
1307	0
1308	0
1309	0
1310	2
1311	3
1312	2
1313	3
1314	0
1315	0
1316	1
1317	0
1318	3
1319	0
1320	3
1321	3
1322	0
1323	0
1324	0
1325	0
1326	1
1327	0
1328	3
1329	3
1330	0
1331	0
1332	0
1333	3
1334	0
1335	3
1336	3
1337	3
1338	3
1339	2
1340	3
1341	2
1342	0
1343	1
1344	2
1345	3
1346	3
1347	1
1348	3
1349	2
1350	3
1351	3
1352	3
1353	0
1354	3
1355	0
1356	2
1357	0
1358	3
1359	3
1360	0
1361	1
1362	3
1363	3
1364	3
1365	3
1366	3
1367	0
1368	3
1369	0
1370	1
1371	0
1372	0
1373	3
1374	3
1375	3
1376	1
1377	3
1378	0
1379	0
1380	3
1381	2
1382	0
1383	1
1384	2
1385	1
1386	0
1387	3
1388	3
1389	3
1390	2
1391	2
1392	3
1393	2
1394	3
1395	0
1396	0
1397	3
1398	0
1399	0
1400	3
1401	3
1402	3
1403	0
1404	3
1405	3
1406	3
1407	1
1408	3
1409	2
1410	3
1411	0
1412	3
1413	1
1414	3
1415	0
1416	3
1417	3
1418	3
1419	1
1420	0
1421	2
1422	1
1423	3
1424	3
1425	0
1426	1
1427	1
1428	0
1429	3
1430	2
1431	3
1432	3
1433	0
1434	0
1435	0
1436	3
1437	0
1438	3
1439	2
1440	0
1441	3
1442	3
1443	3
1444	3
1445	2
1446	1
1447	3
1448	3
1449	2
1450	0
1451	0
1452	2
1453	3
1454	1
1455	0
1456	3
1457	0
1458	1
1459	2
1460	0
1461	0
1462	2
1463	3
1464	0
1465	3
1466	3
1467	0
1468	0
1469	0
1470	0
1471	3
1472	3
1473	0
1474	3
1475	0
1476	2
1477	0
1478	0
1479	3
1480	3
1481	2
1482	3
1483	0
1484	1
1485	1
1486	3
1487	0
1488	3
1489	3
1490	2
1491	0
1492	2
1493	2
1494	3
1495	0
1496	2
1497	3
1498	3
1499	3
1500	0
1501	2
1502	2
1503	3
1504	1
1505	3
1506	3
1507	3
1508	3
1509	2
1510	1
1511	3
1512	0
1513	3
1514	3
1515	2
1516	3
1517	2
1518	3
1519	3
1520	3
1521	0
1522	0
1523	0
1524	3
1525	1
1526	2
1527	2
1528	3
1529	3
1530	1
1531	2
1532	2
1533	3
1534	3
1535	3
1536	2
1537	0
1538	1
1539	2
1540	2
1541	0
1542	0
1543	0
1544	3
1545	0
1546	0
1547	3
1548	2
1549	0
1550	0
1551	3
1552	3
1553	3
1554	0
1555	2
1556	0
1557	1
1558	3
1559	3
1560	3
1561	0
1562	2
1563	3
1564	0
1565	1
1566	0
1567	3
1568	0
1569	0
1570	3
1571	0
1572	3
1573	0
1574	0
1575	3
1576	3
1577	0
1578	2
1579	0
1580	3
1581	0
1582	3
1583	0
1584	0
1585	0
1586	0
1587	0
1588	0
1589	0
1590	0
1591	0
1592	3
1593	3
1594	0
1595	3
1596	1
1597	1
1598	3
1599	3
1600	3
1601	0
1602	3
1603	3
1604	0
1605	2
1606	0
1607	3
1608	3
1609	0
1610	3
1611	0
1612	3
1613	0
1614	0
1615	3
1616	3
1617	0
1618	1
1619	3
1620	0
1621	0
1622	1
1623	0
1624	2
1625	0
1626	1
1627	0
1628	3
1629	0
1630	1
1631	0
1632	0
1633	3
1634	3
1635	0
1636	1
1637	2
1638	0
1639	2
1640	3
1641	1
1642	0
1643	0
1644	3
1645	0
1646	3
1647	2
1648	0
1649	0
1650	0
1651	0
1652	0
1653	0
1654	2
1655	3
1656	3
1657	0
1658	3
1659	1
1660	2
1661	0
1662	0
1663	0
1664	0
1665	2
1666	1
1667	2
1668	3
1669	0
1670	3
1671	3
1672	0
1673	0
1674	3
1675	3
1676	3
1677	0
1678	3
1679	3
1680	0
1681	2
1682	3
1683	0
1684	0
1685	0
1686	2
1687	3
1688	3
1689	1
1690	3
1691	3
1692	0
1693	3
1694	3
1695	3
1696	3
1697	0
1698	3
1699	3
1700	1
1701	0
1702	0
1703	3
1704	0
1705	1
1706	3
1707	0
1708	3
1709	2
1710	0
1711	0
1712	3
1713	1
1714	3
1715	2
1716	0
1717	0
1718	0
1719	3
1720	3
1721	3
1722	3
1723	0
1724	3
1725	0
1726	2
1727	3
1728	1
1729	1
1730	1
1731	0
1732	3
1733	2
1734	2
1735	2
1736	0
1737	2
1738	0
1739	1
1740	0
1741	0
1742	2
1743	3
1744	0
1745	0
1746	3
1747	0
1748	3
1749	0
1750	0
1751	3
1752	3
1753	0
1754	3
1755	1
1756	3
1757	3
1758	3
1759	0
1760	0
1761	0
1762	0
1763	1
1764	0
1765	0
1766	1
1767	2
1768	0
1769	0
1770	3
1771	1
1772	3
1773	0
1774	0
1775	0
1776	3
1777	3
1778	0
1779	2
1780	3
1781	3
1782	3
1783	3
1784	0
1785	0
1786	0
1787	3
1788	3
1789	2
1790	3
1791	3
1792	3
1793	0
1794	1
1795	0
1796	3
1797	0
1798	0
1799	3
1800	3
1801	3
1802	3
1803	3
1804	3
1805	3
1806	3
1807	0
1808	3
1809	3
1810	2
1811	0
1812	0
1813	0
1814	3
1815	0
1816	3
1817	3
1818	0
1819	0
1820	3
1821	0
1822	3
1823	0
1824	0
1825	0
1826	0
1827	2
1828	3
1829	0
1830	3
1831	3
1832	3
1833	3
1834	3
1835	2
1836	3
1837	0
1838	3
1839	0
1840	3
1841	0
1842	3
1843	2
1844	3
1845	3
1846	3
1847	0
1848	1
1849	0
1850	0
1851	3
1852	0
1853	0
1854	3
1855	3
1856	3
1857	2
1858	0
1859	0
1860	2
1861	0
1862	0
1863	3
1864	0
1865	0
1866	2
1867	3
1868	2
1869	3
1870	3
1871	0
1872	3
1873	0
1874	3
1875	3
1876	3
1877	0
1878	0
1879	3
1880	3
1881	3
1882	3
1883	3
1884	3
1885	0
1886	3
1887	3
1888	0
1889	0
1890	3
1891	3
1892	2
1893	3
1894	0
1895	3
1896	0
1897	0
1898	3
1899	0
1900	3
1901	0
1902	0
1903	2
1904	3
1905	3
1906	0
1907	1
1908	0
1909	0
1910	3
1911	1
1912	2
1913	0
1914	3
1915	3
1916	2
1917	1
1918	0
1919	3
1920	3
1921	0
1922	3
1923	3
1924	0
1925	0
1926	3
1927	0
1928	3
1929	2
1930	3
1931	0
1932	0
1933	2
1934	3
1935	0
1936	3
1937	1
1938	3
1939	3
1940	3
1941	0
1942	3
1943	1
1944	0
1945	0
1946	0
1947	0
1948	3
1949	3
1950	3
1951	0
1952	1
1953	2
1954	0
1955	2
1956	0
1957	0
1958	1
1959	2
1960	2
1961	3
1962	1
1963	0
1964	3
1965	0
1966	3
1967	0
1968	3
1969	0
1970	3
1971	3
1972	3
1973	0
1974	3
1975	3
1976	0
1977	0
1978	0
1979	3
1980	3
1981	0
1982	3
1983	3
1984	3
1985	2
1986	2
1987	3
1988	3
1989	3
1990	0
1991	3
1992	3
1993	0
1994	0
1995	3
1996	1
1997	0
1998	0
1999	3
2000	3
2001	0
2002	3
2003	2
2004	1
2005	0
2006	3
2007	3
2008	2
2009	0
2010	0
2011	2
2012	0
2013	2
2014	3
2015	3
2016	2
2017	3
2018	0
2019	0
2020	0
2021	0
2022	3
2023	3
2024	3
2025	3
2026	1
2027	0
2028	3
2029	3
2030	0
2031	0
2032	3
2033	0
2034	3
2035	0
2036	3
2037	0
2038	3
2039	0
2040	3
2041	3
2042	3
2043	2
2044	3
2045	0
2046	0
2047	2
