COMMAND
./sim gshare 11 11 ./proj2-traces/jpeg_trace.txt
OUTPUT
number of predictions:2000000
number of mispredictions:153110
misprediction rate:   7.66%
FINAL GSHARE CONTENTS
0	3
1	0
2	3
3	1
4	0
5	3
6	1
7	2
8	2
9	3
10	3
11	3
12	1
13	2
14	3
15	3
16	3
17	0
18	3
19	0
20	0
21	0
22	0
23	2
24	0
25	1
26	1
27	1
28	2
29	0
30	3
31	3
32	3
33	3
34	0
35	3
36	3
37	0
38	3
39	3
40	3
41	1
42	3
43	3
44	0
45	0
46	3
47	3
48	0
49	3
50	0
51	0
52	2
53	3
54	0
55	0
56	0
57	0
58	0
59	0
60	0
61	0
62	1
63	1
64	0
65	3
66	0
67	0
68	0
69	3
70	3
71	3
72	0
73	1
74	3
75	3
76	1
77	0
78	1
79	3
80	0
81	2
82	0
83	3
84	0
85	3
86	0
87	2
88	0
89	0
90	0
91	0
92	0
93	3
94	0
95	0
96	0
97	0
98	2
99	1
100	3
101	0
102	2
103	0
104	2
105	1
106	3
107	1
108	3
109	0
110	2
111	0
112	3
113	3
114	1
115	0
116	3
117	0
118	3
119	0
120	0
121	3
122	0
123	0
124	2
125	0
126	3
127	1
128	0
129	0
130	0
131	0
132	0
133	3
134	0
135	0
136	0
137	3
138	1
139	3
140	3
141	3
142	1
143	3
144	3
145	1
146	3
147	2
148	0
149	0
150	3
151	3
152	3
153	0
154	3
155	3
156	2
157	3
158	0
159	3
160	3
161	3
162	3
163	3
164	3
165	3
166	3
167	2
168	3
169	1
170	3
171	1
172	3
173	3
174	3
175	3
176	3
177	3
178	1
179	3
180	0
181	2
182	1
183	1
184	2
185	3
186	3
187	3
188	3
189	3
190	3
191	2
192	2
193	0
194	1
195	3
196	3
197	3
198	1
199	3
200	3
201	3
202	3
203	0
204	3
205	3
206	3
207	3
208	2
209	3
210	1
211	3
212	3
213	3
214	2
215	3
216	1
217	3
218	0
219	3
220	0
221	3
222	1
223	2
224	3
225	3
226	3
227	3
228	3
229	0
230	0
231	3
232	3
233	3
234	3
235	2
236	3
237	3
238	3
239	0
240	3
241	3
242	3
243	3
244	1
245	3
246	0
247	1
248	0
249	3
250	0
251	0
252	0
253	0
254	0
255	0
256	1
257	0
258	2
259	1
260	3
261	0
262	1
263	1
264	3
265	2
266	1
267	3
268	3
269	1
270	1
271	3
272	3
273	3
274	1
275	3
276	0
277	0
278	3
279	3
280	3
281	1
282	3
283	3
284	3
285	0
286	3
287	3
288	3
289	0
290	3
291	3
292	2
293	0
294	3
295	3
296	3
297	3
298	3
299	3
300	3
301	3
302	3
303	2
304	3
305	2
306	1
307	3
308	3
309	3
310	3
311	3
312	0
313	3
314	0
315	1
316	2
317	0
318	0
319	2
320	1
321	2
322	0
323	0
324	0
325	2
326	1
327	3
328	3
329	3
330	3
331	3
332	3
333	3
334	0
335	3
336	1
337	2
338	1
339	3
340	0
341	0
342	0
343	0
344	0
345	0
346	1
347	0
348	3
349	0
350	0
351	0
352	1
353	3
354	1
355	1
356	3
357	3
358	1
359	3
360	3
361	3
362	3
363	3
364	3
365	3
366	3
367	2
368	3
369	3
370	1
371	1
372	3
373	3
374	3
375	2
376	0
377	0
378	0
379	0
380	0
381	0
382	3
383	0
384	1
385	0
386	0
387	1
388	3
389	0
390	2
391	0
392	3
393	3
394	3
395	3
396	3
397	3
398	3
399	3
400	3
401	3
402	0
403	0
404	0
405	0
406	3
407	1
408	0
409	0
410	3
411	1
412	1
413	3
414	3
415	3
416	0
417	3
418	1
419	3
420	2
421	3
422	0
423	0
424	3
425	0
426	3
427	0
428	0
429	1
430	0
431	2
432	3
433	3
434	1
435	0
436	3
437	3
438	2
439	3
440	1
441	3
442	1
443	3
444	0
445	3
446	2
447	2
448	3
449	3
450	0
451	0
452	2
453	2
454	3
455	3
456	2
457	0
458	0
459	3
460	0
461	3
462	3
463	3
464	3
465	0
466	3
467	0
468	3
469	2
470	0
471	3
472	3
473	2
474	0
475	0
476	2
477	3
478	1
479	3
480	3
481	3
482	1
483	3
484	3
485	1
486	3
487	2
488	3
489	3
490	3
491	2
492	1
493	0
494	0
495	0
496	0
497	0
498	1
499	0
500	0
501	0
502	3
503	3
504	3
505	3
506	0
507	3
508	2
509	1
510	0
511	0
512	3
513	0
514	3
515	1
516	0
517	3
518	3
519	0
520	3
521	2
522	3
523	0
524	2
525	0
526	0
527	1
528	0
529	3
530	2
531	0
532	0
533	0
534	2
535	3
536	0
537	0
538	0
539	3
540	0
541	3
542	0
543	1
544	1
545	3
546	0
547	3
548	0
549	0
550	0
551	3
552	0
553	3
554	1
555	3
556	3
557	1
558	2
559	0
560	3
561	0
562	3
563	0
564	0
565	0
566	0
567	2
568	3
569	2
570	0
571	3
572	2
573	0
574	3
575	3
576	1
577	0
578	0
579	0
580	3
581	3
582	3
583	3
584	0
585	3
586	1
587	3
588	0
589	2
590	0
591	3
592	3
593	2
594	0
595	0
596	0
597	0
598	3
599	2
600	1
601	2
602	2
603	0
604	1
605	0
606	0
607	0
608	0
609	0
610	0
611	0
612	2
613	3
614	3
615	3
616	0
617	3
618	3
619	3
620	0
621	0
622	3
623	3
624	0
625	2
626	0
627	0
628	3
629	3
630	3
631	3
632	0
633	0
634	0
635	0
636	2
637	0
638	1
639	3
640	3
641	0
642	0
643	1
644	2
645	3
646	3
647	3
648	0
649	3
650	0
651	3
652	1
653	3
654	0
655	1
656	3
657	3
658	3
659	3
660	1
661	3
662	3
663	3
664	0
665	3
666	0
667	0
668	1
669	3
670	0
671	3
672	0
673	3
674	3
675	0
676	0
677	3
678	0
679	3
680	3
681	3
682	0
683	1
684	0
685	3
686	3
687	1
688	0
689	0
690	0
691	2
692	3
693	2
694	3
695	2
696	3
697	3
698	3
699	3
700	3
701	3
702	1
703	1
704	0
705	3
706	3
707	2
708	0
709	3
710	0
711	3
712	3
713	0
714	0
715	3
716	3
717	3
718	0
719	2
720	3
721	2
722	0
723	3
724	3
725	2
726	3
727	3
728	0
729	0
730	3
731	0
732	3
733	3
734	3
735	3
736	1
737	3
738	2
739	0
740	1
741	3
742	3
743	3
744	2
745	3
746	2
747	3
748	3
749	3
750	3
751	0
752	3
753	1
754	3
755	3
756	3
757	3
758	3
759	3
760	3
761	3
762	3
763	3
764	3
765	0
766	1
767	3
768	3
769	3
770	3
771	0
772	3
773	2
774	1
775	3
776	1
777	3
778	1
779	1
780	2
781	3
782	0
783	1
784	0
785	3
786	3
787	3
788	3
789	1
790	0
791	3
792	0
793	0
794	2
795	0
796	2
797	3
798	2
799	0
800	2
801	1
802	0
803	2
804	0
805	2
806	3
807	3
808	0
809	0
810	0
811	3
812	1
813	0
814	3
815	3
816	3
817	3
818	1
819	0
820	0
821	0
822	0
823	0
824	3
825	1
826	1
827	0
828	0
829	0
830	0
831	0
832	3
833	3
834	1
835	1
836	2
837	3
838	3
839	1
840	1
841	0
842	0
843	1
844	2
845	3
846	1
847	3
848	3
849	1
850	0
851	2
852	3
853	2
854	2
855	0
856	0
857	0
858	0
859	0
860	0
861	0
862	0
863	0
864	0
865	0
866	0
867	0
868	0
869	0
870	0
871	0
872	0
873	0
874	0
875	0
876	0
877	1
878	0
879	0
880	0
881	3
882	0
883	3
884	0
885	0
886	0
887	0
888	3
889	2
890	0
891	0
892	3
893	3
894	0
895	3
896	0
897	1
898	0
899	0
900	0
901	2
902	0
903	3
904	0
905	3
906	2
907	3
908	3
909	0
910	3
911	3
912	3
913	0
914	1
915	0
916	0
917	3
918	1
919	1
920	3
921	2
922	3
923	3
924	3
925	3
926	3
927	2
928	0
929	0
930	3
931	0
932	0
933	3
934	0
935	0
936	3
937	3
938	0
939	3
940	0
941	0
942	1
943	0
944	0
945	0
946	0
947	0
948	0
949	0
950	2
951	3
952	2
953	3
954	0
955	0
956	3
957	3
958	2
959	0
960	0
961	0
962	3
963	0
964	0
965	0
966	0
967	0
968	3
969	0
970	3
971	2
972	3
973	3
974	0
975	1
976	0
977	2
978	0
979	1
980	0
981	3
982	0
983	0
984	3
985	3
986	3
987	1
988	3
989	3
990	0
991	1
992	2
993	3
994	0
995	0
996	3
997	2
998	0
999	0
1000	3
1001	1
1002	1
1003	0
1004	0
1005	3
1006	1
1007	3
1008	0
1009	0
1010	3
1011	3
1012	2
1013	1
1014	2
1015	2
1016	0
1017	0
1018	1
1019	0
1020	3
1021	0
1022	3
1023	0
1024	3
1025	3
1026	1
1027	0
1028	3
1029	0
1030	3
1031	2
1032	0
1033	3
1034	0
1035	3
1036	2
1037	3
1038	1
1039	3
1040	3
1041	0
1042	0
1043	3
1044	3
1045	0
1046	3
1047	2
1048	3
1049	3
1050	0
1051	2
1052	1
1053	3
1054	0
1055	3
1056	1
1057	2
1058	3
1059	2
1060	2
1061	3
1062	1
1063	1
1064	3
1065	3
1066	2
1067	3
1068	0
1069	3
1070	3
1071	3
1072	1
1073	3
1074	0
1075	3
1076	2
1077	3
1078	3
1079	3
1080	3
1081	3
1082	3
1083	1
1084	3
1085	3
1086	3
1087	1
1088	3
1089	3
1090	3
1091	1
1092	3
1093	3
1094	2
1095	3
1096	3
1097	3
1098	2
1099	3
1100	0
1101	3
1102	0
1103	3
1104	3
1105	3
1106	2
1107	3
1108	3
1109	3
1110	0
1111	3
1112	2
1113	3
1114	3
1115	2
1116	2
1117	3
1118	0
1119	0
1120	3
1121	3
1122	1
1123	1
1124	0
1125	3
1126	0
1127	3
1128	3
1129	3
1130	3
1131	0
1132	3
1133	0
1134	3
1135	2
1136	0
1137	3
1138	0
1139	3
1140	2
1141	3
1142	3
1143	3
1144	3
1145	0
1146	3
1147	1
1148	1
1149	0
1150	3
1151	1
1152	3
1153	3
1154	3
1155	3
1156	3
1157	3
1158	0
1159	0
1160	3
1161	3
1162	3
1163	3
1164	3
1165	3
1166	0
1167	3
1168	0
1169	3
1170	2
1171	3
1172	3
1173	1
1174	3
1175	3
1176	3
1177	3
1178	3
1179	3
1180	3
1181	3
1182	3
1183	3
1184	0
1185	3
1186	2
1187	0
1188	3
1189	3
1190	3
1191	0
1192	0
1193	0
1194	0
1195	0
1196	0
1197	2
1198	3
1199	3
1200	2
1201	0
1202	0
1203	0
1204	3
1205	0
1206	2
1207	3
1208	3
1209	3
1210	3
1211	3
1212	2
1213	0
1214	3
1215	3
1216	3
1217	3
1218	3
1219	3
1220	3
1221	3
1222	3
1223	3
1224	3
1225	3
1226	3
1227	3
1228	3
1229	3
1230	3
1231	3
1232	3
1233	3
1234	3
1235	3
1236	1
1237	3
1238	3
1239	3
1240	0
1241	0
1242	0
1243	0
1244	3
1245	0
1246	1
1247	2
1248	3
1249	3
1250	3
1251	2
1252	3
1253	3
1254	3
1255	3
1256	3
1257	0
1258	3
1259	3
1260	3
1261	0
1262	1
1263	3
1264	3
1265	3
1266	3
1267	3
1268	3
1269	3
1270	3
1271	3
1272	3
1273	2
1274	3
1275	3
1276	3
1277	3
1278	3
1279	3
1280	1
1281	3
1282	3
1283	1
1284	3
1285	3
1286	3
1287	2
1288	3
1289	3
1290	3
1291	3
1292	3
1293	3
1294	2
1295	0
1296	2
1297	1
1298	3
1299	3
1300	3
1301	3
1302	1
1303	3
1304	0
1305	2
1306	3
1307	3
1308	3
1309	3
1310	1
1311	3
1312	1
1313	3
1314	3
1315	3
1316	1
1317	3
1318	3
1319	0
1320	3
1321	3
1322	3
1323	3
1324	3
1325	3
1326	3
1327	0
1328	0
1329	3
1330	3
1331	0
1332	3
1333	3
1334	3
1335	0
1336	0
1337	0
1338	3
1339	0
1340	3
1341	2
1342	0
1343	2
1344	2
1345	3
1346	2
1347	3
1348	3
1349	3
1350	0
1351	0
1352	0
1353	1
1354	2
1355	0
1356	0
1357	0
1358	0
1359	3
1360	2
1361	0
1362	3
1363	0
1364	0
1365	2
1366	3
1367	1
1368	0
1369	3
1370	0
1371	3
1372	0
1373	3
1374	0
1375	2
1376	2
1377	3
1378	3
1379	3
1380	3
1381	3
1382	3
1383	3
1384	3
1385	3
1386	3
1387	3
1388	2
1389	3
1390	3
1391	2
1392	0
1393	1
1394	0
1395	2
1396	1
1397	0
1398	2
1399	2
1400	3
1401	2
1402	3
1403	3
1404	3
1405	3
1406	1
1407	3
1408	3
1409	2
1410	3
1411	0
1412	1
1413	0
1414	0
1415	0
1416	3
1417	3
1418	0
1419	0
1420	0
1421	0
1422	0
1423	3
1424	1
1425	3
1426	1
1427	2
1428	3
1429	3
1430	3
1431	3
1432	0
1433	0
1434	2
1435	1
1436	3
1437	0
1438	3
1439	3
1440	3
1441	2
1442	3
1443	3
1444	3
1445	3
1446	3
1447	3
1448	0
1449	3
1450	0
1451	0
1452	3
1453	3
1454	3
1455	1
1456	2
1457	2
1458	3
1459	1
1460	3
1461	1
1462	2
1463	3
1464	3
1465	2
1466	2
1467	3
1468	3
1469	0
1470	2
1471	2
1472	3
1473	3
1474	3
1475	3
1476	3
1477	3
1478	3
1479	2
1480	3
1481	3
1482	3
1483	3
1484	3
1485	0
1486	3
1487	3
1488	0
1489	3
1490	3
1491	3
1492	3
1493	3
1494	2
1495	3
1496	3
1497	3
1498	2
1499	3
1500	0
1501	3
1502	0
1503	3
1504	3
1505	3
1506	3
1507	3
1508	3
1509	0
1510	3
1511	3
1512	2
1513	3
1514	0
1515	2
1516	2
1517	3
1518	3
1519	3
1520	2
1521	0
1522	3
1523	3
1524	3
1525	0
1526	3
1527	1
1528	1
1529	2
1530	2
1531	3
1532	3
1533	3
1534	3
1535	3
1536	3
1537	3
1538	3
1539	3
1540	3
1541	3
1542	3
1543	3
1544	3
1545	3
1546	1
1547	0
1548	3
1549	3
1550	3
1551	3
1552	0
1553	1
1554	0
1555	0
1556	1
1557	2
1558	1
1559	3
1560	3
1561	3
1562	1
1563	1
1564	3
1565	3
1566	0
1567	3
1568	3
1569	2
1570	3
1571	0
1572	3
1573	3
1574	3
1575	2
1576	0
1577	0
1578	3
1579	0
1580	1
1581	0
1582	0
1583	0
1584	0
1585	3
1586	0
1587	3
1588	3
1589	3
1590	3
1591	3
1592	3
1593	3
1594	0
1595	3
1596	0
1597	2
1598	0
1599	1
1600	2
1601	0
1602	3
1603	3
1604	3
1605	3
1606	3
1607	2
1608	0
1609	2
1610	3
1611	0
1612	3
1613	1
1614	2
1615	0
1616	1
1617	0
1618	3
1619	3
1620	3
1621	0
1622	3
1623	3
1624	3
1625	3
1626	2
1627	0
1628	3
1629	3
1630	2
1631	3
1632	1
1633	3
1634	2
1635	2
1636	3
1637	3
1638	0
1639	0
1640	0
1641	0
1642	0
1643	0
1644	1
1645	1
1646	1
1647	0
1648	0
1649	0
1650	0
1651	0
1652	2
1653	1
1654	1
1655	0
1656	3
1657	3
1658	3
1659	3
1660	3
1661	0
1662	3
1663	0
1664	3
1665	3
1666	3
1667	3
1668	3
1669	3
1670	3
1671	3
1672	3
1673	3
1674	2
1675	3
1676	3
1677	3
1678	3
1679	3
1680	1
1681	2
1682	3
1683	3
1684	3
1685	3
1686	3
1687	3
1688	0
1689	0
1690	3
1691	2
1692	3
1693	3
1694	3
1695	3
1696	3
1697	3
1698	3
1699	3
1700	3
1701	3
1702	1
1703	3
1704	3
1705	1
1706	3
1707	3
1708	3
1709	3
1710	3
1711	3
1712	2
1713	3
1714	3
1715	3
1716	3
1717	3
1718	3
1719	3
1720	3
1721	3
1722	3
1723	0
1724	3
1725	3
1726	3
1727	3
1728	3
1729	3
1730	3
1731	3
1732	3
1733	3
1734	3
1735	3
1736	3
1737	3
1738	3
1739	1
1740	3
1741	3
1742	3
1743	1
1744	3
1745	3
1746	3
1747	3
1748	3
1749	3
1750	3
1751	3
1752	3
1753	3
1754	3
1755	2
1756	3
1757	3
1758	3
1759	3
1760	1
1761	0
1762	3
1763	3
1764	3
1765	3
1766	3
1767	3
1768	3
1769	1
1770	3
1771	1
1772	3
1773	3
1774	3
1775	3
1776	3
1777	3
1778	3
1779	0
1780	3
1781	3
1782	3
1783	0
1784	2
1785	3
1786	2
1787	3
1788	1
1789	0
1790	3
1791	3
1792	0
1793	3
1794	3
1795	3
1796	3
1797	3
1798	3
1799	3
1800	3
1801	3
1802	3
1803	3
1804	3
1805	3
1806	3
1807	0
1808	1
1809	3
1810	0
1811	1
1812	2
1813	0
1814	3
1815	3
1816	3
1817	3
1818	3
1819	3
1820	3
1821	3
1822	3
1823	3
1824	3
1825	2
1826	3
1827	3
1828	3
1829	3
1830	2
1831	3
1832	3
1833	2
1834	3
1835	2
1836	3
1837	3
1838	3
1839	3
1840	3
1841	3
1842	0
1843	3
1844	3
1845	3
1846	3
1847	3
1848	3
1849	3
1850	0
1851	1
1852	3
1853	3
1854	3
1855	2
1856	3
1857	3
1858	3
1859	3
1860	3
1861	3
1862	3
1863	3
1864	3
1865	3
1866	3
1867	3
1868	3
1869	3
1870	3
1871	3
1872	3
1873	3
1874	0
1875	3
1876	3
1877	3
1878	3
1879	3
1880	3
1881	3
1882	3
1883	3
1884	3
1885	3
1886	3
1887	3
1888	2
1889	0
1890	3
1891	3
1892	3
1893	2
1894	1
1895	1
1896	2
1897	1
1898	0
1899	3
1900	3
1901	2
1902	3
1903	1
1904	3
1905	1
1906	3
1907	3
1908	2
1909	0
1910	1
1911	2
1912	3
1913	3
1914	1
1915	2
1916	3
1917	2
1918	0
1919	3
1920	3
1921	3
1922	3
1923	3
1924	3
1925	3
1926	3
1927	3
1928	3
1929	3
1930	3
1931	3
1932	3
1933	2
1934	3
1935	2
1936	0
1937	3
1938	0
1939	3
1940	2
1941	3
1942	3
1943	3
1944	3
1945	3
1946	3
1947	3
1948	3
1949	2
1950	3
1951	3
1952	3
1953	3
1954	3
1955	3
1956	2
1957	3
1958	0
1959	3
1960	3
1961	3
1962	0
1963	3
1964	3
1965	3
1966	3
1967	3
1968	3
1969	3
1970	3
1971	3
1972	3
1973	3
1974	3
1975	1
1976	3
1977	3
1978	3
1979	3
1980	3
1981	3
1982	3
1983	3
1984	3
1985	3
1986	3
1987	3
1988	3
1989	3
1990	3
1991	3
1992	0
1993	2
1994	3
1995	2
1996	3
1997	3
1998	3
1999	2
2000	3
2001	3
2002	3
2003	3
2004	3
2005	3
2006	3
2007	3
2008	3
2009	3
2010	2
2011	3
2012	3
2013	1
2014	0
2015	3
2016	3
2017	3
2018	3
2019	3
2020	3
2021	0
2022	3
2023	3
2024	1
2025	3
2026	0
2027	2
2028	3
2029	1
2030	3
2031	3
2032	3
2033	3
2034	3
2035	2
2036	3
2037	0
2038	1
2039	1
2040	3
2041	3
2042	3
2043	2
2044	0
2045	1
2046	3
2047	1
