COMMAND
./sim gshare 11 3 ./proj2-traces/perl_trace.txt
OUTPUT
number of predictions:2000000
number of mispredictions:191574
misprediction rate:   9.58%
FINAL GSHARE CONTENTS
0	3
1	3
2	2
3	2
4	3
5	2
6	2
7	3
8	3
9	3
10	0
11	3
12	3
13	0
14	3
15	3
16	3
17	3
18	3
19	0
20	0
21	3
22	3
23	2
24	3
25	2
26	3
27	1
28	1
29	2
30	2
31	2
32	0
33	0
34	0
35	3
36	3
37	2
38	0
39	0
40	3
41	0
42	3
43	3
44	1
45	3
46	3
47	3
48	3
49	2
50	3
51	3
52	3
53	0
54	2
55	3
56	0
57	3
58	3
59	3
60	3
61	2
62	2
63	0
64	0
65	3
66	3
67	3
68	3
69	3
70	0
71	0
72	1
73	0
74	0
75	1
76	2
77	0
78	0
79	2
80	0
81	3
82	1
83	2
84	2
85	1
86	3
87	0
88	3
89	2
90	1
91	3
92	0
93	0
94	0
95	2
96	2
97	0
98	3
99	0
100	0
101	3
102	2
103	1
104	2
105	0
106	2
107	2
108	3
109	0
110	2
111	3
112	0
113	0
114	3
115	0
116	3
117	0
118	1
119	0
120	0
121	1
122	3
123	0
124	1
125	1
126	0
127	2
128	1
129	2
130	3
131	0
132	3
133	3
134	1
135	3
136	2
137	3
138	3
139	2
140	0
141	3
142	2
143	3
144	1
145	0
146	2
147	3
148	1
149	3
150	3
151	0
152	3
153	3
154	2
155	0
156	2
157	3
158	2
159	2
160	1
161	0
162	0
163	2
164	3
165	3
166	3
167	3
168	2
169	3
170	3
171	3
172	2
173	0
174	0
175	2
176	2
177	2
178	0
179	2
180	3
181	3
182	2
183	2
184	2
185	2
186	3
187	3
188	0
189	0
190	2
191	1
192	3
193	3
194	2
195	0
196	2
197	3
198	0
199	2
200	0
201	1
202	2
203	2
204	2
205	3
206	3
207	2
208	3
209	2
210	3
211	2
212	2
213	0
214	0
215	0
216	1
217	1
218	0
219	3
220	3
221	3
222	3
223	2
224	2
225	3
226	0
227	0
228	1
229	0
230	3
231	3
232	1
233	3
234	3
235	0
236	0
237	0
238	1
239	3
240	2
241	3
242	0
243	3
244	1
245	2
246	2
247	0
248	3
249	1
250	3
251	3
252	3
253	3
254	3
255	3
256	1
257	0
258	1
259	3
260	3
261	3
262	3
263	3
264	0
265	3
266	0
267	2
268	3
269	3
270	3
271	3
272	3
273	2
274	1
275	1
276	2
277	3
278	3
279	0
280	2
281	0
282	2
283	2
284	0
285	0
286	3
287	3
288	0
289	3
290	0
291	3
292	1
293	3
294	3
295	1
296	3
297	0
298	3
299	2
300	2
301	2
302	3
303	0
304	3
305	3
306	2
307	3
308	2
309	3
310	1
311	3
312	2
313	2
314	3
315	1
316	0
317	2
318	2
319	0
320	2
321	0
322	2
323	0
324	3
325	3
326	0
327	3
328	2
329	3
330	0
331	2
332	3
333	0
334	0
335	2
336	3
337	3
338	0
339	0
340	3
341	0
342	0
343	0
344	0
345	3
346	2
347	0
348	3
349	3
350	0
351	3
352	3
353	1
354	3
355	2
356	2
357	0
358	3
359	3
360	3
361	0
362	3
363	1
364	2
365	3
366	3
367	3
368	3
369	3
370	0
371	3
372	3
373	0
374	1
375	0
376	0
377	2
378	3
379	2
380	3
381	3
382	3
383	2
384	1
385	0
386	0
387	0
388	3
389	0
390	0
391	3
392	2
393	0
394	3
395	2
396	2
397	2
398	0
399	2
400	0
401	0
402	0
403	3
404	2
405	2
406	2
407	0
408	0
409	3
410	2
411	2
412	0
413	0
414	3
415	3
416	3
417	1
418	0
419	3
420	3
421	0
422	1
423	3
424	2
425	0
426	3
427	2
428	3
429	0
430	3
431	3
432	2
433	2
434	0
435	3
436	3
437	1
438	3
439	3
440	3
441	2
442	2
443	3
444	2
445	0
446	2
447	1
448	1
449	2
450	2
451	2
452	0
453	0
454	2
455	3
456	2
457	3
458	0
459	2
460	3
461	3
462	3
463	3
464	2
465	0
466	2
467	1
468	0
469	0
470	2
471	0
472	3
473	0
474	0
475	3
476	2
477	2
478	3
479	0
480	2
481	2
482	2
483	3
484	2
485	3
486	3
487	3
488	0
489	3
490	2
491	3
492	1
493	3
494	3
495	0
496	3
497	3
498	3
499	0
500	3
501	2
502	2
503	0
504	3
505	3
506	3
507	2
508	0
509	3
510	2
511	3
512	3
513	3
514	3
515	2
516	3
517	3
518	3
519	3
520	0
521	3
522	3
523	2
524	2
525	3
526	3
527	3
528	3
529	0
530	3
531	2
532	3
533	0
534	3
535	3
536	0
537	1
538	2
539	0
540	1
541	3
542	2
543	2
544	1
545	3
546	0
547	3
548	2
549	0
550	3
551	3
552	1
553	2
554	2
555	3
556	0
557	1
558	3
559	0
560	3
561	3
562	3
563	3
564	3
565	0
566	1
567	3
568	0
569	2
570	3
571	0
572	0
573	2
574	2
575	0
576	2
577	0
578	0
579	0
580	3
581	3
582	0
583	2
584	3
585	3
586	0
587	3
588	3
589	0
590	0
591	3
592	0
593	3
594	2
595	1
596	2
597	0
598	2
599	2
600	3
601	3
602	0
603	1
604	2
605	3
606	0
607	3
608	0
609	3
610	3
611	3
612	2
613	3
614	0
615	2
616	2
617	0
618	3
619	3
620	3
621	1
622	0
623	3
624	0
625	1
626	2
627	3
628	3
629	0
630	0
631	0
632	3
633	1
634	0
635	1
636	3
637	0
638	2
639	2
640	3
641	0
642	0
643	3
644	3
645	2
646	3
647	2
648	3
649	3
650	2
651	3
652	3
653	1
654	3
655	3
656	2
657	2
658	3
659	3
660	2
661	2
662	3
663	0
664	2
665	2
666	2
667	0
668	2
669	0
670	2
671	2
672	0
673	3
674	0
675	0
676	2
677	0
678	3
679	1
680	3
681	0
682	3
683	3
684	2
685	2
686	2
687	0
688	3
689	3
690	0
691	2
692	2
693	2
694	3
695	3
696	3
697	0
698	3
699	3
700	2
701	3
702	2
703	1
704	1
705	2
706	2
707	3
708	0
709	0
710	0
711	2
712	3
713	1
714	0
715	0
716	3
717	2
718	3
719	0
720	3
721	3
722	3
723	2
724	0
725	0
726	2
727	2
728	2
729	0
730	1
731	1
732	3
733	2
734	2
735	1
736	0
737	3
738	0
739	2
740	1
741	3
742	3
743	3
744	2
745	2
746	0
747	0
748	3
749	1
750	3
751	3
752	3
753	2
754	0
755	0
756	3
757	0
758	1
759	1
760	3
761	2
762	2
763	3
764	3
765	0
766	3
767	1
768	2
769	0
770	3
771	3
772	3
773	2
774	3
775	0
776	3
777	3
778	3
779	2
780	2
781	3
782	3
783	3
784	3
785	3
786	3
787	0
788	2
789	3
790	3
791	0
792	2
793	2
794	3
795	3
796	0
797	3
798	1
799	2
800	2
801	3
802	0
803	3
804	2
805	1
806	1
807	0
808	2
809	3
810	3
811	3
812	1
813	3
814	1
815	2
816	3
817	3
818	0
819	2
820	3
821	1
822	2
823	3
824	2
825	3
826	1
827	2
828	0
829	3
830	0
831	0
832	0
833	0
834	0
835	3
836	0
837	3
838	1
839	0
840	0
841	2
842	1
843	2
844	2
845	0
846	0
847	0
848	3
849	0
850	0
851	0
852	0
853	2
854	2
855	3
856	0
857	2
858	2
859	1
860	3
861	3
862	0
863	3
864	0
865	3
866	3
867	3
868	0
869	0
870	2
871	2
872	3
873	0
874	3
875	3
876	2
877	0
878	2
879	3
880	0
881	2
882	3
883	3
884	3
885	0
886	3
887	0
888	0
889	3
890	2
891	3
892	3
893	0
894	2
895	0
896	3
897	3
898	0
899	0
900	3
901	3
902	0
903	3
904	0
905	3
906	0
907	0
908	2
909	0
910	0
911	1
912	0
913	2
914	2
915	3
916	2
917	2
918	3
919	0
920	3
921	2
922	2
923	1
924	3
925	3
926	3
927	1
928	0
929	3
930	0
931	0
932	0
933	0
934	3
935	1
936	2
937	3
938	3
939	2
940	1
941	1
942	2
943	2
944	2
945	2
946	0
947	2
948	2
949	3
950	2
951	3
952	2
953	0
954	3
955	1
956	3
957	2
958	3
959	3
960	2
961	0
962	3
963	2
964	3
965	0
966	0
967	1
968	2
969	2
970	1
971	2
972	2
973	2
974	3
975	2
976	3
977	2
978	3
979	0
980	0
981	0
982	3
983	1
984	3
985	2
986	0
987	2
988	3
989	3
990	3
991	3
992	3
993	3
994	2
995	2
996	3
997	0
998	0
999	3
1000	2
1001	0
1002	2
1003	3
1004	3
1005	2
1006	2
1007	3
1008	0
1009	0
1010	2
1011	0
1012	3
1013	1
1014	2
1015	3
1016	3
1017	2
1018	3
1019	3
1020	3
1021	0
1022	3
1023	0
1024	1
1025	2
1026	3
1027	0
1028	2
1029	0
1030	2
1031	1
1032	0
1033	3
1034	0
1035	3
1036	1
1037	0
1038	1
1039	1
1040	2
1041	0
1042	2
1043	0
1044	3
1045	2
1046	3
1047	3
1048	0
1049	1
1050	3
1051	3
1052	3
1053	3
1054	0
1055	3
1056	3
1057	3
1058	0
1059	3
1060	2
1061	0
1062	3
1063	3
1064	3
1065	3
1066	2
1067	2
1068	3
1069	2
1070	0
1071	3
1072	3
1073	2
1074	1
1075	0
1076	0
1077	0
1078	3
1079	1
1080	2
1081	2
1082	2
1083	2
1084	0
1085	2
1086	3
1087	0
1088	2
1089	0
1090	2
1091	1
1092	2
1093	0
1094	3
1095	2
1096	3
1097	3
1098	3
1099	2
1100	3
1101	0
1102	2
1103	0
1104	0
1105	3
1106	3
1107	2
1108	2
1109	1
1110	3
1111	1
1112	3
1113	3
1114	3
1115	2
1116	3
1117	0
1118	3
1119	0
1120	2
1121	3
1122	0
1123	0
1124	2
1125	0
1126	3
1127	3
1128	0
1129	1
1130	2
1131	0
1132	0
1133	3
1134	2
1135	3
1136	2
1137	3
1138	0
1139	3
1140	3
1141	2
1142	3
1143	0
1144	2
1145	3
1146	2
1147	1
1148	2
1149	3
1150	2
1151	1
1152	3
1153	3
1154	0
1155	0
1156	3
1157	0
1158	0
1159	3
1160	3
1161	0
1162	2
1163	3
1164	1
1165	2
1166	3
1167	3
1168	1
1169	0
1170	3
1171	3
1172	2
1173	2
1174	1
1175	3
1176	1
1177	0
1178	3
1179	0
1180	0
1181	2
1182	2
1183	1
1184	0
1185	0
1186	0
1187	2
1188	3
1189	0
1190	0
1191	0
1192	1
1193	3
1194	3
1195	3
1196	3
1197	3
1198	0
1199	2
1200	0
1201	2
1202	0
1203	0
1204	2
1205	1
1206	2
1207	3
1208	3
1209	2
1210	3
1211	3
1212	2
1213	3
1214	2
1215	1
1216	3
1217	2
1218	2
1219	3
1220	2
1221	2
1222	3
1223	1
1224	1
1225	2
1226	2
1227	0
1228	0
1229	0
1230	2
1231	3
1232	2
1233	1
1234	3
1235	3
1236	3
1237	2
1238	2
1239	2
1240	3
1241	2
1242	3
1243	0
1244	2
1245	0
1246	3
1247	1
1248	3
1249	3
1250	2
1251	0
1252	2
1253	1
1254	0
1255	2
1256	0
1257	2
1258	0
1259	0
1260	0
1261	1
1262	3
1263	3
1264	2
1265	0
1266	2
1267	0
1268	0
1269	3
1270	2
1271	2
1272	3
1273	2
1274	2
1275	3
1276	2
1277	0
1278	3
1279	0
1280	2
1281	2
1282	1
1283	3
1284	2
1285	1
1286	3
1287	2
1288	0
1289	3
1290	3
1291	2
1292	2
1293	1
1294	2
1295	3
1296	3
1297	0
1298	3
1299	3
1300	3
1301	0
1302	0
1303	3
1304	1
1305	2
1306	2
1307	2
1308	0
1309	0
1310	0
1311	3
1312	2
1313	1
1314	0
1315	2
1316	2
1317	3
1318	3
1319	3
1320	3
1321	2
1322	3
1323	3
1324	3
1325	2
1326	3
1327	0
1328	3
1329	2
1330	3
1331	0
1332	2
1333	0
1334	3
1335	0
1336	3
1337	3
1338	2
1339	0
1340	2
1341	2
1342	3
1343	0
1344	0
1345	3
1346	3
1347	0
1348	2
1349	0
1350	3
1351	2
1352	2
1353	3
1354	3
1355	2
1356	3
1357	0
1358	2
1359	2
1360	3
1361	3
1362	1
1363	2
1364	3
1365	2
1366	3
1367	2
1368	3
1369	3
1370	3
1371	3
1372	2
1373	0
1374	2
1375	3
1376	0
1377	2
1378	2
1379	3
1380	3
1381	0
1382	2
1383	3
1384	1
1385	2
1386	3
1387	2
1388	0
1389	3
1390	2
1391	3
1392	0
1393	3
1394	3
1395	3
1396	3
1397	3
1398	0
1399	0
1400	3
1401	3
1402	3
1403	2
1404	3
1405	0
1406	3
1407	2
1408	3
1409	3
1410	0
1411	0
1412	3
1413	3
1414	0
1415	2
1416	3
1417	3
1418	2
1419	0
1420	3
1421	2
1422	0
1423	3
1424	1
1425	3
1426	2
1427	0
1428	2
1429	0
1430	3
1431	2
1432	0
1433	3
1434	2
1435	0
1436	0
1437	2
1438	0
1439	2
1440	0
1441	0
1442	1
1443	3
1444	2
1445	2
1446	0
1447	3
1448	3
1449	2
1450	3
1451	3
1452	2
1453	3
1454	1
1455	2
1456	3
1457	2
1458	2
1459	0
1460	1
1461	1
1462	3
1463	2
1464	2
1465	3
1466	0
1467	2
1468	2
1469	3
1470	2
1471	1
1472	3
1473	0
1474	3
1475	3
1476	3
1477	0
1478	2
1479	0
1480	3
1481	3
1482	2
1483	1
1484	2
1485	2
1486	3
1487	0
1488	2
1489	3
1490	2
1491	1
1492	3
1493	0
1494	2
1495	3
1496	3
1497	3
1498	0
1499	1
1500	3
1501	3
1502	2
1503	3
1504	3
1505	3
1506	3
1507	1
1508	2
1509	0
1510	2
1511	0
1512	2
1513	0
1514	2
1515	3
1516	1
1517	0
1518	3
1519	3
1520	3
1521	3
1522	3
1523	0
1524	3
1525	3
1526	3
1527	0
1528	0
1529	2
1530	3
1531	2
1532	3
1533	1
1534	3
1535	1
1536	2
1537	2
1538	0
1539	0
1540	2
1541	1
1542	0
1543	1
1544	0
1545	3
1546	0
1547	3
1548	3
1549	3
1550	2
1551	3
1552	2
1553	0
1554	0
1555	1
1556	3
1557	0
1558	3
1559	1
1560	0
1561	0
1562	2
1563	1
1564	2
1565	0
1566	3
1567	3
1568	2
1569	0
1570	0
1571	3
1572	3
1573	0
1574	3
1575	3
1576	3
1577	1
1578	3
1579	3
1580	3
1581	3
1582	3
1583	2
1584	3
1585	2
1586	0
1587	2
1588	0
1589	2
1590	2
1591	3
1592	1
1593	2
1594	2
1595	3
1596	0
1597	2
1598	3
1599	0
1600	0
1601	0
1602	1
1603	1
1604	3
1605	1
1606	0
1607	2
1608	2
1609	3
1610	0
1611	3
1612	3
1613	2
1614	2
1615	1
1616	3
1617	3
1618	0
1619	1
1620	2
1621	0
1622	3
1623	1
1624	2
1625	3
1626	3
1627	2
1628	2
1629	2
1630	2
1631	2
1632	0
1633	1
1634	3
1635	2
1636	1
1637	3
1638	0
1639	3
1640	3
1641	3
1642	3
1643	2
1644	0
1645	0
1646	0
1647	1
1648	0
1649	0
1650	3
1651	3
1652	2
1653	0
1654	3
1655	0
1656	3
1657	1
1658	2
1659	2
1660	2
1661	3
1662	3
1663	3
1664	3
1665	2
1666	0
1667	3
1668	1
1669	2
1670	3
1671	3
1672	2
1673	1
1674	0
1675	2
1676	0
1677	3
1678	2
1679	3
1680	2
1681	1
1682	2
1683	2
1684	3
1685	2
1686	2
1687	3
1688	3
1689	2
1690	2
1691	0
1692	3
1693	3
1694	3
1695	2
1696	0
1697	2
1698	3
1699	3
1700	2
1701	2
1702	3
1703	0
1704	0
1705	3
1706	0
1707	0
1708	0
1709	0
1710	3
1711	2
1712	3
1713	0
1714	3
1715	1
1716	1
1717	2
1718	3
1719	3
1720	2
1721	3
1722	2
1723	3
1724	3
1725	3
1726	0
1727	0
1728	3
1729	0
1730	2
1731	2
1732	2
1733	0
1734	2
1735	3
1736	0
1737	1
1738	0
1739	3
1740	2
1741	2
1742	0
1743	2
1744	1
1745	2
1746	2
1747	3
1748	3
1749	3
1750	3
1751	3
1752	3
1753	0
1754	0
1755	2
1756	2
1757	0
1758	1
1759	0
1760	2
1761	1
1762	1
1763	0
1764	2
1765	0
1766	1
1767	2
1768	0
1769	2
1770	3
1771	0
1772	0
1773	0
1774	0
1775	3
1776	2
1777	3
1778	0
1779	0
1780	2
1781	3
1782	3
1783	0
1784	0
1785	0
1786	3
1787	2
1788	3
1789	1
1790	0
1791	0
1792	2
1793	3
1794	3
1795	0
1796	2
1797	0
1798	2
1799	3
1800	2
1801	3
1802	3
1803	2
1804	3
1805	0
1806	0
1807	3
1808	3
1809	0
1810	2
1811	0
1812	1
1813	0
1814	2
1815	3
1816	1
1817	0
1818	0
1819	2
1820	1
1821	3
1822	0
1823	2
1824	2
1825	3
1826	0
1827	3
1828	2
1829	2
1830	3
1831	3
1832	2
1833	2
1834	3
1835	2
1836	3
1837	3
1838	0
1839	1
1840	3
1841	3
1842	0
1843	0
1844	0
1845	0
1846	0
1847	1
1848	3
1849	3
1850	2
1851	3
1852	0
1853	2
1854	3
1855	0
1856	0
1857	0
1858	1
1859	1
1860	2
1861	2
1862	3
1863	1
1864	2
1865	0
1866	0
1867	1
1868	3
1869	1
1870	0
1871	3
1872	3
1873	0
1874	0
1875	3
1876	3
1877	1
1878	2
1879	3
1880	2
1881	0
1882	2
1883	2
1884	3
1885	3
1886	0
1887	2
1888	0
1889	3
1890	3
1891	3
1892	3
1893	0
1894	3
1895	3
1896	2
1897	0
1898	3
1899	0
1900	1
1901	3
1902	3
1903	3
1904	2
1905	0
1906	0
1907	3
1908	2
1909	0
1910	3
1911	0
1912	2
1913	0
1914	0
1915	2
1916	3
1917	0
1918	3
1919	0
1920	3
1921	3
1922	2
1923	0
1924	2
1925	3
1926	2
1927	2
1928	0
1929	3
1930	3
1931	2
1932	2
1933	3
1934	0
1935	3
1936	2
1937	2
1938	2
1939	2
1940	3
1941	0
1942	2
1943	0
1944	3
1945	0
1946	2
1947	0
1948	0
1949	2
1950	3
1951	3
1952	0
1953	0
1954	1
1955	2
1956	3
1957	0
1958	3
1959	0
1960	1
1961	3
1962	3
1963	0
1964	3
1965	0
1966	2
1967	3
1968	3
1969	2
1970	3
1971	0
1972	2
1973	3
1974	2
1975	2
1976	2
1977	2
1978	2
1979	0
1980	2
1981	3
1982	3
1983	2
1984	2
1985	0
1986	3
1987	2
1988	0
1989	0
1990	2
1991	2
1992	3
1993	2
1994	3
1995	2
1996	3
1997	2
1998	3
1999	2
2000	3
2001	0
2002	3
2003	3
2004	2
2005	2
2006	2
2007	3
2008	3
2009	2
2010	0
2011	0
2012	3
2013	1
2014	3
2015	1
2016	2
2017	2
2018	2
2019	1
2020	2
2021	0
2022	2
2023	3
2024	3
2025	2
2026	3
2027	0
2028	0
2029	2
2030	3
2031	0
2032	3
2033	2
2034	0
2035	3
2036	0
2037	2
2038	2
2039	0
2040	0
2041	0
2042	3
2043	3
2044	2
2045	1
2046	2
2047	3
