COMMAND
./sim gshare 12 5 ./proj2-traces/gcc_trace.txt
OUTPUT
number of predictions:2000000
number of mispredictions:250051
misprediction rate:   12.50%
FINAL GSHARE CONTENTS
0	0
1	0
2	0
3	0
4	0
5	3
6	3
7	3
8	0
9	0
10	3
11	1
12	1
13	3
14	0
15	0
16	2
17	0
18	3
19	3
20	0
21	3
22	3
23	1
24	1
25	3
26	2
27	2
28	0
29	0
30	3
31	0
32	0
33	3
34	3
35	3
36	3
37	0
38	0
39	0
40	3
41	0
42	3
43	3
44	3
45	0
46	0
47	3
48	3
49	0
50	0
51	0
52	3
53	3
54	3
55	3
56	0
57	0
58	3
59	3
60	3
61	3
62	2
63	3
64	0
65	2
66	3
67	3
68	3
69	0
70	3
71	3
72	0
73	3
74	0
75	0
76	3
77	0
78	3
79	3
80	0
81	3
82	3
83	0
84	2
85	3
86	1
87	3
88	0
89	0
90	3
91	0
92	0
93	0
94	0
95	3
96	0
97	0
98	3
99	0
100	0
101	3
102	0
103	0
104	3
105	3
106	0
107	3
108	3
109	3
110	0
111	0
112	3
113	3
114	3
115	0
116	0
117	3
118	3
119	3
120	3
121	2
122	1
123	0
124	3
125	2
126	0
127	0
128	3
129	0
130	1
131	2
132	3
133	0
134	3
135	3
136	0
137	3
138	3
139	0
140	0
141	0
142	0
143	3
144	0
145	0
146	1
147	3
148	0
149	3
150	3
151	1
152	0
153	3
154	2
155	3
156	0
157	3
158	0
159	0
160	0
161	0
162	3
163	3
164	0
165	0
166	0
167	3
168	0
169	3
170	0
171	2
172	3
173	1
174	0
175	0
176	0
177	0
178	3
179	0
180	2
181	3
182	3
183	0
184	0
185	1
186	3
187	3
188	3
189	3
190	0
191	0
192	3
193	2
194	2
195	1
196	0
197	3
198	3
199	0
200	1
201	0
202	2
203	3
204	2
205	0
206	2
207	0
208	0
209	0
210	3
211	1
212	1
213	3
214	0
215	3
216	3
217	0
218	2
219	0
220	0
221	3
222	3
223	3
224	3
225	0
226	2
227	0
228	0
229	3
230	3
231	0
232	0
233	0
234	0
235	1
236	3
237	0
238	0
239	0
240	0
241	3
242	2
243	3
244	0
245	0
246	2
247	3
248	0
249	3
250	3
251	3
252	3
253	1
254	0
255	0
256	3
257	0
258	3
259	0
260	3
261	3
262	3
263	3
264	2
265	3
266	3
267	3
268	3
269	0
270	0
271	1
272	3
273	0
274	3
275	3
276	0
277	3
278	1
279	0
280	3
281	3
282	0
283	0
284	1
285	3
286	2
287	0
288	3
289	0
290	0
291	3
292	0
293	0
294	0
295	0
296	0
297	0
298	0
299	0
300	3
301	0
302	3
303	3
304	3
305	2
306	2
307	0
308	0
309	3
310	0
311	3
312	3
313	1
314	3
315	1
316	0
317	3
318	2
319	0
320	3
321	3
322	0
323	3
324	3
325	0
326	0
327	3
328	0
329	0
330	0
331	2
332	1
333	0
334	3
335	0
336	0
337	0
338	0
339	3
340	0
341	3
342	3
343	0
344	3
345	0
346	3
347	0
348	3
349	3
350	3
351	0
352	0
353	0
354	0
355	0
356	3
357	3
358	0
359	0
360	0
361	0
362	3
363	3
364	3
365	0
366	3
367	0
368	3
369	3
370	3
371	3
372	0
373	3
374	3
375	3
376	0
377	0
378	0
379	3
380	0
381	0
382	3
383	0
384	3
385	0
386	0
387	0
388	0
389	3
390	3
391	0
392	0
393	0
394	3
395	0
396	3
397	3
398	3
399	3
400	0
401	0
402	3
403	0
404	0
405	3
406	0
407	0
408	0
409	3
410	2
411	0
412	3
413	0
414	0
415	0
416	0
417	0
418	3
419	1
420	3
421	3
422	1
423	1
424	0
425	2
426	0
427	3
428	3
429	0
430	0
431	0
432	3
433	0
434	0
435	1
436	3
437	3
438	1
439	0
440	0
441	0
442	0
443	0
444	3
445	2
446	3
447	0
448	0
449	3
450	3
451	0
452	0
453	3
454	0
455	3
456	0
457	0
458	1
459	0
460	3
461	0
462	3
463	0
464	0
465	2
466	1
467	3
468	0
469	2
470	0
471	0
472	3
473	1
474	3
475	0
476	0
477	3
478	0
479	3
480	3
481	3
482	3
483	0
484	0
485	3
486	0
487	0
488	0
489	3
490	2
491	0
492	0
493	0
494	3
495	0
496	3
497	2
498	0
499	3
500	0
501	0
502	3
503	1
504	0
505	0
506	0
507	0
508	0
509	0
510	0
511	0
512	3
513	3
514	2
515	0
516	0
517	0
518	3
519	3
520	0
521	3
522	2
523	0
524	3
525	3
526	0
527	2
528	0
529	0
530	3
531	2
532	1
533	2
534	3
535	0
536	3
537	3
538	0
539	3
540	0
541	0
542	3
543	0
544	0
545	3
546	1
547	0
548	0
549	0
550	0
551	3
552	3
553	0
554	3
555	3
556	0
557	0
558	2
559	0
560	0
561	1
562	3
563	1
564	0
565	3
566	0
567	0
568	3
569	3
570	0
571	0
572	0
573	3
574	0
575	0
576	3
577	0
578	2
579	3
580	0
581	2
582	3
583	0
584	0
585	0
586	0
587	0
588	2
589	3
590	0
591	0
592	3
593	0
594	0
595	0
596	0
597	3
598	0
599	0
600	3
601	0
602	0
603	2
604	2
605	0
606	3
607	3
608	0
609	2
610	0
611	2
612	0
613	0
614	0
615	0
616	2
617	3
618	0
619	3
620	2
621	1
622	0
623	0
624	3
625	0
626	1
627	0
628	3
629	3
630	3
631	3
632	3
633	1
634	0
635	3
636	0
637	3
638	0
639	0
640	2
641	3
642	3
643	0
644	3
645	0
646	3
647	3
648	0
649	1
650	3
651	2
652	3
653	3
654	3
655	0
656	1
657	0
658	2
659	3
660	0
661	3
662	0
663	1
664	0
665	0
666	0
667	2
668	2
669	0
670	3
671	1
672	3
673	3
674	3
675	0
676	3
677	3
678	0
679	0
680	3
681	3
682	1
683	3
684	3
685	0
686	3
687	2
688	3
689	0
690	0
691	2
692	0
693	3
694	2
695	3
696	0
697	0
698	0
699	0
700	3
701	3
702	3
703	3
704	1
705	0
706	0
707	3
708	0
709	1
710	0
711	1
712	0
713	0
714	3
715	0
716	0
717	3
718	0
719	0
720	3
721	3
722	3
723	3
724	0
725	3
726	3
727	3
728	3
729	0
730	3
731	3
732	3
733	0
734	0
735	3
736	0
737	1
738	0
739	3
740	0
741	0
742	0
743	3
744	0
745	3
746	0
747	3
748	3
749	2
750	1
751	0
752	0
753	2
754	3
755	3
756	3
757	3
758	0
759	1
760	1
761	0
762	0
763	3
764	0
765	0
766	0
767	3
768	0
769	3
770	2
771	0
772	3
773	3
774	3
775	0
776	3
777	3
778	3
779	0
780	1
781	0
782	0
783	3
784	0
785	0
786	0
787	3
788	0
789	2
790	3
791	0
792	0
793	1
794	0
795	0
796	0
797	3
798	3
799	0
800	2
801	0
802	0
803	0
804	3
805	3
806	1
807	3
808	2
809	2
810	0
811	3
812	2
813	3
814	3
815	3
816	3
817	0
818	0
819	0
820	0
821	3
822	3
823	3
824	3
825	0
826	0
827	1
828	3
829	3
830	0
831	3
832	1
833	2
834	2
835	3
836	0
837	0
838	3
839	0
840	0
841	3
842	3
843	3
844	3
845	3
846	0
847	0
848	3
849	3
850	3
851	3
852	1
853	1
854	0
855	3
856	3
857	3
858	0
859	0
860	3
861	1
862	0
863	3
864	0
865	1
866	3
867	0
868	0
869	3
870	0
871	0
872	3
873	3
874	0
875	3
876	2
877	3
878	1
879	0
880	0
881	3
882	3
883	3
884	0
885	3
886	0
887	0
888	0
889	0
890	0
891	0
892	0
893	0
894	1
895	0
896	3
897	3
898	3
899	0
900	3
901	3
902	0
903	0
904	3
905	3
906	0
907	0
908	3
909	0
910	1
911	0
912	0
913	1
914	0
915	3
916	0
917	0
918	0
919	0
920	0
921	0
922	0
923	3
924	3
925	3
926	3
927	0
928	3
929	0
930	3
931	3
932	3
933	0
934	0
935	3
936	3
937	0
938	3
939	3
940	3
941	3
942	3
943	3
944	0
945	0
946	2
947	3
948	0
949	3
950	1
951	2
952	0
953	2
954	0
955	0
956	3
957	3
958	3
959	0
960	0
961	2
962	0
963	3
964	3
965	1
966	0
967	2
968	0
969	0
970	0
971	3
972	2
973	0
974	2
975	0
976	2
977	3
978	1
979	0
980	0
981	0
982	0
983	1
984	3
985	0
986	0
987	1
988	0
989	3
990	0
991	3
992	0
993	0
994	2
995	2
996	0
997	3
998	0
999	0
1000	3
1001	3
1002	2
1003	3
1004	3
1005	0
1006	0
1007	0
1008	1
1009	3
1010	0
1011	3
1012	3
1013	3
1014	1
1015	0
1016	3
1017	0
1018	0
1019	0
1020	0
1021	0
1022	3
1023	0
1024	3
1025	0
1026	3
1027	3
1028	3
1029	0
1030	3
1031	1
1032	2
1033	3
1034	0
1035	0
1036	1
1037	2
1038	3
1039	3
1040	0
1041	2
1042	0
1043	3
1044	1
1045	3
1046	0
1047	1
1048	0
1049	3
1050	0
1051	3
1052	0
1053	0
1054	0
1055	3
1056	0
1057	1
1058	0
1059	0
1060	1
1061	2
1062	0
1063	0
1064	0
1065	3
1066	2
1067	1
1068	0
1069	3
1070	0
1071	0
1072	0
1073	3
1074	0
1075	2
1076	1
1077	3
1078	3
1079	1
1080	3
1081	3
1082	3
1083	0
1084	0
1085	0
1086	0
1087	0
1088	0
1089	3
1090	0
1091	0
1092	0
1093	0
1094	0
1095	3
1096	0
1097	2
1098	0
1099	3
1100	2
1101	3
1102	3
1103	0
1104	3
1105	0
1106	3
1107	3
1108	0
1109	2
1110	3
1111	3
1112	0
1113	0
1114	3
1115	3
1116	0
1117	3
1118	3
1119	3
1120	1
1121	3
1122	2
1123	0
1124	0
1125	3
1126	3
1127	3
1128	0
1129	1
1130	0
1131	3
1132	3
1133	0
1134	3
1135	0
1136	0
1137	3
1138	3
1139	3
1140	0
1141	0
1142	3
1143	0
1144	3
1145	1
1146	0
1147	3
1148	3
1149	0
1150	0
1151	1
1152	3
1153	0
1154	1
1155	3
1156	0
1157	0
1158	0
1159	3
1160	0
1161	3
1162	3
1163	3
1164	1
1165	0
1166	0
1167	0
1168	0
1169	3
1170	0
1171	2
1172	0
1173	1
1174	1
1175	0
1176	0
1177	0
1178	1
1179	3
1180	0
1181	3
1182	0
1183	0
1184	3
1185	0
1186	0
1187	3
1188	0
1189	2
1190	0
1191	3
1192	3
1193	3
1194	3
1195	2
1196	0
1197	3
1198	0
1199	0
1200	3
1201	3
1202	0
1203	3
1204	0
1205	3
1206	3
1207	3
1208	0
1209	2
1210	2
1211	3
1212	0
1213	3
1214	0
1215	0
1216	3
1217	3
1218	0
1219	0
1220	2
1221	0
1222	2
1223	0
1224	3
1225	3
1226	1
1227	0
1228	0
1229	3
1230	0
1231	2
1232	0
1233	0
1234	0
1235	1
1236	1
1237	0
1238	2
1239	0
1240	3
1241	0
1242	3
1243	3
1244	0
1245	3
1246	0
1247	2
1248	2
1249	3
1250	3
1251	3
1252	3
1253	0
1254	0
1255	3
1256	2
1257	0
1258	0
1259	3
1260	0
1261	1
1262	0
1263	1
1264	0
1265	3
1266	0
1267	3
1268	0
1269	0
1270	3
1271	2
1272	2
1273	0
1274	0
1275	0
1276	3
1277	3
1278	0
1279	1
1280	3
1281	2
1282	0
1283	0
1284	3
1285	3
1286	3
1287	3
1288	3
1289	3
1290	3
1291	3
1292	0
1293	2
1294	3
1295	3
1296	3
1297	3
1298	3
1299	1
1300	0
1301	3
1302	0
1303	0
1304	1
1305	1
1306	0
1307	3
1308	0
1309	3
1310	0
1311	0
1312	3
1313	2
1314	3
1315	3
1316	0
1317	3
1318	0
1319	0
1320	3
1321	3
1322	3
1323	0
1324	3
1325	1
1326	3
1327	1
1328	0
1329	3
1330	0
1331	2
1332	2
1333	3
1334	0
1335	0
1336	0
1337	3
1338	2
1339	3
1340	0
1341	0
1342	0
1343	3
1344	0
1345	3
1346	3
1347	0
1348	2
1349	0
1350	3
1351	3
1352	0
1353	3
1354	0
1355	2
1356	0
1357	3
1358	3
1359	0
1360	2
1361	3
1362	0
1363	3
1364	1
1365	2
1366	3
1367	0
1368	2
1369	3
1370	1
1371	3
1372	0
1373	3
1374	3
1375	3
1376	0
1377	3
1378	3
1379	3
1380	0
1381	3
1382	0
1383	0
1384	0
1385	3
1386	0
1387	0
1388	0
1389	3
1390	0
1391	0
1392	0
1393	3
1394	3
1395	0
1396	3
1397	0
1398	3
1399	1
1400	3
1401	0
1402	0
1403	0
1404	3
1405	0
1406	0
1407	2
1408	3
1409	2
1410	3
1411	3
1412	2
1413	3
1414	3
1415	3
1416	3
1417	3
1418	3
1419	0
1420	0
1421	0
1422	2
1423	3
1424	3
1425	3
1426	1
1427	1
1428	2
1429	3
1430	3
1431	0
1432	0
1433	0
1434	0
1435	3
1436	0
1437	3
1438	0
1439	0
1440	3
1441	3
1442	3
1443	3
1444	3
1445	0
1446	0
1447	0
1448	3
1449	0
1450	3
1451	0
1452	3
1453	0
1454	3
1455	0
1456	0
1457	3
1458	3
1459	0
1460	3
1461	3
1462	0
1463	2
1464	0
1465	0
1466	0
1467	0
1468	0
1469	0
1470	3
1471	3
1472	0
1473	3
1474	0
1475	0
1476	0
1477	3
1478	3
1479	0
1480	0
1481	0
1482	0
1483	0
1484	0
1485	0
1486	3
1487	3
1488	3
1489	0
1490	0
1491	3
1492	0
1493	1
1494	0
1495	1
1496	0
1497	0
1498	3
1499	0
1500	0
1501	3
1502	1
1503	3
1504	3
1505	3
1506	0
1507	1
1508	0
1509	0
1510	0
1511	0
1512	0
1513	0
1514	0
1515	3
1516	3
1517	0
1518	0
1519	0
1520	2
1521	0
1522	3
1523	0
1524	3
1525	0
1526	3
1527	1
1528	0
1529	1
1530	0
1531	3
1532	0
1533	1
1534	0
1535	3
1536	3
1537	1
1538	3
1539	2
1540	3
1541	3
1542	3
1543	0
1544	3
1545	3
1546	3
1547	2
1548	3
1549	3
1550	3
1551	3
1552	0
1553	1
1554	0
1555	3
1556	0
1557	1
1558	3
1559	0
1560	3
1561	3
1562	0
1563	3
1564	3
1565	3
1566	0
1567	1
1568	0
1569	3
1570	3
1571	0
1572	3
1573	2
1574	0
1575	2
1576	3
1577	3
1578	0
1579	3
1580	3
1581	0
1582	0
1583	0
1584	3
1585	3
1586	1
1587	3
1588	0
1589	1
1590	3
1591	0
1592	0
1593	3
1594	0
1595	1
1596	3
1597	2
1598	3
1599	3
1600	3
1601	1
1602	0
1603	3
1604	3
1605	0
1606	0
1607	0
1608	0
1609	0
1610	0
1611	1
1612	0
1613	0
1614	3
1615	0
1616	0
1617	0
1618	0
1619	0
1620	3
1621	1
1622	1
1623	2
1624	0
1625	3
1626	3
1627	3
1628	1
1629	3
1630	0
1631	3
1632	0
1633	3
1634	0
1635	0
1636	0
1637	3
1638	0
1639	3
1640	3
1641	3
1642	3
1643	2
1644	0
1645	0
1646	3
1647	0
1648	0
1649	2
1650	3
1651	3
1652	3
1653	0
1654	0
1655	3
1656	1
1657	0
1658	1
1659	0
1660	3
1661	2
1662	3
1663	0
1664	3
1665	3
1666	3
1667	2
1668	3
1669	0
1670	3
1671	0
1672	3
1673	2
1674	3
1675	0
1676	2
1677	0
1678	3
1679	1
1680	0
1681	3
1682	3
1683	3
1684	3
1685	3
1686	0
1687	1
1688	0
1689	0
1690	0
1691	3
1692	3
1693	0
1694	0
1695	0
1696	3
1697	1
1698	3
1699	0
1700	0
1701	2
1702	0
1703	3
1704	3
1705	2
1706	0
1707	3
1708	3
1709	1
1710	2
1711	3
1712	3
1713	3
1714	3
1715	2
1716	0
1717	0
1718	3
1719	0
1720	3
1721	3
1722	3
1723	0
1724	0
1725	1
1726	2
1727	3
1728	3
1729	3
1730	3
1731	3
1732	1
1733	0
1734	0
1735	0
1736	0
1737	3
1738	0
1739	1
1740	2
1741	3
1742	3
1743	3
1744	3
1745	0
1746	0
1747	0
1748	0
1749	0
1750	3
1751	0
1752	3
1753	0
1754	0
1755	3
1756	3
1757	3
1758	0
1759	0
1760	0
1761	3
1762	0
1763	0
1764	3
1765	3
1766	0
1767	0
1768	0
1769	2
1770	0
1771	0
1772	2
1773	0
1774	0
1775	0
1776	0
1777	2
1778	3
1779	3
1780	0
1781	2
1782	1
1783	0
1784	3
1785	0
1786	1
1787	3
1788	3
1789	3
1790	3
1791	0
1792	3
1793	0
1794	0
1795	0
1796	3
1797	0
1798	0
1799	0
1800	3
1801	3
1802	3
1803	0
1804	0
1805	3
1806	3
1807	3
1808	0
1809	3
1810	3
1811	1
1812	3
1813	3
1814	3
1815	0
1816	2
1817	3
1818	0
1819	3
1820	0
1821	3
1822	3
1823	3
1824	1
1825	0
1826	3
1827	3
1828	3
1829	0
1830	2
1831	3
1832	3
1833	0
1834	0
1835	0
1836	3
1837	0
1838	0
1839	0
1840	3
1841	1
1842	0
1843	3
1844	0
1845	0
1846	2
1847	0
1848	1
1849	0
1850	3
1851	3
1852	0
1853	3
1854	3
1855	3
1856	3
1857	0
1858	0
1859	3
1860	0
1861	0
1862	0
1863	1
1864	0
1865	0
1866	0
1867	1
1868	1
1869	3
1870	1
1871	0
1872	0
1873	0
1874	3
1875	0
1876	2
1877	2
1878	0
1879	0
1880	1
1881	0
1882	3
1883	3
1884	2
1885	1
1886	0
1887	3
1888	0
1889	1
1890	1
1891	0
1892	0
1893	0
1894	1
1895	0
1896	0
1897	2
1898	0
1899	3
1900	0
1901	0
1902	0
1903	0
1904	2
1905	3
1906	3
1907	3
1908	3
1909	0
1910	2
1911	2
1912	0
1913	0
1914	3
1915	3
1916	3
1917	3
1918	0
1919	0
1920	3
1921	3
1922	0
1923	1
1924	0
1925	3
1926	0
1927	3
1928	3
1929	3
1930	3
1931	0
1932	0
1933	2
1934	3
1935	0
1936	0
1937	3
1938	3
1939	0
1940	0
1941	1
1942	3
1943	0
1944	3
1945	0
1946	3
1947	3
1948	0
1949	3
1950	1
1951	3
1952	3
1953	0
1954	3
1955	3
1956	0
1957	3
1958	3
1959	0
1960	3
1961	0
1962	3
1963	3
1964	1
1965	0
1966	0
1967	0
1968	3
1969	3
1970	2
1971	3
1972	3
1973	0
1974	0
1975	0
1976	3
1977	2
1978	0
1979	0
1980	0
1981	0
1982	0
1983	3
1984	2
1985	2
1986	0
1987	3
1988	3
1989	0
1990	0
1991	0
1992	3
1993	3
1994	0
1995	2
1996	0
1997	0
1998	0
1999	0
2000	0
2001	3
2002	1
2003	3
2004	0
2005	3
2006	0
2007	0
2008	0
2009	0
2010	3
2011	0
2012	0
2013	3
2014	0
2015	3
2016	0
2017	0
2018	2
2019	3
2020	0
2021	2
2022	0
2023	0
2024	3
2025	3
2026	0
2027	3
2028	3
2029	2
2030	3
2031	3
2032	0
2033	3
2034	3
2035	3
2036	3
2037	0
2038	0
2039	3
2040	2
2041	3
2042	3
2043	3
2044	3
2045	0
2046	3
2047	1
2048	1
2049	0
2050	0
2051	3
2052	0
2053	0
2054	0
2055	2
2056	0
2057	3
2058	0
2059	0
2060	0
2061	3
2062	3
2063	3
2064	0
2065	0
2066	0
2067	0
2068	3
2069	0
2070	2
2071	0
2072	0
2073	3
2074	2
2075	3
2076	0
2077	0
2078	2
2079	0
2080	3
2081	0
2082	0
2083	0
2084	0
2085	2
2086	3
2087	1
2088	3
2089	0
2090	0
2091	0
2092	0
2093	0
2094	0
2095	3
2096	3
2097	0
2098	3
2099	3
2100	0
2101	3
2102	0
2103	0
2104	0
2105	0
2106	3
2107	0
2108	3
2109	3
2110	3
2111	0
2112	0
2113	0
2114	0
2115	3
2116	1
2117	0
2118	2
2119	3
2120	0
2121	0
2122	0
2123	0
2124	3
2125	3
2126	0
2127	3
2128	0
2129	3
2130	3
2131	0
2132	3
2133	3
2134	2
2135	0
2136	0
2137	3
2138	0
2139	0
2140	0
2141	0
2142	3
2143	3
2144	3
2145	3
2146	3
2147	0
2148	0
2149	3
2150	0
2151	3
2152	3
2153	0
2154	3
2155	0
2156	0
2157	3
2158	0
2159	0
2160	0
2161	0
2162	0
2163	2
2164	3
2165	0
2166	1
2167	0
2168	3
2169	0
2170	0
2171	3
2172	0
2173	2
2174	2
2175	1
2176	3
2177	0
2178	0
2179	1
2180	3
2181	0
2182	0
2183	3
2184	2
2185	1
2186	0
2187	0
2188	3
2189	3
2190	0
2191	3
2192	0
2193	0
2194	3
2195	0
2196	0
2197	3
2198	0
2199	0
2200	0
2201	1
2202	3
2203	0
2204	0
2205	0
2206	1
2207	2
2208	3
2209	0
2210	0
2211	0
2212	0
2213	0
2214	0
2215	3
2216	0
2217	0
2218	0
2219	0
2220	3
2221	0
2222	0
2223	2
2224	3
2225	3
2226	0
2227	3
2228	0
2229	0
2230	0
2231	0
2232	3
2233	3
2234	3
2235	0
2236	3
2237	3
2238	3
2239	1
2240	3
2241	0
2242	0
2243	3
2244	0
2245	3
2246	3
2247	3
2248	1
2249	3
2250	0
2251	3
2252	3
2253	0
2254	1
2255	3
2256	0
2257	0
2258	3
2259	0
2260	3
2261	3
2262	0
2263	0
2264	0
2265	0
2266	2
2267	0
2268	0
2269	0
2270	3
2271	1
2272	0
2273	0
2274	3
2275	2
2276	0
2277	0
2278	2
2279	2
2280	3
2281	0
2282	0
2283	0
2284	1
2285	3
2286	3
2287	1
2288	0
2289	0
2290	3
2291	3
2292	0
2293	3
2294	0
2295	2
2296	0
2297	1
2298	0
2299	3
2300	0
2301	3
2302	0
2303	0
2304	3
2305	3
2306	3
2307	3
2308	3
2309	2
2310	0
2311	0
2312	3
2313	2
2314	0
2315	1
2316	3
2317	3
2318	3
2319	3
2320	0
2321	0
2322	0
2323	0
2324	3
2325	3
2326	0
2327	0
2328	3
2329	0
2330	0
2331	3
2332	0
2333	0
2334	3
2335	3
2336	3
2337	3
2338	0
2339	0
2340	0
2341	0
2342	0
2343	0
2344	3
2345	0
2346	0
2347	0
2348	1
2349	3
2350	2
2351	2
2352	0
2353	0
2354	0
2355	3
2356	0
2357	3
2358	3
2359	3
2360	0
2361	0
2362	1
2363	0
2364	3
2365	3
2366	3
2367	3
2368	3
2369	0
2370	2
2371	3
2372	3
2373	3
2374	0
2375	1
2376	0
2377	0
2378	0
2379	0
2380	3
2381	3
2382	0
2383	0
2384	0
2385	1
2386	0
2387	0
2388	3
2389	0
2390	0
2391	0
2392	0
2393	0
2394	0
2395	0
2396	3
2397	0
2398	0
2399	3
2400	1
2401	3
2402	0
2403	3
2404	0
2405	0
2406	3
2407	0
2408	0
2409	0
2410	3
2411	0
2412	0
2413	1
2414	3
2415	3
2416	0
2417	3
2418	3
2419	3
2420	3
2421	0
2422	3
2423	1
2424	3
2425	0
2426	0
2427	3
2428	0
2429	3
2430	3
2431	0
2432	3
2433	0
2434	3
2435	3
2436	1
2437	3
2438	0
2439	3
2440	2
2441	3
2442	0
2443	3
2444	0
2445	0
2446	2
2447	0
2448	1
2449	0
2450	0
2451	0
2452	3
2453	2
2454	0
2455	3
2456	0
2457	0
2458	0
2459	1
2460	3
2461	0
2462	0
2463	3
2464	0
2465	3
2466	0
2467	0
2468	0
2469	1
2470	2
2471	0
2472	3
2473	0
2474	0
2475	0
2476	3
2477	0
2478	0
2479	0
2480	0
2481	0
2482	0
2483	0
2484	2
2485	3
2486	3
2487	0
2488	3
2489	0
2490	3
2491	0
2492	3
2493	3
2494	3
2495	3
2496	3
2497	3
2498	0
2499	2
2500	1
2501	0
2502	0
2503	3
2504	0
2505	0
2506	3
2507	0
2508	3
2509	3
2510	0
2511	3
2512	0
2513	0
2514	0
2515	0
2516	2
2517	0
2518	0
2519	1
2520	2
2521	3
2522	0
2523	0
2524	3
2525	0
2526	0
2527	3
2528	3
2529	3
2530	2
2531	3
2532	0
2533	0
2534	0
2535	3
2536	0
2537	2
2538	3
2539	0
2540	3
2541	3
2542	3
2543	3
2544	3
2545	3
2546	0
2547	3
2548	0
2549	0
2550	0
2551	3
2552	3
2553	0
2554	3
2555	3
2556	3
2557	0
2558	3
2559	1
2560	0
2561	0
2562	0
2563	0
2564	3
2565	0
2566	3
2567	0
2568	1
2569	3
2570	0
2571	0
2572	1
2573	3
2574	2
2575	3
2576	0
2577	3
2578	3
2579	3
2580	2
2581	3
2582	0
2583	3
2584	3
2585	2
2586	0
2587	0
2588	0
2589	0
2590	0
2591	0
2592	0
2593	0
2594	0
2595	0
2596	3
2597	0
2598	3
2599	0
2600	1
2601	3
2602	0
2603	3
2604	3
2605	3
2606	0
2607	0
2608	0
2609	3
2610	3
2611	1
2612	3
2613	2
2614	0
2615	1
2616	3
2617	0
2618	0
2619	2
2620	0
2621	1
2622	0
2623	2
2624	0
2625	3
2626	0
2627	0
2628	1
2629	3
2630	2
2631	1
2632	0
2633	3
2634	0
2635	0
2636	3
2637	3
2638	0
2639	3
2640	0
2641	0
2642	0
2643	0
2644	0
2645	2
2646	0
2647	3
2648	2
2649	0
2650	0
2651	0
2652	0
2653	0
2654	0
2655	0
2656	3
2657	3
2658	0
2659	2
2660	0
2661	2
2662	3
2663	3
2664	3
2665	3
2666	0
2667	0
2668	3
2669	3
2670	0
2671	0
2672	3
2673	3
2674	2
2675	1
2676	0
2677	2
2678	3
2679	3
2680	2
2681	0
2682	0
2683	0
2684	0
2685	2
2686	0
2687	2
2688	0
2689	0
2690	0
2691	0
2692	3
2693	2
2694	3
2695	0
2696	0
2697	3
2698	0
2699	0
2700	0
2701	3
2702	3
2703	0
2704	0
2705	3
2706	3
2707	3
2708	3
2709	0
2710	3
2711	3
2712	1
2713	3
2714	0
2715	0
2716	0
2717	1
2718	2
2719	0
2720	0
2721	3
2722	3
2723	0
2724	1
2725	3
2726	1
2727	2
2728	3
2729	3
2730	2
2731	3
2732	0
2733	0
2734	0
2735	3
2736	1
2737	3
2738	3
2739	0
2740	3
2741	0
2742	2
2743	3
2744	2
2745	3
2746	3
2747	3
2748	3
2749	2
2750	3
2751	0
2752	3
2753	3
2754	0
2755	0
2756	3
2757	3
2758	0
2759	3
2760	0
2761	0
2762	0
2763	3
2764	2
2765	3
2766	2
2767	0
2768	0
2769	0
2770	0
2771	0
2772	0
2773	3
2774	1
2775	3
2776	0
2777	3
2778	0
2779	3
2780	0
2781	3
2782	0
2783	3
2784	3
2785	3
2786	2
2787	0
2788	0
2789	0
2790	2
2791	3
2792	3
2793	0
2794	0
2795	0
2796	3
2797	3
2798	0
2799	0
2800	0
2801	3
2802	0
2803	3
2804	3
2805	0
2806	3
2807	0
2808	2
2809	3
2810	3
2811	0
2812	0
2813	0
2814	0
2815	2
2816	1
2817	0
2818	1
2819	3
2820	3
2821	0
2822	0
2823	0
2824	0
2825	3
2826	2
2827	0
2828	1
2829	0
2830	0
2831	3
2832	3
2833	0
2834	3
2835	0
2836	3
2837	0
2838	0
2839	1
2840	3
2841	3
2842	3
2843	0
2844	0
2845	3
2846	3
2847	3
2848	0
2849	1
2850	2
2851	0
2852	3
2853	0
2854	0
2855	0
2856	3
2857	1
2858	0
2859	3
2860	0
2861	0
2862	0
2863	3
2864	3
2865	3
2866	3
2867	0
2868	0
2869	1
2870	3
2871	0
2872	3
2873	2
2874	0
2875	2
2876	3
2877	0
2878	3
2879	0
2880	3
2881	3
2882	0
2883	3
2884	0
2885	3
2886	3
2887	0
2888	0
2889	0
2890	0
2891	0
2892	3
2893	3
2894	0
2895	0
2896	3
2897	0
2898	2
2899	0
2900	0
2901	3
2902	0
2903	3
2904	3
2905	0
2906	0
2907	0
2908	3
2909	1
2910	0
2911	3
2912	3
2913	0
2914	0
2915	3
2916	1
2917	3
2918	0
2919	1
2920	0
2921	3
2922	0
2923	0
2924	0
2925	1
2926	2
2927	0
2928	2
2929	2
2930	1
2931	3
2932	0
2933	3
2934	0
2935	3
2936	3
2937	2
2938	0
2939	0
2940	0
2941	0
2942	0
2943	3
2944	2
2945	2
2946	0
2947	0
2948	3
2949	0
2950	0
2951	0
2952	2
2953	3
2954	3
2955	0
2956	0
2957	0
2958	0
2959	3
2960	0
2961	3
2962	0
2963	0
2964	3
2965	3
2966	0
2967	3
2968	3
2969	0
2970	3
2971	1
2972	0
2973	0
2974	0
2975	0
2976	0
2977	1
2978	1
2979	0
2980	0
2981	0
2982	0
2983	0
2984	3
2985	0
2986	0
2987	0
2988	0
2989	0
2990	0
2991	0
2992	0
2993	1
2994	0
2995	0
2996	3
2997	0
2998	3
2999	0
3000	2
3001	3
3002	3
3003	3
3004	3
3005	0
3006	3
3007	0
3008	0
3009	0
3010	0
3011	0
3012	0
3013	0
3014	0
3015	3
3016	3
3017	0
3018	0
3019	0
3020	3
3021	3
3022	3
3023	1
3024	0
3025	1
3026	0
3027	0
3028	0
3029	3
3030	3
3031	3
3032	2
3033	3
3034	3
3035	0
3036	3
3037	0
3038	0
3039	0
3040	0
3041	0
3042	3
3043	0
3044	0
3045	3
3046	0
3047	3
3048	1
3049	0
3050	2
3051	3
3052	1
3053	1
3054	1
3055	3
3056	0
3057	0
3058	0
3059	3
3060	3
3061	0
3062	3
3063	0
3064	3
3065	3
3066	0
3067	0
3068	3
3069	3
3070	1
3071	3
3072	0
3073	0
3074	2
3075	0
3076	3
3077	0
3078	3
3079	3
3080	3
3081	0
3082	3
3083	0
3084	1
3085	3
3086	3
3087	0
3088	0
3089	0
3090	0
3091	0
3092	3
3093	1
3094	2
3095	2
3096	3
3097	3
3098	3
3099	3
3100	1
3101	3
3102	0
3103	0
3104	0
3105	2
3106	2
3107	1
3108	0
3109	0
3110	0
3111	3
3112	2
3113	0
3114	0
3115	3
3116	3
3117	0
3118	1
3119	3
3120	2
3121	1
3122	0
3123	2
3124	0
3125	2
3126	0
3127	0
3128	0
3129	0
3130	0
3131	3
3132	3
3133	0
3134	3
3135	0
3136	0
3137	3
3138	0
3139	0
3140	0
3141	1
3142	0
3143	3
3144	3
3145	3
3146	0
3147	3
3148	3
3149	2
3150	3
3151	0
3152	1
3153	0
3154	0
3155	3
3156	1
3157	0
3158	3
3159	0
3160	0
3161	3
3162	3
3163	0
3164	3
3165	1
3166	0
3167	0
3168	2
3169	3
3170	0
3171	0
3172	0
3173	0
3174	0
3175	3
3176	3
3177	3
3178	3
3179	1
3180	3
3181	0
3182	1
3183	1
3184	0
3185	3
3186	0
3187	2
3188	3
3189	3
3190	3
3191	0
3192	0
3193	3
3194	0
3195	1
3196	0
3197	0
3198	3
3199	0
3200	0
3201	0
3202	0
3203	0
3204	2
3205	0
3206	0
3207	3
3208	0
3209	3
3210	0
3211	3
3212	0
3213	3
3214	2
3215	0
3216	0
3217	0
3218	0
3219	0
3220	3
3221	0
3222	3
3223	0
3224	3
3225	3
3226	3
3227	3
3228	0
3229	3
3230	1
3231	3
3232	0
3233	0
3234	0
3235	3
3236	3
3237	3
3238	0
3239	3
3240	3
3241	1
3242	3
3243	2
3244	3
3245	1
3246	3
3247	3
3248	0
3249	0
3250	0
3251	0
3252	3
3253	3
3254	2
3255	3
3256	0
3257	0
3258	1
3259	3
3260	3
3261	0
3262	3
3263	0
3264	0
3265	3
3266	1
3267	3
3268	3
3269	0
3270	3
3271	3
3272	3
3273	0
3274	0
3275	0
3276	3
3277	3
3278	2
3279	3
3280	0
3281	0
3282	0
3283	0
3284	0
3285	3
3286	3
3287	3
3288	0
3289	0
3290	3
3291	0
3292	3
3293	3
3294	0
3295	0
3296	3
3297	3
3298	0
3299	0
3300	3
3301	0
3302	0
3303	2
3304	1
3305	3
3306	0
3307	0
3308	3
3309	0
3310	3
3311	0
3312	0
3313	3
3314	1
3315	1
3316	3
3317	2
3318	0
3319	0
3320	0
3321	0
3322	0
3323	0
3324	0
3325	0
3326	3
3327	2
3328	3
3329	2
3330	0
3331	3
3332	3
3333	3
3334	2
3335	0
3336	0
3337	0
3338	0
3339	3
3340	0
3341	2
3342	3
3343	3
3344	0
3345	3
3346	0
3347	2
3348	3
3349	3
3350	0
3351	0
3352	3
3353	0
3354	3
3355	2
3356	0
3357	3
3358	0
3359	1
3360	3
3361	0
3362	2
3363	1
3364	3
3365	2
3366	3
3367	3
3368	3
3369	1
3370	1
3371	0
3372	3
3373	0
3374	3
3375	0
3376	0
3377	0
3378	0
3379	0
3380	3
3381	0
3382	1
3383	3
3384	3
3385	0
3386	0
3387	3
3388	0
3389	2
3390	0
3391	0
3392	3
3393	0
3394	0
3395	0
3396	2
3397	3
3398	3
3399	3
3400	0
3401	0
3402	0
3403	3
3404	3
3405	2
3406	0
3407	3
3408	0
3409	3
3410	0
3411	3
3412	3
3413	0
3414	3
3415	3
3416	0
3417	3
3418	3
3419	1
3420	3
3421	3
3422	0
3423	3
3424	3
3425	3
3426	0
3427	0
3428	0
3429	2
3430	3
3431	1
3432	0
3433	0
3434	0
3435	0
3436	3
3437	3
3438	3
3439	0
3440	3
3441	0
3442	3
3443	3
3444	3
3445	0
3446	2
3447	3
3448	2
3449	0
3450	0
3451	0
3452	0
3453	3
3454	1
3455	3
3456	3
3457	3
3458	3
3459	3
3460	1
3461	0
3462	0
3463	0
3464	2
3465	3
3466	0
3467	3
3468	3
3469	3
3470	3
3471	0
3472	0
3473	0
3474	3
3475	0
3476	0
3477	2
3478	0
3479	0
3480	0
3481	3
3482	3
3483	3
3484	0
3485	3
3486	0
3487	3
3488	3
3489	0
3490	0
3491	1
3492	1
3493	0
3494	3
3495	0
3496	1
3497	3
3498	0
3499	2
3500	0
3501	3
3502	1
3503	1
3504	3
3505	0
3506	3
3507	3
3508	3
3509	3
3510	0
3511	3
3512	3
3513	0
3514	2
3515	0
3516	2
3517	3
3518	0
3519	0
3520	0
3521	0
3522	0
3523	3
3524	0
3525	0
3526	3
3527	3
3528	0
3529	1
3530	0
3531	3
3532	3
3533	2
3534	3
3535	1
3536	0
3537	2
3538	0
3539	3
3540	3
3541	1
3542	0
3543	0
3544	0
3545	3
3546	2
3547	0
3548	3
3549	3
3550	3
3551	3
3552	3
3553	0
3554	1
3555	0
3556	0
3557	3
3558	3
3559	3
3560	0
3561	0
3562	0
3563	3
3564	0
3565	3
3566	3
3567	0
3568	3
3569	3
3570	0
3571	3
3572	0
3573	0
3574	1
3575	3
3576	1
3577	0
3578	0
3579	0
3580	0
3581	2
3582	3
3583	3
3584	0
3585	2
3586	3
3587	3
3588	3
3589	3
3590	0
3591	3
3592	0
3593	0
3594	0
3595	1
3596	0
3597	3
3598	3
3599	0
3600	0
3601	0
3602	0
3603	3
3604	3
3605	3
3606	3
3607	0
3608	2
3609	3
3610	3
3611	2
3612	3
3613	0
3614	2
3615	0
3616	0
3617	3
3618	0
3619	2
3620	2
3621	3
3622	0
3623	0
3624	3
3625	3
3626	0
3627	2
3628	0
3629	0
3630	0
3631	3
3632	3
3633	2
3634	2
3635	0
3636	3
3637	0
3638	1
3639	1
3640	2
3641	1
3642	0
3643	0
3644	0
3645	0
3646	3
3647	0
3648	0
3649	0
3650	0
3651	0
3652	2
3653	0
3654	0
3655	3
3656	0
3657	0
3658	0
3659	1
3660	3
3661	3
3662	3
3663	3
3664	0
3665	3
3666	0
3667	0
3668	3
3669	3
3670	0
3671	0
3672	0
3673	2
3674	0
3675	3
3676	1
3677	3
3678	0
3679	2
3680	3
3681	3
3682	3
3683	0
3684	0
3685	3
3686	0
3687	0
3688	0
3689	3
3690	0
3691	1
3692	0
3693	3
3694	2
3695	2
3696	3
3697	3
3698	0
3699	3
3700	3
3701	0
3702	1
3703	0
3704	0
3705	0
3706	0
3707	0
3708	0
3709	0
3710	0
3711	2
3712	3
3713	3
3714	0
3715	2
3716	0
3717	3
3718	2
3719	3
3720	0
3721	3
3722	0
3723	1
3724	1
3725	0
3726	3
3727	0
3728	3
3729	0
3730	2
3731	1
3732	2
3733	3
3734	0
3735	3
3736	0
3737	3
3738	3
3739	0
3740	2
3741	3
3742	0
3743	0
3744	3
3745	0
3746	0
3747	1
3748	3
3749	3
3750	0
3751	3
3752	3
3753	2
3754	3
3755	3
3756	3
3757	0
3758	3
3759	3
3760	3
3761	0
3762	3
3763	0
3764	3
3765	3
3766	3
3767	3
3768	0
3769	3
3770	0
3771	0
3772	0
3773	0
3774	0
3775	3
3776	2
3777	3
3778	0
3779	0
3780	3
3781	3
3782	1
3783	3
3784	3
3785	0
3786	0
3787	0
3788	3
3789	3
3790	0
3791	0
3792	0
3793	0
3794	1
3795	3
3796	2
3797	0
3798	3
3799	2
3800	0
3801	3
3802	3
3803	0
3804	3
3805	2
3806	3
3807	2
3808	0
3809	3
3810	2
3811	0
3812	0
3813	2
3814	3
3815	2
3816	3
3817	3
3818	2
3819	1
3820	3
3821	3
3822	2
3823	0
3824	0
3825	0
3826	2
3827	3
3828	1
3829	0
3830	3
3831	1
3832	3
3833	0
3834	3
3835	3
3836	0
3837	3
3838	2
3839	3
3840	1
3841	2
3842	3
3843	3
3844	3
3845	3
3846	2
3847	0
3848	0
3849	3
3850	3
3851	0
3852	0
3853	0
3854	0
3855	0
3856	0
3857	0
3858	3
3859	0
3860	0
3861	3
3862	3
3863	3
3864	3
3865	3
3866	1
3867	3
3868	0
3869	3
3870	3
3871	3
3872	3
3873	0
3874	3
3875	3
3876	3
3877	2
3878	0
3879	0
3880	3
3881	3
3882	0
3883	0
3884	1
3885	0
3886	0
3887	2
3888	2
3889	0
3890	0
3891	3
3892	3
3893	3
3894	0
3895	3
3896	3
3897	3
3898	0
3899	0
3900	0
3901	3
3902	3
3903	0
3904	0
3905	2
3906	0
3907	0
3908	2
3909	0
3910	3
3911	3
3912	0
3913	3
3914	3
3915	0
3916	0
3917	0
3918	2
3919	3
3920	3
3921	3
3922	3
3923	3
3924	3
3925	0
3926	0
3927	0
3928	3
3929	3
3930	3
3931	0
3932	0
3933	1
3934	0
3935	1
3936	3
3937	3
3938	0
3939	0
3940	0
3941	3
3942	3
3943	0
3944	3
3945	0
3946	1
3947	3
3948	3
3949	3
3950	1
3951	0
3952	3
3953	0
3954	0
3955	2
3956	3
3957	0
3958	3
3959	0
3960	3
3961	0
3962	1
3963	0
3964	0
3965	0
3966	0
3967	3
3968	3
3969	2
3970	3
3971	3
3972	3
3973	3
3974	3
3975	2
3976	0
3977	3
3978	1
3979	0
3980	3
3981	0
3982	3
3983	0
3984	3
3985	0
3986	3
3987	2
3988	0
3989	1
3990	0
3991	1
3992	3
3993	3
3994	3
3995	2
3996	0
3997	0
3998	0
3999	0
4000	2
4001	0
4002	0
4003	2
4004	1
4005	1
4006	3
4007	0
4008	3
4009	0
4010	3
4011	3
4012	2
4013	0
4014	3
4015	3
4016	2
4017	0
4018	3
4019	0
4020	0
4021	0
4022	0
4023	0
4024	3
4025	3
4026	3
4027	3
4028	0
4029	0
4030	1
4031	0
4032	0
4033	2
4034	0
4035	0
4036	3
4037	1
4038	0
4039	3
4040	0
4041	1
4042	3
4043	0
4044	3
4045	3
4046	0
4047	1
4048	3
4049	3
4050	3
4051	3
4052	0
4053	0
4054	3
4055	0
4056	0
4057	3
4058	3
4059	0
4060	3
4061	2
4062	1
4063	3
4064	3
4065	3
4066	0
4067	0
4068	3
4069	3
4070	3
4071	1
4072	0
4073	0
4074	3
4075	0
4076	3
4077	1
4078	2
4079	0
4080	3
4081	3
4082	3
4083	3
4084	0
4085	0
4086	0
4087	0
4088	0
4089	3
4090	0
4091	0
4092	0
4093	2
4094	0
4095	3
