COMMAND
./sim gshare 12 8 ./proj2-traces/jpeg_trace.txt
OUTPUT
number of predictions:2000000
number of mispredictions:136893
misprediction rate:   6.84%
FINAL GSHARE CONTENTS
0	3
1	3
2	3
3	3
4	3
5	1
6	2
7	3
8	3
9	3
10	3
11	0
12	3
13	0
14	3
15	3
16	2
17	3
18	3
19	3
20	0
21	2
22	3
23	3
24	2
25	1
26	3
27	0
28	2
29	2
30	0
31	3
32	3
33	2
34	3
35	3
36	2
37	0
38	3
39	3
40	2
41	3
42	3
43	1
44	3
45	0
46	2
47	3
48	3
49	0
50	3
51	0
52	2
53	0
54	0
55	2
56	0
57	3
58	3
59	0
60	1
61	2
62	3
63	0
64	3
65	0
66	3
67	0
68	1
69	2
70	0
71	3
72	3
73	3
74	3
75	0
76	3
77	2
78	3
79	1
80	3
81	2
82	3
83	3
84	2
85	2
86	3
87	3
88	3
89	3
90	3
91	2
92	0
93	1
94	2
95	0
96	2
97	2
98	3
99	2
100	0
101	2
102	1
103	2
104	2
105	2
106	3
107	0
108	0
109	1
110	3
111	3
112	3
113	3
114	3
115	3
116	2
117	0
118	2
119	3
120	2
121	0
122	3
123	1
124	3
125	0
126	2
127	3
128	3
129	2
130	2
131	1
132	2
133	0
134	1
135	3
136	1
137	2
138	3
139	3
140	0
141	3
142	2
143	3
144	3
145	3
146	2
147	0
148	0
149	3
150	0
151	3
152	0
153	3
154	3
155	1
156	3
157	2
158	2
159	3
160	2
161	2
162	2
163	0
164	2
165	3
166	2
167	3
168	2
169	3
170	3
171	0
172	0
173	3
174	2
175	2
176	2
177	0
178	3
179	0
180	1
181	3
182	0
183	2
184	3
185	2
186	3
187	3
188	0
189	2
190	3
191	2
192	3
193	2
194	3
195	2
196	3
197	0
198	2
199	3
200	0
201	3
202	3
203	3
204	2
205	3
206	3
207	3
208	3
209	2
210	3
211	0
212	2
213	3
214	3
215	3
216	0
217	2
218	3
219	0
220	2
221	3
222	3
223	3
224	0
225	3
226	3
227	2
228	3
229	2
230	2
231	3
232	3
233	3
234	3
235	2
236	2
237	3
238	0
239	0
240	3
241	0
242	3
243	2
244	3
245	2
246	1
247	3
248	0
249	1
250	3
251	3
252	3
253	3
254	2
255	3
256	0
257	3
258	2
259	0
260	0
261	2
262	3
263	3
264	3
265	3
266	2
267	0
268	2
269	3
270	2
271	3
272	3
273	3
274	3
275	3
276	1
277	2
278	2
279	3
280	3
281	3
282	3
283	0
284	3
285	0
286	3
287	3
288	3
289	2
290	0
291	2
292	3
293	0
294	3
295	3
296	3
297	3
298	3
299	0
300	3
301	3
302	2
303	3
304	3
305	3
306	0
307	0
308	2
309	0
310	3
311	0
312	3
313	0
314	3
315	3
316	3
317	0
318	3
319	3
320	0
321	3
322	3
323	3
324	2
325	2
326	0
327	3
328	0
329	0
330	3
331	2
332	3
333	0
334	2
335	2
336	2
337	3
338	3
339	3
340	3
341	0
342	0
343	3
344	0
345	3
346	3
347	0
348	0
349	0
350	3
351	0
352	3
353	3
354	2
355	0
356	2
357	0
358	3
359	2
360	3
361	1
362	3
363	0
364	3
365	3
366	0
367	3
368	1
369	0
370	2
371	0
372	2
373	0
374	0
375	3
376	3
377	2
378	3
379	1
380	3
381	0
382	2
383	3
384	3
385	0
386	0
387	3
388	2
389	0
390	0
391	3
392	3
393	2
394	3
395	0
396	3
397	2
398	2
399	3
400	3
401	3
402	3
403	3
404	0
405	1
406	2
407	3
408	3
409	0
410	2
411	2
412	1
413	2
414	3
415	1
416	0
417	3
418	1
419	2
420	3
421	3
422	3
423	3
424	3
425	0
426	3
427	0
428	3
429	0
430	3
431	2
432	3
433	1
434	2
435	3
436	3
437	0
438	0
439	3
440	3
441	2
442	3
443	3
444	3
445	0
446	2
447	3
448	3
449	0
450	3
451	3
452	3
453	0
454	3
455	2
456	3
457	2
458	3
459	3
460	3
461	0
462	2
463	3
464	3
465	0
466	3
467	3
468	2
469	1
470	3
471	2
472	2
473	3
474	3
475	2
476	3
477	3
478	3
479	2
480	0
481	0
482	1
483	1
484	2
485	1
486	3
487	3
488	3
489	2
490	0
491	2
492	3
493	3
494	2
495	3
496	3
497	2
498	3
499	2
500	2
501	2
502	3
503	3
504	1
505	0
506	3
507	0
508	3
509	0
510	3
511	3
512	2
513	2
514	0
515	3
516	0
517	0
518	0
519	3
520	3
521	3
522	3
523	3
524	3
525	3
526	3
527	0
528	3
529	2
530	3
531	0
532	1
533	1
534	0
535	3
536	0
537	1
538	3
539	0
540	1
541	3
542	3
543	0
544	1
545	2
546	1
547	0
548	2
549	2
550	0
551	2
552	3
553	3
554	3
555	1
556	2
557	3
558	3
559	3
560	3
561	2
562	3
563	0
564	0
565	0
566	3
567	3
568	3
569	3
570	3
571	2
572	2
573	2
574	3
575	0
576	3
577	2
578	0
579	3
580	2
581	1
582	2
583	3
584	0
585	3
586	3
587	3
588	0
589	1
590	2
591	0
592	3
593	3
594	3
595	2
596	0
597	0
598	3
599	2
600	3
601	3
602	3
603	3
604	3
605	0
606	3
607	0
608	3
609	2
610	0
611	2
612	3
613	0
614	3
615	2
616	1
617	3
618	3
619	0
620	2
621	2
622	2
623	0
624	2
625	3
626	0
627	3
628	2
629	0
630	2
631	2
632	0
633	2
634	3
635	2
636	3
637	3
638	3
639	3
640	3
641	2
642	0
643	0
644	2
645	0
646	3
647	3
648	1
649	3
650	3
651	3
652	2
653	2
654	3
655	3
656	3
657	2
658	2
659	2
660	3
661	3
662	2
663	3
664	2
665	1
666	3
667	3
668	3
669	2
670	3
671	2
672	3
673	1
674	0
675	3
676	3
677	3
678	3
679	2
680	2
681	2
682	3
683	3
684	3
685	1
686	2
687	2
688	3
689	2
690	0
691	1
692	2
693	2
694	3
695	3
696	2
697	3
698	3
699	3
700	2
701	0
702	3
703	3
704	3
705	3
706	2
707	1
708	0
709	1
710	1
711	2
712	0
713	2
714	2
715	3
716	2
717	3
718	3
719	3
720	3
721	3
722	3
723	2
724	2
725	3
726	3
727	3
728	3
729	1
730	3
731	3
732	1
733	3
734	3
735	2
736	2
737	2
738	0
739	1
740	3
741	3
742	1
743	2
744	0
745	2
746	3
747	3
748	2
749	1
750	3
751	2
752	1
753	2
754	1
755	2
756	2
757	1
758	3
759	3
760	2
761	1
762	2
763	3
764	3
765	0
766	3
767	3
768	3
769	2
770	0
771	0
772	3
773	3
774	2
775	3
776	2
777	3
778	2
779	0
780	0
781	3
782	3
783	0
784	3
785	2
786	2
787	3
788	3
789	0
790	3
791	2
792	3
793	3
794	2
795	0
796	3
797	3
798	3
799	3
800	3
801	1
802	3
803	2
804	3
805	0
806	2
807	3
808	2
809	3
810	3
811	3
812	2
813	2
814	0
815	2
816	3
817	0
818	3
819	0
820	2
821	3
822	3
823	3
824	0
825	3
826	0
827	1
828	2
829	3
830	3
831	2
832	3
833	0
834	3
835	0
836	2
837	3
838	3
839	3
840	0
841	3
842	2
843	2
844	2
845	0
846	2
847	3
848	3
849	2
850	0
851	2
852	2
853	0
854	2
855	3
856	1
857	3
858	2
859	2
860	3
861	3
862	3
863	2
864	2
865	1
866	0
867	0
868	3
869	0
870	1
871	2
872	3
873	2
874	3
875	2
876	2
877	3
878	3
879	0
880	0
881	0
882	3
883	0
884	3
885	2
886	2
887	2
888	0
889	0
890	3
891	2
892	2
893	2
894	2
895	3
896	0
897	3
898	0
899	2
900	0
901	0
902	3
903	3
904	2
905	2
906	0
907	3
908	2
909	0
910	2
911	3
912	3
913	3
914	1
915	2
916	0
917	0
918	0
919	2
920	1
921	3
922	0
923	0
924	0
925	0
926	3
927	2
928	3
929	0
930	0
931	0
932	0
933	0
934	3
935	3
936	2
937	0
938	3
939	3
940	3
941	0
942	2
943	3
944	3
945	2
946	0
947	2
948	0
949	0
950	3
951	2
952	3
953	3
954	3
955	1
956	0
957	3
958	2
959	2
960	2
961	2
962	2
963	0
964	3
965	0
966	3
967	3
968	2
969	3
970	3
971	0
972	0
973	0
974	3
975	3
976	2
977	2
978	0
979	2
980	3
981	0
982	2
983	3
984	3
985	0
986	3
987	0
988	1
989	0
990	3
991	2
992	3
993	2
994	2
995	0
996	0
997	0
998	2
999	3
1000	2
1001	1
1002	3
1003	2
1004	3
1005	0
1006	2
1007	3
1008	3
1009	3
1010	2
1011	0
1012	0
1013	0
1014	0
1015	3
1016	3
1017	3
1018	2
1019	0
1020	0
1021	2
1022	1
1023	3
1024	3
1025	0
1026	2
1027	2
1028	2
1029	0
1030	3
1031	3
1032	3
1033	3
1034	2
1035	1
1036	0
1037	3
1038	3
1039	0
1040	3
1041	2
1042	0
1043	2
1044	3
1045	3
1046	2
1047	3
1048	3
1049	1
1050	2
1051	3
1052	3
1053	0
1054	3
1055	0
1056	3
1057	2
1058	3
1059	0
1060	3
1061	0
1062	2
1063	3
1064	2
1065	3
1066	0
1067	0
1068	0
1069	3
1070	3
1071	3
1072	2
1073	0
1074	3
1075	2
1076	2
1077	0
1078	2
1079	3
1080	2
1081	3
1082	1
1083	0
1084	0
1085	2
1086	0
1087	2
1088	3
1089	3
1090	3
1091	1
1092	1
1093	3
1094	2
1095	0
1096	3
1097	2
1098	2
1099	3
1100	3
1101	0
1102	3
1103	0
1104	3
1105	3
1106	1
1107	0
1108	2
1109	3
1110	2
1111	3
1112	3
1113	3
1114	3
1115	2
1116	3
1117	0
1118	2
1119	1
1120	0
1121	3
1122	0
1123	0
1124	0
1125	0
1126	2
1127	3
1128	3
1129	0
1130	3
1131	0
1132	2
1133	3
1134	3
1135	3
1136	3
1137	3
1138	0
1139	3
1140	3
1141	0
1142	2
1143	3
1144	3
1145	0
1146	2
1147	3
1148	2
1149	1
1150	1
1151	2
1152	2
1153	0
1154	3
1155	0
1156	3
1157	3
1158	2
1159	2
1160	3
1161	3
1162	2
1163	0
1164	2
1165	3
1166	3
1167	2
1168	3
1169	3
1170	2
1171	0
1172	0
1173	0
1174	3
1175	3
1176	3
1177	3
1178	3
1179	0
1180	0
1181	3
1182	3
1183	2
1184	2
1185	2
1186	0
1187	3
1188	2
1189	3
1190	0
1191	3
1192	0
1193	2
1194	2
1195	2
1196	3
1197	0
1198	1
1199	0
1200	2
1201	3
1202	0
1203	2
1204	1
1205	3
1206	2
1207	2
1208	3
1209	2
1210	2
1211	3
1212	3
1213	3
1214	2
1215	0
1216	2
1217	3
1218	3
1219	1
1220	2
1221	0
1222	1
1223	3
1224	3
1225	2
1226	3
1227	3
1228	2
1229	3
1230	3
1231	3
1232	2
1233	3
1234	0
1235	1
1236	0
1237	1
1238	3
1239	2
1240	3
1241	3
1242	3
1243	3
1244	2
1245	3
1246	2
1247	3
1248	2
1249	3
1250	0
1251	3
1252	2
1253	0
1254	1
1255	3
1256	2
1257	2
1258	2
1259	3
1260	3
1261	3
1262	2
1263	3
1264	3
1265	0
1266	3
1267	0
1268	3
1269	0
1270	1
1271	3
1272	3
1273	3
1274	3
1275	3
1276	0
1277	3
1278	2
1279	3
1280	0
1281	2
1282	3
1283	3
1284	3
1285	3
1286	2
1287	3
1288	3
1289	3
1290	3
1291	0
1292	2
1293	2
1294	3
1295	0
1296	3
1297	3
1298	0
1299	3
1300	2
1301	3
1302	2
1303	3
1304	3
1305	0
1306	3
1307	2
1308	3
1309	0
1310	3
1311	2
1312	3
1313	2
1314	0
1315	3
1316	0
1317	3
1318	2
1319	3
1320	3
1321	3
1322	3
1323	3
1324	0
1325	1
1326	3
1327	0
1328	3
1329	0
1330	1
1331	3
1332	2
1333	0
1334	2
1335	3
1336	3
1337	0
1338	2
1339	3
1340	2
1341	0
1342	2
1343	2
1344	3
1345	0
1346	0
1347	3
1348	3
1349	3
1350	3
1351	3
1352	3
1353	2
1354	3
1355	3
1356	3
1357	3
1358	2
1359	2
1360	2
1361	2
1362	0
1363	2
1364	0
1365	2
1366	3
1367	0
1368	3
1369	3
1370	3
1371	0
1372	3
1373	3
1374	1
1375	2
1376	2
1377	0
1378	2
1379	3
1380	0
1381	2
1382	3
1383	0
1384	3
1385	0
1386	3
1387	1
1388	0
1389	0
1390	2
1391	3
1392	3
1393	0
1394	1
1395	1
1396	2
1397	2
1398	3
1399	1
1400	3
1401	3
1402	3
1403	0
1404	3
1405	2
1406	3
1407	0
1408	0
1409	2
1410	3
1411	0
1412	3
1413	3
1414	2
1415	3
1416	3
1417	3
1418	3
1419	2
1420	0
1421	3
1422	0
1423	2
1424	2
1425	3
1426	0
1427	3
1428	3
1429	2
1430	3
1431	2
1432	3
1433	0
1434	2
1435	0
1436	1
1437	3
1438	2
1439	1
1440	0
1441	2
1442	0
1443	3
1444	3
1445	2
1446	2
1447	0
1448	3
1449	0
1450	2
1451	0
1452	0
1453	1
1454	3
1455	0
1456	2
1457	3
1458	2
1459	2
1460	3
1461	1
1462	0
1463	3
1464	3
1465	0
1466	3
1467	0
1468	1
1469	0
1470	2
1471	0
1472	3
1473	2
1474	3
1475	2
1476	3
1477	2
1478	2
1479	0
1480	1
1481	0
1482	1
1483	3
1484	3
1485	3
1486	2
1487	2
1488	3
1489	0
1490	3
1491	2
1492	3
1493	3
1494	2
1495	3
1496	2
1497	3
1498	3
1499	3
1500	3
1501	3
1502	3
1503	0
1504	3
1505	3
1506	3
1507	3
1508	3
1509	0
1510	2
1511	0
1512	3
1513	3
1514	3
1515	3
1516	0
1517	2
1518	2
1519	1
1520	2
1521	3
1522	3
1523	3
1524	2
1525	3
1526	2
1527	2
1528	2
1529	3
1530	2
1531	3
1532	0
1533	2
1534	3
1535	2
1536	3
1537	2
1538	3
1539	3
1540	2
1541	0
1542	3
1543	3
1544	3
1545	2
1546	2
1547	3
1548	3
1549	0
1550	3
1551	3
1552	3
1553	0
1554	3
1555	0
1556	2
1557	1
1558	2
1559	3
1560	3
1561	3
1562	3
1563	0
1564	0
1565	2
1566	2
1567	2
1568	3
1569	3
1570	3
1571	2
1572	0
1573	3
1574	2
1575	3
1576	3
1577	2
1578	2
1579	0
1580	3
1581	3
1582	3
1583	3
1584	3
1585	0
1586	2
1587	0
1588	0
1589	0
1590	3
1591	3
1592	2
1593	1
1594	3
1595	0
1596	3
1597	3
1598	2
1599	1
1600	3
1601	0
1602	2
1603	3
1604	2
1605	0
1606	2
1607	3
1608	3
1609	2
1610	3
1611	3
1612	3
1613	2
1614	3
1615	0
1616	3
1617	3
1618	3
1619	0
1620	1
1621	0
1622	3
1623	3
1624	2
1625	3
1626	3
1627	3
1628	1
1629	1
1630	3
1631	0
1632	3
1633	3
1634	2
1635	2
1636	3
1637	2
1638	2
1639	3
1640	1
1641	2
1642	3
1643	3
1644	2
1645	3
1646	3
1647	0
1648	3
1649	0
1650	0
1651	0
1652	2
1653	3
1654	3
1655	3
1656	1
1657	2
1658	2
1659	3
1660	3
1661	3
1662	2
1663	3
1664	2
1665	0
1666	2
1667	0
1668	2
1669	0
1670	2
1671	3
1672	3
1673	3
1674	3
1675	3
1676	3
1677	3
1678	3
1679	0
1680	2
1681	2
1682	2
1683	3
1684	1
1685	2
1686	3
1687	3
1688	0
1689	0
1690	2
1691	3
1692	3
1693	3
1694	3
1695	0
1696	1
1697	0
1698	2
1699	0
1700	1
1701	0
1702	3
1703	3
1704	3
1705	3
1706	2
1707	3
1708	3
1709	0
1710	3
1711	2
1712	2
1713	1
1714	3
1715	2
1716	3
1717	1
1718	2
1719	3
1720	3
1721	0
1722	0
1723	3
1724	1
1725	1
1726	2
1727	0
1728	2
1729	3
1730	3
1731	3
1732	3
1733	2
1734	3
1735	3
1736	2
1737	3
1738	2
1739	3
1740	2
1741	3
1742	3
1743	2
1744	2
1745	3
1746	0
1747	3
1748	3
1749	2
1750	2
1751	3
1752	1
1753	3
1754	2
1755	3
1756	1
1757	0
1758	3
1759	2
1760	0
1761	2
1762	2
1763	2
1764	2
1765	0
1766	0
1767	1
1768	3
1769	3
1770	2
1771	0
1772	3
1773	3
1774	3
1775	0
1776	3
1777	2
1778	0
1779	2
1780	0
1781	1
1782	3
1783	0
1784	3
1785	3
1786	2
1787	3
1788	3
1789	3
1790	3
1791	3
1792	3
1793	2
1794	0
1795	2
1796	0
1797	3
1798	2
1799	3
1800	1
1801	3
1802	3
1803	3
1804	0
1805	3
1806	3
1807	3
1808	3
1809	2
1810	1
1811	2
1812	0
1813	3
1814	1
1815	3
1816	1
1817	2
1818	3
1819	3
1820	0
1821	3
1822	2
1823	2
1824	0
1825	2
1826	0
1827	2
1828	0
1829	3
1830	3
1831	0
1832	2
1833	3
1834	3
1835	3
1836	3
1837	3
1838	3
1839	0
1840	0
1841	3
1842	2
1843	2
1844	3
1845	3
1846	0
1847	2
1848	3
1849	3
1850	2
1851	2
1852	3
1853	3
1854	3
1855	3
1856	2
1857	2
1858	0
1859	0
1860	0
1861	0
1862	3
1863	3
1864	2
1865	3
1866	1
1867	0
1868	2
1869	2
1870	3
1871	1
1872	3
1873	0
1874	3
1875	0
1876	3
1877	1
1878	0
1879	2
1880	2
1881	3
1882	0
1883	2
1884	3
1885	3
1886	3
1887	3
1888	3
1889	3
1890	3
1891	3
1892	0
1893	3
1894	3
1895	3
1896	2
1897	3
1898	0
1899	2
1900	3
1901	3
1902	2
1903	2
1904	3
1905	2
1906	0
1907	2
1908	0
1909	2
1910	0
1911	2
1912	3
1913	3
1914	0
1915	3
1916	1
1917	3
1918	2
1919	2
1920	3
1921	0
1922	2
1923	3
1924	3
1925	2
1926	2
1927	3
1928	3
1929	1
1930	3
1931	3
1932	2
1933	2
1934	2
1935	2
1936	3
1937	3
1938	1
1939	2
1940	0
1941	0
1942	3
1943	3
1944	0
1945	2
1946	3
1947	3
1948	3
1949	2
1950	3
1951	2
1952	3
1953	3
1954	0
1955	0
1956	3
1957	1
1958	2
1959	3
1960	2
1961	3
1962	3
1963	2
1964	3
1965	2
1966	2
1967	3
1968	3
1969	2
1970	0
1971	3
1972	3
1973	0
1974	0
1975	3
1976	3
1977	3
1978	3
1979	3
1980	0
1981	3
1982	3
1983	2
1984	3
1985	1
1986	3
1987	3
1988	2
1989	2
1990	3
1991	3
1992	3
1993	3
1994	1
1995	2
1996	0
1997	3
1998	3
1999	2
2000	3
2001	0
2002	2
2003	2
2004	1
2005	3
2006	3
2007	0
2008	2
2009	3
2010	2
2011	3
2012	0
2013	0
2014	2
2015	2
2016	3
2017	1
2018	3
2019	3
2020	0
2021	3
2022	3
2023	3
2024	2
2025	3
2026	2
2027	3
2028	3
2029	0
2030	3
2031	3
2032	3
2033	0
2034	3
2035	2
2036	1
2037	3
2038	1
2039	3
2040	3
2041	3
2042	3
2043	3
2044	0
2045	0
2046	3
2047	3
2048	3
2049	3
2050	0
2051	1
2052	2
2053	3
2054	3
2055	2
2056	3
2057	1
2058	3
2059	2
2060	2
2061	3
2062	1
2063	0
2064	1
2065	2
2066	3
2067	2
2068	2
2069	2
2070	1
2071	2
2072	3
2073	0
2074	2
2075	2
2076	0
2077	2
2078	3
2079	2
2080	2
2081	2
2082	0
2083	0
2084	0
2085	2
2086	2
2087	3
2088	3
2089	0
2090	2
2091	3
2092	2
2093	2
2094	0
2095	2
2096	2
2097	3
2098	2
2099	0
2100	3
2101	2
2102	2
2103	0
2104	2
2105	3
2106	3
2107	0
2108	3
2109	3
2110	0
2111	0
2112	3
2113	0
2114	3
2115	0
2116	3
2117	0
2118	3
2119	3
2120	2
2121	0
2122	2
2123	3
2124	3
2125	3
2126	3
2127	2
2128	1
2129	3
2130	0
2131	0
2132	0
2133	2
2134	3
2135	3
2136	2
2137	0
2138	3
2139	3
2140	0
2141	3
2142	3
2143	3
2144	3
2145	3
2146	2
2147	3
2148	2
2149	2
2150	0
2151	3
2152	3
2153	0
2154	3
2155	3
2156	0
2157	3
2158	2
2159	0
2160	0
2161	2
2162	2
2163	3
2164	1
2165	0
2166	0
2167	2
2168	3
2169	0
2170	3
2171	2
2172	0
2173	0
2174	0
2175	3
2176	3
2177	2
2178	2
2179	1
2180	0
2181	0
2182	3
2183	0
2184	2
2185	0
2186	3
2187	3
2188	0
2189	1
2190	0
2191	2
2192	3
2193	2
2194	0
2195	0
2196	0
2197	3
2198	0
2199	2
2200	2
2201	3
2202	2
2203	3
2204	3
2205	2
2206	3
2207	2
2208	3
2209	2
2210	0
2211	0
2212	0
2213	2
2214	3
2215	0
2216	3
2217	0
2218	0
2219	3
2220	2
2221	0
2222	3
2223	3
2224	3
2225	3
2226	0
2227	2
2228	0
2229	2
2230	2
2231	3
2232	3
2233	0
2234	3
2235	2
2236	2
2237	3
2238	3
2239	2
2240	0
2241	3
2242	1
2243	3
2244	0
2245	2
2246	0
2247	0
2248	3
2249	3
2250	2
2251	3
2252	3
2253	2
2254	3
2255	3
2256	2
2257	1
2258	0
2259	2
2260	0
2261	2
2262	2
2263	3
2264	2
2265	2
2266	3
2267	2
2268	3
2269	2
2270	2
2271	3
2272	2
2273	3
2274	3
2275	3
2276	0
2277	1
2278	2
2279	3
2280	3
2281	0
2282	3
2283	3
2284	3
2285	3
2286	0
2287	3
2288	1
2289	2
2290	0
2291	2
2292	2
2293	0
2294	3
2295	3
2296	0
2297	0
2298	2
2299	3
2300	3
2301	2
2302	3
2303	3
2304	3
2305	2
2306	1
2307	3
2308	2
2309	3
2310	3
2311	3
2312	0
2313	3
2314	2
2315	2
2316	0
2317	0
2318	0
2319	3
2320	3
2321	2
2322	2
2323	3
2324	1
2325	3
2326	2
2327	3
2328	3
2329	3
2330	2
2331	1
2332	2
2333	0
2334	0
2335	3
2336	3
2337	0
2338	0
2339	0
2340	0
2341	2
2342	1
2343	3
2344	3
2345	3
2346	0
2347	3
2348	3
2349	2
2350	0
2351	0
2352	3
2353	2
2354	0
2355	2
2356	2
2357	2
2358	3
2359	3
2360	0
2361	3
2362	3
2363	3
2364	3
2365	2
2366	1
2367	1
2368	2
2369	2
2370	3
2371	0
2372	2
2373	1
2374	0
2375	3
2376	0
2377	2
2378	2
2379	0
2380	1
2381	2
2382	3
2383	0
2384	3
2385	3
2386	2
2387	2
2388	0
2389	3
2390	0
2391	3
2392	3
2393	3
2394	3
2395	0
2396	0
2397	0
2398	2
2399	3
2400	3
2401	0
2402	3
2403	0
2404	2
2405	2
2406	3
2407	3
2408	2
2409	2
2410	0
2411	2
2412	3
2413	3
2414	2
2415	0
2416	3
2417	2
2418	1
2419	0
2420	2
2421	2
2422	3
2423	3
2424	3
2425	0
2426	3
2427	3
2428	1
2429	0
2430	0
2431	3
2432	2
2433	3
2434	2
2435	0
2436	3
2437	2
2438	2
2439	3
2440	0
2441	3
2442	1
2443	2
2444	3
2445	0
2446	3
2447	3
2448	3
2449	2
2450	0
2451	1
2452	3
2453	1
2454	3
2455	0
2456	0
2457	2
2458	0
2459	3
2460	0
2461	0
2462	3
2463	3
2464	3
2465	2
2466	2
2467	3
2468	0
2469	2
2470	0
2471	3
2472	0
2473	2
2474	0
2475	3
2476	3
2477	0
2478	2
2479	2
2480	3
2481	0
2482	2
2483	3
2484	3
2485	2
2486	3
2487	3
2488	0
2489	3
2490	3
2491	3
2492	1
2493	1
2494	2
2495	0
2496	2
2497	2
2498	0
2499	3
2500	3
2501	0
2502	3
2503	1
2504	0
2505	0
2506	0
2507	2
2508	0
2509	3
2510	3
2511	3
2512	2
2513	2
2514	3
2515	2
2516	0
2517	0
2518	3
2519	3
2520	0
2521	2
2522	0
2523	0
2524	3
2525	2
2526	2
2527	3
2528	2
2529	2
2530	0
2531	3
2532	2
2533	2
2534	2
2535	3
2536	0
2537	2
2538	3
2539	3
2540	3
2541	2
2542	0
2543	2
2544	3
2545	0
2546	2
2547	2
2548	2
2549	2
2550	3
2551	2
2552	0
2553	2
2554	0
2555	2
2556	3
2557	1
2558	2
2559	1
2560	3
2561	2
2562	2
2563	2
2564	3
2565	0
2566	2
2567	1
2568	3
2569	1
2570	3
2571	3
2572	3
2573	2
2574	0
2575	3
2576	3
2577	3
2578	2
2579	2
2580	2
2581	1
2582	0
2583	0
2584	3
2585	3
2586	3
2587	3
2588	1
2589	2
2590	3
2591	3
2592	3
2593	3
2594	3
2595	0
2596	1
2597	0
2598	3
2599	3
2600	3
2601	2
2602	3
2603	2
2604	2
2605	3
2606	2
2607	1
2608	3
2609	3
2610	3
2611	0
2612	3
2613	0
2614	2
2615	2
2616	3
2617	0
2618	2
2619	0
2620	3
2621	2
2622	3
2623	2
2624	3
2625	3
2626	0
2627	0
2628	0
2629	0
2630	3
2631	3
2632	2
2633	2
2634	0
2635	1
2636	3
2637	0
2638	1
2639	0
2640	3
2641	3
2642	2
2643	3
2644	3
2645	1
2646	2
2647	0
2648	3
2649	2
2650	3
2651	2
2652	1
2653	3
2654	0
2655	2
2656	3
2657	3
2658	2
2659	2
2660	3
2661	2
2662	0
2663	3
2664	0
2665	3
2666	3
2667	2
2668	1
2669	0
2670	3
2671	3
2672	3
2673	2
2674	3
2675	3
2676	2
2677	1
2678	2
2679	2
2680	3
2681	2
2682	3
2683	2
2684	2
2685	0
2686	0
2687	3
2688	2
2689	2
2690	2
2691	0
2692	1
2693	0
2694	0
2695	3
2696	3
2697	2
2698	3
2699	2
2700	3
2701	3
2702	0
2703	2
2704	3
2705	3
2706	2
2707	0
2708	2
2709	2
2710	3
2711	1
2712	2
2713	2
2714	3
2715	2
2716	2
2717	0
2718	1
2719	3
2720	1
2721	0
2722	3
2723	0
2724	0
2725	0
2726	2
2727	0
2728	2
2729	1
2730	3
2731	2
2732	0
2733	3
2734	0
2735	2
2736	1
2737	3
2738	2
2739	2
2740	0
2741	3
2742	3
2743	1
2744	2
2745	3
2746	3
2747	2
2748	2
2749	3
2750	3
2751	2
2752	2
2753	3
2754	2
2755	1
2756	2
2757	0
2758	0
2759	0
2760	2
2761	3
2762	0
2763	3
2764	3
2765	2
2766	0
2767	2
2768	0
2769	0
2770	0
2771	3
2772	2
2773	2
2774	0
2775	2
2776	3
2777	3
2778	3
2779	2
2780	1
2781	3
2782	0
2783	2
2784	3
2785	3
2786	3
2787	0
2788	2
2789	0
2790	1
2791	2
2792	0
2793	3
2794	3
2795	3
2796	3
2797	0
2798	0
2799	2
2800	3
2801	3
2802	1
2803	3
2804	2
2805	0
2806	3
2807	3
2808	0
2809	0
2810	3
2811	0
2812	3
2813	3
2814	0
2815	3
2816	3
2817	2
2818	1
2819	3
2820	1
2821	0
2822	0
2823	0
2824	2
2825	3
2826	3
2827	3
2828	3
2829	1
2830	0
2831	0
2832	2
2833	3
2834	1
2835	3
2836	2
2837	0
2838	3
2839	3
2840	3
2841	2
2842	2
2843	3
2844	3
2845	3
2846	2
2847	0
2848	1
2849	3
2850	0
2851	0
2852	2
2853	2
2854	0
2855	3
2856	2
2857	3
2858	3
2859	3
2860	3
2861	3
2862	0
2863	0
2864	2
2865	1
2866	3
2867	2
2868	3
2869	0
2870	3
2871	3
2872	3
2873	2
2874	2
2875	3
2876	3
2877	3
2878	0
2879	3
2880	2
2881	3
2882	3
2883	2
2884	2
2885	0
2886	2
2887	2
2888	3
2889	2
2890	3
2891	0
2892	0
2893	0
2894	0
2895	0
2896	3
2897	3
2898	2
2899	3
2900	2
2901	2
2902	0
2903	2
2904	0
2905	2
2906	3
2907	2
2908	0
2909	2
2910	3
2911	2
2912	3
2913	3
2914	3
2915	2
2916	3
2917	0
2918	1
2919	3
2920	3
2921	0
2922	3
2923	0
2924	3
2925	0
2926	0
2927	3
2928	0
2929	2
2930	2
2931	1
2932	3
2933	0
2934	2
2935	3
2936	3
2937	0
2938	3
2939	2
2940	2
2941	0
2942	2
2943	0
2944	3
2945	2
2946	3
2947	1
2948	3
2949	2
2950	0
2951	3
2952	0
2953	2
2954	2
2955	2
2956	3
2957	2
2958	3
2959	0
2960	2
2961	3
2962	3
2963	0
2964	0
2965	0
2966	2
2967	2
2968	3
2969	2
2970	3
2971	0
2972	0
2973	3
2974	3
2975	2
2976	3
2977	3
2978	3
2979	2
2980	2
2981	3
2982	2
2983	3
2984	3
2985	1
2986	2
2987	2
2988	0
2989	3
2990	0
2991	2
2992	3
2993	3
2994	3
2995	0
2996	2
2997	2
2998	3
2999	3
3000	2
3001	1
3002	3
3003	2
3004	3
3005	2
3006	0
3007	3
3008	3
3009	3
3010	3
3011	1
3012	0
3013	3
3014	3
3015	0
3016	2
3017	2
3018	0
3019	0
3020	0
3021	3
3022	0
3023	0
3024	3
3025	3
3026	3
3027	0
3028	2
3029	0
3030	3
3031	2
3032	2
3033	0
3034	3
3035	2
3036	0
3037	2
3038	3
3039	3
3040	0
3041	3
3042	2
3043	2
3044	3
3045	0
3046	0
3047	2
3048	3
3049	3
3050	3
3051	0
3052	0
3053	3
3054	3
3055	3
3056	0
3057	3
3058	3
3059	2
3060	3
3061	0
3062	3
3063	3
3064	0
3065	0
3066	2
3067	2
3068	0
3069	1
3070	3
3071	0
3072	2
3073	0
3074	3
3075	3
3076	3
3077	0
3078	0
3079	0
3080	2
3081	0
3082	0
3083	3
3084	3
3085	0
3086	3
3087	1
3088	0
3089	2
3090	2
3091	0
3092	1
3093	0
3094	0
3095	1
3096	3
3097	3
3098	2
3099	0
3100	2
3101	3
3102	3
3103	3
3104	3
3105	3
3106	3
3107	2
3108	0
3109	0
3110	0
3111	0
3112	3
3113	2
3114	3
3115	3
3116	0
3117	2
3118	3
3119	2
3120	0
3121	3
3122	3
3123	2
3124	3
3125	3
3126	1
3127	2
3128	3
3129	0
3130	3
3131	3
3132	0
3133	3
3134	3
3135	0
3136	2
3137	2
3138	2
3139	3
3140	3
3141	0
3142	1
3143	3
3144	0
3145	3
3146	0
3147	0
3148	3
3149	1
3150	3
3151	3
3152	0
3153	3
3154	2
3155	3
3156	3
3157	3
3158	3
3159	3
3160	2
3161	1
3162	0
3163	2
3164	3
3165	3
3166	3
3167	1
3168	1
3169	3
3170	3
3171	3
3172	3
3173	2
3174	0
3175	3
3176	2
3177	2
3178	0
3179	2
3180	2
3181	0
3182	3
3183	3
3184	0
3185	3
3186	2
3187	0
3188	3
3189	1
3190	3
3191	3
3192	2
3193	2
3194	0
3195	3
3196	0
3197	3
3198	3
3199	0
3200	0
3201	3
3202	2
3203	0
3204	3
3205	2
3206	3
3207	3
3208	3
3209	3
3210	1
3211	0
3212	0
3213	3
3214	3
3215	2
3216	3
3217	0
3218	3
3219	1
3220	0
3221	0
3222	1
3223	3
3224	3
3225	0
3226	3
3227	0
3228	3
3229	3
3230	2
3231	0
3232	3
3233	0
3234	3
3235	1
3236	3
3237	2
3238	1
3239	3
3240	3
3241	3
3242	0
3243	0
3244	3
3245	2
3246	1
3247	2
3248	0
3249	2
3250	0
3251	3
3252	1
3253	0
3254	0
3255	2
3256	3
3257	0
3258	3
3259	0
3260	2
3261	2
3262	3
3263	0
3264	0
3265	1
3266	2
3267	2
3268	2
3269	3
3270	3
3271	3
3272	0
3273	3
3274	2
3275	0
3276	0
3277	2
3278	1
3279	0
3280	0
3281	3
3282	3
3283	1
3284	3
3285	2
3286	3
3287	3
3288	2
3289	3
3290	3
3291	3
3292	2
3293	2
3294	3
3295	0
3296	1
3297	3
3298	3
3299	3
3300	0
3301	1
3302	2
3303	1
3304	0
3305	0
3306	0
3307	2
3308	2
3309	2
3310	3
3311	2
3312	0
3313	2
3314	2
3315	0
3316	0
3317	3
3318	3
3319	3
3320	2
3321	0
3322	0
3323	3
3324	2
3325	2
3326	3
3327	3
3328	2
3329	0
3330	3
3331	0
3332	3
3333	2
3334	0
3335	3
3336	3
3337	2
3338	3
3339	2
3340	2
3341	2
3342	0
3343	0
3344	3
3345	3
3346	2
3347	0
3348	3
3349	2
3350	3
3351	0
3352	2
3353	3
3354	3
3355	2
3356	0
3357	3
3358	3
3359	2
3360	3
3361	3
3362	2
3363	0
3364	3
3365	0
3366	0
3367	0
3368	1
3369	2
3370	3
3371	2
3372	0
3373	3
3374	3
3375	2
3376	3
3377	0
3378	2
3379	3
3380	3
3381	2
3382	3
3383	0
3384	3
3385	3
3386	2
3387	2
3388	0
3389	3
3390	3
3391	0
3392	3
3393	2
3394	2
3395	3
3396	3
3397	2
3398	0
3399	3
3400	2
3401	2
3402	2
3403	3
3404	0
3405	0
3406	3
3407	2
3408	3
3409	0
3410	2
3411	0
3412	3
3413	2
3414	0
3415	3
3416	1
3417	3
3418	3
3419	0
3420	2
3421	1
3422	2
3423	0
3424	0
3425	1
3426	2
3427	3
3428	2
3429	3
3430	3
3431	1
3432	3
3433	3
3434	3
3435	3
3436	2
3437	3
3438	2
3439	2
3440	3
3441	0
3442	2
3443	3
3444	2
3445	0
3446	3
3447	0
3448	3
3449	2
3450	2
3451	2
3452	3
3453	2
3454	0
3455	2
3456	0
3457	2
3458	2
3459	2
3460	0
3461	0
3462	2
3463	0
3464	3
3465	0
3466	2
3467	2
3468	0
3469	3
3470	2
3471	0
3472	0
3473	0
3474	2
3475	0
3476	0
3477	0
3478	3
3479	3
3480	2
3481	3
3482	2
3483	2
3484	2
3485	2
3486	3
3487	2
3488	3
3489	0
3490	2
3491	0
3492	1
3493	2
3494	3
3495	3
3496	2
3497	3
3498	3
3499	3
3500	3
3501	2
3502	0
3503	2
3504	2
3505	0
3506	2
3507	1
3508	3
3509	3
3510	3
3511	0
3512	3
3513	0
3514	2
3515	3
3516	0
3517	0
3518	3
3519	2
3520	2
3521	2
3522	2
3523	3
3524	1
3525	2
3526	0
3527	3
3528	2
3529	3
3530	2
3531	2
3532	0
3533	3
3534	3
3535	3
3536	3
3537	2
3538	3
3539	3
3540	3
3541	0
3542	0
3543	2
3544	2
3545	2
3546	0
3547	3
3548	0
3549	3
3550	2
3551	1
3552	3
3553	2
3554	3
3555	2
3556	3
3557	0
3558	0
3559	1
3560	2
3561	3
3562	0
3563	2
3564	0
3565	3
3566	3
3567	2
3568	3
3569	0
3570	3
3571	0
3572	1
3573	1
3574	3
3575	3
3576	3
3577	3
3578	2
3579	2
3580	0
3581	2
3582	0
3583	1
3584	3
3585	2
3586	2
3587	3
3588	3
3589	3
3590	3
3591	0
3592	3
3593	0
3594	0
3595	3
3596	0
3597	3
3598	3
3599	3
3600	3
3601	0
3602	2
3603	1
3604	0
3605	0
3606	3
3607	3
3608	1
3609	0
3610	3
3611	3
3612	3
3613	2
3614	3
3615	0
3616	2
3617	2
3618	2
3619	2
3620	2
3621	3
3622	1
3623	3
3624	3
3625	0
3626	3
3627	3
3628	0
3629	3
3630	1
3631	0
3632	3
3633	2
3634	2
3635	0
3636	3
3637	0
3638	3
3639	3
3640	0
3641	3
3642	3
3643	3
3644	2
3645	3
3646	3
3647	1
3648	3
3649	2
3650	3
3651	3
3652	2
3653	0
3654	3
3655	0
3656	2
3657	3
3658	3
3659	3
3660	0
3661	3
3662	1
3663	2
3664	3
3665	3
3666	3
3667	2
3668	3
3669	0
3670	3
3671	2
3672	1
3673	3
3674	0
3675	3
3676	3
3677	3
3678	1
3679	2
3680	3
3681	2
3682	3
3683	3
3684	3
3685	0
3686	2
3687	0
3688	0
3689	3
3690	3
3691	3
3692	3
3693	3
3694	3
3695	2
3696	3
3697	3
3698	2
3699	3
3700	2
3701	3
3702	3
3703	2
3704	3
3705	3
3706	0
3707	3
3708	3
3709	3
3710	2
3711	1
3712	3
3713	1
3714	2
3715	2
3716	2
3717	2
3718	3
3719	0
3720	3
3721	0
3722	0
3723	3
3724	2
3725	3
3726	3
3727	1
3728	0
3729	2
3730	2
3731	3
3732	3
3733	0
3734	3
3735	3
3736	3
3737	2
3738	2
3739	3
3740	3
3741	3
3742	3
3743	0
3744	0
3745	3
3746	2
3747	0
3748	2
3749	3
3750	3
3751	3
3752	3
3753	3
3754	2
3755	3
3756	0
3757	3
3758	3
3759	2
3760	0
3761	0
3762	2
3763	3
3764	2
3765	2
3766	2
3767	0
3768	3
3769	0
3770	3
3771	3
3772	3
3773	3
3774	3
3775	2
3776	3
3777	2
3778	2
3779	2
3780	2
3781	0
3782	3
3783	0
3784	3
3785	2
3786	2
3787	3
3788	1
3789	3
3790	3
3791	0
3792	0
3793	3
3794	3
3795	2
3796	2
3797	2
3798	2
3799	2
3800	3
3801	3
3802	0
3803	3
3804	2
3805	3
3806	3
3807	0
3808	0
3809	0
3810	3
3811	2
3812	0
3813	0
3814	0
3815	0
3816	3
3817	1
3818	1
3819	0
3820	0
3821	3
3822	3
3823	0
3824	2
3825	1
3826	3
3827	2
3828	2
3829	2
3830	3
3831	1
3832	3
3833	0
3834	3
3835	2
3836	0
3837	3
3838	3
3839	2
3840	2
3841	0
3842	0
3843	0
3844	3
3845	0
3846	3
3847	0
3848	2
3849	3
3850	0
3851	3
3852	1
3853	3
3854	2
3855	0
3856	0
3857	0
3858	3
3859	2
3860	2
3861	2
3862	3
3863	0
3864	2
3865	3
3866	3
3867	2
3868	0
3869	3
3870	2
3871	0
3872	3
3873	2
3874	0
3875	3
3876	1
3877	0
3878	3
3879	2
3880	2
3881	3
3882	3
3883	2
3884	0
3885	1
3886	0
3887	0
3888	2
3889	2
3890	3
3891	3
3892	3
3893	0
3894	3
3895	2
3896	0
3897	3
3898	3
3899	0
3900	0
3901	3
3902	2
3903	0
3904	0
3905	2
3906	3
3907	3
3908	2
3909	3
3910	2
3911	0
3912	3
3913	3
3914	3
3915	2
3916	0
3917	0
3918	3
3919	2
3920	1
3921	3
3922	3
3923	3
3924	3
3925	0
3926	3
3927	3
3928	2
3929	2
3930	3
3931	1
3932	0
3933	3
3934	3
3935	0
3936	3
3937	2
3938	3
3939	2
3940	2
3941	3
3942	3
3943	3
3944	3
3945	2
3946	0
3947	1
3948	3
3949	3
3950	3
3951	0
3952	3
3953	2
3954	3
3955	2
3956	3
3957	3
3958	0
3959	2
3960	3
3961	2
3962	2
3963	2
3964	0
3965	3
3966	3
3967	0
3968	1
3969	3
3970	3
3971	2
3972	3
3973	3
3974	2
3975	0
3976	2
3977	0
3978	3
3979	3
3980	3
3981	3
3982	0
3983	0
3984	3
3985	0
3986	3
3987	0
3988	2
3989	3
3990	3
3991	2
3992	3
3993	2
3994	3
3995	3
3996	3
3997	3
3998	2
3999	0
4000	0
4001	3
4002	2
4003	3
4004	3
4005	0
4006	1
4007	0
4008	3
4009	3
4010	3
4011	3
4012	2
4013	3
4014	2
4015	0
4016	0
4017	3
4018	3
4019	1
4020	3
4021	2
4022	3
4023	1
4024	0
4025	2
4026	3
4027	3
4028	0
4029	2
4030	2
4031	0
4032	3
4033	3
4034	3
4035	3
4036	2
4037	0
4038	0
4039	0
4040	3
4041	3
4042	1
4043	3
4044	0
4045	3
4046	0
4047	0
4048	3
4049	3
4050	2
4051	3
4052	3
4053	0
4054	3
4055	2
4056	3
4057	3
4058	3
4059	2
4060	3
4061	3
4062	0
4063	0
4064	3
4065	3
4066	3
4067	0
4068	1
4069	0
4070	0
4071	3
4072	3
4073	2
4074	3
4075	2
4076	2
4077	3
4078	0
4079	2
4080	3
4081	3
4082	3
4083	0
4084	2
4085	0
4086	3
4087	2
4088	3
4089	3
4090	1
4091	3
4092	2
4093	3
4094	0
4095	0
