COMMAND
./sim gshare 13 7 ./proj2-traces/perl_trace.txt
OUTPUT
number of predictions:2000000
number of mispredictions:111656
misprediction rate:   5.58%
FINAL GSHARE CONTENTS
0	0
1	3
2	3
3	2
4	3
5	3
6	0
7	3
8	0
9	2
10	0
11	2
12	2
13	2
14	3
15	2
16	3
17	3
18	3
19	2
20	2
21	0
22	2
23	3
24	2
25	2
26	3
27	2
28	0
29	3
30	1
31	2
32	3
33	0
34	1
35	3
36	0
37	2
38	2
39	1
40	2
41	1
42	3
43	2
44	2
45	0
46	3
47	0
48	2
49	2
50	3
51	2
52	2
53	0
54	3
55	1
56	2
57	2
58	2
59	3
60	0
61	1
62	2
63	2
64	3
65	2
66	2
67	2
68	3
69	3
70	3
71	3
72	1
73	3
74	3
75	3
76	2
77	3
78	3
79	2
80	2
81	2
82	2
83	2
84	3
85	2
86	0
87	2
88	2
89	2
90	2
91	2
92	1
93	2
94	0
95	1
96	3
97	3
98	1
99	2
100	1
101	0
102	2
103	0
104	2
105	2
106	3
107	1
108	2
109	3
110	2
111	0
112	0
113	3
114	2
115	0
116	2
117	0
118	3
119	2
120	2
121	2
122	2
123	3
124	3
125	2
126	2
127	0
128	0
129	1
130	2
131	2
132	2
133	3
134	2
135	3
136	2
137	1
138	3
139	2
140	2
141	2
142	0
143	2
144	3
145	0
146	1
147	0
148	2
149	1
150	3
151	2
152	0
153	2
154	3
155	1
156	1
157	2
158	2
159	3
160	2
161	2
162	0
163	2
164	2
165	0
166	2
167	2
168	2
169	0
170	3
171	3
172	3
173	2
174	2
175	3
176	3
177	3
178	3
179	2
180	2
181	2
182	3
183	2
184	2
185	1
186	2
187	2
188	1
189	3
190	2
191	1
192	2
193	2
194	2
195	2
196	2
197	3
198	2
199	0
200	2
201	2
202	3
203	2
204	1
205	2
206	3
207	1
208	3
209	2
210	3
211	0
212	2
213	1
214	2
215	2
216	2
217	2
218	0
219	3
220	0
221	2
222	0
223	1
224	2
225	0
226	1
227	2
228	2
229	2
230	1
231	2
232	3
233	2
234	0
235	2
236	0
237	2
238	3
239	3
240	0
241	3
242	2
243	2
244	2
245	2
246	1
247	0
248	2
249	2
250	0
251	3
252	3
253	3
254	2
255	2
256	3
257	2
258	2
259	2
260	2
261	3
262	1
263	0
264	2
265	2
266	3
267	0
268	2
269	3
270	3
271	3
272	3
273	3
274	3
275	2
276	2
277	2
278	3
279	2
280	2
281	2
282	1
283	1
284	1
285	3
286	3
287	3
288	3
289	3
290	0
291	2
292	2
293	3
294	0
295	2
296	3
297	2
298	3
299	0
300	2
301	2
302	2
303	3
304	3
305	0
306	3
307	2
308	2
309	3
310	3
311	1
312	2
313	2
314	0
315	2
316	3
317	2
318	2
319	2
320	3
321	2
322	2
323	2
324	1
325	3
326	2
327	2
328	1
329	2
330	3
331	0
332	2
333	3
334	2
335	2
336	2
337	2
338	2
339	2
340	2
341	2
342	0
343	3
344	2
345	2
346	2
347	2
348	2
349	3
350	1
351	1
352	1
353	2
354	0
355	0
356	2
357	2
358	0
359	3
360	2
361	0
362	3
363	0
364	2
365	2
366	2
367	2
368	0
369	2
370	2
371	0
372	1
373	0
374	3
375	1
376	3
377	2
378	2
379	0
380	3
381	3
382	2
383	3
384	3
385	3
386	2
387	2
388	2
389	1
390	2
391	2
392	2
393	1
394	3
395	2
396	2
397	2
398	3
399	2
400	3
401	2
402	2
403	2
404	3
405	0
406	3
407	1
408	2
409	3
410	2
411	1
412	2
413	3
414	3
415	0
416	3
417	1
418	2
419	3
420	2
421	2
422	3
423	0
424	2
425	1
426	2
427	2
428	1
429	3
430	2
431	2
432	3
433	2
434	2
435	2
436	2
437	2
438	3
439	0
440	3
441	2
442	3
443	2
444	2
445	2
446	3
447	2
448	3
449	2
450	2
451	1
452	2
453	0
454	0
455	0
456	1
457	3
458	3
459	2
460	2
461	3
462	3
463	3
464	2
465	1
466	1
467	0
468	2
469	2
470	2
471	2
472	1
473	2
474	1
475	2
476	2
477	3
478	2
479	3
480	0
481	3
482	3
483	0
484	2
485	2
486	3
487	0
488	2
489	0
490	2
491	3
492	0
493	2
494	3
495	0
496	3
497	1
498	2
499	0
500	2
501	2
502	2
503	0
504	2
505	1
506	3
507	3
508	3
509	2
510	0
511	2
512	2
513	1
514	2
515	0
516	2
517	3
518	3
519	2
520	1
521	3
522	3
523	3
524	3
525	2
526	3
527	3
528	2
529	2
530	2
531	0
532	3
533	2
534	2
535	2
536	2
537	2
538	2
539	3
540	3
541	3
542	2
543	3
544	2
545	2
546	2
547	0
548	2
549	3
550	3
551	2
552	2
553	2
554	3
555	0
556	3
557	3
558	2
559	2
560	3
561	2
562	2
563	2
564	2
565	0
566	2
567	0
568	0
569	0
570	2
571	2
572	0
573	3
574	3
575	3
576	1
577	3
578	2
579	3
580	2
581	3
582	3
583	2
584	2
585	3
586	3
587	2
588	2
589	3
590	3
591	2
592	2
593	2
594	2
595	2
596	2
597	1
598	2
599	2
600	2
601	0
602	2
603	2
604	0
605	2
606	3
607	3
608	1
609	2
610	2
611	3
612	2
613	2
614	3
615	2
616	3
617	2
618	3
619	3
620	2
621	3
622	3
623	2
624	2
625	0
626	2
627	2
628	2
629	2
630	2
631	2
632	0
633	2
634	2
635	3
636	3
637	3
638	2
639	1
640	2
641	1
642	2
643	2
644	2
645	2
646	2
647	0
648	2
649	3
650	0
651	1
652	2
653	3
654	3
655	3
656	2
657	2
658	3
659	2
660	2
661	2
662	3
663	1
664	2
665	2
666	2
667	3
668	0
669	2
670	2
671	3
672	2
673	0
674	3
675	2
676	2
677	1
678	3
679	2
680	0
681	0
682	3
683	0
684	1
685	3
686	2
687	2
688	2
689	2
690	3
691	2
692	2
693	0
694	2
695	2
696	2
697	2
698	2
699	3
700	2
701	2
702	2
703	0
704	2
705	0
706	1
707	0
708	2
709	1
710	1
711	1
712	2
713	3
714	3
715	3
716	2
717	2
718	3
719	2
720	2
721	2
722	2
723	2
724	2
725	2
726	3
727	1
728	2
729	2
730	2
731	2
732	2
733	2
734	0
735	3
736	2
737	2
738	2
739	3
740	0
741	3
742	2
743	2
744	0
745	2
746	3
747	0
748	3
749	1
750	2
751	2
752	2
753	3
754	0
755	0
756	2
757	2
758	2
759	0
760	2
761	2
762	0
763	2
764	3
765	2
766	2
767	0
768	1
769	2
770	3
771	2
772	2
773	2
774	2
775	0
776	3
777	3
778	3
779	2
780	3
781	2
782	3
783	3
784	2
785	2
786	2
787	3
788	2
789	0
790	3
791	0
792	2
793	2
794	1
795	0
796	2
797	3
798	3
799	3
800	2
801	3
802	2
803	3
804	2
805	3
806	2
807	2
808	1
809	2
810	2
811	3
812	2
813	2
814	3
815	2
816	2
817	2
818	3
819	3
820	2
821	2
822	0
823	1
824	2
825	2
826	2
827	3
828	3
829	2
830	2
831	2
832	0
833	2
834	2
835	0
836	2
837	2
838	2
839	2
840	2
841	2
842	3
843	1
844	3
845	3
846	3
847	2
848	1
849	2
850	0
851	3
852	2
853	1
854	3
855	0
856	2
857	3
858	2
859	2
860	1
861	3
862	3
863	0
864	3
865	3
866	2
867	2
868	2
869	2
870	2
871	0
872	3
873	2
874	3
875	3
876	2
877	3
878	2
879	2
880	3
881	3
882	3
883	3
884	2
885	3
886	0
887	3
888	2
889	2
890	2
891	2
892	3
893	1
894	3
895	0
896	2
897	0
898	2
899	2
900	1
901	2
902	2
903	3
904	2
905	3
906	3
907	2
908	3
909	2
910	3
911	2
912	2
913	0
914	2
915	2
916	2
917	2
918	2
919	3
920	3
921	3
922	0
923	2
924	2
925	3
926	3
927	0
928	1
929	2
930	2
931	2
932	2
933	2
934	3
935	0
936	2
937	2
938	3
939	1
940	2
941	1
942	3
943	2
944	2
945	3
946	3
947	2
948	2
949	2
950	2
951	0
952	2
953	2
954	2
955	2
956	3
957	2
958	2
959	2
960	2
961	3
962	2
963	0
964	2
965	0
966	2
967	0
968	2
969	3
970	3
971	2
972	3
973	3
974	3
975	2
976	0
977	2
978	3
979	0
980	1
981	2
982	3
983	0
984	2
985	2
986	2
987	2
988	2
989	3
990	2
991	3
992	1
993	3
994	2
995	2
996	2
997	3
998	3
999	2
1000	3
1001	2
1002	3
1003	0
1004	1
1005	2
1006	3
1007	0
1008	3
1009	3
1010	3
1011	3
1012	2
1013	1
1014	1
1015	2
1016	2
1017	2
1018	2
1019	2
1020	0
1021	2
1022	2
1023	2
1024	0
1025	2
1026	2
1027	2
1028	3
1029	3
1030	0
1031	0
1032	2
1033	3
1034	3
1035	3
1036	3
1037	2
1038	3
1039	2
1040	2
1041	2
1042	2
1043	2
1044	2
1045	2
1046	3
1047	2
1048	2
1049	1
1050	3
1051	0
1052	2
1053	1
1054	2
1055	3
1056	0
1057	2
1058	3
1059	3
1060	2
1061	2
1062	3
1063	3
1064	2
1065	2
1066	2
1067	3
1068	1
1069	2
1070	2
1071	2
1072	3
1073	2
1074	0
1075	0
1076	2
1077	1
1078	2
1079	3
1080	3
1081	2
1082	2
1083	2
1084	0
1085	3
1086	2
1087	3
1088	3
1089	1
1090	2
1091	2
1092	3
1093	3
1094	2
1095	0
1096	2
1097	2
1098	3
1099	2
1100	3
1101	2
1102	2
1103	2
1104	0
1105	3
1106	3
1107	2
1108	2
1109	3
1110	2
1111	2
1112	2
1113	0
1114	2
1115	3
1116	3
1117	1
1118	1
1119	2
1120	0
1121	3
1122	3
1123	2
1124	2
1125	0
1126	2
1127	2
1128	2
1129	2
1130	3
1131	3
1132	2
1133	2
1134	3
1135	0
1136	3
1137	3
1138	2
1139	0
1140	2
1141	2
1142	2
1143	3
1144	2
1145	2
1146	2
1147	3
1148	0
1149	3
1150	3
1151	2
1152	0
1153	0
1154	2
1155	2
1156	3
1157	3
1158	2
1159	0
1160	2
1161	3
1162	3
1163	1
1164	3
1165	2
1166	1
1167	2
1168	2
1169	2
1170	2
1171	3
1172	2
1173	3
1174	3
1175	2
1176	0
1177	0
1178	2
1179	2
1180	2
1181	3
1182	0
1183	3
1184	2
1185	2
1186	3
1187	3
1188	1
1189	2
1190	3
1191	2
1192	2
1193	2
1194	2
1195	3
1196	2
1197	2
1198	3
1199	3
1200	3
1201	2
1202	2
1203	2
1204	2
1205	0
1206	0
1207	1
1208	3
1209	3
1210	3
1211	3
1212	1
1213	2
1214	3
1215	2
1216	3
1217	0
1218	2
1219	2
1220	3
1221	3
1222	2
1223	0
1224	2
1225	2
1226	3
1227	2
1228	2
1229	2
1230	3
1231	2
1232	2
1233	2
1234	2
1235	1
1236	3
1237	3
1238	2
1239	2
1240	2
1241	0
1242	2
1243	2
1244	2
1245	2
1246	1
1247	2
1248	3
1249	2
1250	2
1251	2
1252	2
1253	2
1254	2
1255	2
1256	2
1257	2
1258	3
1259	3
1260	2
1261	2
1262	3
1263	0
1264	2
1265	3
1266	2
1267	3
1268	2
1269	2
1270	2
1271	3
1272	2
1273	0
1274	3
1275	3
1276	0
1277	3
1278	3
1279	3
1280	3
1281	2
1282	2
1283	2
1284	3
1285	2
1286	2
1287	0
1288	2
1289	3
1290	3
1291	1
1292	2
1293	3
1294	3
1295	2
1296	2
1297	2
1298	2
1299	3
1300	2
1301	2
1302	2
1303	0
1304	2
1305	2
1306	3
1307	2
1308	2
1309	0
1310	0
1311	3
1312	2
1313	2
1314	1
1315	1
1316	2
1317	2
1318	3
1319	3
1320	2
1321	2
1322	0
1323	2
1324	2
1325	2
1326	3
1327	3
1328	2
1329	2
1330	2
1331	2
1332	2
1333	1
1334	2
1335	1
1336	3
1337	3
1338	2
1339	2
1340	3
1341	2
1342	3
1343	2
1344	3
1345	2
1346	2
1347	2
1348	3
1349	2
1350	2
1351	3
1352	2
1353	3
1354	3
1355	2
1356	3
1357	3
1358	3
1359	0
1360	2
1361	3
1362	2
1363	2
1364	2
1365	0
1366	3
1367	3
1368	1
1369	0
1370	3
1371	2
1372	2
1373	2
1374	2
1375	2
1376	1
1377	2
1378	3
1379	3
1380	2
1381	2
1382	1
1383	3
1384	2
1385	2
1386	3
1387	2
1388	2
1389	2
1390	2
1391	2
1392	2
1393	2
1394	2
1395	2
1396	2
1397	2
1398	3
1399	0
1400	3
1401	2
1402	2
1403	3
1404	0
1405	1
1406	2
1407	1
1408	2
1409	0
1410	2
1411	3
1412	3
1413	0
1414	2
1415	0
1416	1
1417	3
1418	2
1419	1
1420	3
1421	0
1422	3
1423	0
1424	0
1425	2
1426	2
1427	2
1428	3
1429	2
1430	2
1431	2
1432	2
1433	0
1434	2
1435	2
1436	2
1437	2
1438	1
1439	0
1440	2
1441	2
1442	0
1443	2
1444	0
1445	1
1446	3
1447	2
1448	3
1449	2
1450	2
1451	3
1452	2
1453	1
1454	1
1455	1
1456	1
1457	2
1458	3
1459	2
1460	2
1461	0
1462	3
1463	3
1464	3
1465	3
1466	2
1467	2
1468	3
1469	2
1470	3
1471	3
1472	3
1473	2
1474	1
1475	2
1476	3
1477	3
1478	2
1479	0
1480	2
1481	3
1482	3
1483	2
1484	2
1485	1
1486	3
1487	2
1488	1
1489	2
1490	2
1491	2
1492	2
1493	2
1494	3
1495	3
1496	0
1497	1
1498	2
1499	2
1500	2
1501	2
1502	3
1503	2
1504	0
1505	2
1506	0
1507	3
1508	1
1509	3
1510	3
1511	2
1512	3
1513	3
1514	2
1515	2
1516	2
1517	2
1518	2
1519	3
1520	3
1521	0
1522	0
1523	2
1524	3
1525	2
1526	3
1527	3
1528	3
1529	2
1530	3
1531	1
1532	2
1533	3
1534	3
1535	3
1536	3
1537	0
1538	3
1539	2
1540	1
1541	3
1542	2
1543	0
1544	2
1545	3
1546	3
1547	2
1548	2
1549	1
1550	3
1551	3
1552	3
1553	0
1554	0
1555	0
1556	2
1557	0
1558	3
1559	3
1560	2
1561	3
1562	2
1563	2
1564	2
1565	0
1566	0
1567	2
1568	3
1569	3
1570	2
1571	3
1572	1
1573	3
1574	2
1575	3
1576	3
1577	2
1578	3
1579	3
1580	2
1581	3
1582	2
1583	2
1584	3
1585	2
1586	1
1587	3
1588	2
1589	2
1590	2
1591	2
1592	2
1593	2
1594	3
1595	2
1596	3
1597	3
1598	3
1599	0
1600	3
1601	0
1602	3
1603	0
1604	1
1605	2
1606	2
1607	3
1608	2
1609	2
1610	3
1611	2
1612	2
1613	2
1614	3
1615	3
1616	2
1617	2
1618	1
1619	2
1620	3
1621	2
1622	3
1623	1
1624	3
1625	2
1626	2
1627	2
1628	2
1629	0
1630	1
1631	3
1632	3
1633	3
1634	0
1635	3
1636	2
1637	0
1638	2
1639	1
1640	2
1641	2
1642	3
1643	2
1644	3
1645	0
1646	2
1647	0
1648	3
1649	3
1650	2
1651	2
1652	2
1653	2
1654	3
1655	0
1656	2
1657	2
1658	2
1659	2
1660	1
1661	3
1662	2
1663	2
1664	3
1665	1
1666	3
1667	1
1668	2
1669	2
1670	2
1671	3
1672	2
1673	1
1674	0
1675	2
1676	3
1677	0
1678	3
1679	2
1680	3
1681	2
1682	2
1683	3
1684	3
1685	0
1686	2
1687	2
1688	3
1689	2
1690	2
1691	2
1692	2
1693	2
1694	2
1695	3
1696	2
1697	2
1698	3
1699	1
1700	2
1701	2
1702	3
1703	3
1704	2
1705	2
1706	3
1707	2
1708	2
1709	0
1710	0
1711	0
1712	2
1713	0
1714	3
1715	0
1716	2
1717	2
1718	2
1719	1
1720	0
1721	2
1722	0
1723	3
1724	3
1725	3
1726	3
1727	2
1728	2
1729	0
1730	2
1731	2
1732	1
1733	0
1734	2
1735	2
1736	2
1737	3
1738	0
1739	0
1740	3
1741	2
1742	3
1743	2
1744	2
1745	2
1746	2
1747	1
1748	3
1749	2
1750	3
1751	2
1752	2
1753	2
1754	2
1755	2
1756	2
1757	3
1758	2
1759	0
1760	2
1761	3
1762	2
1763	3
1764	2
1765	2
1766	3
1767	3
1768	2
1769	2
1770	0
1771	2
1772	2
1773	2
1774	2
1775	2
1776	3
1777	2
1778	0
1779	0
1780	2
1781	2
1782	3
1783	2
1784	0
1785	2
1786	2
1787	2
1788	3
1789	3
1790	3
1791	1
1792	1
1793	2
1794	3
1795	2
1796	3
1797	3
1798	2
1799	0
1800	2
1801	2
1802	0
1803	0
1804	3
1805	1
1806	2
1807	2
1808	3
1809	2
1810	2
1811	2
1812	2
1813	0
1814	2
1815	0
1816	3
1817	3
1818	0
1819	2
1820	2
1821	1
1822	2
1823	3
1824	3
1825	3
1826	1
1827	3
1828	2
1829	2
1830	0
1831	2
1832	2
1833	3
1834	3
1835	0
1836	2
1837	2
1838	3
1839	1
1840	3
1841	2
1842	1
1843	0
1844	2
1845	3
1846	2
1847	0
1848	0
1849	0
1850	2
1851	3
1852	3
1853	3
1854	3
1855	2
1856	0
1857	2
1858	3
1859	1
1860	3
1861	3
1862	2
1863	0
1864	1
1865	0
1866	0
1867	0
1868	2
1869	0
1870	3
1871	2
1872	2
1873	2
1874	0
1875	2
1876	0
1877	0
1878	2
1879	0
1880	2
1881	2
1882	2
1883	2
1884	2
1885	0
1886	2
1887	2
1888	3
1889	3
1890	2
1891	2
1892	1
1893	2
1894	0
1895	2
1896	2
1897	0
1898	0
1899	3
1900	2
1901	0
1902	2
1903	2
1904	2
1905	0
1906	2
1907	0
1908	2
1909	2
1910	1
1911	0
1912	3
1913	0
1914	0
1915	2
1916	2
1917	3
1918	2
1919	0
1920	3
1921	2
1922	3
1923	1
1924	0
1925	0
1926	2
1927	3
1928	2
1929	3
1930	0
1931	2
1932	2
1933	2
1934	3
1935	2
1936	2
1937	1
1938	2
1939	2
1940	0
1941	1
1942	2
1943	0
1944	2
1945	3
1946	2
1947	0
1948	2
1949	2
1950	0
1951	2
1952	1
1953	2
1954	1
1955	2
1956	2
1957	0
1958	3
1959	3
1960	2
1961	2
1962	3
1963	0
1964	2
1965	0
1966	1
1967	2
1968	3
1969	2
1970	2
1971	3
1972	2
1973	2
1974	2
1975	1
1976	0
1977	2
1978	2
1979	2
1980	0
1981	3
1982	3
1983	0
1984	3
1985	0
1986	3
1987	1
1988	2
1989	2
1990	2
1991	3
1992	3
1993	2
1994	3
1995	2
1996	2
1997	3
1998	3
1999	2
2000	2
2001	2
2002	2
2003	3
2004	2
2005	2
2006	2
2007	0
2008	3
2009	2
2010	2
2011	3
2012	2
2013	2
2014	0
2015	2
2016	0
2017	2
2018	3
2019	2
2020	2
2021	0
2022	3
2023	3
2024	3
2025	2
2026	3
2027	0
2028	2
2029	0
2030	2
2031	2
2032	2
2033	0
2034	0
2035	2
2036	2
2037	3
2038	1
2039	2
2040	0
2041	2
2042	0
2043	0
2044	1
2045	3
2046	2
2047	0
2048	1
2049	2
2050	0
2051	0
2052	2
2053	3
2054	2
2055	0
2056	3
2057	2
2058	2
2059	2
2060	3
2061	1
2062	0
2063	2
2064	3
2065	0
2066	3
2067	0
2068	3
2069	0
2070	3
2071	2
2072	3
2073	2
2074	1
2075	2
2076	3
2077	1
2078	2
2079	0
2080	2
2081	2
2082	2
2083	3
2084	2
2085	0
2086	0
2087	2
2088	2
2089	2
2090	3
2091	2
2092	2
2093	2
2094	3
2095	2
2096	2
2097	0
2098	1
2099	0
2100	2
2101	3
2102	3
2103	1
2104	3
2105	2
2106	2
2107	3
2108	2
2109	2
2110	2
2111	2
2112	2
2113	2
2114	2
2115	2
2116	2
2117	3
2118	2
2119	2
2120	3
2121	1
2122	3
2123	3
2124	3
2125	2
2126	0
2127	2
2128	3
2129	3
2130	0
2131	2
2132	2
2133	1
2134	3
2135	2
2136	0
2137	2
2138	2
2139	2
2140	3
2141	3
2142	2
2143	3
2144	3
2145	1
2146	2
2147	2
2148	2
2149	1
2150	3
2151	2
2152	3
2153	2
2154	3
2155	3
2156	2
2157	2
2158	3
2159	2
2160	3
2161	2
2162	0
2163	0
2164	2
2165	0
2166	1
2167	3
2168	3
2169	2
2170	2
2171	0
2172	2
2173	2
2174	3
2175	2
2176	0
2177	0
2178	2
2179	1
2180	2
2181	2
2182	2
2183	2
2184	2
2185	2
2186	0
2187	2
2188	3
2189	3
2190	3
2191	2
2192	3
2193	3
2194	3
2195	1
2196	3
2197	0
2198	3
2199	2
2200	3
2201	0
2202	3
2203	2
2204	2
2205	3
2206	2
2207	3
2208	2
2209	0
2210	0
2211	3
2212	2
2213	0
2214	3
2215	2
2216	1
2217	0
2218	3
2219	2
2220	2
2221	1
2222	2
2223	0
2224	3
2225	3
2226	3
2227	1
2228	2
2229	0
2230	1
2231	2
2232	1
2233	2
2234	3
2235	3
2236	3
2237	2
2238	2
2239	2
2240	3
2241	3
2242	0
2243	1
2244	2
2245	3
2246	0
2247	2
2248	2
2249	2
2250	0
2251	2
2252	2
2253	3
2254	3
2255	3
2256	2
2257	0
2258	3
2259	3
2260	0
2261	0
2262	3
2263	0
2264	2
2265	0
2266	2
2267	2
2268	2
2269	2
2270	3
2271	2
2272	2
2273	0
2274	0
2275	2
2276	2
2277	2
2278	2
2279	2
2280	3
2281	3
2282	3
2283	2
2284	2
2285	2
2286	2
2287	2
2288	3
2289	2
2290	0
2291	0
2292	3
2293	3
2294	2
2295	3
2296	3
2297	2
2298	3
2299	3
2300	3
2301	2
2302	3
2303	3
2304	3
2305	2
2306	2
2307	2
2308	1
2309	3
2310	0
2311	2
2312	2
2313	3
2314	0
2315	2
2316	3
2317	1
2318	3
2319	2
2320	2
2321	1
2322	3
2323	2
2324	0
2325	0
2326	3
2327	0
2328	3
2329	2
2330	3
2331	2
2332	1
2333	2
2334	3
2335	3
2336	0
2337	0
2338	3
2339	3
2340	2
2341	0
2342	3
2343	3
2344	3
2345	3
2346	3
2347	2
2348	3
2349	0
2350	3
2351	2
2352	1
2353	2
2354	3
2355	0
2356	2
2357	3
2358	3
2359	0
2360	2
2361	2
2362	3
2363	2
2364	1
2365	1
2366	2
2367	3
2368	3
2369	2
2370	0
2371	2
2372	3
2373	2
2374	0
2375	2
2376	2
2377	3
2378	0
2379	2
2380	3
2381	2
2382	3
2383	3
2384	2
2385	2
2386	3
2387	2
2388	2
2389	3
2390	3
2391	2
2392	2
2393	2
2394	1
2395	0
2396	3
2397	2
2398	3
2399	2
2400	3
2401	0
2402	0
2403	3
2404	0
2405	0
2406	2
2407	3
2408	2
2409	3
2410	3
2411	2
2412	2
2413	0
2414	3
2415	2
2416	3
2417	2
2418	3
2419	2
2420	3
2421	1
2422	2
2423	0
2424	1
2425	2
2426	3
2427	3
2428	3
2429	2
2430	2
2431	2
2432	3
2433	2
2434	1
2435	2
2436	2
2437	3
2438	0
2439	2
2440	2
2441	3
2442	2
2443	2
2444	2
2445	1
2446	0
2447	2
2448	2
2449	3
2450	3
2451	1
2452	2
2453	3
2454	3
2455	2
2456	3
2457	3
2458	3
2459	0
2460	0
2461	3
2462	0
2463	3
2464	0
2465	3
2466	3
2467	3
2468	3
2469	0
2470	3
2471	0
2472	2
2473	3
2474	3
2475	2
2476	2
2477	1
2478	2
2479	2
2480	3
2481	2
2482	2
2483	0
2484	2
2485	0
2486	2
2487	0
2488	3
2489	2
2490	2
2491	2
2492	3
2493	3
2494	2
2495	2
2496	0
2497	2
2498	2
2499	2
2500	2
2501	3
2502	2
2503	2
2504	2
2505	3
2506	0
2507	3
2508	2
2509	0
2510	3
2511	2
2512	3
2513	3
2514	1
2515	2
2516	2
2517	3
2518	3
2519	1
2520	3
2521	0
2522	2
2523	2
2524	0
2525	2
2526	2
2527	3
2528	2
2529	3
2530	2
2531	3
2532	2
2533	2
2534	3
2535	1
2536	2
2537	1
2538	3
2539	3
2540	1
2541	0
2542	2
2543	2
2544	3
2545	2
2546	3
2547	0
2548	0
2549	0
2550	1
2551	0
2552	2
2553	3
2554	3
2555	1
2556	3
2557	3
2558	2
2559	2
2560	1
2561	2
2562	0
2563	2
2564	2
2565	3
2566	2
2567	3
2568	2
2569	3
2570	3
2571	2
2572	2
2573	0
2574	3
2575	2
2576	3
2577	2
2578	3
2579	0
2580	2
2581	1
2582	0
2583	2
2584	2
2585	0
2586	2
2587	0
2588	2
2589	2
2590	2
2591	3
2592	0
2593	3
2594	2
2595	0
2596	3
2597	2
2598	3
2599	3
2600	0
2601	2
2602	1
2603	3
2604	2
2605	0
2606	2
2607	0
2608	2
2609	3
2610	0
2611	2
2612	3
2613	2
2614	2
2615	0
2616	3
2617	2
2618	3
2619	2
2620	2
2621	0
2622	2
2623	3
2624	2
2625	2
2626	2
2627	2
2628	3
2629	3
2630	2
2631	1
2632	3
2633	3
2634	0
2635	0
2636	2
2637	1
2638	2
2639	2
2640	2
2641	2
2642	3
2643	2
2644	3
2645	0
2646	3
2647	2
2648	2
2649	0
2650	2
2651	0
2652	2
2653	1
2654	2
2655	3
2656	3
2657	3
2658	2
2659	3
2660	2
2661	2
2662	0
2663	2
2664	3
2665	3
2666	3
2667	2
2668	3
2669	2
2670	3
2671	0
2672	2
2673	2
2674	2
2675	3
2676	1
2677	0
2678	2
2679	0
2680	1
2681	2
2682	3
2683	2
2684	2
2685	3
2686	3
2687	1
2688	1
2689	2
2690	0
2691	2
2692	3
2693	1
2694	2
2695	3
2696	2
2697	2
2698	0
2699	2
2700	2
2701	2
2702	3
2703	2
2704	1
2705	2
2706	3
2707	0
2708	1
2709	1
2710	3
2711	2
2712	2
2713	0
2714	3
2715	0
2716	2
2717	3
2718	2
2719	3
2720	2
2721	0
2722	2
2723	3
2724	2
2725	1
2726	2
2727	1
2728	0
2729	2
2730	3
2731	3
2732	3
2733	2
2734	3
2735	3
2736	2
2737	3
2738	1
2739	0
2740	0
2741	2
2742	3
2743	3
2744	2
2745	2
2746	2
2747	2
2748	2
2749	2
2750	3
2751	2
2752	3
2753	2
2754	2
2755	3
2756	3
2757	3
2758	0
2759	3
2760	2
2761	1
2762	2
2763	2
2764	2
2765	2
2766	3
2767	0
2768	3
2769	2
2770	3
2771	2
2772	3
2773	2
2774	3
2775	3
2776	0
2777	0
2778	2
2779	2
2780	2
2781	3
2782	1
2783	3
2784	3
2785	3
2786	0
2787	2
2788	3
2789	2
2790	2
2791	2
2792	2
2793	2
2794	3
2795	2
2796	2
2797	2
2798	3
2799	1
2800	2
2801	3
2802	2
2803	3
2804	3
2805	2
2806	2
2807	0
2808	0
2809	2
2810	3
2811	2
2812	2
2813	2
2814	3
2815	3
2816	1
2817	2
2818	2
2819	1
2820	0
2821	3
2822	0
2823	3
2824	2
2825	1
2826	2
2827	2
2828	2
2829	1
2830	0
2831	2
2832	2
2833	3
2834	3
2835	0
2836	2
2837	2
2838	3
2839	2
2840	2
2841	0
2842	2
2843	2
2844	2
2845	3
2846	2
2847	3
2848	2
2849	2
2850	2
2851	3
2852	1
2853	1
2854	3
2855	2
2856	1
2857	2
2858	3
2859	1
2860	2
2861	3
2862	1
2863	2
2864	2
2865	2
2866	0
2867	3
2868	2
2869	0
2870	3
2871	2
2872	3
2873	2
2874	2
2875	2
2876	0
2877	1
2878	2
2879	2
2880	2
2881	3
2882	0
2883	3
2884	3
2885	3
2886	2
2887	1
2888	2
2889	2
2890	2
2891	2
2892	0
2893	2
2894	1
2895	2
2896	3
2897	2
2898	3
2899	0
2900	3
2901	0
2902	0
2903	2
2904	2
2905	0
2906	3
2907	2
2908	3
2909	3
2910	2
2911	3
2912	2
2913	0
2914	2
2915	3
2916	2
2917	2
2918	0
2919	1
2920	3
2921	2
2922	3
2923	1
2924	3
2925	0
2926	2
2927	3
2928	3
2929	3
2930	2
2931	1
2932	3
2933	0
2934	2
2935	2
2936	3
2937	3
2938	3
2939	3
2940	0
2941	0
2942	3
2943	1
2944	3
2945	3
2946	0
2947	2
2948	3
2949	3
2950	2
2951	2
2952	2
2953	2
2954	3
2955	3
2956	2
2957	0
2958	0
2959	2
2960	2
2961	3
2962	3
2963	2
2964	2
2965	3
2966	3
2967	3
2968	3
2969	0
2970	3
2971	0
2972	2
2973	3
2974	2
2975	3
2976	0
2977	3
2978	3
2979	3
2980	2
2981	2
2982	3
2983	2
2984	0
2985	2
2986	2
2987	2
2988	3
2989	2
2990	3
2991	2
2992	3
2993	2
2994	0
2995	0
2996	3
2997	2
2998	2
2999	1
3000	2
3001	2
3002	2
3003	2
3004	2
3005	2
3006	3
3007	2
3008	2
3009	2
3010	0
3011	1
3012	2
3013	3
3014	2
3015	2
3016	3
3017	2
3018	3
3019	2
3020	2
3021	2
3022	2
3023	2
3024	2
3025	0
3026	3
3027	0
3028	2
3029	0
3030	3
3031	2
3032	3
3033	0
3034	2
3035	0
3036	3
3037	3
3038	2
3039	3
3040	2
3041	0
3042	0
3043	3
3044	3
3045	2
3046	2
3047	0
3048	0
3049	3
3050	3
3051	0
3052	3
3053	0
3054	2
3055	2
3056	3
3057	2
3058	1
3059	3
3060	2
3061	2
3062	2
3063	0
3064	2
3065	2
3066	2
3067	2
3068	0
3069	1
3070	2
3071	3
3072	0
3073	0
3074	1
3075	2
3076	3
3077	2
3078	2
3079	2
3080	2
3081	2
3082	2
3083	2
3084	2
3085	2
3086	0
3087	3
3088	0
3089	2
3090	3
3091	1
3092	2
3093	2
3094	3
3095	3
3096	3
3097	1
3098	2
3099	2
3100	3
3101	3
3102	3
3103	2
3104	3
3105	0
3106	1
3107	2
3108	2
3109	3
3110	2
3111	2
3112	2
3113	2
3114	3
3115	3
3116	1
3117	3
3118	3
3119	1
3120	2
3121	3
3122	2
3123	1
3124	2
3125	1
3126	3
3127	0
3128	3
3129	2
3130	3
3131	3
3132	3
3133	3
3134	2
3135	3
3136	2
3137	0
3138	1
3139	2
3140	2
3141	1
3142	2
3143	1
3144	2
3145	3
3146	3
3147	2
3148	3
3149	2
3150	0
3151	2
3152	2
3153	2
3154	3
3155	0
3156	2
3157	0
3158	2
3159	3
3160	3
3161	2
3162	2
3163	2
3164	3
3165	2
3166	3
3167	0
3168	1
3169	3
3170	0
3171	2
3172	2
3173	2
3174	0
3175	2
3176	2
3177	2
3178	2
3179	3
3180	3
3181	2
3182	0
3183	0
3184	2
3185	2
3186	2
3187	3
3188	2
3189	3
3190	3
3191	2
3192	3
3193	2
3194	2
3195	2
3196	3
3197	3
3198	2
3199	1
3200	0
3201	2
3202	1
3203	3
3204	2
3205	0
3206	0
3207	0
3208	2
3209	2
3210	0
3211	2
3212	3
3213	1
3214	1
3215	3
3216	0
3217	2
3218	0
3219	0
3220	2
3221	3
3222	2
3223	2
3224	3
3225	0
3226	3
3227	2
3228	2
3229	3
3230	3
3231	2
3232	0
3233	3
3234	2
3235	3
3236	3
3237	2
3238	2
3239	2
3240	3
3241	2
3242	3
3243	3
3244	2
3245	2
3246	3
3247	2
3248	2
3249	2
3250	1
3251	0
3252	2
3253	2
3254	3
3255	1
3256	1
3257	2
3258	3
3259	2
3260	1
3261	3
3262	3
3263	2
3264	0
3265	0
3266	2
3267	2
3268	0
3269	2
3270	2
3271	2
3272	2
3273	2
3274	0
3275	2
3276	2
3277	3
3278	3
3279	0
3280	0
3281	3
3282	0
3283	3
3284	3
3285	0
3286	2
3287	1
3288	2
3289	0
3290	0
3291	1
3292	2
3293	2
3294	2
3295	3
3296	2
3297	3
3298	0
3299	3
3300	2
3301	3
3302	3
3303	2
3304	0
3305	2
3306	3
3307	3
3308	2
3309	2
3310	3
3311	3
3312	2
3313	3
3314	2
3315	2
3316	2
3317	1
3318	2
3319	2
3320	0
3321	2
3322	3
3323	3
3324	2
3325	2
3326	2
3327	1
3328	0
3329	2
3330	3
3331	2
3332	3
3333	2
3334	2
3335	1
3336	2
3337	2
3338	2
3339	2
3340	3
3341	2
3342	0
3343	3
3344	1
3345	3
3346	3
3347	2
3348	3
3349	1
3350	3
3351	1
3352	3
3353	0
3354	1
3355	2
3356	2
3357	2
3358	3
3359	2
3360	2
3361	3
3362	2
3363	2
3364	3
3365	0
3366	2
3367	2
3368	2
3369	0
3370	3
3371	0
3372	2
3373	2
3374	3
3375	3
3376	3
3377	3
3378	0
3379	1
3380	2
3381	2
3382	3
3383	0
3384	2
3385	2
3386	3
3387	2
3388	3
3389	0
3390	2
3391	3
3392	2
3393	0
3394	1
3395	2
3396	3
3397	3
3398	2
3399	2
3400	2
3401	2
3402	3
3403	2
3404	2
3405	1
3406	0
3407	3
3408	0
3409	0
3410	3
3411	2
3412	2
3413	2
3414	2
3415	2
3416	2
3417	1
3418	2
3419	2
3420	0
3421	0
3422	3
3423	2
3424	2
3425	3
3426	3
3427	2
3428	2
3429	0
3430	1
3431	2
3432	0
3433	2
3434	3
3435	2
3436	1
3437	3
3438	0
3439	3
3440	2
3441	2
3442	2
3443	0
3444	2
3445	0
3446	3
3447	0
3448	2
3449	2
3450	3
3451	2
3452	2
3453	2
3454	3
3455	0
3456	3
3457	0
3458	3
3459	2
3460	3
3461	0
3462	0
3463	3
3464	2
3465	1
3466	3
3467	2
3468	3
3469	0
3470	0
3471	1
3472	0
3473	0
3474	3
3475	3
3476	3
3477	2
3478	3
3479	3
3480	2
3481	3
3482	1
3483	2
3484	2
3485	0
3486	3
3487	2
3488	1
3489	3
3490	0
3491	3
3492	2
3493	3
3494	2
3495	3
3496	2
3497	3
3498	3
3499	2
3500	1
3501	0
3502	2
3503	3
3504	2
3505	2
3506	2
3507	1
3508	3
3509	2
3510	1
3511	0
3512	2
3513	0
3514	3
3515	2
3516	3
3517	2
3518	2
3519	0
3520	0
3521	2
3522	3
3523	2
3524	3
3525	2
3526	2
3527	0
3528	2
3529	3
3530	3
3531	3
3532	0
3533	0
3534	3
3535	3
3536	2
3537	2
3538	3
3539	2
3540	2
3541	0
3542	2
3543	2
3544	3
3545	0
3546	3
3547	2
3548	2
3549	1
3550	3
3551	3
3552	0
3553	3
3554	2
3555	3
3556	3
3557	3
3558	2
3559	3
3560	3
3561	3
3562	3
3563	0
3564	2
3565	3
3566	2
3567	2
3568	3
3569	3
3570	2
3571	2
3572	3
3573	2
3574	3
3575	0
3576	3
3577	2
3578	3
3579	3
3580	2
3581	2
3582	2
3583	1
3584	0
3585	0
3586	2
3587	3
3588	3
3589	2
3590	0
3591	3
3592	2
3593	3
3594	3
3595	2
3596	0
3597	2
3598	3
3599	2
3600	0
3601	2
3602	0
3603	3
3604	2
3605	2
3606	2
3607	2
3608	2
3609	0
3610	0
3611	2
3612	3
3613	1
3614	2
3615	3
3616	0
3617	3
3618	1
3619	1
3620	3
3621	3
3622	0
3623	2
3624	2
3625	1
3626	2
3627	3
3628	2
3629	3
3630	3
3631	2
3632	3
3633	0
3634	2
3635	2
3636	3
3637	0
3638	3
3639	2
3640	3
3641	2
3642	2
3643	3
3644	0
3645	0
3646	2
3647	3
3648	0
3649	2
3650	3
3651	2
3652	3
3653	2
3654	2
3655	0
3656	2
3657	0
3658	0
3659	2
3660	2
3661	2
3662	0
3663	2
3664	3
3665	2
3666	3
3667	3
3668	3
3669	1
3670	3
3671	2
3672	3
3673	1
3674	2
3675	2
3676	2
3677	2
3678	3
3679	2
3680	2
3681	3
3682	1
3683	0
3684	3
3685	1
3686	2
3687	2
3688	2
3689	1
3690	1
3691	0
3692	2
3693	2
3694	0
3695	2
3696	3
3697	3
3698	0
3699	2
3700	1
3701	1
3702	1
3703	2
3704	3
3705	2
3706	1
3707	2
3708	0
3709	2
3710	3
3711	0
3712	1
3713	2
3714	0
3715	0
3716	3
3717	2
3718	2
3719	1
3720	2
3721	0
3722	3
3723	2
3724	2
3725	0
3726	3
3727	3
3728	1
3729	2
3730	3
3731	3
3732	0
3733	0
3734	2
3735	3
3736	2
3737	3
3738	3
3739	0
3740	2
3741	2
3742	2
3743	0
3744	0
3745	0
3746	3
3747	2
3748	1
3749	2
3750	3
3751	2
3752	3
3753	2
3754	3
3755	3
3756	0
3757	2
3758	2
3759	3
3760	0
3761	0
3762	0
3763	2
3764	2
3765	2
3766	2
3767	1
3768	2
3769	2
3770	2
3771	1
3772	1
3773	3
3774	3
3775	2
3776	3
3777	0
3778	3
3779	3
3780	2
3781	2
3782	2
3783	0
3784	2
3785	0
3786	3
3787	2
3788	2
3789	0
3790	0
3791	2
3792	2
3793	2
3794	3
3795	3
3796	2
3797	2
3798	2
3799	2
3800	1
3801	2
3802	2
3803	2
3804	2
3805	2
3806	3
3807	3
3808	3
3809	3
3810	1
3811	3
3812	2
3813	3
3814	3
3815	1
3816	2
3817	2
3818	0
3819	0
3820	0
3821	1
3822	3
3823	3
3824	2
3825	0
3826	0
3827	2
3828	2
3829	0
3830	0
3831	0
3832	3
3833	2
3834	2
3835	2
3836	0
3837	2
3838	3
3839	0
3840	0
3841	2
3842	2
3843	2
3844	3
3845	2
3846	0
3847	0
3848	1
3849	2
3850	3
3851	2
3852	3
3853	2
3854	0
3855	0
3856	2
3857	2
3858	3
3859	3
3860	2
3861	2
3862	3
3863	2
3864	2
3865	2
3866	0
3867	2
3868	2
3869	3
3870	2
3871	2
3872	2
3873	3
3874	2
3875	2
3876	3
3877	3
3878	2
3879	0
3880	2
3881	2
3882	2
3883	0
3884	3
3885	2
3886	3
3887	3
3888	3
3889	3
3890	0
3891	0
3892	1
3893	2
3894	2
3895	0
3896	3
3897	2
3898	2
3899	2
3900	1
3901	2
3902	3
3903	2
3904	0
3905	0
3906	3
3907	3
3908	0
3909	2
3910	0
3911	3
3912	1
3913	2
3914	1
3915	2
3916	0
3917	1
3918	0
3919	2
3920	2
3921	0
3922	3
3923	3
3924	2
3925	1
3926	3
3927	2
3928	2
3929	0
3930	2
3931	2
3932	1
3933	2
3934	2
3935	2
3936	0
3937	3
3938	0
3939	3
3940	2
3941	2
3942	2
3943	0
3944	2
3945	1
3946	3
3947	3
3948	0
3949	2
3950	3
3951	2
3952	3
3953	1
3954	0
3955	0
3956	3
3957	1
3958	2
3959	0
3960	3
3961	2
3962	2
3963	0
3964	2
3965	2
3966	3
3967	1
3968	1
3969	1
3970	0
3971	2
3972	3
3973	2
3974	2
3975	3
3976	2
3977	2
3978	0
3979	2
3980	1
3981	2
3982	3
3983	3
3984	0
3985	2
3986	3
3987	3
3988	2
3989	0
3990	3
3991	2
3992	3
3993	2
3994	3
3995	1
3996	3
3997	2
3998	2
3999	2
4000	2
4001	3
4002	1
4003	3
4004	3
4005	2
4006	2
4007	3
4008	0
4009	2
4010	3
4011	1
4012	3
4013	2
4014	3
4015	3
4016	2
4017	2
4018	0
4019	3
4020	3
4021	2
4022	3
4023	3
4024	2
4025	2
4026	2
4027	1
4028	0
4029	2
4030	3
4031	3
4032	3
4033	2
4034	1
4035	3
4036	2
4037	3
4038	0
4039	3
4040	2
4041	2
4042	0
4043	3
4044	0
4045	0
4046	3
4047	2
4048	3
4049	3
4050	3
4051	3
4052	2
4053	2
4054	3
4055	2
4056	0
4057	2
4058	2
4059	2
4060	2
4061	1
4062	1
4063	2
4064	2
4065	3
4066	3
4067	3
4068	2
4069	3
4070	2
4071	0
4072	0
4073	2
4074	2
4075	2
4076	3
4077	2
4078	2
4079	3
4080	2
4081	3
4082	0
4083	2
4084	2
4085	3
4086	2
4087	2
4088	2
4089	2
4090	2
4091	2
4092	2
4093	2
4094	3
4095	3
4096	2
4097	0
4098	0
4099	0
4100	3
4101	2
4102	1
4103	0
4104	2
4105	2
4106	2
4107	1
4108	2
4109	2
4110	0
4111	3
4112	3
4113	3
4114	0
4115	2
4116	2
4117	2
4118	1
4119	3
4120	2
4121	0
4122	2
4123	2
4124	2
4125	3
4126	0
4127	2
4128	0
4129	2
4130	1
4131	2
4132	3
4133	3
4134	2
4135	0
4136	3
4137	0
4138	2
4139	2
4140	2
4141	3
4142	3
4143	0
4144	3
4145	2
4146	0
4147	3
4148	2
4149	3
4150	2
4151	2
4152	2
4153	2
4154	2
4155	3
4156	2
4157	0
4158	2
4159	0
4160	3
4161	2
4162	1
4163	2
4164	2
4165	2
4166	2
4167	2
4168	3
4169	3
4170	0
4171	3
4172	2
4173	0
4174	2
4175	2
4176	2
4177	3
4178	0
4179	1
4180	2
4181	2
4182	2
4183	2
4184	2
4185	0
4186	2
4187	2
4188	2
4189	3
4190	1
4191	2
4192	0
4193	2
4194	0
4195	2
4196	2
4197	3
4198	3
4199	3
4200	2
4201	2
4202	2
4203	0
4204	2
4205	2
4206	3
4207	3
4208	3
4209	1
4210	3
4211	2
4212	3
4213	2
4214	2
4215	1
4216	2
4217	0
4218	2
4219	2
4220	1
4221	3
4222	2
4223	0
4224	2
4225	0
4226	0
4227	2
4228	2
4229	2
4230	2
4231	3
4232	3
4233	3
4234	2
4235	3
4236	2
4237	0
4238	0
4239	1
4240	2
4241	3
4242	2
4243	3
4244	2
4245	3
4246	2
4247	0
4248	2
4249	0
4250	2
4251	2
4252	2
4253	3
4254	2
4255	2
4256	0
4257	0
4258	0
4259	2
4260	2
4261	2
4262	2
4263	3
4264	3
4265	2
4266	2
4267	2
4268	1
4269	2
4270	3
4271	2
4272	3
4273	1
4274	1
4275	0
4276	3
4277	3
4278	2
4279	0
4280	1
4281	0
4282	1
4283	2
4284	2
4285	1
4286	3
4287	3
4288	2
4289	2
4290	2
4291	2
4292	2
4293	0
4294	0
4295	3
4296	2
4297	3
4298	0
4299	2
4300	2
4301	2
4302	2
4303	3
4304	2
4305	3
4306	2
4307	2
4308	3
4309	1
4310	0
4311	3
4312	2
4313	0
4314	1
4315	0
4316	2
4317	2
4318	2
4319	3
4320	2
4321	3
4322	0
4323	2
4324	2
4325	3
4326	0
4327	2
4328	3
4329	2
4330	1
4331	2
4332	2
4333	2
4334	0
4335	3
4336	3
4337	2
4338	2
4339	1
4340	3
4341	2
4342	2
4343	2
4344	0
4345	3
4346	2
4347	3
4348	3
4349	3
4350	2
4351	0
4352	2
4353	2
4354	3
4355	1
4356	2
4357	0
4358	2
4359	2
4360	0
4361	3
4362	3
4363	2
4364	2
4365	0
4366	3
4367	1
4368	2
4369	0
4370	3
4371	2
4372	0
4373	2
4374	1
4375	3
4376	0
4377	0
4378	2
4379	0
4380	2
4381	0
4382	2
4383	3
4384	0
4385	3
4386	2
4387	3
4388	2
4389	0
4390	2
4391	2
4392	1
4393	2
4394	3
4395	0
4396	2
4397	2
4398	2
4399	3
4400	0
4401	2
4402	3
4403	2
4404	0
4405	1
4406	2
4407	2
4408	3
4409	0
4410	1
4411	1
4412	0
4413	2
4414	3
4415	0
4416	3
4417	3
4418	0
4419	1
4420	3
4421	2
4422	3
4423	3
4424	3
4425	3
4426	0
4427	3
4428	0
4429	0
4430	3
4431	0
4432	0
4433	1
4434	2
4435	0
4436	3
4437	2
4438	2
4439	0
4440	3
4441	2
4442	1
4443	0
4444	2
4445	3
4446	2
4447	3
4448	2
4449	3
4450	0
4451	2
4452	2
4453	3
4454	3
4455	2
4456	2
4457	3
4458	0
4459	2
4460	0
4461	2
4462	2
4463	2
4464	3
4465	3
4466	0
4467	2
4468	1
4469	2
4470	2
4471	3
4472	2
4473	0
4474	2
4475	3
4476	0
4477	2
4478	2
4479	2
4480	2
4481	2
4482	2
4483	0
4484	2
4485	0
4486	0
4487	2
4488	3
4489	3
4490	3
4491	2
4492	2
4493	3
4494	3
4495	3
4496	2
4497	0
4498	2
4499	1
4500	1
4501	0
4502	2
4503	0
4504	3
4505	0
4506	2
4507	2
4508	2
4509	1
4510	2
4511	2
4512	0
4513	1
4514	2
4515	2
4516	2
4517	0
4518	0
4519	1
4520	2
4521	2
4522	2
4523	0
4524	2
4525	1
4526	3
4527	3
4528	1
4529	2
4530	3
4531	2
4532	0
4533	1
4534	2
4535	0
4536	2
4537	0
4538	2
4539	2
4540	2
4541	3
4542	2
4543	0
4544	2
4545	0
4546	1
4547	1
4548	3
4549	3
4550	0
4551	3
4552	0
4553	2
4554	0
4555	2
4556	3
4557	0
4558	3
4559	3
4560	3
4561	0
4562	1
4563	1
4564	2
4565	2
4566	2
4567	0
4568	0
4569	0
4570	3
4571	2
4572	3
4573	3
4574	1
4575	3
4576	0
4577	0
4578	2
4579	3
4580	2
4581	0
4582	0
4583	3
4584	3
4585	2
4586	2
4587	2
4588	2
4589	1
4590	2
4591	3
4592	1
4593	2
4594	1
4595	3
4596	2
4597	3
4598	1
4599	2
4600	2
4601	0
4602	2
4603	2
4604	2
4605	3
4606	2
4607	0
4608	2
4609	2
4610	0
4611	2
4612	3
4613	2
4614	2
4615	2
4616	3
4617	3
4618	1
4619	3
4620	0
4621	0
4622	2
4623	3
4624	2
4625	2
4626	2
4627	3
4628	2
4629	0
4630	2
4631	0
4632	2
4633	2
4634	2
4635	0
4636	2
4637	0
4638	3
4639	3
4640	3
4641	0
4642	3
4643	3
4644	2
4645	0
4646	3
4647	3
4648	2
4649	2
4650	3
4651	3
4652	0
4653	0
4654	0
4655	2
4656	3
4657	2
4658	3
4659	3
4660	2
4661	0
4662	2
4663	0
4664	3
4665	0
4666	3
4667	0
4668	2
4669	3
4670	3
4671	0
4672	2
4673	1
4674	0
4675	1
4676	3
4677	2
4678	0
4679	2
4680	0
4681	0
4682	0
4683	3
4684	0
4685	0
4686	2
4687	0
4688	2
4689	3
4690	0
4691	0
4692	2
4693	2
4694	1
4695	2
4696	2
4697	2
4698	2
4699	3
4700	0
4701	0
4702	2
4703	2
4704	3
4705	0
4706	1
4707	2
4708	2
4709	1
4710	2
4711	2
4712	3
4713	2
4714	3
4715	0
4716	2
4717	2
4718	3
4719	3
4720	2
4721	1
4722	3
4723	3
4724	2
4725	3
4726	2
4727	3
4728	2
4729	1
4730	2
4731	1
4732	3
4733	3
4734	3
4735	0
4736	2
4737	3
4738	0
4739	3
4740	2
4741	2
4742	3
4743	3
4744	2
4745	3
4746	0
4747	3
4748	0
4749	0
4750	2
4751	3
4752	2
4753	2
4754	2
4755	2
4756	2
4757	2
4758	2
4759	3
4760	2
4761	0
4762	2
4763	0
4764	2
4765	0
4766	0
4767	2
4768	2
4769	0
4770	2
4771	3
4772	2
4773	2
4774	0
4775	2
4776	3
4777	2
4778	3
4779	3
4780	0
4781	2
4782	0
4783	3
4784	2
4785	2
4786	3
4787	3
4788	3
4789	1
4790	3
4791	3
4792	3
4793	0
4794	2
4795	2
4796	2
4797	1
4798	3
4799	0
4800	2
4801	3
4802	0
4803	0
4804	2
4805	2
4806	2
4807	3
4808	2
4809	2
4810	0
4811	2
4812	0
4813	0
4814	0
4815	3
4816	2
4817	3
4818	2
4819	0
4820	2
4821	2
4822	2
4823	0
4824	3
4825	3
4826	2
4827	0
4828	2
4829	0
4830	3
4831	2
4832	0
4833	0
4834	0
4835	3
4836	3
4837	2
4838	3
4839	1
4840	2
4841	0
4842	3
4843	0
4844	0
4845	1
4846	3
4847	2
4848	3
4849	3
4850	0
4851	3
4852	3
4853	0
4854	1
4855	3
4856	2
4857	3
4858	2
4859	1
4860	0
4861	3
4862	3
4863	0
4864	2
4865	3
4866	0
4867	0
4868	2
4869	0
4870	2
4871	2
4872	2
4873	1
4874	1
4875	3
4876	0
4877	0
4878	2
4879	0
4880	2
4881	0
4882	0
4883	2
4884	2
4885	0
4886	3
4887	0
4888	1
4889	0
4890	3
4891	2
4892	0
4893	3
4894	3
4895	2
4896	0
4897	3
4898	1
4899	2
4900	3
4901	3
4902	1
4903	3
4904	3
4905	0
4906	3
4907	2
4908	2
4909	0
4910	1
4911	2
4912	0
4913	2
4914	2
4915	2
4916	3
4917	0
4918	2
4919	0
4920	2
4921	2
4922	2
4923	3
4924	3
4925	2
4926	3
4927	2
4928	3
4929	3
4930	0
4931	0
4932	0
4933	2
4934	2
4935	2
4936	2
4937	2
4938	2
4939	3
4940	1
4941	2
4942	2
4943	2
4944	2
4945	3
4946	2
4947	2
4948	2
4949	2
4950	2
4951	3
4952	3
4953	2
4954	3
4955	2
4956	0
4957	2
4958	3
4959	2
4960	0
4961	1
4962	0
4963	3
4964	3
4965	2
4966	0
4967	3
4968	3
4969	0
4970	3
4971	2
4972	2
4973	0
4974	3
4975	3
4976	2
4977	2
4978	1
4979	3
4980	2
4981	3
4982	2
4983	2
4984	2
4985	2
4986	2
4987	2
4988	2
4989	1
4990	3
4991	0
4992	2
4993	2
4994	0
4995	2
4996	2
4997	2
4998	3
4999	3
5000	2
5001	3
5002	2
5003	2
5004	3
5005	0
5006	2
5007	3
5008	3
5009	3
5010	2
5011	0
5012	0
5013	1
5014	2
5015	2
5016	2
5017	0
5018	2
5019	2
5020	0
5021	3
5022	2
5023	3
5024	0
5025	3
5026	1
5027	1
5028	3
5029	2
5030	0
5031	3
5032	3
5033	3
5034	3
5035	0
5036	2
5037	2
5038	1
5039	3
5040	3
5041	2
5042	1
5043	3
5044	2
5045	2
5046	2
5047	0
5048	2
5049	3
5050	2
5051	2
5052	3
5053	2
5054	3
5055	0
5056	2
5057	2
5058	0
5059	0
5060	2
5061	2
5062	2
5063	1
5064	3
5065	2
5066	0
5067	2
5068	2
5069	3
5070	2
5071	2
5072	3
5073	3
5074	3
5075	0
5076	2
5077	2
5078	2
5079	2
5080	1
5081	2
5082	1
5083	2
5084	3
5085	3
5086	3
5087	2
5088	2
5089	2
5090	2
5091	3
5092	2
5093	0
5094	2
5095	3
5096	3
5097	2
5098	2
5099	1
5100	3
5101	3
5102	3
5103	3
5104	3
5105	1
5106	1
5107	1
5108	2
5109	2
5110	2
5111	2
5112	2
5113	2
5114	2
5115	2
5116	2
5117	3
5118	2
5119	0
5120	2
5121	1
5122	0
5123	1
5124	3
5125	2
5126	0
5127	3
5128	2
5129	3
5130	0
5131	2
5132	2
5133	3
5134	2
5135	0
5136	2
5137	2
5138	2
5139	2
5140	2
5141	3
5142	2
5143	2
5144	2
5145	0
5146	2
5147	2
5148	3
5149	3
5150	0
5151	2
5152	2
5153	3
5154	1
5155	1
5156	2
5157	2
5158	2
5159	3
5160	1
5161	2
5162	2
5163	3
5164	2
5165	3
5166	0
5167	3
5168	3
5169	2
5170	1
5171	3
5172	3
5173	0
5174	2
5175	2
5176	3
5177	3
5178	3
5179	3
5180	3
5181	2
5182	2
5183	0
5184	2
5185	0
5186	0
5187	0
5188	2
5189	2
5190	2
5191	2
5192	2
5193	3
5194	2
5195	3
5196	3
5197	2
5198	2
5199	2
5200	3
5201	2
5202	3
5203	0
5204	2
5205	3
5206	3
5207	2
5208	2
5209	0
5210	2
5211	2
5212	2
5213	2
5214	2
5215	2
5216	3
5217	2
5218	1
5219	3
5220	3
5221	1
5222	3
5223	3
5224	3
5225	3
5226	3
5227	1
5228	2
5229	2
5230	2
5231	2
5232	3
5233	3
5234	0
5235	2
5236	3
5237	0
5238	2
5239	2
5240	2
5241	0
5242	1
5243	3
5244	3
5245	2
5246	0
5247	0
5248	1
5249	0
5250	2
5251	0
5252	2
5253	2
5254	2
5255	0
5256	2
5257	3
5258	0
5259	2
5260	3
5261	0
5262	2
5263	0
5264	2
5265	2
5266	3
5267	0
5268	2
5269	3
5270	2
5271	2
5272	2
5273	0
5274	0
5275	3
5276	2
5277	2
5278	2
5279	3
5280	0
5281	3
5282	2
5283	2
5284	2
5285	3
5286	3
5287	2
5288	1
5289	0
5290	3
5291	0
5292	2
5293	2
5294	0
5295	3
5296	3
5297	3
5298	3
5299	3
5300	2
5301	0
5302	2
5303	0
5304	2
5305	0
5306	1
5307	3
5308	3
5309	2
5310	3
5311	0
5312	2
5313	0
5314	0
5315	0
5316	2
5317	2
5318	2
5319	1
5320	2
5321	2
5322	0
5323	2
5324	3
5325	2
5326	2
5327	0
5328	2
5329	1
5330	2
5331	0
5332	3
5333	0
5334	2
5335	2
5336	2
5337	3
5338	2
5339	2
5340	2
5341	2
5342	3
5343	2
5344	0
5345	3
5346	1
5347	3
5348	2
5349	2
5350	2
5351	3
5352	0
5353	2
5354	3
5355	3
5356	2
5357	1
5358	1
5359	3
5360	2
5361	3
5362	0
5363	0
5364	2
5365	1
5366	2
5367	2
5368	2
5369	3
5370	2
5371	2
5372	3
5373	2
5374	3
5375	0
5376	2
5377	3
5378	0
5379	0
5380	3
5381	2
5382	3
5383	3
5384	2
5385	2
5386	2
5387	3
5388	0
5389	0
5390	2
5391	3
5392	2
5393	0
5394	2
5395	1
5396	2
5397	2
5398	3
5399	2
5400	3
5401	0
5402	2
5403	2
5404	2
5405	3
5406	1
5407	2
5408	2
5409	3
5410	0
5411	0
5412	3
5413	2
5414	3
5415	2
5416	2
5417	3
5418	2
5419	3
5420	2
5421	3
5422	0
5423	3
5424	2
5425	2
5426	1
5427	2
5428	2
5429	3
5430	2
5431	1
5432	2
5433	2
5434	2
5435	3
5436	3
5437	3
5438	2
5439	0
5440	2
5441	2
5442	0
5443	0
5444	2
5445	2
5446	3
5447	3
5448	3
5449	3
5450	2
5451	3
5452	3
5453	3
5454	2
5455	3
5456	2
5457	0
5458	2
5459	2
5460	3
5461	2
5462	2
5463	3
5464	0
5465	3
5466	2
5467	1
5468	2
5469	0
5470	2
5471	2
5472	2
5473	3
5474	0
5475	3
5476	2
5477	2
5478	2
5479	3
5480	2
5481	2
5482	2
5483	3
5484	2
5485	3
5486	2
5487	2
5488	3
5489	2
5490	0
5491	0
5492	3
5493	3
5494	2
5495	2
5496	3
5497	3
5498	3
5499	2
5500	3
5501	0
5502	2
5503	2
5504	2
5505	2
5506	3
5507	0
5508	3
5509	1
5510	0
5511	3
5512	0
5513	3
5514	2
5515	3
5516	3
5517	3
5518	2
5519	0
5520	2
5521	2
5522	2
5523	2
5524	3
5525	3
5526	2
5527	0
5528	2
5529	0
5530	2
5531	3
5532	2
5533	0
5534	0
5535	2
5536	0
5537	0
5538	0
5539	3
5540	2
5541	2
5542	3
5543	3
5544	2
5545	2
5546	3
5547	3
5548	2
5549	3
5550	1
5551	2
5552	3
5553	2
5554	0
5555	2
5556	3
5557	2
5558	2
5559	2
5560	2
5561	0
5562	2
5563	3
5564	3
5565	2
5566	3
5567	1
5568	0
5569	2
5570	0
5571	0
5572	1
5573	1
5574	0
5575	3
5576	2
5577	1
5578	2
5579	3
5580	2
5581	2
5582	2
5583	0
5584	2
5585	1
5586	2
5587	2
5588	2
5589	2
5590	2
5591	2
5592	2
5593	2
5594	2
5595	2
5596	2
5597	2
5598	0
5599	2
5600	2
5601	2
5602	0
5603	2
5604	2
5605	2
5606	3
5607	2
5608	2
5609	2
5610	2
5611	3
5612	2
5613	2
5614	2
5615	3
5616	2
5617	2
5618	1
5619	3
5620	2
5621	0
5622	2
5623	1
5624	2
5625	3
5626	3
5627	3
5628	1
5629	0
5630	3
5631	0
5632	2
5633	3
5634	0
5635	0
5636	2
5637	2
5638	2
5639	2
5640	3
5641	3
5642	0
5643	3
5644	0
5645	2
5646	3
5647	2
5648	2
5649	0
5650	2
5651	2
5652	2
5653	2
5654	1
5655	3
5656	1
5657	2
5658	2
5659	2
5660	2
5661	3
5662	0
5663	2
5664	3
5665	0
5666	0
5667	0
5668	3
5669	2
5670	2
5671	1
5672	2
5673	2
5674	2
5675	1
5676	2
5677	3
5678	0
5679	2
5680	3
5681	2
5682	3
5683	1
5684	2
5685	0
5686	2
5687	2
5688	0
5689	2
5690	3
5691	2
5692	3
5693	2
5694	2
5695	2
5696	2
5697	3
5698	0
5699	1
5700	1
5701	2
5702	3
5703	2
5704	2
5705	3
5706	3
5707	3
5708	2
5709	0
5710	2
5711	2
5712	2
5713	3
5714	1
5715	2
5716	3
5717	0
5718	3
5719	2
5720	2
5721	2
5722	2
5723	1
5724	3
5725	3
5726	0
5727	2
5728	3
5729	0
5730	2
5731	1
5732	3
5733	2
5734	2
5735	2
5736	3
5737	2
5738	3
5739	1
5740	2
5741	3
5742	2
5743	1
5744	3
5745	2
5746	0
5747	1
5748	3
5749	1
5750	2
5751	2
5752	0
5753	2
5754	2
5755	2
5756	3
5757	3
5758	3
5759	2
5760	3
5761	2
5762	0
5763	0
5764	3
5765	2
5766	2
5767	3
5768	2
5769	3
5770	0
5771	3
5772	2
5773	2
5774	2
5775	2
5776	2
5777	3
5778	2
5779	0
5780	2
5781	1
5782	2
5783	2
5784	0
5785	2
5786	2
5787	2
5788	2
5789	3
5790	2
5791	3
5792	3
5793	3
5794	0
5795	1
5796	3
5797	0
5798	2
5799	2
5800	0
5801	2
5802	1
5803	3
5804	0
5805	3
5806	3
5807	0
5808	0
5809	2
5810	2
5811	0
5812	3
5813	2
5814	0
5815	1
5816	0
5817	3
5818	2
5819	3
5820	3
5821	2
5822	2
5823	0
5824	3
5825	2
5826	0
5827	2
5828	2
5829	2
5830	1
5831	2
5832	2
5833	3
5834	0
5835	2
5836	3
5837	3
5838	2
5839	0
5840	2
5841	2
5842	0
5843	0
5844	2
5845	3
5846	3
5847	2
5848	1
5849	1
5850	0
5851	1
5852	0
5853	2
5854	2
5855	2
5856	2
5857	1
5858	0
5859	0
5860	2
5861	1
5862	2
5863	2
5864	2
5865	3
5866	2
5867	3
5868	2
5869	2
5870	2
5871	0
5872	3
5873	2
5874	0
5875	3
5876	2
5877	0
5878	2
5879	2
5880	2
5881	3
5882	2
5883	2
5884	3
5885	1
5886	1
5887	1
5888	2
5889	2
5890	0
5891	2
5892	2
5893	2
5894	3
5895	2
5896	2
5897	2
5898	1
5899	3
5900	2
5901	3
5902	2
5903	2
5904	3
5905	3
5906	0
5907	0
5908	2
5909	1
5910	2
5911	2
5912	1
5913	2
5914	2
5915	3
5916	3
5917	3
5918	2
5919	3
5920	0
5921	2
5922	3
5923	2
5924	2
5925	3
5926	3
5927	2
5928	1
5929	2
5930	3
5931	3
5932	2
5933	2
5934	2
5935	3
5936	3
5937	3
5938	2
5939	0
5940	2
5941	2
5942	2
5943	2
5944	2
5945	3
5946	2
5947	3
5948	3
5949	3
5950	3
5951	2
5952	2
5953	0
5954	3
5955	0
5956	3
5957	1
5958	3
5959	2
5960	0
5961	3
5962	2
5963	3
5964	3
5965	3
5966	2
5967	1
5968	2
5969	1
5970	0
5971	0
5972	3
5973	2
5974	3
5975	3
5976	2
5977	0
5978	2
5979	2
5980	2
5981	3
5982	3
5983	2
5984	0
5985	2
5986	0
5987	0
5988	2
5989	2
5990	2
5991	2
5992	0
5993	2
5994	3
5995	2
5996	2
5997	3
5998	2
5999	3
6000	2
6001	2
6002	2
6003	0
6004	3
6005	0
6006	2
6007	1
6008	2
6009	1
6010	2
6011	2
6012	3
6013	0
6014	2
6015	0
6016	1
6017	2
6018	1
6019	2
6020	3
6021	2
6022	2
6023	3
6024	2
6025	2
6026	0
6027	3
6028	2
6029	2
6030	3
6031	1
6032	3
6033	3
6034	2
6035	0
6036	2
6037	2
6038	1
6039	2
6040	2
6041	0
6042	0
6043	1
6044	2
6045	3
6046	2
6047	2
6048	2
6049	2
6050	0
6051	3
6052	2
6053	2
6054	2
6055	0
6056	1
6057	2
6058	3
6059	3
6060	0
6061	3
6062	2
6063	1
6064	3
6065	3
6066	3
6067	3
6068	2
6069	2
6070	2
6071	1
6072	3
6073	3
6074	1
6075	0
6076	3
6077	2
6078	3
6079	0
6080	3
6081	2
6082	0
6083	2
6084	3
6085	2
6086	2
6087	3
6088	2
6089	2
6090	0
6091	2
6092	2
6093	3
6094	1
6095	0
6096	3
6097	2
6098	2
6099	0
6100	2
6101	2
6102	3
6103	2
6104	2
6105	2
6106	3
6107	2
6108	2
6109	3
6110	0
6111	2
6112	3
6113	2
6114	0
6115	1
6116	2
6117	2
6118	3
6119	2
6120	0
6121	2
6122	3
6123	3
6124	0
6125	2
6126	3
6127	0
6128	3
6129	3
6130	1
6131	1
6132	2
6133	0
6134	2
6135	2
6136	2
6137	2
6138	2
6139	2
6140	0
6141	2
6142	1
6143	0
6144	3
6145	3
6146	2
6147	2
6148	3
6149	2
6150	2
6151	0
6152	2
6153	2
6154	2
6155	2
6156	3
6157	2
6158	0
6159	3
6160	0
6161	2
6162	3
6163	0
6164	2
6165	2
6166	3
6167	2
6168	3
6169	1
6170	3
6171	2
6172	2
6173	0
6174	2
6175	3
6176	3
6177	2
6178	0
6179	3
6180	2
6181	0
6182	0
6183	3
6184	0
6185	2
6186	3
6187	2
6188	0
6189	1
6190	0
6191	2
6192	3
6193	2
6194	0
6195	2
6196	1
6197	3
6198	2
6199	2
6200	3
6201	2
6202	2
6203	2
6204	2
6205	2
6206	2
6207	1
6208	3
6209	3
6210	3
6211	0
6212	3
6213	2
6214	3
6215	2
6216	2
6217	3
6218	3
6219	2
6220	2
6221	0
6222	0
6223	3
6224	1
6225	2
6226	2
6227	3
6228	3
6229	3
6230	2
6231	1
6232	3
6233	2
6234	2
6235	2
6236	3
6237	1
6238	2
6239	1
6240	3
6241	2
6242	0
6243	2
6244	2
6245	2
6246	3
6247	1
6248	2
6249	0
6250	2
6251	2
6252	0
6253	0
6254	2
6255	3
6256	3
6257	3
6258	2
6259	0
6260	2
6261	3
6262	0
6263	2
6264	0
6265	2
6266	2
6267	0
6268	0
6269	2
6270	2
6271	0
6272	2
6273	3
6274	2
6275	0
6276	2
6277	2
6278	2
6279	2
6280	3
6281	2
6282	2
6283	2
6284	2
6285	3
6286	0
6287	0
6288	0
6289	2
6290	2
6291	0
6292	3
6293	0
6294	1
6295	2
6296	3
6297	3
6298	3
6299	2
6300	2
6301	3
6302	0
6303	2
6304	2
6305	2
6306	2
6307	3
6308	2
6309	3
6310	3
6311	2
6312	3
6313	2
6314	2
6315	0
6316	0
6317	0
6318	2
6319	2
6320	3
6321	2
6322	0
6323	0
6324	2
6325	2
6326	2
6327	2
6328	2
6329	2
6330	2
6331	0
6332	3
6333	3
6334	2
6335	2
6336	2
6337	1
6338	0
6339	1
6340	3
6341	2
6342	2
6343	2
6344	2
6345	0
6346	0
6347	0
6348	2
6349	3
6350	0
6351	3
6352	0
6353	2
6354	2
6355	3
6356	2
6357	1
6358	2
6359	2
6360	3
6361	0
6362	2
6363	3
6364	2
6365	2
6366	2
6367	2
6368	2
6369	2
6370	0
6371	3
6372	2
6373	0
6374	2
6375	0
6376	1
6377	1
6378	3
6379	2
6380	0
6381	0
6382	2
6383	2
6384	3
6385	2
6386	1
6387	1
6388	2
6389	2
6390	3
6391	0
6392	2
6393	3
6394	2
6395	0
6396	2
6397	2
6398	0
6399	2
6400	2
6401	0
6402	2
6403	2
6404	2
6405	2
6406	3
6407	0
6408	2
6409	3
6410	0
6411	2
6412	3
6413	0
6414	0
6415	3
6416	1
6417	2
6418	1
6419	1
6420	2
6421	0
6422	2
6423	2
6424	3
6425	3
6426	0
6427	2
6428	2
6429	0
6430	2
6431	1
6432	2
6433	2
6434	1
6435	2
6436	2
6437	0
6438	3
6439	2
6440	2
6441	1
6442	3
6443	0
6444	3
6445	3
6446	3
6447	3
6448	0
6449	3
6450	2
6451	2
6452	2
6453	2
6454	0
6455	1
6456	2
6457	2
6458	2
6459	2
6460	3
6461	3
6462	0
6463	2
6464	2
6465	2
6466	2
6467	1
6468	0
6469	3
6470	1
6471	2
6472	3
6473	2
6474	3
6475	2
6476	3
6477	2
6478	0
6479	3
6480	2
6481	2
6482	2
6483	0
6484	2
6485	2
6486	2
6487	3
6488	3
6489	3
6490	2
6491	3
6492	0
6493	0
6494	3
6495	2
6496	2
6497	3
6498	2
6499	0
6500	3
6501	2
6502	3
6503	1
6504	0
6505	2
6506	2
6507	1
6508	2
6509	0
6510	3
6511	2
6512	2
6513	2
6514	2
6515	3
6516	0
6517	3
6518	1
6519	0
6520	1
6521	2
6522	2
6523	3
6524	3
6525	2
6526	3
6527	2
6528	2
6529	0
6530	2
6531	2
6532	3
6533	2
6534	2
6535	2
6536	0
6537	3
6538	0
6539	2
6540	2
6541	2
6542	1
6543	3
6544	2
6545	2
6546	2
6547	2
6548	2
6549	0
6550	2
6551	2
6552	3
6553	3
6554	3
6555	1
6556	3
6557	3
6558	0
6559	1
6560	1
6561	0
6562	2
6563	3
6564	2
6565	2
6566	3
6567	3
6568	2
6569	3
6570	2
6571	2
6572	0
6573	3
6574	3
6575	2
6576	3
6577	2
6578	0
6579	3
6580	2
6581	0
6582	2
6583	2
6584	3
6585	3
6586	2
6587	0
6588	3
6589	2
6590	2
6591	0
6592	2
6593	1
6594	1
6595	1
6596	2
6597	3
6598	3
6599	0
6600	1
6601	2
6602	0
6603	2
6604	2
6605	0
6606	0
6607	3
6608	3
6609	2
6610	2
6611	0
6612	2
6613	2
6614	2
6615	2
6616	0
6617	3
6618	3
6619	2
6620	2
6621	0
6622	0
6623	2
6624	2
6625	2
6626	2
6627	3
6628	2
6629	2
6630	2
6631	2
6632	0
6633	2
6634	2
6635	2
6636	0
6637	1
6638	3
6639	2
6640	1
6641	3
6642	0
6643	3
6644	2
6645	2
6646	2
6647	0
6648	0
6649	2
6650	3
6651	2
6652	2
6653	3
6654	0
6655	0
6656	2
6657	1
6658	1
6659	2
6660	3
6661	3
6662	3
6663	3
6664	0
6665	2
6666	3
6667	2
6668	1
6669	0
6670	0
6671	3
6672	3
6673	3
6674	1
6675	3
6676	3
6677	0
6678	0
6679	2
6680	2
6681	0
6682	2
6683	3
6684	2
6685	0
6686	2
6687	0
6688	2
6689	2
6690	3
6691	3
6692	3
6693	2
6694	2
6695	3
6696	2
6697	3
6698	2
6699	0
6700	2
6701	0
6702	2
6703	2
6704	3
6705	1
6706	0
6707	2
6708	0
6709	3
6710	2
6711	3
6712	2
6713	2
6714	3
6715	1
6716	0
6717	2
6718	2
6719	2
6720	2
6721	0
6722	3
6723	2
6724	1
6725	3
6726	2
6727	2
6728	2
6729	0
6730	2
6731	3
6732	2
6733	0
6734	0
6735	3
6736	0
6737	1
6738	2
6739	3
6740	3
6741	2
6742	3
6743	0
6744	3
6745	0
6746	2
6747	1
6748	2
6749	0
6750	2
6751	0
6752	2
6753	2
6754	2
6755	2
6756	3
6757	0
6758	2
6759	3
6760	1
6761	2
6762	2
6763	0
6764	2
6765	0
6766	3
6767	2
6768	3
6769	1
6770	2
6771	3
6772	1
6773	3
6774	3
6775	2
6776	2
6777	2
6778	2
6779	2
6780	3
6781	2
6782	2
6783	2
6784	3
6785	0
6786	2
6787	2
6788	2
6789	3
6790	2
6791	3
6792	0
6793	3
6794	3
6795	3
6796	2
6797	0
6798	1
6799	0
6800	3
6801	2
6802	2
6803	0
6804	2
6805	0
6806	3
6807	2
6808	3
6809	0
6810	2
6811	2
6812	2
6813	0
6814	2
6815	2
6816	2
6817	3
6818	2
6819	3
6820	3
6821	2
6822	2
6823	3
6824	2
6825	2
6826	2
6827	3
6828	2
6829	0
6830	1
6831	3
6832	3
6833	2
6834	0
6835	3
6836	3
6837	2
6838	2
6839	2
6840	2
6841	3
6842	2
6843	2
6844	3
6845	2
6846	3
6847	0
6848	3
6849	0
6850	0
6851	2
6852	2
6853	3
6854	1
6855	3
6856	2
6857	3
6858	0
6859	2
6860	2
6861	0
6862	2
6863	2
6864	2
6865	1
6866	2
6867	0
6868	2
6869	3
6870	3
6871	1
6872	3
6873	2
6874	0
6875	0
6876	2
6877	0
6878	2
6879	2
6880	2
6881	0
6882	3
6883	2
6884	3
6885	0
6886	1
6887	0
6888	2
6889	2
6890	2
6891	3
6892	2
6893	2
6894	2
6895	3
6896	0
6897	2
6898	0
6899	3
6900	3
6901	2
6902	3
6903	1
6904	2
6905	1
6906	2
6907	2
6908	2
6909	2
6910	2
6911	2
6912	2
6913	0
6914	2
6915	2
6916	2
6917	3
6918	0
6919	3
6920	2
6921	2
6922	0
6923	2
6924	2
6925	1
6926	1
6927	3
6928	0
6929	3
6930	3
6931	3
6932	2
6933	0
6934	2
6935	2
6936	2
6937	0
6938	2
6939	2
6940	3
6941	2
6942	2
6943	2
6944	2
6945	2
6946	2
6947	3
6948	3
6949	1
6950	3
6951	3
6952	2
6953	2
6954	0
6955	2
6956	3
6957	2
6958	3
6959	1
6960	3
6961	0
6962	0
6963	3
6964	0
6965	3
6966	2
6967	0
6968	2
6969	2
6970	2
6971	0
6972	3
6973	1
6974	2
6975	2
6976	2
6977	3
6978	0
6979	2
6980	3
6981	3
6982	2
6983	3
6984	3
6985	3
6986	0
6987	2
6988	2
6989	0
6990	2
6991	3
6992	0
6993	0
6994	3
6995	3
6996	0
6997	2
6998	3
6999	2
7000	3
7001	1
7002	2
7003	2
7004	2
7005	2
7006	2
7007	2
7008	2
7009	3
7010	0
7011	3
7012	3
7013	2
7014	1
7015	3
7016	3
7017	3
7018	2
7019	2
7020	2
7021	0
7022	3
7023	2
7024	2
7025	0
7026	0
7027	3
7028	3
7029	3
7030	2
7031	2
7032	0
7033	3
7034	2
7035	0
7036	1
7037	2
7038	2
7039	0
7040	2
7041	2
7042	2
7043	3
7044	2
7045	3
7046	2
7047	2
7048	3
7049	3
7050	0
7051	0
7052	2
7053	1
7054	0
7055	3
7056	0
7057	3
7058	3
7059	3
7060	0
7061	0
7062	3
7063	2
7064	2
7065	3
7066	3
7067	2
7068	3
7069	2
7070	1
7071	0
7072	2
7073	3
7074	1
7075	3
7076	3
7077	0
7078	2
7079	3
7080	1
7081	2
7082	1
7083	0
7084	3
7085	2
7086	2
7087	2
7088	3
7089	1
7090	0
7091	3
7092	0
7093	2
7094	2
7095	3
7096	1
7097	2
7098	2
7099	2
7100	3
7101	2
7102	2
7103	0
7104	3
7105	3
7106	3
7107	3
7108	2
7109	3
7110	0
7111	2
7112	3
7113	2
7114	0
7115	2
7116	2
7117	0
7118	1
7119	3
7120	0
7121	3
7122	3
7123	2
7124	3
7125	0
7126	3
7127	2
7128	3
7129	3
7130	3
7131	2
7132	2
7133	1
7134	3
7135	2
7136	2
7137	3
7138	3
7139	3
7140	3
7141	3
7142	1
7143	2
7144	2
7145	2
7146	2
7147	2
7148	3
7149	0
7150	2
7151	2
7152	3
7153	2
7154	0
7155	3
7156	2
7157	3
7158	2
7159	2
7160	0
7161	2
7162	2
7163	2
7164	3
7165	2
7166	2
7167	0
7168	2
7169	2
7170	3
7171	0
7172	2
7173	2
7174	2
7175	2
7176	3
7177	1
7178	3
7179	2
7180	3
7181	0
7182	3
7183	0
7184	3
7185	1
7186	2
7187	2
7188	2
7189	0
7190	2
7191	3
7192	2
7193	2
7194	2
7195	2
7196	2
7197	3
7198	0
7199	1
7200	3
7201	2
7202	1
7203	0
7204	2
7205	0
7206	3
7207	2
7208	3
7209	3
7210	2
7211	0
7212	2
7213	2
7214	0
7215	3
7216	3
7217	2
7218	0
7219	3
7220	3
7221	2
7222	2
7223	2
7224	0
7225	2
7226	3
7227	0
7228	0
7229	2
7230	3
7231	0
7232	3
7233	2
7234	0
7235	3
7236	2
7237	2
7238	2
7239	2
7240	3
7241	3
7242	3
7243	3
7244	3
7245	0
7246	0
7247	3
7248	2
7249	2
7250	2
7251	2
7252	2
7253	1
7254	2
7255	2
7256	3
7257	2
7258	2
7259	1
7260	2
7261	3
7262	1
7263	1
7264	3
7265	3
7266	2
7267	0
7268	3
7269	2
7270	0
7271	2
7272	2
7273	2
7274	1
7275	1
7276	2
7277	2
7278	2
7279	2
7280	3
7281	2
7282	1
7283	3
7284	0
7285	2
7286	1
7287	2
7288	2
7289	2
7290	1
7291	0
7292	0
7293	2
7294	2
7295	0
7296	2
7297	2
7298	0
7299	1
7300	2
7301	2
7302	2
7303	1
7304	0
7305	2
7306	3
7307	3
7308	2
7309	0
7310	3
7311	0
7312	2
7313	0
7314	1
7315	2
7316	2
7317	3
7318	2
7319	2
7320	3
7321	2
7322	0
7323	3
7324	2
7325	2
7326	0
7327	2
7328	2
7329	3
7330	0
7331	0
7332	3
7333	0
7334	0
7335	2
7336	3
7337	3
7338	2
7339	2
7340	2
7341	3
7342	0
7343	3
7344	3
7345	2
7346	0
7347	3
7348	3
7349	2
7350	3
7351	2
7352	0
7353	2
7354	3
7355	0
7356	3
7357	2
7358	1
7359	0
7360	2
7361	2
7362	2
7363	0
7364	2
7365	3
7366	3
7367	2
7368	3
7369	2
7370	2
7371	3
7372	2
7373	0
7374	3
7375	0
7376	2
7377	1
7378	2
7379	2
7380	0
7381	0
7382	2
7383	2
7384	3
7385	2
7386	2
7387	2
7388	0
7389	2
7390	2
7391	2
7392	3
7393	2
7394	3
7395	2
7396	3
7397	2
7398	2
7399	2
7400	2
7401	3
7402	2
7403	3
7404	3
7405	3
7406	3
7407	3
7408	3
7409	2
7410	0
7411	2
7412	3
7413	0
7414	2
7415	2
7416	3
7417	0
7418	3
7419	0
7420	3
7421	1
7422	0
7423	0
7424	3
7425	1
7426	2
7427	0
7428	2
7429	2
7430	2
7431	2
7432	0
7433	3
7434	1
7435	2
7436	2
7437	0
7438	0
7439	3
7440	3
7441	2
7442	2
7443	2
7444	2
7445	3
7446	2
7447	2
7448	2
7449	2
7450	1
7451	2
7452	2
7453	1
7454	2
7455	2
7456	3
7457	3
7458	0
7459	0
7460	1
7461	0
7462	3
7463	2
7464	2
7465	2
7466	3
7467	3
7468	2
7469	1
7470	2
7471	3
7472	3
7473	2
7474	2
7475	2
7476	2
7477	2
7478	2
7479	1
7480	3
7481	2
7482	3
7483	0
7484	3
7485	2
7486	2
7487	0
7488	2
7489	0
7490	2
7491	0
7492	2
7493	3
7494	2
7495	3
7496	0
7497	2
7498	3
7499	3
7500	2
7501	2
7502	0
7503	2
7504	0
7505	0
7506	2
7507	2
7508	3
7509	2
7510	2
7511	0
7512	2
7513	3
7514	0
7515	2
7516	2
7517	2
7518	2
7519	2
7520	2
7521	1
7522	0
7523	3
7524	3
7525	3
7526	2
7527	3
7528	2
7529	2
7530	2
7531	2
7532	0
7533	2
7534	0
7535	2
7536	3
7537	3
7538	1
7539	0
7540	2
7541	1
7542	2
7543	0
7544	3
7545	0
7546	3
7547	3
7548	3
7549	2
7550	3
7551	0
7552	2
7553	1
7554	1
7555	1
7556	2
7557	3
7558	2
7559	2
7560	0
7561	1
7562	3
7563	0
7564	2
7565	3
7566	0
7567	3
7568	2
7569	1
7570	2
7571	2
7572	2
7573	3
7574	3
7575	0
7576	3
7577	2
7578	2
7579	2
7580	2
7581	1
7582	2
7583	3
7584	2
7585	3
7586	1
7587	1
7588	3
7589	0
7590	2
7591	1
7592	2
7593	3
7594	2
7595	3
7596	2
7597	3
7598	2
7599	1
7600	3
7601	2
7602	3
7603	0
7604	2
7605	3
7606	2
7607	2
7608	3
7609	2
7610	3
7611	2
7612	2
7613	2
7614	2
7615	0
7616	2
7617	0
7618	0
7619	1
7620	2
7621	2
7622	1
7623	2
7624	0
7625	0
7626	3
7627	0
7628	2
7629	0
7630	2
7631	1
7632	2
7633	2
7634	3
7635	2
7636	3
7637	2
7638	2
7639	2
7640	0
7641	3
7642	2
7643	2
7644	3
7645	2
7646	2
7647	0
7648	3
7649	3
7650	0
7651	3
7652	3
7653	3
7654	2
7655	2
7656	2
7657	2
7658	2
7659	2
7660	3
7661	3
7662	3
7663	2
7664	2
7665	3
7666	2
7667	3
7668	3
7669	3
7670	3
7671	0
7672	1
7673	1
7674	3
7675	1
7676	3
7677	2
7678	2
7679	2
7680	3
7681	0
7682	2
7683	3
7684	2
7685	2
7686	2
7687	3
7688	2
7689	2
7690	3
7691	3
7692	2
7693	0
7694	2
7695	3
7696	2
7697	2
7698	2
7699	0
7700	2
7701	2
7702	2
7703	3
7704	2
7705	2
7706	2
7707	2
7708	3
7709	2
7710	2
7711	2
7712	1
7713	3
7714	2
7715	2
7716	3
7717	2
7718	1
7719	3
7720	2
7721	1
7722	2
7723	2
7724	2
7725	1
7726	3
7727	2
7728	2
7729	2
7730	2
7731	3
7732	2
7733	3
7734	0
7735	2
7736	2
7737	3
7738	2
7739	0
7740	0
7741	2
7742	2
7743	2
7744	2
7745	0
7746	2
7747	1
7748	2
7749	2
7750	2
7751	1
7752	0
7753	2
7754	2
7755	1
7756	3
7757	0
7758	0
7759	2
7760	2
7761	2
7762	3
7763	0
7764	2
7765	3
7766	2
7767	2
7768	2
7769	3
7770	2
7771	2
7772	3
7773	2
7774	3
7775	3
7776	2
7777	2
7778	0
7779	2
7780	3
7781	2
7782	0
7783	2
7784	2
7785	2
7786	2
7787	2
7788	2
7789	1
7790	3
7791	1
7792	2
7793	3
7794	1
7795	2
7796	3
7797	3
7798	0
7799	3
7800	3
7801	2
7802	2
7803	1
7804	3
7805	0
7806	3
7807	2
7808	1
7809	0
7810	2
7811	3
7812	2
7813	3
7814	2
7815	3
7816	2
7817	3
7818	2
7819	0
7820	2
7821	0
7822	0
7823	0
7824	2
7825	0
7826	2
7827	2
7828	2
7829	0
7830	2
7831	3
7832	2
7833	3
7834	0
7835	2
7836	2
7837	1
7838	2
7839	2
7840	2
7841	3
7842	0
7843	3
7844	2
7845	2
7846	2
7847	2
7848	3
7849	0
7850	3
7851	1
7852	1
7853	0
7854	2
7855	3
7856	3
7857	2
7858	0
7859	2
7860	3
7861	2
7862	2
7863	0
7864	2
7865	3
7866	3
7867	3
7868	3
7869	0
7870	2
7871	2
7872	2
7873	3
7874	2
7875	3
7876	3
7877	2
7878	3
7879	2
7880	2
7881	3
7882	3
7883	0
7884	3
7885	0
7886	0
7887	0
7888	2
7889	0
7890	2
7891	3
7892	3
7893	2
7894	2
7895	2
7896	2
7897	3
7898	2
7899	2
7900	0
7901	2
7902	2
7903	2
7904	3
7905	3
7906	0
7907	3
7908	2
7909	2
7910	2
7911	2
7912	3
7913	3
7914	2
7915	2
7916	3
7917	1
7918	3
7919	3
7920	3
7921	2
7922	0
7923	1
7924	0
7925	3
7926	3
7927	3
7928	3
7929	0
7930	1
7931	3
7932	0
7933	1
7934	2
7935	0
7936	2
7937	0
7938	2
7939	0
7940	3
7941	2
7942	2
7943	2
7944	0
7945	3
7946	3
7947	3
7948	3
7949	0
7950	3
7951	3
7952	2
7953	2
7954	0
7955	2
7956	2
7957	2
7958	2
7959	2
7960	3
7961	1
7962	0
7963	2
7964	3
7965	1
7966	0
7967	2
7968	0
7969	3
7970	3
7971	3
7972	3
7973	2
7974	2
7975	0
7976	2
7977	0
7978	2
7979	2
7980	3
7981	2
7982	2
7983	3
7984	1
7985	3
7986	1
7987	2
7988	2
7989	2
7990	0
7991	3
7992	2
7993	1
7994	2
7995	0
7996	2
7997	2
7998	0
7999	2
8000	1
8001	0
8002	2
8003	2
8004	3
8005	3
8006	2
8007	2
8008	2
8009	3
8010	1
8011	3
8012	2
8013	0
8014	0
8015	0
8016	2
8017	2
8018	2
8019	0
8020	2
8021	2
8022	2
8023	3
8024	2
8025	3
8026	2
8027	2
8028	3
8029	2
8030	1
8031	0
8032	1
8033	3
8034	0
8035	2
8036	3
8037	3
8038	2
8039	2
8040	1
8041	2
8042	2
8043	2
8044	2
8045	2
8046	3
8047	0
8048	2
8049	2
8050	0
8051	3
8052	2
8053	3
8054	1
8055	2
8056	3
8057	2
8058	2
8059	0
8060	2
8061	2
8062	2
8063	2
8064	2
8065	2
8066	2
8067	0
8068	2
8069	2
8070	3
8071	2
8072	2
8073	2
8074	3
8075	0
8076	2
8077	0
8078	1
8079	0
8080	2
8081	2
8082	2
8083	3
8084	2
8085	3
8086	2
8087	2
8088	2
8089	3
8090	0
8091	2
8092	3
8093	2
8094	2
8095	0
8096	2
8097	2
8098	1
8099	0
8100	2
8101	2
8102	3
8103	2
8104	2
8105	0
8106	2
8107	2
8108	2
8109	2
8110	2
8111	0
8112	3
8113	2
8114	3
8115	3
8116	3
8117	3
8118	2
8119	0
8120	0
8121	2
8122	2
8123	2
8124	0
8125	2
8126	0
8127	2
8128	2
8129	0
8130	2
8131	3
8132	2
8133	3
8134	1
8135	2
8136	2
8137	2
8138	3
8139	2
8140	3
8141	0
8142	0
8143	0
8144	2
8145	0
8146	2
8147	2
8148	2
8149	2
8150	2
8151	3
8152	3
8153	3
8154	0
8155	2
8156	2
8157	2
8158	3
8159	2
8160	0
8161	2
8162	1
8163	2
8164	3
8165	2
8166	2
8167	1
8168	2
8169	2
8170	3
8171	2
8172	2
8173	2
8174	0
8175	2
8176	3
8177	2
8178	3
8179	3
8180	3
8181	2
8182	0
8183	2
8184	3
8185	0
8186	2
8187	3
8188	0
8189	2
8190	3
8191	2
