COMMAND
./sim gshare 11 2 ./proj2-traces/jpeg_trace.txt
OUTPUT
number of predictions:2000000
number of mispredictions:148947
misprediction rate:   7.45%
FINAL GSHARE CONTENTS
0	3
1	3
2	2
3	2
4	3
5	2
6	3
7	2
8	3
9	2
10	2
11	0
12	0
13	0
14	3
15	3
16	3
17	2
18	2
19	2
20	2
21	3
22	2
23	2
24	3
25	2
26	0
27	0
28	2
29	2
30	3
31	2
32	3
33	2
34	0
35	2
36	0
37	3
38	1
39	3
40	2
41	0
42	3
43	0
44	0
45	2
46	3
47	3
48	3
49	3
50	0
51	3
52	3
53	3
54	0
55	0
56	0
57	2
58	3
59	0
60	0
61	3
62	1
63	0
64	0
65	0
66	0
67	3
68	3
69	2
70	0
71	3
72	3
73	2
74	2
75	2
76	3
77	2
78	1
79	2
80	0
81	3
82	2
83	2
84	2
85	2
86	0
87	0
88	1
89	2
90	3
91	0
92	3
93	0
94	3
95	3
96	3
97	3
98	0
99	0
100	0
101	3
102	3
103	2
104	2
105	2
106	0
107	0
108	0
109	2
110	0
111	0
112	3
113	1
114	3
115	2
116	2
117	3
118	0
119	2
120	3
121	2
122	2
123	3
124	3
125	3
126	2
127	2
128	2
129	1
130	3
131	1
132	3
133	1
134	2
135	3
136	1
137	2
138	2
139	0
140	2
141	3
142	3
143	2
144	3
145	2
146	2
147	1
148	2
149	2
150	2
151	3
152	0
153	3
154	0
155	3
156	3
157	0
158	2
159	0
160	2
161	3
162	3
163	0
164	3
165	0
166	2
167	0
168	2
169	3
170	3
171	3
172	0
173	0
174	3
175	2
176	3
177	0
178	0
179	3
180	2
181	0
182	3
183	2
184	2
185	1
186	2
187	2
188	0
189	3
190	2
191	2
192	3
193	2
194	0
195	3
196	0
197	2
198	3
199	2
200	2
201	0
202	2
203	0
204	3
205	2
206	3
207	2
208	2
209	2
210	2
211	0
212	3
213	0
214	2
215	3
216	1
217	0
218	3
219	2
220	3
221	2
222	2
223	2
224	3
225	2
226	0
227	3
228	2
229	2
230	3
231	2
232	3
233	2
234	0
235	0
236	0
237	2
238	2
239	3
240	3
241	3
242	3
243	0
244	2
245	3
246	0
247	2
248	2
249	0
250	3
251	0
252	2
253	2
254	3
255	3
256	2
257	0
258	2
259	3
260	0
261	3
262	2
263	3
264	2
265	3
266	1
267	0
268	2
269	2
270	3
271	0
272	3
273	3
274	2
275	3
276	0
277	3
278	3
279	2
280	0
281	0
282	3
283	0
284	0
285	0
286	2
287	1
288	3
289	2
290	0
291	0
292	0
293	3
294	3
295	0
296	0
297	2
298	3
299	3
300	3
301	3
302	2
303	3
304	2
305	0
306	0
307	2
308	0
309	2
310	2
311	3
312	2
313	1
314	3
315	2
316	2
317	3
318	2
319	3
320	0
321	2
322	2
323	0
324	3
325	2
326	3
327	0
328	1
329	0
330	3
331	1
332	0
333	0
334	3
335	3
336	0
337	3
338	2
339	0
340	2
341	2
342	3
343	2
344	2
345	0
346	2
347	2
348	2
349	0
350	0
351	0
352	0
353	2
354	0
355	0
356	2
357	2
358	0
359	0
360	0
361	2
362	3
363	2
364	0
365	0
366	2
367	3
368	0
369	2
370	0
371	3
372	3
373	1
374	3
375	0
376	0
377	2
378	0
379	3
380	0
381	2
382	3
383	0
384	2
385	0
386	0
387	3
388	0
389	3
390	0
391	2
392	3
393	3
394	2
395	3
396	2
397	0
398	2
399	3
400	0
401	3
402	2
403	3
404	3
405	1
406	3
407	3
408	3
409	2
410	2
411	0
412	3
413	2
414	2
415	3
416	3
417	2
418	2
419	1
420	2
421	3
422	2
423	2
424	3
425	2
426	2
427	2
428	2
429	2
430	2
431	0
432	2
433	2
434	3
435	2
436	3
437	2
438	2
439	0
440	2
441	0
442	2
443	0
444	2
445	0
446	3
447	0
448	3
449	2
450	2
451	3
452	2
453	0
454	2
455	0
456	2
457	0
458	2
459	3
460	2
461	3
462	2
463	1
464	3
465	2
466	2
467	0
468	2
469	0
470	2
471	2
472	0
473	2
474	3
475	0
476	2
477	0
478	3
479	0
480	2
481	2
482	2
483	0
484	0
485	2
486	1
487	3
488	1
489	3
490	2
491	2
492	2
493	0
494	3
495	0
496	3
497	2
498	3
499	0
500	3
501	3
502	0
503	3
504	3
505	2
506	3
507	2
508	0
509	1
510	2
511	0
512	2
513	3
514	2
515	2
516	2
517	3
518	3
519	0
520	2
521	3
522	3
523	3
524	1
525	0
526	3
527	3
528	0
529	2
530	3
531	1
532	2
533	2
534	2
535	2
536	3
537	2
538	2
539	3
540	3
541	3
542	3
543	2
544	2
545	2
546	2
547	2
548	2
549	2
550	2
551	2
552	2
553	3
554	0
555	2
556	0
557	2
558	3
559	0
560	2
561	3
562	1
563	3
564	2
565	3
566	2
567	3
568	3
569	2
570	3
571	2
572	0
573	3
574	1
575	1
576	1
577	3
578	2
579	3
580	2
581	2
582	3
583	2
584	2
585	3
586	1
587	2
588	3
589	2
590	0
591	0
592	2
593	2
594	0
595	2
596	2
597	3
598	1
599	0
600	2
601	3
602	2
603	2
604	2
605	3
606	2
607	0
608	2
609	3
610	0
611	2
612	0
613	1
614	0
615	2
616	0
617	2
618	3
619	0
620	0
621	2
622	0
623	0
624	2
625	0
626	3
627	2
628	2
629	2
630	0
631	0
632	3
633	3
634	2
635	2
636	0
637	2
638	2
639	2
640	2
641	3
642	1
643	2
644	0
645	0
646	2
647	2
648	0
649	3
650	2
651	3
652	3
653	2
654	2
655	0
656	2
657	2
658	2
659	0
660	2
661	3
662	3
663	2
664	0
665	2
666	2
667	2
668	0
669	0
670	3
671	0
672	2
673	0
674	3
675	3
676	2
677	0
678	2
679	0
680	0
681	2
682	0
683	1
684	3
685	0
686	2
687	3
688	2
689	2
690	0
691	3
692	3
693	3
694	0
695	2
696	0
697	0
698	2
699	2
700	0
701	2
702	3
703	2
704	3
705	2
706	2
707	0
708	0
709	2
710	3
711	3
712	3
713	2
714	2
715	3
716	3
717	1
718	3
719	0
720	3
721	0
722	0
723	3
724	2
725	1
726	3
727	0
728	0
729	3
730	3
731	2
732	0
733	2
734	2
735	3
736	3
737	3
738	1
739	1
740	0
741	0
742	2
743	0
744	2
745	2
746	2
747	0
748	0
749	2
750	3
751	2
752	3
753	2
754	3
755	0
756	1
757	3
758	3
759	2
760	2
761	3
762	2
763	1
764	0
765	1
766	3
767	3
768	0
769	3
770	0
771	2
772	0
773	3
774	3
775	3
776	0
777	2
778	0
779	0
780	2
781	2
782	2
783	2
784	2
785	2
786	3
787	3
788	0
789	0
790	0
791	2
792	3
793	0
794	3
795	1
796	0
797	0
798	3
799	2
800	0
801	3
802	3
803	0
804	3
805	2
806	3
807	1
808	1
809	3
810	3
811	3
812	2
813	0
814	2
815	3
816	3
817	3
818	0
819	2
820	3
821	2
822	2
823	0
824	2
825	2
826	2
827	2
828	3
829	3
830	2
831	1
832	0
833	3
834	2
835	3
836	2
837	3
838	2
839	1
840	3
841	2
842	3
843	3
844	0
845	0
846	2
847	0
848	2
849	0
850	2
851	0
852	0
853	2
854	2
855	3
856	3
857	0
858	3
859	3
860	0
861	1
862	0
863	3
864	1
865	3
866	2
867	2
868	2
869	3
870	0
871	3
872	2
873	2
874	2
875	3
876	0
877	3
878	1
879	3
880	3
881	2
882	0
883	2
884	3
885	3
886	2
887	0
888	0
889	2
890	3
891	3
892	2
893	3
894	2
895	2
896	2
897	2
898	2
899	2
900	3
901	3
902	3
903	2
904	2
905	3
906	2
907	2
908	3
909	2
910	2
911	2
912	3
913	2
914	2
915	2
916	2
917	2
918	2
919	2
920	3
921	2
922	3
923	2
924	2
925	2
926	2
927	3
928	1
929	3
930	2
931	3
932	2
933	3
934	2
935	2
936	2
937	3
938	2
939	3
940	3
941	3
942	2
943	2
944	3
945	0
946	0
947	2
948	2
949	2
950	2
951	3
952	3
953	0
954	2
955	1
956	3
957	0
958	3
959	2
960	3
961	3
962	2
963	0
964	2
965	0
966	2
967	1
968	2
969	0
970	2
971	1
972	2
973	2
974	0
975	2
976	2
977	2
978	0
979	1
980	1
981	2
982	0
983	2
984	0
985	0
986	3
987	0
988	0
989	2
990	0
991	0
992	0
993	3
994	0
995	2
996	3
997	0
998	3
999	3
1000	2
1001	2
1002	3
1003	2
1004	2
1005	0
1006	3
1007	2
1008	2
1009	2
1010	2
1011	2
1012	2
1013	3
1014	2
1015	3
1016	2
1017	0
1018	0
1019	2
1020	3
1021	2
1022	3
1023	2
1024	3
1025	0
1026	1
1027	2
1028	3
1029	0
1030	3
1031	0
1032	2
1033	2
1034	0
1035	2
1036	0
1037	2
1038	2
1039	2
1040	0
1041	1
1042	2
1043	3
1044	2
1045	2
1046	2
1047	0
1048	2
1049	2
1050	3
1051	2
1052	0
1053	1
1054	2
1055	2
1056	3
1057	2
1058	2
1059	2
1060	2
1061	3
1062	0
1063	2
1064	3
1065	2
1066	3
1067	2
1068	2
1069	2
1070	2
1071	0
1072	3
1073	3
1074	0
1075	3
1076	2
1077	3
1078	3
1079	0
1080	2
1081	1
1082	2
1083	2
1084	3
1085	2
1086	3
1087	2
1088	0
1089	1
1090	0
1091	0
1092	0
1093	0
1094	0
1095	2
1096	3
1097	1
1098	0
1099	0
1100	3
1101	3
1102	3
1103	0
1104	3
1105	0
1106	2
1107	3
1108	0
1109	0
1110	2
1111	0
1112	0
1113	3
1114	2
1115	3
1116	2
1117	2
1118	2
1119	0
1120	3
1121	2
1122	3
1123	0
1124	3
1125	0
1126	3
1127	2
1128	2
1129	2
1130	2
1131	0
1132	2
1133	2
1134	2
1135	0
1136	2
1137	3
1138	3
1139	3
1140	3
1141	2
1142	0
1143	0
1144	0
1145	3
1146	3
1147	3
1148	0
1149	3
1150	2
1151	0
1152	2
1153	2
1154	2
1155	3
1156	3
1157	0
1158	3
1159	0
1160	0
1161	0
1162	3
1163	0
1164	2
1165	2
1166	2
1167	2
1168	3
1169	3
1170	3
1171	1
1172	2
1173	2
1174	2
1175	3
1176	1
1177	2
1178	2
1179	2
1180	2
1181	2
1182	3
1183	3
1184	0
1185	2
1186	2
1187	2
1188	2
1189	0
1190	0
1191	0
1192	2
1193	2
1194	2
1195	3
1196	2
1197	0
1198	0
1199	1
1200	2
1201	3
1202	0
1203	0
1204	3
1205	3
1206	3
1207	0
1208	2
1209	0
1210	3
1211	3
1212	2
1213	3
1214	0
1215	2
1216	3
1217	1
1218	2
1219	3
1220	2
1221	3
1222	2
1223	2
1224	2
1225	2
1226	2
1227	2
1228	3
1229	0
1230	2
1231	2
1232	0
1233	2
1234	2
1235	3
1236	0
1237	0
1238	2
1239	3
1240	3
1241	3
1242	2
1243	3
1244	2
1245	2
1246	1
1247	3
1248	0
1249	2
1250	3
1251	3
1252	0
1253	3
1254	0
1255	3
1256	2
1257	0
1258	2
1259	1
1260	0
1261	3
1262	0
1263	3
1264	0
1265	2
1266	0
1267	2
1268	0
1269	1
1270	0
1271	2
1272	0
1273	0
1274	1
1275	2
1276	2
1277	2
1278	3
1279	0
1280	2
1281	1
1282	1
1283	2
1284	3
1285	2
1286	2
1287	3
1288	0
1289	1
1290	3
1291	0
1292	2
1293	2
1294	3
1295	0
1296	0
1297	2
1298	2
1299	0
1300	2
1301	0
1302	3
1303	0
1304	2
1305	0
1306	0
1307	2
1308	0
1309	3
1310	2
1311	3
1312	3
1313	0
1314	0
1315	0
1316	3
1317	0
1318	3
1319	2
1320	3
1321	1
1322	2
1323	3
1324	3
1325	1
1326	3
1327	2
1328	2
1329	3
1330	3
1331	2
1332	3
1333	2
1334	3
1335	3
1336	0
1337	2
1338	1
1339	3
1340	3
1341	2
1342	2
1343	0
1344	2
1345	2
1346	2
1347	3
1348	0
1349	3
1350	2
1351	3
1352	2
1353	2
1354	3
1355	3
1356	1
1357	2
1358	3
1359	2
1360	3
1361	2
1362	1
1363	3
1364	2
1365	2
1366	3
1367	3
1368	3
1369	3
1370	2
1371	3
1372	1
1373	2
1374	1
1375	0
1376	2
1377	0
1378	2
1379	2
1380	2
1381	3
1382	0
1383	2
1384	2
1385	3
1386	2
1387	2
1388	3
1389	0
1390	3
1391	2
1392	2
1393	2
1394	3
1395	2
1396	2
1397	2
1398	2
1399	0
1400	2
1401	0
1402	0
1403	0
1404	0
1405	2
1406	2
1407	3
1408	3
1409	2
1410	3
1411	2
1412	0
1413	2
1414	2
1415	0
1416	2
1417	1
1418	2
1419	3
1420	3
1421	2
1422	3
1423	2
1424	3
1425	3
1426	0
1427	1
1428	2
1429	2
1430	2
1431	3
1432	0
1433	2
1434	3
1435	2
1436	3
1437	3
1438	3
1439	3
1440	2
1441	3
1442	3
1443	2
1444	0
1445	2
1446	3
1447	3
1448	2
1449	0
1450	0
1451	2
1452	3
1453	2
1454	2
1455	0
1456	2
1457	2
1458	2
1459	3
1460	2
1461	0
1462	3
1463	0
1464	0
1465	0
1466	2
1467	2
1468	2
1469	2
1470	3
1471	2
1472	3
1473	2
1474	3
1475	2
1476	2
1477	2
1478	2
1479	0
1480	3
1481	3
1482	2
1483	3
1484	1
1485	3
1486	3
1487	2
1488	0
1489	2
1490	2
1491	0
1492	3
1493	3
1494	2
1495	2
1496	2
1497	0
1498	3
1499	0
1500	0
1501	2
1502	2
1503	2
1504	2
1505	2
1506	3
1507	0
1508	0
1509	2
1510	3
1511	3
1512	2
1513	3
1514	3
1515	2
1516	2
1517	0
1518	2
1519	2
1520	2
1521	1
1522	2
1523	0
1524	0
1525	2
1526	0
1527	0
1528	3
1529	2
1530	2
1531	2
1532	3
1533	3
1534	2
1535	2
1536	2
1537	0
1538	2
1539	2
1540	2
1541	3
1542	2
1543	1
1544	3
1545	2
1546	3
1547	1
1548	0
1549	2
1550	3
1551	0
1552	2
1553	2
1554	2
1555	3
1556	2
1557	3
1558	2
1559	2
1560	2
1561	0
1562	2
1563	0
1564	2
1565	3
1566	3
1567	2
1568	2
1569	2
1570	2
1571	3
1572	3
1573	2
1574	2
1575	3
1576	2
1577	3
1578	3
1579	2
1580	2
1581	2
1582	3
1583	2
1584	3
1585	2
1586	1
1587	2
1588	2
1589	3
1590	3
1591	3
1592	2
1593	2
1594	2
1595	2
1596	0
1597	2
1598	3
1599	0
1600	2
1601	0
1602	2
1603	0
1604	2
1605	2
1606	1
1607	3
1608	3
1609	3
1610	2
1611	2
1612	2
1613	3
1614	2
1615	3
1616	3
1617	3
1618	3
1619	3
1620	0
1621	0
1622	3
1623	3
1624	2
1625	2
1626	2
1627	3
1628	0
1629	2
1630	2
1631	2
1632	3
1633	3
1634	3
1635	2
1636	0
1637	3
1638	2
1639	2
1640	2
1641	2
1642	2
1643	0
1644	3
1645	0
1646	3
1647	3
1648	0
1649	3
1650	2
1651	3
1652	3
1653	2
1654	0
1655	1
1656	2
1657	2
1658	3
1659	2
1660	3
1661	3
1662	2
1663	3
1664	3
1665	2
1666	2
1667	0
1668	1
1669	3
1670	1
1671	2
1672	3
1673	0
1674	3
1675	3
1676	2
1677	2
1678	2
1679	2
1680	3
1681	2
1682	0
1683	3
1684	3
1685	2
1686	3
1687	2
1688	3
1689	3
1690	2
1691	1
1692	3
1693	2
1694	2
1695	2
1696	3
1697	0
1698	1
1699	0
1700	2
1701	0
1702	0
1703	0
1704	2
1705	3
1706	0
1707	2
1708	3
1709	2
1710	2
1711	3
1712	1
1713	2
1714	3
1715	3
1716	3
1717	0
1718	2
1719	2
1720	3
1721	2
1722	0
1723	0
1724	2
1725	2
1726	3
1727	0
1728	2
1729	2
1730	3
1731	0
1732	0
1733	3
1734	2
1735	3
1736	3
1737	0
1738	2
1739	3
1740	3
1741	3
1742	2
1743	0
1744	3
1745	2
1746	2
1747	2
1748	2
1749	0
1750	3
1751	0
1752	3
1753	2
1754	2
1755	0
1756	2
1757	3
1758	2
1759	1
1760	3
1761	3
1762	0
1763	2
1764	3
1765	2
1766	2
1767	3
1768	2
1769	3
1770	0
1771	0
1772	2
1773	0
1774	3
1775	2
1776	3
1777	0
1778	1
1779	0
1780	0
1781	2
1782	2
1783	3
1784	3
1785	0
1786	2
1787	0
1788	2
1789	0
1790	2
1791	0
1792	0
1793	2
1794	0
1795	2
1796	0
1797	2
1798	2
1799	2
1800	3
1801	2
1802	0
1803	0
1804	2
1805	0
1806	1
1807	0
1808	2
1809	2
1810	2
1811	2
1812	0
1813	0
1814	3
1815	3
1816	2
1817	0
1818	3
1819	1
1820	3
1821	2
1822	1
1823	3
1824	2
1825	3
1826	3
1827	2
1828	2
1829	2
1830	2
1831	2
1832	2
1833	3
1834	2
1835	0
1836	2
1837	0
1838	2
1839	2
1840	2
1841	3
1842	0
1843	2
1844	2
1845	3
1846	3
1847	2
1848	2
1849	3
1850	2
1851	3
1852	2
1853	3
1854	2
1855	2
1856	2
1857	3
1858	3
1859	0
1860	0
1861	3
1862	2
1863	3
1864	3
1865	2
1866	2
1867	3
1868	0
1869	1
1870	2
1871	0
1872	3
1873	2
1874	2
1875	2
1876	2
1877	2
1878	2
1879	3
1880	2
1881	2
1882	2
1883	2
1884	0
1885	2
1886	2
1887	2
1888	0
1889	3
1890	2
1891	2
1892	2
1893	2
1894	0
1895	3
1896	3
1897	3
1898	2
1899	2
1900	0
1901	2
1902	3
1903	2
1904	0
1905	2
1906	3
1907	2
1908	2
1909	3
1910	2
1911	3
1912	3
1913	0
1914	2
1915	0
1916	1
1917	2
1918	1
1919	3
1920	2
1921	2
1922	3
1923	3
1924	0
1925	3
1926	2
1927	3
1928	2
1929	2
1930	2
1931	3
1932	3
1933	2
1934	3
1935	2
1936	2
1937	3
1938	2
1939	2
1940	2
1941	3
1942	3
1943	3
1944	2
1945	2
1946	2
1947	2
1948	2
1949	1
1950	2
1951	3
1952	0
1953	2
1954	3
1955	3
1956	2
1957	2
1958	3
1959	2
1960	3
1961	2
1962	2
1963	0
1964	2
1965	2
1966	3
1967	0
1968	1
1969	2
1970	2
1971	2
1972	3
1973	1
1974	2
1975	2
1976	0
1977	2
1978	2
1979	2
1980	2
1981	0
1982	3
1983	0
1984	2
1985	2
1986	3
1987	3
1988	2
1989	2
1990	2
1991	0
1992	2
1993	3
1994	0
1995	3
1996	3
1997	0
1998	2
1999	2
2000	3
2001	1
2002	2
2003	2
2004	2
2005	2
2006	0
2007	3
2008	0
2009	2
2010	3
2011	0
2012	2
2013	2
2014	1
2015	3
2016	2
2017	2
2018	3
2019	0
2020	3
2021	3
2022	2
2023	2
2024	2
2025	0
2026	3
2027	0
2028	2
2029	1
2030	2
2031	0
2032	3
2033	3
2034	3
2035	0
2036	3
2037	2
2038	0
2039	1
2040	3
2041	0
2042	2
2043	2
2044	3
2045	3
2046	3
2047	3
