COMMAND
./sim gshare 11 5 ./proj2-traces/perl_trace.txt
OUTPUT
number of predictions:2000000
number of mispredictions:180960
misprediction rate:   9.05%
FINAL GSHARE CONTENTS
0	3
1	3
2	3
3	0
4	3
5	3
6	3
7	0
8	2
9	0
10	0
11	2
12	0
13	0
14	0
15	3
16	0
17	3
18	1
19	0
20	3
21	0
22	0
23	0
24	3
25	2
26	1
27	3
28	0
29	3
30	1
31	1
32	1
33	1
34	0
35	0
36	3
37	0
38	3
39	0
40	2
41	3
42	3
43	0
44	0
45	0
46	0
47	3
48	2
49	2
50	2
51	0
52	0
53	0
54	3
55	0
56	3
57	3
58	0
59	0
60	0
61	3
62	3
63	0
64	1
65	3
66	2
67	3
68	3
69	3
70	1
71	0
72	1
73	3
74	0
75	3
76	2
77	0
78	3
79	3
80	0
81	3
82	0
83	1
84	3
85	3
86	3
87	2
88	3
89	2
90	2
91	3
92	1
93	3
94	1
95	3
96	2
97	0
98	0
99	1
100	3
101	1
102	3
103	0
104	1
105	2
106	3
107	1
108	2
109	0
110	3
111	3
112	2
113	0
114	3
115	1
116	3
117	0
118	2
119	3
120	0
121	0
122	2
123	3
124	3
125	0
126	0
127	3
128	2
129	3
130	3
131	1
132	2
133	2
134	0
135	0
136	0
137	3
138	0
139	3
140	3
141	0
142	0
143	0
144	0
145	3
146	1
147	1
148	0
149	0
150	3
151	0
152	0
153	3
154	1
155	0
156	2
157	3
158	2
159	3
160	0
161	1
162	3
163	3
164	1
165	3
166	0
167	3
168	3
169	0
170	3
171	3
172	0
173	1
174	3
175	2
176	2
177	3
178	0
179	3
180	3
181	3
182	1
183	0
184	0
185	3
186	3
187	3
188	3
189	3
190	3
191	3
192	2
193	3
194	2
195	1
196	3
197	3
198	0
199	3
200	3
201	1
202	0
203	3
204	2
205	0
206	0
207	3
208	0
209	3
210	0
211	0
212	2
213	0
214	3
215	2
216	3
217	3
218	2
219	0
220	2
221	3
222	1
223	3
224	0
225	0
226	0
227	3
228	3
229	3
230	3
231	1
232	3
233	0
234	3
235	3
236	2
237	0
238	0
239	1
240	3
241	3
242	3
243	2
244	3
245	1
246	1
247	2
248	0
249	1
250	0
251	3
252	3
253	0
254	1
255	3
256	1
257	0
258	0
259	3
260	2
261	3
262	0
263	3
264	0
265	3
266	0
267	2
268	3
269	0
270	0
271	0
272	3
273	0
274	0
275	0
276	3
277	0
278	2
279	0
280	0
281	0
282	0
283	0
284	3
285	2
286	0
287	0
288	3
289	3
290	0
291	3
292	3
293	3
294	3
295	3
296	0
297	3
298	3
299	2
300	1
301	2
302	3
303	3
304	3
305	3
306	0
307	0
308	3
309	1
310	3
311	0
312	3
313	2
314	3
315	0
316	3
317	3
318	1
319	3
320	2
321	0
322	1
323	0
324	3
325	3
326	2
327	3
328	3
329	3
330	0
331	3
332	1
333	3
334	3
335	3
336	2
337	0
338	2
339	3
340	3
341	0
342	3
343	0
344	3
345	3
346	3
347	3
348	0
349	2
350	0
351	3
352	3
353	3
354	0
355	3
356	3
357	3
358	3
359	3
360	2
361	0
362	3
363	3
364	2
365	3
366	3
367	2
368	3
369	3
370	0
371	3
372	2
373	3
374	2
375	0
376	2
377	2
378	3
379	3
380	0
381	3
382	0
383	1
384	1
385	3
386	2
387	0
388	3
389	3
390	0
391	0
392	3
393	3
394	2
395	2
396	3
397	3
398	3
399	0
400	3
401	3
402	0
403	3
404	3
405	0
406	0
407	0
408	3
409	0
410	1
411	0
412	0
413	1
414	3
415	2
416	0
417	1
418	0
419	3
420	3
421	3
422	2
423	0
424	0
425	0
426	0
427	3
428	3
429	1
430	3
431	3
432	3
433	3
434	0
435	0
436	3
437	0
438	1
439	3
440	0
441	3
442	2
443	2
444	0
445	3
446	2
447	3
448	1
449	0
450	0
451	0
452	3
453	3
454	2
455	3
456	0
457	2
458	0
459	1
460	1
461	0
462	0
463	2
464	3
465	2
466	2
467	3
468	2
469	0
470	0
471	0
472	0
473	1
474	0
475	3
476	2
477	3
478	3
479	3
480	3
481	3
482	2
483	3
484	3
485	0
486	3
487	3
488	0
489	0
490	3
491	0
492	2
493	1
494	0
495	0
496	3
497	1
498	0
499	3
500	2
501	0
502	0
503	1
504	3
505	1
506	3
507	1
508	0
509	2
510	3
511	1
512	2
513	3
514	0
515	3
516	0
517	3
518	0
519	0
520	3
521	3
522	0
523	2
524	1
525	3
526	3
527	1
528	0
529	3
530	3
531	3
532	3
533	0
534	3
535	0
536	0
537	0
538	0
539	0
540	3
541	2
542	2
543	2
544	0
545	3
546	0
547	2
548	2
549	3
550	3
551	3
552	3
553	0
554	0
555	0
556	3
557	0
558	0
559	3
560	0
561	2
562	0
563	0
564	3
565	0
566	3
567	2
568	2
569	3
570	1
571	0
572	0
573	1
574	3
575	0
576	2
577	3
578	0
579	3
580	3
581	3
582	3
583	0
584	3
585	3
586	0
587	3
588	1
589	0
590	0
591	1
592	0
593	3
594	3
595	0
596	2
597	0
598	0
599	1
600	3
601	0
602	2
603	1
604	2
605	3
606	2
607	1
608	0
609	3
610	0
611	3
612	3
613	3
614	0
615	1
616	1
617	0
618	3
619	2
620	1
621	2
622	3
623	0
624	3
625	3
626	1
627	3
628	3
629	0
630	0
631	3
632	3
633	0
634	0
635	1
636	3
637	3
638	2
639	2
640	3
641	1
642	0
643	0
644	3
645	2
646	0
647	3
648	2
649	3
650	3
651	1
652	3
653	1
654	0
655	3
656	3
657	0
658	3
659	2
660	1
661	3
662	3
663	3
664	1
665	3
666	1
667	2
668	1
669	3
670	0
671	1
672	1
673	3
674	0
675	3
676	3
677	2
678	3
679	2
680	3
681	2
682	3
683	2
684	0
685	3
686	3
687	1
688	3
689	3
690	3
691	2
692	3
693	0
694	3
695	1
696	0
697	2
698	3
699	0
700	0
701	2
702	3
703	2
704	3
705	0
706	0
707	0
708	3
709	2
710	1
711	3
712	3
713	3
714	0
715	0
716	3
717	2
718	0
719	3
720	0
721	0
722	3
723	0
724	1
725	0
726	3
727	2
728	3
729	3
730	2
731	0
732	3
733	0
734	0
735	0
736	0
737	3
738	0
739	3
740	1
741	0
742	2
743	1
744	3
745	0
746	0
747	3
748	3
749	2
750	3
751	3
752	1
753	3
754	3
755	3
756	3
757	0
758	3
759	3
760	3
761	3
762	3
763	0
764	0
765	0
766	2
767	0
768	0
769	2
770	0
771	0
772	2
773	1
774	3
775	3
776	0
777	3
778	0
779	2
780	1
781	0
782	0
783	0
784	2
785	2
786	3
787	0
788	0
789	3
790	1
791	0
792	3
793	2
794	0
795	2
796	3
797	3
798	2
799	3
800	0
801	3
802	0
803	2
804	0
805	0
806	0
807	2
808	2
809	3
810	0
811	0
812	2
813	0
814	3
815	3
816	2
817	1
818	0
819	3
820	1
821	2
822	1
823	1
824	3
825	0
826	3
827	0
828	0
829	0
830	3
831	0
832	3
833	0
834	0
835	3
836	3
837	3
838	0
839	3
840	3
841	3
842	3
843	0
844	3
845	2
846	1
847	2
848	3
849	3
850	3
851	0
852	3
853	0
854	3
855	0
856	0
857	3
858	2
859	3
860	3
861	3
862	2
863	2
864	2
865	3
866	0
867	3
868	2
869	0
870	0
871	1
872	2
873	2
874	3
875	0
876	3
877	2
878	3
879	2
880	3
881	2
882	0
883	0
884	3
885	2
886	3
887	1
888	0
889	3
890	1
891	3
892	2
893	3
894	3
895	0
896	3
897	0
898	0
899	2
900	3
901	3
902	0
903	3
904	0
905	3
906	2
907	2
908	2
909	0
910	0
911	3
912	3
913	3
914	3
915	0
916	2
917	0
918	3
919	0
920	3
921	2
922	1
923	0
924	3
925	3
926	0
927	1
928	3
929	3
930	2
931	0
932	1
933	0
934	1
935	0
936	3
937	0
938	3
939	0
940	3
941	2
942	3
943	3
944	3
945	2
946	0
947	3
948	3
949	0
950	3
951	3
952	3
953	3
954	2
955	2
956	3
957	2
958	2
959	0
960	0
961	0
962	0
963	2
964	3
965	3
966	0
967	0
968	1
969	3
970	1
971	2
972	3
973	0
974	3
975	2
976	0
977	2
978	2
979	0
980	0
981	1
982	0
983	0
984	2
985	0
986	0
987	1
988	1
989	3
990	3
991	3
992	0
993	3
994	0
995	3
996	3
997	2
998	0
999	3
1000	1
1001	2
1002	3
1003	3
1004	1
1005	2
1006	0
1007	0
1008	1
1009	2
1010	0
1011	2
1012	2
1013	0
1014	3
1015	3
1016	2
1017	3
1018	3
1019	3
1020	0
1021	1
1022	3
1023	0
1024	0
1025	2
1026	3
1027	3
1028	3
1029	2
1030	2
1031	3
1032	1
1033	3
1034	3
1035	3
1036	3
1037	0
1038	2
1039	0
1040	1
1041	0
1042	3
1043	0
1044	2
1045	1
1046	1
1047	3
1048	3
1049	1
1050	3
1051	3
1052	1
1053	0
1054	0
1055	3
1056	3
1057	0
1058	0
1059	3
1060	2
1061	3
1062	3
1063	3
1064	3
1065	3
1066	3
1067	0
1068	0
1069	3
1070	0
1071	2
1072	3
1073	0
1074	0
1075	0
1076	3
1077	0
1078	2
1079	2
1080	2
1081	2
1082	2
1083	3
1084	0
1085	0
1086	3
1087	0
1088	3
1089	0
1090	0
1091	0
1092	3
1093	0
1094	3
1095	0
1096	3
1097	0
1098	0
1099	3
1100	1
1101	0
1102	2
1103	0
1104	2
1105	3
1106	3
1107	0
1108	3
1109	2
1110	2
1111	3
1112	3
1113	1
1114	3
1115	0
1116	3
1117	0
1118	2
1119	0
1120	3
1121	3
1122	0
1123	3
1124	0
1125	0
1126	0
1127	3
1128	3
1129	1
1130	3
1131	0
1132	3
1133	1
1134	0
1135	3
1136	3
1137	1
1138	0
1139	0
1140	3
1141	0
1142	2
1143	0
1144	2
1145	2
1146	3
1147	1
1148	3
1149	2
1150	3
1151	0
1152	3
1153	0
1154	3
1155	0
1156	2
1157	0
1158	2
1159	3
1160	0
1161	3
1162	3
1163	0
1164	1
1165	0
1166	2
1167	3
1168	0
1169	3
1170	3
1171	0
1172	3
1173	0
1174	3
1175	3
1176	3
1177	1
1178	2
1179	0
1180	3
1181	1
1182	0
1183	3
1184	0
1185	0
1186	1
1187	3
1188	3
1189	0
1190	3
1191	0
1192	1
1193	0
1194	3
1195	2
1196	0
1197	0
1198	0
1199	2
1200	3
1201	3
1202	0
1203	3
1204	3
1205	3
1206	3
1207	0
1208	2
1209	3
1210	2
1211	3
1212	3
1213	3
1214	2
1215	0
1216	3
1217	0
1218	2
1219	0
1220	3
1221	0
1222	3
1223	3
1224	0
1225	3
1226	3
1227	3
1228	0
1229	1
1230	2
1231	0
1232	3
1233	0
1234	2
1235	2
1236	3
1237	3
1238	3
1239	3
1240	0
1241	3
1242	3
1243	0
1244	2
1245	0
1246	0
1247	3
1248	1
1249	3
1250	3
1251	2
1252	2
1253	0
1254	2
1255	2
1256	0
1257	3
1258	3
1259	0
1260	3
1261	1
1262	2
1263	3
1264	3
1265	3
1266	0
1267	3
1268	0
1269	2
1270	0
1271	0
1272	3
1273	2
1274	2
1275	3
1276	0
1277	3
1278	2
1279	0
1280	0
1281	0
1282	1
1283	0
1284	3
1285	0
1286	3
1287	0
1288	1
1289	3
1290	3
1291	2
1292	3
1293	0
1294	3
1295	1
1296	3
1297	3
1298	1
1299	0
1300	3
1301	3
1302	3
1303	3
1304	3
1305	3
1306	0
1307	1
1308	1
1309	3
1310	0
1311	3
1312	3
1313	0
1314	0
1315	1
1316	2
1317	0
1318	0
1319	2
1320	0
1321	0
1322	3
1323	3
1324	0
1325	0
1326	0
1327	3
1328	3
1329	2
1330	0
1331	0
1332	1
1333	0
1334	0
1335	1
1336	3
1337	0
1338	1
1339	1
1340	3
1341	0
1342	3
1343	0
1344	0
1345	3
1346	2
1347	3
1348	3
1349	2
1350	2
1351	2
1352	3
1353	2
1354	1
1355	3
1356	2
1357	0
1358	2
1359	0
1360	3
1361	3
1362	2
1363	3
1364	2
1365	0
1366	3
1367	2
1368	1
1369	3
1370	2
1371	3
1372	2
1373	3
1374	1
1375	2
1376	3
1377	1
1378	3
1379	2
1380	2
1381	3
1382	3
1383	0
1384	0
1385	0
1386	3
1387	2
1388	2
1389	3
1390	0
1391	3
1392	3
1393	2
1394	3
1395	3
1396	3
1397	2
1398	3
1399	0
1400	3
1401	2
1402	3
1403	3
1404	3
1405	1
1406	3
1407	0
1408	0
1409	3
1410	1
1411	3
1412	3
1413	3
1414	1
1415	3
1416	3
1417	3
1418	3
1419	3
1420	3
1421	0
1422	0
1423	3
1424	0
1425	0
1426	2
1427	0
1428	3
1429	1
1430	0
1431	2
1432	2
1433	0
1434	3
1435	0
1436	2
1437	0
1438	0
1439	3
1440	3
1441	0
1442	2
1443	2
1444	3
1445	0
1446	2
1447	3
1448	2
1449	3
1450	2
1451	3
1452	0
1453	2
1454	0
1455	3
1456	3
1457	3
1458	1
1459	0
1460	1
1461	3
1462	3
1463	0
1464	3
1465	3
1466	2
1467	1
1468	3
1469	0
1470	3
1471	0
1472	2
1473	3
1474	3
1475	1
1476	2
1477	2
1478	3
1479	0
1480	0
1481	3
1482	3
1483	0
1484	3
1485	2
1486	0
1487	0
1488	3
1489	2
1490	3
1491	1
1492	3
1493	0
1494	0
1495	3
1496	3
1497	3
1498	0
1499	0
1500	0
1501	3
1502	0
1503	3
1504	0
1505	1
1506	0
1507	3
1508	3
1509	0
1510	3
1511	3
1512	2
1513	3
1514	1
1515	2
1516	3
1517	3
1518	3
1519	0
1520	3
1521	3
1522	2
1523	0
1524	3
1525	0
1526	1
1527	2
1528	0
1529	3
1530	2
1531	0
1532	0
1533	3
1534	3
1535	0
1536	1
1537	0
1538	0
1539	1
1540	3
1541	0
1542	0
1543	3
1544	0
1545	2
1546	0
1547	3
1548	3
1549	3
1550	3
1551	3
1552	3
1553	0
1554	0
1555	0
1556	3
1557	0
1558	3
1559	2
1560	3
1561	0
1562	3
1563	0
1564	2
1565	0
1566	2
1567	3
1568	0
1569	3
1570	0
1571	2
1572	1
1573	0
1574	3
1575	0
1576	3
1577	2
1578	3
1579	0
1580	0
1581	0
1582	3
1583	2
1584	3
1585	0
1586	2
1587	3
1588	0
1589	1
1590	0
1591	2
1592	3
1593	3
1594	1
1595	3
1596	3
1597	2
1598	3
1599	0
1600	1
1601	0
1602	0
1603	2
1604	2
1605	0
1606	0
1607	2
1608	2
1609	1
1610	0
1611	1
1612	0
1613	0
1614	3
1615	3
1616	3
1617	1
1618	3
1619	0
1620	3
1621	0
1622	2
1623	0
1624	3
1625	0
1626	3
1627	0
1628	1
1629	0
1630	0
1631	3
1632	0
1633	3
1634	0
1635	2
1636	2
1637	0
1638	1
1639	3
1640	2
1641	3
1642	3
1643	0
1644	0
1645	0
1646	0
1647	1
1648	3
1649	0
1650	3
1651	0
1652	0
1653	3
1654	3
1655	0
1656	0
1657	1
1658	1
1659	0
1660	3
1661	3
1662	3
1663	0
1664	1
1665	0
1666	0
1667	0
1668	2
1669	0
1670	2
1671	3
1672	2
1673	0
1674	0
1675	3
1676	1
1677	0
1678	1
1679	3
1680	3
1681	0
1682	2
1683	2
1684	3
1685	2
1686	3
1687	3
1688	2
1689	0
1690	0
1691	2
1692	2
1693	3
1694	3
1695	3
1696	2
1697	3
1698	0
1699	3
1700	0
1701	1
1702	2
1703	3
1704	0
1705	1
1706	0
1707	0
1708	0
1709	3
1710	0
1711	3
1712	0
1713	3
1714	1
1715	3
1716	3
1717	2
1718	3
1719	0
1720	2
1721	0
1722	3
1723	3
1724	0
1725	3
1726	0
1727	0
1728	3
1729	0
1730	1
1731	3
1732	2
1733	0
1734	2
1735	3
1736	2
1737	3
1738	0
1739	3
1740	3
1741	0
1742	0
1743	3
1744	3
1745	3
1746	0
1747	2
1748	3
1749	3
1750	3
1751	3
1752	0
1753	0
1754	3
1755	2
1756	3
1757	3
1758	0
1759	1
1760	1
1761	0
1762	3
1763	3
1764	2
1765	0
1766	3
1767	2
1768	1
1769	3
1770	3
1771	3
1772	0
1773	2
1774	3
1775	3
1776	0
1777	1
1778	3
1779	3
1780	2
1781	0
1782	0
1783	2
1784	2
1785	0
1786	3
1787	0
1788	0
1789	1
1790	3
1791	0
1792	3
1793	0
1794	3
1795	0
1796	0
1797	0
1798	3
1799	3
1800	3
1801	3
1802	3
1803	3
1804	3
1805	0
1806	0
1807	3
1808	3
1809	0
1810	0
1811	3
1812	2
1813	0
1814	2
1815	3
1816	3
1817	0
1818	0
1819	1
1820	2
1821	1
1822	0
1823	1
1824	0
1825	3
1826	1
1827	3
1828	3
1829	0
1830	2
1831	3
1832	1
1833	3
1834	3
1835	2
1836	3
1837	0
1838	2
1839	3
1840	2
1841	0
1842	0
1843	0
1844	0
1845	2
1846	3
1847	3
1848	3
1849	0
1850	3
1851	3
1852	3
1853	3
1854	3
1855	0
1856	3
1857	0
1858	1
1859	0
1860	2
1861	0
1862	2
1863	3
1864	1
1865	2
1866	0
1867	2
1868	3
1869	3
1870	2
1871	2
1872	3
1873	0
1874	3
1875	2
1876	3
1877	0
1878	2
1879	0
1880	3
1881	0
1882	0
1883	0
1884	2
1885	1
1886	0
1887	2
1888	1
1889	3
1890	0
1891	0
1892	3
1893	2
1894	3
1895	0
1896	2
1897	2
1898	2
1899	0
1900	3
1901	0
1902	3
1903	0
1904	1
1905	3
1906	0
1907	3
1908	2
1909	3
1910	1
1911	3
1912	2
1913	0
1914	3
1915	3
1916	0
1917	3
1918	3
1919	0
1920	3
1921	0
1922	3
1923	0
1924	2
1925	0
1926	2
1927	1
1928	2
1929	3
1930	3
1931	1
1932	0
1933	0
1934	0
1935	3
1936	3
1937	3
1938	3
1939	0
1940	0
1941	3
1942	2
1943	3
1944	2
1945	0
1946	0
1947	0
1948	3
1949	3
1950	3
1951	3
1952	0
1953	3
1954	0
1955	3
1956	3
1957	0
1958	3
1959	2
1960	2
1961	3
1962	3
1963	0
1964	0
1965	0
1966	0
1967	3
1968	3
1969	1
1970	3
1971	0
1972	0
1973	0
1974	3
1975	0
1976	3
1977	0
1978	3
1979	3
1980	2
1981	1
1982	3
1983	0
1984	3
1985	0
1986	3
1987	1
1988	2
1989	3
1990	2
1991	0
1992	1
1993	1
1994	0
1995	1
1996	3
1997	0
1998	0
1999	3
2000	2
2001	1
2002	2
2003	3
2004	2
2005	0
2006	2
2007	0
2008	2
2009	0
2010	0
2011	2
2012	2
2013	2
2014	3
2015	3
2016	1
2017	3
2018	0
2019	3
2020	2
2021	0
2022	2
2023	1
2024	3
2025	3
2026	3
2027	0
2028	3
2029	0
2030	2
2031	3
2032	3
2033	0
2034	2
2035	3
2036	3
2037	0
2038	0
2039	0
2040	3
2041	1
2042	0
2043	3
2044	0
2045	0
2046	2
2047	0
