COMMAND
./sim gshare 13 6 ./proj2-traces/gcc_trace.txt
OUTPUT
number of predictions:2000000
number of mispredictions:211873
misprediction rate:   10.59%
FINAL GSHARE CONTENTS
0	3
1	3
2	3
3	3
4	3
5	2
6	3
7	0
8	3
9	3
10	3
11	1
12	3
13	3
14	2
15	3
16	1
17	0
18	3
19	0
20	3
21	3
22	3
23	2
24	1
25	3
26	3
27	0
28	0
29	0
30	3
31	2
32	0
33	3
34	1
35	3
36	0
37	0
38	0
39	0
40	3
41	3
42	0
43	3
44	3
45	0
46	0
47	0
48	3
49	3
50	3
51	3
52	0
53	0
54	0
55	3
56	1
57	3
58	3
59	3
60	3
61	3
62	3
63	0
64	0
65	3
66	3
67	3
68	0
69	3
70	0
71	0
72	0
73	0
74	0
75	3
76	0
77	0
78	3
79	3
80	0
81	0
82	0
83	0
84	3
85	3
86	1
87	2
88	3
89	0
90	0
91	0
92	3
93	3
94	2
95	3
96	0
97	2
98	0
99	3
100	3
101	3
102	3
103	3
104	0
105	0
106	0
107	3
108	0
109	3
110	0
111	0
112	2
113	0
114	3
115	3
116	2
117	3
118	3
119	0
120	0
121	0
122	3
123	0
124	0
125	3
126	3
127	1
128	0
129	0
130	0
131	0
132	0
133	3
134	0
135	0
136	3
137	0
138	3
139	0
140	1
141	3
142	0
143	0
144	3
145	1
146	3
147	3
148	3
149	3
150	3
151	3
152	0
153	0
154	0
155	0
156	2
157	3
158	2
159	0
160	3
161	1
162	1
163	3
164	0
165	0
166	3
167	0
168	3
169	2
170	0
171	0
172	3
173	0
174	0
175	3
176	3
177	0
178	1
179	3
180	2
181	3
182	1
183	0
184	0
185	2
186	3
187	0
188	3
189	3
190	3
191	0
192	0
193	1
194	2
195	0
196	0
197	0
198	0
199	2
200	0
201	0
202	2
203	3
204	0
205	2
206	3
207	1
208	0
209	0
210	0
211	0
212	0
213	3
214	0
215	0
216	3
217	3
218	3
219	0
220	3
221	3
222	2
223	3
224	3
225	3
226	0
227	0
228	2
229	3
230	0
231	2
232	0
233	3
234	0
235	3
236	2
237	3
238	0
239	0
240	0
241	0
242	3
243	0
244	3
245	0
246	3
247	0
248	0
249	3
250	3
251	0
252	3
253	0
254	3
255	3
256	3
257	3
258	2
259	0
260	3
261	0
262	3
263	3
264	1
265	0
266	0
267	0
268	3
269	0
270	3
271	3
272	0
273	3
274	1
275	1
276	0
277	3
278	0
279	0
280	0
281	1
282	0
283	3
284	3
285	3
286	0
287	0
288	0
289	3
290	3
291	3
292	0
293	3
294	0
295	0
296	0
297	0
298	0
299	0
300	3
301	3
302	3
303	0
304	3
305	3
306	3
307	0
308	0
309	3
310	1
311	3
312	0
313	3
314	0
315	3
316	3
317	0
318	3
319	3
320	3
321	3
322	3
323	0
324	0
325	0
326	3
327	3
328	3
329	3
330	0
331	0
332	3
333	3
334	3
335	0
336	2
337	3
338	3
339	0
340	1
341	3
342	3
343	0
344	3
345	0
346	3
347	0
348	0
349	3
350	3
351	3
352	0
353	2
354	3
355	0
356	1
357	3
358	0
359	1
360	0
361	1
362	3
363	3
364	2
365	3
366	3
367	0
368	3
369	3
370	3
371	2
372	0
373	0
374	0
375	0
376	3
377	3
378	0
379	0
380	3
381	0
382	1
383	1
384	3
385	3
386	3
387	0
388	3
389	3
390	1
391	0
392	3
393	3
394	2
395	0
396	3
397	3
398	3
399	3
400	3
401	3
402	3
403	0
404	3
405	1
406	0
407	3
408	2
409	0
410	3
411	0
412	0
413	2
414	2
415	0
416	3
417	3
418	0
419	0
420	0
421	0
422	3
423	3
424	0
425	2
426	0
427	3
428	0
429	0
430	3
431	3
432	0
433	3
434	3
435	2
436	2
437	3
438	0
439	3
440	0
441	2
442	0
443	3
444	3
445	3
446	3
447	3
448	2
449	3
450	3
451	3
452	0
453	3
454	0
455	3
456	0
457	0
458	3
459	3
460	3
461	3
462	3
463	2
464	3
465	3
466	0
467	0
468	2
469	3
470	3
471	0
472	3
473	0
474	3
475	0
476	0
477	0
478	0
479	3
480	2
481	0
482	0
483	3
484	0
485	1
486	0
487	3
488	0
489	0
490	3
491	3
492	3
493	3
494	3
495	3
496	0
497	1
498	2
499	0
500	0
501	0
502	3
503	0
504	3
505	0
506	3
507	3
508	3
509	3
510	3
511	3
512	3
513	1
514	3
515	3
516	1
517	2
518	0
519	0
520	0
521	0
522	3
523	0
524	3
525	3
526	0
527	2
528	0
529	3
530	3
531	0
532	1
533	3
534	0
535	3
536	3
537	1
538	3
539	3
540	1
541	0
542	3
543	0
544	3
545	0
546	3
547	3
548	0
549	3
550	3
551	3
552	0
553	3
554	3
555	2
556	3
557	0
558	0
559	0
560	0
561	3
562	0
563	3
564	0
565	0
566	2
567	3
568	3
569	0
570	0
571	2
572	1
573	3
574	3
575	0
576	0
577	0
578	3
579	0
580	0
581	0
582	3
583	2
584	0
585	3
586	2
587	0
588	3
589	3
590	3
591	0
592	3
593	3
594	0
595	0
596	3
597	3
598	0
599	3
600	2
601	3
602	3
603	0
604	3
605	1
606	3
607	3
608	3
609	2
610	0
611	0
612	0
613	2
614	3
615	0
616	0
617	0
618	0
619	3
620	3
621	0
622	1
623	0
624	2
625	3
626	0
627	0
628	3
629	2
630	2
631	3
632	2
633	0
634	0
635	2
636	0
637	1
638	0
639	3
640	3
641	0
642	0
643	0
644	2
645	0
646	0
647	3
648	3
649	1
650	3
651	1
652	0
653	2
654	0
655	2
656	0
657	3
658	0
659	3
660	2
661	3
662	0
663	3
664	1
665	0
666	3
667	3
668	0
669	3
670	2
671	0
672	0
673	1
674	3
675	0
676	2
677	3
678	0
679	0
680	3
681	0
682	3
683	3
684	2
685	0
686	2
687	0
688	3
689	3
690	0
691	3
692	2
693	3
694	0
695	1
696	3
697	0
698	0
699	0
700	3
701	2
702	3
703	3
704	0
705	0
706	3
707	0
708	0
709	3
710	3
711	3
712	0
713	0
714	3
715	3
716	0
717	3
718	0
719	1
720	3
721	3
722	3
723	0
724	3
725	3
726	0
727	0
728	3
729	0
730	3
731	3
732	3
733	3
734	0
735	3
736	0
737	0
738	0
739	0
740	3
741	1
742	0
743	0
744	0
745	2
746	3
747	3
748	3
749	2
750	3
751	3
752	3
753	3
754	0
755	0
756	3
757	3
758	2
759	0
760	3
761	3
762	0
763	3
764	0
765	3
766	0
767	0
768	3
769	2
770	3
771	3
772	3
773	3
774	0
775	0
776	0
777	3
778	1
779	0
780	3
781	3
782	2
783	0
784	3
785	2
786	0
787	3
788	0
789	3
790	3
791	1
792	3
793	0
794	0
795	0
796	0
797	0
798	3
799	0
800	1
801	0
802	2
803	1
804	0
805	2
806	0
807	1
808	0
809	0
810	0
811	0
812	3
813	2
814	3
815	3
816	0
817	2
818	3
819	0
820	0
821	3
822	2
823	0
824	2
825	0
826	0
827	0
828	0
829	3
830	1
831	0
832	0
833	3
834	0
835	0
836	1
837	3
838	0
839	0
840	3
841	3
842	3
843	0
844	0
845	3
846	3
847	0
848	0
849	3
850	0
851	0
852	2
853	3
854	1
855	3
856	0
857	0
858	3
859	0
860	3
861	3
862	0
863	0
864	3
865	0
866	0
867	0
868	0
869	3
870	0
871	2
872	0
873	2
874	0
875	3
876	2
877	3
878	3
879	1
880	3
881	3
882	3
883	3
884	0
885	0
886	0
887	0
888	3
889	0
890	0
891	3
892	3
893	0
894	1
895	1
896	0
897	3
898	3
899	3
900	3
901	0
902	3
903	3
904	2
905	3
906	3
907	3
908	0
909	3
910	0
911	3
912	3
913	3
914	0
915	0
916	3
917	3
918	3
919	0
920	3
921	0
922	0
923	3
924	3
925	0
926	3
927	3
928	0
929	3
930	3
931	0
932	0
933	0
934	0
935	3
936	3
937	3
938	0
939	3
940	2
941	0
942	3
943	0
944	0
945	3
946	2
947	0
948	3
949	3
950	3
951	0
952	2
953	0
954	3
955	0
956	3
957	1
958	3
959	0
960	0
961	1
962	0
963	2
964	0
965	0
966	3
967	0
968	0
969	3
970	3
971	3
972	0
973	3
974	0
975	0
976	0
977	1
978	0
979	0
980	0
981	1
982	0
983	3
984	0
985	3
986	3
987	0
988	3
989	3
990	0
991	3
992	0
993	0
994	2
995	3
996	0
997	3
998	0
999	3
1000	0
1001	0
1002	3
1003	3
1004	0
1005	3
1006	0
1007	3
1008	3
1009	3
1010	0
1011	3
1012	0
1013	0
1014	0
1015	3
1016	0
1017	2
1018	3
1019	3
1020	3
1021	0
1022	1
1023	0
1024	3
1025	3
1026	3
1027	1
1028	3
1029	0
1030	2
1031	0
1032	2
1033	2
1034	3
1035	3
1036	0
1037	0
1038	3
1039	3
1040	0
1041	1
1042	0
1043	3
1044	2
1045	3
1046	0
1047	0
1048	0
1049	3
1050	0
1051	0
1052	3
1053	3
1054	0
1055	3
1056	3
1057	0
1058	3
1059	3
1060	0
1061	3
1062	0
1063	1
1064	3
1065	2
1066	0
1067	0
1068	2
1069	0
1070	2
1071	0
1072	0
1073	0
1074	1
1075	3
1076	1
1077	0
1078	3
1079	0
1080	0
1081	3
1082	3
1083	0
1084	3
1085	3
1086	3
1087	3
1088	0
1089	3
1090	0
1091	0
1092	2
1093	0
1094	0
1095	0
1096	3
1097	0
1098	0
1099	3
1100	3
1101	2
1102	0
1103	3
1104	0
1105	0
1106	2
1107	0
1108	3
1109	3
1110	0
1111	2
1112	1
1113	1
1114	3
1115	1
1116	0
1117	1
1118	2
1119	0
1120	0
1121	0
1122	0
1123	0
1124	1
1125	3
1126	0
1127	0
1128	2
1129	2
1130	1
1131	3
1132	0
1133	0
1134	0
1135	1
1136	3
1137	3
1138	0
1139	3
1140	0
1141	0
1142	0
1143	0
1144	0
1145	0
1146	3
1147	0
1148	0
1149	0
1150	0
1151	3
1152	3
1153	0
1154	0
1155	0
1156	3
1157	3
1158	3
1159	0
1160	2
1161	3
1162	1
1163	3
1164	0
1165	2
1166	3
1167	3
1168	3
1169	0
1170	0
1171	3
1172	2
1173	3
1174	1
1175	0
1176	0
1177	0
1178	3
1179	0
1180	0
1181	3
1182	0
1183	0
1184	2
1185	0
1186	0
1187	0
1188	0
1189	0
1190	0
1191	2
1192	0
1193	3
1194	0
1195	2
1196	3
1197	0
1198	3
1199	3
1200	3
1201	0
1202	3
1203	2
1204	0
1205	3
1206	3
1207	0
1208	3
1209	3
1210	0
1211	1
1212	2
1213	3
1214	3
1215	2
1216	3
1217	3
1218	0
1219	1
1220	3
1221	3
1222	0
1223	3
1224	0
1225	0
1226	0
1227	3
1228	1
1229	3
1230	3
1231	3
1232	0
1233	0
1234	0
1235	0
1236	3
1237	3
1238	0
1239	3
1240	0
1241	1
1242	2
1243	2
1244	3
1245	3
1246	0
1247	3
1248	3
1249	0
1250	0
1251	0
1252	0
1253	3
1254	0
1255	0
1256	3
1257	1
1258	2
1259	3
1260	3
1261	0
1262	1
1263	3
1264	1
1265	3
1266	0
1267	3
1268	0
1269	0
1270	1
1271	0
1272	0
1273	3
1274	1
1275	1
1276	0
1277	0
1278	3
1279	0
1280	3
1281	0
1282	0
1283	2
1284	0
1285	3
1286	1
1287	3
1288	2
1289	0
1290	3
1291	0
1292	1
1293	0
1294	3
1295	3
1296	3
1297	0
1298	0
1299	3
1300	1
1301	3
1302	0
1303	3
1304	3
1305	0
1306	3
1307	3
1308	0
1309	0
1310	1
1311	0
1312	0
1313	3
1314	0
1315	3
1316	0
1317	3
1318	3
1319	1
1320	3
1321	3
1322	0
1323	1
1324	3
1325	0
1326	3
1327	3
1328	3
1329	3
1330	3
1331	3
1332	0
1333	3
1334	2
1335	2
1336	1
1337	3
1338	3
1339	0
1340	3
1341	0
1342	0
1343	3
1344	2
1345	3
1346	3
1347	2
1348	0
1349	3
1350	3
1351	0
1352	0
1353	0
1354	2
1355	2
1356	3
1357	3
1358	0
1359	0
1360	0
1361	2
1362	0
1363	3
1364	3
1365	3
1366	0
1367	0
1368	3
1369	3
1370	3
1371	0
1372	1
1373	3
1374	0
1375	3
1376	3
1377	0
1378	2
1379	3
1380	0
1381	3
1382	0
1383	1
1384	0
1385	0
1386	2
1387	3
1388	3
1389	3
1390	2
1391	3
1392	0
1393	0
1394	3
1395	3
1396	3
1397	0
1398	0
1399	3
1400	0
1401	0
1402	3
1403	0
1404	0
1405	3
1406	3
1407	0
1408	3
1409	0
1410	0
1411	3
1412	3
1413	3
1414	3
1415	0
1416	3
1417	0
1418	3
1419	3
1420	0
1421	0
1422	1
1423	0
1424	0
1425	1
1426	0
1427	0
1428	1
1429	3
1430	3
1431	1
1432	3
1433	0
1434	0
1435	3
1436	0
1437	3
1438	1
1439	1
1440	0
1441	0
1442	3
1443	3
1444	0
1445	0
1446	0
1447	2
1448	3
1449	3
1450	3
1451	3
1452	0
1453	2
1454	0
1455	0
1456	0
1457	0
1458	1
1459	0
1460	0
1461	2
1462	1
1463	0
1464	2
1465	3
1466	3
1467	0
1468	3
1469	0
1470	3
1471	1
1472	3
1473	2
1474	2
1475	3
1476	0
1477	3
1478	0
1479	0
1480	2
1481	0
1482	0
1483	0
1484	3
1485	2
1486	3
1487	3
1488	3
1489	3
1490	3
1491	2
1492	3
1493	3
1494	0
1495	3
1496	2
1497	0
1498	1
1499	1
1500	0
1501	3
1502	3
1503	3
1504	3
1505	0
1506	2
1507	2
1508	0
1509	3
1510	0
1511	0
1512	0
1513	3
1514	3
1515	3
1516	2
1517	3
1518	0
1519	0
1520	2
1521	0
1522	0
1523	3
1524	2
1525	0
1526	0
1527	0
1528	1
1529	3
1530	3
1531	0
1532	0
1533	3
1534	3
1535	3
1536	3
1537	0
1538	3
1539	1
1540	0
1541	3
1542	3
1543	1
1544	0
1545	3
1546	0
1547	0
1548	0
1549	3
1550	3
1551	0
1552	1
1553	1
1554	0
1555	3
1556	3
1557	3
1558	0
1559	0
1560	0
1561	0
1562	3
1563	1
1564	0
1565	3
1566	2
1567	0
1568	0
1569	0
1570	3
1571	0
1572	3
1573	3
1574	0
1575	3
1576	3
1577	3
1578	0
1579	3
1580	3
1581	3
1582	0
1583	0
1584	3
1585	3
1586	3
1587	3
1588	0
1589	0
1590	0
1591	0
1592	0
1593	2
1594	0
1595	2
1596	0
1597	3
1598	3
1599	3
1600	0
1601	3
1602	0
1603	0
1604	0
1605	0
1606	3
1607	0
1608	1
1609	1
1610	2
1611	1
1612	0
1613	3
1614	0
1615	3
1616	0
1617	0
1618	0
1619	3
1620	0
1621	3
1622	2
1623	3
1624	3
1625	1
1626	3
1627	0
1628	0
1629	3
1630	0
1631	3
1632	3
1633	1
1634	1
1635	0
1636	1
1637	3
1638	0
1639	3
1640	3
1641	3
1642	3
1643	3
1644	0
1645	0
1646	0
1647	3
1648	3
1649	3
1650	3
1651	3
1652	0
1653	3
1654	3
1655	3
1656	2
1657	0
1658	2
1659	0
1660	1
1661	3
1662	2
1663	2
1664	1
1665	1
1666	0
1667	2
1668	1
1669	1
1670	3
1671	3
1672	3
1673	3
1674	0
1675	0
1676	0
1677	1
1678	3
1679	0
1680	1
1681	0
1682	2
1683	3
1684	3
1685	3
1686	3
1687	0
1688	3
1689	3
1690	0
1691	3
1692	0
1693	0
1694	1
1695	3
1696	3
1697	0
1698	3
1699	3
1700	1
1701	3
1702	0
1703	3
1704	3
1705	3
1706	0
1707	3
1708	2
1709	3
1710	3
1711	2
1712	3
1713	3
1714	0
1715	2
1716	2
1717	1
1718	0
1719	0
1720	0
1721	0
1722	0
1723	0
1724	3
1725	0
1726	3
1727	0
1728	1
1729	0
1730	0
1731	0
1732	3
1733	2
1734	0
1735	0
1736	3
1737	3
1738	0
1739	0
1740	1
1741	3
1742	0
1743	3
1744	0
1745	0
1746	0
1747	0
1748	3
1749	2
1750	2
1751	0
1752	0
1753	0
1754	0
1755	0
1756	3
1757	3
1758	3
1759	3
1760	0
1761	2
1762	2
1763	0
1764	0
1765	3
1766	2
1767	0
1768	0
1769	3
1770	0
1771	2
1772	3
1773	2
1774	2
1775	2
1776	0
1777	0
1778	2
1779	3
1780	3
1781	0
1782	3
1783	0
1784	3
1785	3
1786	0
1787	1
1788	0
1789	0
1790	3
1791	0
1792	3
1793	0
1794	0
1795	3
1796	0
1797	0
1798	3
1799	0
1800	3
1801	3
1802	1
1803	1
1804	0
1805	2
1806	0
1807	0
1808	3
1809	2
1810	0
1811	3
1812	0
1813	2
1814	3
1815	2
1816	0
1817	0
1818	2
1819	3
1820	0
1821	0
1822	3
1823	0
1824	0
1825	2
1826	3
1827	1
1828	0
1829	3
1830	1
1831	0
1832	1
1833	0
1834	0
1835	3
1836	0
1837	1
1838	0
1839	2
1840	3
1841	3
1842	3
1843	0
1844	0
1845	3
1846	2
1847	1
1848	0
1849	3
1850	3
1851	0
1852	0
1853	0
1854	0
1855	2
1856	0
1857	1
1858	0
1859	3
1860	1
1861	2
1862	3
1863	0
1864	0
1865	3
1866	0
1867	0
1868	0
1869	3
1870	0
1871	2
1872	0
1873	0
1874	2
1875	3
1876	0
1877	3
1878	3
1879	0
1880	3
1881	1
1882	3
1883	0
1884	1
1885	0
1886	0
1887	0
1888	1
1889	0
1890	3
1891	0
1892	0
1893	3
1894	0
1895	3
1896	0
1897	3
1898	0
1899	3
1900	0
1901	0
1902	1
1903	2
1904	0
1905	0
1906	0
1907	0
1908	0
1909	0
1910	3
1911	0
1912	0
1913	0
1914	0
1915	0
1916	0
1917	0
1918	3
1919	2
1920	3
1921	0
1922	0
1923	3
1924	0
1925	1
1926	0
1927	3
1928	3
1929	3
1930	1
1931	0
1932	3
1933	2
1934	3
1935	0
1936	2
1937	0
1938	0
1939	0
1940	1
1941	3
1942	3
1943	3
1944	3
1945	0
1946	3
1947	0
1948	1
1949	3
1950	3
1951	1
1952	3
1953	0
1954	3
1955	3
1956	0
1957	1
1958	0
1959	2
1960	2
1961	3
1962	3
1963	2
1964	0
1965	3
1966	3
1967	0
1968	3
1969	0
1970	0
1971	3
1972	0
1973	0
1974	3
1975	3
1976	3
1977	2
1978	0
1979	1
1980	2
1981	0
1982	3
1983	0
1984	3
1985	2
1986	0
1987	0
1988	1
1989	2
1990	3
1991	3
1992	1
1993	3
1994	0
1995	3
1996	0
1997	0
1998	3
1999	0
2000	0
2001	3
2002	3
2003	3
2004	0
2005	0
2006	3
2007	2
2008	2
2009	0
2010	2
2011	0
2012	2
2013	3
2014	0
2015	3
2016	0
2017	0
2018	0
2019	0
2020	2
2021	3
2022	1
2023	0
2024	3
2025	3
2026	3
2027	1
2028	3
2029	2
2030	3
2031	3
2032	3
2033	3
2034	3
2035	0
2036	3
2037	0
2038	0
2039	0
2040	3
2041	1
2042	0
2043	1
2044	0
2045	0
2046	3
2047	3
2048	1
2049	0
2050	3
2051	3
2052	2
2053	0
2054	3
2055	0
2056	0
2057	3
2058	3
2059	3
2060	0
2061	0
2062	1
2063	0
2064	0
2065	3
2066	3
2067	0
2068	3
2069	3
2070	3
2071	0
2072	0
2073	0
2074	1
2075	3
2076	0
2077	3
2078	3
2079	2
2080	0
2081	3
2082	0
2083	0
2084	0
2085	0
2086	3
2087	0
2088	0
2089	3
2090	0
2091	3
2092	0
2093	0
2094	0
2095	0
2096	3
2097	3
2098	1
2099	0
2100	3
2101	0
2102	0
2103	3
2104	2
2105	1
2106	0
2107	1
2108	3
2109	0
2110	3
2111	3
2112	0
2113	3
2114	1
2115	0
2116	0
2117	2
2118	3
2119	3
2120	0
2121	0
2122	1
2123	3
2124	3
2125	0
2126	0
2127	0
2128	3
2129	3
2130	3
2131	3
2132	3
2133	0
2134	0
2135	3
2136	3
2137	0
2138	3
2139	0
2140	0
2141	3
2142	3
2143	3
2144	3
2145	3
2146	0
2147	3
2148	0
2149	3
2150	0
2151	0
2152	0
2153	0
2154	0
2155	3
2156	0
2157	3
2158	2
2159	0
2160	0
2161	0
2162	3
2163	2
2164	3
2165	0
2166	3
2167	0
2168	0
2169	3
2170	0
2171	0
2172	0
2173	2
2174	3
2175	3
2176	3
2177	3
2178	0
2179	0
2180	0
2181	1
2182	2
2183	3
2184	0
2185	1
2186	0
2187	3
2188	0
2189	3
2190	3
2191	0
2192	2
2193	0
2194	0
2195	0
2196	0
2197	3
2198	3
2199	1
2200	0
2201	0
2202	3
2203	3
2204	2
2205	3
2206	0
2207	3
2208	2
2209	0
2210	0
2211	0
2212	0
2213	0
2214	0
2215	0
2216	0
2217	0
2218	0
2219	3
2220	3
2221	0
2222	3
2223	3
2224	3
2225	0
2226	0
2227	0
2228	2
2229	3
2230	3
2231	0
2232	3
2233	2
2234	0
2235	0
2236	0
2237	0
2238	3
2239	3
2240	3
2241	3
2242	1
2243	0
2244	2
2245	0
2246	0
2247	0
2248	0
2249	0
2250	0
2251	2
2252	3
2253	0
2254	0
2255	1
2256	0
2257	0
2258	0
2259	1
2260	0
2261	0
2262	0
2263	0
2264	0
2265	3
2266	0
2267	3
2268	0
2269	0
2270	2
2271	3
2272	0
2273	3
2274	0
2275	3
2276	1
2277	2
2278	0
2279	0
2280	0
2281	0
2282	3
2283	0
2284	0
2285	3
2286	3
2287	0
2288	2
2289	0
2290	0
2291	0
2292	3
2293	0
2294	3
2295	0
2296	3
2297	0
2298	0
2299	3
2300	3
2301	3
2302	0
2303	2
2304	3
2305	3
2306	3
2307	0
2308	3
2309	3
2310	3
2311	0
2312	0
2313	3
2314	0
2315	2
2316	3
2317	0
2318	3
2319	0
2320	0
2321	0
2322	2
2323	0
2324	0
2325	1
2326	0
2327	0
2328	3
2329	0
2330	3
2331	3
2332	0
2333	2
2334	0
2335	3
2336	0
2337	1
2338	1
2339	0
2340	3
2341	3
2342	3
2343	3
2344	3
2345	3
2346	0
2347	3
2348	3
2349	0
2350	3
2351	1
2352	0
2353	3
2354	3
2355	1
2356	3
2357	3
2358	0
2359	3
2360	0
2361	0
2362	0
2363	3
2364	0
2365	3
2366	3
2367	0
2368	0
2369	2
2370	2
2371	3
2372	3
2373	0
2374	0
2375	0
2376	0
2377	0
2378	2
2379	0
2380	3
2381	3
2382	3
2383	2
2384	0
2385	0
2386	3
2387	2
2388	0
2389	1
2390	0
2391	3
2392	1
2393	1
2394	3
2395	0
2396	0
2397	2
2398	3
2399	3
2400	2
2401	3
2402	0
2403	0
2404	0
2405	0
2406	0
2407	0
2408	0
2409	0
2410	0
2411	3
2412	0
2413	3
2414	3
2415	0
2416	0
2417	0
2418	3
2419	3
2420	3
2421	0
2422	3
2423	3
2424	3
2425	3
2426	1
2427	1
2428	3
2429	3
2430	3
2431	3
2432	2
2433	3
2434	3
2435	1
2436	3
2437	0
2438	3
2439	0
2440	0
2441	2
2442	0
2443	3
2444	0
2445	1
2446	2
2447	3
2448	0
2449	0
2450	3
2451	0
2452	3
2453	2
2454	3
2455	1
2456	3
2457	0
2458	0
2459	3
2460	0
2461	2
2462	0
2463	0
2464	0
2465	2
2466	2
2467	0
2468	0
2469	3
2470	0
2471	0
2472	3
2473	0
2474	0
2475	3
2476	3
2477	0
2478	3
2479	0
2480	0
2481	0
2482	1
2483	0
2484	0
2485	3
2486	0
2487	3
2488	3
2489	0
2490	2
2491	3
2492	0
2493	3
2494	3
2495	3
2496	0
2497	1
2498	3
2499	0
2500	2
2501	1
2502	0
2503	3
2504	0
2505	0
2506	2
2507	3
2508	3
2509	0
2510	0
2511	0
2512	0
2513	0
2514	0
2515	3
2516	0
2517	0
2518	0
2519	0
2520	0
2521	0
2522	3
2523	0
2524	2
2525	2
2526	1
2527	3
2528	0
2529	0
2530	1
2531	0
2532	0
2533	3
2534	0
2535	0
2536	0
2537	0
2538	3
2539	3
2540	3
2541	3
2542	3
2543	2
2544	3
2545	1
2546	3
2547	0
2548	3
2549	3
2550	1
2551	0
2552	1
2553	3
2554	0
2555	2
2556	1
2557	3
2558	3
2559	3
2560	2
2561	0
2562	0
2563	0
2564	3
2565	0
2566	0
2567	0
2568	0
2569	0
2570	2
2571	3
2572	1
2573	3
2574	3
2575	0
2576	3
2577	3
2578	3
2579	0
2580	1
2581	3
2582	3
2583	3
2584	0
2585	0
2586	0
2587	1
2588	3
2589	3
2590	0
2591	3
2592	0
2593	0
2594	3
2595	3
2596	0
2597	0
2598	0
2599	2
2600	3
2601	3
2602	0
2603	3
2604	1
2605	1
2606	3
2607	3
2608	3
2609	1
2610	0
2611	2
2612	3
2613	3
2614	0
2615	3
2616	0
2617	3
2618	0
2619	0
2620	2
2621	0
2622	0
2623	0
2624	3
2625	2
2626	1
2627	1
2628	0
2629	3
2630	3
2631	0
2632	0
2633	3
2634	0
2635	0
2636	3
2637	2
2638	0
2639	2
2640	3
2641	0
2642	0
2643	3
2644	0
2645	0
2646	0
2647	3
2648	0
2649	0
2650	0
2651	3
2652	0
2653	3
2654	0
2655	3
2656	3
2657	3
2658	3
2659	0
2660	0
2661	3
2662	3
2663	0
2664	3
2665	0
2666	1
2667	3
2668	3
2669	3
2670	1
2671	0
2672	0
2673	3
2674	2
2675	3
2676	3
2677	0
2678	3
2679	0
2680	3
2681	0
2682	3
2683	3
2684	0
2685	2
2686	0
2687	1
2688	3
2689	3
2690	0
2691	3
2692	2
2693	0
2694	3
2695	0
2696	1
2697	3
2698	3
2699	0
2700	0
2701	3
2702	3
2703	0
2704	0
2705	2
2706	0
2707	0
2708	3
2709	3
2710	0
2711	0
2712	0
2713	0
2714	2
2715	3
2716	0
2717	3
2718	3
2719	0
2720	3
2721	0
2722	0
2723	0
2724	0
2725	0
2726	0
2727	3
2728	3
2729	3
2730	0
2731	1
2732	0
2733	1
2734	3
2735	0
2736	0
2737	1
2738	0
2739	3
2740	0
2741	0
2742	0
2743	3
2744	3
2745	0
2746	2
2747	0
2748	0
2749	3
2750	3
2751	0
2752	3
2753	3
2754	1
2755	3
2756	3
2757	0
2758	1
2759	3
2760	0
2761	2
2762	0
2763	1
2764	1
2765	3
2766	2
2767	3
2768	0
2769	3
2770	3
2771	0
2772	1
2773	2
2774	3
2775	2
2776	0
2777	0
2778	3
2779	3
2780	0
2781	0
2782	0
2783	3
2784	0
2785	3
2786	3
2787	1
2788	0
2789	3
2790	0
2791	0
2792	3
2793	0
2794	1
2795	3
2796	0
2797	0
2798	0
2799	0
2800	0
2801	0
2802	1
2803	3
2804	0
2805	0
2806	3
2807	0
2808	3
2809	0
2810	3
2811	3
2812	3
2813	3
2814	1
2815	3
2816	0
2817	3
2818	0
2819	0
2820	0
2821	0
2822	3
2823	0
2824	0
2825	3
2826	1
2827	0
2828	0
2829	0
2830	3
2831	2
2832	0
2833	0
2834	3
2835	3
2836	2
2837	3
2838	0
2839	0
2840	0
2841	0
2842	0
2843	3
2844	3
2845	3
2846	3
2847	3
2848	0
2849	0
2850	3
2851	0
2852	3
2853	0
2854	0
2855	0
2856	1
2857	3
2858	0
2859	3
2860	3
2861	1
2862	3
2863	0
2864	3
2865	0
2866	0
2867	0
2868	0
2869	3
2870	0
2871	0
2872	3
2873	0
2874	1
2875	0
2876	0
2877	0
2878	3
2879	0
2880	3
2881	0
2882	0
2883	3
2884	3
2885	0
2886	0
2887	2
2888	0
2889	0
2890	0
2891	2
2892	3
2893	2
2894	2
2895	3
2896	0
2897	3
2898	0
2899	1
2900	0
2901	0
2902	0
2903	3
2904	1
2905	3
2906	0
2907	2
2908	3
2909	0
2910	0
2911	3
2912	3
2913	2
2914	0
2915	0
2916	2
2917	3
2918	0
2919	3
2920	0
2921	0
2922	0
2923	1
2924	2
2925	3
2926	0
2927	0
2928	3
2929	3
2930	3
2931	3
2932	0
2933	0
2934	0
2935	0
2936	3
2937	3
2938	0
2939	3
2940	0
2941	3
2942	0
2943	3
2944	3
2945	0
2946	0
2947	0
2948	0
2949	1
2950	2
2951	0
2952	0
2953	3
2954	3
2955	3
2956	0
2957	0
2958	3
2959	0
2960	2
2961	0
2962	3
2963	0
2964	0
2965	3
2966	0
2967	0
2968	0
2969	3
2970	0
2971	3
2972	2
2973	3
2974	3
2975	0
2976	1
2977	0
2978	0
2979	0
2980	2
2981	3
2982	2
2983	3
2984	0
2985	3
2986	0
2987	2
2988	1
2989	1
2990	3
2991	0
2992	0
2993	3
2994	3
2995	1
2996	0
2997	0
2998	3
2999	0
3000	0
3001	3
3002	2
3003	1
3004	3
3005	3
3006	3
3007	3
3008	0
3009	2
3010	0
3011	0
3012	0
3013	0
3014	2
3015	3
3016	3
3017	0
3018	0
3019	0
3020	3
3021	0
3022	0
3023	1
3024	2
3025	0
3026	0
3027	0
3028	2
3029	1
3030	0
3031	3
3032	3
3033	0
3034	3
3035	3
3036	0
3037	3
3038	0
3039	3
3040	0
3041	0
3042	3
3043	0
3044	0
3045	2
3046	0
3047	0
3048	3
3049	0
3050	0
3051	3
3052	2
3053	0
3054	0
3055	3
3056	0
3057	3
3058	0
3059	3
3060	0
3061	3
3062	3
3063	0
3064	1
3065	0
3066	3
3067	2
3068	0
3069	3
3070	3
3071	3
3072	0
3073	3
3074	3
3075	0
3076	0
3077	3
3078	3
3079	0
3080	2
3081	2
3082	0
3083	0
3084	0
3085	3
3086	0
3087	0
3088	2
3089	3
3090	3
3091	3
3092	3
3093	0
3094	0
3095	3
3096	0
3097	3
3098	0
3099	3
3100	3
3101	0
3102	3
3103	0
3104	3
3105	0
3106	1
3107	3
3108	0
3109	2
3110	2
3111	2
3112	3
3113	0
3114	0
3115	2
3116	3
3117	0
3118	0
3119	0
3120	3
3121	3
3122	2
3123	0
3124	0
3125	0
3126	0
3127	3
3128	1
3129	3
3130	0
3131	1
3132	1
3133	0
3134	0
3135	0
3136	3
3137	3
3138	0
3139	3
3140	0
3141	0
3142	0
3143	3
3144	1
3145	0
3146	2
3147	0
3148	3
3149	3
3150	0
3151	3
3152	3
3153	3
3154	1
3155	0
3156	0
3157	2
3158	0
3159	1
3160	0
3161	0
3162	2
3163	3
3164	3
3165	3
3166	2
3167	3
3168	0
3169	3
3170	1
3171	0
3172	0
3173	3
3174	3
3175	1
3176	0
3177	3
3178	0
3179	3
3180	3
3181	3
3182	3
3183	0
3184	0
3185	3
3186	3
3187	3
3188	3
3189	0
3190	0
3191	0
3192	0
3193	2
3194	0
3195	0
3196	0
3197	3
3198	0
3199	3
3200	0
3201	3
3202	3
3203	2
3204	0
3205	0
3206	0
3207	0
3208	0
3209	3
3210	0
3211	2
3212	0
3213	0
3214	3
3215	0
3216	0
3217	3
3218	0
3219	3
3220	3
3221	2
3222	0
3223	0
3224	0
3225	0
3226	3
3227	3
3228	0
3229	0
3230	3
3231	3
3232	3
3233	1
3234	2
3235	0
3236	2
3237	1
3238	0
3239	0
3240	0
3241	3
3242	3
3243	2
3244	3
3245	0
3246	0
3247	0
3248	3
3249	3
3250	0
3251	1
3252	3
3253	0
3254	3
3255	2
3256	3
3257	0
3258	0
3259	0
3260	0
3261	0
3262	0
3263	3
3264	3
3265	0
3266	0
3267	3
3268	3
3269	1
3270	2
3271	0
3272	0
3273	0
3274	2
3275	3
3276	3
3277	0
3278	0
3279	2
3280	0
3281	3
3282	1
3283	3
3284	0
3285	0
3286	0
3287	0
3288	0
3289	0
3290	3
3291	3
3292	3
3293	2
3294	0
3295	3
3296	0
3297	3
3298	0
3299	0
3300	0
3301	3
3302	3
3303	3
3304	1
3305	3
3306	0
3307	3
3308	2
3309	0
3310	3
3311	3
3312	3
3313	1
3314	0
3315	3
3316	3
3317	0
3318	0
3319	3
3320	1
3321	0
3322	0
3323	0
3324	0
3325	3
3326	2
3327	0
3328	0
3329	0
3330	0
3331	1
3332	0
3333	3
3334	0
3335	0
3336	3
3337	3
3338	0
3339	0
3340	0
3341	3
3342	3
3343	0
3344	0
3345	0
3346	3
3347	3
3348	3
3349	3
3350	0
3351	1
3352	1
3353	0
3354	3
3355	3
3356	0
3357	3
3358	0
3359	0
3360	0
3361	0
3362	2
3363	3
3364	0
3365	3
3366	0
3367	0
3368	3
3369	0
3370	0
3371	1
3372	0
3373	0
3374	3
3375	0
3376	2
3377	0
3378	3
3379	0
3380	2
3381	3
3382	0
3383	3
3384	2
3385	0
3386	0
3387	0
3388	3
3389	3
3390	3
3391	1
3392	3
3393	0
3394	0
3395	1
3396	2
3397	3
3398	3
3399	3
3400	1
3401	0
3402	0
3403	3
3404	3
3405	2
3406	0
3407	3
3408	3
3409	3
3410	0
3411	0
3412	1
3413	1
3414	0
3415	1
3416	0
3417	1
3418	3
3419	3
3420	3
3421	1
3422	1
3423	3
3424	1
3425	3
3426	1
3427	0
3428	0
3429	3
3430	0
3431	0
3432	3
3433	3
3434	0
3435	2
3436	2
3437	3
3438	3
3439	0
3440	0
3441	3
3442	3
3443	3
3444	0
3445	0
3446	3
3447	3
3448	1
3449	0
3450	0
3451	0
3452	3
3453	0
3454	0
3455	3
3456	3
3457	0
3458	0
3459	3
3460	0
3461	2
3462	0
3463	3
3464	3
3465	2
3466	1
3467	3
3468	0
3469	0
3470	0
3471	0
3472	2
3473	1
3474	3
3475	3
3476	3
3477	1
3478	0
3479	2
3480	0
3481	3
3482	0
3483	3
3484	3
3485	1
3486	1
3487	3
3488	0
3489	3
3490	3
3491	0
3492	0
3493	3
3494	2
3495	1
3496	3
3497	0
3498	0
3499	0
3500	0
3501	0
3502	0
3503	3
3504	0
3505	1
3506	0
3507	0
3508	1
3509	1
3510	3
3511	3
3512	0
3513	0
3514	0
3515	0
3516	0
3517	0
3518	3
3519	3
3520	1
3521	3
3522	0
3523	1
3524	2
3525	0
3526	0
3527	0
3528	3
3529	1
3530	3
3531	0
3532	3
3533	0
3534	3
3535	1
3536	3
3537	3
3538	0
3539	0
3540	0
3541	3
3542	2
3543	0
3544	0
3545	3
3546	1
3547	0
3548	3
3549	2
3550	0
3551	1
3552	1
3553	3
3554	0
3555	0
3556	0
3557	3
3558	0
3559	3
3560	0
3561	3
3562	0
3563	0
3564	0
3565	2
3566	0
3567	0
3568	3
3569	3
3570	3
3571	3
3572	0
3573	0
3574	0
3575	0
3576	3
3577	0
3578	0
3579	0
3580	3
3581	3
3582	0
3583	0
3584	3
3585	0
3586	3
3587	3
3588	0
3589	3
3590	0
3591	0
3592	2
3593	1
3594	0
3595	0
3596	0
3597	3
3598	2
3599	0
3600	0
3601	3
3602	0
3603	0
3604	3
3605	3
3606	3
3607	0
3608	3
3609	3
3610	0
3611	3
3612	3
3613	3
3614	2
3615	3
3616	3
3617	0
3618	0
3619	3
3620	3
3621	0
3622	0
3623	3
3624	3
3625	0
3626	0
3627	3
3628	0
3629	3
3630	1
3631	0
3632	3
3633	0
3634	3
3635	2
3636	0
3637	0
3638	0
3639	0
3640	3
3641	3
3642	0
3643	2
3644	3
3645	0
3646	3
3647	3
3648	3
3649	0
3650	0
3651	3
3652	3
3653	0
3654	1
3655	0
3656	0
3657	3
3658	0
3659	3
3660	0
3661	0
3662	3
3663	1
3664	1
3665	2
3666	0
3667	2
3668	0
3669	3
3670	0
3671	0
3672	0
3673	0
3674	3
3675	0
3676	3
3677	0
3678	0
3679	0
3680	3
3681	1
3682	0
3683	0
3684	0
3685	3
3686	0
3687	0
3688	0
3689	0
3690	1
3691	3
3692	3
3693	0
3694	3
3695	0
3696	3
3697	2
3698	3
3699	3
3700	3
3701	0
3702	0
3703	0
3704	0
3705	0
3706	0
3707	1
3708	3
3709	3
3710	3
3711	1
3712	3
3713	2
3714	3
3715	1
3716	0
3717	3
3718	3
3719	0
3720	3
3721	0
3722	0
3723	0
3724	0
3725	1
3726	3
3727	0
3728	0
3729	3
3730	3
3731	3
3732	3
3733	3
3734	0
3735	0
3736	0
3737	3
3738	0
3739	3
3740	3
3741	0
3742	3
3743	3
3744	1
3745	0
3746	0
3747	3
3748	3
3749	3
3750	3
3751	0
3752	3
3753	0
3754	2
3755	3
3756	3
3757	3
3758	3
3759	3
3760	2
3761	0
3762	0
3763	3
3764	0
3765	3
3766	1
3767	0
3768	0
3769	0
3770	0
3771	0
3772	0
3773	0
3774	3
3775	0
3776	3
3777	0
3778	0
3779	3
3780	0
3781	0
3782	0
3783	0
3784	0
3785	3
3786	0
3787	3
3788	3
3789	3
3790	0
3791	3
3792	2
3793	3
3794	0
3795	0
3796	3
3797	0
3798	3
3799	0
3800	0
3801	0
3802	3
3803	3
3804	3
3805	0
3806	0
3807	3
3808	0
3809	0
3810	0
3811	2
3812	0
3813	2
3814	0
3815	0
3816	3
3817	0
3818	3
3819	3
3820	3
3821	1
3822	0
3823	0
3824	0
3825	3
3826	3
3827	3
3828	2
3829	2
3830	0
3831	2
3832	2
3833	0
3834	0
3835	3
3836	3
3837	3
3838	3
3839	3
3840	0
3841	3
3842	3
3843	1
3844	0
3845	2
3846	0
3847	0
3848	0
3849	3
3850	0
3851	0
3852	0
3853	3
3854	0
3855	0
3856	0
3857	3
3858	3
3859	3
3860	3
3861	3
3862	0
3863	0
3864	0
3865	3
3866	3
3867	0
3868	0
3869	0
3870	0
3871	3
3872	1
3873	0
3874	1
3875	0
3876	3
3877	2
3878	3
3879	3
3880	3
3881	0
3882	3
3883	3
3884	3
3885	3
3886	0
3887	0
3888	3
3889	3
3890	0
3891	3
3892	1
3893	3
3894	3
3895	3
3896	0
3897	0
3898	0
3899	1
3900	1
3901	0
3902	3
3903	0
3904	0
3905	3
3906	0
3907	3
3908	2
3909	0
3910	3
3911	3
3912	1
3913	0
3914	0
3915	3
3916	3
3917	3
3918	1
3919	1
3920	3
3921	3
3922	3
3923	0
3924	0
3925	3
3926	0
3927	3
3928	0
3929	1
3930	3
3931	0
3932	2
3933	0
3934	0
3935	0
3936	0
3937	0
3938	0
3939	1
3940	0
3941	3
3942	0
3943	2
3944	0
3945	0
3946	0
3947	0
3948	1
3949	1
3950	3
3951	0
3952	2
3953	2
3954	3
3955	3
3956	0
3957	3
3958	2
3959	3
3960	3
3961	3
3962	0
3963	0
3964	2
3965	2
3966	0
3967	3
3968	3
3969	0
3970	0
3971	3
3972	0
3973	2
3974	1
3975	1
3976	0
3977	0
3978	0
3979	0
3980	0
3981	0
3982	0
3983	3
3984	0
3985	0
3986	3
3987	2
3988	3
3989	3
3990	0
3991	0
3992	3
3993	0
3994	3
3995	3
3996	3
3997	0
3998	2
3999	0
4000	3
4001	0
4002	0
4003	3
4004	3
4005	3
4006	3
4007	2
4008	3
4009	0
4010	0
4011	3
4012	0
4013	0
4014	3
4015	3
4016	1
4017	0
4018	0
4019	0
4020	0
4021	0
4022	0
4023	0
4024	1
4025	0
4026	3
4027	3
4028	0
4029	0
4030	3
4031	2
4032	1
4033	3
4034	0
4035	3
4036	2
4037	0
4038	0
4039	3
4040	0
4041	0
4042	3
4043	3
4044	3
4045	3
4046	0
4047	3
4048	2
4049	2
4050	3
4051	0
4052	1
4053	0
4054	0
4055	3
4056	0
4057	0
4058	3
4059	0
4060	3
4061	3
4062	0
4063	3
4064	1
4065	0
4066	3
4067	0
4068	0
4069	0
4070	0
4071	3
4072	2
4073	0
4074	0
4075	3
4076	3
4077	1
4078	1
4079	0
4080	0
4081	3
4082	3
4083	3
4084	0
4085	0
4086	3
4087	3
4088	3
4089	0
4090	0
4091	1
4092	0
4093	0
4094	0
4095	0
4096	3
4097	3
4098	3
4099	3
4100	1
4101	0
4102	1
4103	1
4104	0
4105	0
4106	0
4107	0
4108	3
4109	3
4110	1
4111	0
4112	0
4113	1
4114	3
4115	1
4116	3
4117	2
4118	0
4119	0
4120	3
4121	3
4122	1
4123	0
4124	3
4125	0
4126	0
4127	0
4128	3
4129	3
4130	3
4131	3
4132	0
4133	0
4134	1
4135	3
4136	3
4137	0
4138	3
4139	0
4140	3
4141	3
4142	0
4143	3
4144	3
4145	0
4146	3
4147	0
4148	0
4149	3
4150	0
4151	0
4152	2
4153	1
4154	0
4155	0
4156	0
4157	3
4158	3
4159	3
4160	3
4161	1
4162	0
4163	1
4164	0
4165	1
4166	1
4167	3
4168	0
4169	0
4170	3
4171	3
4172	3
4173	3
4174	3
4175	1
4176	0
4177	0
4178	0
4179	3
4180	0
4181	0
4182	0
4183	3
4184	3
4185	3
4186	3
4187	0
4188	0
4189	3
4190	0
4191	3
4192	0
4193	0
4194	3
4195	3
4196	0
4197	3
4198	0
4199	3
4200	0
4201	0
4202	0
4203	0
4204	0
4205	1
4206	0
4207	3
4208	0
4209	3
4210	2
4211	0
4212	2
4213	1
4214	0
4215	0
4216	1
4217	0
4218	0
4219	3
4220	0
4221	3
4222	3
4223	0
4224	3
4225	3
4226	3
4227	3
4228	3
4229	0
4230	0
4231	0
4232	3
4233	3
4234	0
4235	0
4236	3
4237	3
4238	3
4239	3
4240	3
4241	3
4242	0
4243	0
4244	3
4245	0
4246	2
4247	0
4248	0
4249	3
4250	0
4251	0
4252	2
4253	1
4254	3
4255	0
4256	3
4257	3
4258	3
4259	3
4260	3
4261	3
4262	0
4263	3
4264	0
4265	3
4266	3
4267	0
4268	1
4269	3
4270	0
4271	3
4272	3
4273	0
4274	3
4275	3
4276	0
4277	0
4278	0
4279	0
4280	3
4281	3
4282	0
4283	2
4284	0
4285	3
4286	3
4287	2
4288	3
4289	2
4290	1
4291	0
4292	0
4293	3
4294	0
4295	3
4296	0
4297	3
4298	0
4299	0
4300	2
4301	3
4302	1
4303	0
4304	3
4305	3
4306	0
4307	3
4308	0
4309	3
4310	1
4311	3
4312	3
4313	0
4314	3
4315	0
4316	3
4317	3
4318	3
4319	3
4320	3
4321	0
4322	1
4323	2
4324	0
4325	3
4326	2
4327	1
4328	0
4329	2
4330	0
4331	3
4332	2
4333	0
4334	3
4335	3
4336	0
4337	0
4338	0
4339	0
4340	1
4341	3
4342	0
4343	0
4344	2
4345	0
4346	0
4347	3
4348	0
4349	3
4350	0
4351	3
4352	3
4353	3
4354	3
4355	0
4356	3
4357	2
4358	3
4359	0
4360	0
4361	3
4362	2
4363	0
4364	0
4365	3
4366	0
4367	3
4368	3
4369	0
4370	2
4371	3
4372	0
4373	0
4374	0
4375	3
4376	3
4377	3
4378	2
4379	3
4380	3
4381	2
4382	0
4383	3
4384	0
4385	3
4386	3
4387	0
4388	3
4389	2
4390	0
4391	0
4392	0
4393	1
4394	3
4395	0
4396	3
4397	0
4398	0
4399	0
4400	0
4401	0
4402	3
4403	3
4404	0
4405	1
4406	0
4407	3
4408	3
4409	0
4410	2
4411	3
4412	1
4413	3
4414	3
4415	3
4416	3
4417	3
4418	3
4419	3
4420	1
4421	1
4422	3
4423	0
4424	3
4425	0
4426	3
4427	3
4428	3
4429	3
4430	3
4431	0
4432	0
4433	0
4434	3
4435	3
4436	0
4437	3
4438	0
4439	3
4440	3
4441	3
4442	0
4443	3
4444	0
4445	3
4446	0
4447	3
4448	0
4449	3
4450	3
4451	3
4452	3
4453	3
4454	3
4455	0
4456	0
4457	0
4458	0
4459	1
4460	3
4461	0
4462	3
4463	1
4464	0
4465	3
4466	0
4467	0
4468	3
4469	0
4470	2
4471	0
4472	3
4473	3
4474	0
4475	3
4476	3
4477	0
4478	3
4479	0
4480	3
4481	3
4482	1
4483	0
4484	1
4485	0
4486	3
4487	3
4488	0
4489	3
4490	3
4491	0
4492	3
4493	1
4494	1
4495	0
4496	0
4497	3
4498	0
4499	2
4500	0
4501	0
4502	3
4503	3
4504	2
4505	0
4506	1
4507	3
4508	3
4509	0
4510	0
4511	3
4512	1
4513	3
4514	0
4515	2
4516	0
4517	0
4518	0
4519	0
4520	3
4521	2
4522	0
4523	0
4524	3
4525	2
4526	0
4527	2
4528	3
4529	0
4530	3
4531	3
4532	0
4533	3
4534	0
4535	3
4536	3
4537	3
4538	2
4539	3
4540	0
4541	3
4542	3
4543	0
4544	3
4545	3
4546	0
4547	3
4548	0
4549	2
4550	1
4551	3
4552	3
4553	0
4554	2
4555	0
4556	3
4557	3
4558	0
4559	0
4560	3
4561	0
4562	3
4563	2
4564	0
4565	3
4566	3
4567	0
4568	0
4569	0
4570	3
4571	2
4572	1
4573	0
4574	0
4575	3
4576	1
4577	0
4578	3
4579	0
4580	0
4581	3
4582	0
4583	1
4584	0
4585	0
4586	1
4587	2
4588	0
4589	3
4590	3
4591	0
4592	0
4593	0
4594	1
4595	0
4596	0
4597	2
4598	3
4599	0
4600	3
4601	0
4602	0
4603	3
4604	3
4605	0
4606	3
4607	0
4608	0
4609	2
4610	3
4611	0
4612	0
4613	3
4614	0
4615	3
4616	0
4617	0
4618	1
4619	0
4620	0
4621	3
4622	3
4623	0
4624	0
4625	0
4626	3
4627	3
4628	0
4629	2
4630	3
4631	0
4632	3
4633	0
4634	0
4635	2
4636	0
4637	0
4638	0
4639	3
4640	0
4641	3
4642	2
4643	0
4644	0
4645	0
4646	3
4647	3
4648	2
4649	2
4650	3
4651	3
4652	2
4653	0
4654	0
4655	3
4656	2
4657	2
4658	3
4659	3
4660	3
4661	3
4662	0
4663	3
4664	0
4665	2
4666	0
4667	1
4668	0
4669	3
4670	3
4671	0
4672	3
4673	0
4674	0
4675	0
4676	3
4677	0
4678	0
4679	3
4680	0
4681	0
4682	0
4683	3
4684	3
4685	3
4686	0
4687	0
4688	3
4689	0
4690	0
4691	0
4692	2
4693	0
4694	3
4695	3
4696	3
4697	2
4698	0
4699	0
4700	3
4701	3
4702	0
4703	0
4704	3
4705	3
4706	3
4707	0
4708	0
4709	3
4710	0
4711	3
4712	3
4713	3
4714	0
4715	3
4716	3
4717	3
4718	3
4719	0
4720	3
4721	1
4722	0
4723	3
4724	3
4725	3
4726	0
4727	1
4728	0
4729	0
4730	0
4731	0
4732	0
4733	3
4734	0
4735	0
4736	0
4737	2
4738	0
4739	3
4740	3
4741	1
4742	0
4743	0
4744	0
4745	3
4746	3
4747	0
4748	0
4749	3
4750	3
4751	0
4752	0
4753	0
4754	3
4755	1
4756	0
4757	0
4758	0
4759	0
4760	0
4761	0
4762	3
4763	3
4764	1
4765	3
4766	3
4767	3
4768	3
4769	3
4770	0
4771	0
4772	3
4773	0
4774	3
4775	0
4776	3
4777	3
4778	0
4779	2
4780	2
4781	0
4782	3
4783	2
4784	0
4785	3
4786	3
4787	0
4788	3
4789	0
4790	2
4791	3
4792	0
4793	3
4794	0
4795	0
4796	0
4797	0
4798	3
4799	0
4800	3
4801	3
4802	0
4803	0
4804	3
4805	0
4806	1
4807	3
4808	0
4809	3
4810	0
4811	0
4812	3
4813	0
4814	0
4815	0
4816	3
4817	0
4818	3
4819	3
4820	3
4821	0
4822	1
4823	0
4824	3
4825	0
4826	3
4827	0
4828	3
4829	3
4830	0
4831	3
4832	3
4833	3
4834	3
4835	0
4836	2
4837	0
4838	3
4839	3
4840	3
4841	0
4842	3
4843	0
4844	3
4845	3
4846	0
4847	0
4848	1
4849	0
4850	1
4851	0
4852	2
4853	0
4854	1
4855	3
4856	0
4857	3
4858	0
4859	3
4860	3
4861	0
4862	0
4863	1
4864	0
4865	0
4866	3
4867	0
4868	3
4869	3
4870	0
4871	3
4872	1
4873	3
4874	3
4875	1
4876	3
4877	0
4878	3
4879	3
4880	0
4881	0
4882	2
4883	0
4884	0
4885	3
4886	1
4887	3
4888	3
4889	3
4890	0
4891	1
4892	3
4893	3
4894	0
4895	0
4896	0
4897	3
4898	3
4899	3
4900	0
4901	3
4902	0
4903	3
4904	3
4905	3
4906	3
4907	2
4908	1
4909	0
4910	3
4911	0
4912	0
4913	3
4914	2
4915	3
4916	2
4917	2
4918	0
4919	1
4920	3
4921	0
4922	0
4923	3
4924	0
4925	3
4926	2
4927	3
4928	0
4929	0
4930	1
4931	0
4932	0
4933	2
4934	0
4935	3
4936	0
4937	2
4938	2
4939	2
4940	3
4941	2
4942	3
4943	3
4944	0
4945	3
4946	0
4947	3
4948	2
4949	2
4950	2
4951	3
4952	2
4953	1
4954	3
4955	0
4956	3
4957	2
4958	0
4959	3
4960	3
4961	0
4962	0
4963	3
4964	3
4965	2
4966	0
4967	3
4968	0
4969	0
4970	0
4971	3
4972	2
4973	0
4974	0
4975	0
4976	2
4977	0
4978	0
4979	3
4980	3
4981	3
4982	3
4983	0
4984	0
4985	0
4986	3
4987	0
4988	0
4989	3
4990	0
4991	0
4992	0
4993	0
4994	3
4995	3
4996	3
4997	0
4998	3
4999	3
5000	2
5001	3
5002	3
5003	3
5004	2
5005	0
5006	3
5007	3
5008	0
5009	0
5010	0
5011	3
5012	3
5013	3
5014	0
5015	3
5016	1
5017	2
5018	0
5019	3
5020	3
5021	3
5022	3
5023	3
5024	2
5025	3
5026	3
5027	0
5028	0
5029	2
5030	3
5031	0
5032	3
5033	0
5034	3
5035	0
5036	0
5037	0
5038	1
5039	3
5040	2
5041	0
5042	1
5043	0
5044	0
5045	3
5046	0
5047	3
5048	3
5049	3
5050	0
5051	3
5052	2
5053	3
5054	3
5055	0
5056	3
5057	0
5058	0
5059	3
5060	3
5061	0
5062	0
5063	3
5064	0
5065	3
5066	3
5067	2
5068	3
5069	3
5070	0
5071	0
5072	3
5073	3
5074	3
5075	3
5076	0
5077	0
5078	0
5079	0
5080	0
5081	3
5082	3
5083	3
5084	3
5085	2
5086	0
5087	0
5088	3
5089	3
5090	3
5091	1
5092	3
5093	3
5094	3
5095	3
5096	0
5097	3
5098	3
5099	3
5100	3
5101	3
5102	3
5103	0
5104	1
5105	1
5106	3
5107	3
5108	3
5109	0
5110	3
5111	0
5112	3
5113	0
5114	3
5115	0
5116	0
5117	3
5118	0
5119	0
5120	3
5121	1
5122	0
5123	0
5124	1
5125	3
5126	2
5127	2
5128	3
5129	0
5130	0
5131	3
5132	1
5133	0
5134	3
5135	3
5136	0
5137	1
5138	3
5139	2
5140	0
5141	3
5142	0
5143	2
5144	3
5145	2
5146	3
5147	0
5148	0
5149	0
5150	0
5151	3
5152	0
5153	2
5154	3
5155	0
5156	0
5157	3
5158	3
5159	0
5160	3
5161	0
5162	3
5163	0
5164	3
5165	0
5166	2
5167	0
5168	0
5169	3
5170	3
5171	3
5172	3
5173	0
5174	2
5175	3
5176	0
5177	0
5178	3
5179	3
5180	3
5181	0
5182	3
5183	0
5184	0
5185	3
5186	0
5187	3
5188	3
5189	3
5190	0
5191	3
5192	1
5193	0
5194	0
5195	3
5196	3
5197	3
5198	0
5199	0
5200	0
5201	1
5202	0
5203	3
5204	0
5205	3
5206	3
5207	3
5208	0
5209	3
5210	2
5211	1
5212	3
5213	1
5214	0
5215	2
5216	1
5217	3
5218	0
5219	0
5220	0
5221	3
5222	0
5223	0
5224	0
5225	1
5226	3
5227	3
5228	3
5229	0
5230	1
5231	0
5232	3
5233	1
5234	0
5235	3
5236	3
5237	0
5238	3
5239	3
5240	3
5241	0
5242	0
5243	1
5244	0
5245	0
5246	1
5247	3
5248	3
5249	3
5250	2
5251	0
5252	1
5253	0
5254	0
5255	0
5256	3
5257	0
5258	3
5259	3
5260	3
5261	0
5262	2
5263	3
5264	3
5265	0
5266	1
5267	2
5268	3
5269	3
5270	2
5271	2
5272	3
5273	3
5274	0
5275	1
5276	1
5277	2
5278	3
5279	2
5280	0
5281	3
5282	1
5283	3
5284	1
5285	0
5286	0
5287	0
5288	0
5289	0
5290	3
5291	0
5292	3
5293	3
5294	0
5295	3
5296	0
5297	0
5298	0
5299	0
5300	0
5301	3
5302	3
5303	0
5304	3
5305	0
5306	3
5307	3
5308	0
5309	0
5310	3
5311	0
5312	0
5313	3
5314	0
5315	3
5316	3
5317	3
5318	3
5319	3
5320	0
5321	0
5322	0
5323	0
5324	3
5325	2
5326	3
5327	3
5328	3
5329	0
5330	0
5331	3
5332	2
5333	3
5334	0
5335	0
5336	1
5337	0
5338	0
5339	0
5340	3
5341	0
5342	0
5343	3
5344	0
5345	2
5346	0
5347	0
5348	0
5349	3
5350	1
5351	1
5352	2
5353	0
5354	2
5355	0
5356	0
5357	0
5358	0
5359	1
5360	3
5361	1
5362	0
5363	0
5364	1
5365	0
5366	3
5367	3
5368	3
5369	0
5370	0
5371	0
5372	0
5373	0
5374	3
5375	3
5376	3
5377	3
5378	0
5379	3
5380	0
5381	3
5382	3
5383	3
5384	3
5385	3
5386	3
5387	3
5388	3
5389	3
5390	3
5391	3
5392	0
5393	0
5394	0
5395	0
5396	0
5397	3
5398	0
5399	0
5400	0
5401	1
5402	3
5403	0
5404	3
5405	0
5406	2
5407	1
5408	3
5409	3
5410	0
5411	0
5412	3
5413	3
5414	3
5415	0
5416	3
5417	0
5418	3
5419	3
5420	0
5421	0
5422	0
5423	3
5424	0
5425	0
5426	3
5427	3
5428	1
5429	3
5430	1
5431	0
5432	3
5433	0
5434	3
5435	3
5436	0
5437	0
5438	0
5439	0
5440	0
5441	2
5442	3
5443	0
5444	2
5445	1
5446	0
5447	3
5448	3
5449	0
5450	0
5451	1
5452	0
5453	0
5454	3
5455	0
5456	0
5457	0
5458	3
5459	1
5460	1
5461	0
5462	3
5463	0
5464	1
5465	0
5466	0
5467	0
5468	0
5469	3
5470	3
5471	3
5472	0
5473	0
5474	0
5475	3
5476	3
5477	3
5478	0
5479	1
5480	2
5481	3
5482	3
5483	0
5484	3
5485	3
5486	0
5487	3
5488	3
5489	3
5490	2
5491	3
5492	3
5493	3
5494	3
5495	2
5496	3
5497	0
5498	0
5499	3
5500	0
5501	3
5502	0
5503	3
5504	3
5505	0
5506	0
5507	3
5508	3
5509	0
5510	0
5511	0
5512	3
5513	3
5514	1
5515	0
5516	0
5517	0
5518	0
5519	0
5520	1
5521	0
5522	0
5523	3
5524	0
5525	1
5526	0
5527	3
5528	3
5529	3
5530	0
5531	0
5532	2
5533	0
5534	0
5535	2
5536	2
5537	3
5538	0
5539	3
5540	2
5541	2
5542	3
5543	0
5544	3
5545	3
5546	2
5547	0
5548	0
5549	0
5550	0
5551	3
5552	0
5553	3
5554	3
5555	2
5556	0
5557	0
5558	1
5559	3
5560	0
5561	3
5562	3
5563	3
5564	0
5565	2
5566	3
5567	0
5568	0
5569	2
5570	3
5571	2
5572	0
5573	3
5574	0
5575	3
5576	2
5577	3
5578	0
5579	3
5580	3
5581	0
5582	3
5583	0
5584	2
5585	0
5586	0
5587	0
5588	0
5589	2
5590	3
5591	3
5592	0
5593	3
5594	0
5595	2
5596	3
5597	3
5598	3
5599	3
5600	0
5601	0
5602	0
5603	2
5604	3
5605	0
5606	0
5607	0
5608	3
5609	3
5610	0
5611	3
5612	3
5613	3
5614	2
5615	0
5616	1
5617	3
5618	0
5619	3
5620	3
5621	3
5622	3
5623	0
5624	0
5625	3
5626	0
5627	1
5628	0
5629	0
5630	2
5631	3
5632	0
5633	0
5634	0
5635	0
5636	3
5637	3
5638	1
5639	0
5640	0
5641	0
5642	0
5643	3
5644	2
5645	2
5646	3
5647	3
5648	0
5649	1
5650	3
5651	0
5652	2
5653	1
5654	0
5655	3
5656	3
5657	3
5658	1
5659	3
5660	3
5661	3
5662	0
5663	3
5664	0
5665	0
5666	0
5667	3
5668	1
5669	3
5670	0
5671	3
5672	3
5673	3
5674	0
5675	0
5676	2
5677	2
5678	0
5679	0
5680	3
5681	0
5682	3
5683	0
5684	0
5685	3
5686	2
5687	0
5688	0
5689	0
5690	1
5691	0
5692	0
5693	2
5694	1
5695	0
5696	0
5697	1
5698	0
5699	3
5700	2
5701	0
5702	3
5703	3
5704	0
5705	0
5706	0
5707	3
5708	3
5709	3
5710	2
5711	1
5712	3
5713	0
5714	0
5715	3
5716	0
5717	2
5718	1
5719	0
5720	0
5721	2
5722	2
5723	2
5724	3
5725	3
5726	0
5727	3
5728	0
5729	0
5730	3
5731	0
5732	0
5733	0
5734	0
5735	3
5736	3
5737	1
5738	2
5739	3
5740	3
5741	3
5742	1
5743	0
5744	3
5745	3
5746	0
5747	2
5748	2
5749	0
5750	0
5751	0
5752	3
5753	2
5754	0
5755	1
5756	3
5757	0
5758	2
5759	0
5760	3
5761	3
5762	0
5763	3
5764	3
5765	3
5766	3
5767	1
5768	0
5769	3
5770	0
5771	0
5772	0
5773	0
5774	2
5775	1
5776	0
5777	0
5778	1
5779	3
5780	3
5781	0
5782	3
5783	0
5784	0
5785	3
5786	0
5787	3
5788	3
5789	0
5790	2
5791	3
5792	3
5793	0
5794	0
5795	0
5796	3
5797	3
5798	0
5799	0
5800	3
5801	0
5802	3
5803	0
5804	0
5805	3
5806	3
5807	2
5808	3
5809	0
5810	3
5811	0
5812	0
5813	2
5814	0
5815	3
5816	3
5817	1
5818	0
5819	3
5820	0
5821	0
5822	3
5823	0
5824	0
5825	3
5826	1
5827	3
5828	0
5829	3
5830	1
5831	3
5832	0
5833	0
5834	0
5835	3
5836	3
5837	3
5838	0
5839	3
5840	0
5841	0
5842	0
5843	3
5844	0
5845	2
5846	2
5847	0
5848	0
5849	0
5850	0
5851	0
5852	3
5853	3
5854	0
5855	0
5856	3
5857	0
5858	3
5859	0
5860	0
5861	0
5862	0
5863	3
5864	3
5865	3
5866	3
5867	0
5868	0
5869	3
5870	0
5871	0
5872	3
5873	0
5874	0
5875	2
5876	3
5877	0
5878	3
5879	0
5880	2
5881	2
5882	0
5883	3
5884	1
5885	0
5886	0
5887	3
5888	3
5889	2
5890	0
5891	0
5892	3
5893	3
5894	3
5895	3
5896	0
5897	3
5898	0
5899	3
5900	3
5901	0
5902	0
5903	2
5904	0
5905	0
5906	0
5907	0
5908	0
5909	1
5910	0
5911	0
5912	3
5913	3
5914	3
5915	3
5916	3
5917	3
5918	3
5919	0
5920	1
5921	3
5922	0
5923	3
5924	0
5925	2
5926	0
5927	0
5928	1
5929	3
5930	0
5931	0
5932	0
5933	1
5934	0
5935	3
5936	0
5937	0
5938	1
5939	3
5940	3
5941	3
5942	0
5943	0
5944	0
5945	3
5946	0
5947	3
5948	0
5949	0
5950	3
5951	2
5952	3
5953	1
5954	0
5955	3
5956	3
5957	3
5958	0
5959	3
5960	0
5961	1
5962	0
5963	0
5964	3
5965	3
5966	2
5967	0
5968	3
5969	0
5970	0
5971	2
5972	0
5973	3
5974	3
5975	0
5976	3
5977	3
5978	2
5979	0
5980	1
5981	0
5982	0
5983	0
5984	0
5985	0
5986	3
5987	2
5988	0
5989	1
5990	0
5991	1
5992	0
5993	0
5994	0
5995	3
5996	3
5997	0
5998	0
5999	0
6000	3
6001	3
6002	2
6003	3
6004	3
6005	0
6006	3
6007	3
6008	3
6009	3
6010	1
6011	0
6012	0
6013	0
6014	0
6015	1
6016	0
6017	0
6018	0
6019	3
6020	3
6021	3
6022	3
6023	3
6024	0
6025	3
6026	1
6027	0
6028	0
6029	0
6030	2
6031	3
6032	0
6033	0
6034	1
6035	0
6036	0
6037	0
6038	0
6039	0
6040	2
6041	3
6042	3
6043	0
6044	1
6045	3
6046	3
6047	0
6048	0
6049	3
6050	0
6051	1
6052	0
6053	1
6054	0
6055	0
6056	3
6057	0
6058	3
6059	1
6060	0
6061	0
6062	3
6063	3
6064	1
6065	1
6066	1
6067	3
6068	0
6069	3
6070	3
6071	0
6072	3
6073	3
6074	3
6075	3
6076	0
6077	0
6078	3
6079	3
6080	0
6081	0
6082	0
6083	2
6084	0
6085	1
6086	3
6087	3
6088	3
6089	1
6090	3
6091	3
6092	3
6093	2
6094	0
6095	0
6096	1
6097	0
6098	0
6099	3
6100	0
6101	0
6102	3
6103	0
6104	0
6105	3
6106	0
6107	1
6108	3
6109	0
6110	0
6111	3
6112	0
6113	0
6114	0
6115	1
6116	0
6117	3
6118	1
6119	3
6120	0
6121	0
6122	3
6123	0
6124	2
6125	0
6126	2
6127	0
6128	3
6129	0
6130	1
6131	3
6132	2
6133	0
6134	3
6135	3
6136	3
6137	0
6138	3
6139	0
6140	0
6141	3
6142	0
6143	3
6144	0
6145	3
6146	0
6147	3
6148	0
6149	0
6150	0
6151	0
6152	3
6153	3
6154	1
6155	2
6156	3
6157	3
6158	0
6159	0
6160	3
6161	0
6162	1
6163	3
6164	3
6165	3
6166	2
6167	0
6168	0
6169	3
6170	3
6171	2
6172	1
6173	3
6174	0
6175	3
6176	1
6177	0
6178	2
6179	3
6180	3
6181	0
6182	0
6183	0
6184	3
6185	0
6186	2
6187	3
6188	0
6189	1
6190	0
6191	3
6192	3
6193	0
6194	3
6195	3
6196	3
6197	1
6198	1
6199	3
6200	0
6201	0
6202	0
6203	2
6204	0
6205	3
6206	0
6207	1
6208	0
6209	0
6210	0
6211	3
6212	0
6213	3
6214	3
6215	2
6216	0
6217	0
6218	0
6219	0
6220	3
6221	3
6222	1
6223	0
6224	0
6225	0
6226	0
6227	2
6228	0
6229	3
6230	3
6231	3
6232	3
6233	0
6234	0
6235	0
6236	3
6237	0
6238	0
6239	3
6240	3
6241	3
6242	2
6243	3
6244	3
6245	0
6246	3
6247	0
6248	3
6249	3
6250	0
6251	0
6252	0
6253	3
6254	3
6255	0
6256	2
6257	0
6258	3
6259	3
6260	0
6261	3
6262	0
6263	3
6264	0
6265	3
6266	3
6267	3
6268	3
6269	2
6270	0
6271	3
6272	3
6273	3
6274	0
6275	1
6276	3
6277	1
6278	0
6279	3
6280	0
6281	0
6282	3
6283	0
6284	2
6285	0
6286	3
6287	0
6288	3
6289	0
6290	2
6291	0
6292	0
6293	0
6294	0
6295	0
6296	0
6297	3
6298	3
6299	0
6300	3
6301	0
6302	2
6303	0
6304	2
6305	2
6306	0
6307	3
6308	3
6309	0
6310	0
6311	0
6312	3
6313	0
6314	1
6315	3
6316	0
6317	3
6318	0
6319	0
6320	3
6321	3
6322	3
6323	1
6324	3
6325	3
6326	2
6327	2
6328	0
6329	0
6330	0
6331	0
6332	0
6333	1
6334	0
6335	2
6336	2
6337	3
6338	0
6339	0
6340	3
6341	3
6342	3
6343	1
6344	0
6345	3
6346	0
6347	1
6348	3
6349	3
6350	3
6351	1
6352	0
6353	0
6354	0
6355	2
6356	0
6357	2
6358	3
6359	2
6360	3
6361	3
6362	2
6363	0
6364	3
6365	0
6366	0
6367	3
6368	0
6369	3
6370	3
6371	3
6372	3
6373	0
6374	0
6375	0
6376	2
6377	2
6378	0
6379	3
6380	3
6381	1
6382	3
6383	0
6384	0
6385	0
6386	3
6387	0
6388	0
6389	0
6390	0
6391	0
6392	0
6393	0
6394	0
6395	1
6396	0
6397	2
6398	0
6399	3
6400	3
6401	3
6402	0
6403	1
6404	0
6405	0
6406	3
6407	0
6408	0
6409	3
6410	3
6411	0
6412	3
6413	0
6414	1
6415	0
6416	3
6417	0
6418	3
6419	3
6420	0
6421	0
6422	3
6423	3
6424	0
6425	3
6426	3
6427	0
6428	1
6429	3
6430	0
6431	0
6432	3
6433	0
6434	0
6435	2
6436	0
6437	3
6438	0
6439	3
6440	3
6441	0
6442	3
6443	0
6444	3
6445	3
6446	0
6447	3
6448	0
6449	3
6450	3
6451	0
6452	3
6453	3
6454	1
6455	0
6456	0
6457	3
6458	1
6459	1
6460	0
6461	2
6462	3
6463	2
6464	0
6465	3
6466	0
6467	0
6468	3
6469	0
6470	3
6471	3
6472	1
6473	0
6474	0
6475	0
6476	3
6477	0
6478	3
6479	0
6480	0
6481	0
6482	0
6483	3
6484	0
6485	0
6486	0
6487	0
6488	3
6489	2
6490	3
6491	0
6492	0
6493	0
6494	1
6495	0
6496	3
6497	3
6498	1
6499	1
6500	3
6501	2
6502	0
6503	1
6504	3
6505	3
6506	0
6507	1
6508	3
6509	0
6510	3
6511	0
6512	1
6513	3
6514	0
6515	0
6516	3
6517	0
6518	3
6519	0
6520	0
6521	1
6522	0
6523	2
6524	3
6525	1
6526	0
6527	0
6528	0
6529	3
6530	0
6531	0
6532	3
6533	3
6534	0
6535	2
6536	0
6537	3
6538	0
6539	0
6540	3
6541	3
6542	0
6543	2
6544	3
6545	3
6546	2
6547	0
6548	1
6549	0
6550	3
6551	0
6552	0
6553	3
6554	0
6555	3
6556	0
6557	3
6558	0
6559	0
6560	2
6561	0
6562	3
6563	0
6564	3
6565	0
6566	0
6567	3
6568	3
6569	0
6570	0
6571	0
6572	0
6573	3
6574	0
6575	0
6576	0
6577	0
6578	3
6579	2
6580	0
6581	3
6582	1
6583	3
6584	3
6585	3
6586	1
6587	0
6588	3
6589	2
6590	1
6591	3
6592	0
6593	3
6594	0
6595	1
6596	3
6597	2
6598	0
6599	2
6600	0
6601	0
6602	0
6603	0
6604	0
6605	0
6606	3
6607	0
6608	3
6609	0
6610	0
6611	0
6612	3
6613	3
6614	2
6615	2
6616	3
6617	3
6618	1
6619	0
6620	0
6621	3
6622	3
6623	1
6624	3
6625	3
6626	0
6627	3
6628	3
6629	0
6630	1
6631	0
6632	3
6633	0
6634	0
6635	3
6636	3
6637	3
6638	0
6639	0
6640	0
6641	0
6642	0
6643	3
6644	0
6645	0
6646	2
6647	0
6648	3
6649	0
6650	0
6651	0
6652	0
6653	3
6654	3
6655	3
6656	3
6657	0
6658	1
6659	0
6660	3
6661	0
6662	3
6663	0
6664	2
6665	3
6666	1
6667	0
6668	3
6669	1
6670	3
6671	0
6672	1
6673	3
6674	3
6675	0
6676	0
6677	3
6678	3
6679	0
6680	0
6681	3
6682	0
6683	0
6684	0
6685	3
6686	0
6687	0
6688	0
6689	3
6690	0
6691	3
6692	0
6693	0
6694	0
6695	2
6696	3
6697	0
6698	1
6699	0
6700	3
6701	1
6702	0
6703	3
6704	0
6705	3
6706	0
6707	0
6708	3
6709	3
6710	1
6711	3
6712	2
6713	3
6714	0
6715	3
6716	0
6717	3
6718	3
6719	1
6720	3
6721	0
6722	0
6723	3
6724	1
6725	2
6726	3
6727	2
6728	0
6729	0
6730	2
6731	3
6732	0
6733	3
6734	0
6735	0
6736	0
6737	3
6738	2
6739	0
6740	0
6741	0
6742	1
6743	3
6744	0
6745	3
6746	0
6747	0
6748	0
6749	3
6750	1
6751	0
6752	3
6753	3
6754	0
6755	3
6756	0
6757	0
6758	3
6759	3
6760	3
6761	0
6762	0
6763	0
6764	3
6765	3
6766	0
6767	0
6768	2
6769	3
6770	3
6771	0
6772	0
6773	0
6774	3
6775	3
6776	0
6777	0
6778	3
6779	3
6780	3
6781	0
6782	1
6783	0
6784	0
6785	2
6786	3
6787	1
6788	3
6789	1
6790	0
6791	3
6792	0
6793	3
6794	3
6795	1
6796	3
6797	3
6798	2
6799	0
6800	0
6801	0
6802	3
6803	0
6804	3
6805	2
6806	0
6807	3
6808	1
6809	3
6810	3
6811	3
6812	2
6813	2
6814	0
6815	3
6816	3
6817	3
6818	0
6819	0
6820	3
6821	3
6822	2
6823	1
6824	1
6825	0
6826	3
6827	3
6828	3
6829	0
6830	0
6831	3
6832	3
6833	0
6834	3
6835	0
6836	0
6837	0
6838	1
6839	2
6840	3
6841	1
6842	0
6843	3
6844	3
6845	3
6846	3
6847	2
6848	0
6849	3
6850	3
6851	3
6852	3
6853	0
6854	1
6855	3
6856	0
6857	3
6858	0
6859	3
6860	3
6861	3
6862	0
6863	3
6864	0
6865	0
6866	0
6867	0
6868	0
6869	3
6870	3
6871	3
6872	3
6873	3
6874	3
6875	1
6876	0
6877	0
6878	3
6879	2
6880	3
6881	1
6882	0
6883	2
6884	0
6885	0
6886	1
6887	3
6888	3
6889	3
6890	3
6891	0
6892	3
6893	3
6894	3
6895	0
6896	0
6897	0
6898	3
6899	0
6900	3
6901	0
6902	0
6903	3
6904	0
6905	0
6906	1
6907	0
6908	3
6909	0
6910	3
6911	3
6912	2
6913	0
6914	0
6915	0
6916	2
6917	3
6918	0
6919	0
6920	0
6921	3
6922	0
6923	3
6924	3
6925	3
6926	1
6927	0
6928	3
6929	0
6930	3
6931	0
6932	0
6933	3
6934	0
6935	0
6936	0
6937	3
6938	0
6939	0
6940	0
6941	2
6942	3
6943	0
6944	3
6945	3
6946	2
6947	1
6948	3
6949	1
6950	0
6951	0
6952	3
6953	2
6954	3
6955	3
6956	0
6957	0
6958	0
6959	0
6960	0
6961	3
6962	3
6963	3
6964	0
6965	3
6966	3
6967	1
6968	2
6969	0
6970	0
6971	0
6972	3
6973	0
6974	3
6975	3
6976	0
6977	0
6978	0
6979	2
6980	3
6981	2
6982	3
6983	0
6984	0
6985	0
6986	3
6987	2
6988	3
6989	3
6990	3
6991	3
6992	0
6993	3
6994	0
6995	0
6996	0
6997	0
6998	0
6999	3
7000	3
7001	3
7002	3
7003	3
7004	0
7005	0
7006	1
7007	0
7008	0
7009	0
7010	0
7011	3
7012	3
7013	3
7014	2
7015	3
7016	3
7017	3
7018	3
7019	3
7020	3
7021	0
7022	1
7023	3
7024	3
7025	3
7026	0
7027	0
7028	3
7029	0
7030	1
7031	0
7032	2
7033	0
7034	0
7035	3
7036	3
7037	0
7038	3
7039	3
7040	0
7041	1
7042	3
7043	2
7044	3
7045	3
7046	3
7047	3
7048	3
7049	3
7050	3
7051	3
7052	3
7053	3
7054	3
7055	0
7056	3
7057	0
7058	1
7059	0
7060	0
7061	0
7062	3
7063	0
7064	3
7065	3
7066	0
7067	1
7068	0
7069	0
7070	0
7071	0
7072	3
7073	3
7074	1
7075	2
7076	3
7077	0
7078	0
7079	0
7080	0
7081	3
7082	0
7083	3
7084	0
7085	0
7086	0
7087	3
7088	0
7089	0
7090	3
7091	0
7092	3
7093	2
7094	0
7095	0
7096	3
7097	0
7098	3
7099	0
7100	3
7101	0
7102	3
7103	0
7104	3
7105	0
7106	0
7107	3
7108	3
7109	1
7110	3
7111	1
7112	0
7113	3
7114	2
7115	3
7116	3
7117	3
7118	2
7119	3
7120	0
7121	0
7122	3
7123	0
7124	0
7125	0
7126	3
7127	3
7128	3
7129	0
7130	3
7131	0
7132	0
7133	3
7134	1
7135	3
7136	2
7137	0
7138	0
7139	0
7140	2
7141	3
7142	0
7143	0
7144	3
7145	3
7146	1
7147	0
7148	0
7149	3
7150	0
7151	3
7152	0
7153	3
7154	3
7155	0
7156	0
7157	0
7158	3
7159	3
7160	3
7161	0
7162	3
7163	0
7164	1
7165	0
7166	3
7167	0
7168	0
7169	0
7170	0
7171	3
7172	3
7173	3
7174	3
7175	3
7176	0
7177	3
7178	3
7179	3
7180	1
7181	3
7182	3
7183	0
7184	0
7185	1
7186	2
7187	3
7188	3
7189	3
7190	0
7191	3
7192	3
7193	3
7194	3
7195	3
7196	0
7197	1
7198	0
7199	0
7200	3
7201	3
7202	0
7203	0
7204	0
7205	0
7206	0
7207	3
7208	3
7209	2
7210	0
7211	3
7212	0
7213	0
7214	0
7215	0
7216	0
7217	3
7218	3
7219	3
7220	2
7221	3
7222	2
7223	1
7224	0
7225	3
7226	3
7227	3
7228	2
7229	0
7230	2
7231	0
7232	3
7233	0
7234	1
7235	0
7236	3
7237	0
7238	3
7239	3
7240	0
7241	0
7242	3
7243	3
7244	0
7245	3
7246	2
7247	3
7248	2
7249	0
7250	0
7251	0
7252	0
7253	0
7254	0
7255	0
7256	3
7257	0
7258	0
7259	3
7260	1
7261	1
7262	0
7263	0
7264	3
7265	3
7266	1
7267	3
7268	3
7269	0
7270	1
7271	0
7272	3
7273	1
7274	3
7275	3
7276	0
7277	0
7278	3
7279	1
7280	0
7281	0
7282	0
7283	0
7284	3
7285	0
7286	3
7287	3
7288	0
7289	0
7290	0
7291	0
7292	0
7293	0
7294	0
7295	0
7296	3
7297	2
7298	2
7299	3
7300	3
7301	0
7302	1
7303	0
7304	0
7305	0
7306	0
7307	0
7308	0
7309	3
7310	3
7311	3
7312	0
7313	3
7314	3
7315	1
7316	0
7317	0
7318	3
7319	0
7320	0
7321	3
7322	3
7323	2
7324	0
7325	2
7326	0
7327	0
7328	2
7329	3
7330	2
7331	3
7332	0
7333	3
7334	1
7335	3
7336	3
7337	0
7338	3
7339	0
7340	0
7341	0
7342	3
7343	3
7344	1
7345	3
7346	0
7347	0
7348	0
7349	3
7350	0
7351	0
7352	3
7353	0
7354	3
7355	3
7356	0
7357	1
7358	1
7359	0
7360	3
7361	0
7362	0
7363	0
7364	2
7365	0
7366	0
7367	0
7368	0
7369	0
7370	2
7371	0
7372	1
7373	3
7374	0
7375	3
7376	3
7377	2
7378	1
7379	3
7380	2
7381	0
7382	0
7383	1
7384	0
7385	2
7386	3
7387	3
7388	3
7389	1
7390	3
7391	3
7392	3
7393	3
7394	0
7395	3
7396	3
7397	0
7398	0
7399	0
7400	3
7401	3
7402	3
7403	3
7404	3
7405	3
7406	3
7407	2
7408	0
7409	0
7410	3
7411	3
7412	0
7413	0
7414	3
7415	0
7416	1
7417	3
7418	0
7419	0
7420	2
7421	0
7422	0
7423	3
7424	0
7425	3
7426	2
7427	2
7428	3
7429	1
7430	1
7431	3
7432	0
7433	3
7434	0
7435	0
7436	0
7437	0
7438	3
7439	0
7440	0
7441	1
7442	0
7443	3
7444	3
7445	3
7446	0
7447	3
7448	0
7449	0
7450	0
7451	2
7452	0
7453	3
7454	0
7455	1
7456	0
7457	3
7458	1
7459	3
7460	0
7461	0
7462	2
7463	3
7464	3
7465	0
7466	0
7467	3
7468	3
7469	1
7470	3
7471	3
7472	2
7473	2
7474	3
7475	3
7476	0
7477	0
7478	3
7479	3
7480	3
7481	0
7482	1
7483	3
7484	3
7485	3
7486	0
7487	3
7488	3
7489	3
7490	0
7491	0
7492	0
7493	0
7494	1
7495	2
7496	0
7497	0
7498	3
7499	0
7500	3
7501	3
7502	0
7503	0
7504	3
7505	0
7506	3
7507	0
7508	0
7509	0
7510	0
7511	1
7512	0
7513	3
7514	0
7515	0
7516	3
7517	0
7518	0
7519	0
7520	0
7521	3
7522	0
7523	0
7524	0
7525	3
7526	3
7527	0
7528	2
7529	1
7530	0
7531	0
7532	1
7533	3
7534	3
7535	0
7536	3
7537	2
7538	3
7539	3
7540	0
7541	3
7542	3
7543	2
7544	3
7545	0
7546	0
7547	0
7548	0
7549	0
7550	3
7551	0
7552	0
7553	3
7554	0
7555	3
7556	2
7557	2
7558	0
7559	0
7560	3
7561	0
7562	0
7563	3
7564	0
7565	0
7566	3
7567	0
7568	3
7569	3
7570	0
7571	0
7572	0
7573	3
7574	0
7575	0
7576	3
7577	3
7578	2
7579	0
7580	0
7581	3
7582	0
7583	0
7584	0
7585	0
7586	3
7587	0
7588	0
7589	3
7590	3
7591	3
7592	3
7593	3
7594	1
7595	1
7596	3
7597	1
7598	3
7599	0
7600	3
7601	0
7602	3
7603	3
7604	3
7605	3
7606	2
7607	3
7608	3
7609	0
7610	3
7611	0
7612	3
7613	0
7614	0
7615	0
7616	1
7617	0
7618	0
7619	0
7620	0
7621	0
7622	3
7623	0
7624	0
7625	0
7626	0
7627	0
7628	0
7629	3
7630	0
7631	3
7632	0
7633	0
7634	0
7635	0
7636	0
7637	0
7638	2
7639	2
7640	3
7641	0
7642	3
7643	0
7644	0
7645	1
7646	0
7647	3
7648	3
7649	3
7650	0
7651	0
7652	3
7653	1
7654	0
7655	3
7656	3
7657	3
7658	3
7659	1
7660	2
7661	3
7662	3
7663	0
7664	2
7665	3
7666	3
7667	3
7668	0
7669	0
7670	3
7671	3
7672	3
7673	0
7674	3
7675	0
7676	0
7677	0
7678	3
7679	3
7680	2
7681	2
7682	3
7683	1
7684	3
7685	3
7686	3
7687	3
7688	0
7689	3
7690	3
7691	2
7692	3
7693	3
7694	3
7695	0
7696	0
7697	3
7698	0
7699	0
7700	3
7701	3
7702	0
7703	0
7704	0
7705	3
7706	1
7707	0
7708	0
7709	0
7710	0
7711	3
7712	0
7713	0
7714	0
7715	2
7716	0
7717	0
7718	0
7719	2
7720	0
7721	0
7722	0
7723	0
7724	2
7725	1
7726	0
7727	0
7728	0
7729	1
7730	2
7731	0
7732	0
7733	3
7734	3
7735	0
7736	0
7737	3
7738	0
7739	0
7740	1
7741	0
7742	0
7743	1
7744	3
7745	0
7746	0
7747	3
7748	3
7749	0
7750	2
7751	3
7752	3
7753	0
7754	2
7755	3
7756	1
7757	3
7758	0
7759	0
7760	0
7761	2
7762	0
7763	0
7764	3
7765	3
7766	0
7767	0
7768	3
7769	1
7770	3
7771	3
7772	3
7773	1
7774	0
7775	0
7776	0
7777	3
7778	2
7779	2
7780	0
7781	2
7782	2
7783	3
7784	3
7785	3
7786	0
7787	3
7788	3
7789	0
7790	2
7791	1
7792	3
7793	3
7794	0
7795	0
7796	0
7797	0
7798	3
7799	0
7800	0
7801	0
7802	0
7803	3
7804	0
7805	1
7806	0
7807	0
7808	0
7809	3
7810	3
7811	3
7812	3
7813	0
7814	3
7815	3
7816	3
7817	3
7818	3
7819	0
7820	3
7821	0
7822	3
7823	0
7824	0
7825	0
7826	2
7827	0
7828	2
7829	3
7830	3
7831	3
7832	3
7833	0
7834	0
7835	3
7836	0
7837	0
7838	0
7839	2
7840	0
7841	3
7842	1
7843	0
7844	0
7845	1
7846	0
7847	3
7848	3
7849	0
7850	0
7851	3
7852	0
7853	0
7854	0
7855	3
7856	3
7857	0
7858	3
7859	3
7860	3
7861	0
7862	3
7863	3
7864	3
7865	0
7866	3
7867	0
7868	0
7869	3
7870	0
7871	0
7872	0
7873	3
7874	3
7875	3
7876	3
7877	3
7878	3
7879	3
7880	1
7881	2
7882	0
7883	3
7884	3
7885	0
7886	2
7887	3
7888	2
7889	0
7890	3
7891	0
7892	1
7893	0
7894	3
7895	0
7896	3
7897	3
7898	3
7899	0
7900	0
7901	3
7902	0
7903	0
7904	0
7905	3
7906	3
7907	3
7908	1
7909	0
7910	0
7911	3
7912	0
7913	3
7914	3
7915	3
7916	0
7917	1
7918	3
7919	3
7920	0
7921	0
7922	0
7923	3
7924	0
7925	3
7926	3
7927	3
7928	0
7929	3
7930	0
7931	3
7932	0
7933	0
7934	3
7935	3
7936	3
7937	0
7938	0
7939	3
7940	3
7941	1
7942	0
7943	3
7944	0
7945	3
7946	3
7947	0
7948	3
7949	3
7950	0
7951	0
7952	1
7953	0
7954	0
7955	0
7956	1
7957	3
7958	0
7959	0
7960	3
7961	3
7962	0
7963	0
7964	0
7965	3
7966	0
7967	0
7968	0
7969	0
7970	0
7971	3
7972	3
7973	0
7974	3
7975	1
7976	1
7977	1
7978	0
7979	3
7980	0
7981	0
7982	0
7983	3
7984	3
7985	0
7986	0
7987	3
7988	3
7989	0
7990	3
7991	3
7992	0
7993	0
7994	1
7995	3
7996	3
7997	3
7998	0
7999	3
8000	0
8001	3
8002	0
8003	2
8004	0
8005	0
8006	0
8007	3
8008	0
8009	0
8010	0
8011	3
8012	0
8013	2
8014	1
8015	3
8016	3
8017	0
8018	0
8019	3
8020	3
8021	0
8022	0
8023	3
8024	0
8025	0
8026	3
8027	3
8028	0
8029	3
8030	0
8031	3
8032	3
8033	3
8034	0
8035	0
8036	0
8037	0
8038	0
8039	3
8040	0
8041	3
8042	3
8043	3
8044	3
8045	2
8046	3
8047	3
8048	3
8049	3
8050	0
8051	2
8052	2
8053	3
8054	3
8055	3
8056	0
8057	3
8058	0
8059	1
8060	2
8061	0
8062	0
8063	3
8064	3
8065	0
8066	0
8067	3
8068	3
8069	3
8070	0
8071	0
8072	0
8073	2
8074	0
8075	3
8076	2
8077	0
8078	3
8079	3
8080	3
8081	0
8082	3
8083	0
8084	3
8085	0
8086	0
8087	0
8088	3
8089	2
8090	2
8091	0
8092	0
8093	2
8094	0
8095	3
8096	0
8097	3
8098	2
8099	0
8100	2
8101	0
8102	0
8103	3
8104	3
8105	0
8106	0
8107	2
8108	3
8109	0
8110	3
8111	3
8112	0
8113	0
8114	1
8115	3
8116	0
8117	3
8118	0
8119	0
8120	3
8121	0
8122	2
8123	3
8124	3
8125	3
8126	2
8127	0
8128	3
8129	3
8130	0
8131	3
8132	3
8133	0
8134	3
8135	0
8136	3
8137	0
8138	0
8139	0
8140	2
8141	3
8142	0
8143	0
8144	0
8145	0
8146	0
8147	0
8148	3
8149	0
8150	1
8151	0
8152	0
8153	2
8154	0
8155	0
8156	0
8157	3
8158	0
8159	1
8160	1
8161	3
8162	0
8163	3
8164	3
8165	0
8166	3
8167	0
8168	3
8169	3
8170	3
8171	0
8172	0
8173	0
8174	2
8175	0
8176	3
8177	3
8178	2
8179	3
8180	3
8181	0
8182	3
8183	3
8184	3
8185	0
8186	0
8187	0
8188	0
8189	0
8190	0
8191	3
