COMMAND
./sim gshare 12 5 ./proj2-traces/jpeg_trace.txt
OUTPUT
number of predictions:2000000
number of mispredictions:144786
misprediction rate:   7.24%
FINAL GSHARE CONTENTS
0	2
1	2
2	3
3	3
4	2
5	0
6	2
7	2
8	2
9	1
10	2
11	1
12	1
13	2
14	3
15	2
16	3
17	3
18	2
19	3
20	2
21	2
22	3
23	2
24	3
25	2
26	3
27	0
28	0
29	2
30	2
31	3
32	2
33	2
34	2
35	1
36	2
37	0
38	3
39	3
40	2
41	3
42	3
43	2
44	2
45	1
46	0
47	3
48	1
49	0
50	2
51	0
52	3
53	0
54	0
55	2
56	0
57	1
58	2
59	0
60	3
61	2
62	3
63	2
64	3
65	2
66	0
67	2
68	0
69	2
70	3
71	2
72	2
73	0
74	2
75	3
76	0
77	0
78	2
79	2
80	2
81	2
82	2
83	2
84	2
85	0
86	2
87	2
88	2
89	0
90	2
91	0
92	2
93	0
94	2
95	0
96	1
97	3
98	3
99	1
100	2
101	3
102	3
103	2
104	3
105	3
106	3
107	0
108	2
109	2
110	2
111	2
112	2
113	0
114	3
115	2
116	2
117	2
118	0
119	2
120	3
121	2
122	2
123	2
124	3
125	0
126	3
127	2
128	3
129	0
130	3
131	2
132	2
133	2
134	2
135	3
136	0
137	0
138	2
139	0
140	1
141	2
142	0
143	0
144	3
145	3
146	2
147	3
148	2
149	2
150	2
151	2
152	3
153	1
154	3
155	3
156	2
157	3
158	2
159	0
160	0
161	3
162	2
163	1
164	2
165	2
166	1
167	2
168	2
169	2
170	0
171	3
172	2
173	3
174	3
175	3
176	2
177	2
178	2
179	2
180	1
181	0
182	2
183	3
184	2
185	2
186	3
187	3
188	2
189	3
190	3
191	1
192	2
193	2
194	2
195	0
196	0
197	2
198	2
199	3
200	2
201	3
202	2
203	0
204	0
205	2
206	2
207	0
208	3
209	2
210	2
211	2
212	2
213	0
214	2
215	3
216	2
217	0
218	2
219	0
220	3
221	0
222	3
223	2
224	2
225	2
226	2
227	2
228	2
229	3
230	0
231	2
232	0
233	3
234	2
235	2
236	2
237	2
238	2
239	3
240	1
241	2
242	0
243	2
244	3
245	2
246	1
247	0
248	0
249	0
250	3
251	1
252	0
253	2
254	2
255	0
256	3
257	3
258	0
259	2
260	2
261	3
262	3
263	3
264	3
265	2
266	3
267	1
268	2
269	3
270	2
271	2
272	3
273	2
274	2
275	0
276	0
277	2
278	3
279	2
280	3
281	3
282	3
283	2
284	3
285	3
286	2
287	0
288	0
289	2
290	2
291	2
292	2
293	0
294	2
295	3
296	2
297	3
298	1
299	2
300	3
301	0
302	3
303	3
304	2
305	0
306	0
307	3
308	2
309	2
310	0
311	3
312	2
313	2
314	3
315	2
316	2
317	3
318	0
319	2
320	2
321	3
322	2
323	0
324	2
325	3
326	3
327	3
328	3
329	2
330	2
331	0
332	3
333	2
334	2
335	3
336	2
337	2
338	0
339	0
340	2
341	0
342	2
343	3
344	2
345	0
346	3
347	0
348	2
349	2
350	2
351	0
352	3
353	2
354	3
355	0
356	0
357	0
358	3
359	2
360	2
361	3
362	2
363	2
364	0
365	0
366	2
367	2
368	0
369	2
370	0
371	0
372	3
373	0
374	0
375	0
376	0
377	0
378	2
379	0
380	2
381	0
382	2
383	0
384	2
385	1
386	0
387	2
388	0
389	3
390	0
391	3
392	3
393	2
394	3
395	1
396	2
397	0
398	3
399	2
400	3
401	2
402	2
403	3
404	2
405	1
406	2
407	0
408	3
409	3
410	2
411	3
412	3
413	3
414	2
415	0
416	3
417	2
418	2
419	0
420	0
421	2
422	2
423	3
424	2
425	3
426	2
427	2
428	3
429	0
430	3
431	3
432	2
433	0
434	2
435	2
436	3
437	0
438	2
439	3
440	2
441	2
442	3
443	2
444	2
445	3
446	2
447	1
448	2
449	0
450	3
451	3
452	3
453	3
454	0
455	3
456	3
457	3
458	0
459	2
460	3
461	2
462	0
463	0
464	2
465	0
466	2
467	0
468	3
469	0
470	2
471	2
472	2
473	0
474	3
475	0
476	3
477	0
478	2
479	2
480	3
481	3
482	0
483	2
484	0
485	2
486	3
487	3
488	2
489	2
490	2
491	0
492	2
493	0
494	2
495	0
496	2
497	2
498	1
499	2
500	3
501	2
502	2
503	3
504	3
505	0
506	3
507	2
508	3
509	2
510	2
511	0
512	2
513	3
514	3
515	3
516	2
517	0
518	2
519	3
520	2
521	2
522	2
523	0
524	3
525	3
526	3
527	2
528	3
529	2
530	3
531	3
532	2
533	2
534	2
535	3
536	2
537	3
538	3
539	1
540	3
541	3
542	2
543	3
544	3
545	2
546	3
547	0
548	0
549	2
550	0
551	3
552	1
553	3
554	2
555	3
556	2
557	0
558	3
559	2
560	3
561	2
562	1
563	0
564	1
565	2
566	3
567	2
568	3
569	2
570	3
571	3
572	3
573	0
574	3
575	1
576	3
577	2
578	2
579	3
580	0
581	2
582	3
583	3
584	0
585	3
586	2
587	2
588	3
589	2
590	2
591	0
592	2
593	2
594	2
595	0
596	0
597	0
598	2
599	2
600	1
601	3
602	3
603	0
604	1
605	2
606	3
607	2
608	1
609	3
610	2
611	1
612	2
613	3
614	3
615	2
616	3
617	3
618	2
619	2
620	2
621	2
622	2
623	0
624	2
625	2
626	0
627	0
628	3
629	0
630	3
631	2
632	1
633	2
634	3
635	2
636	0
637	2
638	2
639	0
640	2
641	2
642	3
643	2
644	2
645	3
646	2
647	3
648	3
649	0
650	2
651	2
652	3
653	0
654	3
655	0
656	3
657	3
658	2
659	3
660	1
661	3
662	2
663	2
664	2
665	2
666	3
667	0
668	2
669	0
670	3
671	2
672	2
673	1
674	1
675	0
676	2
677	0
678	1
679	3
680	1
681	1
682	2
683	2
684	3
685	0
686	3
687	3
688	2
689	1
690	0
691	2
692	0
693	2
694	2
695	2
696	0
697	2
698	0
699	3
700	0
701	3
702	3
703	3
704	3
705	2
706	0
707	2
708	3
709	2
710	2
711	3
712	2
713	3
714	2
715	0
716	3
717	3
718	2
719	2
720	2
721	3
722	2
723	3
724	3
725	2
726	3
727	2
728	0
729	2
730	3
731	2
732	3
733	2
734	2
735	2
736	0
737	2
738	2
739	2
740	2
741	3
742	3
743	2
744	2
745	2
746	3
747	2
748	3
749	0
750	2
751	3
752	3
753	2
754	0
755	2
756	2
757	2
758	2
759	0
760	2
761	0
762	3
763	3
764	2
765	3
766	2
767	2
768	2
769	0
770	3
771	3
772	2
773	0
774	3
775	3
776	3
777	2
778	2
779	0
780	2
781	2
782	2
783	0
784	2
785	2
786	2
787	2
788	1
789	2
790	3
791	2
792	1
793	2
794	2
795	3
796	2
797	3
798	3
799	2
800	3
801	2
802	0
803	0
804	2
805	2
806	0
807	2
808	2
809	3
810	3
811	2
812	2
813	2
814	3
815	3
816	3
817	1
818	3
819	0
820	3
821	2
822	3
823	3
824	0
825	3
826	2
827	2
828	1
829	3
830	2
831	1
832	2
833	2
834	2
835	2
836	2
837	2
838	3
839	3
840	0
841	3
842	2
843	2
844	3
845	2
846	3
847	2
848	2
849	2
850	2
851	0
852	3
853	3
854	2
855	3
856	3
857	3
858	2
859	2
860	3
861	2
862	2
863	2
864	3
865	3
866	2
867	2
868	2
869	2
870	3
871	2
872	2
873	2
874	2
875	0
876	2
877	2
878	3
879	3
880	2
881	2
882	0
883	2
884	3
885	3
886	0
887	0
888	1
889	2
890	3
891	3
892	2
893	0
894	0
895	0
896	0
897	2
898	2
899	3
900	0
901	0
902	2
903	3
904	2
905	0
906	0
907	3
908	0
909	2
910	2
911	3
912	3
913	3
914	2
915	2
916	2
917	3
918	2
919	3
920	2
921	3
922	2
923	0
924	3
925	0
926	3
927	0
928	0
929	1
930	2
931	1
932	3
933	3
934	0
935	0
936	2
937	3
938	3
939	0
940	2
941	0
942	3
943	3
944	2
945	3
946	0
947	2
948	3
949	2
950	0
951	3
952	2
953	0
954	0
955	2
956	0
957	3
958	3
959	0
960	0
961	3
962	2
963	2
964	3
965	2
966	3
967	2
968	3
969	1
970	3
971	1
972	2
973	1
974	3
975	2
976	3
977	2
978	0
979	2
980	0
981	0
982	2
983	0
984	2
985	1
986	3
987	0
988	0
989	2
990	2
991	2
992	3
993	3
994	0
995	1
996	1
997	3
998	2
999	2
1000	3
1001	0
1002	2
1003	2
1004	2
1005	0
1006	2
1007	3
1008	0
1009	0
1010	0
1011	2
1012	3
1013	0
1014	1
1015	1
1016	2
1017	2
1018	3
1019	2
1020	3
1021	2
1022	1
1023	0
1024	2
1025	0
1026	0
1027	0
1028	2
1029	0
1030	2
1031	3
1032	3
1033	2
1034	3
1035	3
1036	3
1037	2
1038	3
1039	2
1040	3
1041	3
1042	2
1043	0
1044	1
1045	2
1046	2
1047	2
1048	2
1049	0
1050	2
1051	2
1052	2
1053	0
1054	3
1055	3
1056	3
1057	3
1058	2
1059	1
1060	3
1061	0
1062	2
1063	0
1064	2
1065	3
1066	1
1067	3
1068	0
1069	2
1070	2
1071	0
1072	2
1073	3
1074	0
1075	2
1076	2
1077	3
1078	2
1079	0
1080	3
1081	1
1082	2
1083	3
1084	2
1085	2
1086	3
1087	2
1088	1
1089	3
1090	2
1091	0
1092	2
1093	2
1094	2
1095	0
1096	3
1097	3
1098	2
1099	2
1100	2
1101	3
1102	2
1103	0
1104	2
1105	2
1106	0
1107	0
1108	2
1109	0
1110	2
1111	3
1112	2
1113	2
1114	0
1115	0
1116	0
1117	2
1118	0
1119	2
1120	3
1121	2
1122	2
1123	0
1124	2
1125	2
1126	3
1127	3
1128	2
1129	2
1130	2
1131	3
1132	0
1133	0
1134	2
1135	2
1136	2
1137	2
1138	2
1139	0
1140	2
1141	3
1142	3
1143	2
1144	3
1145	0
1146	2
1147	2
1148	2
1149	3
1150	3
1151	2
1152	2
1153	2
1154	1
1155	2
1156	2
1157	0
1158	0
1159	3
1160	3
1161	3
1162	3
1163	1
1164	2
1165	2
1166	2
1167	0
1168	2
1169	2
1170	1
1171	3
1172	1
1173	2
1174	2
1175	2
1176	2
1177	2
1178	3
1179	0
1180	2
1181	2
1182	2
1183	3
1184	2
1185	1
1186	2
1187	0
1188	2
1189	0
1190	3
1191	1
1192	2
1193	2
1194	2
1195	2
1196	2
1197	2
1198	2
1199	2
1200	2
1201	3
1202	0
1203	2
1204	3
1205	3
1206	1
1207	3
1208	2
1209	1
1210	2
1211	3
1212	2
1213	3
1214	3
1215	3
1216	3
1217	2
1218	2
1219	2
1220	0
1221	3
1222	2
1223	3
1224	3
1225	3
1226	2
1227	3
1228	3
1229	3
1230	2
1231	2
1232	2
1233	2
1234	2
1235	0
1236	3
1237	3
1238	2
1239	2
1240	2
1241	2
1242	2
1243	0
1244	0
1245	2
1246	0
1247	0
1248	3
1249	2
1250	0
1251	0
1252	0
1253	0
1254	3
1255	3
1256	2
1257	2
1258	2
1259	3
1260	0
1261	0
1262	3
1263	3
1264	2
1265	2
1266	3
1267	1
1268	2
1269	3
1270	0
1271	0
1272	3
1273	1
1274	2
1275	0
1276	2
1277	3
1278	2
1279	2
1280	2
1281	3
1282	0
1283	2
1284	0
1285	3
1286	3
1287	3
1288	3
1289	2
1290	3
1291	0
1292	0
1293	2
1294	2
1295	0
1296	3
1297	3
1298	2
1299	1
1300	0
1301	2
1302	2
1303	0
1304	2
1305	2
1306	3
1307	2
1308	0
1309	1
1310	1
1311	3
1312	2
1313	0
1314	2
1315	0
1316	3
1317	0
1318	2
1319	0
1320	2
1321	2
1322	2
1323	3
1324	3
1325	2
1326	2
1327	2
1328	2
1329	0
1330	0
1331	2
1332	3
1333	2
1334	3
1335	2
1336	3
1337	0
1338	3
1339	3
1340	2
1341	2
1342	3
1343	2
1344	2
1345	2
1346	2
1347	2
1348	2
1349	2
1350	2
1351	0
1352	3
1353	0
1354	2
1355	3
1356	3
1357	3
1358	2
1359	2
1360	2
1361	2
1362	2
1363	3
1364	2
1365	3
1366	2
1367	2
1368	3
1369	0
1370	2
1371	0
1372	3
1373	2
1374	2
1375	2
1376	3
1377	2
1378	0
1379	2
1380	2
1381	2
1382	0
1383	2
1384	2
1385	3
1386	3
1387	0
1388	0
1389	2
1390	2
1391	0
1392	2
1393	0
1394	3
1395	3
1396	0
1397	3
1398	2
1399	2
1400	3
1401	2
1402	3
1403	2
1404	3
1405	0
1406	2
1407	0
1408	2
1409	3
1410	3
1411	2
1412	0
1413	3
1414	3
1415	3
1416	2
1417	2
1418	3
1419	0
1420	1
1421	0
1422	0
1423	0
1424	3
1425	3
1426	2
1427	3
1428	3
1429	0
1430	2
1431	2
1432	2
1433	3
1434	3
1435	2
1436	0
1437	2
1438	2
1439	3
1440	0
1441	1
1442	2
1443	3
1444	2
1445	2
1446	2
1447	2
1448	2
1449	2
1450	2
1451	3
1452	2
1453	2
1454	3
1455	2
1456	3
1457	3
1458	0
1459	2
1460	3
1461	2
1462	2
1463	0
1464	3
1465	3
1466	3
1467	3
1468	2
1469	2
1470	3
1471	0
1472	3
1473	2
1474	2
1475	2
1476	2
1477	3
1478	0
1479	2
1480	3
1481	0
1482	3
1483	3
1484	3
1485	3
1486	2
1487	0
1488	3
1489	2
1490	2
1491	2
1492	3
1493	3
1494	0
1495	0
1496	2
1497	0
1498	3
1499	0
1500	0
1501	2
1502	2
1503	2
1504	2
1505	3
1506	0
1507	0
1508	2
1509	2
1510	3
1511	2
1512	2
1513	2
1514	0
1515	2
1516	2
1517	2
1518	2
1519	0
1520	2
1521	2
1522	3
1523	3
1524	3
1525	0
1526	0
1527	3
1528	3
1529	0
1530	2
1531	2
1532	3
1533	1
1534	1
1535	0
1536	2
1537	0
1538	1
1539	2
1540	0
1541	2
1542	2
1543	3
1544	3
1545	3
1546	2
1547	0
1548	0
1549	2
1550	3
1551	0
1552	3
1553	3
1554	0
1555	3
1556	2
1557	2
1558	2
1559	2
1560	0
1561	3
1562	3
1563	3
1564	2
1565	2
1566	2
1567	3
1568	3
1569	0
1570	3
1571	2
1572	2
1573	2
1574	2
1575	2
1576	2
1577	2
1578	2
1579	2
1580	3
1581	0
1582	2
1583	0
1584	2
1585	2
1586	2
1587	2
1588	3
1589	3
1590	3
1591	3
1592	2
1593	2
1594	2
1595	3
1596	1
1597	1
1598	3
1599	2
1600	2
1601	2
1602	2
1603	0
1604	0
1605	0
1606	2
1607	2
1608	3
1609	2
1610	2
1611	3
1612	3
1613	3
1614	2
1615	2
1616	0
1617	2
1618	2
1619	0
1620	2
1621	2
1622	2
1623	3
1624	2
1625	0
1626	2
1627	2
1628	3
1629	2
1630	3
1631	0
1632	2
1633	3
1634	3
1635	0
1636	2
1637	2
1638	2
1639	2
1640	2
1641	2
1642	3
1643	0
1644	2
1645	2
1646	2
1647	2
1648	2
1649	0
1650	3
1651	2
1652	0
1653	1
1654	2
1655	1
1656	3
1657	2
1658	3
1659	2
1660	3
1661	2
1662	3
1663	2
1664	2
1665	0
1666	0
1667	2
1668	0
1669	3
1670	2
1671	2
1672	3
1673	3
1674	2
1675	3
1676	0
1677	3
1678	3
1679	0
1680	0
1681	3
1682	2
1683	1
1684	2
1685	2
1686	2
1687	2
1688	2
1689	0
1690	2
1691	2
1692	2
1693	2
1694	1
1695	2
1696	2
1697	2
1698	2
1699	3
1700	2
1701	0
1702	3
1703	1
1704	2
1705	3
1706	2
1707	3
1708	1
1709	0
1710	3
1711	2
1712	2
1713	2
1714	3
1715	2
1716	2
1717	1
1718	3
1719	2
1720	2
1721	3
1722	2
1723	3
1724	0
1725	3
1726	3
1727	0
1728	3
1729	0
1730	2
1731	2
1732	3
1733	2
1734	2
1735	3
1736	3
1737	3
1738	2
1739	3
1740	3
1741	3
1742	2
1743	3
1744	2
1745	2
1746	2
1747	0
1748	3
1749	0
1750	2
1751	2
1752	2
1753	2
1754	3
1755	3
1756	3
1757	2
1758	2
1759	2
1760	2
1761	0
1762	2
1763	2
1764	2
1765	0
1766	3
1767	3
1768	1
1769	2
1770	0
1771	2
1772	2
1773	2
1774	3
1775	2
1776	0
1777	2
1778	0
1779	2
1780	1
1781	3
1782	0
1783	0
1784	3
1785	0
1786	0
1787	2
1788	3
1789	3
1790	3
1791	0
1792	2
1793	3
1794	0
1795	1
1796	0
1797	3
1798	3
1799	3
1800	1
1801	2
1802	2
1803	0
1804	1
1805	2
1806	3
1807	2
1808	3
1809	3
1810	0
1811	0
1812	0
1813	3
1814	3
1815	2
1816	2
1817	3
1818	2
1819	3
1820	0
1821	0
1822	2
1823	3
1824	1
1825	0
1826	2
1827	0
1828	2
1829	3
1830	2
1831	3
1832	2
1833	3
1834	2
1835	2
1836	0
1837	2
1838	2
1839	2
1840	2
1841	2
1842	2
1843	3
1844	3
1845	0
1846	3
1847	2
1848	2
1849	0
1850	2
1851	3
1852	2
1853	2
1854	3
1855	1
1856	3
1857	2
1858	3
1859	2
1860	2
1861	2
1862	2
1863	0
1864	2
1865	3
1866	2
1867	3
1868	1
1869	3
1870	3
1871	3
1872	2
1873	2
1874	2
1875	2
1876	0
1877	3
1878	2
1879	0
1880	0
1881	3
1882	3
1883	3
1884	2
1885	2
1886	2
1887	2
1888	0
1889	2
1890	3
1891	2
1892	2
1893	2
1894	1
1895	2
1896	2
1897	2
1898	2
1899	2
1900	2
1901	2
1902	2
1903	2
1904	3
1905	2
1906	2
1907	2
1908	3
1909	3
1910	1
1911	3
1912	2
1913	2
1914	2
1915	2
1916	3
1917	3
1918	3
1919	0
1920	3
1921	1
1922	2
1923	2
1924	0
1925	3
1926	2
1927	3
1928	3
1929	0
1930	1
1931	2
1932	0
1933	0
1934	2
1935	2
1936	3
1937	3
1938	2
1939	3
1940	0
1941	2
1942	2
1943	2
1944	2
1945	3
1946	2
1947	3
1948	0
1949	0
1950	2
1951	3
1952	0
1953	2
1954	3
1955	3
1956	1
1957	3
1958	2
1959	0
1960	1
1961	3
1962	2
1963	3
1964	2
1965	2
1966	1
1967	2
1968	2
1969	2
1970	0
1971	2
1972	3
1973	0
1974	2
1975	2
1976	0
1977	2
1978	2
1979	2
1980	0
1981	2
1982	3
1983	2
1984	0
1985	1
1986	0
1987	0
1988	0
1989	0
1990	0
1991	3
1992	3
1993	3
1994	2
1995	3
1996	3
1997	3
1998	3
1999	3
2000	2
2001	2
2002	2
2003	3
2004	0
2005	2
2006	1
2007	0
2008	2
2009	0
2010	3
2011	2
2012	1
2013	2
2014	2
2015	3
2016	3
2017	3
2018	2
2019	2
2020	0
2021	2
2022	3
2023	1
2024	2
2025	2
2026	2
2027	2
2028	0
2029	2
2030	2
2031	2
2032	3
2033	3
2034	2
2035	3
2036	3
2037	0
2038	1
2039	0
2040	3
2041	2
2042	3
2043	2
2044	0
2045	2
2046	2
2047	2
2048	3
2049	2
2050	3
2051	2
2052	0
2053	2
2054	2
2055	3
2056	3
2057	3
2058	2
2059	0
2060	1
2061	2
2062	2
2063	2
2064	3
2065	3
2066	2
2067	3
2068	2
2069	2
2070	2
2071	3
2072	2
2073	0
2074	2
2075	2
2076	1
2077	2
2078	1
2079	0
2080	1
2081	3
2082	2
2083	0
2084	2
2085	2
2086	0
2087	2
2088	2
2089	0
2090	2
2091	2
2092	3
2093	0
2094	2
2095	2
2096	3
2097	3
2098	2
2099	2
2100	3
2101	2
2102	3
2103	2
2104	3
2105	2
2106	2
2107	2
2108	0
2109	3
2110	3
2111	2
2112	2
2113	2
2114	3
2115	3
2116	2
2117	2
2118	2
2119	1
2120	3
2121	2
2122	2
2123	3
2124	0
2125	2
2126	2
2127	1
2128	2
2129	2
2130	0
2131	2
2132	2
2133	0
2134	1
2135	2
2136	2
2137	3
2138	3
2139	2
2140	3
2141	3
2142	2
2143	2
2144	1
2145	1
2146	0
2147	2
2148	0
2149	2
2150	0
2151	2
2152	2
2153	0
2154	0
2155	0
2156	0
2157	2
2158	3
2159	2
2160	2
2161	3
2162	2
2163	2
2164	2
2165	3
2166	3
2167	2
2168	3
2169	2
2170	2
2171	3
2172	2
2173	3
2174	2
2175	2
2176	2
2177	2
2178	0
2179	2
2180	0
2181	2
2182	2
2183	1
2184	1
2185	3
2186	2
2187	0
2188	1
2189	2
2190	2
2191	2
2192	2
2193	2
2194	2
2195	3
2196	0
2197	2
2198	3
2199	2
2200	2
2201	0
2202	3
2203	2
2204	0
2205	2
2206	2
2207	3
2208	2
2209	2
2210	2
2211	2
2212	2
2213	2
2214	1
2215	2
2216	2
2217	3
2218	2
2219	3
2220	3
2221	0
2222	3
2223	2
2224	3
2225	3
2226	0
2227	3
2228	2
2229	2
2230	3
2231	0
2232	2
2233	2
2234	1
2235	2
2236	2
2237	2
2238	1
2239	2
2240	3
2241	1
2242	2
2243	0
2244	2
2245	2
2246	2
2247	2
2248	2
2249	0
2250	2
2251	3
2252	3
2253	2
2254	1
2255	2
2256	1
2257	2
2258	0
2259	2
2260	2
2261	0
2262	3
2263	3
2264	0
2265	3
2266	2
2267	2
2268	3
2269	2
2270	2
2271	3
2272	2
2273	3
2274	2
2275	1
2276	2
2277	2
2278	0
2279	2
2280	2
2281	3
2282	3
2283	2
2284	2
2285	2
2286	0
2287	2
2288	3
2289	2
2290	2
2291	0
2292	2
2293	2
2294	0
2295	0
2296	3
2297	2
2298	3
2299	3
2300	2
2301	2
2302	2
2303	3
2304	3
2305	0
2306	3
2307	2
2308	0
2309	2
2310	2
2311	3
2312	3
2313	3
2314	0
2315	2
2316	0
2317	3
2318	2
2319	2
2320	3
2321	2
2322	2
2323	3
2324	2
2325	2
2326	2
2327	2
2328	2
2329	0
2330	3
2331	3
2332	2
2333	0
2334	1
2335	2
2336	2
2337	3
2338	3
2339	0
2340	2
2341	3
2342	2
2343	3
2344	2
2345	2
2346	1
2347	2
2348	3
2349	0
2350	2
2351	2
2352	2
2353	0
2354	0
2355	3
2356	3
2357	2
2358	3
2359	3
2360	2
2361	2
2362	2
2363	0
2364	0
2365	3
2366	3
2367	0
2368	3
2369	2
2370	2
2371	2
2372	2
2373	3
2374	3
2375	2
2376	3
2377	0
2378	2
2379	3
2380	2
2381	2
2382	2
2383	0
2384	3
2385	0
2386	2
2387	2
2388	2
2389	0
2390	0
2391	3
2392	0
2393	3
2394	3
2395	3
2396	3
2397	2
2398	2
2399	3
2400	3
2401	2
2402	2
2403	2
2404	3
2405	2
2406	3
2407	3
2408	2
2409	2
2410	1
2411	0
2412	2
2413	2
2414	0
2415	0
2416	3
2417	2
2418	3
2419	2
2420	2
2421	3
2422	0
2423	2
2424	0
2425	3
2426	1
2427	3
2428	1
2429	3
2430	2
2431	3
2432	2
2433	2
2434	2
2435	2
2436	0
2437	2
2438	1
2439	3
2440	3
2441	3
2442	0
2443	1
2444	3
2445	2
2446	2
2447	2
2448	3
2449	2
2450	2
2451	3
2452	3
2453	2
2454	3
2455	2
2456	3
2457	0
2458	3
2459	2
2460	3
2461	1
2462	2
2463	2
2464	0
2465	2
2466	2
2467	2
2468	3
2469	1
2470	3
2471	2
2472	2
2473	3
2474	1
2475	1
2476	3
2477	0
2478	3
2479	3
2480	2
2481	3
2482	0
2483	2
2484	3
2485	2
2486	3
2487	0
2488	2
2489	2
2490	2
2491	2
2492	2
2493	2
2494	3
2495	2
2496	3
2497	0
2498	3
2499	2
2500	2
2501	2
2502	3
2503	3
2504	0
2505	2
2506	1
2507	2
2508	3
2509	0
2510	3
2511	0
2512	3
2513	2
2514	2
2515	2
2516	2
2517	3
2518	1
2519	2
2520	0
2521	2
2522	2
2523	2
2524	2
2525	2
2526	2
2527	0
2528	2
2529	0
2530	1
2531	1
2532	3
2533	1
2534	3
2535	3
2536	2
2537	2
2538	2
2539	2
2540	0
2541	1
2542	0
2543	2
2544	3
2545	3
2546	2
2547	2
2548	2
2549	3
2550	2
2551	0
2552	2
2553	2
2554	1
2555	3
2556	1
2557	3
2558	2
2559	3
2560	2
2561	3
2562	2
2563	3
2564	0
2565	3
2566	3
2567	3
2568	2
2569	2
2570	3
2571	2
2572	2
2573	3
2574	2
2575	3
2576	3
2577	2
2578	0
2579	2
2580	2
2581	2
2582	2
2583	3
2584	2
2585	3
2586	3
2587	3
2588	0
2589	2
2590	3
2591	0
2592	0
2593	2
2594	2
2595	3
2596	3
2597	1
2598	1
2599	3
2600	3
2601	0
2602	0
2603	2
2604	3
2605	0
2606	0
2607	3
2608	2
2609	3
2610	2
2611	2
2612	2
2613	2
2614	2
2615	3
2616	0
2617	2
2618	2
2619	1
2620	0
2621	1
2622	3
2623	0
2624	3
2625	3
2626	3
2627	0
2628	2
2629	2
2630	2
2631	3
2632	2
2633	0
2634	2
2635	2
2636	0
2637	2
2638	2
2639	2
2640	2
2641	2
2642	2
2643	2
2644	0
2645	2
2646	2
2647	3
2648	3
2649	1
2650	2
2651	2
2652	1
2653	2
2654	2
2655	3
2656	0
2657	2
2658	1
2659	0
2660	2
2661	2
2662	2
2663	0
2664	2
2665	3
2666	3
2667	0
2668	3
2669	1
2670	0
2671	2
2672	2
2673	3
2674	2
2675	2
2676	0
2677	0
2678	0
2679	0
2680	0
2681	0
2682	3
2683	2
2684	3
2685	2
2686	3
2687	3
2688	0
2689	0
2690	1
2691	2
2692	0
2693	2
2694	3
2695	2
2696	2
2697	2
2698	3
2699	0
2700	1
2701	3
2702	3
2703	3
2704	2
2705	2
2706	3
2707	1
2708	2
2709	2
2710	2
2711	2
2712	0
2713	1
2714	3
2715	3
2716	2
2717	2
2718	2
2719	2
2720	2
2721	0
2722	0
2723	3
2724	0
2725	0
2726	0
2727	3
2728	3
2729	3
2730	3
2731	2
2732	3
2733	3
2734	0
2735	2
2736	3
2737	2
2738	2
2739	3
2740	1
2741	2
2742	3
2743	1
2744	2
2745	2
2746	2
2747	2
2748	3
2749	3
2750	2
2751	2
2752	1
2753	2
2754	2
2755	0
2756	2
2757	3
2758	2
2759	3
2760	1
2761	2
2762	2
2763	2
2764	3
2765	1
2766	2
2767	2
2768	3
2769	2
2770	3
2771	0
2772	2
2773	0
2774	2
2775	1
2776	2
2777	0
2778	2
2779	3
2780	3
2781	3
2782	2
2783	2
2784	1
2785	3
2786	2
2787	0
2788	2
2789	2
2790	2
2791	0
2792	2
2793	2
2794	2
2795	0
2796	2
2797	0
2798	2
2799	3
2800	1
2801	2
2802	2
2803	2
2804	2
2805	2
2806	0
2807	0
2808	3
2809	2
2810	0
2811	3
2812	1
2813	3
2814	2
2815	2
2816	2
2817	3
2818	0
2819	2
2820	2
2821	2
2822	2
2823	2
2824	2
2825	2
2826	3
2827	1
2828	2
2829	3
2830	3
2831	0
2832	3
2833	3
2834	2
2835	2
2836	2
2837	2
2838	2
2839	3
2840	2
2841	3
2842	3
2843	0
2844	2
2845	3
2846	2
2847	1
2848	0
2849	0
2850	2
2851	3
2852	2
2853	0
2854	0
2855	3
2856	2
2857	2
2858	3
2859	2
2860	0
2861	0
2862	2
2863	2
2864	2
2865	2
2866	0
2867	3
2868	2
2869	2
2870	3
2871	0
2872	2
2873	0
2874	2
2875	0
2876	3
2877	2
2878	3
2879	2
2880	0
2881	2
2882	3
2883	3
2884	2
2885	2
2886	2
2887	2
2888	3
2889	0
2890	2
2891	2
2892	3
2893	0
2894	2
2895	2
2896	2
2897	2
2898	2
2899	2
2900	2
2901	3
2902	0
2903	3
2904	0
2905	3
2906	3
2907	3
2908	0
2909	3
2910	2
2911	0
2912	3
2913	3
2914	2
2915	2
2916	3
2917	2
2918	3
2919	3
2920	2
2921	2
2922	2
2923	3
2924	3
2925	2
2926	2
2927	2
2928	3
2929	2
2930	3
2931	2
2932	3
2933	2
2934	0
2935	0
2936	3
2937	2
2938	3
2939	2
2940	3
2941	3
2942	2
2943	2
2944	2
2945	3
2946	3
2947	2
2948	2
2949	2
2950	2
2951	2
2952	0
2953	3
2954	3
2955	0
2956	2
2957	2
2958	3
2959	3
2960	3
2961	2
2962	2
2963	1
2964	2
2965	0
2966	3
2967	2
2968	2
2969	2
2970	1
2971	2
2972	2
2973	2
2974	3
2975	3
2976	2
2977	3
2978	2
2979	2
2980	2
2981	3
2982	3
2983	2
2984	2
2985	3
2986	2
2987	3
2988	0
2989	2
2990	2
2991	3
2992	2
2993	3
2994	3
2995	3
2996	2
2997	1
2998	3
2999	0
3000	2
3001	2
3002	2
3003	2
3004	1
3005	2
3006	2
3007	0
3008	3
3009	2
3010	2
3011	2
3012	0
3013	2
3014	3
3015	3
3016	2
3017	0
3018	2
3019	2
3020	2
3021	2
3022	3
3023	2
3024	2
3025	2
3026	2
3027	2
3028	2
3029	2
3030	1
3031	2
3032	0
3033	0
3034	0
3035	0
3036	0
3037	2
3038	0
3039	0
3040	2
3041	3
3042	0
3043	0
3044	1
3045	3
3046	2
3047	0
3048	2
3049	2
3050	3
3051	0
3052	2
3053	3
3054	0
3055	2
3056	2
3057	3
3058	2
3059	2
3060	3
3061	0
3062	0
3063	3
3064	1
3065	2
3066	0
3067	0
3068	0
3069	2
3070	2
3071	1
3072	3
3073	1
3074	2
3075	2
3076	3
3077	0
3078	2
3079	3
3080	0
3081	3
3082	3
3083	0
3084	0
3085	3
3086	3
3087	2
3088	0
3089	3
3090	3
3091	3
3092	3
3093	3
3094	3
3095	3
3096	2
3097	2
3098	0
3099	2
3100	0
3101	3
3102	1
3103	3
3104	3
3105	2
3106	2
3107	2
3108	3
3109	3
3110	3
3111	2
3112	2
3113	3
3114	2
3115	1
3116	3
3117	2
3118	2
3119	2
3120	2
3121	2
3122	2
3123	2
3124	3
3125	0
3126	2
3127	3
3128	2
3129	0
3130	2
3131	2
3132	0
3133	2
3134	3
3135	0
3136	2
3137	3
3138	3
3139	2
3140	0
3141	2
3142	2
3143	3
3144	0
3145	0
3146	2
3147	2
3148	2
3149	3
3150	3
3151	0
3152	0
3153	2
3154	2
3155	0
3156	2
3157	0
3158	2
3159	2
3160	2
3161	2
3162	3
3163	0
3164	3
3165	2
3166	3
3167	3
3168	0
3169	2
3170	1
3171	0
3172	2
3173	3
3174	3
3175	3
3176	2
3177	2
3178	0
3179	2
3180	0
3181	2
3182	0
3183	3
3184	3
3185	3
3186	3
3187	1
3188	2
3189	0
3190	0
3191	0
3192	3
3193	2
3194	2
3195	3
3196	2
3197	1
3198	2
3199	0
3200	2
3201	3
3202	2
3203	2
3204	3
3205	0
3206	1
3207	3
3208	2
3209	2
3210	3
3211	3
3212	0
3213	2
3214	2
3215	0
3216	2
3217	2
3218	3
3219	2
3220	0
3221	3
3222	3
3223	3
3224	2
3225	0
3226	0
3227	2
3228	2
3229	3
3230	3
3231	3
3232	3
3233	2
3234	3
3235	0
3236	2
3237	0
3238	3
3239	0
3240	2
3241	3
3242	0
3243	3
3244	3
3245	2
3246	1
3247	2
3248	2
3249	0
3250	3
3251	2
3252	3
3253	3
3254	3
3255	2
3256	2
3257	1
3258	3
3259	3
3260	0
3261	0
3262	0
3263	0
3264	0
3265	2
3266	2
3267	3
3268	2
3269	2
3270	2
3271	3
3272	3
3273	0
3274	3
3275	0
3276	2
3277	3
3278	2
3279	2
3280	0
3281	2
3282	2
3283	2
3284	2
3285	2
3286	3
3287	3
3288	3
3289	3
3290	2
3291	2
3292	2
3293	2
3294	3
3295	0
3296	2
3297	0
3298	2
3299	2
3300	2
3301	2
3302	2
3303	3
3304	0
3305	3
3306	2
3307	0
3308	3
3309	2
3310	0
3311	0
3312	0
3313	0
3314	0
3315	0
3316	2
3317	3
3318	1
3319	2
3320	3
3321	0
3322	3
3323	2
3324	3
3325	3
3326	2
3327	0
3328	2
3329	1
3330	1
3331	3
3332	3
3333	3
3334	2
3335	3
3336	3
3337	2
3338	3
3339	3
3340	0
3341	3
3342	3
3343	2
3344	3
3345	2
3346	2
3347	0
3348	0
3349	3
3350	3
3351	2
3352	2
3353	2
3354	3
3355	3
3356	2
3357	3
3358	3
3359	2
3360	2
3361	3
3362	2
3363	3
3364	3
3365	0
3366	3
3367	2
3368	2
3369	3
3370	3
3371	2
3372	0
3373	2
3374	3
3375	3
3376	0
3377	2
3378	2
3379	0
3380	3
3381	3
3382	0
3383	3
3384	2
3385	1
3386	2
3387	0
3388	0
3389	2
3390	3
3391	2
3392	0
3393	0
3394	2
3395	3
3396	2
3397	2
3398	2
3399	2
3400	3
3401	3
3402	2
3403	3
3404	3
3405	3
3406	2
3407	2
3408	0
3409	3
3410	2
3411	3
3412	2
3413	2
3414	2
3415	0
3416	2
3417	2
3418	2
3419	0
3420	2
3421	2
3422	2
3423	2
3424	3
3425	3
3426	2
3427	0
3428	2
3429	2
3430	3
3431	3
3432	2
3433	0
3434	2
3435	2
3436	2
3437	2
3438	0
3439	3
3440	1
3441	0
3442	3
3443	1
3444	2
3445	2
3446	2
3447	0
3448	3
3449	2
3450	3
3451	2
3452	0
3453	0
3454	2
3455	0
3456	3
3457	0
3458	3
3459	2
3460	3
3461	2
3462	3
3463	3
3464	3
3465	3
3466	0
3467	3
3468	2
3469	1
3470	2
3471	1
3472	3
3473	2
3474	3
3475	3
3476	0
3477	2
3478	3
3479	2
3480	2
3481	2
3482	0
3483	2
3484	3
3485	3
3486	2
3487	3
3488	3
3489	2
3490	2
3491	0
3492	2
3493	1
3494	0
3495	0
3496	2
3497	2
3498	2
3499	2
3500	0
3501	0
3502	3
3503	0
3504	0
3505	0
3506	3
3507	3
3508	2
3509	2
3510	3
3511	0
3512	2
3513	0
3514	2
3515	2
3516	0
3517	2
3518	3
3519	2
3520	0
3521	0
3522	0
3523	3
3524	3
3525	2
3526	2
3527	2
3528	3
3529	0
3530	2
3531	2
3532	0
3533	1
3534	1
3535	1
3536	0
3537	2
3538	2
3539	2
3540	2
3541	2
3542	2
3543	0
3544	2
3545	3
3546	3
3547	3
3548	2
3549	3
3550	2
3551	2
3552	2
3553	2
3554	2
3555	0
3556	2
3557	3
3558	3
3559	3
3560	2
3561	2
3562	0
3563	2
3564	2
3565	2
3566	0
3567	2
3568	0
3569	0
3570	3
3571	2
3572	2
3573	3
3574	2
3575	2
3576	3
3577	2
3578	3
3579	3
3580	2
3581	3
3582	3
3583	0
3584	3
3585	3
3586	2
3587	3
3588	2
3589	3
3590	2
3591	3
3592	3
3593	2
3594	0
3595	3
3596	0
3597	3
3598	3
3599	1
3600	2
3601	2
3602	3
3603	0
3604	3
3605	2
3606	2
3607	2
3608	3
3609	0
3610	0
3611	2
3612	2
3613	3
3614	2
3615	0
3616	3
3617	3
3618	2
3619	2
3620	2
3621	0
3622	3
3623	3
3624	2
3625	3
3626	2
3627	3
3628	2
3629	3
3630	2
3631	2
3632	2
3633	2
3634	2
3635	2
3636	3
3637	2
3638	2
3639	2
3640	0
3641	2
3642	2
3643	2
3644	1
3645	3
3646	3
3647	1
3648	2
3649	2
3650	2
3651	3
3652	3
3653	2
3654	3
3655	2
3656	0
3657	0
3658	2
3659	2
3660	0
3661	3
3662	2
3663	2
3664	0
3665	3
3666	2
3667	3
3668	2
3669	0
3670	3
3671	0
3672	1
3673	3
3674	2
3675	3
3676	2
3677	0
3678	3
3679	2
3680	0
3681	2
3682	3
3683	2
3684	3
3685	3
3686	3
3687	3
3688	2
3689	2
3690	3
3691	0
3692	0
3693	0
3694	0
3695	2
3696	1
3697	0
3698	2
3699	2
3700	3
3701	3
3702	3
3703	0
3704	3
3705	1
3706	3
3707	3
3708	0
3709	0
3710	3
3711	0
3712	3
3713	1
3714	3
3715	3
3716	2
3717	3
3718	2
3719	0
3720	0
3721	1
3722	2
3723	2
3724	3
3725	0
3726	3
3727	0
3728	2
3729	3
3730	3
3731	3
3732	0
3733	2
3734	2
3735	3
3736	3
3737	0
3738	0
3739	3
3740	3
3741	2
3742	2
3743	2
3744	2
3745	3
3746	3
3747	2
3748	2
3749	0
3750	2
3751	3
3752	2
3753	3
3754	3
3755	3
3756	2
3757	3
3758	2
3759	2
3760	2
3761	0
3762	2
3763	2
3764	3
3765	2
3766	2
3767	2
3768	3
3769	0
3770	2
3771	0
3772	2
3773	3
3774	3
3775	1
3776	0
3777	2
3778	2
3779	2
3780	3
3781	2
3782	3
3783	2
3784	3
3785	2
3786	3
3787	3
3788	0
3789	3
3790	2
3791	2
3792	0
3793	2
3794	2
3795	0
3796	2
3797	0
3798	2
3799	0
3800	0
3801	3
3802	2
3803	2
3804	3
3805	0
3806	3
3807	0
3808	0
3809	2
3810	2
3811	2
3812	2
3813	2
3814	2
3815	0
3816	3
3817	2
3818	1
3819	0
3820	0
3821	1
3822	0
3823	2
3824	2
3825	1
3826	2
3827	2
3828	2
3829	2
3830	0
3831	0
3832	2
3833	0
3834	3
3835	2
3836	0
3837	3
3838	1
3839	0
3840	3
3841	2
3842	3
3843	2
3844	2
3845	3
3846	2
3847	3
3848	2
3849	2
3850	0
3851	1
3852	0
3853	0
3854	2
3855	0
3856	1
3857	2
3858	3
3859	0
3860	3
3861	2
3862	2
3863	2
3864	3
3865	3
3866	1
3867	2
3868	0
3869	3
3870	2
3871	2
3872	0
3873	2
3874	3
3875	2
3876	3
3877	0
3878	3
3879	2
3880	2
3881	3
3882	0
3883	2
3884	3
3885	3
3886	3
3887	2
3888	2
3889	3
3890	0
3891	3
3892	3
3893	3
3894	2
3895	2
3896	2
3897	2
3898	2
3899	2
3900	2
3901	3
3902	3
3903	2
3904	2
3905	2
3906	2
3907	2
3908	3
3909	2
3910	2
3911	2
3912	2
3913	3
3914	2
3915	0
3916	2
3917	0
3918	2
3919	2
3920	2
3921	0
3922	2
3923	3
3924	2
3925	2
3926	2
3927	0
3928	3
3929	3
3930	3
3931	3
3932	2
3933	2
3934	2
3935	0
3936	2
3937	2
3938	2
3939	2
3940	3
3941	3
3942	2
3943	3
3944	2
3945	2
3946	2
3947	2
3948	0
3949	0
3950	0
3951	3
3952	3
3953	0
3954	2
3955	0
3956	0
3957	3
3958	2
3959	2
3960	0
3961	2
3962	3
3963	0
3964	3
3965	3
3966	3
3967	0
3968	3
3969	3
3970	3
3971	0
3972	2
3973	2
3974	3
3975	3
3976	2
3977	0
3978	2
3979	3
3980	0
3981	3
3982	0
3983	0
3984	3
3985	2
3986	2
3987	1
3988	2
3989	2
3990	0
3991	2
3992	3
3993	2
3994	3
3995	2
3996	3
3997	3
3998	2
3999	2
4000	3
4001	2
4002	2
4003	0
4004	3
4005	0
4006	3
4007	2
4008	2
4009	3
4010	3
4011	3
4012	3
4013	3
4014	2
4015	2
4016	3
4017	3
4018	2
4019	2
4020	2
4021	2
4022	2
4023	3
4024	2
4025	2
4026	2
4027	2
4028	2
4029	3
4030	3
4031	2
4032	1
4033	3
4034	2
4035	3
4036	3
4037	2
4038	2
4039	1
4040	0
4041	2
4042	3
4043	3
4044	0
4045	3
4046	0
4047	2
4048	2
4049	0
4050	2
4051	2
4052	2
4053	3
4054	3
4055	0
4056	2
4057	2
4058	1
4059	2
4060	1
4061	2
4062	0
4063	0
4064	1
4065	1
4066	3
4067	2
4068	2
4069	1
4070	3
4071	3
4072	3
4073	2
4074	2
4075	3
4076	2
4077	2
4078	0
4079	2
4080	3
4081	2
4082	2
4083	0
4084	2
4085	3
4086	2
4087	0
4088	0
4089	2
4090	3
4091	2
4092	2
4093	3
4094	0
4095	0
