COMMAND
./sim gshare 12 7 ./proj2-traces/jpeg_trace.txt
OUTPUT
number of predictions:2000000
number of mispredictions:137506
misprediction rate:   6.88%
FINAL GSHARE CONTENTS
0	3
1	3
2	3
3	3
4	0
5	2
6	3
7	3
8	2
9	3
10	3
11	0
12	2
13	2
14	0
15	3
16	2
17	3
18	3
19	3
20	3
21	0
22	0
23	3
24	3
25	2
26	3
27	0
28	2
29	0
30	3
31	3
32	3
33	2
34	3
35	2
36	2
37	0
38	0
39	2
40	2
41	3
42	3
43	1
44	1
45	0
46	3
47	3
48	3
49	0
50	0
51	3
52	2
53	0
54	0
55	3
56	0
57	2
58	2
59	1
60	3
61	2
62	2
63	0
64	2
65	2
66	3
67	0
68	0
69	2
70	3
71	3
72	3
73	3
74	3
75	1
76	0
77	1
78	2
79	0
80	3
81	0
82	3
83	3
84	3
85	2
86	3
87	3
88	0
89	3
90	3
91	0
92	3
93	2
94	3
95	2
96	3
97	2
98	3
99	3
100	0
101	0
102	0
103	3
104	2
105	0
106	3
107	0
108	0
109	1
110	2
111	3
112	2
113	3
114	0
115	2
116	3
117	2
118	3
119	2
120	2
121	2
122	3
123	2
124	2
125	0
126	3
127	3
128	3
129	3
130	2
131	1
132	0
133	3
134	0
135	3
136	0
137	3
138	2
139	2
140	2
141	2
142	2
143	3
144	3
145	2
146	2
147	2
148	2
149	0
150	2
151	3
152	0
153	0
154	3
155	3
156	0
157	3
158	2
159	0
160	2
161	0
162	3
163	0
164	1
165	3
166	0
167	2
168	3
169	3
170	2
171	0
172	0
173	2
174	3
175	3
176	2
177	2
178	0
179	3
180	2
181	3
182	2
183	3
184	3
185	0
186	3
187	0
188	2
189	3
190	3
191	3
192	2
193	2
194	3
195	2
196	2
197	2
198	2
199	2
200	0
201	2
202	0
203	0
204	3
205	3
206	3
207	3
208	3
209	2
210	2
211	0
212	3
213	0
214	1
215	3
216	0
217	0
218	3
219	3
220	2
221	3
222	3
223	3
224	0
225	0
226	3
227	2
228	2
229	2
230	1
231	3
232	1
233	3
234	2
235	3
236	2
237	3
238	0
239	3
240	3
241	3
242	2
243	2
244	3
245	2
246	2
247	3
248	0
249	0
250	3
251	3
252	3
253	3
254	2
255	0
256	3
257	3
258	3
259	0
260	0
261	2
262	3
263	3
264	3
265	3
266	3
267	2
268	3
269	0
270	2
271	3
272	1
273	2
274	0
275	0
276	2
277	2
278	2
279	0
280	3
281	3
282	2
283	0
284	2
285	3
286	3
287	2
288	3
289	3
290	0
291	0
292	2
293	0
294	3
295	3
296	3
297	3
298	2
299	3
300	3
301	0
302	3
303	3
304	3
305	2
306	0
307	0
308	3
309	0
310	2
311	1
312	2
313	0
314	3
315	0
316	2
317	3
318	2
319	0
320	1
321	3
322	3
323	0
324	1
325	3
326	3
327	3
328	0
329	3
330	3
331	0
332	0
333	0
334	3
335	3
336	0
337	2
338	1
339	3
340	3
341	0
342	0
343	3
344	0
345	0
346	3
347	1
348	2
349	2
350	2
351	0
352	0
353	3
354	3
355	0
356	2
357	0
358	0
359	2
360	3
361	2
362	3
363	1
364	3
365	3
366	2
367	3
368	3
369	0
370	0
371	0
372	0
373	0
374	3
375	2
376	0
377	3
378	3
379	0
380	3
381	0
382	0
383	0
384	3
385	1
386	0
387	3
388	0
389	3
390	0
391	3
392	3
393	3
394	2
395	2
396	3
397	2
398	3
399	3
400	0
401	2
402	1
403	3
404	3
405	0
406	2
407	2
408	3
409	0
410	3
411	3
412	0
413	2
414	2
415	1
416	3
417	3
418	1
419	2
420	3
421	2
422	2
423	3
424	3
425	3
426	3
427	3
428	3
429	0
430	2
431	3
432	0
433	2
434	1
435	3
436	3
437	1
438	2
439	2
440	2
441	0
442	3
443	0
444	2
445	2
446	3
447	0
448	3
449	0
450	3
451	3
452	0
453	3
454	3
455	2
456	3
457	2
458	2
459	2
460	1
461	0
462	3
463	3
464	3
465	0
466	2
467	3
468	3
469	1
470	2
471	2
472	2
473	3
474	3
475	3
476	3
477	2
478	0
479	0
480	1
481	0
482	3
483	0
484	2
485	2
486	3
487	3
488	3
489	1
490	0
491	1
492	3
493	0
494	3
495	3
496	3
497	0
498	0
499	3
500	2
501	1
502	2
503	3
504	3
505	1
506	3
507	2
508	3
509	3
510	2
511	2
512	3
513	2
514	3
515	0
516	2
517	3
518	0
519	3
520	2
521	1
522	2
523	0
524	2
525	1
526	3
527	0
528	3
529	2
530	1
531	3
532	1
533	0
534	2
535	3
536	3
537	3
538	3
539	3
540	1
541	3
542	3
543	0
544	1
545	2
546	3
547	0
548	2
549	0
550	2
551	3
552	3
553	3
554	2
555	2
556	2
557	0
558	3
559	0
560	3
561	2
562	1
563	0
564	0
565	2
566	2
567	2
568	2
569	3
570	3
571	1
572	2
573	3
574	3
575	2
576	2
577	3
578	3
579	3
580	0
581	2
582	3
583	3
584	2
585	3
586	2
587	0
588	3
589	0
590	3
591	0
592	3
593	2
594	1
595	1
596	0
597	0
598	3
599	2
600	1
601	3
602	3
603	3
604	0
605	1
606	2
607	0
608	2
609	3
610	3
611	3
612	2
613	3
614	2
615	2
616	0
617	2
618	2
619	3
620	3
621	3
622	2
623	0
624	3
625	2
626	0
627	0
628	3
629	0
630	3
631	2
632	1
633	3
634	3
635	0
636	3
637	2
638	3
639	3
640	2
641	2
642	1
643	0
644	3
645	0
646	2
647	3
648	1
649	2
650	2
651	2
652	3
653	0
654	3
655	3
656	3
657	2
658	0
659	2
660	2
661	2
662	2
663	0
664	2
665	2
666	3
667	3
668	2
669	3
670	3
671	3
672	3
673	1
674	1
675	0
676	2
677	3
678	3
679	3
680	2
681	3
682	3
683	0
684	2
685	0
686	3
687	2
688	3
689	2
690	0
691	3
692	3
693	2
694	3
695	2
696	2
697	2
698	3
699	3
700	2
701	1
702	3
703	3
704	2
705	2
706	3
707	1
708	2
709	3
710	3
711	3
712	3
713	1
714	2
715	1
716	1
717	3
718	3
719	3
720	3
721	3
722	0
723	2
724	0
725	1
726	2
727	2
728	0
729	0
730	2
731	3
732	0
733	3
734	3
735	3
736	0
737	2
738	3
739	0
740	2
741	1
742	2
743	3
744	2
745	1
746	2
747	0
748	3
749	0
750	3
751	3
752	2
753	2
754	0
755	3
756	3
757	3
758	2
759	0
760	0
761	0
762	3
763	3
764	3
765	1
766	3
767	2
768	3
769	2
770	3
771	3
772	2
773	0
774	3
775	3
776	1
777	3
778	2
779	0
780	3
781	3
782	3
783	3
784	3
785	2
786	0
787	0
788	3
789	3
790	1
791	2
792	3
793	3
794	2
795	0
796	2
797	3
798	3
799	0
800	3
801	1
802	3
803	0
804	2
805	0
806	3
807	3
808	1
809	3
810	2
811	1
812	3
813	3
814	3
815	2
816	3
817	1
818	0
819	2
820	3
821	1
822	0
823	2
824	0
825	3
826	2
827	3
828	1
829	2
830	0
831	2
832	3
833	0
834	0
835	2
836	2
837	0
838	0
839	3
840	2
841	3
842	2
843	2
844	2
845	3
846	3
847	3
848	3
849	2
850	3
851	0
852	2
853	1
854	3
855	3
856	1
857	3
858	2
859	2
860	3
861	0
862	2
863	1
864	2
865	1
866	0
867	0
868	2
869	0
870	1
871	3
872	3
873	0
874	3
875	0
876	2
877	2
878	3
879	0
880	0
881	2
882	3
883	3
884	3
885	2
886	0
887	2
888	0
889	0
890	3
891	2
892	2
893	3
894	2
895	2
896	3
897	3
898	3
899	2
900	0
901	0
902	1
903	3
904	3
905	3
906	0
907	3
908	2
909	0
910	3
911	3
912	3
913	3
914	0
915	2
916	2
917	0
918	0
919	2
920	0
921	2
922	3
923	3
924	0
925	0
926	2
927	2
928	0
929	1
930	0
931	0
932	0
933	0
934	3
935	3
936	3
937	3
938	3
939	0
940	1
941	0
942	2
943	3
944	3
945	0
946	0
947	2
948	0
949	1
950	0
951	3
952	2
953	0
954	3
955	3
956	0
957	3
958	2
959	0
960	0
961	2
962	2
963	0
964	3
965	0
966	3
967	3
968	3
969	3
970	3
971	0
972	3
973	0
974	3
975	3
976	3
977	2
978	1
979	2
980	3
981	0
982	1
983	3
984	2
985	2
986	3
987	0
988	0
989	0
990	3
991	3
992	2
993	2
994	2
995	0
996	0
997	0
998	2
999	3
1000	3
1001	0
1002	2
1003	1
1004	3
1005	0
1006	2
1007	3
1008	3
1009	3
1010	1
1011	2
1012	3
1013	3
1014	0
1015	3
1016	2
1017	3
1018	3
1019	2
1020	3
1021	2
1022	3
1023	0
1024	3
1025	0
1026	2
1027	2
1028	2
1029	2
1030	3
1031	3
1032	3
1033	3
1034	2
1035	3
1036	3
1037	3
1038	3
1039	0
1040	3
1041	2
1042	0
1043	0
1044	3
1045	0
1046	3
1047	2
1048	3
1049	1
1050	2
1051	0
1052	2
1053	0
1054	3
1055	0
1056	2
1057	0
1058	3
1059	0
1060	2
1061	2
1062	2
1063	3
1064	0
1065	3
1066	2
1067	2
1068	0
1069	3
1070	2
1071	2
1072	3
1073	2
1074	3
1075	0
1076	3
1077	0
1078	2
1079	3
1080	3
1081	2
1082	0
1083	0
1084	2
1085	2
1086	0
1087	3
1088	3
1089	2
1090	2
1091	1
1092	2
1093	0
1094	2
1095	3
1096	3
1097	3
1098	3
1099	3
1100	3
1101	0
1102	2
1103	0
1104	3
1105	3
1106	3
1107	0
1108	1
1109	3
1110	2
1111	0
1112	3
1113	1
1114	2
1115	3
1116	2
1117	0
1118	3
1119	1
1120	0
1121	3
1122	0
1123	2
1124	3
1125	0
1126	2
1127	3
1128	3
1129	2
1130	2
1131	3
1132	2
1133	3
1134	0
1135	0
1136	2
1137	3
1138	2
1139	0
1140	2
1141	2
1142	2
1143	1
1144	3
1145	0
1146	3
1147	0
1148	0
1149	1
1150	3
1151	3
1152	3
1153	0
1154	2
1155	0
1156	0
1157	0
1158	3
1159	3
1160	2
1161	3
1162	3
1163	0
1164	0
1165	0
1166	2
1167	2
1168	2
1169	2
1170	3
1171	3
1172	3
1173	3
1174	2
1175	3
1176	3
1177	3
1178	2
1179	0
1180	2
1181	3
1182	3
1183	2
1184	2
1185	3
1186	0
1187	2
1188	1
1189	2
1190	0
1191	3
1192	3
1193	2
1194	2
1195	3
1196	3
1197	3
1198	2
1199	0
1200	2
1201	2
1202	0
1203	3
1204	2
1205	3
1206	0
1207	2
1208	0
1209	2
1210	2
1211	2
1212	2
1213	2
1214	1
1215	0
1216	2
1217	3
1218	3
1219	2
1220	0
1221	0
1222	3
1223	3
1224	2
1225	0
1226	3
1227	3
1228	2
1229	3
1230	3
1231	3
1232	2
1233	3
1234	1
1235	0
1236	0
1237	3
1238	1
1239	0
1240	3
1241	2
1242	3
1243	3
1244	2
1245	3
1246	3
1247	2
1248	3
1249	1
1250	3
1251	0
1252	3
1253	0
1254	1
1255	3
1256	3
1257	3
1258	2
1259	2
1260	3
1261	3
1262	2
1263	2
1264	2
1265	2
1266	0
1267	3
1268	2
1269	0
1270	1
1271	2
1272	3
1273	2
1274	3
1275	3
1276	0
1277	3
1278	2
1279	3
1280	2
1281	3
1282	0
1283	3
1284	3
1285	2
1286	2
1287	3
1288	2
1289	3
1290	3
1291	0
1292	3
1293	2
1294	2
1295	2
1296	3
1297	2
1298	3
1299	3
1300	2
1301	3
1302	2
1303	2
1304	3
1305	0
1306	3
1307	0
1308	2
1309	0
1310	3
1311	0
1312	2
1313	2
1314	0
1315	2
1316	0
1317	0
1318	2
1319	3
1320	3
1321	0
1322	3
1323	3
1324	0
1325	2
1326	2
1327	0
1328	3
1329	0
1330	0
1331	3
1332	0
1333	2
1334	2
1335	2
1336	3
1337	0
1338	3
1339	3
1340	3
1341	0
1342	3
1343	0
1344	2
1345	2
1346	0
1347	2
1348	0
1349	3
1350	3
1351	2
1352	3
1353	3
1354	2
1355	0
1356	3
1357	3
1358	2
1359	2
1360	2
1361	0
1362	0
1363	3
1364	3
1365	2
1366	3
1367	2
1368	3
1369	2
1370	3
1371	3
1372	0
1373	3
1374	1
1375	2
1376	3
1377	0
1378	2
1379	0
1380	2
1381	2
1382	3
1383	1
1384	3
1385	3
1386	3
1387	2
1388	0
1389	0
1390	2
1391	0
1392	3
1393	3
1394	1
1395	1
1396	0
1397	2
1398	1
1399	0
1400	3
1401	0
1402	3
1403	0
1404	2
1405	0
1406	3
1407	3
1408	2
1409	3
1410	0
1411	3
1412	0
1413	3
1414	3
1415	2
1416	2
1417	0
1418	2
1419	0
1420	2
1421	3
1422	2
1423	0
1424	2
1425	2
1426	3
1427	2
1428	3
1429	2
1430	2
1431	3
1432	3
1433	3
1434	3
1435	2
1436	0
1437	1
1438	0
1439	3
1440	0
1441	2
1442	3
1443	2
1444	2
1445	2
1446	0
1447	2
1448	3
1449	0
1450	3
1451	2
1452	3
1453	0
1454	2
1455	0
1456	2
1457	2
1458	0
1459	3
1460	3
1461	0
1462	0
1463	0
1464	3
1465	0
1466	3
1467	0
1468	0
1469	1
1470	3
1471	0
1472	3
1473	0
1474	3
1475	2
1476	0
1477	3
1478	2
1479	3
1480	2
1481	3
1482	3
1483	1
1484	3
1485	3
1486	3
1487	0
1488	3
1489	2
1490	3
1491	0
1492	3
1493	2
1494	2
1495	0
1496	1
1497	0
1498	1
1499	3
1500	3
1501	3
1502	3
1503	2
1504	2
1505	1
1506	3
1507	2
1508	2
1509	3
1510	3
1511	2
1512	2
1513	3
1514	2
1515	0
1516	0
1517	2
1518	2
1519	0
1520	3
1521	3
1522	3
1523	3
1524	3
1525	0
1526	0
1527	0
1528	3
1529	3
1530	3
1531	3
1532	0
1533	2
1534	3
1535	1
1536	3
1537	2
1538	3
1539	0
1540	2
1541	2
1542	3
1543	3
1544	3
1545	3
1546	3
1547	0
1548	3
1549	0
1550	2
1551	3
1552	3
1553	0
1554	3
1555	3
1556	2
1557	0
1558	2
1559	3
1560	3
1561	3
1562	2
1563	3
1564	0
1565	2
1566	3
1567	2
1568	3
1569	3
1570	2
1571	0
1572	0
1573	0
1574	2
1575	3
1576	3
1577	1
1578	3
1579	0
1580	3
1581	3
1582	3
1583	1
1584	3
1585	0
1586	2
1587	2
1588	0
1589	3
1590	3
1591	3
1592	3
1593	2
1594	0
1595	2
1596	3
1597	2
1598	3
1599	3
1600	3
1601	3
1602	3
1603	2
1604	1
1605	0
1606	2
1607	3
1608	3
1609	3
1610	2
1611	2
1612	1
1613	3
1614	2
1615	0
1616	3
1617	0
1618	0
1619	3
1620	3
1621	3
1622	3
1623	1
1624	3
1625	0
1626	3
1627	3
1628	3
1629	2
1630	3
1631	2
1632	3
1633	0
1634	1
1635	0
1636	2
1637	3
1638	3
1639	3
1640	3
1641	2
1642	2
1643	3
1644	2
1645	3
1646	3
1647	0
1648	0
1649	3
1650	0
1651	3
1652	3
1653	2
1654	2
1655	3
1656	0
1657	2
1658	3
1659	3
1660	3
1661	3
1662	2
1663	3
1664	3
1665	0
1666	2
1667	3
1668	0
1669	2
1670	3
1671	3
1672	0
1673	2
1674	3
1675	2
1676	3
1677	3
1678	3
1679	2
1680	1
1681	2
1682	2
1683	0
1684	2
1685	0
1686	2
1687	0
1688	3
1689	1
1690	2
1691	3
1692	3
1693	3
1694	2
1695	0
1696	3
1697	0
1698	3
1699	2
1700	2
1701	2
1702	3
1703	3
1704	3
1705	3
1706	2
1707	3
1708	3
1709	1
1710	3
1711	2
1712	0
1713	3
1714	2
1715	0
1716	1
1717	0
1718	3
1719	2
1720	3
1721	0
1722	2
1723	3
1724	1
1725	2
1726	3
1727	0
1728	2
1729	3
1730	2
1731	3
1732	3
1733	2
1734	3
1735	3
1736	2
1737	3
1738	2
1739	0
1740	1
1741	2
1742	3
1743	2
1744	2
1745	2
1746	3
1747	2
1748	3
1749	2
1750	3
1751	3
1752	1
1753	2
1754	2
1755	3
1756	2
1757	2
1758	3
1759	2
1760	3
1761	2
1762	0
1763	2
1764	0
1765	0
1766	3
1767	0
1768	3
1769	3
1770	2
1771	3
1772	3
1773	3
1774	3
1775	3
1776	0
1777	2
1778	1
1779	2
1780	2
1781	0
1782	0
1783	3
1784	3
1785	1
1786	2
1787	3
1788	3
1789	3
1790	2
1791	0
1792	3
1793	0
1794	3
1795	2
1796	0
1797	3
1798	3
1799	3
1800	0
1801	2
1802	2
1803	3
1804	0
1805	3
1806	2
1807	3
1808	3
1809	2
1810	0
1811	2
1812	1
1813	3
1814	1
1815	3
1816	2
1817	3
1818	3
1819	3
1820	0
1821	2
1822	3
1823	0
1824	0
1825	3
1826	0
1827	2
1828	2
1829	2
1830	3
1831	2
1832	3
1833	3
1834	2
1835	2
1836	1
1837	3
1838	3
1839	2
1840	0
1841	2
1842	0
1843	2
1844	0
1845	3
1846	2
1847	0
1848	3
1849	3
1850	3
1851	3
1852	3
1853	3
1854	3
1855	1
1856	1
1857	0
1858	1
1859	0
1860	0
1861	1
1862	1
1863	2
1864	2
1865	3
1866	2
1867	0
1868	2
1869	3
1870	3
1871	3
1872	3
1873	2
1874	3
1875	0
1876	2
1877	3
1878	3
1879	3
1880	2
1881	2
1882	1
1883	2
1884	3
1885	1
1886	3
1887	1
1888	2
1889	2
1890	3
1891	2
1892	0
1893	2
1894	2
1895	3
1896	3
1897	3
1898	2
1899	1
1900	1
1901	3
1902	2
1903	2
1904	3
1905	3
1906	2
1907	3
1908	0
1909	3
1910	2
1911	2
1912	2
1913	2
1914	0
1915	3
1916	3
1917	2
1918	2
1919	2
1920	2
1921	3
1922	1
1923	3
1924	0
1925	2
1926	3
1927	3
1928	3
1929	3
1930	2
1931	3
1932	3
1933	2
1934	2
1935	2
1936	3
1937	3
1938	2
1939	3
1940	3
1941	0
1942	1
1943	0
1944	0
1945	0
1946	3
1947	3
1948	2
1949	2
1950	3
1951	2
1952	3
1953	3
1954	0
1955	0
1956	0
1957	1
1958	0
1959	3
1960	3
1961	3
1962	3
1963	3
1964	1
1965	3
1966	2
1967	2
1968	3
1969	2
1970	0
1971	3
1972	3
1973	0
1974	0
1975	0
1976	2
1977	3
1978	3
1979	2
1980	0
1981	2
1982	3
1983	3
1984	2
1985	0
1986	3
1987	3
1988	1
1989	3
1990	3
1991	3
1992	2
1993	3
1994	0
1995	2
1996	0
1997	2
1998	2
1999	2
2000	3
2001	3
2002	2
2003	2
2004	3
2005	2
2006	0
2007	0
2008	3
2009	2
2010	3
2011	3
2012	0
2013	0
2014	3
2015	2
2016	0
2017	0
2018	3
2019	2
2020	1
2021	3
2022	1
2023	3
2024	3
2025	3
2026	2
2027	0
2028	0
2029	2
2030	2
2031	3
2032	3
2033	2
2034	3
2035	3
2036	0
2037	3
2038	3
2039	0
2040	3
2041	3
2042	2
2043	3
2044	3
2045	0
2046	3
2047	3
2048	1
2049	2
2050	3
2051	1
2052	2
2053	2
2054	1
2055	2
2056	3
2057	0
2058	2
2059	0
2060	0
2061	2
2062	3
2063	2
2064	3
2065	2
2066	2
2067	3
2068	2
2069	3
2070	3
2071	2
2072	3
2073	0
2074	3
2075	3
2076	1
2077	3
2078	3
2079	0
2080	2
2081	2
2082	2
2083	0
2084	0
2085	2
2086	2
2087	0
2088	2
2089	3
2090	0
2091	0
2092	2
2093	0
2094	0
2095	0
2096	2
2097	3
2098	0
2099	0
2100	2
2101	2
2102	2
2103	3
2104	3
2105	0
2106	3
2107	3
2108	3
2109	3
2110	2
2111	2
2112	3
2113	3
2114	3
2115	0
2116	0
2117	2
2118	0
2119	3
2120	2
2121	0
2122	0
2123	3
2124	0
2125	3
2126	3
2127	3
2128	2
2129	2
2130	2
2131	0
2132	3
2133	0
2134	3
2135	2
2136	2
2137	0
2138	2
2139	2
2140	2
2141	3
2142	3
2143	2
2144	0
2145	2
2146	2
2147	2
2148	2
2149	2
2150	0
2151	3
2152	3
2153	1
2154	3
2155	3
2156	3
2157	0
2158	2
2159	2
2160	3
2161	3
2162	2
2163	3
2164	3
2165	0
2166	0
2167	2
2168	3
2169	0
2170	3
2171	2
2172	0
2173	3
2174	1
2175	0
2176	2
2177	2
2178	2
2179	1
2180	0
2181	2
2182	0
2183	2
2184	2
2185	3
2186	2
2187	2
2188	2
2189	1
2190	1
2191	2
2192	3
2193	2
2194	0
2195	0
2196	2
2197	0
2198	3
2199	0
2200	2
2201	0
2202	3
2203	3
2204	2
2205	1
2206	2
2207	2
2208	3
2209	3
2210	3
2211	0
2212	0
2213	2
2214	0
2215	2
2216	3
2217	0
2218	2
2219	2
2220	1
2221	0
2222	3
2223	2
2224	3
2225	2
2226	0
2227	2
2228	2
2229	2
2230	3
2231	0
2232	2
2233	0
2234	1
2235	3
2236	2
2237	3
2238	3
2239	3
2240	2
2241	2
2242	0
2243	2
2244	0
2245	2
2246	2
2247	2
2248	3
2249	3
2250	3
2251	2
2252	3
2253	2
2254	3
2255	2
2256	0
2257	2
2258	0
2259	3
2260	2
2261	2
2262	0
2263	0
2264	3
2265	2
2266	2
2267	3
2268	3
2269	2
2270	0
2271	3
2272	2
2273	3
2274	3
2275	2
2276	0
2277	2
2278	3
2279	1
2280	2
2281	2
2282	2
2283	3
2284	3
2285	2
2286	0
2287	2
2288	1
2289	3
2290	0
2291	3
2292	0
2293	0
2294	1
2295	3
2296	0
2297	0
2298	3
2299	3
2300	3
2301	3
2302	2
2303	3
2304	3
2305	2
2306	3
2307	3
2308	1
2309	3
2310	2
2311	3
2312	3
2313	3
2314	2
2315	0
2316	2
2317	0
2318	0
2319	0
2320	3
2321	2
2322	0
2323	3
2324	2
2325	2
2326	1
2327	2
2328	0
2329	3
2330	2
2331	2
2332	0
2333	3
2334	2
2335	3
2336	3
2337	2
2338	3
2339	0
2340	0
2341	1
2342	3
2343	3
2344	3
2345	2
2346	2
2347	3
2348	2
2349	2
2350	0
2351	0
2352	3
2353	0
2354	0
2355	1
2356	2
2357	3
2358	0
2359	2
2360	0
2361	3
2362	0
2363	2
2364	3
2365	2
2366	3
2367	3
2368	3
2369	3
2370	2
2371	0
2372	0
2373	3
2374	2
2375	3
2376	3
2377	2
2378	3
2379	0
2380	1
2381	1
2382	2
2383	0
2384	3
2385	1
2386	2
2387	3
2388	3
2389	1
2390	0
2391	3
2392	0
2393	3
2394	3
2395	3
2396	0
2397	0
2398	3
2399	3
2400	3
2401	0
2402	3
2403	0
2404	2
2405	3
2406	3
2407	3
2408	3
2409	0
2410	0
2411	2
2412	3
2413	2
2414	0
2415	2
2416	3
2417	3
2418	2
2419	3
2420	2
2421	0
2422	2
2423	3
2424	3
2425	0
2426	3
2427	3
2428	3
2429	3
2430	2
2431	0
2432	2
2433	2
2434	1
2435	0
2436	3
2437	1
2438	2
2439	3
2440	2
2441	2
2442	2
2443	3
2444	0
2445	0
2446	3
2447	2
2448	3
2449	3
2450	0
2451	2
2452	3
2453	3
2454	3
2455	0
2456	0
2457	2
2458	1
2459	2
2460	3
2461	2
2462	3
2463	3
2464	0
2465	0
2466	2
2467	3
2468	0
2469	2
2470	3
2471	3
2472	0
2473	2
2474	2
2475	2
2476	3
2477	2
2478	2
2479	0
2480	3
2481	2
2482	2
2483	3
2484	3
2485	2
2486	3
2487	2
2488	0
2489	2
2490	0
2491	3
2492	1
2493	0
2494	2
2495	3
2496	2
2497	2
2498	3
2499	2
2500	0
2501	0
2502	3
2503	3
2504	3
2505	3
2506	0
2507	0
2508	3
2509	2
2510	2
2511	3
2512	2
2513	2
2514	0
2515	3
2516	2
2517	3
2518	2
2519	0
2520	0
2521	0
2522	3
2523	2
2524	0
2525	3
2526	3
2527	3
2528	0
2529	0
2530	2
2531	2
2532	1
2533	2
2534	3
2535	3
2536	3
2537	2
2538	0
2539	1
2540	3
2541	1
2542	0
2543	3
2544	3
2545	2
2546	0
2547	3
2548	3
2549	2
2550	3
2551	2
2552	0
2553	2
2554	3
2555	3
2556	3
2557	2
2558	2
2559	0
2560	3
2561	2
2562	2
2563	2
2564	2
2565	1
2566	2
2567	2
2568	3
2569	0
2570	3
2571	2
2572	3
2573	1
2574	0
2575	3
2576	2
2577	3
2578	2
2579	2
2580	3
2581	2
2582	0
2583	0
2584	3
2585	3
2586	3
2587	3
2588	3
2589	3
2590	3
2591	3
2592	3
2593	1
2594	3
2595	0
2596	3
2597	0
2598	2
2599	3
2600	3
2601	0
2602	2
2603	0
2604	1
2605	3
2606	1
2607	2
2608	3
2609	3
2610	2
2611	2
2612	0
2613	0
2614	3
2615	3
2616	0
2617	2
2618	3
2619	2
2620	2
2621	2
2622	3
2623	1
2624	3
2625	3
2626	2
2627	1
2628	0
2629	1
2630	3
2631	0
2632	3
2633	3
2634	0
2635	2
2636	2
2637	0
2638	0
2639	2
2640	3
2641	2
2642	0
2643	2
2644	1
2645	1
2646	2
2647	3
2648	2
2649	0
2650	3
2651	1
2652	3
2653	0
2654	3
2655	0
2656	0
2657	3
2658	3
2659	3
2660	3
2661	1
2662	1
2663	3
2664	3
2665	2
2666	3
2667	2
2668	2
2669	0
2670	0
2671	3
2672	3
2673	3
2674	2
2675	2
2676	2
2677	2
2678	1
2679	1
2680	0
2681	3
2682	3
2683	2
2684	1
2685	2
2686	3
2687	3
2688	3
2689	3
2690	2
2691	0
2692	2
2693	2
2694	3
2695	3
2696	3
2697	2
2698	3
2699	2
2700	2
2701	0
2702	0
2703	3
2704	2
2705	2
2706	2
2707	2
2708	1
2709	0
2710	2
2711	0
2712	3
2713	2
2714	3
2715	2
2716	3
2717	1
2718	2
2719	2
2720	0
2721	0
2722	2
2723	2
2724	0
2725	3
2726	2
2727	0
2728	2
2729	3
2730	3
2731	0
2732	3
2733	3
2734	3
2735	2
2736	3
2737	2
2738	3
2739	0
2740	2
2741	0
2742	3
2743	0
2744	2
2745	0
2746	3
2747	3
2748	0
2749	3
2750	2
2751	2
2752	1
2753	3
2754	0
2755	0
2756	2
2757	0
2758	2
2759	2
2760	3
2761	3
2762	3
2763	2
2764	3
2765	2
2766	0
2767	2
2768	3
2769	2
2770	2
2771	3
2772	2
2773	2
2774	0
2775	0
2776	2
2777	3
2778	0
2779	3
2780	1
2781	3
2782	2
2783	2
2784	3
2785	3
2786	1
2787	3
2788	2
2789	0
2790	2
2791	3
2792	1
2793	0
2794	3
2795	0
2796	2
2797	0
2798	0
2799	3
2800	2
2801	2
2802	3
2803	0
2804	2
2805	2
2806	2
2807	2
2808	0
2809	0
2810	3
2811	3
2812	3
2813	2
2814	2
2815	2
2816	2
2817	2
2818	0
2819	3
2820	3
2821	0
2822	3
2823	3
2824	3
2825	2
2826	3
2827	3
2828	3
2829	1
2830	2
2831	2
2832	3
2833	3
2834	2
2835	3
2836	1
2837	1
2838	0
2839	0
2840	3
2841	3
2842	3
2843	2
2844	3
2845	3
2846	2
2847	0
2848	2
2849	2
2850	0
2851	0
2852	2
2853	0
2854	2
2855	2
2856	3
2857	2
2858	3
2859	3
2860	3
2861	3
2862	0
2863	2
2864	1
2865	3
2866	3
2867	2
2868	3
2869	2
2870	1
2871	3
2872	3
2873	3
2874	3
2875	3
2876	3
2877	3
2878	2
2879	1
2880	0
2881	3
2882	3
2883	3
2884	2
2885	0
2886	0
2887	2
2888	2
2889	2
2890	3
2891	2
2892	0
2893	0
2894	0
2895	0
2896	3
2897	3
2898	0
2899	2
2900	2
2901	2
2902	2
2903	2
2904	2
2905	2
2906	3
2907	0
2908	0
2909	2
2910	3
2911	1
2912	0
2913	3
2914	2
2915	1
2916	2
2917	0
2918	0
2919	3
2920	3
2921	0
2922	3
2923	1
2924	3
2925	0
2926	2
2927	2
2928	3
2929	2
2930	2
2931	2
2932	3
2933	3
2934	3
2935	1
2936	0
2937	0
2938	3
2939	0
2940	2
2941	3
2942	2
2943	2
2944	2
2945	2
2946	3
2947	2
2948	0
2949	2
2950	0
2951	3
2952	3
2953	2
2954	3
2955	0
2956	3
2957	2
2958	3
2959	3
2960	2
2961	3
2962	2
2963	1
2964	3
2965	0
2966	2
2967	2
2968	0
2969	2
2970	3
2971	2
2972	0
2973	2
2974	3
2975	0
2976	3
2977	3
2978	3
2979	2
2980	2
2981	3
2982	3
2983	3
2984	2
2985	3
2986	2
2987	2
2988	3
2989	2
2990	0
2991	3
2992	2
2993	3
2994	2
2995	1
2996	2
2997	0
2998	3
2999	3
3000	2
3001	0
3002	3
3003	2
3004	0
3005	3
3006	0
3007	2
3008	3
3009	3
3010	3
3011	0
3012	2
3013	3
3014	3
3015	0
3016	2
3017	0
3018	2
3019	0
3020	0
3021	2
3022	2
3023	2
3024	3
3025	2
3026	3
3027	3
3028	2
3029	2
3030	3
3031	1
3032	2
3033	2
3034	0
3035	2
3036	0
3037	3
3038	0
3039	2
3040	0
3041	3
3042	2
3043	1
3044	3
3045	0
3046	0
3047	3
3048	3
3049	0
3050	2
3051	3
3052	0
3053	3
3054	3
3055	3
3056	1
3057	3
3058	2
3059	3
3060	3
3061	0
3062	2
3063	0
3064	2
3065	2
3066	3
3067	0
3068	0
3069	2
3070	3
3071	0
3072	0
3073	0
3074	2
3075	3
3076	3
3077	2
3078	0
3079	3
3080	2
3081	3
3082	0
3083	1
3084	2
3085	2
3086	3
3087	2
3088	2
3089	2
3090	3
3091	3
3092	1
3093	0
3094	0
3095	0
3096	3
3097	0
3098	3
3099	3
3100	3
3101	3
3102	3
3103	3
3104	3
3105	3
3106	3
3107	1
3108	0
3109	2
3110	1
3111	2
3112	3
3113	2
3114	2
3115	2
3116	0
3117	3
3118	3
3119	0
3120	0
3121	2
3122	2
3123	3
3124	3
3125	1
3126	0
3127	0
3128	2
3129	0
3130	3
3131	3
3132	2
3133	2
3134	3
3135	0
3136	3
3137	3
3138	2
3139	3
3140	2
3141	3
3142	3
3143	3
3144	0
3145	2
3146	0
3147	0
3148	0
3149	3
3150	2
3151	3
3152	0
3153	2
3154	2
3155	3
3156	3
3157	0
3158	2
3159	3
3160	2
3161	3
3162	0
3163	3
3164	3
3165	1
3166	3
3167	2
3168	2
3169	3
3170	2
3171	2
3172	3
3173	1
3174	0
3175	1
3176	2
3177	2
3178	3
3179	3
3180	0
3181	3
3182	3
3183	2
3184	0
3185	3
3186	3
3187	1
3188	3
3189	2
3190	2
3191	3
3192	2
3193	2
3194	0
3195	0
3196	2
3197	0
3198	3
3199	2
3200	3
3201	3
3202	2
3203	0
3204	3
3205	0
3206	3
3207	3
3208	2
3209	2
3210	3
3211	0
3212	0
3213	2
3214	0
3215	0
3216	0
3217	0
3218	3
3219	0
3220	0
3221	2
3222	2
3223	3
3224	3
3225	0
3226	1
3227	2
3228	3
3229	3
3230	3
3231	3
3232	2
3233	0
3234	3
3235	2
3236	2
3237	0
3238	1
3239	3
3240	3
3241	0
3242	3
3243	0
3244	3
3245	2
3246	2
3247	0
3248	3
3249	2
3250	0
3251	2
3252	1
3253	3
3254	1
3255	3
3256	3
3257	0
3258	0
3259	2
3260	2
3261	2
3262	3
3263	2
3264	2
3265	3
3266	3
3267	2
3268	2
3269	2
3270	2
3271	3
3272	0
3273	3
3274	2
3275	3
3276	3
3277	2
3278	0
3279	2
3280	0
3281	0
3282	2
3283	1
3284	3
3285	3
3286	3
3287	3
3288	3
3289	3
3290	3
3291	3
3292	0
3293	2
3294	3
3295	0
3296	1
3297	3
3298	2
3299	1
3300	0
3301	0
3302	3
3303	3
3304	2
3305	0
3306	0
3307	3
3308	0
3309	3
3310	1
3311	2
3312	2
3313	2
3314	3
3315	2
3316	3
3317	3
3318	3
3319	2
3320	0
3321	1
3322	0
3323	2
3324	3
3325	0
3326	3
3327	2
3328	2
3329	0
3330	2
3331	2
3332	3
3333	2
3334	1
3335	3
3336	3
3337	0
3338	3
3339	3
3340	0
3341	2
3342	0
3343	3
3344	2
3345	2
3346	3
3347	0
3348	3
3349	2
3350	0
3351	0
3352	3
3353	2
3354	1
3355	0
3356	2
3357	2
3358	3
3359	0
3360	0
3361	1
3362	2
3363	0
3364	3
3365	2
3366	3
3367	2
3368	3
3369	3
3370	2
3371	2
3372	2
3373	3
3374	3
3375	2
3376	3
3377	0
3378	2
3379	3
3380	0
3381	3
3382	2
3383	0
3384	0
3385	1
3386	3
3387	2
3388	0
3389	3
3390	3
3391	0
3392	2
3393	0
3394	2
3395	3
3396	3
3397	0
3398	0
3399	3
3400	2
3401	3
3402	3
3403	2
3404	1
3405	2
3406	0
3407	3
3408	3
3409	3
3410	2
3411	0
3412	3
3413	3
3414	0
3415	1
3416	1
3417	2
3418	3
3419	1
3420	0
3421	0
3422	3
3423	0
3424	1
3425	2
3426	1
3427	3
3428	2
3429	3
3430	3
3431	3
3432	2
3433	3
3434	2
3435	3
3436	3
3437	3
3438	0
3439	2
3440	0
3441	0
3442	3
3443	3
3444	2
3445	3
3446	3
3447	0
3448	3
3449	2
3450	3
3451	2
3452	2
3453	3
3454	2
3455	2
3456	0
3457	0
3458	2
3459	0
3460	3
3461	0
3462	3
3463	3
3464	2
3465	3
3466	2
3467	2
3468	2
3469	0
3470	3
3471	2
3472	0
3473	2
3474	2
3475	2
3476	0
3477	3
3478	3
3479	0
3480	3
3481	0
3482	2
3483	2
3484	0
3485	3
3486	3
3487	0
3488	1
3489	0
3490	0
3491	1
3492	3
3493	3
3494	3
3495	3
3496	3
3497	3
3498	2
3499	3
3500	0
3501	0
3502	3
3503	2
3504	3
3505	0
3506	3
3507	3
3508	2
3509	2
3510	3
3511	0
3512	2
3513	0
3514	3
3515	3
3516	3
3517	2
3518	3
3519	2
3520	3
3521	2
3522	2
3523	3
3524	1
3525	0
3526	0
3527	3
3528	2
3529	2
3530	0
3531	2
3532	0
3533	3
3534	3
3535	1
3536	0
3537	2
3538	3
3539	3
3540	2
3541	2
3542	2
3543	2
3544	2
3545	3
3546	2
3547	3
3548	0
3549	3
3550	2
3551	3
3552	3
3553	0
3554	3
3555	0
3556	2
3557	0
3558	3
3559	3
3560	3
3561	3
3562	0
3563	2
3564	0
3565	0
3566	2
3567	1
3568	3
3569	2
3570	3
3571	3
3572	3
3573	2
3574	2
3575	3
3576	2
3577	2
3578	0
3579	2
3580	2
3581	3
3582	3
3583	2
3584	3
3585	3
3586	2
3587	2
3588	2
3589	0
3590	3
3591	3
3592	1
3593	0
3594	3
3595	3
3596	0
3597	3
3598	3
3599	2
3600	3
3601	0
3602	2
3603	3
3604	2
3605	3
3606	3
3607	0
3608	3
3609	0
3610	0
3611	3
3612	3
3613	2
3614	3
3615	1
3616	3
3617	2
3618	2
3619	0
3620	3
3621	0
3622	3
3623	3
3624	1
3625	3
3626	3
3627	2
3628	2
3629	3
3630	1
3631	1
3632	1
3633	2
3634	2
3635	2
3636	3
3637	3
3638	3
3639	1
3640	3
3641	0
3642	0
3643	3
3644	0
3645	3
3646	2
3647	0
3648	3
3649	3
3650	3
3651	3
3652	3
3653	0
3654	3
3655	3
3656	2
3657	3
3658	0
3659	3
3660	3
3661	3
3662	1
3663	2
3664	0
3665	2
3666	3
3667	0
3668	2
3669	2
3670	2
3671	0
3672	2
3673	3
3674	3
3675	2
3676	3
3677	3
3678	1
3679	2
3680	3
3681	2
3682	2
3683	3
3684	2
3685	3
3686	3
3687	3
3688	2
3689	2
3690	0
3691	2
3692	0
3693	3
3694	1
3695	1
3696	2
3697	3
3698	3
3699	3
3700	3
3701	2
3702	2
3703	0
3704	0
3705	3
3706	3
3707	3
3708	3
3709	3
3710	3
3711	1
3712	0
3713	2
3714	2
3715	2
3716	2
3717	2
3718	3
3719	3
3720	3
3721	0
3722	2
3723	3
3724	0
3725	3
3726	3
3727	2
3728	2
3729	1
3730	2
3731	3
3732	2
3733	2
3734	1
3735	0
3736	0
3737	2
3738	2
3739	2
3740	3
3741	3
3742	3
3743	1
3744	0
3745	1
3746	2
3747	3
3748	2
3749	0
3750	3
3751	0
3752	3
3753	2
3754	3
3755	3
3756	3
3757	3
3758	3
3759	2
3760	2
3761	3
3762	2
3763	0
3764	2
3765	3
3766	2
3767	0
3768	3
3769	0
3770	2
3771	3
3772	0
3773	3
3774	3
3775	2
3776	2
3777	3
3778	3
3779	2
3780	2
3781	0
3782	2
3783	2
3784	3
3785	3
3786	3
3787	3
3788	2
3789	2
3790	3
3791	0
3792	0
3793	2
3794	2
3795	2
3796	2
3797	2
3798	1
3799	0
3800	3
3801	2
3802	0
3803	2
3804	2
3805	3
3806	3
3807	0
3808	2
3809	1
3810	3
3811	2
3812	2
3813	2
3814	3
3815	0
3816	3
3817	2
3818	2
3819	2
3820	0
3821	3
3822	3
3823	0
3824	0
3825	1
3826	3
3827	2
3828	0
3829	0
3830	0
3831	0
3832	3
3833	0
3834	3
3835	0
3836	0
3837	3
3838	3
3839	0
3840	0
3841	2
3842	3
3843	2
3844	3
3845	2
3846	3
3847	2
3848	2
3849	3
3850	0
3851	2
3852	3
3853	2
3854	2
3855	0
3856	0
3857	0
3858	0
3859	0
3860	3
3861	2
3862	2
3863	0
3864	2
3865	3
3866	3
3867	3
3868	0
3869	3
3870	2
3871	0
3872	2
3873	2
3874	3
3875	2
3876	3
3877	0
3878	1
3879	2
3880	2
3881	3
3882	2
3883	0
3884	0
3885	3
3886	0
3887	0
3888	0
3889	2
3890	0
3891	3
3892	2
3893	2
3894	3
3895	2
3896	0
3897	2
3898	3
3899	1
3900	0
3901	1
3902	2
3903	0
3904	0
3905	2
3906	3
3907	2
3908	2
3909	2
3910	0
3911	3
3912	2
3913	2
3914	2
3915	2
3916	2
3917	1
3918	3
3919	3
3920	1
3921	3
3922	3
3923	3
3924	3
3925	3
3926	2
3927	0
3928	3
3929	3
3930	3
3931	1
3932	0
3933	3
3934	3
3935	0
3936	3
3937	2
3938	3
3939	2
3940	3
3941	3
3942	0
3943	3
3944	2
3945	2
3946	0
3947	1
3948	0
3949	3
3950	3
3951	0
3952	3
3953	2
3954	3
3955	2
3956	3
3957	3
3958	3
3959	2
3960	3
3961	2
3962	0
3963	2
3964	3
3965	3
3966	3
3967	0
3968	0
3969	0
3970	3
3971	0
3972	3
3973	2
3974	3
3975	2
3976	3
3977	0
3978	3
3979	3
3980	2
3981	2
3982	2
3983	0
3984	3
3985	3
3986	2
3987	0
3988	2
3989	3
3990	0
3991	0
3992	2
3993	2
3994	3
3995	2
3996	3
3997	3
3998	0
3999	2
4000	0
4001	3
4002	3
4003	1
4004	3
4005	0
4006	2
4007	1
4008	3
4009	2
4010	2
4011	3
4012	0
4013	3
4014	2
4015	0
4016	0
4017	3
4018	2
4019	1
4020	2
4021	2
4022	3
4023	0
4024	0
4025	2
4026	3
4027	2
4028	2
4029	3
4030	2
4031	2
4032	3
4033	3
4034	3
4035	3
4036	2
4037	0
4038	3
4039	2
4040	0
4041	3
4042	3
4043	3
4044	3
4045	3
4046	0
4047	0
4048	3
4049	0
4050	2
4051	3
4052	2
4053	2
4054	2
4055	0
4056	3
4057	2
4058	1
4059	2
4060	0
4061	3
4062	0
4063	0
4064	3
4065	3
4066	3
4067	0
4068	2
4069	0
4070	2
4071	3
4072	1
4073	3
4074	2
4075	3
4076	2
4077	3
4078	0
4079	0
4080	3
4081	2
4082	2
4083	0
4084	2
4085	2
4086	3
4087	1
4088	3
4089	2
4090	2
4091	2
4092	2
4093	3
4094	0
4095	2
