COMMAND
./sim gshare 12 3 ./proj2-traces/perl_trace.txt
OUTPUT
number of predictions:2000000
number of mispredictions:175425
misprediction rate:   8.77%
FINAL GSHARE CONTENTS
0	3
1	2
2	2
3	1
4	3
5	0
6	2
7	2
8	3
9	1
10	3
11	2
12	2
13	2
14	3
15	2
16	3
17	3
18	3
19	1
20	3
21	2
22	2
23	3
24	0
25	2
26	3
27	3
28	0
29	1
30	3
31	2
32	2
33	3
34	2
35	3
36	2
37	2
38	2
39	2
40	3
41	2
42	2
43	3
44	3
45	1
46	2
47	2
48	3
49	2
50	3
51	2
52	2
53	3
54	3
55	1
56	3
57	1
58	2
59	2
60	3
61	2
62	0
63	1
64	2
65	1
66	0
67	2
68	3
69	2
70	2
71	2
72	2
73	2
74	0
75	2
76	3
77	3
78	2
79	0
80	3
81	3
82	2
83	2
84	0
85	1
86	2
87	3
88	3
89	2
90	2
91	0
92	2
93	0
94	3
95	3
96	2
97	0
98	2
99	2
100	3
101	0
102	2
103	2
104	2
105	2
106	0
107	2
108	2
109	2
110	0
111	3
112	2
113	3
114	1
115	3
116	0
117	2
118	1
119	0
120	0
121	3
122	2
123	2
124	2
125	1
126	2
127	2
128	3
129	2
130	2
131	0
132	2
133	2
134	0
135	3
136	3
137	3
138	3
139	2
140	0
141	2
142	2
143	3
144	1
145	0
146	2
147	2
148	2
149	2
150	2
151	2
152	2
153	3
154	2
155	2
156	0
157	2
158	2
159	2
160	1
161	0
162	0
163	2
164	2
165	2
166	2
167	0
168	2
169	2
170	3
171	0
172	3
173	0
174	0
175	2
176	3
177	2
178	0
179	0
180	3
181	3
182	3
183	2
184	2
185	2
186	2
187	3
188	2
189	2
190	2
191	3
192	2
193	3
194	2
195	2
196	0
197	3
198	2
199	0
200	2
201	2
202	2
203	0
204	2
205	2
206	3
207	0
208	1
209	3
210	1
211	2
212	2
213	2
214	2
215	0
216	0
217	2
218	0
219	0
220	2
221	3
222	2
223	3
224	2
225	3
226	0
227	0
228	2
229	3
230	2
231	2
232	0
233	2
234	1
235	0
236	2
237	2
238	3
239	2
240	2
241	2
242	2
243	2
244	2
245	2
246	2
247	2
248	3
249	2
250	2
251	3
252	3
253	2
254	3
255	2
256	2
257	1
258	1
259	2
260	2
261	3
262	3
263	3
264	0
265	3
266	0
267	3
268	2
269	1
270	2
271	1
272	3
273	3
274	2
275	1
276	1
277	3
278	0
279	0
280	0
281	0
282	2
283	2
284	1
285	2
286	1
287	3
288	0
289	3
290	0
291	3
292	2
293	1
294	0
295	3
296	2
297	1
298	1
299	0
300	3
301	2
302	3
303	2
304	3
305	2
306	3
307	2
308	2
309	2
310	1
311	2
312	2
313	3
314	2
315	2
316	2
317	2
318	3
319	0
320	1
321	2
322	2
323	0
324	2
325	3
326	2
327	0
328	2
329	2
330	2
331	2
332	3
333	3
334	2
335	0
336	3
337	3
338	1
339	2
340	2
341	2
342	0
343	2
344	0
345	3
346	2
347	2
348	3
349	1
350	0
351	2
352	0
353	3
354	2
355	0
356	3
357	2
358	0
359	2
360	3
361	2
362	3
363	3
364	0
365	0
366	2
367	1
368	2
369	2
370	3
371	2
372	3
373	0
374	2
375	0
376	0
377	2
378	2
379	1
380	3
381	3
382	2
383	1
384	1
385	2
386	2
387	2
388	2
389	2
390	2
391	3
392	3
393	0
394	3
395	2
396	3
397	3
398	3
399	2
400	3
401	0
402	2
403	3
404	2
405	2
406	2
407	2
408	3
409	1
410	2
411	0
412	2
413	3
414	2
415	3
416	3
417	2
418	2
419	2
420	2
421	2
422	0
423	1
424	1
425	3
426	3
427	2
428	3
429	3
430	3
431	2
432	0
433	3
434	0
435	2
436	2
437	2
438	2
439	3
440	2
441	2
442	2
443	1
444	2
445	2
446	2
447	2
448	3
449	0
450	3
451	3
452	2
453	2
454	2
455	2
456	2
457	2
458	0
459	2
460	2
461	2
462	3
463	2
464	3
465	2
466	0
467	2
468	3
469	0
470	2
471	2
472	3
473	2
474	2
475	2
476	2
477	1
478	2
479	1
480	3
481	2
482	2
483	3
484	2
485	0
486	3
487	3
488	0
489	2
490	1
491	0
492	2
493	2
494	2
495	0
496	2
497	2
498	0
499	0
500	1
501	2
502	2
503	0
504	2
505	2
506	3
507	0
508	3
509	3
510	2
511	2
512	2
513	2
514	2
515	3
516	3
517	3
518	2
519	2
520	3
521	2
522	3
523	2
524	3
525	1
526	1
527	2
528	2
529	1
530	2
531	2
532	3
533	2
534	2
535	0
536	0
537	3
538	3
539	2
540	3
541	3
542	2
543	2
544	2
545	3
546	0
547	3
548	3
549	2
550	2
551	3
552	2
553	2
554	3
555	2
556	3
557	2
558	3
559	0
560	3
561	3
562	2
563	0
564	2
565	1
566	3
567	0
568	2
569	2
570	2
571	3
572	0
573	2
574	2
575	2
576	0
577	0
578	1
579	2
580	2
581	2
582	0
583	3
584	3
585	2
586	0
587	3
588	3
589	3
590	2
591	3
592	2
593	2
594	3
595	3
596	2
597	0
598	2
599	3
600	2
601	1
602	2
603	0
604	2
605	2
606	0
607	3
608	2
609	2
610	2
611	2
612	3
613	1
614	2
615	2
616	2
617	1
618	0
619	1
620	2
621	0
622	3
623	1
624	2
625	3
626	1
627	3
628	3
629	2
630	0
631	0
632	2
633	3
634	2
635	2
636	3
637	0
638	2
639	2
640	3
641	3
642	3
643	1
644	3
645	2
646	0
647	3
648	2
649	2
650	3
651	3
652	2
653	3
654	0
655	3
656	2
657	0
658	2
659	3
660	2
661	2
662	3
663	3
664	2
665	2
666	2
667	2
668	0
669	2
670	3
671	2
672	0
673	2
674	0
675	3
676	2
677	2
678	2
679	2
680	0
681	3
682	3
683	0
684	2
685	2
686	0
687	2
688	2
689	2
690	3
691	0
692	1
693	3
694	2
695	2
696	2
697	2
698	3
699	0
700	2
701	2
702	2
703	1
704	3
705	3
706	2
707	2
708	0
709	0
710	2
711	2
712	0
713	3
714	2
715	0
716	0
717	2
718	2
719	2
720	2
721	2
722	2
723	2
724	2
725	2
726	2
727	0
728	2
729	2
730	0
731	2
732	3
733	2
734	3
735	2
736	2
737	3
738	2
739	2
740	1
741	3
742	2
743	2
744	1
745	2
746	1
747	2
748	2
749	0
750	1
751	3
752	0
753	2
754	3
755	2
756	2
757	3
758	2
759	2
760	3
761	3
762	2
763	2
764	3
765	0
766	2
767	2
768	2
769	3
770	2
771	2
772	2
773	2
774	2
775	3
776	0
777	3
778	0
779	2
780	3
781	0
782	0
783	3
784	2
785	3
786	2
787	0
788	3
789	2
790	2
791	0
792	2
793	0
794	2
795	3
796	1
797	3
798	3
799	3
800	2
801	3
802	0
803	1
804	3
805	0
806	3
807	3
808	3
809	2
810	2
811	2
812	2
813	3
814	3
815	2
816	2
817	2
818	2
819	2
820	3
821	0
822	0
823	2
824	2
825	2
826	2
827	3
828	2
829	2
830	2
831	0
832	2
833	2
834	2
835	0
836	2
837	3
838	3
839	3
840	0
841	2
842	1
843	3
844	3
845	2
846	3
847	3
848	3
849	3
850	2
851	2
852	2
853	0
854	0
855	2
856	2
857	0
858	2
859	2
860	3
861	1
862	0
863	2
864	0
865	2
866	2
867	2
868	0
869	3
870	3
871	2
872	3
873	2
874	2
875	2
876	0
877	0
878	2
879	2
880	3
881	2
882	3
883	0
884	2
885	2
886	3
887	0
888	0
889	0
890	2
891	1
892	3
893	1
894	1
895	2
896	2
897	3
898	2
899	0
900	2
901	1
902	2
903	2
904	2
905	3
906	2
907	2
908	2
909	2
910	3
911	2
912	2
913	1
914	2
915	3
916	2
917	2
918	2
919	2
920	2
921	2
922	2
923	0
924	0
925	2
926	1
927	2
928	2
929	0
930	3
931	2
932	2
933	0
934	3
935	2
936	3
937	3
938	2
939	2
940	3
941	0
942	2
943	2
944	3
945	2
946	1
947	2
948	3
949	3
950	2
951	3
952	2
953	0
954	2
955	2
956	2
957	1
958	2
959	2
960	1
961	2
962	2
963	3
964	0
965	2
966	0
967	3
968	2
969	1
970	2
971	0
972	3
973	2
974	3
975	2
976	3
977	2
978	0
979	3
980	2
981	3
982	2
983	1
984	3
985	0
986	0
987	2
988	2
989	0
990	3
991	0
992	3
993	2
994	2
995	0
996	2
997	0
998	0
999	2
1000	2
1001	0
1002	2
1003	3
1004	2
1005	3
1006	3
1007	3
1008	2
1009	2
1010	0
1011	2
1012	0
1013	2
1014	2
1015	0
1016	2
1017	2
1018	3
1019	0
1020	3
1021	0
1022	2
1023	2
1024	1
1025	3
1026	1
1027	3
1028	2
1029	2
1030	2
1031	0
1032	3
1033	3
1034	3
1035	3
1036	2
1037	3
1038	3
1039	2
1040	2
1041	2
1042	3
1043	2
1044	2
1045	1
1046	2
1047	2
1048	1
1049	2
1050	2
1051	0
1052	2
1053	2
1054	2
1055	2
1056	2
1057	3
1058	0
1059	3
1060	2
1061	0
1062	3
1063	3
1064	3
1065	2
1066	2
1067	2
1068	0
1069	2
1070	3
1071	3
1072	3
1073	1
1074	0
1075	2
1076	2
1077	2
1078	0
1079	3
1080	0
1081	2
1082	2
1083	2
1084	0
1085	2
1086	0
1087	3
1088	0
1089	0
1090	2
1091	3
1092	3
1093	2
1094	1
1095	2
1096	3
1097	3
1098	0
1099	2
1100	3
1101	2
1102	2
1103	2
1104	3
1105	2
1106	2
1107	2
1108	2
1109	3
1110	2
1111	1
1112	2
1113	3
1114	2
1115	2
1116	2
1117	3
1118	0
1119	2
1120	0
1121	3
1122	2
1123	2
1124	0
1125	0
1126	2
1127	3
1128	1
1129	0
1130	2
1131	2
1132	2
1133	3
1134	0
1135	3
1136	0
1137	0
1138	0
1139	3
1140	3
1141	3
1142	3
1143	0
1144	2
1145	0
1146	2
1147	3
1148	3
1149	2
1150	3
1151	2
1152	3
1153	0
1154	0
1155	0
1156	3
1157	2
1158	0
1159	0
1160	2
1161	1
1162	0
1163	1
1164	0
1165	2
1166	0
1167	3
1168	2
1169	2
1170	2
1171	3
1172	2
1173	2
1174	3
1175	2
1176	2
1177	0
1178	2
1179	2
1180	2
1181	2
1182	2
1183	2
1184	0
1185	3
1186	2
1187	2
1188	2
1189	2
1190	3
1191	1
1192	3
1193	2
1194	0
1195	3
1196	2
1197	1
1198	0
1199	2
1200	0
1201	2
1202	3
1203	0
1204	2
1205	2
1206	2
1207	3
1208	2
1209	2
1210	2
1211	3
1212	2
1213	3
1214	2
1215	2
1216	2
1217	2
1218	1
1219	0
1220	0
1221	2
1222	2
1223	0
1224	2
1225	2
1226	1
1227	0
1228	2
1229	2
1230	2
1231	2
1232	1
1233	3
1234	3
1235	3
1236	2
1237	2
1238	2
1239	3
1240	1
1241	2
1242	1
1243	2
1244	3
1245	0
1246	3
1247	2
1248	2
1249	3
1250	0
1251	1
1252	2
1253	0
1254	3
1255	2
1256	0
1257	2
1258	3
1259	2
1260	2
1261	2
1262	3
1263	3
1264	2
1265	2
1266	1
1267	3
1268	2
1269	0
1270	2
1271	0
1272	0
1273	0
1274	2
1275	3
1276	3
1277	1
1278	3
1279	2
1280	2
1281	3
1282	3
1283	0
1284	2
1285	2
1286	0
1287	2
1288	3
1289	3
1290	0
1291	2
1292	2
1293	3
1294	2
1295	3
1296	3
1297	3
1298	1
1299	3
1300	0
1301	1
1302	3
1303	2
1304	2
1305	0
1306	2
1307	1
1308	0
1309	2
1310	3
1311	3
1312	3
1313	0
1314	0
1315	2
1316	2
1317	1
1318	2
1319	3
1320	2
1321	0
1322	3
1323	2
1324	0
1325	3
1326	3
1327	1
1328	2
1329	2
1330	3
1331	2
1332	3
1333	2
1334	2
1335	2
1336	0
1337	2
1338	2
1339	2
1340	2
1341	2
1342	0
1343	0
1344	0
1345	2
1346	2
1347	0
1348	2
1349	3
1350	2
1351	2
1352	0
1353	0
1354	3
1355	2
1356	1
1357	3
1358	0
1359	2
1360	0
1361	2
1362	3
1363	0
1364	3
1365	3
1366	3
1367	0
1368	0
1369	3
1370	2
1371	3
1372	0
1373	2
1374	3
1375	3
1376	0
1377	3
1378	3
1379	3
1380	0
1381	2
1382	0
1383	2
1384	3
1385	2
1386	3
1387	2
1388	3
1389	2
1390	1
1391	2
1392	2
1393	2
1394	1
1395	3
1396	2
1397	2
1398	3
1399	1
1400	1
1401	3
1402	3
1403	2
1404	3
1405	3
1406	3
1407	3
1408	2
1409	2
1410	2
1411	0
1412	3
1413	1
1414	2
1415	3
1416	2
1417	2
1418	0
1419	1
1420	2
1421	2
1422	2
1423	2
1424	2
1425	2
1426	2
1427	2
1428	2
1429	3
1430	2
1431	2
1432	1
1433	2
1434	2
1435	2
1436	3
1437	3
1438	2
1439	2
1440	0
1441	2
1442	3
1443	3
1444	3
1445	0
1446	2
1447	2
1448	3
1449	3
1450	0
1451	0
1452	0
1453	3
1454	0
1455	2
1456	2
1457	2
1458	3
1459	0
1460	2
1461	1
1462	2
1463	3
1464	2
1465	2
1466	2
1467	3
1468	2
1469	2
1470	2
1471	2
1472	2
1473	2
1474	2
1475	2
1476	2
1477	2
1478	2
1479	2
1480	3
1481	2
1482	0
1483	2
1484	2
1485	2
1486	3
1487	3
1488	2
1489	2
1490	2
1491	1
1492	2
1493	1
1494	2
1495	3
1496	3
1497	3
1498	3
1499	1
1500	2
1501	2
1502	2
1503	3
1504	3
1505	2
1506	1
1507	0
1508	1
1509	2
1510	2
1511	2
1512	3
1513	2
1514	3
1515	2
1516	2
1517	2
1518	3
1519	0
1520	3
1521	3
1522	0
1523	0
1524	1
1525	3
1526	2
1527	2
1528	2
1529	2
1530	3
1531	3
1532	1
1533	2
1534	2
1535	3
1536	1
1537	2
1538	3
1539	3
1540	3
1541	3
1542	3
1543	2
1544	3
1545	2
1546	3
1547	2
1548	3
1549	0
1550	0
1551	2
1552	2
1553	1
1554	2
1555	2
1556	3
1557	2
1558	3
1559	0
1560	0
1561	2
1562	0
1563	2
1564	2
1565	0
1566	3
1567	2
1568	2
1569	3
1570	2
1571	3
1572	0
1573	2
1574	3
1575	3
1576	3
1577	3
1578	2
1579	3
1580	2
1581	2
1582	1
1583	0
1584	3
1585	2
1586	1
1587	3
1588	2
1589	2
1590	2
1591	1
1592	1
1593	3
1594	1
1595	3
1596	0
1597	2
1598	3
1599	2
1600	0
1601	0
1602	2
1603	2
1604	2
1605	2
1606	3
1607	2
1608	2
1609	2
1610	0
1611	3
1612	3
1613	2
1614	3
1615	3
1616	0
1617	0
1618	1
1619	3
1620	2
1621	3
1622	3
1623	2
1624	2
1625	3
1626	0
1627	2
1628	3
1629	2
1630	2
1631	2
1632	0
1633	3
1634	0
1635	2
1636	3
1637	2
1638	2
1639	3
1640	2
1641	3
1642	3
1643	3
1644	2
1645	2
1646	3
1647	3
1648	0
1649	0
1650	3
1651	3
1652	2
1653	2
1654	3
1655	3
1656	2
1657	0
1658	2
1659	3
1660	3
1661	2
1662	2
1663	1
1664	3
1665	2
1666	0
1667	2
1668	3
1669	2
1670	0
1671	3
1672	1
1673	0
1674	2
1675	3
1676	2
1677	2
1678	2
1679	3
1680	0
1681	2
1682	2
1683	2
1684	2
1685	2
1686	2
1687	0
1688	3
1689	0
1690	2
1691	2
1692	1
1693	0
1694	2
1695	2
1696	0
1697	3
1698	2
1699	0
1700	1
1701	2
1702	3
1703	2
1704	2
1705	3
1706	2
1707	2
1708	2
1709	2
1710	0
1711	2
1712	0
1713	2
1714	3
1715	2
1716	3
1717	2
1718	3
1719	3
1720	2
1721	2
1722	2
1723	2
1724	3
1725	3
1726	2
1727	0
1728	3
1729	0
1730	2
1731	2
1732	3
1733	0
1734	3
1735	0
1736	2
1737	2
1738	2
1739	0
1740	3
1741	2
1742	0
1743	2
1744	1
1745	2
1746	2
1747	0
1748	2
1749	2
1750	2
1751	2
1752	2
1753	0
1754	2
1755	2
1756	3
1757	3
1758	2
1759	3
1760	2
1761	3
1762	2
1763	2
1764	2
1765	1
1766	2
1767	2
1768	3
1769	3
1770	2
1771	0
1772	2
1773	2
1774	3
1775	1
1776	1
1777	3
1778	0
1779	2
1780	2
1781	2
1782	2
1783	0
1784	0
1785	2
1786	2
1787	2
1788	3
1789	2
1790	3
1791	2
1792	3
1793	3
1794	3
1795	0
1796	2
1797	0
1798	3
1799	2
1800	0
1801	3
1802	0
1803	2
1804	2
1805	2
1806	2
1807	0
1808	2
1809	0
1810	2
1811	0
1812	3
1813	2
1814	3
1815	2
1816	3
1817	0
1818	3
1819	2
1820	1
1821	2
1822	0
1823	2
1824	3
1825	3
1826	0
1827	2
1828	3
1829	2
1830	2
1831	2
1832	0
1833	0
1834	3
1835	2
1836	2
1837	3
1838	3
1839	2
1840	2
1841	2
1842	2
1843	0
1844	3
1845	0
1846	0
1847	2
1848	2
1849	2
1850	2
1851	0
1852	2
1853	2
1854	3
1855	0
1856	2
1857	2
1858	2
1859	0
1860	0
1861	3
1862	3
1863	2
1864	2
1865	1
1866	2
1867	0
1868	1
1869	3
1870	2
1871	2
1872	3
1873	2
1874	3
1875	1
1876	0
1877	0
1878	1
1879	0
1880	0
1881	3
1882	2
1883	2
1884	1
1885	1
1886	3
1887	1
1888	0
1889	3
1890	0
1891	2
1892	0
1893	2
1894	2
1895	3
1896	0
1897	2
1898	3
1899	2
1900	0
1901	0
1902	2
1903	2
1904	2
1905	2
1906	1
1907	0
1908	2
1909	1
1910	3
1911	0
1912	0
1913	0
1914	2
1915	2
1916	0
1917	3
1918	3
1919	2
1920	2
1921	2
1922	2
1923	0
1924	3
1925	0
1926	2
1927	2
1928	0
1929	2
1930	2
1931	2
1932	2
1933	2
1934	3
1935	2
1936	2
1937	3
1938	2
1939	2
1940	3
1941	0
1942	2
1943	1
1944	2
1945	1
1946	3
1947	1
1948	0
1949	3
1950	2
1951	1
1952	1
1953	3
1954	3
1955	3
1956	2
1957	0
1958	3
1959	2
1960	1
1961	2
1962	3
1963	0
1964	2
1965	1
1966	3
1967	3
1968	2
1969	2
1970	0
1971	2
1972	2
1973	2
1974	3
1975	2
1976	3
1977	2
1978	1
1979	2
1980	0
1981	1
1982	2
1983	2
1984	3
1985	2
1986	2
1987	2
1988	2
1989	2
1990	2
1991	2
1992	0
1993	3
1994	3
1995	2
1996	2
1997	2
1998	2
1999	3
2000	3
2001	3
2002	3
2003	2
2004	3
2005	0
2006	0
2007	2
2008	3
2009	2
2010	2
2011	2
2012	3
2013	0
2014	3
2015	3
2016	3
2017	3
2018	2
2019	0
2020	2
2021	2
2022	2
2023	3
2024	2
2025	2
2026	2
2027	0
2028	0
2029	2
2030	2
2031	2
2032	3
2033	0
2034	3
2035	0
2036	1
2037	3
2038	1
2039	0
2040	2
2041	0
2042	3
2043	3
2044	2
2045	2
2046	2
2047	2
2048	2
2049	3
2050	3
2051	2
2052	2
2053	1
2054	2
2055	2
2056	2
2057	1
2058	3
2059	2
2060	2
2061	3
2062	3
2063	1
2064	2
2065	2
2066	1
2067	0
2068	2
2069	3
2070	3
2071	3
2072	1
2073	2
2074	3
2075	0
2076	2
2077	0
2078	2
2079	3
2080	2
2081	2
2082	2
2083	3
2084	3
2085	0
2086	3
2087	2
2088	3
2089	2
2090	2
2091	2
2092	2
2093	2
2094	2
2095	0
2096	3
2097	2
2098	3
2099	2
2100	2
2101	3
2102	0
2103	1
2104	3
2105	0
2106	3
2107	2
2108	0
2109	2
2110	3
2111	2
2112	0
2113	0
2114	2
2115	2
2116	3
2117	0
2118	2
2119	2
2120	2
2121	3
2122	2
2123	1
2124	0
2125	0
2126	0
2127	0
2128	2
2129	3
2130	0
2131	2
2132	3
2133	0
2134	3
2135	0
2136	3
2137	2
2138	3
2139	0
2140	3
2141	3
2142	2
2143	3
2144	2
2145	0
2146	3
2147	2
2148	0
2149	0
2150	0
2151	1
2152	2
2153	2
2154	3
2155	1
2156	3
2157	3
2158	2
2159	0
2160	2
2161	0
2162	0
2163	3
2164	3
2165	0
2166	2
2167	0
2168	2
2169	2
2170	0
2171	0
2172	2
2173	3
2174	3
2175	2
2176	3
2177	2
2178	0
2179	0
2180	0
2181	0
2182	0
2183	3
2184	2
2185	2
2186	2
2187	3
2188	3
2189	0
2190	0
2191	2
2192	1
2193	0
2194	2
2195	0
2196	1
2197	3
2198	2
2199	3
2200	0
2201	2
2202	2
2203	2
2204	3
2205	3
2206	0
2207	2
2208	1
2209	0
2210	0
2211	3
2212	3
2213	0
2214	2
2215	0
2216	2
2217	2
2218	3
2219	3
2220	2
2221	2
2222	3
2223	2
2224	3
2225	2
2226	0
2227	2
2228	2
2229	2
2230	2
2231	2
2232	2
2233	3
2234	1
2235	2
2236	2
2237	2
2238	2
2239	1
2240	2
2241	2
2242	2
2243	0
2244	2
2245	1
2246	2
2247	3
2248	2
2249	1
2250	2
2251	3
2252	3
2253	2
2254	2
2255	3
2256	2
2257	2
2258	2
2259	3
2260	0
2261	0
2262	2
2263	2
2264	0
2265	2
2266	0
2267	2
2268	2
2269	2
2270	3
2271	0
2272	3
2273	1
2274	2
2275	1
2276	1
2277	3
2278	3
2279	3
2280	0
2281	3
2282	3
2283	3
2284	0
2285	0
2286	3
2287	3
2288	2
2289	3
2290	3
2291	3
2292	3
2293	3
2294	2
2295	0
2296	2
2297	2
2298	2
2299	2
2300	3
2301	2
2302	3
2303	0
2304	3
2305	3
2306	2
2307	2
2308	3
2309	3
2310	2
2311	0
2312	2
2313	3
2314	0
2315	3
2316	2
2317	0
2318	2
2319	3
2320	3
2321	0
2322	1
2323	0
2324	2
2325	2
2326	2
2327	2
2328	2
2329	2
2330	3
2331	2
2332	3
2333	3
2334	1
2335	2
2336	1
2337	0
2338	0
2339	1
2340	2
2341	2
2342	2
2343	2
2344	3
2345	3
2346	3
2347	2
2348	2
2349	1
2350	1
2351	2
2352	3
2353	2
2354	3
2355	1
2356	1
2357	0
2358	1
2359	3
2360	2
2361	2
2362	2
2363	1
2364	1
2365	2
2366	3
2367	2
2368	2
2369	3
2370	3
2371	0
2372	3
2373	0
2374	2
2375	3
2376	2
2377	0
2378	2
2379	3
2380	2
2381	3
2382	0
2383	3
2384	3
2385	2
2386	3
2387	2
2388	3
2389	2
2390	0
2391	3
2392	0
2393	3
2394	2
2395	2
2396	1
2397	0
2398	2
2399	2
2400	3
2401	0
2402	3
2403	2
2404	2
2405	2
2406	0
2407	2
2408	2
2409	0
2410	3
2411	3
2412	2
2413	2
2414	2
2415	0
2416	2
2417	2
2418	0
2419	2
2420	0
2421	0
2422	3
2423	0
2424	2
2425	2
2426	2
2427	2
2428	3
2429	0
2430	3
2431	2
2432	1
2433	2
2434	2
2435	2
2436	2
2437	3
2438	0
2439	1
2440	1
2441	0
2442	2
2443	2
2444	2
2445	2
2446	2
2447	2
2448	2
2449	2
2450	3
2451	2
2452	2
2453	1
2454	2
2455	2
2456	2
2457	3
2458	2
2459	0
2460	1
2461	3
2462	2
2463	3
2464	3
2465	3
2466	2
2467	2
2468	0
2469	1
2470	3
2471	3
2472	2
2473	3
2474	3
2475	2
2476	2
2477	3
2478	1
2479	2
2480	2
2481	2
2482	0
2483	2
2484	2
2485	1
2486	2
2487	3
2488	0
2489	2
2490	3
2491	2
2492	2
2493	2
2494	2
2495	3
2496	2
2497	2
2498	3
2499	2
2500	3
2501	2
2502	0
2503	3
2504	2
2505	0
2506	2
2507	2
2508	2
2509	3
2510	3
2511	2
2512	2
2513	0
2514	3
2515	3
2516	1
2517	0
2518	3
2519	2
2520	3
2521	2
2522	2
2523	2
2524	3
2525	2
2526	0
2527	2
2528	3
2529	3
2530	2
2531	2
2532	3
2533	2
2534	2
2535	3
2536	2
2537	2
2538	2
2539	2
2540	3
2541	2
2542	2
2543	3
2544	2
2545	3
2546	2
2547	0
2548	3
2549	2
2550	2
2551	2
2552	3
2553	2
2554	3
2555	3
2556	3
2557	1
2558	2
2559	1
2560	2
2561	2
2562	2
2563	1
2564	2
2565	2
2566	3
2567	3
2568	3
2569	3
2570	3
2571	3
2572	2
2573	2
2574	3
2575	2
2576	2
2577	2
2578	0
2579	0
2580	2
2581	3
2582	0
2583	2
2584	2
2585	2
2586	2
2587	0
2588	2
2589	3
2590	2
2591	2
2592	2
2593	2
2594	2
2595	3
2596	2
2597	1
2598	3
2599	0
2600	2
2601	3
2602	3
2603	3
2604	3
2605	2
2606	2
2607	0
2608	0
2609	3
2610	2
2611	3
2612	3
2613	0
2614	2
2615	2
2616	2
2617	2
2618	3
2619	2
2620	1
2621	2
2622	1
2623	2
2624	2
2625	2
2626	2
2627	3
2628	0
2629	2
2630	0
2631	1
2632	3
2633	3
2634	0
2635	2
2636	0
2637	0
2638	0
2639	2
2640	0
2641	3
2642	0
2643	1
2644	2
2645	0
2646	3
2647	3
2648	3
2649	2
2650	3
2651	3
2652	2
2653	0
2654	2
2655	0
2656	2
2657	2
2658	3
2659	2
2660	0
2661	3
2662	2
2663	1
2664	2
2665	2
2666	2
2667	2
2668	3
2669	2
2670	2
2671	3
2672	0
2673	3
2674	0
2675	3
2676	2
2677	2
2678	0
2679	2
2680	3
2681	2
2682	2
2683	2
2684	2
2685	2
2686	2
2687	2
2688	3
2689	3
2690	0
2691	2
2692	0
2693	2
2694	2
2695	0
2696	2
2697	2
2698	2
2699	3
2700	3
2701	2
2702	3
2703	2
2704	0
2705	2
2706	0
2707	2
2708	2
2709	2
2710	3
2711	1
2712	2
2713	3
2714	2
2715	2
2716	2
2717	2
2718	3
2719	2
2720	2
2721	0
2722	0
2723	2
2724	3
2725	2
2726	2
2727	3
2728	2
2729	0
2730	3
2731	3
2732	3
2733	2
2734	2
2735	2
2736	2
2737	2
2738	0
2739	2
2740	1
2741	2
2742	2
2743	2
2744	3
2745	3
2746	3
2747	2
2748	2
2749	3
2750	2
2751	1
2752	2
2753	0
2754	2
2755	2
2756	0
2757	2
2758	2
2759	2
2760	3
2761	3
2762	2
2763	2
2764	2
2765	0
2766	2
2767	2
2768	2
2769	3
2770	2
2771	3
2772	0
2773	3
2774	2
2775	2
2776	2
2777	2
2778	0
2779	3
2780	2
2781	3
2782	2
2783	2
2784	2
2785	1
2786	3
2787	2
2788	2
2789	0
2790	3
2791	3
2792	1
2793	3
2794	3
2795	0
2796	2
2797	2
2798	3
2799	1
2800	2
2801	1
2802	3
2803	0
2804	3
2805	2
2806	2
2807	1
2808	2
2809	2
2810	2
2811	2
2812	3
2813	2
2814	3
2815	3
2816	2
2817	0
2818	3
2819	3
2820	2
2821	2
2822	3
2823	2
2824	1
2825	3
2826	0
2827	3
2828	2
2829	3
2830	2
2831	0
2832	3
2833	0
2834	3
2835	2
2836	2
2837	2
2838	3
2839	2
2840	2
2841	0
2842	1
2843	2
2844	2
2845	2
2846	0
2847	2
2848	0
2849	2
2850	0
2851	2
2852	2
2853	3
2854	2
2855	3
2856	2
2857	2
2858	3
2859	2
2860	2
2861	3
2862	3
2863	2
2864	3
2865	3
2866	2
2867	1
2868	3
2869	0
2870	2
2871	3
2872	2
2873	2
2874	2
2875	1
2876	0
2877	2
2878	3
2879	0
2880	0
2881	3
2882	2
2883	1
2884	3
2885	0
2886	3
2887	0
2888	2
2889	2
2890	2
2891	2
2892	0
2893	2
2894	0
2895	2
2896	3
2897	2
2898	0
2899	2
2900	1
2901	3
2902	2
2903	2
2904	2
2905	2
2906	2
2907	3
2908	2
2909	3
2910	2
2911	1
2912	2
2913	1
2914	2
2915	0
2916	2
2917	2
2918	2
2919	3
2920	2
2921	0
2922	1
2923	3
2924	2
2925	3
2926	3
2927	3
2928	1
2929	2
2930	0
2931	2
2932	2
2933	0
2934	3
2935	2
2936	0
2937	2
2938	2
2939	2
2940	2
2941	0
2942	0
2943	2
2944	3
2945	2
2946	2
2947	3
2948	0
2949	3
2950	2
2951	1
2952	2
2953	1
2954	2
2955	0
2956	3
2957	2
2958	0
2959	1
2960	2
2961	2
2962	2
2963	3
2964	2
2965	2
2966	2
2967	0
2968	2
2969	2
2970	2
2971	0
2972	3
2973	3
2974	3
2975	0
2976	3
2977	3
2978	3
2979	0
2980	2
2981	2
2982	0
2983	3
2984	2
2985	3
2986	0
2987	3
2988	2
2989	2
2990	3
2991	2
2992	2
2993	2
2994	1
2995	2
2996	2
2997	3
2998	3
2999	3
3000	2
3001	0
3002	2
3003	3
3004	3
3005	2
3006	2
3007	1
3008	2
3009	0
3010	3
3011	2
3012	2
3013	2
3014	0
3015	2
3016	2
3017	2
3018	0
3019	3
3020	3
3021	3
3022	3
3023	2
3024	2
3025	0
3026	3
3027	2
3028	2
3029	0
3030	2
3031	2
3032	2
3033	0
3034	2
3035	0
3036	3
3037	2
3038	2
3039	2
3040	0
3041	3
3042	2
3043	3
3044	2
3045	0
3046	1
3047	2
3048	1
3049	1
3050	0
3051	0
3052	2
3053	2
3054	2
3055	2
3056	3
3057	2
3058	2
3059	0
3060	1
3061	2
3062	3
3063	3
3064	3
3065	2
3066	3
3067	2
3068	3
3069	2
3070	2
3071	0
3072	2
3073	0
3074	2
3075	2
3076	2
3077	0
3078	2
3079	1
3080	3
3081	2
3082	3
3083	3
3084	3
3085	3
3086	3
3087	1
3088	2
3089	3
3090	1
3091	0
3092	2
3093	3
3094	2
3095	2
3096	2
3097	1
3098	2
3099	0
3100	1
3101	3
3102	0
3103	2
3104	2
3105	2
3106	2
3107	3
3108	3
3109	2
3110	3
3111	0
3112	3
3113	0
3114	2
3115	2
3116	0
3117	2
3118	3
3119	0
3120	3
3121	3
3122	2
3123	0
3124	2
3125	2
3126	2
3127	2
3128	2
3129	2
3130	2
3131	2
3132	0
3133	2
3134	2
3135	3
3136	2
3137	0
3138	0
3139	3
3140	2
3141	2
3142	2
3143	2
3144	2
3145	3
3146	2
3147	2
3148	3
3149	0
3150	2
3151	0
3152	2
3153	3
3154	2
3155	0
3156	2
3157	1
3158	2
3159	2
3160	3
3161	2
3162	3
3163	1
3164	2
3165	3
3166	0
3167	3
3168	0
3169	3
3170	2
3171	1
3172	3
3173	0
3174	3
3175	3
3176	2
3177	1
3178	2
3179	0
3180	2
3181	2
3182	2
3183	3
3184	0
3185	2
3186	0
3187	3
3188	2
3189	0
3190	3
3191	2
3192	3
3193	2
3194	2
3195	2
3196	2
3197	2
3198	3
3199	2
3200	2
3201	2
3202	0
3203	2
3204	3
3205	2
3206	3
3207	3
3208	2
3209	3
3210	2
3211	3
3212	0
3213	1
3214	0
3215	1
3216	2
3217	2
3218	2
3219	2
3220	2
3221	0
3222	2
3223	2
3224	0
3225	0
3226	2
3227	2
3228	2
3229	2
3230	3
3231	3
3232	2
3233	1
3234	0
3235	2
3236	3
3237	3
3238	2
3239	0
3240	2
3241	0
3242	3
3243	2
3244	0
3245	0
3246	3
3247	2
3248	2
3249	0
3250	0
3251	2
3252	1
3253	2
3254	2
3255	2
3256	3
3257	2
3258	3
3259	3
3260	2
3261	0
3262	2
3263	2
3264	1
3265	0
3266	2
3267	2
3268	2
3269	0
3270	2
3271	2
3272	2
3273	2
3274	2
3275	2
3276	2
3277	3
3278	2
3279	2
3280	2
3281	2
3282	2
3283	2
3284	2
3285	2
3286	3
3287	3
3288	0
3289	2
3290	0
3291	2
3292	2
3293	2
3294	2
3295	1
3296	0
3297	3
3298	2
3299	0
3300	2
3301	1
3302	3
3303	3
3304	2
3305	3
3306	2
3307	2
3308	2
3309	0
3310	3
3311	0
3312	2
3313	3
3314	1
3315	3
3316	2
3317	3
3318	2
3319	1
3320	0
3321	1
3322	3
3323	2
3324	3
3325	2
3326	0
3327	3
3328	2
3329	2
3330	3
3331	3
3332	3
3333	3
3334	2
3335	2
3336	2
3337	3
3338	0
3339	1
3340	2
3341	1
3342	2
3343	3
3344	2
3345	3
3346	2
3347	2
3348	3
3349	0
3350	2
3351	3
3352	1
3353	2
3354	3
3355	1
3356	1
3357	2
3358	2
3359	2
3360	0
3361	2
3362	0
3363	2
3364	2
3365	3
3366	0
3367	0
3368	2
3369	0
3370	2
3371	2
3372	2
3373	3
3374	3
3375	2
3376	3
3377	3
3378	0
3379	0
3380	0
3381	2
3382	3
3383	3
3384	2
3385	3
3386	2
3387	2
3388	2
3389	3
3390	3
3391	0
3392	2
3393	3
3394	2
3395	2
3396	3
3397	3
3398	2
3399	0
3400	2
3401	3
3402	1
3403	2
3404	2
3405	0
3406	2
3407	2
3408	3
3409	2
3410	3
3411	2
3412	3
3413	2
3414	2
3415	2
3416	2
3417	3
3418	3
3419	3
3420	3
3421	2
3422	2
3423	2
3424	2
3425	3
3426	3
3427	1
3428	2
3429	2
3430	2
3431	2
3432	3
3433	2
3434	2
3435	3
3436	1
3437	2
3438	2
3439	3
3440	2
3441	3
3442	3
3443	2
3444	2
3445	1
3446	0
3447	0
3448	2
3449	2
3450	0
3451	0
3452	3
3453	0
3454	2
3455	2
3456	2
3457	2
3458	2
3459	1
3460	2
3461	3
3462	2
3463	3
3464	2
3465	0
3466	2
3467	2
3468	3
3469	3
3470	2
3471	3
3472	2
3473	0
3474	2
3475	2
3476	2
3477	1
3478	2
3479	0
3480	3
3481	2
3482	2
3483	0
3484	2
3485	0
3486	3
3487	2
3488	3
3489	2
3490	3
3491	0
3492	2
3493	2
3494	3
3495	1
3496	2
3497	2
3498	0
3499	3
3500	3
3501	0
3502	2
3503	2
3504	2
3505	2
3506	0
3507	1
3508	2
3509	3
3510	2
3511	2
3512	2
3513	2
3514	2
3515	3
3516	2
3517	3
3518	2
3519	2
3520	2
3521	2
3522	2
3523	3
3524	2
3525	2
3526	2
3527	1
3528	2
3529	2
3530	1
3531	2
3532	2
3533	0
3534	3
3535	2
3536	3
3537	2
3538	3
3539	2
3540	2
3541	0
3542	2
3543	2
3544	3
3545	2
3546	2
3547	1
3548	3
3549	1
3550	2
3551	2
3552	2
3553	2
3554	2
3555	0
3556	2
3557	0
3558	3
3559	0
3560	2
3561	0
3562	2
3563	3
3564	1
3565	1
3566	3
3567	2
3568	3
3569	2
3570	0
3571	2
3572	3
3573	0
3574	2
3575	2
3576	1
3577	2
3578	3
3579	2
3580	0
3581	2
3582	3
3583	2
3584	2
3585	1
3586	2
3587	2
3588	2
3589	1
3590	2
3591	2
3592	3
3593	3
3594	3
3595	1
3596	2
3597	3
3598	3
3599	2
3600	2
3601	2
3602	2
3603	3
3604	2
3605	2
3606	3
3607	0
3608	2
3609	0
3610	0
3611	2
3612	3
3613	1
3614	2
3615	0
3616	0
3617	2
3618	2
3619	3
3620	2
3621	2
3622	2
3623	2
3624	2
3625	2
3626	3
3627	3
3628	2
3629	1
3630	3
3631	1
3632	3
3633	2
3634	2
3635	2
3636	2
3637	2
3638	2
3639	2
3640	2
3641	3
3642	3
3643	2
3644	0
3645	2
3646	3
3647	1
3648	2
3649	0
3650	0
3651	2
3652	2
3653	2
3654	1
3655	2
3656	2
3657	2
3658	0
3659	2
3660	2
3661	0
3662	2
3663	3
3664	2
3665	3
3666	2
3667	0
3668	2
3669	0
3670	2
3671	0
3672	2
3673	3
3674	1
3675	1
3676	2
3677	2
3678	0
3679	2
3680	0
3681	3
3682	3
3683	3
3684	3
3685	3
3686	1
3687	2
3688	2
3689	0
3690	2
3691	2
3692	2
3693	3
3694	2
3695	3
3696	2
3697	2
3698	3
3699	3
3700	2
3701	1
3702	3
3703	0
3704	2
3705	3
3706	2
3707	2
3708	2
3709	2
3710	3
3711	0
3712	2
3713	2
3714	3
3715	3
3716	3
3717	2
3718	3
3719	3
3720	1
3721	3
3722	2
3723	0
3724	2
3725	0
3726	1
3727	2
3728	2
3729	2
3730	2
3731	3
3732	2
3733	2
3734	2
3735	0
3736	2
3737	1
3738	3
3739	2
3740	3
3741	3
3742	3
3743	2
3744	0
3745	2
3746	0
3747	2
3748	2
3749	2
3750	2
3751	0
3752	2
3753	0
3754	3
3755	3
3756	3
3757	0
3758	1
3759	2
3760	3
3761	2
3762	0
3763	2
3764	2
3765	0
3766	2
3767	3
3768	2
3769	2
3770	1
3771	1
3772	2
3773	3
3774	3
3775	2
3776	2
3777	0
3778	2
3779	2
3780	2
3781	0
3782	0
3783	3
3784	0
3785	3
3786	2
3787	3
3788	3
3789	2
3790	2
3791	0
3792	2
3793	2
3794	2
3795	0
3796	3
3797	2
3798	2
3799	2
3800	2
3801	3
3802	0
3803	2
3804	2
3805	3
3806	2
3807	0
3808	2
3809	3
3810	2
3811	3
3812	2
3813	3
3814	2
3815	3
3816	2
3817	2
3818	2
3819	0
3820	2
3821	0
3822	0
3823	3
3824	2
3825	0
3826	0
3827	3
3828	2
3829	2
3830	3
3831	0
3832	2
3833	0
3834	2
3835	0
3836	1
3837	2
3838	2
3839	3
3840	2
3841	2
3842	0
3843	3
3844	2
3845	0
3846	2
3847	1
3848	2
3849	3
3850	0
3851	2
3852	3
3853	3
3854	2
3855	3
3856	3
3857	0
3858	3
3859	1
3860	3
3861	2
3862	2
3863	3
3864	2
3865	0
3866	2
3867	2
3868	2
3869	2
3870	3
3871	2
3872	2
3873	2
3874	0
3875	2
3876	2
3877	3
3878	3
3879	0
3880	2
3881	2
3882	3
3883	2
3884	2
3885	2
3886	0
3887	2
3888	3
3889	3
3890	0
3891	2
3892	0
3893	1
3894	1
3895	3
3896	2
3897	3
3898	2
3899	0
3900	3
3901	2
3902	3
3903	2
3904	2
3905	3
3906	3
3907	0
3908	2
3909	2
3910	1
3911	2
3912	2
3913	3
3914	2
3915	2
3916	2
3917	0
3918	2
3919	2
3920	3
3921	2
3922	1
3923	2
3924	2
3925	3
3926	3
3927	2
3928	3
3929	3
3930	3
3931	2
3932	2
3933	2
3934	2
3935	3
3936	2
3937	1
3938	3
3939	2
3940	3
3941	2
3942	3
3943	2
3944	2
3945	0
3946	3
3947	1
3948	2
3949	2
3950	2
3951	2
3952	0
3953	0
3954	0
3955	2
3956	2
3957	2
3958	3
3959	0
3960	3
3961	2
3962	2
3963	2
3964	3
3965	0
3966	2
3967	0
3968	2
3969	3
3970	1
3971	2
3972	3
3973	3
3974	3
3975	3
3976	2
3977	2
3978	2
3979	3
3980	2
3981	2
3982	2
3983	2
3984	2
3985	3
3986	2
3987	0
3988	3
3989	0
3990	2
3991	0
3992	2
3993	0
3994	2
3995	2
3996	0
3997	2
3998	2
3999	2
4000	2
4001	2
4002	0
4003	3
4004	2
4005	0
4006	3
4007	3
4008	2
4009	3
4010	1
4011	2
4012	2
4013	0
4014	2
4015	1
4016	2
4017	2
4018	0
4019	3
4020	2
4021	3
4022	2
4023	1
4024	2
4025	2
4026	3
4027	3
4028	2
4029	2
4030	2
4031	2
4032	2
4033	2
4034	2
4035	2
4036	2
4037	0
4038	0
4039	2
4040	2
4041	2
4042	0
4043	2
4044	2
4045	2
4046	3
4047	2
4048	2
4049	0
4050	3
4051	2
4052	2
4053	0
4054	2
4055	2
4056	3
4057	1
4058	2
4059	1
4060	3
4061	2
4062	2
4063	3
4064	2
4065	2
4066	2
4067	1
4068	3
4069	2
4070	0
4071	3
4072	3
4073	2
4074	2
4075	0
4076	0
4077	2
4078	3
4079	2
4080	2
4081	2
4082	2
4083	2
4084	3
4085	2
4086	2
4087	0
4088	3
4089	2
4090	3
4091	2
4092	1
4093	3
4094	2
4095	0
