COMMAND
./sim gshare 12 3 ./proj2-traces/gcc_trace.txt
OUTPUT
number of predictions:2000000
number of mispredictions:241853
misprediction rate:   12.09%
FINAL GSHARE CONTENTS
0	0
1	0
2	3
3	2
4	3
5	1
6	3
7	0
8	3
9	0
10	0
11	0
12	1
13	3
14	3
15	0
16	1
17	0
18	2
19	0
20	3
21	3
22	2
23	1
24	3
25	3
26	3
27	2
28	0
29	3
30	2
31	0
32	2
33	1
34	0
35	3
36	3
37	3
38	0
39	3
40	3
41	0
42	1
43	0
44	3
45	0
46	3
47	3
48	3
49	0
50	0
51	3
52	2
53	0
54	0
55	0
56	2
57	0
58	2
59	0
60	3
61	0
62	0
63	3
64	0
65	3
66	0
67	1
68	0
69	2
70	0
71	3
72	0
73	0
74	2
75	0
76	0
77	2
78	3
79	3
80	0
81	2
82	0
83	0
84	0
85	0
86	1
87	0
88	0
89	0
90	0
91	0
92	0
93	3
94	0
95	3
96	0
97	1
98	0
99	0
100	3
101	3
102	0
103	0
104	0
105	2
106	0
107	3
108	3
109	2
110	3
111	0
112	2
113	3
114	3
115	3
116	3
117	0
118	3
119	1
120	0
121	0
122	0
123	0
124	3
125	0
126	0
127	0
128	3
129	0
130	3
131	0
132	0
133	0
134	0
135	3
136	0
137	3
138	0
139	3
140	1
141	0
142	3
143	3
144	0
145	3
146	3
147	3
148	0
149	0
150	0
151	0
152	0
153	3
154	0
155	0
156	3
157	1
158	1
159	0
160	1
161	3
162	3
163	3
164	0
165	0
166	0
167	3
168	0
169	0
170	0
171	3
172	3
173	0
174	0
175	0
176	0
177	3
178	3
179	0
180	3
181	3
182	3
183	3
184	0
185	0
186	3
187	3
188	0
189	2
190	3
191	0
192	3
193	3
194	0
195	0
196	3
197	2
198	0
199	3
200	0
201	0
202	1
203	0
204	0
205	0
206	3
207	0
208	3
209	3
210	3
211	2
212	3
213	0
214	0
215	3
216	3
217	0
218	3
219	0
220	0
221	3
222	0
223	0
224	2
225	3
226	0
227	0
228	3
229	3
230	3
231	2
232	3
233	0
234	0
235	3
236	2
237	0
238	0
239	0
240	0
241	2
242	0
243	3
244	0
245	3
246	0
247	2
248	0
249	3
250	0
251	0
252	0
253	0
254	0
255	0
256	3
257	3
258	3
259	0
260	0
261	3
262	0
263	3
264	0
265	3
266	3
267	0
268	0
269	0
270	0
271	2
272	2
273	0
274	2
275	0
276	0
277	3
278	2
279	0
280	0
281	3
282	0
283	0
284	1
285	3
286	0
287	0
288	3
289	2
290	2
291	0
292	3
293	1
294	0
295	0
296	3
297	2
298	0
299	3
300	3
301	0
302	0
303	0
304	0
305	3
306	3
307	0
308	3
309	3
310	1
311	3
312	0
313	0
314	3
315	3
316	0
317	1
318	2
319	3
320	3
321	1
322	2
323	3
324	0
325	2
326	3
327	3
328	0
329	0
330	3
331	0
332	3
333	0
334	2
335	3
336	0
337	0
338	0
339	3
340	3
341	3
342	0
343	0
344	3
345	0
346	3
347	3
348	3
349	3
350	3
351	0
352	2
353	0
354	3
355	3
356	3
357	3
358	0
359	0
360	3
361	3
362	3
363	0
364	3
365	0
366	0
367	0
368	3
369	2
370	3
371	3
372	0
373	3
374	2
375	3
376	3
377	2
378	3
379	0
380	3
381	0
382	0
383	0
384	0
385	0
386	0
387	0
388	3
389	1
390	0
391	0
392	0
393	0
394	3
395	0
396	0
397	3
398	1
399	3
400	0
401	3
402	3
403	2
404	3
405	3
406	3
407	0
408	0
409	0
410	2
411	0
412	0
413	0
414	0
415	0
416	0
417	0
418	3
419	0
420	0
421	0
422	3
423	0
424	3
425	3
426	0
427	0
428	3
429	0
430	3
431	0
432	3
433	0
434	3
435	3
436	0
437	3
438	2
439	3
440	3
441	1
442	3
443	2
444	3
445	1
446	3
447	1
448	3
449	3
450	0
451	3
452	0
453	3
454	3
455	0
456	1
457	0
458	3
459	3
460	3
461	0
462	3
463	0
464	2
465	0
466	0
467	3
468	0
469	3
470	0
471	3
472	3
473	3
474	2
475	0
476	0
477	0
478	3
479	3
480	3
481	0
482	0
483	0
484	0
485	3
486	0
487	0
488	0
489	1
490	0
491	1
492	1
493	3
494	3
495	0
496	3
497	3
498	1
499	0
500	3
501	0
502	3
503	3
504	0
505	0
506	3
507	3
508	3
509	2
510	3
511	1
512	3
513	3
514	3
515	3
516	3
517	0
518	0
519	3
520	3
521	2
522	3
523	3
524	2
525	0
526	3
527	1
528	3
529	0
530	0
531	3
532	2
533	3
534	3
535	0
536	1
537	0
538	0
539	3
540	0
541	0
542	3
543	3
544	0
545	3
546	1
547	0
548	3
549	3
550	1
551	3
552	1
553	0
554	0
555	0
556	3
557	0
558	0
559	0
560	0
561	0
562	3
563	3
564	0
565	2
566	0
567	3
568	3
569	3
570	0
571	0
572	3
573	3
574	0
575	3
576	3
577	2
578	0
579	3
580	0
581	0
582	0
583	1
584	0
585	3
586	0
587	1
588	3
589	2
590	0
591	3
592	3
593	0
594	3
595	0
596	3
597	1
598	3
599	0
600	3
601	3
602	0
603	0
604	2
605	1
606	0
607	0
608	0
609	3
610	0
611	0
612	3
613	0
614	0
615	0
616	0
617	3
618	0
619	3
620	2
621	1
622	3
623	2
624	0
625	3
626	3
627	3
628	3
629	0
630	0
631	0
632	1
633	3
634	0
635	0
636	0
637	3
638	0
639	3
640	3
641	3
642	3
643	0
644	3
645	2
646	2
647	0
648	3
649	1
650	0
651	3
652	2
653	0
654	3
655	0
656	3
657	0
658	0
659	3
660	0
661	0
662	0
663	3
664	3
665	3
666	0
667	3
668	3
669	3
670	3
671	1
672	3
673	0
674	0
675	0
676	0
677	3
678	0
679	0
680	3
681	0
682	3
683	3
684	3
685	0
686	0
687	0
688	3
689	0
690	3
691	3
692	0
693	3
694	3
695	3
696	0
697	0
698	0
699	0
700	2
701	3
702	3
703	3
704	0
705	1
706	0
707	3
708	0
709	0
710	0
711	0
712	0
713	0
714	1
715	0
716	3
717	3
718	0
719	0
720	3
721	2
722	3
723	0
724	0
725	1
726	2
727	3
728	3
729	0
730	0
731	1
732	3
733	0
734	0
735	3
736	0
737	0
738	3
739	3
740	3
741	0
742	0
743	3
744	3
745	0
746	3
747	0
748	3
749	0
750	3
751	1
752	0
753	0
754	0
755	3
756	0
757	3
758	3
759	1
760	3
761	0
762	0
763	2
764	3
765	0
766	0
767	3
768	0
769	3
770	3
771	0
772	0
773	3
774	3
775	0
776	3
777	3
778	2
779	3
780	2
781	3
782	0
783	0
784	0
785	0
786	3
787	3
788	0
789	3
790	3
791	0
792	0
793	3
794	2
795	0
796	2
797	3
798	0
799	2
800	3
801	3
802	1
803	0
804	1
805	0
806	3
807	0
808	2
809	0
810	0
811	3
812	0
813	3
814	0
815	3
816	3
817	0
818	0
819	0
820	3
821	3
822	0
823	1
824	3
825	0
826	0
827	3
828	0
829	3
830	0
831	3
832	0
833	2
834	2
835	3
836	0
837	3
838	2
839	0
840	0
841	2
842	3
843	2
844	3
845	3
846	1
847	3
848	3
849	3
850	0
851	1
852	0
853	3
854	0
855	1
856	1
857	0
858	3
859	3
860	2
861	3
862	0
863	2
864	3
865	3
866	3
867	0
868	0
869	3
870	0
871	3
872	0
873	0
874	0
875	3
876	3
877	3
878	0
879	0
880	2
881	1
882	1
883	0
884	3
885	3
886	0
887	3
888	3
889	0
890	0
891	2
892	3
893	3
894	2
895	0
896	1
897	0
898	0
899	0
900	3
901	0
902	3
903	0
904	0
905	0
906	2
907	0
908	1
909	3
910	3
911	3
912	0
913	2
914	3
915	3
916	0
917	0
918	0
919	0
920	3
921	0
922	0
923	3
924	0
925	0
926	0
927	0
928	0
929	3
930	3
931	3
932	3
933	3
934	0
935	0
936	3
937	3
938	0
939	0
940	3
941	0
942	3
943	3
944	0
945	3
946	0
947	0
948	0
949	3
950	0
951	3
952	3
953	1
954	0
955	0
956	3
957	3
958	3
959	0
960	3
961	2
962	0
963	1
964	0
965	3
966	3
967	0
968	3
969	0
970	3
971	3
972	0
973	3
974	3
975	0
976	3
977	3
978	0
979	0
980	0
981	0
982	0
983	0
984	0
985	0
986	0
987	0
988	3
989	0
990	3
991	3
992	3
993	0
994	1
995	0
996	0
997	3
998	0
999	3
1000	0
1001	3
1002	3
1003	3
1004	0
1005	3
1006	1
1007	0
1008	2
1009	3
1010	0
1011	3
1012	3
1013	0
1014	1
1015	3
1016	0
1017	0
1018	0
1019	0
1020	0
1021	3
1022	3
1023	3
1024	0
1025	0
1026	0
1027	3
1028	3
1029	0
1030	3
1031	2
1032	3
1033	0
1034	0
1035	3
1036	0
1037	2
1038	3
1039	3
1040	3
1041	2
1042	3
1043	3
1044	0
1045	3
1046	2
1047	3
1048	0
1049	3
1050	1
1051	3
1052	2
1053	3
1054	0
1055	3
1056	0
1057	3
1058	0
1059	0
1060	2
1061	3
1062	3
1063	0
1064	0
1065	3
1066	3
1067	0
1068	3
1069	0
1070	0
1071	0
1072	3
1073	3
1074	3
1075	3
1076	3
1077	3
1078	3
1079	0
1080	0
1081	0
1082	2
1083	0
1084	0
1085	0
1086	1
1087	3
1088	3
1089	3
1090	0
1091	0
1092	3
1093	0
1094	2
1095	0
1096	0
1097	3
1098	0
1099	0
1100	0
1101	3
1102	0
1103	3
1104	1
1105	0
1106	0
1107	0
1108	2
1109	0
1110	3
1111	3
1112	1
1113	3
1114	3
1115	3
1116	0
1117	2
1118	3
1119	0
1120	0
1121	3
1122	3
1123	2
1124	0
1125	3
1126	0
1127	2
1128	0
1129	3
1130	2
1131	3
1132	3
1133	2
1134	3
1135	3
1136	3
1137	3
1138	3
1139	3
1140	3
1141	0
1142	1
1143	3
1144	3
1145	0
1146	0
1147	3
1148	0
1149	0
1150	0
1151	0
1152	3
1153	0
1154	3
1155	0
1156	1
1157	0
1158	1
1159	3
1160	0
1161	3
1162	3
1163	3
1164	0
1165	0
1166	3
1167	0
1168	3
1169	3
1170	0
1171	2
1172	1
1173	0
1174	0
1175	3
1176	0
1177	2
1178	0
1179	3
1180	0
1181	0
1182	0
1183	2
1184	3
1185	0
1186	3
1187	3
1188	3
1189	2
1190	0
1191	3
1192	1
1193	1
1194	3
1195	0
1196	3
1197	0
1198	0
1199	1
1200	3
1201	2
1202	1
1203	2
1204	3
1205	0
1206	3
1207	3
1208	3
1209	2
1210	2
1211	0
1212	3
1213	2
1214	0
1215	1
1216	0
1217	3
1218	3
1219	2
1220	0
1221	0
1222	2
1223	3
1224	0
1225	0
1226	3
1227	1
1228	2
1229	3
1230	0
1231	2
1232	2
1233	0
1234	2
1235	3
1236	1
1237	1
1238	3
1239	0
1240	0
1241	3
1242	3
1243	0
1244	0
1245	3
1246	0
1247	0
1248	2
1249	0
1250	0
1251	0
1252	2
1253	0
1254	0
1255	0
1256	3
1257	3
1258	0
1259	3
1260	2
1261	3
1262	3
1263	3
1264	0
1265	0
1266	0
1267	2
1268	0
1269	0
1270	0
1271	0
1272	3
1273	0
1274	3
1275	3
1276	2
1277	3
1278	3
1279	1
1280	0
1281	2
1282	3
1283	3
1284	3
1285	3
1286	2
1287	0
1288	3
1289	3
1290	3
1291	3
1292	1
1293	0
1294	0
1295	0
1296	1
1297	3
1298	3
1299	1
1300	0
1301	2
1302	3
1303	0
1304	0
1305	0
1306	0
1307	1
1308	1
1309	3
1310	0
1311	3
1312	3
1313	0
1314	0
1315	3
1316	1
1317	0
1318	2
1319	0
1320	0
1321	3
1322	3
1323	0
1324	1
1325	3
1326	0
1327	0
1328	0
1329	3
1330	0
1331	2
1332	0
1333	0
1334	0
1335	0
1336	0
1337	2
1338	0
1339	3
1340	0
1341	0
1342	0
1343	0
1344	0
1345	3
1346	3
1347	0
1348	0
1349	1
1350	0
1351	3
1352	0
1353	0
1354	1
1355	3
1356	3
1357	2
1358	1
1359	1
1360	3
1361	0
1362	0
1363	2
1364	1
1365	3
1366	1
1367	3
1368	0
1369	0
1370	3
1371	3
1372	0
1373	3
1374	0
1375	0
1376	3
1377	3
1378	3
1379	0
1380	0
1381	3
1382	0
1383	3
1384	1
1385	3
1386	0
1387	3
1388	0
1389	0
1390	0
1391	0
1392	0
1393	3
1394	3
1395	3
1396	2
1397	0
1398	3
1399	2
1400	2
1401	2
1402	0
1403	0
1404	3
1405	3
1406	3
1407	0
1408	3
1409	0
1410	3
1411	0
1412	3
1413	3
1414	2
1415	0
1416	1
1417	2
1418	1
1419	0
1420	0
1421	0
1422	0
1423	3
1424	0
1425	3
1426	2
1427	3
1428	3
1429	0
1430	3
1431	0
1432	0
1433	0
1434	1
1435	3
1436	0
1437	0
1438	0
1439	0
1440	3
1441	3
1442	3
1443	1
1444	0
1445	0
1446	0
1447	0
1448	3
1449	3
1450	3
1451	3
1452	0
1453	1
1454	3
1455	3
1456	3
1457	1
1458	0
1459	3
1460	0
1461	3
1462	0
1463	3
1464	3
1465	0
1466	1
1467	3
1468	0
1469	2
1470	0
1471	3
1472	0
1473	3
1474	3
1475	2
1476	2
1477	0
1478	0
1479	3
1480	0
1481	3
1482	3
1483	0
1484	0
1485	0
1486	3
1487	3
1488	3
1489	1
1490	3
1491	2
1492	0
1493	2
1494	1
1495	0
1496	3
1497	0
1498	3
1499	3
1500	0
1501	0
1502	3
1503	3
1504	1
1505	1
1506	0
1507	0
1508	2
1509	1
1510	0
1511	0
1512	0
1513	0
1514	3
1515	0
1516	3
1517	1
1518	0
1519	2
1520	1
1521	3
1522	3
1523	0
1524	3
1525	0
1526	2
1527	0
1528	0
1529	0
1530	0
1531	2
1532	3
1533	0
1534	0
1535	3
1536	3
1537	2
1538	0
1539	0
1540	0
1541	1
1542	3
1543	0
1544	3
1545	3
1546	1
1547	1
1548	2
1549	3
1550	3
1551	3
1552	3
1553	1
1554	3
1555	3
1556	3
1557	3
1558	3
1559	0
1560	3
1561	3
1562	0
1563	3
1564	0
1565	1
1566	3
1567	3
1568	0
1569	0
1570	3
1571	2
1572	1
1573	0
1574	0
1575	2
1576	0
1577	0
1578	1
1579	0
1580	3
1581	0
1582	0
1583	0
1584	3
1585	0
1586	2
1587	1
1588	3
1589	1
1590	3
1591	3
1592	3
1593	2
1594	2
1595	3
1596	0
1597	0
1598	0
1599	0
1600	3
1601	1
1602	0
1603	0
1604	0
1605	0
1606	0
1607	0
1608	0
1609	0
1610	0
1611	3
1612	3
1613	0
1614	0
1615	0
1616	0
1617	3
1618	0
1619	0
1620	2
1621	0
1622	0
1623	2
1624	3
1625	3
1626	3
1627	3
1628	3
1629	0
1630	0
1631	3
1632	0
1633	1
1634	0
1635	3
1636	3
1637	0
1638	2
1639	0
1640	3
1641	2
1642	3
1643	0
1644	2
1645	0
1646	3
1647	0
1648	2
1649	3
1650	0
1651	3
1652	3
1653	0
1654	3
1655	0
1656	1
1657	0
1658	3
1659	0
1660	3
1661	3
1662	3
1663	1
1664	3
1665	0
1666	3
1667	0
1668	3
1669	2
1670	3
1671	3
1672	1
1673	3
1674	2
1675	0
1676	0
1677	0
1678	3
1679	3
1680	0
1681	3
1682	3
1683	0
1684	0
1685	3
1686	0
1687	0
1688	0
1689	3
1690	0
1691	3
1692	0
1693	3
1694	2
1695	3
1696	2
1697	3
1698	0
1699	0
1700	0
1701	3
1702	0
1703	3
1704	3
1705	0
1706	3
1707	3
1708	1
1709	0
1710	2
1711	3
1712	3
1713	3
1714	0
1715	2
1716	0
1717	0
1718	3
1719	0
1720	0
1721	3
1722	3
1723	0
1724	0
1725	3
1726	3
1727	2
1728	1
1729	2
1730	3
1731	0
1732	3
1733	0
1734	0
1735	0
1736	0
1737	3
1738	3
1739	1
1740	3
1741	3
1742	3
1743	0
1744	0
1745	0
1746	3
1747	0
1748	0
1749	1
1750	0
1751	0
1752	0
1753	0
1754	0
1755	0
1756	3
1757	3
1758	0
1759	0
1760	3
1761	0
1762	0
1763	0
1764	1
1765	1
1766	2
1767	0
1768	0
1769	1
1770	0
1771	1
1772	0
1773	1
1774	0
1775	3
1776	0
1777	0
1778	0
1779	3
1780	0
1781	0
1782	0
1783	2
1784	0
1785	0
1786	2
1787	3
1788	3
1789	3
1790	0
1791	0
1792	2
1793	2
1794	3
1795	2
1796	3
1797	0
1798	3
1799	3
1800	2
1801	3
1802	0
1803	0
1804	3
1805	3
1806	3
1807	0
1808	0
1809	0
1810	0
1811	3
1812	1
1813	3
1814	0
1815	0
1816	3
1817	1
1818	0
1819	3
1820	0
1821	3
1822	0
1823	3
1824	3
1825	3
1826	3
1827	3
1828	1
1829	0
1830	0
1831	1
1832	0
1833	2
1834	3
1835	2
1836	3
1837	1
1838	0
1839	0
1840	1
1841	3
1842	3
1843	2
1844	0
1845	0
1846	0
1847	0
1848	0
1849	3
1850	0
1851	3
1852	0
1853	1
1854	1
1855	3
1856	3
1857	3
1858	0
1859	3
1860	3
1861	0
1862	0
1863	2
1864	0
1865	0
1866	0
1867	3
1868	3
1869	3
1870	0
1871	3
1872	0
1873	2
1874	0
1875	3
1876	2
1877	2
1878	0
1879	2
1880	3
1881	0
1882	1
1883	3
1884	0
1885	3
1886	0
1887	0
1888	3
1889	0
1890	3
1891	0
1892	0
1893	2
1894	0
1895	0
1896	3
1897	3
1898	0
1899	3
1900	3
1901	0
1902	3
1903	0
1904	0
1905	1
1906	3
1907	0
1908	3
1909	0
1910	0
1911	3
1912	1
1913	3
1914	3
1915	3
1916	3
1917	2
1918	3
1919	0
1920	3
1921	3
1922	1
1923	0
1924	1
1925	0
1926	2
1927	0
1928	3
1929	1
1930	3
1931	0
1932	1
1933	2
1934	3
1935	3
1936	0
1937	3
1938	0
1939	0
1940	3
1941	1
1942	3
1943	3
1944	0
1945	0
1946	3
1947	3
1948	2
1949	0
1950	0
1951	1
1952	0
1953	0
1954	3
1955	2
1956	1
1957	3
1958	0
1959	0
1960	3
1961	0
1962	3
1963	0
1964	0
1965	0
1966	3
1967	0
1968	3
1969	0
1970	0
1971	3
1972	0
1973	2
1974	3
1975	1
1976	0
1977	0
1978	0
1979	0
1980	0
1981	3
1982	0
1983	3
1984	3
1985	3
1986	0
1987	2
1988	0
1989	0
1990	0
1991	3
1992	2
1993	3
1994	1
1995	0
1996	0
1997	0
1998	3
1999	3
2000	0
2001	3
2002	2
2003	0
2004	3
2005	3
2006	0
2007	0
2008	1
2009	1
2010	3
2011	0
2012	0
2013	3
2014	0
2015	3
2016	0
2017	0
2018	0
2019	0
2020	0
2021	3
2022	1
2023	0
2024	3
2025	0
2026	3
2027	3
2028	1
2029	3
2030	2
2031	0
2032	2
2033	2
2034	0
2035	3
2036	3
2037	0
2038	0
2039	3
2040	0
2041	2
2042	0
2043	0
2044	3
2045	3
2046	3
2047	0
2048	0
2049	0
2050	0
2051	3
2052	3
2053	3
2054	0
2055	3
2056	3
2057	2
2058	3
2059	3
2060	3
2061	3
2062	2
2063	3
2064	2
2065	0
2066	3
2067	0
2068	0
2069	3
2070	2
2071	0
2072	0
2073	3
2074	3
2075	3
2076	0
2077	3
2078	1
2079	3
2080	0
2081	3
2082	0
2083	3
2084	0
2085	0
2086	3
2087	3
2088	3
2089	0
2090	0
2091	1
2092	0
2093	3
2094	3
2095	0
2096	0
2097	2
2098	0
2099	3
2100	0
2101	1
2102	0
2103	0
2104	3
2105	0
2106	0
2107	0
2108	3
2109	0
2110	0
2111	3
2112	0
2113	0
2114	3
2115	3
2116	3
2117	0
2118	0
2119	3
2120	3
2121	0
2122	3
2123	0
2124	3
2125	3
2126	1
2127	3
2128	0
2129	3
2130	0
2131	0
2132	3
2133	1
2134	0
2135	2
2136	0
2137	0
2138	3
2139	0
2140	0
2141	0
2142	3
2143	1
2144	0
2145	3
2146	3
2147	3
2148	0
2149	0
2150	2
2151	3
2152	0
2153	0
2154	0
2155	2
2156	0
2157	3
2158	0
2159	0
2160	0
2161	1
2162	0
2163	0
2164	0
2165	0
2166	3
2167	0
2168	0
2169	3
2170	0
2171	0
2172	3
2173	1
2174	0
2175	3
2176	3
2177	3
2178	0
2179	0
2180	1
2181	3
2182	0
2183	2
2184	3
2185	0
2186	3
2187	0
2188	0
2189	3
2190	3
2191	3
2192	0
2193	0
2194	3
2195	0
2196	3
2197	1
2198	0
2199	3
2200	0
2201	0
2202	3
2203	3
2204	0
2205	0
2206	3
2207	0
2208	2
2209	0
2210	0
2211	0
2212	0
2213	0
2214	0
2215	0
2216	2
2217	1
2218	0
2219	0
2220	3
2221	3
2222	0
2223	0
2224	0
2225	0
2226	3
2227	1
2228	0
2229	0
2230	2
2231	3
2232	0
2233	0
2234	0
2235	0
2236	2
2237	3
2238	3
2239	0
2240	3
2241	0
2242	0
2243	0
2244	1
2245	0
2246	1
2247	3
2248	0
2249	3
2250	0
2251	3
2252	3
2253	3
2254	3
2255	3
2256	0
2257	0
2258	3
2259	0
2260	1
2261	0
2262	2
2263	0
2264	0
2265	0
2266	0
2267	0
2268	3
2269	0
2270	0
2271	3
2272	3
2273	3
2274	0
2275	3
2276	0
2277	0
2278	3
2279	3
2280	3
2281	1
2282	0
2283	3
2284	0
2285	3
2286	1
2287	3
2288	0
2289	0
2290	3
2291	3
2292	3
2293	3
2294	0
2295	3
2296	3
2297	3
2298	2
2299	3
2300	0
2301	0
2302	3
2303	0
2304	0
2305	3
2306	3
2307	3
2308	3
2309	0
2310	0
2311	2
2312	0
2313	3
2314	0
2315	1
2316	0
2317	0
2318	0
2319	1
2320	3
2321	3
2322	0
2323	0
2324	3
2325	3
2326	0
2327	0
2328	2
2329	3
2330	1
2331	0
2332	0
2333	0
2334	0
2335	3
2336	3
2337	0
2338	0
2339	0
2340	0
2341	3
2342	0
2343	0
2344	2
2345	0
2346	0
2347	0
2348	0
2349	0
2350	0
2351	2
2352	0
2353	0
2354	2
2355	0
2356	0
2357	0
2358	0
2359	0
2360	2
2361	0
2362	1
2363	0
2364	3
2365	3
2366	3
2367	3
2368	3
2369	2
2370	0
2371	3
2372	1
2373	3
2374	0
2375	3
2376	0
2377	0
2378	0
2379	0
2380	3
2381	3
2382	0
2383	0
2384	0
2385	0
2386	3
2387	3
2388	3
2389	3
2390	0
2391	3
2392	0
2393	3
2394	1
2395	0
2396	3
2397	0
2398	0
2399	0
2400	0
2401	0
2402	3
2403	3
2404	0
2405	3
2406	1
2407	0
2408	0
2409	2
2410	3
2411	0
2412	0
2413	0
2414	3
2415	0
2416	2
2417	3
2418	3
2419	0
2420	0
2421	3
2422	0
2423	3
2424	3
2425	0
2426	3
2427	0
2428	0
2429	2
2430	0
2431	0
2432	3
2433	2
2434	0
2435	3
2436	0
2437	3
2438	0
2439	3
2440	0
2441	3
2442	0
2443	3
2444	3
2445	0
2446	0
2447	1
2448	0
2449	0
2450	0
2451	3
2452	3
2453	0
2454	0
2455	2
2456	3
2457	0
2458	0
2459	1
2460	1
2461	0
2462	3
2463	1
2464	0
2465	3
2466	0
2467	0
2468	0
2469	0
2470	0
2471	0
2472	3
2473	0
2474	0
2475	0
2476	0
2477	0
2478	0
2479	3
2480	0
2481	2
2482	0
2483	3
2484	0
2485	3
2486	3
2487	3
2488	3
2489	2
2490	3
2491	3
2492	3
2493	3
2494	3
2495	3
2496	1
2497	0
2498	0
2499	3
2500	0
2501	0
2502	2
2503	0
2504	0
2505	0
2506	0
2507	2
2508	3
2509	3
2510	1
2511	0
2512	0
2513	2
2514	3
2515	0
2516	3
2517	3
2518	3
2519	0
2520	0
2521	0
2522	3
2523	2
2524	3
2525	3
2526	0
2527	3
2528	3
2529	0
2530	3
2531	0
2532	0
2533	3
2534	0
2535	0
2536	3
2537	0
2538	3
2539	0
2540	0
2541	3
2542	3
2543	3
2544	1
2545	0
2546	0
2547	3
2548	0
2549	3
2550	3
2551	0
2552	0
2553	3
2554	0
2555	3
2556	0
2557	2
2558	3
2559	0
2560	0
2561	2
2562	0
2563	3
2564	3
2565	2
2566	3
2567	0
2568	3
2569	0
2570	0
2571	0
2572	3
2573	3
2574	0
2575	3
2576	3
2577	0
2578	3
2579	3
2580	2
2581	3
2582	0
2583	3
2584	0
2585	2
2586	3
2587	0
2588	3
2589	0
2590	3
2591	2
2592	0
2593	0
2594	0
2595	0
2596	3
2597	0
2598	3
2599	2
2600	3
2601	0
2602	0
2603	0
2604	0
2605	0
2606	3
2607	0
2608	0
2609	1
2610	3
2611	0
2612	3
2613	2
2614	0
2615	1
2616	1
2617	0
2618	0
2619	3
2620	3
2621	0
2622	0
2623	2
2624	0
2625	3
2626	3
2627	0
2628	3
2629	0
2630	3
2631	3
2632	0
2633	3
2634	0
2635	0
2636	3
2637	1
2638	3
2639	3
2640	0
2641	0
2642	0
2643	1
2644	0
2645	0
2646	0
2647	3
2648	0
2649	3
2650	0
2651	0
2652	0
2653	0
2654	3
2655	1
2656	3
2657	0
2658	3
2659	3
2660	0
2661	3
2662	1
2663	3
2664	3
2665	0
2666	0
2667	0
2668	3
2669	3
2670	3
2671	0
2672	0
2673	3
2674	3
2675	3
2676	0
2677	3
2678	0
2679	0
2680	2
2681	1
2682	3
2683	0
2684	3
2685	3
2686	0
2687	3
2688	0
2689	1
2690	3
2691	0
2692	3
2693	3
2694	0
2695	0
2696	1
2697	3
2698	0
2699	0
2700	0
2701	0
2702	1
2703	3
2704	3
2705	0
2706	3
2707	0
2708	2
2709	3
2710	3
2711	0
2712	1
2713	0
2714	0
2715	2
2716	0
2717	0
2718	0
2719	3
2720	3
2721	1
2722	0
2723	1
2724	0
2725	3
2726	0
2727	0
2728	3
2729	0
2730	3
2731	3
2732	3
2733	1
2734	2
2735	0
2736	3
2737	3
2738	3
2739	0
2740	0
2741	0
2742	3
2743	2
2744	3
2745	3
2746	3
2747	3
2748	3
2749	3
2750	3
2751	0
2752	0
2753	3
2754	0
2755	0
2756	0
2757	0
2758	3
2759	3
2760	0
2761	0
2762	0
2763	3
2764	3
2765	3
2766	1
2767	0
2768	0
2769	0
2770	0
2771	0
2772	0
2773	0
2774	1
2775	3
2776	3
2777	2
2778	3
2779	0
2780	3
2781	0
2782	0
2783	2
2784	3
2785	3
2786	3
2787	3
2788	1
2789	3
2790	0
2791	3
2792	1
2793	3
2794	0
2795	2
2796	3
2797	1
2798	2
2799	0
2800	0
2801	0
2802	0
2803	2
2804	0
2805	2
2806	0
2807	0
2808	3
2809	0
2810	3
2811	1
2812	1
2813	0
2814	3
2815	3
2816	3
2817	0
2818	0
2819	0
2820	3
2821	0
2822	3
2823	2
2824	0
2825	3
2826	0
2827	3
2828	3
2829	0
2830	0
2831	1
2832	2
2833	0
2834	3
2835	0
2836	2
2837	3
2838	0
2839	0
2840	3
2841	3
2842	3
2843	0
2844	0
2845	3
2846	2
2847	0
2848	0
2849	0
2850	3
2851	1
2852	3
2853	0
2854	0
2855	0
2856	3
2857	3
2858	0
2859	3
2860	3
2861	0
2862	0
2863	3
2864	0
2865	3
2866	0
2867	0
2868	3
2869	0
2870	0
2871	3
2872	3
2873	0
2874	3
2875	0
2876	2
2877	0
2878	0
2879	0
2880	3
2881	3
2882	0
2883	2
2884	3
2885	3
2886	2
2887	0
2888	3
2889	0
2890	0
2891	0
2892	3
2893	3
2894	0
2895	1
2896	0
2897	3
2898	3
2899	0
2900	0
2901	2
2902	0
2903	3
2904	3
2905	0
2906	0
2907	3
2908	3
2909	3
2910	1
2911	0
2912	1
2913	2
2914	0
2915	3
2916	0
2917	0
2918	3
2919	3
2920	0
2921	1
2922	0
2923	0
2924	0
2925	0
2926	1
2927	0
2928	3
2929	2
2930	3
2931	2
2932	2
2933	3
2934	1
2935	2
2936	3
2937	3
2938	3
2939	0
2940	0
2941	0
2942	1
2943	0
2944	3
2945	3
2946	0
2947	0
2948	3
2949	0
2950	1
2951	1
2952	1
2953	1
2954	3
2955	0
2956	0
2957	0
2958	0
2959	3
2960	0
2961	3
2962	3
2963	0
2964	2
2965	0
2966	2
2967	3
2968	3
2969	3
2970	0
2971	0
2972	0
2973	2
2974	0
2975	0
2976	0
2977	3
2978	3
2979	3
2980	0
2981	0
2982	0
2983	0
2984	3
2985	3
2986	0
2987	0
2988	0
2989	0
2990	0
2991	2
2992	0
2993	1
2994	0
2995	3
2996	0
2997	0
2998	3
2999	3
3000	3
3001	3
3002	0
3003	3
3004	0
3005	0
3006	3
3007	3
3008	0
3009	2
3010	0
3011	0
3012	3
3013	0
3014	0
3015	0
3016	0
3017	0
3018	3
3019	0
3020	0
3021	0
3022	3
3023	0
3024	0
3025	1
3026	3
3027	0
3028	0
3029	0
3030	3
3031	3
3032	0
3033	2
3034	0
3035	3
3036	3
3037	0
3038	0
3039	2
3040	3
3041	0
3042	0
3043	0
3044	0
3045	2
3046	0
3047	3
3048	3
3049	3
3050	0
3051	3
3052	1
3053	3
3054	1
3055	0
3056	0
3057	3
3058	0
3059	3
3060	3
3061	0
3062	0
3063	0
3064	3
3065	3
3066	0
3067	0
3068	3
3069	0
3070	0
3071	3
3072	3
3073	2
3074	0
3075	3
3076	3
3077	3
3078	2
3079	0
3080	0
3081	0
3082	2
3083	0
3084	0
3085	3
3086	3
3087	2
3088	0
3089	0
3090	0
3091	0
3092	3
3093	0
3094	3
3095	0
3096	1
3097	0
3098	3
3099	2
3100	1
3101	3
3102	3
3103	3
3104	0
3105	3
3106	0
3107	1
3108	2
3109	3
3110	3
3111	3
3112	2
3113	3
3114	2
3115	2
3116	3
3117	1
3118	0
3119	2
3120	0
3121	0
3122	0
3123	3
3124	3
3125	2
3126	1
3127	3
3128	3
3129	0
3130	1
3131	3
3132	0
3133	0
3134	0
3135	3
3136	0
3137	3
3138	0
3139	0
3140	3
3141	0
3142	3
3143	3
3144	0
3145	0
3146	0
3147	0
3148	0
3149	3
3150	3
3151	3
3152	3
3153	3
3154	0
3155	3
3156	3
3157	3
3158	0
3159	3
3160	0
3161	0
3162	3
3163	3
3164	3
3165	0
3166	3
3167	3
3168	0
3169	1
3170	1
3171	2
3172	1
3173	3
3174	3
3175	3
3176	0
3177	3
3178	3
3179	0
3180	0
3181	3
3182	3
3183	1
3184	0
3185	1
3186	3
3187	0
3188	2
3189	0
3190	3
3191	0
3192	2
3193	0
3194	0
3195	0
3196	0
3197	3
3198	3
3199	3
3200	2
3201	2
3202	0
3203	0
3204	0
3205	3
3206	0
3207	3
3208	1
3209	0
3210	0
3211	2
3212	0
3213	3
3214	2
3215	0
3216	0
3217	2
3218	0
3219	3
3220	0
3221	3
3222	3
3223	0
3224	3
3225	3
3226	3
3227	0
3228	0
3229	3
3230	0
3231	1
3232	0
3233	3
3234	0
3235	3
3236	2
3237	1
3238	0
3239	3
3240	3
3241	0
3242	3
3243	0
3244	3
3245	1
3246	3
3247	3
3248	3
3249	0
3250	3
3251	0
3252	0
3253	2
3254	2
3255	3
3256	0
3257	1
3258	0
3259	0
3260	3
3261	1
3262	3
3263	0
3264	0
3265	1
3266	0
3267	3
3268	2
3269	0
3270	0
3271	3
3272	2
3273	0
3274	0
3275	3
3276	3
3277	3
3278	3
3279	1
3280	0
3281	0
3282	0
3283	3
3284	0
3285	0
3286	3
3287	0
3288	0
3289	3
3290	2
3291	3
3292	3
3293	0
3294	1
3295	3
3296	2
3297	2
3298	0
3299	2
3300	0
3301	3
3302	0
3303	0
3304	3
3305	3
3306	3
3307	2
3308	0
3309	3
3310	0
3311	2
3312	2
3313	0
3314	0
3315	1
3316	2
3317	3
3318	0
3319	0
3320	0
3321	3
3322	0
3323	0
3324	0
3325	0
3326	3
3327	2
3328	0
3329	0
3330	3
3331	0
3332	3
3333	3
3334	3
3335	3
3336	1
3337	3
3338	0
3339	3
3340	3
3341	3
3342	3
3343	3
3344	0
3345	0
3346	3
3347	2
3348	3
3349	3
3350	0
3351	2
3352	0
3353	3
3354	3
3355	0
3356	0
3357	3
3358	0
3359	0
3360	3
3361	1
3362	0
3363	3
3364	3
3365	0
3366	0
3367	2
3368	0
3369	2
3370	1
3371	3
3372	1
3373	0
3374	3
3375	3
3376	0
3377	0
3378	2
3379	0
3380	1
3381	1
3382	0
3383	1
3384	0
3385	0
3386	0
3387	0
3388	2
3389	2
3390	0
3391	0
3392	3
3393	3
3394	3
3395	0
3396	2
3397	3
3398	3
3399	3
3400	3
3401	0
3402	0
3403	3
3404	3
3405	1
3406	0
3407	0
3408	0
3409	1
3410	0
3411	3
3412	2
3413	1
3414	0
3415	3
3416	0
3417	3
3418	0
3419	3
3420	3
3421	2
3422	0
3423	0
3424	3
3425	3
3426	0
3427	0
3428	3
3429	0
3430	3
3431	0
3432	0
3433	0
3434	2
3435	0
3436	3
3437	0
3438	1
3439	0
3440	0
3441	3
3442	3
3443	3
3444	1
3445	0
3446	3
3447	0
3448	1
3449	0
3450	3
3451	0
3452	0
3453	1
3454	2
3455	0
3456	0
3457	0
3458	0
3459	0
3460	0
3461	0
3462	3
3463	2
3464	0
3465	0
3466	0
3467	0
3468	0
3469	3
3470	3
3471	0
3472	0
3473	0
3474	0
3475	0
3476	2
3477	3
3478	1
3479	0
3480	3
3481	3
3482	0
3483	3
3484	0
3485	0
3486	0
3487	1
3488	1
3489	0
3490	3
3491	0
3492	0
3493	0
3494	0
3495	1
3496	3
3497	0
3498	0
3499	2
3500	0
3501	1
3502	3
3503	3
3504	0
3505	0
3506	3
3507	3
3508	3
3509	3
3510	3
3511	0
3512	3
3513	0
3514	3
3515	3
3516	3
3517	3
3518	0
3519	0
3520	0
3521	1
3522	1
3523	3
3524	0
3525	3
3526	3
3527	3
3528	3
3529	3
3530	0
3531	0
3532	0
3533	3
3534	3
3535	3
3536	0
3537	3
3538	0
3539	2
3540	2
3541	0
3542	0
3543	0
3544	0
3545	3
3546	0
3547	0
3548	3
3549	0
3550	3
3551	3
3552	3
3553	3
3554	0
3555	0
3556	0
3557	3
3558	0
3559	2
3560	3
3561	0
3562	0
3563	3
3564	0
3565	0
3566	2
3567	2
3568	3
3569	0
3570	2
3571	0
3572	1
3573	2
3574	0
3575	3
3576	3
3577	0
3578	0
3579	0
3580	0
3581	2
3582	3
3583	2
3584	2
3585	3
3586	1
3587	3
3588	3
3589	0
3590	3
3591	0
3592	0
3593	0
3594	3
3595	3
3596	3
3597	1
3598	1
3599	1
3600	3
3601	0
3602	3
3603	3
3604	3
3605	3
3606	0
3607	0
3608	0
3609	0
3610	3
3611	2
3612	0
3613	0
3614	0
3615	3
3616	0
3617	1
3618	0
3619	2
3620	3
3621	3
3622	3
3623	0
3624	0
3625	3
3626	0
3627	2
3628	3
3629	1
3630	0
3631	0
3632	0
3633	0
3634	2
3635	3
3636	3
3637	0
3638	0
3639	0
3640	0
3641	3
3642	0
3643	0
3644	0
3645	0
3646	3
3647	3
3648	3
3649	0
3650	0
3651	0
3652	3
3653	0
3654	3
3655	1
3656	2
3657	2
3658	3
3659	0
3660	0
3661	1
3662	0
3663	3
3664	3
3665	1
3666	0
3667	0
3668	3
3669	3
3670	1
3671	3
3672	0
3673	3
3674	0
3675	2
3676	3
3677	0
3678	0
3679	0
3680	3
3681	1
3682	3
3683	0
3684	3
3685	3
3686	1
3687	1
3688	0
3689	3
3690	0
3691	1
3692	3
3693	0
3694	3
3695	0
3696	3
3697	3
3698	0
3699	3
3700	3
3701	0
3702	3
3703	0
3704	0
3705	0
3706	0
3707	0
3708	0
3709	1
3710	0
3711	2
3712	0
3713	0
3714	0
3715	2
3716	3
3717	3
3718	0
3719	0
3720	0
3721	3
3722	0
3723	3
3724	0
3725	0
3726	3
3727	3
3728	0
3729	0
3730	0
3731	0
3732	2
3733	3
3734	0
3735	2
3736	3
3737	3
3738	3
3739	0
3740	3
3741	3
3742	0
3743	1
3744	3
3745	3
3746	1
3747	3
3748	3
3749	1
3750	0
3751	0
3752	3
3753	3
3754	3
3755	0
3756	3
3757	0
3758	3
3759	2
3760	2
3761	0
3762	0
3763	0
3764	3
3765	3
3766	3
3767	3
3768	3
3769	3
3770	0
3771	0
3772	0
3773	0
3774	0
3775	0
3776	0
3777	1
3778	0
3779	0
3780	2
3781	0
3782	0
3783	0
3784	0
3785	0
3786	0
3787	2
3788	3
3789	3
3790	3
3791	0
3792	3
3793	0
3794	1
3795	3
3796	0
3797	0
3798	2
3799	3
3800	0
3801	0
3802	3
3803	3
3804	0
3805	3
3806	1
3807	3
3808	3
3809	3
3810	0
3811	1
3812	3
3813	3
3814	3
3815	0
3816	1
3817	3
3818	3
3819	0
3820	3
3821	3
3822	0
3823	3
3824	3
3825	3
3826	2
3827	3
3828	1
3829	1
3830	3
3831	3
3832	0
3833	0
3834	0
3835	3
3836	0
3837	0
3838	3
3839	3
3840	3
3841	0
3842	3
3843	0
3844	0
3845	1
3846	3
3847	3
3848	0
3849	3
3850	3
3851	3
3852	3
3853	1
3854	0
3855	2
3856	1
3857	2
3858	3
3859	3
3860	2
3861	3
3862	1
3863	1
3864	0
3865	3
3866	0
3867	0
3868	0
3869	3
3870	0
3871	0
3872	0
3873	0
3874	0
3875	3
3876	3
3877	0
3878	0
3879	0
3880	3
3881	0
3882	3
3883	3
3884	0
3885	0
3886	1
3887	3
3888	0
3889	0
3890	0
3891	0
3892	0
3893	2
3894	0
3895	2
3896	2
3897	3
3898	0
3899	3
3900	1
3901	0
3902	3
3903	0
3904	2
3905	0
3906	0
3907	1
3908	0
3909	1
3910	3
3911	3
3912	3
3913	2
3914	0
3915	3
3916	3
3917	3
3918	3
3919	0
3920	0
3921	3
3922	3
3923	3
3924	3
3925	0
3926	3
3927	0
3928	0
3929	3
3930	0
3931	1
3932	0
3933	3
3934	0
3935	3
3936	3
3937	3
3938	3
3939	3
3940	0
3941	1
3942	3
3943	0
3944	0
3945	0
3946	0
3947	3
3948	3
3949	3
3950	3
3951	0
3952	3
3953	0
3954	3
3955	3
3956	2
3957	0
3958	0
3959	2
3960	3
3961	0
3962	0
3963	1
3964	0
3965	3
3966	2
3967	3
3968	0
3969	0
3970	3
3971	3
3972	2
3973	3
3974	3
3975	2
3976	0
3977	3
3978	0
3979	0
3980	0
3981	0
3982	0
3983	0
3984	0
3985	0
3986	0
3987	0
3988	0
3989	3
3990	0
3991	0
3992	3
3993	3
3994	0
3995	3
3996	1
3997	0
3998	1
3999	3
4000	1
4001	0
4002	3
4003	0
4004	0
4005	0
4006	3
4007	0
4008	3
4009	3
4010	0
4011	3
4012	0
4013	0
4014	3
4015	0
4016	1
4017	0
4018	0
4019	0
4020	3
4021	3
4022	0
4023	3
4024	0
4025	0
4026	3
4027	3
4028	0
4029	0
4030	0
4031	0
4032	2
4033	0
4034	3
4035	2
4036	2
4037	3
4038	0
4039	3
4040	3
4041	0
4042	2
4043	3
4044	0
4045	3
4046	0
4047	1
4048	0
4049	3
4050	3
4051	0
4052	3
4053	0
4054	2
4055	3
4056	0
4057	0
4058	3
4059	1
4060	3
4061	3
4062	0
4063	3
4064	3
4065	3
4066	0
4067	0
4068	0
4069	3
4070	0
4071	3
4072	1
4073	2
4074	0
4075	1
4076	1
4077	3
4078	0
4079	0
4080	3
4081	3
4082	0
4083	1
4084	0
4085	0
4086	0
4087	0
4088	0
4089	3
4090	3
4091	1
4092	0
4093	3
4094	0
4095	2
