COMMAND
./sim gshare 12 2 ./proj2-traces/gcc_trace.txt
OUTPUT
number of predictions:2000000
number of mispredictions:243917
misprediction rate:   12.20%
FINAL GSHARE CONTENTS
0	1
1	3
2	3
3	3
4	3
5	0
6	0
7	3
8	0
9	0
10	3
11	0
12	2
13	3
14	3
15	1
16	0
17	0
18	0
19	2
20	2
21	3
22	3
23	1
24	3
25	0
26	0
27	3
28	0
29	3
30	3
31	0
32	0
33	2
34	0
35	3
36	3
37	3
38	0
39	3
40	3
41	0
42	0
43	0
44	3
45	0
46	3
47	2
48	3
49	2
50	0
51	0
52	2
53	2
54	0
55	0
56	3
57	0
58	2
59	2
60	3
61	3
62	0
63	3
64	0
65	3
66	1
67	0
68	0
69	0
70	0
71	0
72	0
73	3
74	2
75	0
76	3
77	2
78	0
79	3
80	3
81	0
82	0
83	0
84	0
85	0
86	3
87	0
88	0
89	3
90	3
91	2
92	0
93	1
94	3
95	3
96	0
97	3
98	0
99	0
100	3
101	3
102	0
103	0
104	2
105	3
106	3
107	3
108	0
109	3
110	3
111	0
112	0
113	3
114	3
115	3
116	1
117	0
118	3
119	1
120	0
121	3
122	0
123	0
124	3
125	3
126	2
127	0
128	3
129	0
130	3
131	3
132	3
133	0
134	3
135	0
136	0
137	2
138	2
139	3
140	3
141	0
142	3
143	0
144	0
145	2
146	3
147	3
148	0
149	0
150	0
151	3
152	0
153	3
154	0
155	3
156	0
157	3
158	1
159	0
160	0
161	3
162	3
163	0
164	0
165	0
166	0
167	0
168	3
169	0
170	3
171	3
172	3
173	0
174	0
175	0
176	0
177	0
178	3
179	0
180	0
181	2
182	3
183	0
184	3
185	0
186	0
187	3
188	0
189	3
190	3
191	0
192	1
193	3
194	0
195	0
196	3
197	0
198	3
199	0
200	0
201	3
202	1
203	0
204	0
205	0
206	3
207	0
208	0
209	0
210	2
211	3
212	3
213	1
214	0
215	0
216	0
217	0
218	2
219	0
220	0
221	2
222	0
223	0
224	1
225	0
226	3
227	0
228	3
229	0
230	3
231	3
232	3
233	0
234	3
235	1
236	3
237	0
238	0
239	0
240	0
241	0
242	0
243	3
244	0
245	3
246	0
247	0
248	3
249	3
250	0
251	0
252	0
253	0
254	0
255	0
256	0
257	2
258	3
259	0
260	3
261	1
262	0
263	0
264	3
265	0
266	0
267	0
268	2
269	1
270	0
271	2
272	2
273	0
274	0
275	3
276	3
277	3
278	0
279	3
280	0
281	0
282	0
283	0
284	2
285	3
286	0
287	2
288	3
289	0
290	0
291	0
292	3
293	1
294	3
295	0
296	2
297	3
298	0
299	3
300	3
301	3
302	0
303	0
304	0
305	0
306	3
307	0
308	3
309	0
310	3
311	1
312	0
313	0
314	0
315	3
316	3
317	2
318	0
319	0
320	0
321	3
322	0
323	3
324	0
325	0
326	2
327	0
328	3
329	0
330	3
331	0
332	3
333	0
334	2
335	3
336	0
337	3
338	0
339	0
340	2
341	3
342	0
343	0
344	3
345	0
346	3
347	0
348	3
349	3
350	3
351	2
352	3
353	0
354	3
355	0
356	3
357	3
358	3
359	0
360	3
361	0
362	2
363	0
364	3
365	3
366	0
367	1
368	3
369	3
370	3
371	3
372	0
373	0
374	2
375	3
376	0
377	2
378	3
379	0
380	2
381	0
382	2
383	3
384	1
385	0
386	0
387	0
388	3
389	1
390	0
391	0
392	0
393	3
394	3
395	0
396	0
397	0
398	3
399	3
400	0
401	0
402	3
403	0
404	0
405	3
406	3
407	0
408	0
409	0
410	2
411	0
412	0
413	0
414	0
415	0
416	0
417	3
418	3
419	0
420	0
421	0
422	0
423	2
424	0
425	1
426	0
427	0
428	2
429	0
430	3
431	0
432	1
433	0
434	0
435	3
436	3
437	0
438	3
439	2
440	3
441	0
442	3
443	3
444	3
445	0
446	3
447	1
448	3
449	3
450	0
451	3
452	0
453	3
454	3
455	3
456	1
457	0
458	3
459	3
460	3
461	3
462	3
463	0
464	3
465	2
466	0
467	2
468	3
469	3
470	0
471	3
472	3
473	0
474	1
475	0
476	0
477	0
478	3
479	3
480	3
481	0
482	0
483	0
484	0
485	3
486	0
487	3
488	0
489	3
490	3
491	1
492	1
493	3
494	3
495	0
496	2
497	3
498	0
499	2
500	3
501	0
502	3
503	3
504	0
505	0
506	3
507	3
508	0
509	3
510	3
511	3
512	0
513	2
514	3
515	2
516	3
517	0
518	3
519	0
520	3
521	3
522	3
523	0
524	3
525	0
526	3
527	2
528	3
529	0
530	2
531	3
532	0
533	3
534	2
535	3
536	1
537	0
538	0
539	1
540	0
541	0
542	3
543	0
544	0
545	0
546	2
547	0
548	3
549	3
550	0
551	3
552	3
553	0
554	0
555	0
556	3
557	0
558	0
559	3
560	1
561	0
562	1
563	3
564	0
565	2
566	0
567	1
568	2
569	3
570	0
571	0
572	3
573	3
574	3
575	0
576	3
577	3
578	0
579	3
580	3
581	0
582	1
583	3
584	0
585	0
586	3
587	1
588	3
589	2
590	1
591	1
592	0
593	1
594	0
595	0
596	3
597	3
598	0
599	3
600	3
601	0
602	0
603	0
604	2
605	3
606	0
607	3
608	0
609	1
610	3
611	0
612	0
613	0
614	0
615	0
616	0
617	3
618	0
619	3
620	3
621	1
622	2
623	0
624	3
625	3
626	3
627	2
628	3
629	0
630	0
631	0
632	0
633	0
634	0
635	0
636	0
637	3
638	0
639	3
640	3
641	0
642	3
643	0
644	0
645	3
646	0
647	0
648	3
649	2
650	0
651	3
652	1
653	0
654	3
655	3
656	3
657	0
658	0
659	3
660	3
661	3
662	1
663	3
664	3
665	3
666	0
667	0
668	3
669	3
670	3
671	0
672	3
673	0
674	0
675	3
676	0
677	3
678	0
679	3
680	3
681	1
682	3
683	3
684	3
685	0
686	0
687	3
688	3
689	3
690	3
691	3
692	0
693	3
694	3
695	3
696	0
697	0
698	1
699	1
700	1
701	3
702	3
703	1
704	1
705	1
706	0
707	3
708	0
709	3
710	0
711	3
712	1
713	0
714	0
715	0
716	2
717	3
718	0
719	2
720	3
721	2
722	3
723	0
724	0
725	0
726	3
727	3
728	3
729	3
730	1
731	2
732	3
733	1
734	0
735	1
736	0
737	1
738	0
739	0
740	3
741	0
742	0
743	3
744	0
745	3
746	0
747	0
748	3
749	0
750	0
751	3
752	0
753	2
754	0
755	3
756	3
757	3
758	3
759	3
760	0
761	3
762	0
763	2
764	3
765	1
766	0
767	0
768	3
769	3
770	3
771	0
772	0
773	3
774	3
775	0
776	0
777	3
778	3
779	3
780	0
781	3
782	0
783	0
784	1
785	0
786	3
787	3
788	0
789	3
790	2
791	0
792	3
793	3
794	0
795	0
796	0
797	3
798	0
799	0
800	3
801	3
802	3
803	0
804	2
805	3
806	0
807	1
808	3
809	0
810	0
811	3
812	0
813	0
814	0
815	3
816	3
817	3
818	0
819	0
820	2
821	3
822	1
823	3
824	0
825	0
826	0
827	3
828	0
829	3
830	0
831	3
832	1
833	1
834	2
835	3
836	0
837	3
838	0
839	2
840	0
841	0
842	3
843	0
844	0
845	3
846	1
847	0
848	0
849	0
850	3
851	1
852	0
853	3
854	0
855	3
856	1
857	0
858	3
859	3
860	2
861	3
862	0
863	0
864	0
865	3
866	3
867	3
868	0
869	3
870	0
871	1
872	0
873	3
874	3
875	3
876	3
877	3
878	1
879	0
880	2
881	0
882	3
883	0
884	0
885	3
886	0
887	3
888	3
889	0
890	0
891	3
892	3
893	3
894	1
895	0
896	0
897	0
898	3
899	0
900	3
901	1
902	3
903	3
904	0
905	0
906	3
907	1
908	3
909	3
910	2
911	3
912	0
913	3
914	0
915	2
916	0
917	0
918	0
919	2
920	0
921	0
922	0
923	0
924	0
925	0
926	0
927	0
928	3
929	0
930	2
931	3
932	0
933	3
934	0
935	0
936	3
937	3
938	0
939	1
940	3
941	3
942	3
943	3
944	3
945	3
946	3
947	3
948	0
949	3
950	0
951	3
952	0
953	1
954	0
955	0
956	2
957	3
958	1
959	0
960	0
961	3
962	0
963	1
964	3
965	3
966	3
967	0
968	3
969	0
970	3
971	3
972	0
973	0
974	3
975	0
976	3
977	1
978	2
979	0
980	0
981	0
982	0
983	0
984	3
985	3
986	0
987	0
988	3
989	0
990	3
991	0
992	2
993	2
994	2
995	0
996	0
997	3
998	2
999	0
1000	3
1001	3
1002	0
1003	0
1004	0
1005	3
1006	0
1007	0
1008	2
1009	3
1010	3
1011	3
1012	3
1013	3
1014	0
1015	0
1016	0
1017	0
1018	0
1019	3
1020	3
1021	2
1022	3
1023	1
1024	0
1025	1
1026	0
1027	3
1028	3
1029	0
1030	0
1031	2
1032	3
1033	3
1034	0
1035	3
1036	0
1037	0
1038	0
1039	3
1040	3
1041	3
1042	3
1043	3
1044	0
1045	1
1046	0
1047	0
1048	3
1049	1
1050	1
1051	3
1052	3
1053	3
1054	3
1055	3
1056	2
1057	3
1058	3
1059	0
1060	2
1061	0
1062	3
1063	1
1064	0
1065	3
1066	3
1067	0
1068	3
1069	0
1070	2
1071	0
1072	3
1073	3
1074	2
1075	1
1076	3
1077	1
1078	3
1079	0
1080	0
1081	2
1082	2
1083	0
1084	1
1085	0
1086	0
1087	3
1088	3
1089	3
1090	0
1091	0
1092	3
1093	0
1094	2
1095	0
1096	0
1097	3
1098	0
1099	2
1100	0
1101	3
1102	0
1103	3
1104	0
1105	3
1106	0
1107	0
1108	1
1109	0
1110	3
1111	3
1112	2
1113	3
1114	3
1115	2
1116	0
1117	0
1118	3
1119	2
1120	2
1121	1
1122	2
1123	0
1124	0
1125	3
1126	1
1127	3
1128	1
1129	2
1130	3
1131	3
1132	2
1133	3
1134	3
1135	2
1136	0
1137	0
1138	0
1139	3
1140	3
1141	0
1142	0
1143	0
1144	3
1145	1
1146	3
1147	3
1148	3
1149	0
1150	0
1151	0
1152	3
1153	0
1154	3
1155	0
1156	3
1157	0
1158	2
1159	3
1160	3
1161	3
1162	3
1163	0
1164	0
1165	0
1166	3
1167	0
1168	2
1169	3
1170	0
1171	3
1172	0
1173	3
1174	0
1175	0
1176	3
1177	3
1178	0
1179	3
1180	0
1181	0
1182	0
1183	3
1184	2
1185	2
1186	0
1187	3
1188	3
1189	3
1190	0
1191	0
1192	0
1193	0
1194	3
1195	3
1196	2
1197	0
1198	0
1199	0
1200	3
1201	3
1202	0
1203	3
1204	0
1205	0
1206	0
1207	3
1208	3
1209	3
1210	3
1211	1
1212	0
1213	3
1214	3
1215	3
1216	0
1217	3
1218	3
1219	2
1220	3
1221	0
1222	1
1223	0
1224	0
1225	3
1226	3
1227	3
1228	0
1229	0
1230	3
1231	0
1232	0
1233	0
1234	2
1235	3
1236	1
1237	2
1238	2
1239	3
1240	0
1241	0
1242	3
1243	0
1244	3
1245	3
1246	0
1247	3
1248	2
1249	0
1250	0
1251	0
1252	0
1253	0
1254	2
1255	0
1256	3
1257	3
1258	0
1259	3
1260	0
1261	1
1262	1
1263	3
1264	0
1265	0
1266	0
1267	1
1268	0
1269	0
1270	2
1271	0
1272	3
1273	3
1274	3
1275	3
1276	3
1277	3
1278	3
1279	0
1280	0
1281	0
1282	2
1283	2
1284	2
1285	1
1286	3
1287	0
1288	3
1289	1
1290	0
1291	3
1292	0
1293	0
1294	3
1295	0
1296	3
1297	0
1298	0
1299	3
1300	3
1301	1
1302	0
1303	0
1304	0
1305	0
1306	0
1307	3
1308	1
1309	3
1310	0
1311	3
1312	0
1313	1
1314	2
1315	3
1316	3
1317	0
1318	0
1319	3
1320	0
1321	2
1322	3
1323	0
1324	1
1325	3
1326	0
1327	0
1328	0
1329	1
1330	0
1331	2
1332	3
1333	0
1334	0
1335	0
1336	0
1337	3
1338	0
1339	3
1340	0
1341	0
1342	0
1343	0
1344	0
1345	0
1346	3
1347	0
1348	3
1349	0
1350	1
1351	3
1352	0
1353	0
1354	1
1355	3
1356	3
1357	0
1358	0
1359	3
1360	0
1361	3
1362	0
1363	2
1364	3
1365	2
1366	1
1367	2
1368	0
1369	0
1370	3
1371	0
1372	1
1373	3
1374	0
1375	0
1376	3
1377	3
1378	2
1379	0
1380	3
1381	2
1382	3
1383	0
1384	3
1385	0
1386	0
1387	3
1388	0
1389	0
1390	3
1391	0
1392	0
1393	3
1394	3
1395	2
1396	2
1397	0
1398	3
1399	3
1400	1
1401	0
1402	2
1403	0
1404	0
1405	3
1406	3
1407	0
1408	3
1409	0
1410	1
1411	0
1412	3
1413	3
1414	3
1415	0
1416	3
1417	2
1418	3
1419	0
1420	0
1421	0
1422	0
1423	1
1424	0
1425	3
1426	0
1427	0
1428	1
1429	0
1430	3
1431	0
1432	1
1433	0
1434	1
1435	0
1436	0
1437	0
1438	0
1439	1
1440	3
1441	0
1442	3
1443	0
1444	0
1445	0
1446	0
1447	0
1448	0
1449	1
1450	3
1451	3
1452	0
1453	3
1454	3
1455	2
1456	0
1457	0
1458	0
1459	3
1460	1
1461	1
1462	0
1463	0
1464	0
1465	0
1466	1
1467	3
1468	0
1469	0
1470	2
1471	3
1472	0
1473	3
1474	0
1475	2
1476	2
1477	0
1478	0
1479	3
1480	0
1481	2
1482	1
1483	0
1484	0
1485	1
1486	0
1487	1
1488	1
1489	3
1490	2
1491	2
1492	3
1493	3
1494	0
1495	1
1496	2
1497	0
1498	3
1499	2
1500	3
1501	3
1502	1
1503	3
1504	1
1505	1
1506	0
1507	0
1508	0
1509	3
1510	1
1511	0
1512	2
1513	0
1514	3
1515	0
1516	3
1517	3
1518	0
1519	0
1520	0
1521	3
1522	0
1523	0
1524	3
1525	0
1526	3
1527	0
1528	0
1529	1
1530	0
1531	0
1532	0
1533	0
1534	0
1535	3
1536	3
1537	3
1538	0
1539	3
1540	0
1541	0
1542	3
1543	3
1544	3
1545	3
1546	3
1547	1
1548	3
1549	3
1550	3
1551	3
1552	0
1553	3
1554	0
1555	3
1556	0
1557	3
1558	3
1559	0
1560	0
1561	3
1562	0
1563	2
1564	1
1565	3
1566	0
1567	3
1568	0
1569	0
1570	3
1571	2
1572	1
1573	3
1574	0
1575	0
1576	0
1577	1
1578	1
1579	0
1580	3
1581	3
1582	0
1583	0
1584	2
1585	3
1586	2
1587	1
1588	3
1589	1
1590	3
1591	3
1592	2
1593	0
1594	1
1595	2
1596	0
1597	0
1598	2
1599	0
1600	3
1601	1
1602	0
1603	0
1604	0
1605	0
1606	0
1607	0
1608	0
1609	0
1610	0
1611	0
1612	3
1613	1
1614	0
1615	0
1616	1
1617	0
1618	0
1619	0
1620	0
1621	0
1622	0
1623	2
1624	3
1625	3
1626	3
1627	3
1628	3
1629	3
1630	3
1631	0
1632	0
1633	0
1634	2
1635	2
1636	3
1637	0
1638	2
1639	0
1640	0
1641	2
1642	0
1643	2
1644	3
1645	0
1646	3
1647	3
1648	3
1649	3
1650	3
1651	3
1652	2
1653	2
1654	2
1655	0
1656	1
1657	0
1658	1
1659	0
1660	2
1661	3
1662	0
1663	1
1664	3
1665	2
1666	0
1667	0
1668	0
1669	3
1670	3
1671	2
1672	0
1673	3
1674	3
1675	0
1676	0
1677	3
1678	0
1679	3
1680	0
1681	0
1682	2
1683	2
1684	3
1685	0
1686	0
1687	0
1688	0
1689	2
1690	0
1691	0
1692	0
1693	0
1694	0
1695	3
1696	3
1697	2
1698	3
1699	0
1700	0
1701	3
1702	0
1703	3
1704	3
1705	0
1706	3
1707	0
1708	2
1709	0
1710	2
1711	3
1712	3
1713	2
1714	3
1715	0
1716	0
1717	0
1718	3
1719	0
1720	0
1721	0
1722	2
1723	0
1724	3
1725	1
1726	2
1727	2
1728	1
1729	3
1730	3
1731	0
1732	0
1733	0
1734	0
1735	3
1736	0
1737	3
1738	3
1739	0
1740	2
1741	3
1742	3
1743	3
1744	0
1745	0
1746	3
1747	0
1748	1
1749	2
1750	3
1751	0
1752	0
1753	3
1754	0
1755	0
1756	3
1757	3
1758	0
1759	0
1760	2
1761	3
1762	0
1763	1
1764	3
1765	0
1766	1
1767	0
1768	0
1769	1
1770	0
1771	2
1772	1
1773	3
1774	0
1775	0
1776	0
1777	0
1778	0
1779	3
1780	3
1781	0
1782	0
1783	0
1784	3
1785	0
1786	0
1787	3
1788	0
1789	3
1790	0
1791	3
1792	0
1793	2
1794	3
1795	3
1796	3
1797	3
1798	1
1799	0
1800	2
1801	3
1802	3
1803	0
1804	1
1805	0
1806	3
1807	2
1808	0
1809	3
1810	2
1811	3
1812	0
1813	3
1814	3
1815	0
1816	3
1817	3
1818	0
1819	0
1820	0
1821	3
1822	0
1823	3
1824	3
1825	3
1826	1
1827	3
1828	0
1829	0
1830	0
1831	0
1832	3
1833	3
1834	3
1835	0
1836	3
1837	1
1838	0
1839	0
1840	0
1841	3
1842	3
1843	0
1844	0
1845	0
1846	3
1847	0
1848	0
1849	2
1850	0
1851	3
1852	0
1853	0
1854	0
1855	0
1856	3
1857	3
1858	0
1859	3
1860	0
1861	3
1862	0
1863	0
1864	2
1865	0
1866	0
1867	3
1868	2
1869	2
1870	0
1871	3
1872	3
1873	0
1874	3
1875	3
1876	1
1877	2
1878	0
1879	3
1880	0
1881	2
1882	1
1883	3
1884	0
1885	3
1886	0
1887	0
1888	0
1889	0
1890	3
1891	0
1892	0
1893	1
1894	0
1895	0
1896	3
1897	3
1898	3
1899	3
1900	2
1901	0
1902	0
1903	0
1904	0
1905	1
1906	3
1907	0
1908	3
1909	2
1910	0
1911	1
1912	3
1913	2
1914	1
1915	3
1916	3
1917	2
1918	0
1919	0
1920	0
1921	3
1922	3
1923	0
1924	3
1925	3
1926	0
1927	0
1928	3
1929	1
1930	1
1931	0
1932	1
1933	2
1934	3
1935	3
1936	0
1937	3
1938	0
1939	2
1940	3
1941	0
1942	3
1943	0
1944	0
1945	0
1946	3
1947	3
1948	2
1949	0
1950	0
1951	3
1952	1
1953	3
1954	0
1955	2
1956	3
1957	3
1958	0
1959	0
1960	3
1961	0
1962	1
1963	0
1964	0
1965	1
1966	3
1967	3
1968	3
1969	3
1970	1
1971	0
1972	0
1973	3
1974	0
1975	2
1976	0
1977	3
1978	0
1979	0
1980	2
1981	2
1982	0
1983	3
1984	3
1985	3
1986	0
1987	2
1988	0
1989	0
1990	0
1991	3
1992	2
1993	3
1994	3
1995	0
1996	0
1997	0
1998	3
1999	3
2000	3
2001	3
2002	3
2003	0
2004	0
2005	1
2006	0
2007	0
2008	3
2009	0
2010	3
2011	0
2012	0
2013	3
2014	0
2015	3
2016	0
2017	0
2018	2
2019	3
2020	0
2021	0
2022	0
2023	0
2024	0
2025	1
2026	3
2027	0
2028	0
2029	1
2030	0
2031	0
2032	1
2033	0
2034	3
2035	3
2036	0
2037	0
2038	0
2039	3
2040	3
2041	3
2042	3
2043	2
2044	3
2045	3
2046	3
2047	2
2048	3
2049	0
2050	3
2051	1
2052	3
2053	2
2054	3
2055	1
2056	3
2057	0
2058	0
2059	3
2060	3
2061	3
2062	2
2063	3
2064	0
2065	0
2066	3
2067	0
2068	2
2069	3
2070	2
2071	0
2072	0
2073	3
2074	3
2075	0
2076	0
2077	0
2078	1
2079	2
2080	0
2081	3
2082	3
2083	0
2084	0
2085	0
2086	3
2087	3
2088	3
2089	3
2090	0
2091	0
2092	0
2093	3
2094	3
2095	0
2096	3
2097	1
2098	3
2099	0
2100	3
2101	1
2102	0
2103	0
2104	0
2105	0
2106	3
2107	0
2108	3
2109	0
2110	0
2111	3
2112	0
2113	3
2114	3
2115	1
2116	3
2117	0
2118	3
2119	3
2120	2
2121	1
2122	3
2123	3
2124	3
2125	1
2126	1
2127	0
2128	0
2129	3
2130	0
2131	0
2132	0
2133	0
2134	0
2135	2
2136	0
2137	3
2138	0
2139	0
2140	0
2141	0
2142	3
2143	1
2144	0
2145	0
2146	3
2147	3
2148	0
2149	3
2150	2
2151	0
2152	3
2153	2
2154	3
2155	0
2156	3
2157	3
2158	3
2159	0
2160	0
2161	0
2162	0
2163	3
2164	3
2165	2
2166	3
2167	0
2168	0
2169	1
2170	0
2171	0
2172	3
2173	3
2174	3
2175	3
2176	3
2177	3
2178	0
2179	2
2180	3
2181	3
2182	0
2183	0
2184	2
2185	0
2186	0
2187	0
2188	0
2189	3
2190	2
2191	3
2192	0
2193	0
2194	3
2195	0
2196	3
2197	0
2198	0
2199	0
2200	0
2201	0
2202	3
2203	3
2204	0
2205	0
2206	3
2207	0
2208	2
2209	0
2210	0
2211	0
2212	0
2213	0
2214	0
2215	3
2216	3
2217	1
2218	3
2219	0
2220	3
2221	1
2222	0
2223	2
2224	0
2225	0
2226	3
2227	3
2228	0
2229	1
2230	2
2231	0
2232	3
2233	0
2234	3
2235	3
2236	3
2237	3
2238	3
2239	0
2240	3
2241	3
2242	0
2243	0
2244	2
2245	0
2246	3
2247	3
2248	0
2249	3
2250	0
2251	3
2252	3
2253	3
2254	0
2255	3
2256	0
2257	2
2258	0
2259	3
2260	3
2261	0
2262	2
2263	0
2264	0
2265	0
2266	3
2267	0
2268	3
2269	0
2270	0
2271	3
2272	0
2273	3
2274	0
2275	3
2276	0
2277	0
2278	1
2279	3
2280	3
2281	1
2282	0
2283	3
2284	3
2285	1
2286	2
2287	0
2288	0
2289	0
2290	3
2291	0
2292	0
2293	2
2294	0
2295	3
2296	3
2297	3
2298	2
2299	0
2300	0
2301	0
2302	3
2303	3
2304	1
2305	0
2306	0
2307	2
2308	3
2309	0
2310	3
2311	1
2312	3
2313	0
2314	0
2315	1
2316	0
2317	0
2318	0
2319	1
2320	3
2321	0
2322	0
2323	0
2324	3
2325	3
2326	0
2327	0
2328	0
2329	0
2330	0
2331	0
2332	0
2333	0
2334	0
2335	3
2336	0
2337	0
2338	0
2339	0
2340	0
2341	3
2342	3
2343	0
2344	1
2345	0
2346	0
2347	0
2348	3
2349	0
2350	0
2351	2
2352	0
2353	1
2354	0
2355	0
2356	1
2357	0
2358	3
2359	0
2360	0
2361	0
2362	3
2363	2
2364	3
2365	0
2366	1
2367	0
2368	3
2369	3
2370	0
2371	3
2372	3
2373	2
2374	0
2375	3
2376	0
2377	0
2378	0
2379	3
2380	3
2381	0
2382	0
2383	0
2384	3
2385	0
2386	3
2387	0
2388	2
2389	0
2390	0
2391	3
2392	3
2393	0
2394	0
2395	0
2396	2
2397	3
2398	0
2399	0
2400	1
2401	1
2402	3
2403	3
2404	0
2405	3
2406	0
2407	0
2408	1
2409	3
2410	3
2411	0
2412	1
2413	0
2414	3
2415	3
2416	0
2417	3
2418	3
2419	0
2420	0
2421	3
2422	0
2423	3
2424	2
2425	0
2426	3
2427	0
2428	3
2429	0
2430	0
2431	0
2432	3
2433	3
2434	0
2435	0
2436	0
2437	3
2438	3
2439	3
2440	2
2441	3
2442	0
2443	0
2444	0
2445	3
2446	0
2447	0
2448	0
2449	0
2450	0
2451	0
2452	2
2453	0
2454	2
2455	0
2456	0
2457	0
2458	0
2459	1
2460	3
2461	0
2462	0
2463	3
2464	0
2465	3
2466	0
2467	3
2468	0
2469	0
2470	0
2471	0
2472	0
2473	0
2474	0
2475	0
2476	0
2477	0
2478	0
2479	3
2480	3
2481	2
2482	0
2483	3
2484	0
2485	3
2486	1
2487	3
2488	3
2489	3
2490	3
2491	3
2492	0
2493	3
2494	0
2495	3
2496	0
2497	2
2498	0
2499	3
2500	0
2501	2
2502	0
2503	0
2504	0
2505	0
2506	0
2507	2
2508	2
2509	3
2510	3
2511	0
2512	0
2513	0
2514	3
2515	0
2516	3
2517	3
2518	1
2519	3
2520	3
2521	3
2522	0
2523	2
2524	3
2525	0
2526	1
2527	3
2528	3
2529	3
2530	0
2531	0
2532	0
2533	1
2534	0
2535	3
2536	3
2537	3
2538	3
2539	0
2540	0
2541	3
2542	2
2543	0
2544	3
2545	3
2546	0
2547	3
2548	2
2549	0
2550	3
2551	0
2552	0
2553	3
2554	0
2555	3
2556	0
2557	0
2558	3
2559	3
2560	0
2561	3
2562	0
2563	3
2564	3
2565	3
2566	3
2567	0
2568	3
2569	0
2570	3
2571	1
2572	0
2573	3
2574	3
2575	3
2576	3
2577	0
2578	3
2579	0
2580	3
2581	0
2582	3
2583	0
2584	3
2585	2
2586	3
2587	3
2588	0
2589	3
2590	3
2591	3
2592	0
2593	0
2594	0
2595	3
2596	0
2597	0
2598	3
2599	0
2600	0
2601	0
2602	0
2603	3
2604	0
2605	0
2606	3
2607	0
2608	0
2609	2
2610	3
2611	3
2612	0
2613	2
2614	0
2615	0
2616	1
2617	0
2618	0
2619	3
2620	0
2621	2
2622	0
2623	0
2624	3
2625	0
2626	2
2627	1
2628	0
2629	0
2630	1
2631	3
2632	0
2633	0
2634	0
2635	0
2636	2
2637	0
2638	2
2639	3
2640	0
2641	0
2642	0
2643	1
2644	0
2645	0
2646	0
2647	1
2648	0
2649	3
2650	0
2651	0
2652	0
2653	0
2654	0
2655	0
2656	3
2657	2
2658	3
2659	2
2660	0
2661	2
2662	1
2663	3
2664	0
2665	0
2666	0
2667	0
2668	0
2669	3
2670	0
2671	3
2672	1
2673	3
2674	3
2675	0
2676	0
2677	0
2678	0
2679	0
2680	2
2681	2
2682	3
2683	0
2684	3
2685	3
2686	0
2687	3
2688	3
2689	3
2690	0
2691	0
2692	0
2693	3
2694	0
2695	0
2696	3
2697	0
2698	3
2699	1
2700	3
2701	0
2702	3
2703	3
2704	3
2705	0
2706	0
2707	2
2708	2
2709	3
2710	3
2711	1
2712	1
2713	1
2714	0
2715	2
2716	0
2717	0
2718	0
2719	3
2720	3
2721	0
2722	0
2723	1
2724	0
2725	3
2726	0
2727	0
2728	3
2729	0
2730	3
2731	3
2732	3
2733	1
2734	2
2735	0
2736	3
2737	3
2738	1
2739	0
2740	0
2741	0
2742	3
2743	2
2744	0
2745	3
2746	0
2747	0
2748	3
2749	3
2750	3
2751	0
2752	0
2753	0
2754	0
2755	3
2756	0
2757	0
2758	3
2759	3
2760	1
2761	0
2762	0
2763	3
2764	3
2765	3
2766	3
2767	0
2768	0
2769	0
2770	0
2771	0
2772	0
2773	0
2774	3
2775	3
2776	3
2777	0
2778	0
2779	0
2780	1
2781	0
2782	3
2783	1
2784	3
2785	0
2786	0
2787	0
2788	0
2789	3
2790	3
2791	3
2792	2
2793	3
2794	3
2795	3
2796	0
2797	0
2798	0
2799	1
2800	3
2801	0
2802	0
2803	3
2804	2
2805	1
2806	3
2807	0
2808	3
2809	0
2810	3
2811	3
2812	1
2813	3
2814	3
2815	0
2816	1
2817	1
2818	3
2819	0
2820	0
2821	0
2822	2
2823	3
2824	0
2825	3
2826	0
2827	3
2828	0
2829	0
2830	3
2831	2
2832	3
2833	1
2834	3
2835	0
2836	0
2837	3
2838	0
2839	2
2840	3
2841	3
2842	3
2843	0
2844	0
2845	0
2846	3
2847	0
2848	3
2849	0
2850	3
2851	2
2852	3
2853	0
2854	0
2855	0
2856	3
2857	0
2858	0
2859	2
2860	3
2861	0
2862	0
2863	3
2864	0
2865	3
2866	2
2867	3
2868	3
2869	0
2870	0
2871	0
2872	3
2873	0
2874	3
2875	0
2876	2
2877	3
2878	3
2879	0
2880	3
2881	3
2882	0
2883	0
2884	1
2885	3
2886	3
2887	3
2888	2
2889	0
2890	0
2891	0
2892	0
2893	3
2894	0
2895	3
2896	0
2897	1
2898	3
2899	0
2900	1
2901	2
2902	0
2903	3
2904	0
2905	3
2906	3
2907	2
2908	3
2909	0
2910	1
2911	0
2912	0
2913	0
2914	3
2915	2
2916	0
2917	0
2918	3
2919	3
2920	0
2921	2
2922	3
2923	3
2924	0
2925	0
2926	3
2927	0
2928	3
2929	3
2930	3
2931	3
2932	3
2933	0
2934	0
2935	0
2936	3
2937	0
2938	3
2939	0
2940	0
2941	1
2942	2
2943	0
2944	3
2945	0
2946	0
2947	2
2948	2
2949	0
2950	0
2951	3
2952	1
2953	2
2954	0
2955	3
2956	2
2957	0
2958	0
2959	3
2960	3
2961	3
2962	0
2963	0
2964	3
2965	0
2966	0
2967	3
2968	3
2969	3
2970	3
2971	1
2972	0
2973	2
2974	0
2975	1
2976	0
2977	2
2978	0
2979	0
2980	0
2981	0
2982	0
2983	0
2984	3
2985	3
2986	3
2987	0
2988	0
2989	3
2990	0
2991	3
2992	0
2993	0
2994	0
2995	0
2996	0
2997	3
2998	3
2999	3
3000	2
3001	2
3002	0
3003	3
3004	0
3005	0
3006	3
3007	3
3008	3
3009	0
3010	0
3011	0
3012	3
3013	0
3014	0
3015	3
3016	0
3017	0
3018	3
3019	0
3020	0
3021	0
3022	0
3023	0
3024	0
3025	3
3026	3
3027	0
3028	3
3029	0
3030	3
3031	1
3032	0
3033	0
3034	3
3035	3
3036	3
3037	3
3038	0
3039	3
3040	3
3041	0
3042	2
3043	0
3044	3
3045	2
3046	3
3047	0
3048	3
3049	0
3050	0
3051	3
3052	0
3053	3
3054	0
3055	3
3056	1
3057	3
3058	3
3059	3
3060	3
3061	3
3062	0
3063	0
3064	3
3065	3
3066	1
3067	0
3068	3
3069	2
3070	0
3071	0
3072	3
3073	1
3074	3
3075	0
3076	2
3077	2
3078	3
3079	0
3080	0
3081	0
3082	2
3083	3
3084	3
3085	1
3086	3
3087	3
3088	0
3089	0
3090	3
3091	0
3092	3
3093	3
3094	0
3095	0
3096	1
3097	0
3098	3
3099	2
3100	1
3101	1
3102	3
3103	3
3104	0
3105	1
3106	3
3107	1
3108	2
3109	3
3110	1
3111	2
3112	0
3113	3
3114	0
3115	2
3116	3
3117	1
3118	0
3119	2
3120	0
3121	0
3122	0
3123	3
3124	3
3125	2
3126	0
3127	3
3128	3
3129	2
3130	0
3131	3
3132	3
3133	0
3134	1
3135	3
3136	0
3137	2
3138	2
3139	0
3140	3
3141	0
3142	3
3143	3
3144	3
3145	2
3146	3
3147	0
3148	0
3149	2
3150	2
3151	3
3152	3
3153	3
3154	1
3155	0
3156	3
3157	3
3158	0
3159	3
3160	0
3161	3
3162	3
3163	3
3164	3
3165	0
3166	0
3167	3
3168	1
3169	3
3170	1
3171	0
3172	3
3173	3
3174	3
3175	2
3176	2
3177	0
3178	3
3179	0
3180	0
3181	3
3182	3
3183	0
3184	0
3185	2
3186	3
3187	0
3188	2
3189	0
3190	0
3191	2
3192	0
3193	0
3194	0
3195	0
3196	0
3197	1
3198	3
3199	0
3200	0
3201	3
3202	0
3203	3
3204	2
3205	0
3206	0
3207	3
3208	0
3209	0
3210	0
3211	3
3212	0
3213	3
3214	2
3215	0
3216	0
3217	0
3218	0
3219	3
3220	1
3221	3
3222	0
3223	2
3224	3
3225	3
3226	3
3227	1
3228	0
3229	3
3230	0
3231	2
3232	0
3233	3
3234	2
3235	0
3236	0
3237	2
3238	0
3239	3
3240	3
3241	0
3242	3
3243	0
3244	3
3245	2
3246	0
3247	3
3248	2
3249	2
3250	3
3251	0
3252	0
3253	2
3254	2
3255	0
3256	3
3257	3
3258	0
3259	0
3260	3
3261	1
3262	3
3263	0
3264	3
3265	1
3266	1
3267	1
3268	0
3269	0
3270	0
3271	3
3272	3
3273	1
3274	0
3275	2
3276	3
3277	2
3278	0
3279	1
3280	3
3281	2
3282	0
3283	3
3284	0
3285	0
3286	3
3287	1
3288	3
3289	0
3290	2
3291	3
3292	3
3293	0
3294	1
3295	3
3296	0
3297	3
3298	0
3299	1
3300	0
3301	2
3302	3
3303	0
3304	3
3305	3
3306	3
3307	1
3308	0
3309	3
3310	3
3311	3
3312	2
3313	0
3314	0
3315	3
3316	2
3317	0
3318	0
3319	0
3320	0
3321	3
3322	0
3323	3
3324	0
3325	0
3326	3
3327	3
3328	0
3329	0
3330	3
3331	0
3332	3
3333	3
3334	3
3335	3
3336	1
3337	0
3338	0
3339	3
3340	3
3341	0
3342	3
3343	3
3344	0
3345	0
3346	0
3347	0
3348	3
3349	3
3350	0
3351	2
3352	0
3353	1
3354	0
3355	0
3356	0
3357	3
3358	0
3359	0
3360	3
3361	0
3362	0
3363	1
3364	3
3365	0
3366	3
3367	0
3368	3
3369	2
3370	0
3371	3
3372	3
3373	3
3374	1
3375	3
3376	0
3377	0
3378	3
3379	0
3380	1
3381	1
3382	1
3383	1
3384	3
3385	3
3386	0
3387	3
3388	0
3389	0
3390	0
3391	0
3392	2
3393	3
3394	0
3395	0
3396	1
3397	3
3398	0
3399	3
3400	0
3401	0
3402	0
3403	3
3404	3
3405	3
3406	0
3407	0
3408	0
3409	0
3410	3
3411	2
3412	1
3413	2
3414	0
3415	0
3416	0
3417	3
3418	0
3419	3
3420	3
3421	2
3422	0
3423	3
3424	1
3425	3
3426	0
3427	3
3428	0
3429	0
3430	3
3431	0
3432	0
3433	3
3434	0
3435	0
3436	3
3437	1
3438	3
3439	0
3440	3
3441	0
3442	0
3443	3
3444	0
3445	0
3446	0
3447	0
3448	1
3449	3
3450	0
3451	0
3452	0
3453	3
3454	2
3455	0
3456	3
3457	0
3458	3
3459	3
3460	1
3461	3
3462	3
3463	2
3464	0
3465	0
3466	0
3467	0
3468	0
3469	2
3470	0
3471	0
3472	0
3473	0
3474	0
3475	0
3476	3
3477	3
3478	3
3479	0
3480	0
3481	3
3482	0
3483	3
3484	0
3485	3
3486	1
3487	3
3488	2
3489	2
3490	3
3491	3
3492	3
3493	0
3494	2
3495	1
3496	0
3497	0
3498	0
3499	2
3500	0
3501	0
3502	3
3503	0
3504	0
3505	0
3506	2
3507	0
3508	3
3509	3
3510	0
3511	0
3512	3
3513	3
3514	1
3515	3
3516	3
3517	0
3518	0
3519	0
3520	2
3521	1
3522	3
3523	0
3524	0
3525	3
3526	3
3527	3
3528	3
3529	0
3530	0
3531	3
3532	0
3533	3
3534	0
3535	0
3536	0
3537	3
3538	3
3539	2
3540	0
3541	0
3542	1
3543	0
3544	0
3545	3
3546	3
3547	0
3548	3
3549	0
3550	1
3551	3
3552	3
3553	3
3554	0
3555	0
3556	0
3557	3
3558	0
3559	2
3560	3
3561	1
3562	0
3563	3
3564	0
3565	0
3566	0
3567	0
3568	3
3569	0
3570	0
3571	3
3572	0
3573	0
3574	2
3575	3
3576	2
3577	0
3578	3
3579	0
3580	1
3581	0
3582	0
3583	1
3584	3
3585	2
3586	0
3587	3
3588	3
3589	0
3590	2
3591	0
3592	3
3593	0
3594	3
3595	3
3596	0
3597	0
3598	3
3599	0
3600	3
3601	0
3602	0
3603	0
3604	3
3605	0
3606	3
3607	0
3608	0
3609	0
3610	3
3611	0
3612	0
3613	3
3614	0
3615	3
3616	0
3617	1
3618	0
3619	2
3620	3
3621	3
3622	3
3623	3
3624	1
3625	3
3626	0
3627	0
3628	0
3629	3
3630	0
3631	0
3632	0
3633	0
3634	0
3635	3
3636	3
3637	0
3638	0
3639	0
3640	1
3641	3
3642	0
3643	0
3644	0
3645	0
3646	3
3647	3
3648	2
3649	2
3650	0
3651	0
3652	0
3653	0
3654	0
3655	3
3656	0
3657	0
3658	2
3659	0
3660	0
3661	3
3662	0
3663	3
3664	3
3665	0
3666	0
3667	0
3668	3
3669	3
3670	0
3671	3
3672	0
3673	0
3674	1
3675	3
3676	0
3677	1
3678	0
3679	0
3680	3
3681	1
3682	3
3683	0
3684	3
3685	2
3686	1
3687	3
3688	0
3689	3
3690	0
3691	3
3692	1
3693	0
3694	3
3695	1
3696	0
3697	3
3698	2
3699	3
3700	1
3701	0
3702	3
3703	0
3704	1
3705	0
3706	2
3707	0
3708	1
3709	3
3710	0
3711	2
3712	2
3713	0
3714	0
3715	0
3716	0
3717	3
3718	0
3719	0
3720	0
3721	0
3722	0
3723	3
3724	3
3725	0
3726	0
3727	0
3728	3
3729	0
3730	3
3731	0
3732	0
3733	2
3734	0
3735	0
3736	0
3737	3
3738	3
3739	0
3740	3
3741	3
3742	0
3743	0
3744	3
3745	0
3746	0
3747	3
3748	3
3749	0
3750	0
3751	0
3752	3
3753	3
3754	3
3755	0
3756	3
3757	0
3758	3
3759	0
3760	0
3761	0
3762	2
3763	0
3764	1
3765	3
3766	3
3767	3
3768	0
3769	2
3770	0
3771	0
3772	0
3773	3
3774	0
3775	0
3776	0
3777	1
3778	0
3779	2
3780	2
3781	0
3782	3
3783	2
3784	0
3785	0
3786	3
3787	3
3788	3
3789	3
3790	3
3791	0
3792	0
3793	0
3794	1
3795	0
3796	0
3797	0
3798	3
3799	2
3800	0
3801	3
3802	3
3803	2
3804	0
3805	3
3806	3
3807	3
3808	2
3809	2
3810	0
3811	3
3812	3
3813	3
3814	0
3815	0
3816	0
3817	3
3818	3
3819	0
3820	3
3821	3
3822	0
3823	2
3824	3
3825	3
3826	3
3827	3
3828	0
3829	3
3830	3
3831	3
3832	3
3833	0
3834	0
3835	0
3836	0
3837	3
3838	3
3839	3
3840	3
3841	0
3842	3
3843	0
3844	0
3845	1
3846	3
3847	0
3848	0
3849	3
3850	3
3851	0
3852	3
3853	3
3854	2
3855	2
3856	1
3857	3
3858	3
3859	3
3860	3
3861	2
3862	3
3863	2
3864	1
3865	3
3866	0
3867	0
3868	3
3869	1
3870	0
3871	0
3872	2
3873	3
3874	0
3875	3
3876	3
3877	0
3878	0
3879	0
3880	0
3881	0
3882	3
3883	3
3884	0
3885	0
3886	3
3887	3
3888	0
3889	3
3890	0
3891	0
3892	0
3893	3
3894	0
3895	2
3896	0
3897	1
3898	3
3899	0
3900	3
3901	2
3902	0
3903	0
3904	2
3905	3
3906	0
3907	1
3908	0
3909	1
3910	3
3911	3
3912	3
3913	2
3914	2
3915	3
3916	0
3917	0
3918	0
3919	0
3920	0
3921	3
3922	0
3923	3
3924	3
3925	0
3926	3
3927	3
3928	0
3929	3
3930	1
3931	1
3932	0
3933	2
3934	0
3935	0
3936	3
3937	3
3938	3
3939	2
3940	3
3941	0
3942	3
3943	3
3944	0
3945	0
3946	2
3947	3
3948	3
3949	3
3950	3
3951	0
3952	3
3953	3
3954	3
3955	2
3956	1
3957	0
3958	3
3959	2
3960	3
3961	0
3962	1
3963	0
3964	0
3965	1
3966	0
3967	3
3968	0
3969	0
3970	3
3971	3
3972	1
3973	0
3974	3
3975	0
3976	0
3977	2
3978	0
3979	0
3980	0
3981	0
3982	0
3983	0
3984	0
3985	3
3986	0
3987	0
3988	0
3989	1
3990	0
3991	0
3992	3
3993	3
3994	3
3995	3
3996	0
3997	0
3998	1
3999	3
4000	1
4001	0
4002	3
4003	0
4004	0
4005	0
4006	0
4007	0
4008	3
4009	0
4010	0
4011	3
4012	0
4013	0
4014	1
4015	3
4016	1
4017	0
4018	0
4019	0
4020	3
4021	3
4022	3
4023	3
4024	0
4025	0
4026	3
4027	0
4028	0
4029	3
4030	0
4031	3
4032	0
4033	0
4034	0
4035	3
4036	3
4037	3
4038	0
4039	3
4040	3
4041	3
4042	1
4043	1
4044	0
4045	3
4046	0
4047	1
4048	0
4049	3
4050	3
4051	3
4052	2
4053	3
4054	0
4055	0
4056	0
4057	3
4058	2
4059	0
4060	3
4061	3
4062	0
4063	0
4064	3
4065	0
4066	0
4067	3
4068	1
4069	0
4070	1
4071	0
4072	2
4073	2
4074	0
4075	0
4076	0
4077	3
4078	0
4079	0
4080	3
4081	2
4082	3
4083	0
4084	3
4085	3
4086	0
4087	0
4088	3
4089	3
4090	3
4091	3
4092	0
4093	3
4094	3
4095	0
