COMMAND
./sim gshare 13 6 ./proj2-traces/perl_trace.txt
OUTPUT
number of predictions:2000000
number of mispredictions:121723
misprediction rate:   6.09%
FINAL GSHARE CONTENTS
0	3
1	3
2	3
3	2
4	3
5	3
6	0
7	2
8	2
9	3
10	0
11	2
12	2
13	1
14	2
15	2
16	2
17	2
18	2
19	2
20	3
21	2
22	0
23	3
24	2
25	2
26	2
27	2
28	0
29	2
30	0
31	2
32	3
33	0
34	3
35	2
36	1
37	3
38	2
39	0
40	2
41	2
42	2
43	1
44	2
45	3
46	3
47	2
48	2
49	3
50	3
51	0
52	2
53	0
54	3
55	1
56	2
57	2
58	2
59	2
60	0
61	2
62	2
63	0
64	0
65	2
66	2
67	2
68	3
69	3
70	2
71	3
72	0
73	2
74	2
75	3
76	2
77	3
78	3
79	2
80	3
81	3
82	3
83	2
84	2
85	0
86	2
87	2
88	2
89	2
90	2
91	2
92	2
93	3
94	1
95	2
96	3
97	3
98	0
99	3
100	0
101	0
102	2
103	1
104	2
105	1
106	3
107	2
108	2
109	0
110	2
111	0
112	0
113	2
114	0
115	0
116	2
117	0
118	3
119	2
120	2
121	2
122	2
123	3
124	1
125	1
126	2
127	2
128	2
129	2
130	2
131	2
132	2
133	2
134	2
135	3
136	2
137	1
138	3
139	2
140	1
141	2
142	0
143	2
144	2
145	0
146	1
147	0
148	2
149	2
150	3
151	2
152	2
153	1
154	3
155	2
156	0
157	2
158	0
159	3
160	2
161	1
162	0
163	2
164	2
165	0
166	1
167	2
168	2
169	3
170	0
171	2
172	2
173	2
174	3
175	2
176	3
177	3
178	2
179	2
180	2
181	2
182	3
183	2
184	2
185	1
186	0
187	3
188	3
189	3
190	2
191	1
192	2
193	1
194	2
195	2
196	2
197	3
198	2
199	0
200	2
201	2
202	3
203	2
204	2
205	2
206	3
207	1
208	3
209	2
210	3
211	2
212	2
213	1
214	2
215	2
216	0
217	3
218	0
219	1
220	2
221	2
222	2
223	3
224	2
225	3
226	1
227	2
228	2
229	2
230	2
231	2
232	3
233	0
234	1
235	2
236	0
237	2
238	3
239	3
240	0
241	2
242	3
243	2
244	2
245	2
246	2
247	1
248	2
249	2
250	2
251	2
252	2
253	3
254	2
255	2
256	3
257	2
258	2
259	2
260	2
261	3
262	2
263	2
264	2
265	2
266	3
267	2
268	2
269	3
270	3
271	2
272	2
273	2
274	2
275	2
276	2
277	2
278	2
279	2
280	2
281	2
282	2
283	2
284	1
285	1
286	3
287	2
288	2
289	3
290	0
291	0
292	2
293	2
294	0
295	3
296	2
297	0
298	3
299	2
300	2
301	2
302	2
303	2
304	0
305	2
306	3
307	1
308	1
309	2
310	3
311	0
312	2
313	2
314	0
315	0
316	3
317	2
318	2
319	2
320	2
321	2
322	2
323	2
324	1
325	3
326	1
327	0
328	1
329	2
330	2
331	0
332	2
333	3
334	3
335	3
336	3
337	3
338	3
339	2
340	2
341	2
342	2
343	3
344	2
345	2
346	1
347	1
348	2
349	3
350	1
351	2
352	2
353	3
354	3
355	2
356	2
357	3
358	0
359	2
360	3
361	2
362	3
363	0
364	2
365	2
366	2
367	3
368	2
369	0
370	3
371	0
372	2
373	1
374	3
375	2
376	3
377	2
378	2
379	2
380	3
381	3
382	2
383	3
384	3
385	3
386	2
387	2
388	2
389	2
390	2
391	2
392	2
393	2
394	3
395	2
396	2
397	2
398	2
399	3
400	2
401	1
402	1
403	0
404	3
405	2
406	3
407	2
408	1
409	2
410	2
411	2
412	2
413	2
414	3
415	2
416	0
417	1
418	2
419	0
420	2
421	2
422	3
423	0
424	2
425	2
426	2
427	2
428	0
429	3
430	3
431	0
432	3
433	2
434	2
435	2
436	2
437	2
438	1
439	0
440	3
441	1
442	3
443	2
444	1
445	2
446	2
447	1
448	1
449	1
450	2
451	1
452	2
453	0
454	0
455	0
456	1
457	2
458	2
459	2
460	2
461	3
462	3
463	2
464	3
465	2
466	2
467	2
468	2
469	0
470	2
471	1
472	2
473	3
474	1
475	1
476	2
477	3
478	0
479	3
480	3
481	3
482	3
483	3
484	2
485	2
486	2
487	2
488	2
489	0
490	2
491	3
492	2
493	2
494	2
495	3
496	2
497	1
498	2
499	0
500	2
501	2
502	3
503	0
504	2
505	2
506	2
507	3
508	3
509	2
510	3
511	3
512	2
513	3
514	2
515	2
516	2
517	3
518	2
519	2
520	2
521	3
522	3
523	2
524	2
525	2
526	1
527	3
528	2
529	2
530	2
531	2
532	3
533	1
534	2
535	2
536	2
537	0
538	2
539	2
540	3
541	2
542	2
543	3
544	2
545	2
546	2
547	2
548	3
549	2
550	3
551	3
552	2
553	2
554	3
555	1
556	2
557	2
558	2
559	2
560	2
561	2
562	3
563	2
564	2
565	3
566	2
567	2
568	2
569	0
570	2
571	3
572	3
573	3
574	3
575	2
576	1
577	1
578	2
579	3
580	2
581	3
582	3
583	2
584	1
585	2
586	2
587	3
588	3
589	3
590	3
591	2
592	2
593	2
594	2
595	0
596	2
597	2
598	2
599	2
600	2
601	2
602	2
603	3
604	2
605	3
606	3
607	3
608	1
609	2
610	2
611	0
612	1
613	3
614	2
615	2
616	3
617	2
618	3
619	0
620	3
621	3
622	3
623	2
624	3
625	0
626	1
627	2
628	2
629	0
630	2
631	0
632	0
633	2
634	2
635	2
636	3
637	3
638	2
639	2
640	3
641	2
642	1
643	2
644	2
645	2
646	1
647	0
648	2
649	3
650	0
651	3
652	2
653	3
654	1
655	3
656	2
657	2
658	3
659	2
660	2
661	2
662	3
663	1
664	2
665	2
666	2
667	2
668	0
669	2
670	2
671	3
672	2
673	0
674	2
675	3
676	2
677	0
678	3
679	2
680	2
681	2
682	3
683	2
684	2
685	0
686	2
687	2
688	2
689	2
690	3
691	0
692	2
693	3
694	2
695	0
696	2
697	2
698	0
699	2
700	1
701	2
702	2
703	0
704	1
705	0
706	2
707	0
708	2
709	1
710	2
711	0
712	2
713	2
714	2
715	2
716	2
717	2
718	3
719	2
720	2
721	2
722	3
723	2
724	2
725	2
726	1
727	1
728	2
729	2
730	2
731	3
732	3
733	2
734	0
735	2
736	2
737	2
738	3
739	3
740	0
741	3
742	2
743	2
744	0
745	0
746	3
747	0
748	3
749	3
750	2
751	2
752	2
753	2
754	2
755	2
756	2
757	0
758	2
759	2
760	2
761	2
762	2
763	3
764	3
765	2
766	2
767	2
768	3
769	2
770	3
771	2
772	2
773	2
774	2
775	2
776	2
777	3
778	3
779	2
780	2
781	3
782	3
783	2
784	2
785	2
786	2
787	2
788	2
789	0
790	3
791	2
792	2
793	2
794	2
795	0
796	1
797	3
798	3
799	3
800	3
801	3
802	2
803	3
804	2
805	2
806	2
807	0
808	2
809	2
810	3
811	3
812	2
813	1
814	2
815	2
816	3
817	2
818	3
819	0
820	2
821	3
822	0
823	2
824	2
825	2
826	2
827	3
828	3
829	2
830	3
831	0
832	0
833	2
834	2
835	0
836	2
837	2
838	2
839	0
840	3
841	2
842	2
843	1
844	3
845	2
846	3
847	3
848	1
849	2
850	0
851	3
852	2
853	0
854	2
855	0
856	2
857	3
858	1
859	2
860	2
861	3
862	3
863	3
864	2
865	3
866	2
867	2
868	2
869	3
870	2
871	2
872	2
873	2
874	2
875	3
876	2
877	3
878	3
879	2
880	2
881	3
882	2
883	3
884	2
885	2
886	0
887	1
888	2
889	2
890	2
891	2
892	3
893	2
894	2
895	2
896	2
897	2
898	2
899	2
900	2
901	1
902	2
903	3
904	2
905	3
906	3
907	2
908	2
909	3
910	3
911	2
912	0
913	2
914	2
915	0
916	2
917	2
918	2
919	1
920	2
921	2
922	2
923	2
924	2
925	3
926	2
927	2
928	2
929	3
930	2
931	2
932	2
933	3
934	3
935	0
936	2
937	2
938	3
939	2
940	1
941	3
942	3
943	0
944	3
945	3
946	3
947	2
948	2
949	1
950	1
951	2
952	2
953	2
954	2
955	2
956	0
957	2
958	2
959	2
960	2
961	0
962	2
963	0
964	1
965	1
966	2
967	1
968	2
969	3
970	2
971	2
972	3
973	2
974	3
975	2
976	1
977	0
978	3
979	2
980	1
981	2
982	3
983	2
984	3
985	3
986	0
987	2
988	2
989	2
990	3
991	0
992	1
993	3
994	2
995	2
996	2
997	2
998	2
999	3
1000	2
1001	2
1002	3
1003	1
1004	2
1005	0
1006	3
1007	2
1008	2
1009	3
1010	2
1011	3
1012	2
1013	2
1014	2
1015	2
1016	2
1017	2
1018	2
1019	2
1020	2
1021	2
1022	2
1023	2
1024	3
1025	2
1026	2
1027	2
1028	3
1029	3
1030	0
1031	3
1032	2
1033	3
1034	3
1035	3
1036	2
1037	2
1038	2
1039	2
1040	0
1041	3
1042	2
1043	2
1044	2
1045	2
1046	3
1047	2
1048	2
1049	0
1050	3
1051	0
1052	2
1053	2
1054	1
1055	2
1056	0
1057	2
1058	3
1059	2
1060	2
1061	0
1062	3
1063	3
1064	2
1065	2
1066	1
1067	3
1068	1
1069	2
1070	2
1071	0
1072	3
1073	3
1074	0
1075	0
1076	2
1077	2
1078	2
1079	3
1080	2
1081	2
1082	2
1083	2
1084	1
1085	3
1086	3
1087	2
1088	1
1089	1
1090	2
1091	2
1092	2
1093	2
1094	2
1095	0
1096	2
1097	2
1098	3
1099	2
1100	3
1101	2
1102	3
1103	2
1104	2
1105	2
1106	3
1107	2
1108	2
1109	3
1110	2
1111	2
1112	2
1113	2
1114	2
1115	2
1116	3
1117	0
1118	2
1119	3
1120	0
1121	3
1122	2
1123	3
1124	2
1125	2
1126	3
1127	2
1128	2
1129	2
1130	3
1131	3
1132	2
1133	2
1134	3
1135	2
1136	2
1137	2
1138	2
1139	2
1140	2
1141	1
1142	2
1143	2
1144	3
1145	2
1146	2
1147	3
1148	0
1149	2
1150	2
1151	3
1152	3
1153	2
1154	2
1155	3
1156	3
1157	3
1158	2
1159	1
1160	2
1161	3
1162	3
1163	2
1164	2
1165	2
1166	2
1167	2
1168	2
1169	2
1170	2
1171	1
1172	3
1173	3
1174	2
1175	2
1176	2
1177	0
1178	2
1179	2
1180	1
1181	2
1182	1
1183	2
1184	3
1185	2
1186	2
1187	3
1188	2
1189	2
1190	2
1191	2
1192	2
1193	2
1194	2
1195	3
1196	2
1197	2
1198	3
1199	3
1200	3
1201	2
1202	2
1203	2
1204	2
1205	0
1206	0
1207	3
1208	2
1209	3
1210	2
1211	1
1212	1
1213	3
1214	3
1215	2
1216	0
1217	0
1218	2
1219	1
1220	0
1221	2
1222	2
1223	0
1224	2
1225	2
1226	2
1227	1
1228	3
1229	2
1230	3
1231	2
1232	2
1233	2
1234	2
1235	2
1236	3
1237	3
1238	3
1239	2
1240	0
1241	2
1242	2
1243	2
1244	3
1245	3
1246	0
1247	3
1248	2
1249	2
1250	3
1251	3
1252	1
1253	2
1254	3
1255	2
1256	2
1257	2
1258	3
1259	2
1260	2
1261	2
1262	3
1263	0
1264	2
1265	3
1266	2
1267	3
1268	2
1269	2
1270	2
1271	0
1272	2
1273	0
1274	3
1275	3
1276	0
1277	2
1278	3
1279	3
1280	3
1281	2
1282	2
1283	2
1284	3
1285	2
1286	2
1287	1
1288	2
1289	3
1290	3
1291	2
1292	3
1293	0
1294	2
1295	0
1296	2
1297	3
1298	2
1299	2
1300	2
1301	2
1302	3
1303	3
1304	2
1305	0
1306	3
1307	2
1308	2
1309	2
1310	2
1311	2
1312	2
1313	2
1314	1
1315	3
1316	2
1317	2
1318	3
1319	3
1320	2
1321	2
1322	0
1323	2
1324	2
1325	2
1326	2
1327	2
1328	2
1329	2
1330	2
1331	2
1332	2
1333	1
1334	2
1335	0
1336	2
1337	2
1338	2
1339	3
1340	3
1341	2
1342	3
1343	2
1344	0
1345	2
1346	2
1347	2
1348	2
1349	2
1350	2
1351	0
1352	2
1353	3
1354	2
1355	1
1356	2
1357	3
1358	3
1359	2
1360	2
1361	2
1362	2
1363	3
1364	2
1365	0
1366	2
1367	0
1368	1
1369	2
1370	3
1371	2
1372	2
1373	0
1374	0
1375	3
1376	1
1377	2
1378	2
1379	2
1380	2
1381	2
1382	1
1383	3
1384	2
1385	2
1386	3
1387	2
1388	2
1389	2
1390	3
1391	3
1392	2
1393	2
1394	2
1395	2
1396	2
1397	2
1398	3
1399	2
1400	3
1401	3
1402	2
1403	2
1404	3
1405	1
1406	2
1407	1
1408	3
1409	0
1410	1
1411	3
1412	3
1413	3
1414	2
1415	0
1416	3
1417	3
1418	3
1419	2
1420	2
1421	0
1422	3
1423	2
1424	1
1425	2
1426	2
1427	2
1428	3
1429	2
1430	3
1431	3
1432	0
1433	0
1434	2
1435	2
1436	2
1437	2
1438	2
1439	2
1440	2
1441	2
1442	0
1443	3
1444	2
1445	1
1446	3
1447	2
1448	3
1449	2
1450	2
1451	2
1452	2
1453	2
1454	1
1455	2
1456	0
1457	2
1458	0
1459	2
1460	3
1461	0
1462	3
1463	3
1464	2
1465	2
1466	3
1467	1
1468	3
1469	2
1470	3
1471	2
1472	0
1473	2
1474	2
1475	2
1476	2
1477	1
1478	2
1479	0
1480	2
1481	3
1482	2
1483	1
1484	3
1485	3
1486	3
1487	0
1488	2
1489	2
1490	2
1491	2
1492	3
1493	2
1494	3
1495	2
1496	2
1497	1
1498	2
1499	2
1500	2
1501	2
1502	2
1503	0
1504	0
1505	2
1506	2
1507	3
1508	0
1509	3
1510	0
1511	2
1512	3
1513	3
1514	2
1515	2
1516	2
1517	1
1518	2
1519	2
1520	3
1521	1
1522	3
1523	2
1524	2
1525	2
1526	3
1527	2
1528	3
1529	3
1530	2
1531	2
1532	2
1533	3
1534	2
1535	3
1536	3
1537	0
1538	3
1539	0
1540	1
1541	1
1542	2
1543	0
1544	2
1545	3
1546	3
1547	2
1548	2
1549	2
1550	3
1551	3
1552	2
1553	0
1554	2
1555	0
1556	2
1557	2
1558	3
1559	1
1560	2
1561	3
1562	2
1563	2
1564	2
1565	0
1566	2
1567	2
1568	0
1569	3
1570	0
1571	3
1572	1
1573	0
1574	2
1575	3
1576	2
1577	2
1578	3
1579	2
1580	3
1581	0
1582	2
1583	0
1584	2
1585	2
1586	2
1587	2
1588	2
1589	2
1590	3
1591	1
1592	2
1593	2
1594	2
1595	2
1596	2
1597	3
1598	3
1599	0
1600	3
1601	2
1602	3
1603	2
1604	1
1605	3
1606	2
1607	3
1608	2
1609	2
1610	2
1611	2
1612	2
1613	1
1614	3
1615	3
1616	3
1617	2
1618	0
1619	3
1620	3
1621	0
1622	2
1623	3
1624	3
1625	2
1626	2
1627	2
1628	2
1629	0
1630	0
1631	3
1632	3
1633	2
1634	2
1635	3
1636	2
1637	3
1638	2
1639	2
1640	3
1641	2
1642	2
1643	3
1644	2
1645	3
1646	2
1647	0
1648	3
1649	3
1650	1
1651	3
1652	2
1653	2
1654	3
1655	1
1656	2
1657	2
1658	3
1659	2
1660	2
1661	2
1662	2
1663	1
1664	3
1665	0
1666	3
1667	2
1668	1
1669	2
1670	2
1671	0
1672	2
1673	1
1674	3
1675	0
1676	3
1677	2
1678	2
1679	2
1680	2
1681	2
1682	2
1683	2
1684	2
1685	2
1686	3
1687	2
1688	2
1689	2
1690	2
1691	2
1692	2
1693	3
1694	2
1695	2
1696	2
1697	3
1698	1
1699	3
1700	2
1701	2
1702	3
1703	3
1704	2
1705	2
1706	3
1707	2
1708	2
1709	2
1710	0
1711	2
1712	2
1713	2
1714	2
1715	0
1716	2
1717	2
1718	2
1719	2
1720	3
1721	2
1722	2
1723	3
1724	3
1725	3
1726	3
1727	1
1728	3
1729	2
1730	3
1731	2
1732	2
1733	1
1734	2
1735	3
1736	2
1737	3
1738	0
1739	2
1740	3
1741	0
1742	3
1743	2
1744	3
1745	2
1746	2
1747	2
1748	3
1749	0
1750	2
1751	2
1752	3
1753	2
1754	2
1755	2
1756	2
1757	2
1758	2
1759	0
1760	2
1761	2
1762	3
1763	1
1764	2
1765	2
1766	3
1767	3
1768	2
1769	2
1770	2
1771	2
1772	2
1773	0
1774	2
1775	0
1776	3
1777	0
1778	1
1779	2
1780	2
1781	2
1782	3
1783	1
1784	0
1785	2
1786	0
1787	2
1788	3
1789	2
1790	2
1791	2
1792	1
1793	2
1794	3
1795	1
1796	3
1797	3
1798	2
1799	0
1800	1
1801	0
1802	0
1803	0
1804	2
1805	0
1806	2
1807	2
1808	2
1809	2
1810	2
1811	2
1812	2
1813	2
1814	2
1815	0
1816	2
1817	2
1818	2
1819	2
1820	2
1821	0
1822	2
1823	2
1824	2
1825	3
1826	1
1827	1
1828	2
1829	2
1830	0
1831	2
1832	2
1833	3
1834	0
1835	3
1836	2
1837	0
1838	2
1839	1
1840	2
1841	2
1842	1
1843	0
1844	2
1845	3
1846	1
1847	0
1848	2
1849	2
1850	2
1851	3
1852	3
1853	3
1854	3
1855	0
1856	0
1857	2
1858	2
1859	2
1860	2
1861	2
1862	2
1863	0
1864	2
1865	2
1866	0
1867	0
1868	3
1869	2
1870	3
1871	2
1872	3
1873	2
1874	0
1875	2
1876	0
1877	0
1878	2
1879	0
1880	3
1881	3
1882	0
1883	2
1884	2
1885	1
1886	2
1887	3
1888	3
1889	3
1890	2
1891	3
1892	1
1893	2
1894	2
1895	2
1896	2
1897	0
1898	3
1899	0
1900	2
1901	2
1902	3
1903	2
1904	3
1905	0
1906	2
1907	3
1908	2
1909	2
1910	2
1911	0
1912	3
1913	0
1914	0
1915	2
1916	0
1917	2
1918	2
1919	2
1920	3
1921	0
1922	3
1923	1
1924	2
1925	2
1926	2
1927	0
1928	3
1929	3
1930	3
1931	2
1932	2
1933	3
1934	3
1935	2
1936	2
1937	2
1938	2
1939	3
1940	2
1941	2
1942	2
1943	0
1944	1
1945	2
1946	2
1947	0
1948	2
1949	2
1950	0
1951	2
1952	0
1953	2
1954	2
1955	2
1956	2
1957	2
1958	3
1959	3
1960	3
1961	2
1962	3
1963	0
1964	2
1965	0
1966	2
1967	2
1968	2
1969	2
1970	2
1971	2
1972	2
1973	3
1974	1
1975	2
1976	2
1977	2
1978	2
1979	0
1980	0
1981	3
1982	3
1983	0
1984	0
1985	2
1986	2
1987	1
1988	0
1989	2
1990	2
1991	3
1992	0
1993	2
1994	0
1995	2
1996	2
1997	2
1998	2
1999	2
2000	2
2001	1
2002	2
2003	2
2004	0
2005	1
2006	2
2007	2
2008	3
2009	3
2010	2
2011	2
2012	2
2013	2
2014	2
2015	2
2016	2
2017	2
2018	3
2019	2
2020	2
2021	0
2022	2
2023	3
2024	2
2025	2
2026	3
2027	0
2028	2
2029	2
2030	0
2031	2
2032	3
2033	0
2034	0
2035	3
2036	2
2037	2
2038	2
2039	1
2040	0
2041	2
2042	0
2043	1
2044	2
2045	2
2046	2
2047	1
2048	2
2049	2
2050	0
2051	3
2052	2
2053	2
2054	2
2055	0
2056	1
2057	2
2058	2
2059	2
2060	3
2061	1
2062	0
2063	2
2064	3
2065	3
2066	2
2067	0
2068	2
2069	3
2070	3
2071	2
2072	2
2073	2
2074	3
2075	2
2076	2
2077	2
2078	2
2079	3
2080	3
2081	1
2082	2
2083	3
2084	2
2085	1
2086	3
2087	2
2088	3
2089	2
2090	3
2091	2
2092	2
2093	2
2094	3
2095	2
2096	1
2097	2
2098	0
2099	1
2100	2
2101	2
2102	3
2103	3
2104	2
2105	2
2106	2
2107	3
2108	2
2109	2
2110	3
2111	2
2112	1
2113	2
2114	2
2115	0
2116	2
2117	2
2118	2
2119	2
2120	3
2121	1
2122	2
2123	3
2124	3
2125	2
2126	0
2127	2
2128	2
2129	2
2130	1
2131	2
2132	3
2133	0
2134	3
2135	2
2136	0
2137	2
2138	1
2139	2
2140	3
2141	2
2142	2
2143	0
2144	2
2145	2
2146	2
2147	2
2148	2
2149	0
2150	0
2151	2
2152	2
2153	2
2154	1
2155	3
2156	2
2157	2
2158	3
2159	2
2160	2
2161	0
2162	0
2163	0
2164	2
2165	2
2166	1
2167	1
2168	3
2169	2
2170	2
2171	0
2172	2
2173	2
2174	3
2175	2
2176	3
2177	0
2178	0
2179	0
2180	2
2181	3
2182	0
2183	2
2184	2
2185	2
2186	3
2187	2
2188	3
2189	3
2190	3
2191	3
2192	2
2193	2
2194	2
2195	3
2196	2
2197	0
2198	2
2199	2
2200	3
2201	0
2202	3
2203	2
2204	1
2205	2
2206	3
2207	2
2208	2
2209	0
2210	0
2211	3
2212	2
2213	2
2214	2
2215	2
2216	3
2217	3
2218	3
2219	2
2220	2
2221	2
2222	2
2223	2
2224	3
2225	2
2226	3
2227	0
2228	2
2229	2
2230	2
2231	3
2232	2
2233	2
2234	3
2235	3
2236	3
2237	2
2238	2
2239	3
2240	1
2241	2
2242	2
2243	2
2244	2
2245	2
2246	0
2247	2
2248	2
2249	2
2250	0
2251	2
2252	2
2253	3
2254	3
2255	2
2256	3
2257	3
2258	3
2259	2
2260	0
2261	0
2262	3
2263	0
2264	3
2265	3
2266	2
2267	2
2268	3
2269	3
2270	2
2271	3
2272	2
2273	3
2274	0
2275	2
2276	2
2277	0
2278	3
2279	2
2280	1
2281	0
2282	2
2283	2
2284	2
2285	1
2286	2
2287	0
2288	3
2289	3
2290	2
2291	3
2292	3
2293	1
2294	1
2295	2
2296	3
2297	2
2298	2
2299	2
2300	2
2301	2
2302	3
2303	2
2304	3
2305	2
2306	0
2307	3
2308	3
2309	3
2310	2
2311	2
2312	2
2313	3
2314	0
2315	2
2316	2
2317	1
2318	3
2319	3
2320	2
2321	1
2322	2
2323	2
2324	0
2325	2
2326	3
2327	2
2328	2
2329	2
2330	3
2331	1
2332	1
2333	2
2334	3
2335	2
2336	3
2337	0
2338	0
2339	3
2340	1
2341	2
2342	2
2343	3
2344	3
2345	3
2346	3
2347	2
2348	3
2349	2
2350	3
2351	2
2352	3
2353	2
2354	3
2355	0
2356	2
2357	2
2358	2
2359	0
2360	1
2361	2
2362	3
2363	3
2364	3
2365	2
2366	2
2367	2
2368	3
2369	2
2370	2
2371	1
2372	0
2373	3
2374	0
2375	2
2376	2
2377	3
2378	0
2379	2
2380	3
2381	2
2382	3
2383	2
2384	2
2385	2
2386	3
2387	2
2388	3
2389	0
2390	3
2391	0
2392	2
2393	2
2394	1
2395	2
2396	3
2397	2
2398	2
2399	3
2400	0
2401	1
2402	3
2403	2
2404	2
2405	0
2406	3
2407	2
2408	2
2409	3
2410	3
2411	2
2412	2
2413	0
2414	3
2415	2
2416	2
2417	2
2418	0
2419	0
2420	3
2421	2
2422	3
2423	0
2424	2
2425	2
2426	3
2427	2
2428	0
2429	1
2430	2
2431	3
2432	2
2433	2
2434	0
2435	2
2436	2
2437	2
2438	2
2439	2
2440	2
2441	3
2442	3
2443	3
2444	2
2445	0
2446	0
2447	2
2448	0
2449	2
2450	2
2451	1
2452	2
2453	3
2454	2
2455	3
2456	3
2457	2
2458	3
2459	2
2460	0
2461	2
2462	2
2463	3
2464	2
2465	3
2466	2
2467	3
2468	2
2469	2
2470	3
2471	1
2472	2
2473	2
2474	3
2475	2
2476	2
2477	2
2478	3
2479	2
2480	3
2481	2
2482	3
2483	0
2484	2
2485	2
2486	2
2487	0
2488	2
2489	3
2490	3
2491	2
2492	3
2493	2
2494	2
2495	2
2496	0
2497	2
2498	3
2499	2
2500	2
2501	3
2502	0
2503	2
2504	2
2505	3
2506	0
2507	2
2508	2
2509	2
2510	3
2511	2
2512	3
2513	3
2514	1
2515	0
2516	2
2517	2
2518	3
2519	0
2520	3
2521	1
2522	2
2523	0
2524	0
2525	3
2526	0
2527	3
2528	0
2529	2
2530	1
2531	2
2532	3
2533	0
2534	2
2535	2
2536	2
2537	2
2538	3
2539	3
2540	1
2541	0
2542	1
2543	2
2544	3
2545	2
2546	2
2547	2
2548	0
2549	0
2550	1
2551	0
2552	3
2553	2
2554	2
2555	1
2556	1
2557	3
2558	2
2559	2
2560	3
2561	2
2562	0
2563	2
2564	3
2565	3
2566	2
2567	2
2568	3
2569	2
2570	3
2571	2
2572	2
2573	0
2574	1
2575	2
2576	2
2577	2
2578	1
2579	0
2580	2
2581	0
2582	2
2583	2
2584	2
2585	2
2586	2
2587	0
2588	2
2589	1
2590	2
2591	2
2592	1
2593	0
2594	2
2595	3
2596	2
2597	2
2598	1
2599	3
2600	0
2601	2
2602	3
2603	2
2604	3
2605	2
2606	2
2607	0
2608	2
2609	2
2610	0
2611	2
2612	3
2613	3
2614	2
2615	0
2616	3
2617	2
2618	3
2619	2
2620	2
2621	2
2622	3
2623	2
2624	0
2625	2
2626	2
2627	2
2628	2
2629	3
2630	2
2631	3
2632	2
2633	3
2634	0
2635	0
2636	2
2637	2
2638	3
2639	2
2640	3
2641	2
2642	3
2643	2
2644	3
2645	1
2646	3
2647	2
2648	2
2649	0
2650	2
2651	2
2652	2
2653	2
2654	2
2655	3
2656	2
2657	3
2658	2
2659	0
2660	3
2661	2
2662	0
2663	3
2664	3
2665	2
2666	0
2667	3
2668	3
2669	0
2670	3
2671	0
2672	2
2673	3
2674	1
2675	3
2676	1
2677	0
2678	2
2679	0
2680	3
2681	2
2682	2
2683	2
2684	2
2685	0
2686	2
2687	2
2688	1
2689	2
2690	0
2691	3
2692	3
2693	2
2694	0
2695	3
2696	2
2697	2
2698	3
2699	2
2700	2
2701	2
2702	0
2703	3
2704	2
2705	2
2706	2
2707	1
2708	2
2709	2
2710	2
2711	3
2712	2
2713	3
2714	3
2715	0
2716	2
2717	3
2718	2
2719	2
2720	2
2721	1
2722	0
2723	3
2724	2
2725	2
2726	2
2727	1
2728	0
2729	2
2730	3
2731	2
2732	3
2733	2
2734	3
2735	2
2736	2
2737	2
2738	1
2739	0
2740	2
2741	1
2742	2
2743	3
2744	3
2745	2
2746	3
2747	2
2748	2
2749	2
2750	3
2751	3
2752	3
2753	2
2754	2
2755	2
2756	3
2757	3
2758	2
2759	2
2760	2
2761	1
2762	0
2763	2
2764	2
2765	2
2766	3
2767	0
2768	3
2769	2
2770	3
2771	1
2772	2
2773	1
2774	3
2775	2
2776	0
2777	0
2778	3
2779	1
2780	2
2781	3
2782	1
2783	3
2784	3
2785	3
2786	2
2787	2
2788	3
2789	1
2790	2
2791	2
2792	1
2793	2
2794	1
2795	3
2796	2
2797	2
2798	3
2799	1
2800	2
2801	3
2802	2
2803	3
2804	3
2805	3
2806	3
2807	2
2808	1
2809	2
2810	2
2811	2
2812	2
2813	2
2814	3
2815	2
2816	2
2817	3
2818	0
2819	3
2820	3
2821	3
2822	0
2823	2
2824	2
2825	2
2826	1
2827	2
2828	0
2829	1
2830	0
2831	2
2832	3
2833	3
2834	2
2835	0
2836	2
2837	2
2838	3
2839	2
2840	2
2841	3
2842	3
2843	2
2844	2
2845	3
2846	2
2847	2
2848	2
2849	0
2850	2
2851	3
2852	2
2853	2
2854	3
2855	2
2856	3
2857	2
2858	3
2859	2
2860	3
2861	2
2862	2
2863	2
2864	3
2865	2
2866	0
2867	2
2868	3
2869	1
2870	2
2871	2
2872	3
2873	2
2874	3
2875	3
2876	0
2877	1
2878	3
2879	1
2880	1
2881	2
2882	1
2883	1
2884	0
2885	3
2886	0
2887	3
2888	2
2889	1
2890	2
2891	2
2892	2
2893	2
2894	0
2895	2
2896	2
2897	2
2898	3
2899	1
2900	3
2901	0
2902	0
2903	2
2904	2
2905	0
2906	2
2907	2
2908	3
2909	3
2910	2
2911	3
2912	2
2913	0
2914	2
2915	3
2916	1
2917	1
2918	0
2919	1
2920	3
2921	2
2922	2
2923	0
2924	3
2925	3
2926	1
2927	3
2928	3
2929	3
2930	0
2931	2
2932	2
2933	0
2934	3
2935	2
2936	3
2937	3
2938	2
2939	0
2940	2
2941	0
2942	2
2943	2
2944	2
2945	3
2946	0
2947	1
2948	3
2949	0
2950	2
2951	3
2952	3
2953	2
2954	3
2955	3
2956	2
2957	0
2958	2
2959	2
2960	2
2961	0
2962	3
2963	0
2964	2
2965	2
2966	2
2967	2
2968	2
2969	0
2970	3
2971	0
2972	2
2973	3
2974	2
2975	2
2976	2
2977	3
2978	1
2979	3
2980	3
2981	2
2982	3
2983	0
2984	0
2985	3
2986	3
2987	2
2988	3
2989	2
2990	2
2991	2
2992	3
2993	2
2994	0
2995	0
2996	3
2997	2
2998	2
2999	0
3000	2
3001	2
3002	2
3003	2
3004	0
3005	1
3006	2
3007	3
3008	3
3009	2
3010	2
3011	2
3012	2
3013	3
3014	2
3015	2
3016	2
3017	2
3018	3
3019	2
3020	2
3021	2
3022	0
3023	2
3024	2
3025	3
3026	3
3027	2
3028	2
3029	0
3030	3
3031	3
3032	3
3033	0
3034	2
3035	0
3036	3
3037	2
3038	2
3039	3
3040	0
3041	3
3042	2
3043	3
3044	3
3045	2
3046	2
3047	2
3048	0
3049	2
3050	2
3051	0
3052	3
3053	0
3054	3
3055	2
3056	2
3057	2
3058	3
3059	3
3060	2
3061	2
3062	2
3063	2
3064	2
3065	2
3066	2
3067	2
3068	2
3069	2
3070	3
3071	2
3072	2
3073	3
3074	1
3075	2
3076	2
3077	2
3078	2
3079	1
3080	2
3081	2
3082	3
3083	2
3084	2
3085	2
3086	2
3087	3
3088	2
3089	2
3090	3
3091	0
3092	2
3093	0
3094	3
3095	3
3096	2
3097	1
3098	2
3099	2
3100	3
3101	3
3102	3
3103	2
3104	1
3105	0
3106	0
3107	2
3108	2
3109	2
3110	0
3111	2
3112	2
3113	2
3114	3
3115	3
3116	3
3117	2
3118	3
3119	1
3120	2
3121	2
3122	2
3123	3
3124	2
3125	2
3126	2
3127	2
3128	3
3129	2
3130	2
3131	2
3132	2
3133	3
3134	2
3135	0
3136	0
3137	0
3138	1
3139	2
3140	3
3141	1
3142	2
3143	2
3144	2
3145	3
3146	0
3147	2
3148	3
3149	2
3150	0
3151	2
3152	0
3153	2
3154	3
3155	2
3156	2
3157	2
3158	2
3159	2
3160	3
3161	2
3162	2
3163	2
3164	2
3165	2
3166	3
3167	0
3168	3
3169	3
3170	2
3171	2
3172	2
3173	3
3174	2
3175	2
3176	2
3177	2
3178	2
3179	3
3180	1
3181	3
3182	0
3183	0
3184	2
3185	3
3186	2
3187	3
3188	2
3189	2
3190	3
3191	0
3192	2
3193	2
3194	3
3195	3
3196	3
3197	3
3198	2
3199	3
3200	2
3201	2
3202	2
3203	3
3204	3
3205	2
3206	0
3207	2
3208	2
3209	2
3210	0
3211	2
3212	3
3213	3
3214	3
3215	3
3216	3
3217	2
3218	2
3219	3
3220	3
3221	3
3222	2
3223	0
3224	2
3225	0
3226	2
3227	2
3228	1
3229	2
3230	3
3231	3
3232	2
3233	3
3234	0
3235	3
3236	3
3237	2
3238	3
3239	2
3240	0
3241	2
3242	3
3243	3
3244	2
3245	2
3246	3
3247	0
3248	2
3249	3
3250	1
3251	0
3252	2
3253	3
3254	2
3255	1
3256	2
3257	2
3258	3
3259	2
3260	1
3261	3
3262	3
3263	1
3264	0
3265	0
3266	1
3267	2
3268	0
3269	0
3270	1
3271	0
3272	2
3273	2
3274	0
3275	2
3276	2
3277	2
3278	3
3279	3
3280	0
3281	3
3282	0
3283	0
3284	3
3285	0
3286	2
3287	3
3288	3
3289	3
3290	1
3291	1
3292	2
3293	3
3294	3
3295	3
3296	0
3297	3
3298	2
3299	2
3300	2
3301	3
3302	1
3303	2
3304	3
3305	2
3306	0
3307	3
3308	2
3309	2
3310	2
3311	3
3312	2
3313	1
3314	2
3315	2
3316	2
3317	0
3318	3
3319	2
3320	0
3321	2
3322	3
3323	3
3324	2
3325	2
3326	3
3327	2
3328	2
3329	2
3330	1
3331	2
3332	3
3333	2
3334	2
3335	2
3336	2
3337	2
3338	3
3339	2
3340	1
3341	0
3342	2
3343	3
3344	2
3345	2
3346	3
3347	1
3348	2
3349	2
3350	2
3351	1
3352	2
3353	0
3354	2
3355	2
3356	0
3357	1
3358	2
3359	2
3360	2
3361	3
3362	3
3363	2
3364	2
3365	0
3366	2
3367	1
3368	2
3369	2
3370	3
3371	2
3372	2
3373	3
3374	1
3375	2
3376	3
3377	2
3378	3
3379	0
3380	2
3381	0
3382	3
3383	0
3384	2
3385	2
3386	2
3387	2
3388	0
3389	2
3390	2
3391	0
3392	0
3393	0
3394	3
3395	2
3396	3
3397	3
3398	2
3399	1
3400	2
3401	2
3402	2
3403	2
3404	3
3405	3
3406	0
3407	2
3408	0
3409	2
3410	3
3411	2
3412	3
3413	1
3414	3
3415	2
3416	3
3417	2
3418	1
3419	2
3420	2
3421	1
3422	3
3423	2
3424	2
3425	2
3426	2
3427	2
3428	3
3429	0
3430	1
3431	3
3432	0
3433	0
3434	2
3435	0
3436	1
3437	2
3438	2
3439	3
3440	2
3441	3
3442	0
3443	2
3444	2
3445	1
3446	3
3447	2
3448	2
3449	2
3450	3
3451	2
3452	3
3453	0
3454	3
3455	0
3456	2
3457	2
3458	3
3459	2
3460	3
3461	0
3462	0
3463	3
3464	2
3465	2
3466	3
3467	3
3468	0
3469	0
3470	3
3471	3
3472	2
3473	2
3474	2
3475	3
3476	2
3477	2
3478	3
3479	3
3480	2
3481	0
3482	1
3483	2
3484	2
3485	1
3486	3
3487	3
3488	2
3489	3
3490	0
3491	3
3492	2
3493	2
3494	2
3495	3
3496	3
3497	3
3498	3
3499	2
3500	1
3501	2
3502	2
3503	2
3504	3
3505	3
3506	2
3507	2
3508	3
3509	2
3510	2
3511	0
3512	2
3513	2
3514	3
3515	2
3516	2
3517	2
3518	2
3519	0
3520	1
3521	0
3522	3
3523	2
3524	3
3525	0
3526	2
3527	0
3528	2
3529	2
3530	2
3531	2
3532	3
3533	2
3534	2
3535	0
3536	0
3537	0
3538	3
3539	2
3540	3
3541	0
3542	2
3543	2
3544	3
3545	3
3546	3
3547	2
3548	2
3549	0
3550	3
3551	2
3552	0
3553	2
3554	3
3555	2
3556	3
3557	3
3558	2
3559	2
3560	2
3561	2
3562	2
3563	0
3564	2
3565	1
3566	2
3567	3
3568	2
3569	2
3570	2
3571	1
3572	3
3573	2
3574	1
3575	0
3576	3
3577	0
3578	3
3579	3
3580	3
3581	2
3582	2
3583	0
3584	3
3585	2
3586	2
3587	2
3588	0
3589	2
3590	0
3591	0
3592	2
3593	2
3594	3
3595	2
3596	2
3597	2
3598	2
3599	2
3600	3
3601	2
3602	0
3603	3
3604	3
3605	1
3606	3
3607	2
3608	2
3609	0
3610	0
3611	2
3612	3
3613	1
3614	3
3615	3
3616	2
3617	3
3618	0
3619	1
3620	3
3621	2
3622	1
3623	2
3624	3
3625	1
3626	3
3627	2
3628	2
3629	2
3630	0
3631	2
3632	2
3633	3
3634	0
3635	2
3636	1
3637	0
3638	1
3639	2
3640	3
3641	2
3642	2
3643	2
3644	0
3645	0
3646	3
3647	2
3648	0
3649	0
3650	3
3651	3
3652	3
3653	2
3654	3
3655	2
3656	2
3657	3
3658	0
3659	2
3660	0
3661	2
3662	3
3663	2
3664	2
3665	2
3666	3
3667	0
3668	1
3669	2
3670	2
3671	2
3672	3
3673	2
3674	2
3675	2
3676	3
3677	2
3678	0
3679	2
3680	0
3681	3
3682	2
3683	0
3684	2
3685	3
3686	1
3687	2
3688	1
3689	1
3690	0
3691	0
3692	2
3693	3
3694	3
3695	2
3696	3
3697	0
3698	2
3699	2
3700	2
3701	1
3702	3
3703	2
3704	3
3705	2
3706	1
3707	3
3708	2
3709	2
3710	2
3711	3
3712	2
3713	2
3714	2
3715	3
3716	3
3717	2
3718	2
3719	0
3720	2
3721	0
3722	3
3723	2
3724	2
3725	0
3726	2
3727	3
3728	2
3729	2
3730	2
3731	3
3732	3
3733	2
3734	2
3735	3
3736	1
3737	3
3738	2
3739	0
3740	2
3741	2
3742	3
3743	2
3744	0
3745	0
3746	2
3747	3
3748	1
3749	2
3750	3
3751	1
3752	2
3753	2
3754	3
3755	2
3756	2
3757	2
3758	3
3759	2
3760	2
3761	2
3762	0
3763	2
3764	2
3765	2
3766	0
3767	0
3768	3
3769	2
3770	2
3771	1
3772	0
3773	2
3774	2
3775	2
3776	3
3777	0
3778	1
3779	0
3780	3
3781	2
3782	2
3783	2
3784	2
3785	0
3786	2
3787	2
3788	2
3789	2
3790	0
3791	2
3792	1
3793	2
3794	3
3795	2
3796	0
3797	0
3798	2
3799	2
3800	2
3801	2
3802	3
3803	2
3804	2
3805	2
3806	2
3807	1
3808	3
3809	3
3810	2
3811	2
3812	2
3813	3
3814	2
3815	2
3816	3
3817	2
3818	0
3819	0
3820	0
3821	1
3822	2
3823	3
3824	0
3825	0
3826	0
3827	2
3828	2
3829	0
3830	1
3831	2
3832	2
3833	2
3834	2
3835	1
3836	3
3837	3
3838	3
3839	0
3840	2
3841	0
3842	2
3843	3
3844	2
3845	2
3846	0
3847	2
3848	1
3849	2
3850	3
3851	2
3852	2
3853	2
3854	2
3855	2
3856	2
3857	0
3858	3
3859	3
3860	2
3861	1
3862	3
3863	2
3864	2
3865	0
3866	2
3867	2
3868	2
3869	2
3870	2
3871	2
3872	2
3873	3
3874	0
3875	3
3876	3
3877	2
3878	2
3879	0
3880	2
3881	2
3882	3
3883	0
3884	0
3885	2
3886	2
3887	2
3888	2
3889	2
3890	0
3891	2
3892	2
3893	2
3894	2
3895	0
3896	2
3897	2
3898	2
3899	1
3900	2
3901	2
3902	3
3903	1
3904	0
3905	2
3906	3
3907	1
3908	0
3909	2
3910	2
3911	1
3912	1
3913	2
3914	2
3915	2
3916	2
3917	1
3918	0
3919	0
3920	2
3921	2
3922	3
3923	2
3924	2
3925	2
3926	2
3927	2
3928	2
3929	2
3930	0
3931	2
3932	1
3933	3
3934	2
3935	2
3936	2
3937	2
3938	2
3939	2
3940	2
3941	3
3942	2
3943	0
3944	2
3945	1
3946	0
3947	3
3948	3
3949	2
3950	3
3951	3
3952	3
3953	3
3954	2
3955	0
3956	2
3957	1
3958	2
3959	0
3960	3
3961	2
3962	2
3963	0
3964	1
3965	2
3966	3
3967	2
3968	2
3969	1
3970	0
3971	3
3972	2
3973	2
3974	0
3975	2
3976	2
3977	2
3978	0
3979	3
3980	0
3981	0
3982	2
3983	3
3984	2
3985	2
3986	2
3987	3
3988	2
3989	2
3990	3
3991	2
3992	2
3993	2
3994	2
3995	1
3996	2
3997	2
3998	1
3999	2
4000	2
4001	3
4002	2
4003	3
4004	2
4005	2
4006	2
4007	0
4008	2
4009	2
4010	3
4011	1
4012	3
4013	2
4014	3
4015	2
4016	2
4017	3
4018	0
4019	2
4020	3
4021	3
4022	2
4023	3
4024	2
4025	2
4026	3
4027	1
4028	0
4029	2
4030	2
4031	2
4032	3
4033	2
4034	1
4035	0
4036	3
4037	3
4038	0
4039	3
4040	2
4041	2
4042	0
4043	2
4044	3
4045	2
4046	3
4047	2
4048	3
4049	3
4050	3
4051	2
4052	2
4053	0
4054	3
4055	2
4056	0
4057	2
4058	3
4059	2
4060	3
4061	1
4062	2
4063	2
4064	2
4065	3
4066	3
4067	2
4068	2
4069	3
4070	2
4071	3
4072	0
4073	2
4074	2
4075	2
4076	2
4077	2
4078	2
4079	3
4080	2
4081	3
4082	0
4083	3
4084	2
4085	2
4086	3
4087	2
4088	2
4089	2
4090	0
4091	2
4092	2
4093	2
4094	3
4095	3
4096	3
4097	2
4098	2
4099	1
4100	3
4101	2
4102	1
4103	0
4104	3
4105	3
4106	0
4107	1
4108	2
4109	2
4110	2
4111	3
4112	2
4113	3
4114	2
4115	1
4116	2
4117	2
4118	1
4119	3
4120	2
4121	0
4122	2
4123	2
4124	2
4125	3
4126	0
4127	2
4128	1
4129	2
4130	0
4131	2
4132	2
4133	3
4134	3
4135	0
4136	3
4137	0
4138	2
4139	0
4140	2
4141	3
4142	3
4143	0
4144	3
4145	2
4146	2
4147	3
4148	2
4149	2
4150	2
4151	2
4152	2
4153	0
4154	2
4155	3
4156	2
4157	2
4158	2
4159	0
4160	2
4161	0
4162	0
4163	1
4164	2
4165	2
4166	2
4167	2
4168	2
4169	2
4170	1
4171	2
4172	2
4173	0
4174	0
4175	2
4176	3
4177	3
4178	0
4179	2
4180	2
4181	2
4182	2
4183	2
4184	2
4185	2
4186	2
4187	2
4188	2
4189	2
4190	2
4191	2
4192	0
4193	2
4194	1
4195	2
4196	2
4197	3
4198	2
4199	3
4200	0
4201	2
4202	2
4203	2
4204	2
4205	2
4206	2
4207	3
4208	3
4209	1
4210	1
4211	2
4212	3
4213	3
4214	2
4215	1
4216	2
4217	2
4218	2
4219	2
4220	1
4221	0
4222	2
4223	2
4224	2
4225	1
4226	2
4227	2
4228	2
4229	2
4230	1
4231	3
4232	3
4233	3
4234	0
4235	3
4236	2
4237	0
4238	0
4239	1
4240	2
4241	3
4242	2
4243	3
4244	2
4245	2
4246	0
4247	0
4248	2
4249	0
4250	2
4251	2
4252	2
4253	3
4254	2
4255	2
4256	1
4257	1
4258	0
4259	2
4260	2
4261	2
4262	0
4263	2
4264	2
4265	2
4266	1
4267	2
4268	2
4269	2
4270	0
4271	3
4272	3
4273	1
4274	2
4275	2
4276	3
4277	2
4278	2
4279	2
4280	2
4281	3
4282	1
4283	3
4284	3
4285	2
4286	2
4287	0
4288	2
4289	0
4290	0
4291	2
4292	2
4293	0
4294	1
4295	3
4296	2
4297	3
4298	2
4299	2
4300	2
4301	2
4302	2
4303	3
4304	2
4305	2
4306	2
4307	2
4308	3
4309	2
4310	2
4311	2
4312	2
4313	2
4314	1
4315	0
4316	2
4317	2
4318	2
4319	3
4320	0
4321	0
4322	2
4323	2
4324	2
4325	3
4326	2
4327	3
4328	3
4329	2
4330	2
4331	2
4332	1
4333	2
4334	3
4335	3
4336	2
4337	2
4338	1
4339	0
4340	3
4341	3
4342	2
4343	0
4344	0
4345	1
4346	2
4347	3
4348	2
4349	2
4350	3
4351	2
4352	2
4353	2
4354	1
4355	2
4356	3
4357	2
4358	2
4359	3
4360	0
4361	3
4362	3
4363	3
4364	2
4365	0
4366	2
4367	1
4368	2
4369	0
4370	2
4371	3
4372	2
4373	2
4374	1
4375	0
4376	0
4377	0
4378	2
4379	0
4380	2
4381	0
4382	2
4383	2
4384	2
4385	2
4386	0
4387	3
4388	2
4389	2
4390	2
4391	2
4392	3
4393	2
4394	3
4395	2
4396	0
4397	2
4398	3
4399	1
4400	3
4401	3
4402	3
4403	2
4404	1
4405	1
4406	2
4407	2
4408	3
4409	0
4410	1
4411	1
4412	0
4413	2
4414	3
4415	0
4416	3
4417	3
4418	2
4419	0
4420	2
4421	0
4422	3
4423	2
4424	2
4425	3
4426	0
4427	2
4428	0
4429	0
4430	3
4431	2
4432	0
4433	2
4434	3
4435	0
4436	2
4437	2
4438	2
4439	2
4440	3
4441	2
4442	1
4443	0
4444	2
4445	3
4446	2
4447	3
4448	0
4449	3
4450	2
4451	2
4452	2
4453	3
4454	3
4455	2
4456	0
4457	3
4458	2
4459	0
4460	1
4461	2
4462	1
4463	3
4464	2
4465	3
4466	2
4467	2
4468	0
4469	2
4470	2
4471	3
4472	2
4473	1
4474	2
4475	3
4476	3
4477	2
4478	3
4479	2
4480	2
4481	2
4482	2
4483	0
4484	2
4485	1
4486	0
4487	3
4488	0
4489	3
4490	3
4491	2
4492	3
4493	0
4494	3
4495	3
4496	3
4497	0
4498	1
4499	2
4500	2
4501	2
4502	2
4503	0
4504	0
4505	0
4506	2
4507	2
4508	2
4509	3
4510	1
4511	2
4512	2
4513	0
4514	2
4515	3
4516	2
4517	2
4518	0
4519	3
4520	3
4521	2
4522	2
4523	3
4524	2
4525	0
4526	3
4527	3
4528	2
4529	2
4530	3
4531	2
4532	0
4533	1
4534	1
4535	3
4536	2
4537	0
4538	2
4539	2
4540	2
4541	2
4542	2
4543	0
4544	2
4545	0
4546	1
4547	0
4548	3
4549	2
4550	0
4551	2
4552	2
4553	2
4554	0
4555	2
4556	2
4557	3
4558	2
4559	2
4560	2
4561	3
4562	2
4563	1
4564	1
4565	0
4566	2
4567	2
4568	2
4569	2
4570	3
4571	2
4572	3
4573	3
4574	2
4575	3
4576	0
4577	3
4578	2
4579	2
4580	2
4581	0
4582	2
4583	2
4584	2
4585	2
4586	2
4587	0
4588	2
4589	2
4590	2
4591	3
4592	1
4593	2
4594	1
4595	3
4596	2
4597	3
4598	2
4599	1
4600	2
4601	0
4602	2
4603	2
4604	2
4605	3
4606	2
4607	0
4608	2
4609	1
4610	2
4611	1
4612	3
4613	2
4614	3
4615	2
4616	0
4617	3
4618	3
4619	3
4620	0
4621	0
4622	2
4623	0
4624	2
4625	0
4626	0
4627	3
4628	2
4629	0
4630	1
4631	0
4632	2
4633	2
4634	2
4635	3
4636	0
4637	3
4638	3
4639	2
4640	2
4641	0
4642	3
4643	3
4644	2
4645	0
4646	0
4647	3
4648	3
4649	2
4650	3
4651	3
4652	2
4653	2
4654	0
4655	1
4656	3
4657	3
4658	2
4659	2
4660	2
4661	0
4662	2
4663	2
4664	2
4665	0
4666	2
4667	0
4668	2
4669	2
4670	2
4671	0
4672	2
4673	2
4674	0
4675	2
4676	2
4677	2
4678	0
4679	2
4680	2
4681	0
4682	0
4683	3
4684	2
4685	0
4686	2
4687	2
4688	2
4689	3
4690	2
4691	2
4692	2
4693	2
4694	2
4695	1
4696	2
4697	2
4698	2
4699	0
4700	2
4701	0
4702	2
4703	3
4704	3
4705	3
4706	2
4707	3
4708	2
4709	0
4710	3
4711	2
4712	2
4713	2
4714	2
4715	0
4716	0
4717	0
4718	3
4719	3
4720	2
4721	2
4722	3
4723	3
4724	2
4725	2
4726	2
4727	0
4728	3
4729	2
4730	3
4731	2
4732	3
4733	3
4734	3
4735	2
4736	2
4737	2
4738	1
4739	2
4740	2
4741	2
4742	2
4743	3
4744	2
4745	3
4746	0
4747	3
4748	0
4749	0
4750	3
4751	3
4752	2
4753	2
4754	2
4755	0
4756	2
4757	2
4758	2
4759	3
4760	2
4761	1
4762	2
4763	0
4764	2
4765	2
4766	0
4767	2
4768	2
4769	0
4770	1
4771	3
4772	3
4773	2
4774	3
4775	1
4776	3
4777	2
4778	3
4779	3
4780	0
4781	1
4782	0
4783	3
4784	3
4785	2
4786	0
4787	2
4788	3
4789	0
4790	1
4791	2
4792	2
4793	2
4794	2
4795	1
4796	0
4797	3
4798	3
4799	0
4800	2
4801	3
4802	0
4803	1
4804	2
4805	2
4806	3
4807	3
4808	2
4809	3
4810	0
4811	2
4812	0
4813	1
4814	0
4815	3
4816	2
4817	3
4818	2
4819	0
4820	2
4821	2
4822	2
4823	0
4824	3
4825	2
4826	2
4827	0
4828	2
4829	0
4830	3
4831	2
4832	0
4833	2
4834	2
4835	3
4836	2
4837	2
4838	2
4839	2
4840	1
4841	0
4842	1
4843	0
4844	2
4845	2
4846	2
4847	2
4848	2
4849	3
4850	3
4851	3
4852	3
4853	3
4854	3
4855	3
4856	3
4857	0
4858	2
4859	2
4860	2
4861	3
4862	3
4863	2
4864	3
4865	3
4866	0
4867	2
4868	2
4869	2
4870	2
4871	2
4872	2
4873	1
4874	1
4875	2
4876	0
4877	0
4878	2
4879	0
4880	2
4881	0
4882	2
4883	2
4884	2
4885	0
4886	3
4887	0
4888	2
4889	0
4890	2
4891	2
4892	0
4893	3
4894	3
4895	2
4896	1
4897	0
4898	0
4899	3
4900	3
4901	2
4902	0
4903	3
4904	3
4905	0
4906	3
4907	2
4908	2
4909	2
4910	0
4911	2
4912	0
4913	2
4914	1
4915	2
4916	2
4917	3
4918	2
4919	2
4920	2
4921	2
4922	2
4923	3
4924	3
4925	2
4926	3
4927	0
4928	2
4929	3
4930	0
4931	0
4932	0
4933	0
4934	2
4935	2
4936	2
4937	2
4938	2
4939	3
4940	2
4941	0
4942	2
4943	2
4944	2
4945	3
4946	0
4947	2
4948	2
4949	2
4950	2
4951	2
4952	3
4953	2
4954	3
4955	2
4956	2
4957	2
4958	2
4959	2
4960	0
4961	3
4962	2
4963	1
4964	3
4965	3
4966	2
4967	1
4968	1
4969	2
4970	2
4971	2
4972	2
4973	0
4974	3
4975	3
4976	2
4977	2
4978	2
4979	3
4980	3
4981	0
4982	2
4983	0
4984	2
4985	2
4986	2
4987	2
4988	2
4989	1
4990	3
4991	2
4992	2
4993	2
4994	1
4995	2
4996	2
4997	2
4998	3
4999	3
5000	3
5001	3
5002	3
5003	2
5004	2
5005	3
5006	2
5007	3
5008	0
5009	2
5010	3
5011	2
5012	1
5013	2
5014	2
5015	2
5016	2
5017	0
5018	1
5019	2
5020	2
5021	3
5022	2
5023	2
5024	0
5025	3
5026	1
5027	2
5028	3
5029	2
5030	0
5031	3
5032	3
5033	3
5034	3
5035	0
5036	2
5037	2
5038	1
5039	3
5040	3
5041	2
5042	1
5043	2
5044	2
5045	2
5046	2
5047	2
5048	3
5049	3
5050	2
5051	2
5052	2
5053	3
5054	2
5055	0
5056	2
5057	2
5058	0
5059	0
5060	2
5061	2
5062	2
5063	2
5064	3
5065	2
5066	0
5067	2
5068	3
5069	0
5070	2
5071	2
5072	3
5073	3
5074	3
5075	0
5076	0
5077	1
5078	2
5079	2
5080	1
5081	2
5082	2
5083	2
5084	2
5085	2
5086	3
5087	3
5088	2
5089	2
5090	2
5091	2
5092	3
5093	0
5094	3
5095	3
5096	1
5097	2
5098	0
5099	0
5100	3
5101	3
5102	2
5103	3
5104	2
5105	1
5106	1
5107	3
5108	2
5109	2
5110	2
5111	0
5112	2
5113	0
5114	2
5115	2
5116	3
5117	2
5118	2
5119	2
5120	2
5121	2
5122	2
5123	1
5124	3
5125	2
5126	0
5127	3
5128	2
5129	2
5130	2
5131	2
5132	3
5133	3
5134	2
5135	0
5136	2
5137	2
5138	2
5139	3
5140	2
5141	3
5142	0
5143	2
5144	2
5145	0
5146	2
5147	2
5148	3
5149	3
5150	0
5151	2
5152	2
5153	3
5154	0
5155	3
5156	3
5157	2
5158	3
5159	3
5160	2
5161	3
5162	3
5163	3
5164	2
5165	3
5166	0
5167	2
5168	3
5169	2
5170	0
5171	2
5172	3
5173	0
5174	2
5175	2
5176	2
5177	0
5178	2
5179	3
5180	3
5181	2
5182	0
5183	0
5184	2
5185	0
5186	0
5187	1
5188	2
5189	2
5190	2
5191	2
5192	2
5193	3
5194	0
5195	3
5196	2
5197	0
5198	2
5199	2
5200	3
5201	2
5202	3
5203	0
5204	2
5205	3
5206	3
5207	2
5208	2
5209	2
5210	2
5211	2
5212	3
5213	2
5214	2
5215	2
5216	3
5217	3
5218	2
5219	1
5220	3
5221	1
5222	2
5223	2
5224	3
5225	2
5226	2
5227	2
5228	2
5229	1
5230	2
5231	3
5232	2
5233	3
5234	2
5235	3
5236	0
5237	3
5238	2
5239	2
5240	3
5241	2
5242	2
5243	3
5244	2
5245	2
5246	2
5247	2
5248	1
5249	2
5250	1
5251	0
5252	2
5253	2
5254	2
5255	0
5256	2
5257	2
5258	1
5259	2
5260	3
5261	0
5262	2
5263	0
5264	2
5265	2
5266	2
5267	2
5268	2
5269	0
5270	2
5271	2
5272	2
5273	0
5274	2
5275	2
5276	2
5277	2
5278	3
5279	2
5280	2
5281	3
5282	1
5283	3
5284	2
5285	2
5286	2
5287	2
5288	2
5289	0
5290	3
5291	1
5292	2
5293	2
5294	0
5295	3
5296	3
5297	2
5298	3
5299	2
5300	2
5301	1
5302	2
5303	0
5304	2
5305	3
5306	2
5307	3
5308	3
5309	2
5310	2
5311	0
5312	2
5313	0
5314	1
5315	1
5316	2
5317	2
5318	2
5319	2
5320	2
5321	3
5322	0
5323	2
5324	3
5325	0
5326	2
5327	0
5328	2
5329	1
5330	3
5331	0
5332	3
5333	3
5334	2
5335	2
5336	2
5337	3
5338	0
5339	3
5340	2
5341	2
5342	2
5343	3
5344	0
5345	3
5346	2
5347	2
5348	2
5349	3
5350	3
5351	3
5352	0
5353	2
5354	3
5355	2
5356	2
5357	1
5358	2
5359	3
5360	0
5361	3
5362	0
5363	0
5364	2
5365	0
5366	2
5367	2
5368	2
5369	0
5370	1
5371	3
5372	3
5373	2
5374	3
5375	0
5376	2
5377	1
5378	0
5379	0
5380	3
5381	3
5382	3
5383	3
5384	3
5385	3
5386	3
5387	3
5388	3
5389	3
5390	2
5391	3
5392	2
5393	0
5394	2
5395	1
5396	3
5397	2
5398	3
5399	2
5400	0
5401	0
5402	2
5403	2
5404	2
5405	0
5406	2
5407	2
5408	2
5409	3
5410	0
5411	3
5412	3
5413	2
5414	3
5415	2
5416	2
5417	3
5418	2
5419	3
5420	2
5421	3
5422	0
5423	2
5424	3
5425	2
5426	1
5427	2
5428	2
5429	2
5430	2
5431	2
5432	1
5433	3
5434	2
5435	3
5436	3
5437	3
5438	2
5439	0
5440	2
5441	3
5442	1
5443	0
5444	2
5445	1
5446	0
5447	2
5448	2
5449	2
5450	1
5451	3
5452	0
5453	2
5454	2
5455	3
5456	2
5457	0
5458	2
5459	2
5460	2
5461	2
5462	2
5463	3
5464	3
5465	3
5466	2
5467	1
5468	2
5469	3
5470	1
5471	2
5472	2
5473	3
5474	3
5475	1
5476	2
5477	2
5478	2
5479	3
5480	2
5481	2
5482	2
5483	2
5484	2
5485	2
5486	2
5487	3
5488	2
5489	2
5490	2
5491	0
5492	3
5493	3
5494	2
5495	1
5496	3
5497	1
5498	3
5499	3
5500	2
5501	3
5502	2
5503	3
5504	0
5505	2
5506	3
5507	0
5508	2
5509	1
5510	2
5511	3
5512	0
5513	1
5514	1
5515	2
5516	2
5517	2
5518	2
5519	0
5520	2
5521	1
5522	2
5523	2
5524	2
5525	3
5526	2
5527	0
5528	2
5529	0
5530	2
5531	2
5532	2
5533	0
5534	0
5535	2
5536	2
5537	0
5538	0
5539	2
5540	2
5541	2
5542	3
5543	3
5544	1
5545	2
5546	2
5547	3
5548	2
5549	3
5550	1
5551	3
5552	3
5553	2
5554	1
5555	2
5556	3
5557	0
5558	2
5559	2
5560	2
5561	3
5562	3
5563	3
5564	2
5565	0
5566	2
5567	0
5568	2
5569	2
5570	0
5571	0
5572	2
5573	2
5574	0
5575	2
5576	2
5577	3
5578	3
5579	3
5580	3
5581	3
5582	2
5583	0
5584	2
5585	2
5586	2
5587	2
5588	3
5589	2
5590	2
5591	2
5592	2
5593	2
5594	2
5595	3
5596	2
5597	1
5598	2
5599	2
5600	0
5601	2
5602	2
5603	2
5604	2
5605	2
5606	2
5607	3
5608	2
5609	2
5610	3
5611	3
5612	2
5613	3
5614	2
5615	2
5616	2
5617	2
5618	0
5619	3
5620	2
5621	1
5622	2
5623	1
5624	2
5625	0
5626	3
5627	3
5628	3
5629	2
5630	3
5631	0
5632	2
5633	3
5634	0
5635	2
5636	1
5637	2
5638	2
5639	2
5640	3
5641	3
5642	3
5643	3
5644	2
5645	0
5646	3
5647	2
5648	2
5649	2
5650	1
5651	2
5652	2
5653	0
5654	3
5655	3
5656	1
5657	2
5658	2
5659	2
5660	3
5661	3
5662	0
5663	2
5664	2
5665	0
5666	0
5667	0
5668	3
5669	2
5670	2
5671	2
5672	3
5673	2
5674	2
5675	0
5676	2
5677	3
5678	2
5679	2
5680	2
5681	2
5682	3
5683	0
5684	3
5685	0
5686	2
5687	2
5688	2
5689	2
5690	2
5691	2
5692	3
5693	2
5694	3
5695	2
5696	2
5697	3
5698	0
5699	0
5700	2
5701	2
5702	3
5703	2
5704	2
5705	2
5706	0
5707	3
5708	0
5709	2
5710	2
5711	2
5712	2
5713	1
5714	2
5715	2
5716	3
5717	2
5718	2
5719	2
5720	2
5721	2
5722	2
5723	1
5724	2
5725	3
5726	2
5727	2
5728	3
5729	1
5730	2
5731	0
5732	2
5733	2
5734	2
5735	1
5736	2
5737	2
5738	3
5739	2
5740	2
5741	2
5742	0
5743	2
5744	3
5745	2
5746	1
5747	2
5748	2
5749	1
5750	2
5751	2
5752	0
5753	2
5754	3
5755	2
5756	3
5757	3
5758	2
5759	2
5760	3
5761	2
5762	0
5763	1
5764	3
5765	2
5766	1
5767	3
5768	2
5769	3
5770	0
5771	2
5772	3
5773	3
5774	1
5775	0
5776	2
5777	1
5778	2
5779	3
5780	2
5781	3
5782	3
5783	2
5784	2
5785	1
5786	0
5787	1
5788	0
5789	2
5790	2
5791	2
5792	3
5793	1
5794	0
5795	1
5796	3
5797	0
5798	2
5799	2
5800	2
5801	0
5802	1
5803	3
5804	2
5805	2
5806	2
5807	2
5808	0
5809	2
5810	0
5811	2
5812	2
5813	3
5814	0
5815	3
5816	2
5817	3
5818	2
5819	3
5820	3
5821	2
5822	2
5823	0
5824	2
5825	2
5826	0
5827	1
5828	2
5829	2
5830	2
5831	2
5832	2
5833	2
5834	2
5835	3
5836	2
5837	2
5838	3
5839	3
5840	2
5841	3
5842	0
5843	0
5844	2
5845	1
5846	2
5847	2
5848	0
5849	2
5850	2
5851	2
5852	2
5853	3
5854	2
5855	3
5856	2
5857	3
5858	3
5859	0
5860	0
5861	2
5862	2
5863	2
5864	0
5865	3
5866	2
5867	2
5868	0
5869	2
5870	3
5871	0
5872	3
5873	2
5874	3
5875	1
5876	3
5877	0
5878	2
5879	0
5880	0
5881	2
5882	2
5883	2
5884	3
5885	1
5886	1
5887	3
5888	2
5889	2
5890	3
5891	0
5892	3
5893	1
5894	3
5895	2
5896	0
5897	3
5898	1
5899	3
5900	3
5901	3
5902	2
5903	1
5904	2
5905	2
5906	2
5907	0
5908	3
5909	1
5910	2
5911	3
5912	2
5913	0
5914	2
5915	2
5916	2
5917	2
5918	3
5919	2
5920	2
5921	2
5922	0
5923	3
5924	2
5925	2
5926	3
5927	2
5928	2
5929	2
5930	3
5931	3
5932	2
5933	3
5934	2
5935	2
5936	3
5937	3
5938	2
5939	3
5940	3
5941	2
5942	2
5943	2
5944	2
5945	3
5946	2
5947	2
5948	3
5949	2
5950	2
5951	0
5952	2
5953	0
5954	0
5955	0
5956	2
5957	2
5958	0
5959	2
5960	2
5961	2
5962	2
5963	3
5964	2
5965	2
5966	2
5967	2
5968	3
5969	2
5970	0
5971	0
5972	2
5973	2
5974	2
5975	2
5976	1
5977	2
5978	2
5979	3
5980	3
5981	3
5982	2
5983	3
5984	0
5985	2
5986	3
5987	0
5988	2
5989	3
5990	2
5991	2
5992	0
5993	2
5994	2
5995	2
5996	2
5997	2
5998	2
5999	3
6000	2
6001	2
6002	2
6003	0
6004	2
6005	0
6006	2
6007	1
6008	2
6009	1
6010	2
6011	3
6012	2
6013	1
6014	3
6015	3
6016	2
6017	2
6018	3
6019	2
6020	3
6021	2
6022	2
6023	3
6024	2
6025	2
6026	0
6027	3
6028	2
6029	3
6030	2
6031	0
6032	3
6033	2
6034	2
6035	2
6036	2
6037	2
6038	1
6039	2
6040	2
6041	1
6042	0
6043	1
6044	2
6045	3
6046	0
6047	2
6048	2
6049	2
6050	0
6051	2
6052	2
6053	2
6054	3
6055	0
6056	3
6057	2
6058	3
6059	3
6060	0
6061	3
6062	3
6063	1
6064	0
6065	3
6066	1
6067	2
6068	2
6069	3
6070	2
6071	1
6072	2
6073	3
6074	2
6075	0
6076	0
6077	2
6078	2
6079	0
6080	2
6081	2
6082	0
6083	2
6084	2
6085	2
6086	2
6087	2
6088	2
6089	2
6090	0
6091	2
6092	2
6093	2
6094	2
6095	2
6096	2
6097	3
6098	2
6099	0
6100	2
6101	2
6102	2
6103	2
6104	2
6105	0
6106	3
6107	2
6108	2
6109	3
6110	3
6111	2
6112	3
6113	2
6114	3
6115	2
6116	2
6117	2
6118	2
6119	2
6120	0
6121	2
6122	2
6123	2
6124	0
6125	2
6126	2
6127	0
6128	3
6129	2
6130	3
6131	2
6132	2
6133	0
6134	2
6135	2
6136	3
6137	2
6138	1
6139	3
6140	2
6141	2
6142	2
6143	0
6144	3
6145	2
6146	3
6147	0
6148	3
6149	2
6150	3
6151	0
6152	2
6153	3
6154	3
6155	2
6156	2
6157	2
6158	2
6159	3
6160	3
6161	2
6162	2
6163	3
6164	3
6165	2
6166	2
6167	1
6168	2
6169	3
6170	2
6171	2
6172	3
6173	0
6174	2
6175	2
6176	2
6177	2
6178	0
6179	3
6180	2
6181	2
6182	0
6183	3
6184	2
6185	2
6186	2
6187	2
6188	0
6189	0
6190	0
6191	2
6192	3
6193	2
6194	0
6195	0
6196	2
6197	3
6198	2
6199	2
6200	2
6201	0
6202	2
6203	0
6204	0
6205	2
6206	2
6207	0
6208	3
6209	3
6210	2
6211	2
6212	3
6213	2
6214	2
6215	2
6216	2
6217	2
6218	2
6219	2
6220	3
6221	0
6222	0
6223	2
6224	0
6225	2
6226	3
6227	0
6228	0
6229	3
6230	3
6231	2
6232	3
6233	0
6234	3
6235	2
6236	2
6237	1
6238	2
6239	2
6240	3
6241	2
6242	2
6243	2
6244	2
6245	0
6246	3
6247	0
6248	0
6249	0
6250	3
6251	2
6252	0
6253	1
6254	2
6255	3
6256	2
6257	3
6258	1
6259	2
6260	1
6261	3
6262	0
6263	2
6264	1
6265	3
6266	2
6267	1
6268	2
6269	2
6270	2
6271	2
6272	2
6273	3
6274	0
6275	0
6276	3
6277	2
6278	2
6279	2
6280	2
6281	0
6282	0
6283	2
6284	2
6285	3
6286	2
6287	3
6288	3
6289	2
6290	2
6291	3
6292	2
6293	0
6294	2
6295	2
6296	2
6297	3
6298	2
6299	3
6300	2
6301	2
6302	2
6303	2
6304	2
6305	2
6306	0
6307	3
6308	3
6309	0
6310	3
6311	0
6312	3
6313	2
6314	3
6315	0
6316	0
6317	0
6318	2
6319	2
6320	3
6321	3
6322	0
6323	0
6324	2
6325	2
6326	2
6327	2
6328	2
6329	3
6330	2
6331	0
6332	3
6333	2
6334	0
6335	2
6336	2
6337	1
6338	1
6339	2
6340	2
6341	2
6342	2
6343	2
6344	3
6345	1
6346	2
6347	0
6348	2
6349	0
6350	0
6351	0
6352	0
6353	2
6354	2
6355	2
6356	3
6357	2
6358	2
6359	2
6360	3
6361	2
6362	3
6363	2
6364	2
6365	3
6366	0
6367	2
6368	2
6369	2
6370	2
6371	2
6372	1
6373	3
6374	2
6375	3
6376	1
6377	1
6378	2
6379	2
6380	0
6381	2
6382	2
6383	2
6384	2
6385	0
6386	1
6387	1
6388	2
6389	2
6390	3
6391	0
6392	2
6393	2
6394	2
6395	2
6396	2
6397	3
6398	2
6399	2
6400	2
6401	0
6402	2
6403	2
6404	0
6405	1
6406	3
6407	0
6408	3
6409	2
6410	0
6411	2
6412	3
6413	0
6414	2
6415	3
6416	1
6417	2
6418	1
6419	0
6420	2
6421	0
6422	2
6423	2
6424	2
6425	3
6426	2
6427	2
6428	0
6429	0
6430	2
6431	1
6432	2
6433	2
6434	1
6435	3
6436	3
6437	2
6438	3
6439	1
6440	2
6441	3
6442	3
6443	2
6444	3
6445	1
6446	3
6447	2
6448	2
6449	2
6450	2
6451	0
6452	0
6453	3
6454	2
6455	2
6456	2
6457	2
6458	2
6459	2
6460	3
6461	3
6462	3
6463	2
6464	2
6465	0
6466	2
6467	1
6468	2
6469	3
6470	1
6471	2
6472	2
6473	3
6474	3
6475	2
6476	3
6477	2
6478	0
6479	3
6480	2
6481	2
6482	2
6483	2
6484	2
6485	2
6486	2
6487	3
6488	3
6489	2
6490	0
6491	3
6492	2
6493	1
6494	3
6495	1
6496	2
6497	3
6498	2
6499	0
6500	2
6501	0
6502	3
6503	2
6504	0
6505	1
6506	3
6507	0
6508	3
6509	0
6510	2
6511	3
6512	0
6513	3
6514	2
6515	3
6516	3
6517	2
6518	0
6519	0
6520	1
6521	2
6522	2
6523	3
6524	3
6525	2
6526	0
6527	2
6528	2
6529	0
6530	1
6531	1
6532	2
6533	3
6534	3
6535	0
6536	1
6537	2
6538	0
6539	2
6540	1
6541	0
6542	3
6543	3
6544	1
6545	2
6546	2
6547	0
6548	2
6549	2
6550	2
6551	2
6552	0
6553	3
6554	3
6555	2
6556	1
6557	2
6558	0
6559	1
6560	1
6561	0
6562	2
6563	3
6564	2
6565	2
6566	3
6567	3
6568	2
6569	2
6570	2
6571	2
6572	0
6573	2
6574	3
6575	2
6576	3
6577	2
6578	0
6579	2
6580	2
6581	1
6582	2
6583	3
6584	2
6585	2
6586	3
6587	0
6588	3
6589	3
6590	0
6591	0
6592	2
6593	1
6594	2
6595	2
6596	3
6597	2
6598	2
6599	2
6600	0
6601	3
6602	0
6603	2
6604	3
6605	1
6606	0
6607	2
6608	3
6609	2
6610	2
6611	2
6612	2
6613	0
6614	2
6615	2
6616	3
6617	2
6618	0
6619	1
6620	3
6621	0
6622	1
6623	2
6624	2
6625	2
6626	2
6627	1
6628	2
6629	2
6630	2
6631	2
6632	0
6633	3
6634	2
6635	2
6636	2
6637	2
6638	2
6639	2
6640	1
6641	3
6642	1
6643	3
6644	2
6645	1
6646	2
6647	0
6648	3
6649	3
6650	2
6651	2
6652	3
6653	2
6654	2
6655	1
6656	2
6657	3
6658	1
6659	1
6660	2
6661	2
6662	3
6663	3
6664	0
6665	2
6666	3
6667	2
6668	2
6669	0
6670	2
6671	3
6672	3
6673	3
6674	2
6675	1
6676	3
6677	2
6678	1
6679	0
6680	2
6681	0
6682	2
6683	1
6684	2
6685	2
6686	2
6687	2
6688	2
6689	2
6690	3
6691	3
6692	3
6693	3
6694	2
6695	3
6696	1
6697	2
6698	2
6699	3
6700	2
6701	0
6702	3
6703	2
6704	3
6705	1
6706	0
6707	2
6708	0
6709	3
6710	3
6711	2
6712	0
6713	2
6714	2
6715	1
6716	0
6717	2
6718	2
6719	2
6720	2
6721	0
6722	2
6723	3
6724	2
6725	3
6726	2
6727	2
6728	1
6729	0
6730	2
6731	3
6732	1
6733	0
6734	0
6735	2
6736	0
6737	1
6738	1
6739	3
6740	3
6741	0
6742	0
6743	2
6744	3
6745	0
6746	2
6747	3
6748	2
6749	0
6750	2
6751	0
6752	2
6753	2
6754	2
6755	3
6756	3
6757	1
6758	2
6759	2
6760	2
6761	2
6762	2
6763	0
6764	2
6765	3
6766	2
6767	2
6768	2
6769	1
6770	2
6771	3
6772	3
6773	3
6774	2
6775	3
6776	2
6777	2
6778	3
6779	2
6780	2
6781	2
6782	2
6783	2
6784	3
6785	1
6786	0
6787	2
6788	2
6789	2
6790	2
6791	3
6792	2
6793	3
6794	2
6795	2
6796	2
6797	0
6798	2
6799	3
6800	2
6801	2
6802	2
6803	2
6804	2
6805	2
6806	2
6807	1
6808	3
6809	3
6810	2
6811	0
6812	2
6813	2
6814	2
6815	2
6816	2
6817	0
6818	3
6819	2
6820	3
6821	2
6822	1
6823	0
6824	2
6825	2
6826	2
6827	3
6828	2
6829	0
6830	2
6831	2
6832	3
6833	2
6834	0
6835	2
6836	3
6837	2
6838	3
6839	2
6840	2
6841	1
6842	2
6843	2
6844	3
6845	2
6846	2
6847	0
6848	2
6849	0
6850	2
6851	2
6852	2
6853	3
6854	1
6855	3
6856	0
6857	3
6858	0
6859	3
6860	2
6861	0
6862	1
6863	0
6864	3
6865	1
6866	2
6867	0
6868	2
6869	3
6870	3
6871	2
6872	3
6873	0
6874	0
6875	2
6876	2
6877	0
6878	2
6879	2
6880	2
6881	2
6882	2
6883	3
6884	2
6885	0
6886	2
6887	2
6888	2
6889	2
6890	2
6891	1
6892	2
6893	2
6894	1
6895	3
6896	0
6897	2
6898	2
6899	3
6900	3
6901	2
6902	2
6903	1
6904	2
6905	3
6906	2
6907	2
6908	2
6909	2
6910	3
6911	2
6912	3
6913	3
6914	0
6915	2
6916	2
6917	2
6918	2
6919	3
6920	3
6921	3
6922	0
6923	2
6924	2
6925	0
6926	1
6927	3
6928	2
6929	3
6930	3
6931	0
6932	2
6933	2
6934	0
6935	2
6936	2
6937	3
6938	2
6939	2
6940	3
6941	2
6942	2
6943	2
6944	2
6945	2
6946	0
6947	3
6948	3
6949	0
6950	3
6951	3
6952	3
6953	2
6954	1
6955	2
6956	3
6957	2
6958	3
6959	2
6960	3
6961	0
6962	0
6963	0
6964	3
6965	2
6966	2
6967	2
6968	2
6969	3
6970	2
6971	0
6972	3
6973	2
6974	2
6975	0
6976	1
6977	0
6978	2
6979	2
6980	3
6981	3
6982	0
6983	3
6984	3
6985	2
6986	0
6987	2
6988	2
6989	2
6990	2
6991	2
6992	0
6993	3
6994	0
6995	3
6996	0
6997	0
6998	3
6999	2
7000	3
7001	0
7002	2
7003	2
7004	2
7005	2
7006	2
7007	2
7008	2
7009	3
7010	2
7011	2
7012	2
7013	3
7014	1
7015	2
7016	2
7017	3
7018	1
7019	2
7020	2
7021	2
7022	3
7023	1
7024	2
7025	3
7026	1
7027	3
7028	3
7029	3
7030	2
7031	0
7032	0
7033	1
7034	2
7035	2
7036	2
7037	1
7038	2
7039	2
7040	3
7041	2
7042	3
7043	2
7044	2
7045	2
7046	3
7047	2
7048	3
7049	3
7050	3
7051	1
7052	2
7053	0
7054	1
7055	3
7056	3
7057	3
7058	3
7059	2
7060	0
7061	2
7062	2
7063	2
7064	2
7065	3
7066	3
7067	2
7068	3
7069	2
7070	2
7071	2
7072	2
7073	3
7074	3
7075	3
7076	3
7077	3
7078	1
7079	2
7080	2
7081	2
7082	1
7083	2
7084	3
7085	1
7086	2
7087	2
7088	3
7089	1
7090	0
7091	3
7092	0
7093	2
7094	2
7095	3
7096	2
7097	2
7098	2
7099	2
7100	3
7101	2
7102	2
7103	0
7104	2
7105	3
7106	2
7107	3
7108	2
7109	3
7110	0
7111	2
7112	3
7113	1
7114	0
7115	1
7116	2
7117	2
7118	0
7119	2
7120	0
7121	3
7122	3
7123	3
7124	3
7125	0
7126	3
7127	2
7128	3
7129	0
7130	3
7131	2
7132	2
7133	1
7134	3
7135	0
7136	2
7137	3
7138	1
7139	2
7140	3
7141	0
7142	2
7143	3
7144	1
7145	2
7146	2
7147	0
7148	1
7149	0
7150	2
7151	2
7152	2
7153	2
7154	3
7155	3
7156	3
7157	3
7158	2
7159	0
7160	1
7161	2
7162	2
7163	2
7164	3
7165	2
7166	2
7167	2
7168	3
7169	2
7170	1
7171	3
7172	2
7173	2
7174	2
7175	2
7176	3
7177	3
7178	3
7179	2
7180	3
7181	0
7182	0
7183	3
7184	3
7185	1
7186	2
7187	2
7188	2
7189	0
7190	2
7191	3
7192	3
7193	2
7194	2
7195	1
7196	2
7197	3
7198	2
7199	2
7200	2
7201	3
7202	1
7203	2
7204	3
7205	2
7206	0
7207	2
7208	3
7209	2
7210	3
7211	0
7212	2
7213	2
7214	0
7215	2
7216	3
7217	2
7218	0
7219	2
7220	0
7221	2
7222	2
7223	2
7224	0
7225	2
7226	1
7227	0
7228	0
7229	2
7230	3
7231	0
7232	2
7233	2
7234	0
7235	0
7236	2
7237	2
7238	2
7239	2
7240	2
7241	1
7242	3
7243	3
7244	3
7245	0
7246	3
7247	2
7248	2
7249	2
7250	2
7251	2
7252	2
7253	1
7254	2
7255	2
7256	3
7257	2
7258	2
7259	2
7260	2
7261	2
7262	0
7263	0
7264	3
7265	3
7266	2
7267	0
7268	2
7269	0
7270	3
7271	2
7272	2
7273	3
7274	0
7275	0
7276	2
7277	2
7278	2
7279	3
7280	3
7281	2
7282	0
7283	3
7284	3
7285	2
7286	1
7287	2
7288	2
7289	2
7290	3
7291	1
7292	0
7293	2
7294	2
7295	2
7296	2
7297	2
7298	0
7299	0
7300	2
7301	2
7302	3
7303	1
7304	0
7305	2
7306	3
7307	2
7308	2
7309	0
7310	2
7311	0
7312	2
7313	1
7314	1
7315	2
7316	0
7317	2
7318	2
7319	2
7320	2
7321	2
7322	2
7323	2
7324	0
7325	2
7326	2
7327	2
7328	3
7329	2
7330	0
7331	3
7332	3
7333	0
7334	2
7335	2
7336	2
7337	3
7338	2
7339	2
7340	3
7341	3
7342	0
7343	2
7344	3
7345	2
7346	0
7347	2
7348	3
7349	0
7350	2
7351	2
7352	2
7353	2
7354	2
7355	0
7356	2
7357	1
7358	2
7359	0
7360	2
7361	2
7362	2
7363	2
7364	2
7365	3
7366	2
7367	2
7368	2
7369	2
7370	1
7371	3
7372	2
7373	0
7374	3
7375	2
7376	2
7377	0
7378	2
7379	2
7380	0
7381	1
7382	2
7383	2
7384	3
7385	2
7386	0
7387	3
7388	2
7389	2
7390	0
7391	2
7392	3
7393	3
7394	3
7395	0
7396	2
7397	2
7398	0
7399	2
7400	3
7401	2
7402	2
7403	3
7404	2
7405	3
7406	3
7407	3
7408	3
7409	2
7410	2
7411	3
7412	3
7413	2
7414	3
7415	2
7416	2
7417	0
7418	3
7419	2
7420	3
7421	2
7422	0
7423	2
7424	3
7425	2
7426	2
7427	0
7428	2
7429	2
7430	2
7431	3
7432	0
7433	3
7434	2
7435	2
7436	2
7437	0
7438	2
7439	2
7440	0
7441	0
7442	2
7443	2
7444	3
7445	2
7446	2
7447	0
7448	2
7449	2
7450	0
7451	2
7452	2
7453	1
7454	2
7455	2
7456	3
7457	2
7458	0
7459	0
7460	2
7461	3
7462	3
7463	2
7464	2
7465	2
7466	3
7467	3
7468	3
7469	1
7470	2
7471	2
7472	3
7473	2
7474	1
7475	2
7476	2
7477	2
7478	2
7479	2
7480	3
7481	2
7482	2
7483	1
7484	3
7485	2
7486	2
7487	0
7488	2
7489	0
7490	2
7491	2
7492	2
7493	3
7494	2
7495	2
7496	0
7497	2
7498	3
7499	3
7500	2
7501	2
7502	0
7503	1
7504	3
7505	3
7506	2
7507	2
7508	2
7509	3
7510	2
7511	2
7512	2
7513	3
7514	0
7515	2
7516	2
7517	2
7518	2
7519	2
7520	3
7521	2
7522	2
7523	0
7524	2
7525	0
7526	2
7527	3
7528	2
7529	2
7530	2
7531	0
7532	0
7533	2
7534	0
7535	3
7536	2
7537	3
7538	2
7539	1
7540	2
7541	1
7542	2
7543	0
7544	3
7545	0
7546	3
7547	2
7548	3
7549	2
7550	3
7551	2
7552	2
7553	2
7554	0
7555	1
7556	2
7557	1
7558	2
7559	2
7560	3
7561	0
7562	3
7563	2
7564	3
7565	3
7566	0
7567	2
7568	2
7569	1
7570	3
7571	2
7572	3
7573	2
7574	3
7575	0
7576	0
7577	3
7578	2
7579	2
7580	3
7581	1
7582	2
7583	0
7584	2
7585	3
7586	0
7587	3
7588	3
7589	0
7590	2
7591	1
7592	2
7593	3
7594	2
7595	2
7596	3
7597	3
7598	3
7599	1
7600	3
7601	2
7602	3
7603	2
7604	2
7605	2
7606	3
7607	2
7608	0
7609	2
7610	1
7611	1
7612	1
7613	2
7614	2
7615	0
7616	2
7617	0
7618	2
7619	2
7620	2
7621	3
7622	1
7623	2
7624	0
7625	1
7626	3
7627	0
7628	2
7629	0
7630	2
7631	2
7632	2
7633	2
7634	3
7635	2
7636	2
7637	3
7638	2
7639	2
7640	3
7641	3
7642	2
7643	2
7644	2
7645	2
7646	2
7647	3
7648	3
7649	2
7650	2
7651	0
7652	3
7653	0
7654	2
7655	2
7656	2
7657	2
7658	2
7659	3
7660	2
7661	3
7662	2
7663	2
7664	2
7665	3
7666	2
7667	0
7668	3
7669	3
7670	2
7671	0
7672	3
7673	1
7674	3
7675	2
7676	3
7677	2
7678	2
7679	2
7680	3
7681	2
7682	2
7683	0
7684	2
7685	2
7686	2
7687	3
7688	0
7689	2
7690	3
7691	3
7692	3
7693	0
7694	2
7695	3
7696	2
7697	2
7698	2
7699	0
7700	2
7701	2
7702	2
7703	3
7704	2
7705	3
7706	2
7707	2
7708	2
7709	2
7710	3
7711	2
7712	1
7713	3
7714	0
7715	2
7716	3
7717	2
7718	2
7719	3
7720	2
7721	2
7722	2
7723	2
7724	2
7725	0
7726	3
7727	2
7728	2
7729	2
7730	1
7731	2
7732	3
7733	2
7734	2
7735	3
7736	2
7737	3
7738	2
7739	0
7740	3
7741	0
7742	3
7743	2
7744	3
7745	0
7746	2
7747	3
7748	2
7749	2
7750	2
7751	2
7752	2
7753	2
7754	3
7755	1
7756	2
7757	0
7758	0
7759	2
7760	2
7761	2
7762	3
7763	2
7764	2
7765	3
7766	2
7767	2
7768	2
7769	2
7770	2
7771	2
7772	3
7773	2
7774	2
7775	3
7776	1
7777	2
7778	2
7779	2
7780	1
7781	2
7782	0
7783	2
7784	2
7785	1
7786	2
7787	2
7788	2
7789	2
7790	3
7791	1
7792	2
7793	3
7794	2
7795	3
7796	2
7797	3
7798	0
7799	2
7800	3
7801	1
7802	2
7803	1
7804	0
7805	2
7806	2
7807	2
7808	1
7809	3
7810	2
7811	2
7812	2
7813	2
7814	3
7815	2
7816	2
7817	3
7818	3
7819	1
7820	3
7821	0
7822	2
7823	0
7824	2
7825	0
7826	3
7827	3
7828	3
7829	2
7830	2
7831	3
7832	2
7833	3
7834	2
7835	2
7836	1
7837	2
7838	2
7839	2
7840	2
7841	3
7842	0
7843	3
7844	2
7845	2
7846	3
7847	2
7848	3
7849	0
7850	2
7851	1
7852	3
7853	0
7854	3
7855	2
7856	3
7857	2
7858	0
7859	2
7860	2
7861	2
7862	2
7863	3
7864	3
7865	3
7866	2
7867	3
7868	3
7869	0
7870	2
7871	0
7872	2
7873	0
7874	2
7875	3
7876	3
7877	3
7878	2
7879	2
7880	2
7881	2
7882	3
7883	0
7884	2
7885	0
7886	0
7887	2
7888	2
7889	2
7890	1
7891	2
7892	0
7893	0
7894	2
7895	3
7896	2
7897	2
7898	0
7899	2
7900	1
7901	1
7902	2
7903	2
7904	3
7905	3
7906	2
7907	2
7908	2
7909	2
7910	1
7911	2
7912	3
7913	2
7914	3
7915	2
7916	1
7917	2
7918	2
7919	3
7920	2
7921	2
7922	0
7923	1
7924	3
7925	3
7926	3
7927	0
7928	2
7929	0
7930	2
7931	0
7932	0
7933	0
7934	2
7935	2
7936	1
7937	2
7938	2
7939	3
7940	2
7941	2
7942	2
7943	2
7944	0
7945	3
7946	3
7947	3
7948	2
7949	0
7950	2
7951	2
7952	2
7953	2
7954	2
7955	0
7956	2
7957	2
7958	2
7959	3
7960	2
7961	3
7962	2
7963	2
7964	3
7965	3
7966	1
7967	2
7968	2
7969	3
7970	0
7971	3
7972	3
7973	2
7974	2
7975	0
7976	1
7977	0
7978	2
7979	3
7980	3
7981	2
7982	3
7983	2
7984	3
7985	2
7986	0
7987	2
7988	2
7989	2
7990	2
7991	3
7992	3
7993	2
7994	2
7995	0
7996	2
7997	2
7998	2
7999	2
8000	2
8001	0
8002	2
8003	0
8004	3
8005	3
8006	2
8007	2
8008	2
8009	2
8010	3
8011	3
8012	3
8013	0
8014	0
8015	0
8016	2
8017	2
8018	0
8019	2
8020	2
8021	2
8022	2
8023	2
8024	3
8025	2
8026	0
8027	2
8028	2
8029	0
8030	0
8031	0
8032	0
8033	2
8034	2
8035	2
8036	0
8037	3
8038	2
8039	2
8040	2
8041	2
8042	2
8043	1
8044	3
8045	2
8046	2
8047	3
8048	0
8049	3
8050	0
8051	3
8052	2
8053	2
8054	0
8055	1
8056	3
8057	1
8058	2
8059	2
8060	2
8061	2
8062	0
8063	2
8064	2
8065	2
8066	2
8067	1
8068	2
8069	2
8070	3
8071	2
8072	2
8073	1
8074	3
8075	2
8076	2
8077	0
8078	1
8079	0
8080	2
8081	0
8082	2
8083	3
8084	2
8085	2
8086	2
8087	3
8088	2
8089	3
8090	2
8091	2
8092	3
8093	2
8094	2
8095	3
8096	0
8097	2
8098	1
8099	3
8100	3
8101	2
8102	3
8103	1
8104	2
8105	0
8106	2
8107	2
8108	2
8109	2
8110	1
8111	0
8112	3
8113	2
8114	2
8115	2
8116	3
8117	2
8118	0
8119	2
8120	0
8121	2
8122	2
8123	3
8124	0
8125	2
8126	0
8127	2
8128	2
8129	0
8130	2
8131	2
8132	2
8133	3
8134	2
8135	2
8136	2
8137	2
8138	3
8139	0
8140	3
8141	0
8142	0
8143	2
8144	2
8145	2
8146	2
8147	2
8148	2
8149	3
8150	2
8151	2
8152	3
8153	2
8154	0
8155	2
8156	2
8157	2
8158	3
8159	0
8160	2
8161	2
8162	2
8163	0
8164	2
8165	2
8166	2
8167	2
8168	2
8169	2
8170	3
8171	2
8172	2
8173	2
8174	0
8175	2
8176	2
8177	2
8178	3
8179	3
8180	3
8181	3
8182	2
8183	0
8184	3
8185	0
8186	2
8187	1
8188	0
8189	2
8190	2
8191	2
