COMMAND
./sim gshare 12 4 ./proj2-traces/jpeg_trace.txt
OUTPUT
number of predictions:2000000
number of mispredictions:145193
misprediction rate:   7.26%
FINAL GSHARE CONTENTS
0	2
1	0
2	2
3	2
4	2
5	2
6	2
7	3
8	2
9	2
10	2
11	1
12	0
13	2
14	3
15	0
16	2
17	2
18	2
19	3
20	2
21	2
22	2
23	2
24	3
25	2
26	2
27	3
28	2
29	3
30	2
31	0
32	2
33	3
34	2
35	2
36	2
37	2
38	3
39	3
40	2
41	2
42	3
43	0
44	2
45	3
46	0
47	3
48	0
49	0
50	2
51	0
52	1
53	2
54	0
55	2
56	2
57	3
58	3
59	3
60	3
61	3
62	3
63	1
64	2
65	2
66	0
67	0
68	0
69	2
70	3
71	3
72	2
73	2
74	2
75	3
76	0
77	2
78	2
79	0
80	3
81	2
82	2
83	2
84	0
85	3
86	2
87	3
88	2
89	0
90	2
91	2
92	2
93	2
94	3
95	2
96	2
97	2
98	2
99	2
100	2
101	3
102	0
103	2
104	0
105	2
106	2
107	2
108	2
109	2
110	2
111	3
112	2
113	2
114	3
115	3
116	3
117	2
118	0
119	0
120	0
121	0
122	2
123	2
124	0
125	2
126	3
127	2
128	3
129	2
130	3
131	3
132	2
133	0
134	2
135	2
136	0
137	0
138	2
139	1
140	2
141	2
142	2
143	2
144	3
145	3
146	2
147	1
148	2
149	2
150	2
151	2
152	3
153	2
154	3
155	2
156	0
157	2
158	2
159	3
160	0
161	2
162	2
163	2
164	2
165	0
166	3
167	0
168	2
169	2
170	3
171	3
172	2
173	2
174	2
175	3
176	3
177	2
178	2
179	2
180	3
181	0
182	2
183	3
184	0
185	0
186	2
187	2
188	2
189	3
190	3
191	1
192	3
193	2
194	2
195	3
196	2
197	2
198	2
199	2
200	2
201	2
202	2
203	0
204	3
205	0
206	2
207	2
208	2
209	2
210	2
211	2
212	2
213	0
214	2
215	2
216	2
217	0
218	2
219	0
220	3
221	0
222	2
223	0
224	2
225	3
226	3
227	1
228	2
229	3
230	2
231	2
232	3
233	3
234	3
235	0
236	2
237	2
238	2
239	2
240	1
241	0
242	3
243	0
244	2
245	2
246	2
247	2
248	3
249	2
250	2
251	1
252	3
253	0
254	2
255	0
256	2
257	1
258	0
259	2
260	2
261	2
262	2
263	3
264	3
265	2
266	3
267	1
268	2
269	0
270	3
271	2
272	3
273	2
274	2
275	3
276	1
277	2
278	2
279	0
280	3
281	1
282	2
283	3
284	2
285	3
286	2
287	0
288	3
289	2
290	2
291	0
292	0
293	2
294	2
295	3
296	2
297	3
298	1
299	2
300	3
301	0
302	3
303	2
304	2
305	0
306	0
307	2
308	3
309	2
310	2
311	3
312	2
313	2
314	3
315	2
316	2
317	3
318	3
319	3
320	2
321	3
322	0
323	0
324	3
325	2
326	3
327	3
328	3
329	2
330	2
331	2
332	3
333	2
334	2
335	0
336	2
337	0
338	2
339	2
340	2
341	3
342	2
343	2
344	2
345	0
346	3
347	0
348	2
349	2
350	2
351	0
352	3
353	2
354	0
355	2
356	0
357	0
358	3
359	2
360	2
361	3
362	2
363	0
364	2
365	0
366	2
367	0
368	0
369	2
370	0
371	2
372	3
373	0
374	0
375	0
376	0
377	2
378	3
379	3
380	0
381	0
382	2
383	0
384	3
385	0
386	3
387	2
388	0
389	3
390	3
391	2
392	3
393	2
394	3
395	0
396	2
397	3
398	2
399	2
400	3
401	2
402	2
403	0
404	3
405	1
406	3
407	2
408	2
409	3
410	3
411	2
412	3
413	2
414	2
415	0
416	2
417	2
418	2
419	3
420	2
421	0
422	2
423	2
424	2
425	3
426	2
427	2
428	3
429	0
430	2
431	3
432	2
433	2
434	2
435	3
436	3
437	0
438	0
439	2
440	2
441	2
442	2
443	2
444	2
445	2
446	0
447	1
448	2
449	2
450	3
451	3
452	2
453	3
454	2
455	3
456	3
457	2
458	0
459	2
460	3
461	2
462	0
463	2
464	2
465	2
466	0
467	0
468	3
469	0
470	2
471	3
472	2
473	0
474	3
475	0
476	3
477	0
478	2
479	2
480	2
481	2
482	3
483	0
484	0
485	2
486	2
487	3
488	2
489	2
490	2
491	2
492	0
493	0
494	2
495	3
496	0
497	2
498	1
499	0
500	3
501	2
502	2
503	3
504	3
505	0
506	2
507	1
508	3
509	2
510	2
511	0
512	2
513	3
514	2
515	2
516	2
517	3
518	2
519	3
520	3
521	0
522	2
523	0
524	3
525	0
526	3
527	0
528	2
529	2
530	3
531	3
532	1
533	3
534	2
535	2
536	2
537	2
538	2
539	0
540	2
541	0
542	2
543	2
544	3
545	2
546	1
547	0
548	2
549	2
550	0
551	2
552	0
553	1
554	2
555	2
556	3
557	0
558	3
559	3
560	2
561	2
562	0
563	2
564	0
565	2
566	3
567	2
568	3
569	2
570	3
571	3
572	0
573	3
574	3
575	3
576	2
577	2
578	0
579	3
580	2
581	2
582	3
583	3
584	0
585	1
586	2
587	2
588	3
589	3
590	2
591	0
592	3
593	3
594	2
595	3
596	0
597	2
598	3
599	2
600	2
601	3
602	3
603	0
604	1
605	2
606	2
607	2
608	1
609	3
610	3
611	2
612	2
613	3
614	3
615	2
616	2
617	2
618	3
619	2
620	3
621	0
622	2
623	1
624	3
625	2
626	2
627	3
628	2
629	2
630	2
631	0
632	1
633	0
634	3
635	3
636	3
637	3
638	2
639	2
640	2
641	2
642	3
643	3
644	2
645	1
646	2
647	2
648	2
649	2
650	2
651	0
652	2
653	3
654	2
655	2
656	3
657	3
658	2
659	2
660	2
661	1
662	2
663	3
664	2
665	3
666	3
667	0
668	3
669	3
670	3
671	3
672	2
673	1
674	3
675	0
676	0
677	0
678	2
679	3
680	2
681	3
682	2
683	3
684	2
685	0
686	1
687	3
688	3
689	1
690	2
691	0
692	3
693	2
694	2
695	2
696	0
697	2
698	2
699	3
700	3
701	2
702	3
703	1
704	3
705	2
706	2
707	2
708	2
709	2
710	2
711	2
712	1
713	3
714	2
715	0
716	3
717	2
718	2
719	0
720	0
721	2
722	2
723	0
724	0
725	0
726	2
727	2
728	1
729	2
730	3
731	0
732	2
733	2
734	3
735	2
736	2
737	2
738	0
739	0
740	2
741	2
742	1
743	2
744	2
745	3
746	2
747	2
748	2
749	2
750	2
751	0
752	1
753	2
754	0
755	0
756	3
757	0
758	3
759	3
760	2
761	2
762	2
763	2
764	0
765	3
766	2
767	0
768	0
769	0
770	2
771	3
772	0
773	0
774	2
775	3
776	2
777	0
778	0
779	3
780	0
781	2
782	2
783	0
784	3
785	2
786	2
787	3
788	3
789	2
790	3
791	2
792	2
793	0
794	2
795	0
796	3
797	1
798	3
799	0
800	0
801	2
802	0
803	1
804	3
805	3
806	0
807	2
808	2
809	3
810	3
811	2
812	2
813	0
814	3
815	2
816	3
817	3
818	0
819	2
820	2
821	2
822	3
823	3
824	2
825	1
826	2
827	2
828	0
829	3
830	3
831	0
832	0
833	3
834	2
835	2
836	2
837	2
838	3
839	2
840	2
841	2
842	3
843	0
844	2
845	2
846	3
847	2
848	2
849	2
850	0
851	2
852	0
853	3
854	2
855	0
856	3
857	2
858	2
859	2
860	2
861	2
862	2
863	2
864	3
865	3
866	0
867	2
868	1
869	3
870	2
871	2
872	2
873	0
874	2
875	2
876	2
877	2
878	2
879	3
880	0
881	0
882	0
883	2
884	3
885	2
886	1
887	2
888	1
889	2
890	3
891	2
892	2
893	0
894	0
895	2
896	2
897	2
898	2
899	3
900	3
901	3
902	3
903	2
904	3
905	0
906	2
907	0
908	2
909	2
910	2
911	2
912	2
913	3
914	2
915	1
916	2
917	3
918	2
919	3
920	0
921	2
922	2
923	2
924	3
925	2
926	3
927	2
928	3
929	1
930	2
931	0
932	2
933	3
934	0
935	0
936	2
937	2
938	2
939	0
940	2
941	2
942	3
943	3
944	2
945	1
946	3
947	0
948	3
949	2
950	2
951	2
952	0
953	2
954	0
955	2
956	2
957	0
958	3
959	2
960	2
961	2
962	2
963	2
964	3
965	2
966	2
967	1
968	2
969	2
970	2
971	2
972	3
973	1
974	3
975	2
976	3
977	2
978	2
979	0
980	3
981	0
982	2
983	2
984	2
985	1
986	3
987	0
988	2
989	2
990	2
991	2
992	3
993	3
994	0
995	1
996	2
997	2
998	2
999	2
1000	3
1001	2
1002	2
1003	0
1004	2
1005	0
1006	3
1007	2
1008	3
1009	2
1010	0
1011	2
1012	2
1013	1
1014	2
1015	0
1016	2
1017	2
1018	3
1019	3
1020	3
1021	1
1022	3
1023	0
1024	2
1025	2
1026	1
1027	2
1028	3
1029	0
1030	0
1031	3
1032	2
1033	2
1034	3
1035	2
1036	2
1037	2
1038	3
1039	0
1040	2
1041	2
1042	2
1043	3
1044	1
1045	2
1046	2
1047	2
1048	2
1049	0
1050	3
1051	0
1052	2
1053	0
1054	3
1055	3
1056	2
1057	1
1058	2
1059	0
1060	3
1061	2
1062	3
1063	2
1064	2
1065	2
1066	2
1067	3
1068	2
1069	2
1070	2
1071	2
1072	2
1073	3
1074	3
1075	2
1076	3
1077	3
1078	1
1079	3
1080	0
1081	2
1082	2
1083	3
1084	2
1085	3
1086	2
1087	3
1088	1
1089	2
1090	2
1091	0
1092	0
1093	3
1094	2
1095	0
1096	3
1097	2
1098	2
1099	2
1100	2
1101	2
1102	2
1103	0
1104	2
1105	2
1106	0
1107	2
1108	2
1109	2
1110	2
1111	3
1112	2
1113	2
1114	2
1115	2
1116	0
1117	2
1118	0
1119	0
1120	3
1121	2
1122	0
1123	0
1124	3
1125	2
1126	3
1127	2
1128	2
1129	2
1130	2
1131	3
1132	0
1133	2
1134	3
1135	3
1136	2
1137	2
1138	2
1139	0
1140	2
1141	2
1142	2
1143	0
1144	2
1145	2
1146	2
1147	0
1148	2
1149	3
1150	2
1151	2
1152	2
1153	2
1154	3
1155	0
1156	1
1157	0
1158	2
1159	2
1160	3
1161	3
1162	2
1163	1
1164	3
1165	2
1166	2
1167	2
1168	3
1169	3
1170	1
1171	1
1172	2
1173	2
1174	2
1175	2
1176	2
1177	3
1178	2
1179	2
1180	2
1181	0
1182	2
1183	3
1184	3
1185	3
1186	2
1187	2
1188	2
1189	0
1190	2
1191	0
1192	2
1193	3
1194	1
1195	2
1196	0
1197	2
1198	2
1199	0
1200	2
1201	3
1202	0
1203	2
1204	2
1205	3
1206	2
1207	0
1208	3
1209	0
1210	2
1211	2
1212	2
1213	2
1214	3
1215	2
1216	3
1217	3
1218	2
1219	1
1220	2
1221	2
1222	2
1223	2
1224	2
1225	3
1226	2
1227	3
1228	3
1229	3
1230	2
1231	2
1232	2
1233	2
1234	2
1235	0
1236	3
1237	0
1238	2
1239	2
1240	2
1241	2
1242	0
1243	0
1244	2
1245	2
1246	0
1247	2
1248	1
1249	2
1250	2
1251	0
1252	0
1253	0
1254	3
1255	3
1256	2
1257	2
1258	2
1259	2
1260	0
1261	0
1262	2
1263	2
1264	2
1265	2
1266	2
1267	0
1268	2
1269	3
1270	2
1271	2
1272	3
1273	0
1274	2
1275	2
1276	2
1277	2
1278	2
1279	2
1280	2
1281	3
1282	0
1283	2
1284	2
1285	3
1286	3
1287	3
1288	1
1289	2
1290	3
1291	0
1292	0
1293	2
1294	0
1295	2
1296	3
1297	2
1298	2
1299	3
1300	3
1301	0
1302	2
1303	0
1304	2
1305	3
1306	3
1307	2
1308	0
1309	0
1310	1
1311	2
1312	0
1313	0
1314	2
1315	0
1316	3
1317	0
1318	2
1319	2
1320	3
1321	2
1322	2
1323	3
1324	2
1325	2
1326	3
1327	2
1328	3
1329	3
1330	3
1331	2
1332	3
1333	2
1334	0
1335	2
1336	2
1337	2
1338	3
1339	3
1340	2
1341	2
1342	3
1343	2
1344	3
1345	2
1346	2
1347	2
1348	2
1349	3
1350	0
1351	0
1352	3
1353	2
1354	3
1355	2
1356	1
1357	2
1358	2
1359	0
1360	3
1361	2
1362	2
1363	2
1364	2
1365	2
1366	2
1367	0
1368	0
1369	0
1370	2
1371	3
1372	2
1373	2
1374	2
1375	2
1376	3
1377	3
1378	2
1379	2
1380	2
1381	2
1382	0
1383	2
1384	2
1385	3
1386	2
1387	0
1388	0
1389	2
1390	2
1391	0
1392	2
1393	2
1394	3
1395	3
1396	3
1397	2
1398	2
1399	3
1400	3
1401	2
1402	3
1403	2
1404	3
1405	3
1406	1
1407	0
1408	2
1409	3
1410	3
1411	2
1412	0
1413	3
1414	3
1415	2
1416	3
1417	2
1418	2
1419	0
1420	3
1421	0
1422	2
1423	0
1424	3
1425	3
1426	2
1427	2
1428	2
1429	2
1430	2
1431	2
1432	2
1433	2
1434	1
1435	2
1436	2
1437	3
1438	2
1439	3
1440	2
1441	3
1442	2
1443	3
1444	2
1445	2
1446	2
1447	0
1448	0
1449	2
1450	2
1451	3
1452	3
1453	2
1454	2
1455	2
1456	2
1457	0
1458	0
1459	2
1460	3
1461	2
1462	3
1463	0
1464	3
1465	2
1466	3
1467	2
1468	2
1469	2
1470	3
1471	0
1472	3
1473	2
1474	2
1475	2
1476	2
1477	2
1478	2
1479	1
1480	2
1481	0
1482	2
1483	3
1484	3
1485	3
1486	2
1487	2
1488	2
1489	2
1490	2
1491	3
1492	3
1493	3
1494	0
1495	2
1496	2
1497	0
1498	3
1499	0
1500	0
1501	2
1502	2
1503	2
1504	2
1505	2
1506	0
1507	0
1508	2
1509	2
1510	3
1511	2
1512	2
1513	2
1514	2
1515	3
1516	2
1517	2
1518	2
1519	2
1520	2
1521	0
1522	3
1523	2
1524	2
1525	1
1526	0
1527	2
1528	3
1529	0
1530	3
1531	2
1532	3
1533	0
1534	2
1535	0
1536	2
1537	0
1538	1
1539	2
1540	0
1541	2
1542	2
1543	2
1544	3
1545	3
1546	2
1547	0
1548	0
1549	2
1550	3
1551	0
1552	3
1553	2
1554	2
1555	2
1556	2
1557	2
1558	2
1559	2
1560	2
1561	0
1562	3
1563	2
1564	2
1565	2
1566	1
1567	3
1568	3
1569	2
1570	2
1571	3
1572	2
1573	0
1574	2
1575	1
1576	2
1577	3
1578	2
1579	2
1580	1
1581	0
1582	3
1583	3
1584	2
1585	2
1586	2
1587	2
1588	2
1589	1
1590	3
1591	3
1592	2
1593	3
1594	2
1595	3
1596	0
1597	3
1598	2
1599	2
1600	2
1601	0
1602	2
1603	0
1604	2
1605	2
1606	2
1607	3
1608	3
1609	2
1610	2
1611	2
1612	3
1613	0
1614	2
1615	3
1616	0
1617	2
1618	2
1619	2
1620	2
1621	2
1622	2
1623	2
1624	2
1625	3
1626	0
1627	3
1628	3
1629	2
1630	2
1631	0
1632	2
1633	2
1634	2
1635	0
1636	2
1637	2
1638	3
1639	2
1640	2
1641	2
1642	2
1643	0
1644	2
1645	2
1646	3
1647	2
1648	2
1649	0
1650	2
1651	2
1652	2
1653	1
1654	0
1655	0
1656	3
1657	2
1658	0
1659	2
1660	3
1661	3
1662	3
1663	0
1664	2
1665	2
1666	3
1667	2
1668	0
1669	2
1670	2
1671	2
1672	3
1673	3
1674	2
1675	3
1676	2
1677	3
1678	3
1679	2
1680	3
1681	3
1682	0
1683	3
1684	2
1685	2
1686	2
1687	2
1688	0
1689	3
1690	2
1691	3
1692	2
1693	2
1694	2
1695	3
1696	2
1697	0
1698	3
1699	2
1700	2
1701	2
1702	3
1703	2
1704	2
1705	1
1706	2
1707	3
1708	1
1709	2
1710	2
1711	0
1712	2
1713	2
1714	3
1715	2
1716	3
1717	3
1718	3
1719	2
1720	2
1721	2
1722	2
1723	2
1724	2
1725	1
1726	3
1727	0
1728	2
1729	2
1730	2
1731	3
1732	2
1733	0
1734	2
1735	2
1736	2
1737	2
1738	2
1739	3
1740	3
1741	3
1742	2
1743	2
1744	2
1745	2
1746	2
1747	0
1748	3
1749	0
1750	2
1751	2
1752	2
1753	0
1754	3
1755	2
1756	3
1757	2
1758	3
1759	2
1760	2
1761	3
1762	2
1763	2
1764	2
1765	0
1766	3
1767	3
1768	1
1769	2
1770	2
1771	2
1772	2
1773	2
1774	2
1775	2
1776	0
1777	0
1778	3
1779	2
1780	0
1781	3
1782	3
1783	3
1784	3
1785	0
1786	2
1787	2
1788	3
1789	2
1790	3
1791	2
1792	3
1793	3
1794	0
1795	2
1796	0
1797	2
1798	3
1799	3
1800	3
1801	0
1802	1
1803	1
1804	0
1805	0
1806	2
1807	2
1808	0
1809	2
1810	2
1811	3
1812	0
1813	2
1814	2
1815	2
1816	2
1817	1
1818	2
1819	3
1820	0
1821	0
1822	2
1823	2
1824	0
1825	0
1826	2
1827	3
1828	1
1829	3
1830	2
1831	2
1832	1
1833	3
1834	2
1835	2
1836	0
1837	2
1838	1
1839	2
1840	2
1841	2
1842	0
1843	2
1844	3
1845	2
1846	3
1847	2
1848	0
1849	0
1850	2
1851	2
1852	0
1853	2
1854	3
1855	2
1856	0
1857	1
1858	2
1859	0
1860	2
1861	2
1862	0
1863	3
1864	2
1865	2
1866	2
1867	3
1868	3
1869	0
1870	3
1871	3
1872	2
1873	2
1874	2
1875	3
1876	0
1877	2
1878	2
1879	0
1880	2
1881	2
1882	3
1883	2
1884	3
1885	2
1886	2
1887	2
1888	0
1889	3
1890	2
1891	2
1892	0
1893	2
1894	3
1895	2
1896	2
1897	2
1898	2
1899	2
1900	3
1901	2
1902	2
1903	2
1904	2
1905	3
1906	2
1907	3
1908	3
1909	2
1910	0
1911	0
1912	3
1913	2
1914	3
1915	2
1916	0
1917	2
1918	3
1919	0
1920	2
1921	0
1922	1
1923	1
1924	1
1925	3
1926	2
1927	2
1928	0
1929	2
1930	2
1931	1
1932	2
1933	2
1934	3
1935	2
1936	3
1937	3
1938	0
1939	0
1940	2
1941	2
1942	3
1943	2
1944	2
1945	3
1946	2
1947	2
1948	2
1949	2
1950	2
1951	3
1952	3
1953	2
1954	3
1955	0
1956	2
1957	3
1958	2
1959	3
1960	2
1961	2
1962	2
1963	3
1964	2
1965	2
1966	2
1967	2
1968	2
1969	2
1970	0
1971	3
1972	3
1973	0
1974	2
1975	2
1976	2
1977	2
1978	2
1979	3
1980	2
1981	2
1982	3
1983	1
1984	3
1985	2
1986	0
1987	2
1988	0
1989	0
1990	2
1991	0
1992	3
1993	3
1994	2
1995	3
1996	1
1997	3
1998	3
1999	2
2000	2
2001	2
2002	2
2003	2
2004	2
2005	3
2006	1
2007	0
2008	0
2009	0
2010	3
2011	2
2012	2
2013	2
2014	2
2015	3
2016	3
2017	2
2018	3
2019	2
2020	2
2021	2
2022	3
2023	1
2024	2
2025	2
2026	2
2027	2
2028	0
2029	2
2030	2
2031	2
2032	3
2033	2
2034	2
2035	2
2036	2
2037	3
2038	1
2039	3
2040	3
2041	2
2042	3
2043	2
2044	3
2045	2
2046	3
2047	0
2048	3
2049	2
2050	0
2051	2
2052	0
2053	2
2054	2
2055	3
2056	1
2057	2
2058	2
2059	0
2060	0
2061	2
2062	0
2063	2
2064	2
2065	1
2066	2
2067	2
2068	0
2069	2
2070	3
2071	2
2072	2
2073	0
2074	3
2075	2
2076	1
2077	2
2078	2
2079	1
2080	2
2081	2
2082	2
2083	0
2084	2
2085	2
2086	0
2087	2
2088	2
2089	0
2090	2
2091	3
2092	3
2093	0
2094	3
2095	2
2096	3
2097	3
2098	0
2099	2
2100	2
2101	2
2102	3
2103	0
2104	3
2105	2
2106	1
2107	2
2108	2
2109	2
2110	0
2111	2
2112	2
2113	2
2114	3
2115	3
2116	2
2117	2
2118	2
2119	2
2120	2
2121	2
2122	2
2123	3
2124	3
2125	2
2126	1
2127	2
2128	1
2129	2
2130	1
2131	0
2132	2
2133	0
2134	1
2135	3
2136	2
2137	3
2138	2
2139	2
2140	1
2141	1
2142	2
2143	3
2144	0
2145	0
2146	0
2147	2
2148	2
2149	2
2150	0
2151	2
2152	2
2153	2
2154	0
2155	2
2156	0
2157	2
2158	0
2159	2
2160	2
2161	3
2162	2
2163	0
2164	2
2165	3
2166	0
2167	0
2168	3
2169	2
2170	2
2171	3
2172	2
2173	2
2174	2
2175	3
2176	2
2177	2
2178	3
2179	2
2180	0
2181	2
2182	2
2183	1
2184	2
2185	3
2186	2
2187	2
2188	2
2189	2
2190	2
2191	2
2192	3
2193	3
2194	2
2195	3
2196	2
2197	2
2198	2
2199	3
2200	2
2201	0
2202	2
2203	2
2204	2
2205	2
2206	1
2207	0
2208	1
2209	2
2210	2
2211	2
2212	2
2213	2
2214	1
2215	2
2216	2
2217	2
2218	2
2219	2
2220	0
2221	2
2222	3
2223	2
2224	3
2225	3
2226	2
2227	3
2228	3
2229	2
2230	2
2231	2
2232	2
2233	2
2234	2
2235	2
2236	0
2237	0
2238	3
2239	2
2240	3
2241	1
2242	2
2243	2
2244	2
2245	2
2246	2
2247	1
2248	3
2249	0
2250	2
2251	3
2252	2
2253	2
2254	3
2255	1
2256	2
2257	2
2258	0
2259	2
2260	2
2261	0
2262	0
2263	2
2264	0
2265	3
2266	3
2267	2
2268	3
2269	3
2270	2
2271	2
2272	3
2273	3
2274	2
2275	1
2276	0
2277	2
2278	1
2279	2
2280	2
2281	1
2282	3
2283	0
2284	2
2285	2
2286	3
2287	2
2288	3
2289	2
2290	2
2291	2
2292	2
2293	2
2294	2
2295	2
2296	3
2297	2
2298	2
2299	2
2300	1
2301	3
2302	2
2303	3
2304	3
2305	2
2306	3
2307	2
2308	0
2309	2
2310	3
2311	3
2312	3
2313	2
2314	0
2315	2
2316	1
2317	2
2318	0
2319	2
2320	3
2321	2
2322	2
2323	3
2324	3
2325	2
2326	2
2327	2
2328	2
2329	0
2330	3
2331	2
2332	2
2333	1
2334	2
2335	2
2336	0
2337	3
2338	2
2339	0
2340	3
2341	3
2342	3
2343	3
2344	2
2345	3
2346	0
2347	2
2348	2
2349	0
2350	3
2351	2
2352	2
2353	0
2354	0
2355	3
2356	3
2357	2
2358	3
2359	0
2360	2
2361	2
2362	2
2363	0
2364	2
2365	3
2366	3
2367	2
2368	3
2369	0
2370	3
2371	2
2372	2
2373	3
2374	3
2375	2
2376	3
2377	3
2378	1
2379	2
2380	3
2381	0
2382	3
2383	0
2384	2
2385	1
2386	2
2387	2
2388	2
2389	0
2390	0
2391	3
2392	2
2393	2
2394	2
2395	3
2396	0
2397	2
2398	2
2399	0
2400	2
2401	0
2402	1
2403	2
2404	2
2405	1
2406	3
2407	2
2408	2
2409	2
2410	1
2411	0
2412	0
2413	2
2414	0
2415	0
2416	2
2417	3
2418	3
2419	2
2420	2
2421	3
2422	0
2423	0
2424	0
2425	3
2426	1
2427	3
2428	3
2429	3
2430	2
2431	3
2432	2
2433	0
2434	2
2435	2
2436	1
2437	2
2438	0
2439	3
2440	1
2441	3
2442	2
2443	1
2444	2
2445	3
2446	3
2447	2
2448	3
2449	2
2450	2
2451	2
2452	2
2453	2
2454	3
2455	2
2456	3
2457	3
2458	3
2459	3
2460	3
2461	0
2462	1
2463	2
2464	2
2465	2
2466	3
2467	0
2468	3
2469	1
2470	2
2471	3
2472	2
2473	2
2474	2
2475	1
2476	3
2477	0
2478	2
2479	3
2480	2
2481	3
2482	0
2483	2
2484	2
2485	2
2486	2
2487	2
2488	2
2489	2
2490	2
2491	2
2492	2
2493	2
2494	3
2495	0
2496	3
2497	2
2498	2
2499	2
2500	2
2501	2
2502	2
2503	3
2504	2
2505	0
2506	2
2507	3
2508	2
2509	2
2510	2
2511	2
2512	3
2513	1
2514	2
2515	2
2516	2
2517	3
2518	0
2519	2
2520	0
2521	3
2522	3
2523	2
2524	3
2525	2
2526	2
2527	3
2528	2
2529	2
2530	2
2531	1
2532	3
2533	2
2534	2
2535	3
2536	2
2537	2
2538	2
2539	0
2540	3
2541	1
2542	2
2543	2
2544	3
2545	2
2546	2
2547	2
2548	2
2549	3
2550	2
2551	2
2552	1
2553	3
2554	3
2555	1
2556	0
2557	1
2558	2
2559	3
2560	0
2561	3
2562	2
2563	3
2564	0
2565	2
2566	3
2567	3
2568	2
2569	2
2570	3
2571	0
2572	1
2573	2
2574	3
2575	3
2576	2
2577	2
2578	2
2579	1
2580	2
2581	2
2582	2
2583	3
2584	0
2585	0
2586	3
2587	3
2588	2
2589	2
2590	2
2591	3
2592	0
2593	0
2594	0
2595	3
2596	0
2597	2
2598	0
2599	3
2600	2
2601	3
2602	3
2603	2
2604	3
2605	0
2606	0
2607	2
2608	3
2609	3
2610	2
2611	3
2612	1
2613	2
2614	3
2615	1
2616	2
2617	2
2618	2
2619	2
2620	3
2621	3
2622	2
2623	0
2624	1
2625	3
2626	3
2627	0
2628	2
2629	3
2630	0
2631	3
2632	1
2633	0
2634	2
2635	2
2636	3
2637	2
2638	2
2639	2
2640	3
2641	2
2642	3
2643	0
2644	2
2645	0
2646	3
2647	1
2648	3
2649	0
2650	2
2651	3
2652	2
2653	3
2654	2
2655	3
2656	1
2657	3
2658	2
2659	2
2660	2
2661	2
2662	2
2663	0
2664	2
2665	2
2666	2
2667	2
2668	3
2669	2
2670	0
2671	3
2672	0
2673	2
2674	2
2675	2
2676	2
2677	2
2678	0
2679	0
2680	0
2681	2
2682	0
2683	3
2684	3
2685	3
2686	3
2687	3
2688	2
2689	2
2690	1
2691	2
2692	2
2693	3
2694	3
2695	2
2696	2
2697	3
2698	3
2699	2
2700	2
2701	3
2702	2
2703	3
2704	3
2705	2
2706	2
2707	2
2708	2
2709	2
2710	2
2711	3
2712	2
2713	3
2714	3
2715	2
2716	0
2717	2
2718	3
2719	0
2720	0
2721	2
2722	2
2723	2
2724	3
2725	0
2726	2
2727	2
2728	3
2729	0
2730	0
2731	2
2732	2
2733	3
2734	2
2735	3
2736	3
2737	2
2738	2
2739	2
2740	2
2741	2
2742	2
2743	2
2744	0
2745	2
2746	2
2747	1
2748	0
2749	3
2750	3
2751	0
2752	3
2753	3
2754	3
2755	2
2756	2
2757	2
2758	3
2759	3
2760	2
2761	2
2762	2
2763	2
2764	2
2765	1
2766	2
2767	2
2768	3
2769	2
2770	2
2771	2
2772	0
2773	0
2774	2
2775	2
2776	2
2777	2
2778	2
2779	2
2780	2
2781	2
2782	2
2783	2
2784	2
2785	2
2786	1
2787	0
2788	2
2789	2
2790	3
2791	1
2792	2
2793	3
2794	3
2795	0
2796	2
2797	0
2798	3
2799	2
2800	3
2801	3
2802	2
2803	2
2804	0
2805	0
2806	0
2807	2
2808	3
2809	0
2810	2
2811	2
2812	1
2813	2
2814	2
2815	3
2816	2
2817	3
2818	0
2819	2
2820	2
2821	2
2822	2
2823	2
2824	1
2825	3
2826	3
2827	3
2828	2
2829	2
2830	3
2831	2
2832	3
2833	3
2834	2
2835	1
2836	2
2837	0
2838	2
2839	2
2840	2
2841	2
2842	2
2843	2
2844	2
2845	3
2846	3
2847	3
2848	0
2849	3
2850	2
2851	3
2852	2
2853	2
2854	3
2855	2
2856	2
2857	2
2858	3
2859	3
2860	2
2861	0
2862	2
2863	3
2864	2
2865	3
2866	3
2867	2
2868	2
2869	3
2870	3
2871	2
2872	2
2873	2
2874	2
2875	0
2876	3
2877	2
2878	0
2879	0
2880	3
2881	2
2882	2
2883	3
2884	2
2885	2
2886	3
2887	3
2888	2
2889	2
2890	2
2891	2
2892	2
2893	0
2894	2
2895	2
2896	2
2897	2
2898	2
2899	2
2900	2
2901	2
2902	2
2903	1
2904	2
2905	2
2906	1
2907	2
2908	0
2909	2
2910	2
2911	0
2912	2
2913	3
2914	2
2915	2
2916	1
2917	2
2918	3
2919	0
2920	2
2921	2
2922	3
2923	2
2924	3
2925	2
2926	1
2927	2
2928	2
2929	2
2930	2
2931	2
2932	3
2933	2
2934	3
2935	0
2936	3
2937	2
2938	0
2939	2
2940	2
2941	2
2942	2
2943	2
2944	2
2945	3
2946	3
2947	2
2948	2
2949	2
2950	2
2951	2
2952	0
2953	2
2954	3
2955	1
2956	2
2957	3
2958	2
2959	2
2960	3
2961	3
2962	2
2963	2
2964	2
2965	2
2966	3
2967	3
2968	2
2969	3
2970	3
2971	0
2972	2
2973	2
2974	2
2975	0
2976	2
2977	0
2978	2
2979	2
2980	2
2981	0
2982	0
2983	0
2984	2
2985	3
2986	2
2987	2
2988	0
2989	2
2990	2
2991	2
2992	2
2993	2
2994	0
2995	3
2996	2
2997	0
2998	2
2999	0
3000	2
3001	0
3002	2
3003	2
3004	2
3005	2
3006	3
3007	2
3008	3
3009	2
3010	3
3011	2
3012	0
3013	2
3014	2
3015	2
3016	3
3017	0
3018	2
3019	2
3020	2
3021	2
3022	2
3023	2
3024	2
3025	2
3026	2
3027	2
3028	2
3029	3
3030	0
3031	3
3032	0
3033	0
3034	3
3035	2
3036	2
3037	3
3038	0
3039	0
3040	0
3041	2
3042	2
3043	2
3044	2
3045	3
3046	2
3047	3
3048	2
3049	2
3050	2
3051	1
3052	2
3053	3
3054	2
3055	2
3056	3
3057	3
3058	3
3059	2
3060	2
3061	0
3062	0
3063	3
3064	3
3065	2
3066	2
3067	0
3068	0
3069	3
3070	2
3071	2
3072	3
3073	0
3074	2
3075	2
3076	3
3077	0
3078	1
3079	3
3080	3
3081	2
3082	3
3083	0
3084	0
3085	2
3086	3
3087	0
3088	0
3089	2
3090	3
3091	2
3092	2
3093	3
3094	3
3095	2
3096	2
3097	0
3098	0
3099	2
3100	2
3101	3
3102	3
3103	3
3104	3
3105	2
3106	3
3107	0
3108	3
3109	2
3110	3
3111	2
3112	2
3113	3
3114	0
3115	3
3116	3
3117	2
3118	2
3119	2
3120	2
3121	2
3122	2
3123	2
3124	3
3125	3
3126	3
3127	1
3128	2
3129	1
3130	3
3131	3
3132	0
3133	0
3134	0
3135	0
3136	2
3137	2
3138	2
3139	3
3140	2
3141	0
3142	2
3143	3
3144	2
3145	0
3146	3
3147	0
3148	2
3149	3
3150	2
3151	2
3152	0
3153	2
3154	2
3155	2
3156	2
3157	2
3158	3
3159	2
3160	3
3161	0
3162	2
3163	2
3164	2
3165	2
3166	0
3167	0
3168	0
3169	0
3170	2
3171	0
3172	2
3173	2
3174	0
3175	3
3176	0
3177	2
3178	2
3179	0
3180	0
3181	2
3182	0
3183	2
3184	2
3185	2
3186	0
3187	1
3188	2
3189	2
3190	0
3191	0
3192	0
3193	2
3194	3
3195	3
3196	2
3197	2
3198	2
3199	0
3200	2
3201	3
3202	2
3203	2
3204	2
3205	0
3206	2
3207	1
3208	0
3209	3
3210	2
3211	3
3212	2
3213	3
3214	3
3215	2
3216	2
3217	3
3218	2
3219	3
3220	2
3221	2
3222	3
3223	3
3224	2
3225	1
3226	0
3227	2
3228	0
3229	3
3230	2
3231	3
3232	3
3233	2
3234	3
3235	0
3236	3
3237	0
3238	3
3239	0
3240	2
3241	2
3242	2
3243	3
3244	3
3245	2
3246	1
3247	2
3248	2
3249	0
3250	3
3251	2
3252	2
3253	0
3254	3
3255	3
3256	2
3257	0
3258	2
3259	2
3260	0
3261	2
3262	3
3263	0
3264	0
3265	2
3266	3
3267	2
3268	0
3269	3
3270	2
3271	3
3272	2
3273	0
3274	2
3275	3
3276	2
3277	3
3278	2
3279	0
3280	0
3281	2
3282	2
3283	0
3284	2
3285	0
3286	2
3287	2
3288	2
3289	2
3290	3
3291	0
3292	3
3293	2
3294	3
3295	3
3296	2
3297	2
3298	2
3299	0
3300	2
3301	3
3302	3
3303	3
3304	2
3305	3
3306	0
3307	0
3308	0
3309	2
3310	0
3311	2
3312	3
3313	2
3314	3
3315	0
3316	2
3317	0
3318	0
3319	2
3320	3
3321	0
3322	2
3323	3
3324	2
3325	2
3326	2
3327	3
3328	3
3329	0
3330	2
3331	2
3332	3
3333	2
3334	3
3335	3
3336	3
3337	1
3338	2
3339	2
3340	0
3341	2
3342	2
3343	1
3344	2
3345	2
3346	3
3347	0
3348	0
3349	2
3350	2
3351	2
3352	3
3353	2
3354	0
3355	3
3356	3
3357	3
3358	3
3359	2
3360	3
3361	2
3362	3
3363	0
3364	2
3365	2
3366	3
3367	2
3368	2
3369	2
3370	3
3371	2
3372	2
3373	3
3374	3
3375	0
3376	0
3377	2
3378	2
3379	3
3380	3
3381	3
3382	3
3383	3
3384	2
3385	3
3386	2
3387	2
3388	2
3389	2
3390	2
3391	2
3392	0
3393	0
3394	0
3395	3
3396	3
3397	2
3398	2
3399	2
3400	3
3401	2
3402	2
3403	2
3404	0
3405	2
3406	1
3407	2
3408	0
3409	3
3410	2
3411	2
3412	2
3413	2
3414	2
3415	0
3416	2
3417	3
3418	3
3419	2
3420	1
3421	3
3422	2
3423	2
3424	2
3425	2
3426	2
3427	0
3428	2
3429	3
3430	3
3431	2
3432	2
3433	2
3434	0
3435	2
3436	2
3437	2
3438	0
3439	2
3440	0
3441	2
3442	3
3443	3
3444	2
3445	3
3446	2
3447	0
3448	1
3449	2
3450	3
3451	3
3452	0
3453	2
3454	3
3455	0
3456	3
3457	0
3458	2
3459	3
3460	3
3461	2
3462	2
3463	3
3464	2
3465	3
3466	2
3467	3
3468	2
3469	3
3470	2
3471	2
3472	3
3473	2
3474	2
3475	3
3476	2
3477	3
3478	3
3479	2
3480	0
3481	2
3482	2
3483	2
3484	3
3485	3
3486	2
3487	3
3488	2
3489	3
3490	1
3491	3
3492	3
3493	1
3494	2
3495	0
3496	2
3497	3
3498	2
3499	2
3500	0
3501	0
3502	3
3503	3
3504	0
3505	0
3506	3
3507	0
3508	3
3509	3
3510	0
3511	2
3512	2
3513	1
3514	2
3515	0
3516	0
3517	2
3518	3
3519	2
3520	2
3521	2
3522	2
3523	3
3524	2
3525	2
3526	2
3527	2
3528	2
3529	2
3530	2
3531	3
3532	3
3533	3
3534	2
3535	1
3536	2
3537	2
3538	2
3539	3
3540	2
3541	2
3542	2
3543	2
3544	2
3545	2
3546	2
3547	3
3548	2
3549	2
3550	2
3551	2
3552	3
3553	3
3554	2
3555	2
3556	2
3557	2
3558	3
3559	3
3560	2
3561	0
3562	2
3563	2
3564	2
3565	2
3566	2
3567	3
3568	1
3569	0
3570	3
3571	0
3572	2
3573	2
3574	2
3575	2
3576	3
3577	2
3578	2
3579	2
3580	2
3581	1
3582	2
3583	0
3584	3
3585	1
3586	2
3587	2
3588	2
3589	3
3590	2
3591	3
3592	0
3593	1
3594	0
3595	3
3596	1
3597	2
3598	3
3599	0
3600	2
3601	2
3602	3
3603	2
3604	0
3605	2
3606	2
3607	2
3608	3
3609	0
3610	0
3611	3
3612	0
3613	2
3614	2
3615	2
3616	3
3617	3
3618	3
3619	2
3620	2
3621	2
3622	2
3623	3
3624	2
3625	3
3626	3
3627	3
3628	2
3629	3
3630	2
3631	2
3632	2
3633	2
3634	2
3635	2
3636	3
3637	2
3638	2
3639	2
3640	3
3641	2
3642	2
3643	2
3644	2
3645	2
3646	2
3647	1
3648	0
3649	2
3650	2
3651	3
3652	3
3653	2
3654	2
3655	2
3656	3
3657	2
3658	3
3659	3
3660	0
3661	2
3662	2
3663	2
3664	2
3665	3
3666	2
3667	0
3668	2
3669	0
3670	2
3671	0
3672	0
3673	3
3674	2
3675	3
3676	3
3677	0
3678	1
3679	0
3680	2
3681	2
3682	2
3683	2
3684	2
3685	2
3686	3
3687	3
3688	3
3689	2
3690	3
3691	2
3692	0
3693	2
3694	0
3695	2
3696	3
3697	2
3698	2
3699	2
3700	2
3701	2
3702	0
3703	0
3704	1
3705	3
3706	3
3707	3
3708	0
3709	3
3710	0
3711	0
3712	2
3713	2
3714	3
3715	3
3716	2
3717	3
3718	2
3719	2
3720	2
3721	3
3722	2
3723	2
3724	3
3725	3
3726	2
3727	2
3728	2
3729	3
3730	3
3731	3
3732	2
3733	2
3734	2
3735	3
3736	2
3737	2
3738	2
3739	2
3740	2
3741	2
3742	2
3743	0
3744	2
3745	2
3746	2
3747	2
3748	1
3749	0
3750	3
3751	0
3752	2
3753	2
3754	2
3755	2
3756	0
3757	2
3758	2
3759	2
3760	2
3761	0
3762	2
3763	2
3764	2
3765	2
3766	2
3767	2
3768	0
3769	0
3770	2
3771	0
3772	1
3773	3
3774	3
3775	1
3776	2
3777	2
3778	2
3779	0
3780	2
3781	2
3782	3
3783	2
3784	2
3785	0
3786	2
3787	2
3788	2
3789	3
3790	2
3791	2
3792	0
3793	2
3794	2
3795	3
3796	2
3797	0
3798	2
3799	2
3800	1
3801	3
3802	2
3803	2
3804	1
3805	2
3806	3
3807	0
3808	0
3809	2
3810	3
3811	2
3812	3
3813	3
3814	3
3815	0
3816	2
3817	2
3818	2
3819	0
3820	2
3821	0
3822	2
3823	2
3824	0
3825	0
3826	2
3827	2
3828	3
3829	3
3830	3
3831	2
3832	3
3833	0
3834	2
3835	2
3836	3
3837	0
3838	3
3839	0
3840	3
3841	3
3842	1
3843	2
3844	3
3845	2
3846	3
3847	3
3848	2
3849	0
3850	0
3851	3
3852	0
3853	2
3854	0
3855	0
3856	2
3857	2
3858	2
3859	1
3860	2
3861	2
3862	2
3863	2
3864	3
3865	3
3866	2
3867	2
3868	0
3869	3
3870	2
3871	2
3872	2
3873	2
3874	2
3875	0
3876	3
3877	2
3878	3
3879	2
3880	2
3881	3
3882	3
3883	3
3884	3
3885	3
3886	3
3887	2
3888	3
3889	3
3890	2
3891	2
3892	3
3893	2
3894	2
3895	3
3896	2
3897	2
3898	2
3899	2
3900	0
3901	2
3902	2
3903	2
3904	1
3905	3
3906	2
3907	3
3908	3
3909	2
3910	2
3911	1
3912	0
3913	3
3914	2
3915	3
3916	0
3917	1
3918	2
3919	2
3920	0
3921	2
3922	2
3923	2
3924	2
3925	2
3926	3
3927	1
3928	2
3929	3
3930	3
3931	3
3932	2
3933	2
3934	0
3935	0
3936	1
3937	3
3938	3
3939	2
3940	2
3941	3
3942	3
3943	2
3944	3
3945	2
3946	2
3947	2
3948	0
3949	2
3950	0
3951	3
3952	2
3953	2
3954	2
3955	0
3956	2
3957	3
3958	2
3959	0
3960	0
3961	2
3962	3
3963	0
3964	0
3965	3
3966	1
3967	0
3968	2
3969	2
3970	3
3971	0
3972	0
3973	3
3974	2
3975	2
3976	2
3977	2
3978	2
3979	3
3980	1
3981	3
3982	2
3983	2
3984	3
3985	2
3986	3
3987	2
3988	3
3989	2
3990	0
3991	2
3992	2
3993	2
3994	2
3995	2
3996	3
3997	0
3998	2
3999	2
4000	2
4001	2
4002	3
4003	2
4004	3
4005	0
4006	3
4007	2
4008	2
4009	2
4010	0
4011	2
4012	3
4013	2
4014	2
4015	2
4016	2
4017	3
4018	0
4019	3
4020	2
4021	3
4022	3
4023	2
4024	2
4025	2
4026	2
4027	2
4028	3
4029	3
4030	3
4031	2
4032	2
4033	2
4034	2
4035	1
4036	0
4037	2
4038	2
4039	0
4040	2
4041	2
4042	3
4043	2
4044	2
4045	0
4046	0
4047	2
4048	3
4049	0
4050	2
4051	3
4052	2
4053	3
4054	2
4055	0
4056	3
4057	3
4058	2
4059	2
4060	1
4061	2
4062	2
4063	0
4064	2
4065	0
4066	2
4067	2
4068	3
4069	0
4070	2
4071	3
4072	2
4073	2
4074	2
4075	3
4076	2
4077	0
4078	2
4079	2
4080	3
4081	0
4082	2
4083	0
4084	0
4085	3
4086	2
4087	2
4088	2
4089	2
4090	0
4091	2
4092	2
4093	3
4094	2
4095	0
