COMMAND
./sim gshare 13 12 ./proj2-traces/gcc_trace.txt
OUTPUT
number of predictions:2000000
number of mispredictions:253554
misprediction rate:   12.68%
FINAL GSHARE CONTENTS
0	3
1	3
2	3
3	3
4	3
5	0
6	3
7	3
8	1
9	0
10	0
11	3
12	2
13	3
14	0
15	3
16	0
17	3
18	0
19	3
20	3
21	0
22	3
23	0
24	3
25	2
26	3
27	0
28	1
29	3
30	3
31	3
32	3
33	0
34	0
35	3
36	0
37	0
38	0
39	0
40	0
41	0
42	3
43	3
44	0
45	0
46	1
47	0
48	2
49	0
50	3
51	0
52	0
53	1
54	2
55	3
56	0
57	3
58	3
59	2
60	3
61	0
62	1
63	3
64	3
65	3
66	0
67	2
68	3
69	3
70	0
71	0
72	2
73	0
74	0
75	3
76	0
77	3
78	3
79	3
80	0
81	0
82	0
83	1
84	0
85	1
86	3
87	3
88	1
89	0
90	1
91	3
92	0
93	0
94	0
95	0
96	3
97	3
98	3
99	0
100	3
101	1
102	1
103	0
104	3
105	0
106	3
107	0
108	3
109	2
110	0
111	3
112	3
113	3
114	3
115	0
116	0
117	0
118	3
119	0
120	3
121	2
122	0
123	0
124	2
125	1
126	2
127	3
128	0
129	0
130	3
131	3
132	3
133	0
134	0
135	0
136	0
137	3
138	0
139	3
140	1
141	3
142	0
143	3
144	0
145	0
146	1
147	3
148	3
149	2
150	3
151	0
152	3
153	0
154	1
155	0
156	0
157	3
158	1
159	0
160	3
161	3
162	0
163	3
164	0
165	3
166	3
167	3
168	0
169	3
170	0
171	1
172	3
173	0
174	0
175	3
176	3
177	0
178	1
179	3
180	2
181	0
182	3
183	0
184	0
185	2
186	0
187	0
188	0
189	2
190	3
191	1
192	1
193	3
194	0
195	0
196	0
197	0
198	0
199	3
200	3
201	0
202	3
203	3
204	3
205	0
206	3
207	3
208	3
209	1
210	0
211	0
212	0
213	0
214	0
215	1
216	0
217	0
218	0
219	2
220	0
221	0
222	0
223	2
224	0
225	0
226	3
227	0
228	3
229	3
230	0
231	0
232	3
233	1
234	2
235	3
236	3
237	3
238	0
239	3
240	3
241	0
242	3
243	0
244	0
245	3
246	0
247	2
248	0
249	3
250	3
251	0
252	2
253	0
254	3
255	1
256	3
257	2
258	0
259	0
260	3
261	0
262	3
263	0
264	3
265	2
266	3
267	3
268	3
269	0
270	1
271	0
272	3
273	3
274	3
275	0
276	1
277	3
278	3
279	3
280	1
281	3
282	3
283	0
284	1
285	3
286	3
287	2
288	1
289	0
290	0
291	0
292	0
293	0
294	1
295	0
296	0
297	2
298	0
299	0
300	2
301	3
302	1
303	0
304	0
305	2
306	0
307	1
308	0
309	3
310	3
311	1
312	3
313	0
314	0
315	0
316	3
317	3
318	2
319	3
320	3
321	0
322	3
323	0
324	0
325	2
326	0
327	0
328	0
329	3
330	0
331	0
332	1
333	2
334	3
335	0
336	3
337	2
338	1
339	0
340	3
341	2
342	3
343	1
344	0
345	3
346	1
347	2
348	1
349	3
350	0
351	0
352	3
353	0
354	3
355	3
356	3
357	0
358	0
359	3
360	0
361	2
362	2
363	3
364	3
365	1
366	0
367	0
368	0
369	3
370	3
371	1
372	3
373	3
374	0
375	3
376	3
377	0
378	0
379	0
380	3
381	0
382	3
383	0
384	3
385	1
386	1
387	0
388	3
389	0
390	3
391	0
392	0
393	3
394	3
395	0
396	0
397	0
398	3
399	2
400	1
401	0
402	0
403	0
404	3
405	1
406	3
407	3
408	1
409	0
410	0
411	0
412	3
413	3
414	2
415	2
416	3
417	3
418	0
419	0
420	2
421	0
422	0
423	0
424	3
425	1
426	1
427	3
428	0
429	0
430	3
431	3
432	3
433	0
434	3
435	1
436	2
437	0
438	0
439	0
440	0
441	3
442	3
443	0
444	0
445	1
446	3
447	3
448	2
449	3
450	0
451	3
452	0
453	3
454	0
455	2
456	2
457	2
458	3
459	3
460	1
461	3
462	3
463	3
464	1
465	3
466	0
467	3
468	0
469	0
470	0
471	3
472	0
473	3
474	3
475	3
476	0
477	0
478	3
479	3
480	3
481	3
482	3
483	3
484	0
485	0
486	0
487	0
488	0
489	3
490	3
491	3
492	2
493	3
494	3
495	2
496	3
497	3
498	0
499	0
500	0
501	3
502	0
503	0
504	3
505	0
506	0
507	3
508	0
509	1
510	0
511	2
512	1
513	3
514	0
515	3
516	3
517	3
518	3
519	2
520	3
521	0
522	0
523	3
524	0
525	0
526	2
527	2
528	0
529	1
530	1
531	1
532	1
533	0
534	2
535	3
536	0
537	0
538	0
539	0
540	1
541	0
542	0
543	0
544	0
545	3
546	1
547	0
548	0
549	0
550	1
551	1
552	1
553	0
554	1
555	1
556	3
557	0
558	2
559	1
560	2
561	3
562	2
563	0
564	0
565	0
566	2
567	3
568	1
569	2
570	1
571	3
572	3
573	3
574	3
575	0
576	3
577	3
578	2
579	3
580	3
581	1
582	0
583	0
584	3
585	2
586	3
587	0
588	3
589	0
590	0
591	0
592	0
593	0
594	0
595	3
596	0
597	0
598	3
599	0
600	3
601	2
602	3
603	0
604	3
605	2
606	0
607	0
608	3
609	0
610	2
611	0
612	0
613	3
614	2
615	3
616	3
617	3
618	3
619	0
620	3
621	2
622	3
623	0
624	0
625	0
626	3
627	0
628	3
629	2
630	0
631	0
632	0
633	0
634	0
635	3
636	3
637	2
638	3
639	3
640	0
641	0
642	0
643	3
644	3
645	3
646	3
647	0
648	0
649	3
650	3
651	3
652	0
653	3
654	3
655	2
656	1
657	0
658	3
659	3
660	0
661	0
662	3
663	0
664	3
665	3
666	0
667	3
668	3
669	1
670	0
671	3
672	3
673	3
674	0
675	3
676	3
677	0
678	3
679	3
680	3
681	3
682	0
683	3
684	3
685	0
686	1
687	0
688	2
689	3
690	3
691	3
692	3
693	1
694	3
695	1
696	3
697	0
698	0
699	0
700	3
701	0
702	0
703	3
704	3
705	2
706	2
707	2
708	3
709	0
710	3
711	0
712	1
713	1
714	3
715	3
716	0
717	3
718	0
719	3
720	0
721	0
722	2
723	0
724	3
725	0
726	0
727	3
728	3
729	1
730	0
731	0
732	2
733	2
734	3
735	0
736	3
737	3
738	0
739	0
740	3
741	3
742	0
743	3
744	0
745	0
746	0
747	1
748	0
749	3
750	3
751	2
752	0
753	3
754	0
755	1
756	3
757	3
758	3
759	3
760	0
761	3
762	3
763	3
764	0
765	0
766	0
767	0
768	3
769	0
770	3
771	0
772	3
773	3
774	0
775	0
776	3
777	0
778	3
779	2
780	3
781	3
782	2
783	2
784	0
785	0
786	3
787	3
788	0
789	3
790	3
791	1
792	3
793	3
794	3
795	3
796	2
797	0
798	3
799	0
800	3
801	0
802	0
803	1
804	0
805	0
806	0
807	3
808	0
809	3
810	0
811	3
812	0
813	3
814	0
815	0
816	0
817	0
818	0
819	0
820	2
821	3
822	2
823	3
824	1
825	3
826	0
827	3
828	0
829	0
830	0
831	0
832	0
833	0
834	0
835	3
836	2
837	2
838	1
839	0
840	2
841	0
842	3
843	0
844	0
845	2
846	2
847	0
848	3
849	0
850	3
851	0
852	3
853	0
854	2
855	0
856	0
857	0
858	0
859	0
860	0
861	0
862	0
863	3
864	0
865	0
866	0
867	0
868	1
869	0
870	0
871	3
872	2
873	0
874	0
875	0
876	1
877	2
878	3
879	1
880	0
881	3
882	3
883	0
884	3
885	1
886	3
887	3
888	1
889	3
890	1
891	3
892	0
893	3
894	0
895	3
896	1
897	3
898	3
899	3
900	3
901	1
902	0
903	3
904	0
905	3
906	0
907	3
908	0
909	2
910	2
911	0
912	2
913	0
914	3
915	0
916	0
917	0
918	1
919	0
920	3
921	3
922	0
923	1
924	3
925	0
926	3
927	3
928	0
929	3
930	0
931	3
932	0
933	3
934	0
935	3
936	3
937	2
938	3
939	0
940	2
941	0
942	3
943	0
944	3
945	3
946	0
947	0
948	2
949	3
950	0
951	2
952	3
953	3
954	0
955	0
956	0
957	3
958	0
959	3
960	0
961	3
962	3
963	3
964	3
965	3
966	0
967	3
968	3
969	3
970	3
971	0
972	0
973	2
974	3
975	0
976	2
977	1
978	3
979	0
980	0
981	0
982	3
983	3
984	2
985	3
986	0
987	3
988	0
989	0
990	0
991	3
992	1
993	3
994	3
995	3
996	0
997	0
998	3
999	1
1000	1
1001	3
1002	1
1003	3
1004	0
1005	2
1006	0
1007	2
1008	3
1009	3
1010	3
1011	3
1012	2
1013	2
1014	3
1015	0
1016	0
1017	3
1018	0
1019	3
1020	1
1021	3
1022	3
1023	3
1024	0
1025	1
1026	2
1027	0
1028	3
1029	3
1030	0
1031	0
1032	3
1033	3
1034	0
1035	0
1036	2
1037	2
1038	3
1039	3
1040	2
1041	0
1042	0
1043	1
1044	0
1045	0
1046	0
1047	0
1048	0
1049	0
1050	0
1051	0
1052	0
1053	1
1054	3
1055	2
1056	1
1057	0
1058	0
1059	0
1060	3
1061	0
1062	0
1063	3
1064	3
1065	0
1066	0
1067	0
1068	1
1069	0
1070	3
1071	0
1072	3
1073	0
1074	3
1075	0
1076	0
1077	0
1078	0
1079	0
1080	3
1081	0
1082	1
1083	1
1084	3
1085	1
1086	3
1087	0
1088	3
1089	0
1090	0
1091	1
1092	3
1093	0
1094	2
1095	0
1096	0
1097	3
1098	3
1099	3
1100	3
1101	3
1102	3
1103	3
1104	3
1105	1
1106	3
1107	3
1108	3
1109	0
1110	0
1111	1
1112	0
1113	0
1114	0
1115	2
1116	1
1117	0
1118	3
1119	0
1120	0
1121	2
1122	3
1123	0
1124	0
1125	3
1126	3
1127	3
1128	0
1129	0
1130	3
1131	1
1132	2
1133	0
1134	0
1135	0
1136	1
1137	0
1138	0
1139	0
1140	0
1141	1
1142	1
1143	3
1144	2
1145	2
1146	0
1147	0
1148	0
1149	1
1150	0
1151	0
1152	0
1153	3
1154	3
1155	3
1156	0
1157	0
1158	0
1159	0
1160	1
1161	0
1162	0
1163	3
1164	1
1165	3
1166	1
1167	0
1168	2
1169	2
1170	0
1171	2
1172	0
1173	3
1174	0
1175	0
1176	0
1177	2
1178	0
1179	1
1180	0
1181	0
1182	3
1183	3
1184	3
1185	1
1186	3
1187	0
1188	0
1189	0
1190	3
1191	3
1192	3
1193	0
1194	3
1195	0
1196	0
1197	2
1198	0
1199	3
1200	3
1201	0
1202	0
1203	0
1204	2
1205	3
1206	0
1207	3
1208	0
1209	0
1210	3
1211	3
1212	3
1213	3
1214	1
1215	1
1216	0
1217	2
1218	0
1219	0
1220	3
1221	3
1222	3
1223	0
1224	0
1225	3
1226	0
1227	0
1228	0
1229	0
1230	0
1231	3
1232	0
1233	0
1234	1
1235	3
1236	0
1237	0
1238	0
1239	2
1240	3
1241	0
1242	0
1243	3
1244	0
1245	0
1246	3
1247	1
1248	3
1249	0
1250	2
1251	0
1252	0
1253	0
1254	0
1255	3
1256	0
1257	0
1258	3
1259	3
1260	0
1261	2
1262	3
1263	0
1264	3
1265	1
1266	0
1267	3
1268	3
1269	0
1270	0
1271	0
1272	0
1273	3
1274	0
1275	3
1276	2
1277	0
1278	0
1279	2
1280	1
1281	2
1282	3
1283	0
1284	3
1285	0
1286	0
1287	0
1288	3
1289	3
1290	3
1291	2
1292	0
1293	0
1294	3
1295	3
1296	1
1297	0
1298	1
1299	0
1300	0
1301	1
1302	1
1303	2
1304	1
1305	1
1306	0
1307	0
1308	0
1309	0
1310	2
1311	3
1312	0
1313	0
1314	0
1315	0
1316	0
1317	3
1318	0
1319	0
1320	0
1321	3
1322	3
1323	0
1324	0
1325	0
1326	0
1327	0
1328	0
1329	3
1330	1
1331	3
1332	0
1333	2
1334	0
1335	3
1336	3
1337	3
1338	0
1339	0
1340	0
1341	3
1342	0
1343	0
1344	0
1345	3
1346	3
1347	0
1348	0
1349	3
1350	0
1351	0
1352	0
1353	0
1354	1
1355	0
1356	2
1357	0
1358	3
1359	0
1360	0
1361	0
1362	2
1363	2
1364	0
1365	3
1366	0
1367	3
1368	0
1369	0
1370	0
1371	0
1372	1
1373	3
1374	0
1375	0
1376	0
1377	3
1378	0
1379	1
1380	0
1381	3
1382	0
1383	1
1384	1
1385	0
1386	0
1387	0
1388	0
1389	2
1390	2
1391	2
1392	0
1393	3
1394	0
1395	3
1396	0
1397	0
1398	0
1399	1
1400	0
1401	2
1402	0
1403	0
1404	0
1405	0
1406	0
1407	0
1408	3
1409	3
1410	3
1411	0
1412	0
1413	3
1414	0
1415	0
1416	2
1417	0
1418	0
1419	3
1420	0
1421	3
1422	0
1423	0
1424	3
1425	3
1426	3
1427	3
1428	0
1429	1
1430	0
1431	2
1432	1
1433	0
1434	0
1435	1
1436	3
1437	2
1438	0
1439	3
1440	0
1441	1
1442	3
1443	0
1444	0
1445	0
1446	3
1447	1
1448	3
1449	0
1450	1
1451	3
1452	2
1453	3
1454	0
1455	3
1456	1
1457	0
1458	0
1459	3
1460	0
1461	3
1462	3
1463	1
1464	2
1465	2
1466	0
1467	0
1468	3
1469	1
1470	3
1471	3
1472	0
1473	0
1474	0
1475	3
1476	2
1477	0
1478	2
1479	0
1480	0
1481	3
1482	2
1483	2
1484	3
1485	0
1486	0
1487	1
1488	3
1489	0
1490	0
1491	0
1492	0
1493	1
1494	1
1495	0
1496	0
1497	0
1498	0
1499	2
1500	0
1501	2
1502	0
1503	3
1504	0
1505	2
1506	1
1507	0
1508	3
1509	3
1510	3
1511	3
1512	0
1513	0
1514	3
1515	3
1516	3
1517	3
1518	0
1519	3
1520	0
1521	3
1522	0
1523	3
1524	3
1525	1
1526	2
1527	3
1528	2
1529	3
1530	3
1531	3
1532	2
1533	0
1534	3
1535	1
1536	0
1537	1
1538	0
1539	3
1540	0
1541	0
1542	0
1543	3
1544	0
1545	3
1546	0
1547	3
1548	0
1549	2
1550	0
1551	3
1552	0
1553	3
1554	0
1555	3
1556	0
1557	0
1558	3
1559	0
1560	0
1561	3
1562	0
1563	3
1564	0
1565	3
1566	2
1567	3
1568	0
1569	3
1570	3
1571	3
1572	3
1573	0
1574	0
1575	0
1576	3
1577	3
1578	3
1579	0
1580	0
1581	1
1582	3
1583	3
1584	2
1585	3
1586	3
1587	0
1588	3
1589	1
1590	3
1591	0
1592	0
1593	0
1594	0
1595	0
1596	3
1597	1
1598	0
1599	0
1600	0
1601	0
1602	0
1603	3
1604	0
1605	3
1606	0
1607	3
1608	3
1609	3
1610	2
1611	3
1612	0
1613	3
1614	0
1615	3
1616	2
1617	3
1618	3
1619	3
1620	0
1621	0
1622	0
1623	1
1624	3
1625	3
1626	2
1627	3
1628	1
1629	3
1630	3
1631	0
1632	0
1633	0
1634	0
1635	3
1636	0
1637	3
1638	2
1639	3
1640	0
1641	3
1642	0
1643	3
1644	0
1645	3
1646	0
1647	0
1648	0
1649	3
1650	2
1651	0
1652	0
1653	0
1654	2
1655	0
1656	0
1657	0
1658	3
1659	0
1660	0
1661	0
1662	0
1663	3
1664	3
1665	2
1666	0
1667	0
1668	0
1669	3
1670	0
1671	3
1672	3
1673	0
1674	2
1675	3
1676	0
1677	0
1678	0
1679	2
1680	2
1681	0
1682	3
1683	0
1684	0
1685	0
1686	0
1687	3
1688	0
1689	3
1690	3
1691	0
1692	1
1693	2
1694	3
1695	3
1696	0
1697	3
1698	2
1699	3
1700	0
1701	2
1702	0
1703	3
1704	3
1705	2
1706	3
1707	0
1708	0
1709	3
1710	1
1711	3
1712	3
1713	3
1714	0
1715	0
1716	0
1717	1
1718	2
1719	3
1720	0
1721	0
1722	0
1723	1
1724	0
1725	0
1726	1
1727	0
1728	0
1729	3
1730	0
1731	0
1732	0
1733	3
1734	3
1735	3
1736	3
1737	3
1738	2
1739	3
1740	0
1741	2
1742	1
1743	3
1744	0
1745	3
1746	0
1747	3
1748	3
1749	3
1750	3
1751	3
1752	3
1753	3
1754	1
1755	3
1756	0
1757	0
1758	1
1759	3
1760	3
1761	2
1762	0
1763	3
1764	0
1765	2
1766	0
1767	3
1768	3
1769	3
1770	0
1771	3
1772	1
1773	3
1774	0
1775	2
1776	3
1777	3
1778	0
1779	0
1780	0
1781	0
1782	3
1783	3
1784	2
1785	2
1786	0
1787	3
1788	0
1789	1
1790	3
1791	3
1792	0
1793	0
1794	0
1795	0
1796	3
1797	2
1798	0
1799	0
1800	3
1801	3
1802	2
1803	0
1804	0
1805	3
1806	2
1807	0
1808	0
1809	2
1810	0
1811	0
1812	3
1813	0
1814	3
1815	0
1816	3
1817	3
1818	0
1819	0
1820	0
1821	3
1822	0
1823	1
1824	1
1825	0
1826	0
1827	3
1828	3
1829	0
1830	0
1831	0
1832	0
1833	0
1834	0
1835	0
1836	0
1837	3
1838	3
1839	0
1840	3
1841	0
1842	3
1843	2
1844	3
1845	0
1846	1
1847	0
1848	1
1849	0
1850	1
1851	3
1852	2
1853	3
1854	1
1855	1
1856	3
1857	3
1858	0
1859	2
1860	0
1861	0
1862	3
1863	1
1864	0
1865	3
1866	0
1867	3
1868	0
1869	0
1870	1
1871	3
1872	3
1873	3
1874	0
1875	0
1876	2
1877	3
1878	0
1879	3
1880	0
1881	0
1882	0
1883	0
1884	0
1885	2
1886	3
1887	3
1888	0
1889	0
1890	2
1891	0
1892	0
1893	0
1894	3
1895	3
1896	3
1897	3
1898	3
1899	3
1900	0
1901	0
1902	0
1903	3
1904	1
1905	0
1906	2
1907	0
1908	3
1909	3
1910	0
1911	3
1912	3
1913	0
1914	0
1915	3
1916	3
1917	0
1918	0
1919	3
1920	0
1921	0
1922	1
1923	0
1924	3
1925	0
1926	1
1927	1
1928	3
1929	3
1930	0
1931	3
1932	0
1933	0
1934	2
1935	0
1936	2
1937	3
1938	0
1939	2
1940	3
1941	3
1942	0
1943	1
1944	0
1945	3
1946	2
1947	0
1948	0
1949	3
1950	3
1951	0
1952	2
1953	3
1954	3
1955	2
1956	0
1957	0
1958	3
1959	2
1960	3
1961	2
1962	3
1963	3
1964	3
1965	0
1966	3
1967	0
1968	3
1969	0
1970	1
1971	2
1972	3
1973	3
1974	2
1975	3
1976	2
1977	3
1978	0
1979	0
1980	0
1981	0
1982	3
1983	3
1984	0
1985	0
1986	1
1987	3
1988	0
1989	3
1990	0
1991	3
1992	3
1993	0
1994	3
1995	0
1996	3
1997	3
1998	3
1999	2
2000	3
2001	0
2002	0
2003	3
2004	2
2005	2
2006	3
2007	1
2008	0
2009	1
2010	3
2011	3
2012	0
2013	0
2014	1
2015	0
2016	1
2017	3
2018	2
2019	3
2020	3
2021	3
2022	0
2023	3
2024	3
2025	1
2026	3
2027	1
2028	2
2029	3
2030	3
2031	1
2032	3
2033	3
2034	3
2035	1
2036	0
2037	3
2038	0
2039	3
2040	2
2041	3
2042	2
2043	0
2044	2
2045	3
2046	1
2047	3
2048	1
2049	3
2050	3
2051	1
2052	3
2053	2
2054	0
2055	1
2056	1
2057	2
2058	3
2059	1
2060	0
2061	0
2062	3
2063	2
2064	3
2065	3
2066	2
2067	3
2068	0
2069	2
2070	0
2071	1
2072	0
2073	3
2074	3
2075	3
2076	0
2077	1
2078	0
2079	0
2080	3
2081	1
2082	0
2083	3
2084	3
2085	0
2086	3
2087	0
2088	0
2089	2
2090	0
2091	0
2092	2
2093	3
2094	0
2095	0
2096	0
2097	0
2098	3
2099	0
2100	3
2101	0
2102	0
2103	3
2104	0
2105	3
2106	1
2107	3
2108	0
2109	0
2110	2
2111	3
2112	3
2113	3
2114	3
2115	3
2116	0
2117	0
2118	3
2119	0
2120	1
2121	3
2122	0
2123	1
2124	2
2125	0
2126	1
2127	3
2128	3
2129	3
2130	3
2131	1
2132	0
2133	3
2134	2
2135	3
2136	3
2137	1
2138	0
2139	3
2140	0
2141	0
2142	1
2143	0
2144	0
2145	3
2146	0
2147	0
2148	3
2149	0
2150	1
2151	0
2152	3
2153	3
2154	0
2155	2
2156	0
2157	3
2158	0
2159	3
2160	3
2161	0
2162	3
2163	3
2164	2
2165	0
2166	3
2167	2
2168	0
2169	0
2170	3
2171	0
2172	3
2173	0
2174	0
2175	0
2176	2
2177	3
2178	3
2179	2
2180	0
2181	1
2182	0
2183	1
2184	0
2185	3
2186	0
2187	3
2188	0
2189	1
2190	0
2191	0
2192	0
2193	3
2194	3
2195	3
2196	0
2197	3
2198	2
2199	3
2200	1
2201	0
2202	2
2203	3
2204	1
2205	0
2206	0
2207	3
2208	3
2209	0
2210	3
2211	3
2212	0
2213	1
2214	3
2215	3
2216	0
2217	3
2218	1
2219	3
2220	3
2221	0
2222	0
2223	0
2224	1
2225	1
2226	0
2227	0
2228	0
2229	0
2230	3
2231	3
2232	3
2233	3
2234	0
2235	3
2236	3
2237	1
2238	0
2239	3
2240	0
2241	0
2242	0
2243	3
2244	0
2245	0
2246	0
2247	0
2248	0
2249	1
2250	1
2251	0
2252	1
2253	0
2254	0
2255	3
2256	3
2257	0
2258	0
2259	1
2260	3
2261	3
2262	0
2263	0
2264	1
2265	3
2266	2
2267	3
2268	1
2269	0
2270	0
2271	0
2272	3
2273	3
2274	0
2275	3
2276	0
2277	0
2278	3
2279	0
2280	3
2281	3
2282	2
2283	1
2284	0
2285	0
2286	0
2287	3
2288	2
2289	3
2290	0
2291	3
2292	0
2293	0
2294	3
2295	3
2296	1
2297	2
2298	1
2299	1
2300	3
2301	0
2302	3
2303	1
2304	0
2305	0
2306	3
2307	3
2308	0
2309	3
2310	3
2311	2
2312	3
2313	3
2314	0
2315	3
2316	3
2317	1
2318	0
2319	1
2320	0
2321	1
2322	1
2323	2
2324	0
2325	3
2326	1
2327	3
2328	0
2329	3
2330	3
2331	3
2332	0
2333	3
2334	0
2335	3
2336	0
2337	0
2338	0
2339	0
2340	3
2341	3
2342	1
2343	0
2344	0
2345	0
2346	0
2347	3
2348	2
2349	3
2350	0
2351	2
2352	3
2353	0
2354	0
2355	0
2356	3
2357	3
2358	2
2359	0
2360	3
2361	0
2362	1
2363	3
2364	1
2365	0
2366	2
2367	3
2368	2
2369	0
2370	3
2371	0
2372	0
2373	0
2374	0
2375	1
2376	0
2377	0
2378	3
2379	3
2380	0
2381	2
2382	1
2383	3
2384	0
2385	3
2386	3
2387	3
2388	0
2389	0
2390	0
2391	3
2392	0
2393	0
2394	3
2395	0
2396	0
2397	1
2398	0
2399	0
2400	0
2401	3
2402	0
2403	0
2404	2
2405	0
2406	0
2407	3
2408	0
2409	0
2410	2
2411	2
2412	2
2413	3
2414	3
2415	3
2416	0
2417	0
2418	3
2419	0
2420	3
2421	3
2422	1
2423	0
2424	3
2425	2
2426	3
2427	2
2428	3
2429	3
2430	3
2431	3
2432	3
2433	0
2434	0
2435	3
2436	0
2437	3
2438	0
2439	0
2440	3
2441	0
2442	0
2443	2
2444	3
2445	3
2446	3
2447	0
2448	2
2449	3
2450	3
2451	0
2452	0
2453	0
2454	2
2455	0
2456	3
2457	1
2458	1
2459	3
2460	1
2461	0
2462	1
2463	3
2464	1
2465	3
2466	0
2467	3
2468	1
2469	3
2470	0
2471	0
2472	3
2473	3
2474	3
2475	3
2476	1
2477	3
2478	3
2479	3
2480	1
2481	0
2482	3
2483	3
2484	0
2485	3
2486	3
2487	0
2488	2
2489	3
2490	2
2491	1
2492	3
2493	1
2494	0
2495	0
2496	0
2497	3
2498	3
2499	3
2500	0
2501	1
2502	0
2503	3
2504	3
2505	0
2506	0
2507	3
2508	0
2509	3
2510	3
2511	0
2512	3
2513	0
2514	0
2515	3
2516	0
2517	1
2518	0
2519	0
2520	2
2521	3
2522	3
2523	2
2524	0
2525	2
2526	0
2527	0
2528	3
2529	3
2530	0
2531	1
2532	3
2533	3
2534	0
2535	1
2536	2
2537	3
2538	2
2539	0
2540	3
2541	0
2542	1
2543	0
2544	0
2545	3
2546	3
2547	3
2548	0
2549	0
2550	0
2551	0
2552	0
2553	0
2554	2
2555	2
2556	0
2557	3
2558	3
2559	3
2560	2
2561	1
2562	3
2563	0
2564	0
2565	0
2566	0
2567	1
2568	0
2569	3
2570	2
2571	1
2572	0
2573	1
2574	1
2575	3
2576	3
2577	2
2578	3
2579	3
2580	1
2581	3
2582	2
2583	0
2584	3
2585	2
2586	3
2587	1
2588	2
2589	2
2590	0
2591	3
2592	0
2593	0
2594	0
2595	1
2596	1
2597	2
2598	0
2599	1
2600	3
2601	3
2602	2
2603	3
2604	3
2605	1
2606	0
2607	0
2608	0
2609	3
2610	3
2611	3
2612	3
2613	3
2614	0
2615	3
2616	2
2617	3
2618	0
2619	0
2620	0
2621	0
2622	0
2623	3
2624	0
2625	3
2626	0
2627	0
2628	3
2629	3
2630	3
2631	3
2632	0
2633	3
2634	3
2635	3
2636	3
2637	3
2638	3
2639	3
2640	0
2641	1
2642	0
2643	0
2644	0
2645	3
2646	0
2647	3
2648	0
2649	3
2650	3
2651	2
2652	0
2653	3
2654	3
2655	3
2656	3
2657	0
2658	3
2659	3
2660	3
2661	3
2662	0
2663	3
2664	0
2665	2
2666	0
2667	3
2668	0
2669	1
2670	3
2671	0
2672	3
2673	0
2674	3
2675	1
2676	0
2677	2
2678	0
2679	1
2680	0
2681	1
2682	3
2683	0
2684	0
2685	3
2686	0
2687	3
2688	3
2689	0
2690	3
2691	0
2692	0
2693	0
2694	0
2695	0
2696	0
2697	3
2698	3
2699	0
2700	0
2701	3
2702	1
2703	3
2704	3
2705	0
2706	3
2707	0
2708	0
2709	0
2710	3
2711	3
2712	1
2713	1
2714	0
2715	0
2716	0
2717	0
2718	1
2719	0
2720	3
2721	3
2722	0
2723	0
2724	3
2725	3
2726	0
2727	0
2728	0
2729	0
2730	3
2731	3
2732	3
2733	3
2734	1
2735	2
2736	3
2737	0
2738	3
2739	3
2740	0
2741	2
2742	2
2743	3
2744	3
2745	0
2746	3
2747	3
2748	0
2749	3
2750	3
2751	3
2752	0
2753	0
2754	3
2755	2
2756	3
2757	2
2758	3
2759	1
2760	3
2761	2
2762	3
2763	3
2764	3
2765	1
2766	0
2767	3
2768	2
2769	0
2770	0
2771	0
2772	0
2773	3
2774	2
2775	3
2776	3
2777	0
2778	3
2779	3
2780	3
2781	3
2782	1
2783	3
2784	0
2785	3
2786	0
2787	2
2788	0
2789	3
2790	0
2791	3
2792	0
2793	3
2794	3
2795	0
2796	2
2797	3
2798	3
2799	3
2800	3
2801	2
2802	3
2803	3
2804	0
2805	0
2806	3
2807	0
2808	3
2809	0
2810	3
2811	3
2812	3
2813	3
2814	0
2815	3
2816	1
2817	2
2818	3
2819	3
2820	3
2821	0
2822	0
2823	2
2824	0
2825	0
2826	0
2827	3
2828	0
2829	0
2830	0
2831	3
2832	1
2833	3
2834	0
2835	0
2836	0
2837	0
2838	1
2839	1
2840	0
2841	0
2842	3
2843	3
2844	0
2845	0
2846	0
2847	0
2848	3
2849	2
2850	0
2851	3
2852	0
2853	3
2854	0
2855	0
2856	0
2857	3
2858	0
2859	0
2860	1
2861	3
2862	1
2863	0
2864	3
2865	1
2866	0
2867	3
2868	3
2869	3
2870	0
2871	3
2872	0
2873	0
2874	0
2875	3
2876	3
2877	3
2878	3
2879	2
2880	2
2881	0
2882	0
2883	0
2884	0
2885	3
2886	0
2887	0
2888	0
2889	3
2890	0
2891	2
2892	3
2893	3
2894	2
2895	0
2896	1
2897	3
2898	0
2899	3
2900	3
2901	0
2902	0
2903	0
2904	0
2905	0
2906	1
2907	3
2908	2
2909	3
2910	0
2911	3
2912	0
2913	3
2914	3
2915	0
2916	1
2917	3
2918	0
2919	0
2920	3
2921	3
2922	3
2923	1
2924	3
2925	3
2926	3
2927	0
2928	0
2929	3
2930	0
2931	3
2932	0
2933	0
2934	0
2935	0
2936	0
2937	0
2938	3
2939	2
2940	0
2941	0
2942	3
2943	0
2944	3
2945	3
2946	3
2947	3
2948	0
2949	0
2950	3
2951	3
2952	0
2953	3
2954	3
2955	2
2956	3
2957	0
2958	0
2959	0
2960	1
2961	0
2962	0
2963	3
2964	0
2965	3
2966	1
2967	0
2968	3
2969	3
2970	0
2971	2
2972	0
2973	1
2974	0
2975	0
2976	3
2977	3
2978	0
2979	1
2980	3
2981	0
2982	3
2983	0
2984	0
2985	0
2986	3
2987	3
2988	1
2989	0
2990	3
2991	3
2992	3
2993	3
2994	3
2995	0
2996	3
2997	0
2998	1
2999	0
3000	1
3001	3
3002	3
3003	0
3004	2
3005	0
3006	3
3007	3
3008	3
3009	3
3010	0
3011	3
3012	0
3013	3
3014	0
3015	0
3016	0
3017	3
3018	0
3019	0
3020	0
3021	2
3022	0
3023	3
3024	3
3025	3
3026	3
3027	3
3028	0
3029	3
3030	3
3031	3
3032	3
3033	3
3034	3
3035	0
3036	0
3037	3
3038	0
3039	0
3040	1
3041	2
3042	0
3043	3
3044	2
3045	3
3046	1
3047	2
3048	3
3049	0
3050	1
3051	3
3052	3
3053	1
3054	1
3055	1
3056	2
3057	2
3058	3
3059	2
3060	2
3061	0
3062	2
3063	0
3064	3
3065	0
3066	0
3067	3
3068	1
3069	3
3070	0
3071	0
3072	1
3073	0
3074	3
3075	2
3076	0
3077	0
3078	0
3079	3
3080	0
3081	0
3082	3
3083	0
3084	1
3085	3
3086	3
3087	0
3088	3
3089	3
3090	3
3091	3
3092	3
3093	3
3094	3
3095	0
3096	0
3097	0
3098	3
3099	0
3100	3
3101	3
3102	0
3103	3
3104	3
3105	3
3106	1
3107	3
3108	0
3109	1
3110	0
3111	0
3112	0
3113	3
3114	0
3115	1
3116	0
3117	2
3118	3
3119	0
3120	0
3121	2
3122	1
3123	3
3124	0
3125	3
3126	0
3127	0
3128	0
3129	0
3130	3
3131	0
3132	0
3133	0
3134	3
3135	0
3136	0
3137	2
3138	0
3139	3
3140	0
3141	0
3142	0
3143	2
3144	0
3145	0
3146	0
3147	3
3148	0
3149	0
3150	1
3151	3
3152	0
3153	0
3154	0
3155	3
3156	0
3157	1
3158	1
3159	0
3160	3
3161	3
3162	1
3163	1
3164	0
3165	0
3166	0
3167	0
3168	0
3169	0
3170	0
3171	0
3172	0
3173	3
3174	0
3175	3
3176	3
3177	2
3178	3
3179	0
3180	2
3181	2
3182	3
3183	0
3184	3
3185	0
3186	3
3187	3
3188	1
3189	0
3190	2
3191	0
3192	3
3193	2
3194	3
3195	3
3196	1
3197	2
3198	3
3199	0
3200	1
3201	0
3202	3
3203	3
3204	3
3205	0
3206	2
3207	3
3208	0
3209	3
3210	2
3211	2
3212	0
3213	3
3214	0
3215	3
3216	2
3217	3
3218	0
3219	0
3220	0
3221	3
3222	1
3223	1
3224	2
3225	0
3226	3
3227	1
3228	0
3229	0
3230	0
3231	2
3232	0
3233	0
3234	0
3235	2
3236	0
3237	0
3238	3
3239	3
3240	3
3241	0
3242	3
3243	3
3244	0
3245	1
3246	3
3247	3
3248	3
3249	0
3250	2
3251	2
3252	0
3253	3
3254	3
3255	3
3256	2
3257	0
3258	1
3259	3
3260	0
3261	3
3262	0
3263	2
3264	0
3265	0
3266	2
3267	0
3268	0
3269	3
3270	0
3271	1
3272	0
3273	0
3274	2
3275	2
3276	0
3277	2
3278	3
3279	2
3280	3
3281	0
3282	0
3283	0
3284	1
3285	3
3286	2
3287	3
3288	0
3289	1
3290	3
3291	0
3292	2
3293	1
3294	3
3295	2
3296	0
3297	3
3298	3
3299	3
3300	0
3301	2
3302	0
3303	3
3304	3
3305	3
3306	0
3307	3
3308	0
3309	0
3310	0
3311	3
3312	3
3313	0
3314	3
3315	3
3316	3
3317	0
3318	3
3319	3
3320	1
3321	0
3322	3
3323	3
3324	0
3325	0
3326	0
3327	3
3328	3
3329	0
3330	0
3331	0
3332	1
3333	0
3334	1
3335	0
3336	2
3337	0
3338	3
3339	2
3340	3
3341	3
3342	0
3343	2
3344	3
3345	0
3346	3
3347	1
3348	0
3349	3
3350	3
3351	0
3352	0
3353	1
3354	3
3355	3
3356	3
3357	2
3358	3
3359	2
3360	3
3361	2
3362	0
3363	0
3364	0
3365	3
3366	3
3367	3
3368	3
3369	3
3370	3
3371	3
3372	3
3373	3
3374	1
3375	0
3376	1
3377	3
3378	3
3379	0
3380	3
3381	0
3382	3
3383	0
3384	2
3385	0
3386	2
3387	3
3388	0
3389	2
3390	0
3391	3
3392	3
3393	0
3394	2
3395	1
3396	3
3397	3
3398	3
3399	0
3400	0
3401	2
3402	2
3403	0
3404	3
3405	0
3406	0
3407	0
3408	3
3409	3
3410	2
3411	0
3412	3
3413	0
3414	0
3415	1
3416	1
3417	3
3418	3
3419	0
3420	3
3421	0
3422	2
3423	0
3424	0
3425	0
3426	3
3427	0
3428	3
3429	0
3430	0
3431	0
3432	3
3433	3
3434	1
3435	0
3436	3
3437	1
3438	2
3439	0
3440	0
3441	0
3442	2
3443	0
3444	0
3445	1
3446	0
3447	0
3448	1
3449	0
3450	3
3451	0
3452	0
3453	3
3454	3
3455	1
3456	1
3457	2
3458	2
3459	1
3460	0
3461	1
3462	1
3463	0
3464	1
3465	1
3466	1
3467	0
3468	0
3469	2
3470	3
3471	0
3472	0
3473	3
3474	0
3475	2
3476	3
3477	0
3478	1
3479	2
3480	3
3481	3
3482	3
3483	3
3484	0
3485	0
3486	0
3487	1
3488	0
3489	0
3490	3
3491	0
3492	0
3493	3
3494	3
3495	3
3496	0
3497	3
3498	0
3499	0
3500	1
3501	3
3502	3
3503	0
3504	0
3505	3
3506	1
3507	2
3508	0
3509	0
3510	3
3511	3
3512	0
3513	1
3514	0
3515	2
3516	0
3517	3
3518	0
3519	3
3520	0
3521	0
3522	1
3523	0
3524	3
3525	3
3526	0
3527	3
3528	0
3529	0
3530	0
3531	3
3532	3
3533	0
3534	2
3535	2
3536	1
3537	3
3538	0
3539	0
3540	1
3541	1
3542	0
3543	1
3544	1
3545	0
3546	0
3547	3
3548	0
3549	0
3550	1
3551	3
3552	0
3553	3
3554	3
3555	2
3556	0
3557	2
3558	3
3559	3
3560	2
3561	3
3562	3
3563	3
3564	2
3565	0
3566	3
3567	0
3568	3
3569	3
3570	3
3571	0
3572	3
3573	0
3574	0
3575	0
3576	0
3577	0
3578	2
3579	3
3580	0
3581	0
3582	1
3583	0
3584	3
3585	1
3586	0
3587	1
3588	3
3589	3
3590	3
3591	0
3592	0
3593	3
3594	0
3595	3
3596	0
3597	0
3598	3
3599	2
3600	0
3601	0
3602	3
3603	0
3604	0
3605	0
3606	3
3607	0
3608	0
3609	0
3610	0
3611	2
3612	3
3613	0
3614	0
3615	0
3616	3
3617	3
3618	2
3619	3
3620	2
3621	0
3622	3
3623	1
3624	0
3625	0
3626	0
3627	3
3628	3
3629	3
3630	1
3631	0
3632	0
3633	0
3634	3
3635	0
3636	0
3637	0
3638	2
3639	0
3640	3
3641	1
3642	3
3643	2
3644	0
3645	0
3646	3
3647	2
3648	0
3649	3
3650	0
3651	3
3652	0
3653	3
3654	0
3655	0
3656	2
3657	0
3658	0
3659	3
3660	0
3661	1
3662	0
3663	3
3664	3
3665	1
3666	0
3667	0
3668	3
3669	0
3670	3
3671	3
3672	0
3673	3
3674	3
3675	0
3676	3
3677	0
3678	3
3679	3
3680	0
3681	3
3682	0
3683	3
3684	3
3685	3
3686	0
3687	3
3688	0
3689	0
3690	0
3691	1
3692	2
3693	0
3694	0
3695	0
3696	0
3697	3
3698	0
3699	0
3700	0
3701	0
3702	0
3703	0
3704	0
3705	0
3706	0
3707	0
3708	0
3709	0
3710	3
3711	0
3712	1
3713	3
3714	3
3715	0
3716	0
3717	0
3718	0
3719	0
3720	2
3721	0
3722	0
3723	1
3724	1
3725	0
3726	1
3727	0
3728	0
3729	3
3730	3
3731	3
3732	3
3733	2
3734	0
3735	3
3736	3
3737	3
3738	0
3739	2
3740	3
3741	3
3742	2
3743	0
3744	3
3745	3
3746	0
3747	0
3748	0
3749	0
3750	3
3751	0
3752	0
3753	3
3754	0
3755	0
3756	0
3757	2
3758	1
3759	3
3760	3
3761	0
3762	0
3763	3
3764	3
3765	3
3766	1
3767	3
3768	3
3769	0
3770	0
3771	3
3772	1
3773	2
3774	0
3775	0
3776	1
3777	3
3778	0
3779	1
3780	0
3781	2
3782	1
3783	0
3784	1
3785	0
3786	3
3787	0
3788	0
3789	2
3790	3
3791	0
3792	0
3793	2
3794	1
3795	0
3796	0
3797	0
3798	3
3799	0
3800	0
3801	3
3802	3
3803	3
3804	3
3805	0
3806	0
3807	0
3808	0
3809	0
3810	2
3811	0
3812	0
3813	2
3814	0
3815	1
3816	1
3817	0
3818	3
3819	0
3820	0
3821	0
3822	1
3823	0
3824	1
3825	3
3826	0
3827	0
3828	3
3829	0
3830	2
3831	0
3832	1
3833	3
3834	0
3835	1
3836	0
3837	0
3838	0
3839	0
3840	3
3841	0
3842	2
3843	2
3844	3
3845	0
3846	3
3847	2
3848	0
3849	0
3850	0
3851	1
3852	0
3853	3
3854	0
3855	3
3856	3
3857	3
3858	3
3859	0
3860	2
3861	0
3862	3
3863	0
3864	1
3865	1
3866	3
3867	1
3868	0
3869	0
3870	1
3871	1
3872	2
3873	0
3874	3
3875	0
3876	0
3877	0
3878	1
3879	0
3880	0
3881	0
3882	3
3883	0
3884	0
3885	0
3886	0
3887	2
3888	3
3889	3
3890	3
3891	3
3892	0
3893	3
3894	3
3895	0
3896	1
3897	1
3898	0
3899	3
3900	0
3901	3
3902	0
3903	3
3904	2
3905	0
3906	0
3907	3
3908	3
3909	1
3910	0
3911	0
3912	0
3913	0
3914	3
3915	0
3916	0
3917	3
3918	0
3919	1
3920	3
3921	3
3922	3
3923	0
3924	0
3925	0
3926	0
3927	0
3928	0
3929	0
3930	2
3931	3
3932	3
3933	0
3934	3
3935	0
3936	3
3937	0
3938	0
3939	0
3940	3
3941	3
3942	3
3943	0
3944	0
3945	3
3946	0
3947	3
3948	3
3949	0
3950	0
3951	3
3952	0
3953	0
3954	3
3955	3
3956	0
3957	3
3958	0
3959	3
3960	0
3961	2
3962	1
3963	2
3964	1
3965	0
3966	2
3967	0
3968	0
3969	0
3970	3
3971	3
3972	0
3973	0
3974	3
3975	0
3976	0
3977	3
3978	3
3979	2
3980	0
3981	0
3982	2
3983	0
3984	3
3985	0
3986	3
3987	0
3988	1
3989	3
3990	3
3991	2
3992	0
3993	0
3994	0
3995	0
3996	0
3997	0
3998	0
3999	0
4000	3
4001	3
4002	3
4003	3
4004	0
4005	3
4006	0
4007	3
4008	3
4009	0
4010	3
4011	3
4012	1
4013	2
4014	2
4015	1
4016	3
4017	3
4018	3
4019	0
4020	0
4021	0
4022	0
4023	2
4024	0
4025	3
4026	1
4027	3
4028	3
4029	0
4030	0
4031	2
4032	3
4033	1
4034	1
4035	0
4036	0
4037	0
4038	3
4039	0
4040	3
4041	0
4042	2
4043	1
4044	1
4045	3
4046	3
4047	0
4048	0
4049	0
4050	3
4051	0
4052	0
4053	3
4054	2
4055	2
4056	0
4057	2
4058	3
4059	0
4060	2
4061	0
4062	3
4063	0
4064	3
4065	0
4066	0
4067	0
4068	0
4069	2
4070	1
4071	1
4072	3
4073	1
4074	0
4075	0
4076	1
4077	0
4078	3
4079	0
4080	2
4081	0
4082	0
4083	3
4084	0
4085	2
4086	3
4087	3
4088	3
4089	0
4090	0
4091	3
4092	3
4093	0
4094	0
4095	2
4096	0
4097	0
4098	1
4099	3
4100	0
4101	3
4102	0
4103	2
4104	0
4105	3
4106	3
4107	0
4108	2
4109	3
4110	0
4111	3
4112	3
4113	0
4114	0
4115	3
4116	3
4117	0
4118	3
4119	0
4120	0
4121	0
4122	0
4123	0
4124	3
4125	2
4126	0
4127	0
4128	0
4129	3
4130	0
4131	3
4132	0
4133	0
4134	0
4135	0
4136	2
4137	0
4138	3
4139	1
4140	2
4141	0
4142	1
4143	0
4144	3
4145	3
4146	3
4147	0
4148	1
4149	3
4150	0
4151	3
4152	1
4153	0
4154	3
4155	0
4156	0
4157	3
4158	0
4159	2
4160	3
4161	0
4162	3
4163	1
4164	0
4165	3
4166	0
4167	2
4168	3
4169	0
4170	0
4171	0
4172	0
4173	3
4174	0
4175	3
4176	0
4177	3
4178	0
4179	3
4180	0
4181	0
4182	0
4183	0
4184	2
4185	3
4186	0
4187	3
4188	0
4189	3
4190	1
4191	2
4192	0
4193	3
4194	3
4195	0
4196	0
4197	3
4198	1
4199	1
4200	0
4201	0
4202	1
4203	0
4204	1
4205	0
4206	2
4207	1
4208	0
4209	3
4210	3
4211	3
4212	2
4213	0
4214	0
4215	3
4216	1
4217	3
4218	3
4219	0
4220	3
4221	1
4222	3
4223	3
4224	3
4225	2
4226	3
4227	2
4228	3
4229	1
4230	0
4231	3
4232	0
4233	0
4234	2
4235	2
4236	0
4237	3
4238	0
4239	3
4240	3
4241	2
4242	2
4243	3
4244	3
4245	1
4246	0
4247	2
4248	0
4249	0
4250	0
4251	3
4252	2
4253	3
4254	1
4255	3
4256	1
4257	3
4258	0
4259	3
4260	3
4261	0
4262	1
4263	0
4264	3
4265	3
4266	3
4267	0
4268	1
4269	3
4270	3
4271	3
4272	0
4273	3
4274	3
4275	3
4276	0
4277	0
4278	0
4279	3
4280	0
4281	3
4282	3
4283	3
4284	0
4285	1
4286	2
4287	3
4288	3
4289	3
4290	3
4291	3
4292	3
4293	3
4294	2
4295	0
4296	3
4297	3
4298	3
4299	0
4300	2
4301	0
4302	3
4303	0
4304	0
4305	3
4306	0
4307	2
4308	0
4309	3
4310	0
4311	2
4312	3
4313	0
4314	2
4315	2
4316	0
4317	2
4318	3
4319	0
4320	3
4321	3
4322	3
4323	0
4324	3
4325	0
4326	1
4327	2
4328	0
4329	3
4330	3
4331	3
4332	0
4333	1
4334	3
4335	1
4336	0
4337	3
4338	0
4339	3
4340	3
4341	3
4342	3
4343	3
4344	3
4345	3
4346	3
4347	3
4348	3
4349	3
4350	2
4351	3
4352	3
4353	2
4354	3
4355	3
4356	1
4357	3
4358	3
4359	3
4360	3
4361	3
4362	0
4363	0
4364	0
4365	3
4366	3
4367	0
4368	2
4369	0
4370	0
4371	0
4372	3
4373	0
4374	0
4375	0
4376	0
4377	0
4378	0
4379	3
4380	0
4381	0
4382	0
4383	0
4384	1
4385	0
4386	3
4387	1
4388	3
4389	3
4390	2
4391	3
4392	0
4393	0
4394	0
4395	0
4396	0
4397	3
4398	3
4399	3
4400	3
4401	1
4402	3
4403	0
4404	0
4405	0
4406	3
4407	3
4408	3
4409	3
4410	0
4411	0
4412	3
4413	3
4414	3
4415	1
4416	3
4417	0
4418	2
4419	0
4420	3
4421	0
4422	0
4423	0
4424	3
4425	3
4426	3
4427	0
4428	3
4429	2
4430	3
4431	0
4432	0
4433	2
4434	3
4435	3
4436	2
4437	3
4438	0
4439	0
4440	3
4441	0
4442	0
4443	3
4444	0
4445	3
4446	0
4447	0
4448	0
4449	2
4450	0
4451	0
4452	2
4453	0
4454	0
4455	3
4456	0
4457	0
4458	0
4459	0
4460	3
4461	3
4462	0
4463	0
4464	0
4465	3
4466	0
4467	0
4468	0
4469	0
4470	0
4471	0
4472	0
4473	1
4474	3
4475	1
4476	3
4477	2
4478	0
4479	3
4480	3
4481	2
4482	0
4483	0
4484	0
4485	3
4486	1
4487	3
4488	0
4489	0
4490	3
4491	3
4492	0
4493	0
4494	3
4495	3
4496	3
4497	1
4498	0
4499	1
4500	0
4501	3
4502	3
4503	3
4504	3
4505	0
4506	0
4507	0
4508	1
4509	3
4510	1
4511	3
4512	0
4513	1
4514	1
4515	0
4516	0
4517	2
4518	0
4519	3
4520	0
4521	3
4522	2
4523	3
4524	0
4525	3
4526	3
4527	0
4528	0
4529	0
4530	3
4531	0
4532	3
4533	3
4534	3
4535	0
4536	2
4537	0
4538	3
4539	0
4540	3
4541	3
4542	3
4543	3
4544	2
4545	0
4546	3
4547	3
4548	0
4549	3
4550	3
4551	3
4552	0
4553	0
4554	0
4555	3
4556	3
4557	0
4558	0
4559	3
4560	3
4561	3
4562	3
4563	3
4564	1
4565	3
4566	0
4567	0
4568	3
4569	0
4570	0
4571	2
4572	1
4573	1
4574	2
4575	3
4576	3
4577	2
4578	0
4579	2
4580	0
4581	3
4582	3
4583	3
4584	2
4585	3
4586	1
4587	3
4588	2
4589	1
4590	0
4591	3
4592	2
4593	0
4594	3
4595	0
4596	3
4597	1
4598	1
4599	0
4600	3
4601	0
4602	3
4603	0
4604	1
4605	0
4606	3
4607	2
4608	3
4609	3
4610	3
4611	0
4612	3
4613	2
4614	0
4615	2
4616	2
4617	0
4618	0
4619	0
4620	0
4621	0
4622	1
4623	3
4624	0
4625	0
4626	0
4627	3
4628	3
4629	2
4630	0
4631	0
4632	3
4633	0
4634	0
4635	0
4636	0
4637	2
4638	0
4639	0
4640	1
4641	3
4642	3
4643	3
4644	0
4645	1
4646	3
4647	3
4648	3
4649	0
4650	0
4651	3
4652	0
4653	3
4654	3
4655	0
4656	3
4657	3
4658	0
4659	0
4660	0
4661	0
4662	0
4663	3
4664	0
4665	0
4666	2
4667	0
4668	0
4669	0
4670	0
4671	0
4672	3
4673	0
4674	3
4675	0
4676	3
4677	0
4678	0
4679	0
4680	0
4681	3
4682	0
4683	3
4684	0
4685	3
4686	3
4687	0
4688	2
4689	2
4690	0
4691	1
4692	0
4693	0
4694	1
4695	0
4696	3
4697	1
4698	3
4699	1
4700	3
4701	0
4702	0
4703	0
4704	3
4705	0
4706	1
4707	1
4708	1
4709	3
4710	0
4711	3
4712	3
4713	0
4714	3
4715	2
4716	0
4717	0
4718	0
4719	2
4720	0
4721	3
4722	0
4723	0
4724	0
4725	3
4726	0
4727	3
4728	0
4729	1
4730	2
4731	3
4732	3
4733	1
4734	0
4735	0
4736	3
4737	0
4738	3
4739	3
4740	3
4741	2
4742	0
4743	3
4744	3
4745	3
4746	0
4747	0
4748	0
4749	0
4750	0
4751	3
4752	3
4753	0
4754	3
4755	3
4756	3
4757	0
4758	1
4759	0
4760	0
4761	3
4762	0
4763	3
4764	0
4765	0
4766	0
4767	0
4768	0
4769	3
4770	3
4771	3
4772	1
4773	3
4774	0
4775	0
4776	0
4777	1
4778	3
4779	3
4780	3
4781	0
4782	3
4783	3
4784	0
4785	3
4786	0
4787	3
4788	3
4789	0
4790	0
4791	3
4792	0
4793	3
4794	0
4795	0
4796	1
4797	1
4798	3
4799	3
4800	0
4801	0
4802	0
4803	0
4804	3
4805	0
4806	0
4807	3
4808	2
4809	0
4810	3
4811	0
4812	3
4813	0
4814	2
4815	0
4816	0
4817	3
4818	3
4819	0
4820	3
4821	0
4822	3
4823	3
4824	0
4825	0
4826	3
4827	0
4828	0
4829	0
4830	1
4831	3
4832	3
4833	0
4834	3
4835	0
4836	3
4837	3
4838	0
4839	1
4840	3
4841	0
4842	0
4843	0
4844	2
4845	1
4846	0
4847	3
4848	2
4849	3
4850	0
4851	0
4852	3
4853	3
4854	3
4855	3
4856	3
4857	1
4858	1
4859	3
4860	0
4861	1
4862	3
4863	3
4864	2
4865	3
4866	3
4867	3
4868	3
4869	3
4870	0
4871	0
4872	0
4873	0
4874	3
4875	3
4876	0
4877	0
4878	0
4879	0
4880	0
4881	0
4882	0
4883	2
4884	3
4885	3
4886	0
4887	3
4888	3
4889	3
4890	0
4891	3
4892	0
4893	0
4894	3
4895	3
4896	0
4897	0
4898	0
4899	0
4900	1
4901	3
4902	0
4903	0
4904	0
4905	0
4906	0
4907	3
4908	0
4909	0
4910	0
4911	0
4912	0
4913	2
4914	0
4915	0
4916	3
4917	3
4918	0
4919	2
4920	0
4921	3
4922	0
4923	1
4924	0
4925	0
4926	3
4927	3
4928	0
4929	0
4930	2
4931	0
4932	3
4933	0
4934	0
4935	0
4936	2
4937	0
4938	3
4939	0
4940	3
4941	3
4942	3
4943	3
4944	3
4945	3
4946	0
4947	3
4948	0
4949	0
4950	0
4951	3
4952	3
4953	3
4954	0
4955	0
4956	0
4957	0
4958	3
4959	0
4960	0
4961	0
4962	0
4963	0
4964	0
4965	1
4966	0
4967	0
4968	2
4969	0
4970	3
4971	3
4972	3
4973	0
4974	0
4975	3
4976	3
4977	0
4978	0
4979	3
4980	0
4981	0
4982	0
4983	1
4984	3
4985	1
4986	3
4987	3
4988	0
4989	3
4990	0
4991	3
4992	3
4993	3
4994	3
4995	2
4996	3
4997	2
4998	0
4999	1
5000	0
5001	0
5002	3
5003	0
5004	3
5005	3
5006	3
5007	0
5008	0
5009	3
5010	0
5011	1
5012	3
5013	2
5014	3
5015	3
5016	3
5017	0
5018	0
5019	2
5020	3
5021	3
5022	2
5023	2
5024	1
5025	3
5026	3
5027	1
5028	3
5029	3
5030	3
5031	3
5032	0
5033	3
5034	2
5035	0
5036	0
5037	3
5038	3
5039	3
5040	3
5041	0
5042	2
5043	0
5044	0
5045	3
5046	0
5047	2
5048	3
5049	1
5050	3
5051	2
5052	0
5053	0
5054	3
5055	1
5056	3
5057	3
5058	0
5059	0
5060	3
5061	1
5062	3
5063	0
5064	3
5065	2
5066	0
5067	3
5068	3
5069	3
5070	3
5071	0
5072	3
5073	3
5074	3
5075	3
5076	3
5077	0
5078	0
5079	1
5080	3
5081	0
5082	3
5083	3
5084	2
5085	1
5086	3
5087	3
5088	3
5089	0
5090	3
5091	3
5092	0
5093	3
5094	3
5095	3
5096	3
5097	3
5098	0
5099	3
5100	3
5101	3
5102	0
5103	3
5104	0
5105	3
5106	0
5107	1
5108	0
5109	3
5110	3
5111	0
5112	3
5113	3
5114	0
5115	0
5116	0
5117	0
5118	0
5119	0
5120	0
5121	0
5122	3
5123	3
5124	0
5125	3
5126	0
5127	3
5128	0
5129	0
5130	0
5131	3
5132	3
5133	3
5134	2
5135	3
5136	0
5137	0
5138	0
5139	1
5140	3
5141	2
5142	0
5143	2
5144	0
5145	2
5146	0
5147	1
5148	0
5149	3
5150	0
5151	0
5152	0
5153	0
5154	0
5155	0
5156	0
5157	0
5158	0
5159	0
5160	3
5161	0
5162	1
5163	0
5164	3
5165	0
5166	3
5167	1
5168	3
5169	2
5170	0
5171	3
5172	0
5173	1
5174	0
5175	3
5176	3
5177	3
5178	2
5179	2
5180	0
5181	0
5182	0
5183	2
5184	3
5185	3
5186	0
5187	0
5188	3
5189	3
5190	3
5191	3
5192	2
5193	0
5194	0
5195	3
5196	3
5197	3
5198	1
5199	0
5200	3
5201	3
5202	3
5203	3
5204	3
5205	1
5206	2
5207	0
5208	3
5209	0
5210	0
5211	0
5212	0
5213	0
5214	3
5215	0
5216	0
5217	0
5218	0
5219	3
5220	0
5221	0
5222	1
5223	0
5224	0
5225	1
5226	0
5227	0
5228	0
5229	0
5230	2
5231	0
5232	0
5233	0
5234	2
5235	3
5236	3
5237	0
5238	0
5239	3
5240	0
5241	0
5242	3
5243	0
5244	3
5245	0
5246	3
5247	0
5248	0
5249	0
5250	2
5251	0
5252	2
5253	0
5254	0
5255	0
5256	0
5257	3
5258	0
5259	0
5260	3
5261	3
5262	3
5263	0
5264	0
5265	3
5266	0
5267	3
5268	2
5269	3
5270	0
5271	0
5272	0
5273	3
5274	0
5275	0
5276	3
5277	3
5278	1
5279	0
5280	3
5281	0
5282	2
5283	0
5284	3
5285	0
5286	0
5287	1
5288	0
5289	0
5290	0
5291	2
5292	0
5293	3
5294	0
5295	1
5296	2
5297	0
5298	0
5299	0
5300	0
5301	0
5302	3
5303	3
5304	2
5305	0
5306	1
5307	0
5308	0
5309	3
5310	0
5311	3
5312	3
5313	3
5314	0
5315	0
5316	0
5317	1
5318	3
5319	2
5320	0
5321	0
5322	3
5323	0
5324	3
5325	0
5326	3
5327	3
5328	1
5329	3
5330	0
5331	0
5332	0
5333	3
5334	0
5335	3
5336	0
5337	0
5338	0
5339	0
5340	0
5341	3
5342	0
5343	0
5344	0
5345	0
5346	0
5347	0
5348	0
5349	3
5350	3
5351	0
5352	3
5353	3
5354	3
5355	3
5356	0
5357	3
5358	0
5359	1
5360	0
5361	3
5362	0
5363	0
5364	0
5365	3
5366	3
5367	3
5368	0
5369	1
5370	0
5371	3
5372	0
5373	1
5374	3
5375	3
5376	3
5377	3
5378	0
5379	3
5380	3
5381	3
5382	3
5383	3
5384	0
5385	0
5386	3
5387	0
5388	2
5389	3
5390	3
5391	3
5392	3
5393	0
5394	2
5395	0
5396	3
5397	3
5398	0
5399	3
5400	3
5401	0
5402	0
5403	0
5404	3
5405	0
5406	0
5407	0
5408	0
5409	3
5410	3
5411	3
5412	3
5413	0
5414	0
5415	0
5416	3
5417	3
5418	0
5419	2
5420	3
5421	0
5422	3
5423	3
5424	3
5425	0
5426	3
5427	3
5428	3
5429	3
5430	3
5431	3
5432	0
5433	3
5434	0
5435	0
5436	0
5437	0
5438	3
5439	0
5440	1
5441	0
5442	0
5443	3
5444	0
5445	0
5446	0
5447	1
5448	0
5449	0
5450	2
5451	0
5452	3
5453	0
5454	1
5455	0
5456	3
5457	3
5458	1
5459	3
5460	0
5461	0
5462	0
5463	3
5464	0
5465	3
5466	0
5467	3
5468	2
5469	3
5470	3
5471	0
5472	3
5473	3
5474	0
5475	0
5476	0
5477	2
5478	0
5479	0
5480	0
5481	3
5482	0
5483	0
5484	2
5485	0
5486	3
5487	3
5488	0
5489	3
5490	3
5491	3
5492	0
5493	2
5494	3
5495	2
5496	3
5497	0
5498	0
5499	3
5500	0
5501	0
5502	3
5503	3
5504	2
5505	0
5506	0
5507	1
5508	3
5509	0
5510	3
5511	3
5512	2
5513	3
5514	0
5515	3
5516	0
5517	3
5518	3
5519	3
5520	3
5521	0
5522	1
5523	3
5524	3
5525	3
5526	0
5527	1
5528	3
5529	3
5530	0
5531	3
5532	0
5533	0
5534	2
5535	1
5536	1
5537	0
5538	3
5539	0
5540	1
5541	3
5542	0
5543	0
5544	0
5545	3
5546	0
5547	2
5548	0
5549	3
5550	3
5551	3
5552	0
5553	0
5554	1
5555	3
5556	0
5557	1
5558	3
5559	2
5560	0
5561	3
5562	3
5563	3
5564	3
5565	1
5566	1
5567	3
5568	3
5569	3
5570	3
5571	3
5572	3
5573	0
5574	0
5575	2
5576	3
5577	3
5578	1
5579	0
5580	3
5581	0
5582	0
5583	3
5584	0
5585	0
5586	0
5587	3
5588	2
5589	3
5590	0
5591	0
5592	3
5593	3
5594	0
5595	3
5596	3
5597	3
5598	3
5599	0
5600	3
5601	0
5602	0
5603	0
5604	2
5605	3
5606	0
5607	0
5608	1
5609	3
5610	1
5611	3
5612	3
5613	0
5614	3
5615	1
5616	0
5617	0
5618	3
5619	3
5620	3
5621	3
5622	3
5623	2
5624	0
5625	2
5626	2
5627	3
5628	3
5629	3
5630	0
5631	2
5632	0
5633	3
5634	0
5635	1
5636	0
5637	0
5638	0
5639	3
5640	0
5641	0
5642	1
5643	0
5644	0
5645	3
5646	0
5647	3
5648	0
5649	2
5650	0
5651	1
5652	3
5653	1
5654	0
5655	2
5656	0
5657	3
5658	0
5659	0
5660	0
5661	3
5662	0
5663	3
5664	0
5665	0
5666	0
5667	3
5668	3
5669	1
5670	2
5671	3
5672	3
5673	3
5674	0
5675	0
5676	3
5677	2
5678	3
5679	3
5680	3
5681	3
5682	2
5683	3
5684	3
5685	3
5686	0
5687	0
5688	3
5689	3
5690	0
5691	3
5692	0
5693	3
5694	0
5695	3
5696	3
5697	0
5698	0
5699	3
5700	3
5701	0
5702	0
5703	3
5704	2
5705	3
5706	0
5707	1
5708	1
5709	3
5710	0
5711	3
5712	3
5713	1
5714	3
5715	0
5716	0
5717	3
5718	0
5719	0
5720	3
5721	2
5722	1
5723	3
5724	3
5725	0
5726	0
5727	3
5728	3
5729	0
5730	3
5731	3
5732	0
5733	3
5734	3
5735	0
5736	0
5737	3
5738	3
5739	0
5740	3
5741	0
5742	0
5743	0
5744	0
5745	3
5746	2
5747	3
5748	0
5749	2
5750	1
5751	3
5752	1
5753	0
5754	0
5755	0
5756	1
5757	3
5758	1
5759	2
5760	3
5761	3
5762	0
5763	0
5764	0
5765	0
5766	0
5767	3
5768	0
5769	0
5770	0
5771	0
5772	2
5773	0
5774	2
5775	1
5776	0
5777	2
5778	2
5779	3
5780	3
5781	1
5782	3
5783	0
5784	0
5785	3
5786	0
5787	1
5788	0
5789	3
5790	3
5791	3
5792	0
5793	0
5794	3
5795	0
5796	0
5797	3
5798	3
5799	0
5800	0
5801	0
5802	0
5803	0
5804	3
5805	0
5806	2
5807	3
5808	0
5809	0
5810	0
5811	0
5812	0
5813	3
5814	0
5815	2
5816	1
5817	0
5818	1
5819	3
5820	3
5821	0
5822	3
5823	3
5824	3
5825	1
5826	0
5827	3
5828	0
5829	3
5830	3
5831	3
5832	0
5833	2
5834	2
5835	3
5836	0
5837	2
5838	0
5839	1
5840	0
5841	1
5842	3
5843	0
5844	0
5845	0
5846	0
5847	3
5848	0
5849	3
5850	0
5851	3
5852	0
5853	3
5854	3
5855	3
5856	0
5857	2
5858	0
5859	3
5860	3
5861	3
5862	0
5863	1
5864	2
5865	3
5866	2
5867	3
5868	0
5869	3
5870	0
5871	3
5872	0
5873	0
5874	0
5875	0
5876	0
5877	0
5878	1
5879	0
5880	0
5881	0
5882	2
5883	3
5884	3
5885	3
5886	2
5887	0
5888	3
5889	3
5890	0
5891	3
5892	0
5893	2
5894	0
5895	1
5896	1
5897	3
5898	1
5899	0
5900	0
5901	0
5902	0
5903	3
5904	0
5905	3
5906	0
5907	3
5908	0
5909	0
5910	3
5911	0
5912	0
5913	1
5914	0
5915	0
5916	0
5917	3
5918	0
5919	3
5920	0
5921	0
5922	2
5923	2
5924	0
5925	0
5926	0
5927	1
5928	3
5929	0
5930	0
5931	3
5932	0
5933	0
5934	0
5935	0
5936	1
5937	0
5938	3
5939	0
5940	2
5941	0
5942	3
5943	3
5944	0
5945	1
5946	0
5947	3
5948	0
5949	0
5950	0
5951	0
5952	0
5953	0
5954	0
5955	3
5956	1
5957	0
5958	0
5959	3
5960	0
5961	2
5962	0
5963	3
5964	3
5965	0
5966	0
5967	0
5968	3
5969	0
5970	0
5971	1
5972	0
5973	0
5974	3
5975	3
5976	0
5977	0
5978	1
5979	0
5980	0
5981	0
5982	3
5983	3
5984	0
5985	0
5986	3
5987	1
5988	3
5989	0
5990	3
5991	3
5992	2
5993	0
5994	0
5995	0
5996	3
5997	0
5998	0
5999	3
6000	0
6001	0
6002	3
6003	3
6004	0
6005	0
6006	2
6007	2
6008	0
6009	0
6010	0
6011	0
6012	1
6013	1
6014	2
6015	0
6016	3
6017	0
6018	0
6019	1
6020	0
6021	0
6022	0
6023	0
6024	3
6025	0
6026	0
6027	3
6028	0
6029	0
6030	3
6031	3
6032	3
6033	0
6034	3
6035	0
6036	0
6037	3
6038	0
6039	0
6040	0
6041	0
6042	3
6043	0
6044	0
6045	1
6046	0
6047	0
6048	0
6049	0
6050	2
6051	0
6052	0
6053	0
6054	0
6055	0
6056	0
6057	0
6058	2
6059	3
6060	0
6061	3
6062	0
6063	3
6064	1
6065	0
6066	0
6067	0
6068	3
6069	0
6070	1
6071	3
6072	0
6073	3
6074	2
6075	3
6076	0
6077	3
6078	0
6079	1
6080	0
6081	0
6082	2
6083	0
6084	3
6085	3
6086	0
6087	3
6088	0
6089	0
6090	0
6091	0
6092	0
6093	0
6094	3
6095	0
6096	0
6097	0
6098	0
6099	3
6100	0
6101	3
6102	0
6103	3
6104	0
6105	3
6106	3
6107	3
6108	0
6109	3
6110	2
6111	0
6112	0
6113	0
6114	3
6115	2
6116	1
6117	2
6118	1
6119	3
6120	1
6121	3
6122	0
6123	2
6124	0
6125	2
6126	0
6127	0
6128	3
6129	0
6130	2
6131	0
6132	3
6133	3
6134	3
6135	3
6136	0
6137	0
6138	3
6139	3
6140	1
6141	0
6142	3
6143	2
6144	3
6145	0
6146	0
6147	2
6148	3
6149	3
6150	0
6151	3
6152	1
6153	0
6154	3
6155	0
6156	0
6157	3
6158	1
6159	3
6160	0
6161	3
6162	0
6163	3
6164	3
6165	3
6166	0
6167	0
6168	3
6169	0
6170	2
6171	0
6172	2
6173	1
6174	0
6175	1
6176	3
6177	3
6178	0
6179	2
6180	0
6181	3
6182	0
6183	3
6184	0
6185	0
6186	1
6187	3
6188	0
6189	3
6190	2
6191	3
6192	1
6193	3
6194	0
6195	3
6196	0
6197	2
6198	0
6199	3
6200	0
6201	0
6202	3
6203	3
6204	0
6205	0
6206	2
6207	0
6208	0
6209	0
6210	2
6211	2
6212	3
6213	0
6214	0
6215	3
6216	0
6217	3
6218	1
6219	1
6220	1
6221	3
6222	2
6223	3
6224	0
6225	3
6226	1
6227	1
6228	0
6229	0
6230	2
6231	3
6232	0
6233	0
6234	1
6235	3
6236	2
6237	0
6238	0
6239	0
6240	3
6241	3
6242	3
6243	1
6244	0
6245	3
6246	3
6247	0
6248	2
6249	3
6250	3
6251	3
6252	0
6253	3
6254	3
6255	1
6256	1
6257	0
6258	3
6259	3
6260	0
6261	3
6262	0
6263	3
6264	0
6265	0
6266	2
6267	2
6268	2
6269	3
6270	1
6271	2
6272	3
6273	0
6274	0
6275	3
6276	2
6277	2
6278	1
6279	0
6280	1
6281	0
6282	3
6283	3
6284	3
6285	3
6286	3
6287	3
6288	0
6289	0
6290	2
6291	0
6292	3
6293	0
6294	2
6295	0
6296	2
6297	3
6298	3
6299	3
6300	3
6301	3
6302	0
6303	3
6304	0
6305	3
6306	3
6307	2
6308	3
6309	0
6310	0
6311	2
6312	1
6313	3
6314	0
6315	0
6316	0
6317	0
6318	0
6319	3
6320	0
6321	3
6322	2
6323	3
6324	0
6325	0
6326	1
6327	0
6328	3
6329	3
6330	3
6331	3
6332	2
6333	0
6334	3
6335	0
6336	0
6337	3
6338	0
6339	3
6340	3
6341	2
6342	0
6343	0
6344	0
6345	0
6346	1
6347	0
6348	3
6349	0
6350	3
6351	2
6352	0
6353	0
6354	3
6355	0
6356	2
6357	3
6358	0
6359	3
6360	3
6361	3
6362	0
6363	2
6364	1
6365	3
6366	0
6367	3
6368	3
6369	0
6370	0
6371	3
6372	1
6373	0
6374	0
6375	0
6376	3
6377	0
6378	3
6379	2
6380	0
6381	0
6382	2
6383	0
6384	0
6385	3
6386	0
6387	1
6388	0
6389	2
6390	0
6391	3
6392	2
6393	3
6394	2
6395	1
6396	3
6397	2
6398	3
6399	3
6400	0
6401	3
6402	3
6403	3
6404	2
6405	0
6406	3
6407	0
6408	0
6409	0
6410	0
6411	0
6412	0
6413	3
6414	1
6415	0
6416	3
6417	0
6418	2
6419	0
6420	3
6421	0
6422	0
6423	3
6424	0
6425	0
6426	0
6427	3
6428	2
6429	0
6430	0
6431	0
6432	3
6433	0
6434	0
6435	0
6436	0
6437	3
6438	3
6439	0
6440	3
6441	0
6442	0
6443	0
6444	0
6445	0
6446	1
6447	0
6448	3
6449	0
6450	0
6451	0
6452	3
6453	0
6454	3
6455	0
6456	0
6457	3
6458	0
6459	0
6460	0
6461	3
6462	0
6463	0
6464	3
6465	0
6466	3
6467	0
6468	0
6469	0
6470	3
6471	0
6472	0
6473	0
6474	0
6475	0
6476	0
6477	3
6478	3
6479	0
6480	1
6481	1
6482	0
6483	0
6484	2
6485	0
6486	0
6487	0
6488	3
6489	0
6490	2
6491	1
6492	0
6493	0
6494	3
6495	0
6496	0
6497	1
6498	2
6499	0
6500	0
6501	0
6502	0
6503	3
6504	3
6505	0
6506	0
6507	0
6508	1
6509	0
6510	3
6511	0
6512	2
6513	1
6514	0
6515	1
6516	1
6517	1
6518	3
6519	2
6520	0
6521	3
6522	0
6523	0
6524	0
6525	3
6526	3
6527	3
6528	0
6529	2
6530	0
6531	1
6532	2
6533	0
6534	0
6535	0
6536	2
6537	0
6538	0
6539	0
6540	3
6541	3
6542	3
6543	0
6544	1
6545	0
6546	0
6547	0
6548	0
6549	0
6550	0
6551	3
6552	3
6553	1
6554	3
6555	0
6556	0
6557	3
6558	3
6559	3
6560	0
6561	1
6562	3
6563	1
6564	3
6565	3
6566	0
6567	2
6568	3
6569	0
6570	3
6571	3
6572	0
6573	0
6574	3
6575	1
6576	3
6577	0
6578	3
6579	3
6580	0
6581	0
6582	0
6583	0
6584	2
6585	0
6586	3
6587	3
6588	3
6589	3
6590	2
6591	3
6592	3
6593	0
6594	0
6595	0
6596	3
6597	0
6598	0
6599	2
6600	0
6601	0
6602	3
6603	2
6604	3
6605	0
6606	0
6607	3
6608	3
6609	3
6610	3
6611	0
6612	3
6613	0
6614	3
6615	1
6616	3
6617	2
6618	3
6619	3
6620	1
6621	3
6622	3
6623	3
6624	3
6625	2
6626	3
6627	3
6628	3
6629	0
6630	0
6631	0
6632	3
6633	2
6634	3
6635	0
6636	0
6637	1
6638	3
6639	3
6640	1
6641	0
6642	3
6643	3
6644	0
6645	0
6646	1
6647	0
6648	0
6649	0
6650	3
6651	1
6652	2
6653	0
6654	2
6655	3
6656	0
6657	0
6658	0
6659	2
6660	0
6661	2
6662	3
6663	0
6664	2
6665	3
6666	2
6667	0
6668	0
6669	0
6670	0
6671	2
6672	0
6673	0
6674	0
6675	2
6676	0
6677	2
6678	1
6679	0
6680	3
6681	1
6682	3
6683	2
6684	2
6685	0
6686	1
6687	2
6688	1
6689	3
6690	0
6691	0
6692	0
6693	0
6694	3
6695	1
6696	3
6697	0
6698	3
6699	3
6700	3
6701	0
6702	0
6703	3
6704	0
6705	3
6706	3
6707	3
6708	3
6709	2
6710	0
6711	1
6712	3
6713	0
6714	0
6715	0
6716	0
6717	0
6718	2
6719	0
6720	0
6721	0
6722	0
6723	2
6724	0
6725	0
6726	0
6727	3
6728	0
6729	2
6730	3
6731	3
6732	2
6733	1
6734	0
6735	0
6736	1
6737	0
6738	0
6739	0
6740	0
6741	3
6742	0
6743	3
6744	2
6745	0
6746	3
6747	3
6748	2
6749	3
6750	1
6751	3
6752	3
6753	0
6754	0
6755	3
6756	3
6757	3
6758	0
6759	0
6760	0
6761	0
6762	3
6763	3
6764	2
6765	2
6766	0
6767	3
6768	3
6769	1
6770	3
6771	2
6772	0
6773	3
6774	0
6775	3
6776	3
6777	3
6778	3
6779	3
6780	1
6781	0
6782	2
6783	3
6784	3
6785	0
6786	0
6787	3
6788	1
6789	0
6790	0
6791	0
6792	3
6793	0
6794	3
6795	0
6796	3
6797	3
6798	3
6799	3
6800	0
6801	2
6802	0
6803	0
6804	0
6805	2
6806	0
6807	3
6808	0
6809	0
6810	1
6811	2
6812	0
6813	0
6814	0
6815	0
6816	0
6817	1
6818	0
6819	3
6820	0
6821	3
6822	0
6823	0
6824	0
6825	3
6826	2
6827	3
6828	3
6829	0
6830	0
6831	3
6832	0
6833	0
6834	0
6835	3
6836	3
6837	0
6838	0
6839	0
6840	3
6841	3
6842	3
6843	1
6844	0
6845	3
6846	2
6847	3
6848	0
6849	0
6850	0
6851	0
6852	0
6853	1
6854	3
6855	3
6856	3
6857	1
6858	3
6859	0
6860	0
6861	3
6862	3
6863	0
6864	0
6865	1
6866	3
6867	3
6868	3
6869	3
6870	2
6871	3
6872	3
6873	3
6874	2
6875	3
6876	0
6877	2
6878	2
6879	0
6880	3
6881	3
6882	3
6883	3
6884	3
6885	0
6886	2
6887	2
6888	1
6889	0
6890	3
6891	0
6892	3
6893	1
6894	3
6895	3
6896	2
6897	3
6898	3
6899	3
6900	0
6901	0
6902	0
6903	0
6904	0
6905	0
6906	2
6907	0
6908	2
6909	3
6910	2
6911	3
6912	0
6913	0
6914	3
6915	0
6916	3
6917	3
6918	3
6919	0
6920	3
6921	0
6922	3
6923	0
6924	0
6925	0
6926	0
6927	0
6928	0
6929	0
6930	0
6931	3
6932	0
6933	2
6934	3
6935	3
6936	3
6937	3
6938	1
6939	3
6940	0
6941	0
6942	1
6943	2
6944	0
6945	0
6946	3
6947	1
6948	0
6949	0
6950	0
6951	3
6952	3
6953	0
6954	3
6955	0
6956	0
6957	3
6958	0
6959	0
6960	1
6961	1
6962	0
6963	3
6964	0
6965	3
6966	2
6967	0
6968	3
6969	3
6970	1
6971	1
6972	3
6973	2
6974	3
6975	2
6976	2
6977	2
6978	0
6979	3
6980	3
6981	1
6982	3
6983	0
6984	0
6985	0
6986	3
6987	2
6988	0
6989	2
6990	3
6991	3
6992	0
6993	3
6994	0
6995	0
6996	0
6997	0
6998	0
6999	1
7000	0
7001	0
7002	3
7003	0
7004	2
7005	0
7006	0
7007	3
7008	3
7009	3
7010	2
7011	0
7012	0
7013	0
7014	3
7015	3
7016	3
7017	3
7018	3
7019	3
7020	3
7021	3
7022	3
7023	0
7024	3
7025	3
7026	3
7027	3
7028	0
7029	1
7030	3
7031	3
7032	2
7033	0
7034	0
7035	0
7036	3
7037	3
7038	3
7039	3
7040	0
7041	0
7042	3
7043	0
7044	0
7045	3
7046	3
7047	3
7048	3
7049	3
7050	2
7051	3
7052	0
7053	0
7054	3
7055	0
7056	3
7057	0
7058	3
7059	0
7060	0
7061	0
7062	3
7063	0
7064	1
7065	0
7066	3
7067	0
7068	3
7069	0
7070	1
7071	0
7072	3
7073	2
7074	3
7075	3
7076	3
7077	0
7078	3
7079	3
7080	3
7081	3
7082	0
7083	2
7084	3
7085	0
7086	0
7087	3
7088	3
7089	2
7090	2
7091	2
7092	1
7093	0
7094	3
7095	0
7096	3
7097	0
7098	0
7099	0
7100	0
7101	3
7102	3
7103	0
7104	0
7105	3
7106	0
7107	0
7108	0
7109	3
7110	2
7111	3
7112	2
7113	3
7114	3
7115	2
7116	1
7117	0
7118	3
7119	3
7120	0
7121	0
7122	0
7123	2
7124	0
7125	0
7126	0
7127	0
7128	3
7129	1
7130	0
7131	0
7132	0
7133	3
7134	3
7135	3
7136	0
7137	0
7138	0
7139	0
7140	3
7141	1
7142	2
7143	0
7144	0
7145	0
7146	3
7147	0
7148	3
7149	0
7150	3
7151	3
7152	0
7153	0
7154	1
7155	3
7156	0
7157	2
7158	1
7159	3
7160	3
7161	2
7162	3
7163	3
7164	0
7165	0
7166	0
7167	3
7168	3
7169	0
7170	3
7171	0
7172	3
7173	0
7174	3
7175	3
7176	3
7177	1
7178	3
7179	0
7180	0
7181	3
7182	3
7183	1
7184	2
7185	3
7186	3
7187	3
7188	2
7189	3
7190	3
7191	3
7192	3
7193	0
7194	2
7195	1
7196	1
7197	1
7198	2
7199	3
7200	3
7201	0
7202	3
7203	1
7204	3
7205	3
7206	3
7207	0
7208	3
7209	3
7210	0
7211	1
7212	3
7213	0
7214	0
7215	3
7216	2
7217	1
7218	1
7219	0
7220	0
7221	0
7222	3
7223	1
7224	0
7225	1
7226	3
7227	0
7228	3
7229	0
7230	0
7231	0
7232	1
7233	0
7234	0
7235	0
7236	0
7237	2
7238	0
7239	3
7240	0
7241	3
7242	0
7243	0
7244	0
7245	0
7246	0
7247	0
7248	2
7249	0
7250	1
7251	0
7252	0
7253	3
7254	3
7255	3
7256	0
7257	3
7258	0
7259	0
7260	0
7261	0
7262	0
7263	3
7264	0
7265	2
7266	0
7267	3
7268	2
7269	2
7270	0
7271	3
7272	2
7273	0
7274	2
7275	3
7276	0
7277	0
7278	3
7279	0
7280	0
7281	2
7282	0
7283	0
7284	3
7285	0
7286	2
7287	0
7288	0
7289	0
7290	3
7291	3
7292	2
7293	3
7294	0
7295	3
7296	2
7297	1
7298	0
7299	3
7300	2
7301	3
7302	1
7303	2
7304	0
7305	1
7306	0
7307	1
7308	0
7309	3
7310	0
7311	3
7312	3
7313	0
7314	2
7315	3
7316	0
7317	2
7318	3
7319	0
7320	3
7321	0
7322	3
7323	3
7324	0
7325	1
7326	0
7327	0
7328	3
7329	0
7330	2
7331	0
7332	2
7333	3
7334	3
7335	3
7336	0
7337	0
7338	3
7339	2
7340	0
7341	3
7342	0
7343	0
7344	0
7345	0
7346	0
7347	3
7348	3
7349	2
7350	3
7351	0
7352	3
7353	3
7354	0
7355	0
7356	3
7357	1
7358	0
7359	2
7360	2
7361	0
7362	1
7363	1
7364	0
7365	0
7366	1
7367	3
7368	1
7369	3
7370	3
7371	0
7372	3
7373	0
7374	3
7375	0
7376	2
7377	3
7378	0
7379	1
7380	0
7381	0
7382	3
7383	2
7384	0
7385	1
7386	0
7387	3
7388	0
7389	3
7390	2
7391	3
7392	3
7393	3
7394	1
7395	0
7396	2
7397	2
7398	0
7399	0
7400	3
7401	3
7402	0
7403	0
7404	2
7405	0
7406	0
7407	1
7408	3
7409	0
7410	0
7411	0
7412	3
7413	2
7414	0
7415	2
7416	2
7417	2
7418	1
7419	0
7420	2
7421	3
7422	0
7423	0
7424	0
7425	0
7426	3
7427	0
7428	0
7429	0
7430	2
7431	3
7432	0
7433	2
7434	3
7435	2
7436	3
7437	3
7438	3
7439	0
7440	0
7441	0
7442	0
7443	3
7444	2
7445	0
7446	2
7447	2
7448	0
7449	0
7450	2
7451	0
7452	3
7453	0
7454	2
7455	0
7456	1
7457	0
7458	1
7459	0
7460	1
7461	0
7462	3
7463	2
7464	2
7465	0
7466	0
7467	0
7468	3
7469	0
7470	1
7471	3
7472	0
7473	0
7474	3
7475	0
7476	0
7477	3
7478	0
7479	3
7480	0
7481	0
7482	0
7483	3
7484	3
7485	0
7486	0
7487	0
7488	0
7489	0
7490	2
7491	3
7492	0
7493	0
7494	3
7495	0
7496	0
7497	3
7498	0
7499	3
7500	2
7501	0
7502	3
7503	0
7504	0
7505	3
7506	3
7507	0
7508	3
7509	0
7510	0
7511	0
7512	3
7513	0
7514	0
7515	0
7516	2
7517	0
7518	0
7519	0
7520	0
7521	0
7522	3
7523	3
7524	0
7525	0
7526	0
7527	0
7528	3
7529	1
7530	0
7531	1
7532	2
7533	0
7534	3
7535	3
7536	3
7537	3
7538	3
7539	0
7540	3
7541	0
7542	3
7543	1
7544	0
7545	3
7546	0
7547	3
7548	3
7549	0
7550	1
7551	0
7552	1
7553	0
7554	3
7555	3
7556	0
7557	3
7558	1
7559	3
7560	3
7561	3
7562	0
7563	0
7564	0
7565	3
7566	0
7567	0
7568	0
7569	2
7570	3
7571	0
7572	0
7573	3
7574	3
7575	2
7576	1
7577	0
7578	3
7579	3
7580	0
7581	0
7582	3
7583	3
7584	3
7585	3
7586	2
7587	3
7588	3
7589	2
7590	0
7591	0
7592	0
7593	0
7594	0
7595	3
7596	0
7597	3
7598	2
7599	3
7600	2
7601	0
7602	2
7603	2
7604	0
7605	0
7606	3
7607	3
7608	3
7609	0
7610	2
7611	0
7612	0
7613	3
7614	0
7615	0
7616	0
7617	3
7618	3
7619	0
7620	0
7621	3
7622	3
7623	0
7624	1
7625	1
7626	1
7627	0
7628	2
7629	3
7630	1
7631	0
7632	0
7633	3
7634	0
7635	3
7636	0
7637	0
7638	1
7639	0
7640	0
7641	2
7642	0
7643	3
7644	1
7645	0
7646	0
7647	0
7648	1
7649	0
7650	3
7651	0
7652	3
7653	2
7654	1
7655	2
7656	3
7657	3
7658	0
7659	2
7660	1
7661	0
7662	3
7663	3
7664	3
7665	3
7666	3
7667	1
7668	0
7669	0
7670	0
7671	0
7672	0
7673	0
7674	0
7675	3
7676	0
7677	0
7678	0
7679	3
7680	0
7681	2
7682	3
7683	3
7684	0
7685	3
7686	3
7687	3
7688	0
7689	3
7690	3
7691	3
7692	2
7693	0
7694	3
7695	3
7696	2
7697	0
7698	3
7699	3
7700	3
7701	3
7702	2
7703	3
7704	3
7705	0
7706	2
7707	3
7708	0
7709	0
7710	0
7711	3
7712	3
7713	0
7714	3
7715	1
7716	0
7717	0
7718	0
7719	1
7720	3
7721	0
7722	1
7723	3
7724	0
7725	3
7726	3
7727	3
7728	2
7729	3
7730	3
7731	3
7732	0
7733	3
7734	1
7735	0
7736	3
7737	1
7738	3
7739	0
7740	1
7741	3
7742	0
7743	2
7744	3
7745	0
7746	0
7747	3
7748	0
7749	3
7750	0
7751	3
7752	0
7753	3
7754	0
7755	3
7756	2
7757	1
7758	0
7759	3
7760	3
7761	3
7762	0
7763	3
7764	2
7765	2
7766	2
7767	0
7768	3
7769	0
7770	0
7771	3
7772	0
7773	3
7774	3
7775	1
7776	3
7777	2
7778	1
7779	2
7780	3
7781	0
7782	0
7783	0
7784	0
7785	3
7786	1
7787	0
7788	0
7789	1
7790	0
7791	0
7792	0
7793	0
7794	3
7795	0
7796	1
7797	0
7798	0
7799	0
7800	0
7801	3
7802	0
7803	1
7804	0
7805	0
7806	0
7807	0
7808	3
7809	2
7810	3
7811	0
7812	0
7813	0
7814	3
7815	0
7816	3
7817	0
7818	0
7819	3
7820	3
7821	3
7822	3
7823	0
7824	3
7825	0
7826	3
7827	0
7828	3
7829	3
7830	2
7831	0
7832	3
7833	0
7834	3
7835	0
7836	3
7837	0
7838	3
7839	3
7840	1
7841	0
7842	2
7843	3
7844	1
7845	1
7846	2
7847	0
7848	2
7849	2
7850	2
7851	3
7852	0
7853	3
7854	3
7855	0
7856	0
7857	0
7858	1
7859	0
7860	3
7861	2
7862	3
7863	0
7864	0
7865	3
7866	3
7867	0
7868	3
7869	1
7870	0
7871	3
7872	3
7873	3
7874	0
7875	3
7876	3
7877	0
7878	1
7879	3
7880	0
7881	0
7882	0
7883	0
7884	3
7885	3
7886	0
7887	1
7888	3
7889	0
7890	3
7891	0
7892	3
7893	3
7894	3
7895	0
7896	1
7897	0
7898	1
7899	0
7900	3
7901	0
7902	3
7903	1
7904	3
7905	3
7906	0
7907	3
7908	0
7909	0
7910	2
7911	0
7912	2
7913	0
7914	3
7915	2
7916	3
7917	0
7918	2
7919	3
7920	2
7921	3
7922	1
7923	0
7924	3
7925	1
7926	0
7927	0
7928	3
7929	3
7930	3
7931	0
7932	3
7933	3
7934	3
7935	1
7936	1
7937	0
7938	3
7939	0
7940	0
7941	3
7942	3
7943	0
7944	0
7945	2
7946	0
7947	3
7948	1
7949	0
7950	1
7951	0
7952	3
7953	3
7954	0
7955	3
7956	0
7957	0
7958	0
7959	3
7960	0
7961	0
7962	0
7963	2
7964	2
7965	0
7966	0
7967	3
7968	0
7969	3
7970	0
7971	0
7972	3
7973	3
7974	0
7975	0
7976	0
7977	0
7978	2
7979	0
7980	0
7981	2
7982	3
7983	0
7984	3
7985	2
7986	3
7987	0
7988	3
7989	0
7990	0
7991	3
7992	2
7993	1
7994	0
7995	0
7996	0
7997	0
7998	3
7999	0
8000	0
8001	3
8002	0
8003	0
8004	0
8005	0
8006	0
8007	2
8008	0
8009	3
8010	0
8011	3
8012	0
8013	2
8014	2
8015	0
8016	3
8017	3
8018	3
8019	3
8020	0
8021	3
8022	3
8023	3
8024	0
8025	0
8026	3
8027	3
8028	0
8029	3
8030	3
8031	3
8032	0
8033	3
8034	0
8035	0
8036	0
8037	3
8038	3
8039	0
8040	0
8041	0
8042	0
8043	0
8044	0
8045	0
8046	2
8047	3
8048	3
8049	0
8050	3
8051	3
8052	1
8053	0
8054	0
8055	2
8056	0
8057	1
8058	0
8059	2
8060	0
8061	3
8062	3
8063	2
8064	0
8065	0
8066	3
8067	0
8068	1
8069	2
8070	0
8071	1
8072	3
8073	0
8074	3
8075	2
8076	0
8077	3
8078	0
8079	3
8080	0
8081	0
8082	0
8083	0
8084	2
8085	0
8086	0
8087	1
8088	1
8089	1
8090	3
8091	3
8092	0
8093	0
8094	3
8095	0
8096	0
8097	0
8098	3
8099	3
8100	3
8101	3
8102	3
8103	0
8104	3
8105	0
8106	0
8107	0
8108	1
8109	0
8110	3
8111	0
8112	3
8113	1
8114	0
8115	0
8116	3
8117	0
8118	0
8119	0
8120	3
8121	0
8122	2
8123	0
8124	3
8125	0
8126	3
8127	1
8128	0
8129	0
8130	1
8131	0
8132	0
8133	1
8134	0
8135	0
8136	0
8137	0
8138	1
8139	0
8140	1
8141	0
8142	0
8143	0
8144	0
8145	0
8146	3
8147	1
8148	0
8149	0
8150	1
8151	1
8152	0
8153	0
8154	3
8155	3
8156	0
8157	3
8158	0
8159	3
8160	0
8161	0
8162	0
8163	0
8164	2
8165	0
8166	1
8167	2
8168	3
8169	0
8170	1
8171	0
8172	0
8173	0
8174	2
8175	2
8176	3
8177	3
8178	3
8179	2
8180	1
8181	3
8182	3
8183	3
8184	3
8185	0
8186	3
8187	3
8188	3
8189	3
8190	3
8191	0
