COMMAND
./sim gshare 11 2 ./proj2-traces/gcc_trace.txt
OUTPUT
number of predictions:2000000
number of mispredictions:274296
misprediction rate:   13.71%
FINAL GSHARE CONTENTS
0	3
1	3
2	2
3	2
4	3
5	3
6	3
7	0
8	3
9	0
10	3
11	0
12	3
13	0
14	3
15	0
16	2
17	0
18	3
19	0
20	3
21	3
22	2
23	0
24	1
25	2
26	3
27	1
28	0
29	0
30	3
31	2
32	0
33	3
34	0
35	1
36	2
37	0
38	3
39	3
40	0
41	0
42	2
43	0
44	0
45	0
46	0
47	0
48	3
49	2
50	2
51	3
52	3
53	3
54	0
55	0
56	2
57	0
58	0
59	2
60	0
61	0
62	0
63	2
64	0
65	2
66	0
67	0
68	0
69	0
70	0
71	3
72	0
73	0
74	2
75	0
76	3
77	2
78	3
79	0
80	3
81	3
82	0
83	2
84	0
85	0
86	3
87	3
88	3
89	2
90	3
91	0
92	0
93	0
94	3
95	0
96	0
97	1
98	0
99	1
100	0
101	0
102	2
103	0
104	0
105	3
106	2
107	0
108	3
109	1
110	3
111	0
112	0
113	3
114	3
115	3
116	0
117	0
118	3
119	0
120	0
121	3
122	3
123	0
124	0
125	3
126	0
127	2
128	3
129	0
130	0
131	0
132	3
133	2
134	2
135	0
136	3
137	2
138	0
139	0
140	0
141	3
142	3
143	3
144	0
145	0
146	3
147	0
148	3
149	1
150	0
151	0
152	0
153	0
154	3
155	3
156	3
157	0
158	0
159	0
160	2
161	0
162	2
163	3
164	2
165	0
166	0
167	0
168	3
169	0
170	3
171	0
172	3
173	0
174	0
175	0
176	2
177	0
178	0
179	0
180	1
181	2
182	3
183	3
184	1
185	0
186	0
187	2
188	2
189	3
190	0
191	3
192	3
193	3
194	0
195	1
196	0
197	0
198	0
199	3
200	0
201	0
202	0
203	1
204	2
205	3
206	3
207	3
208	3
209	0
210	1
211	3
212	0
213	3
214	3
215	3
216	3
217	0
218	3
219	1
220	3
221	2
222	0
223	0
224	0
225	3
226	3
227	0
228	0
229	3
230	3
231	0
232	3
233	0
234	3
235	3
236	0
237	1
238	0
239	0
240	0
241	0
242	0
243	3
244	3
245	3
246	0
247	0
248	3
249	3
250	2
251	0
252	3
253	0
254	3
255	0
256	3
257	0
258	3
259	0
260	3
261	1
262	3
263	1
264	0
265	3
266	0
267	3
268	1
269	0
270	0
271	0
272	0
273	0
274	3
275	0
276	3
277	3
278	2
279	0
280	0
281	3
282	0
283	3
284	0
285	3
286	0
287	0
288	3
289	3
290	0
291	1
292	0
293	3
294	0
295	0
296	3
297	0
298	2
299	0
300	0
301	0
302	0
303	0
304	0
305	0
306	1
307	0
308	0
309	3
310	0
311	0
312	0
313	0
314	3
315	0
316	0
317	0
318	0
319	3
320	3
321	2
322	2
323	3
324	0
325	0
326	0
327	2
328	0
329	2
330	3
331	0
332	0
333	2
334	0
335	3
336	3
337	0
338	0
339	0
340	0
341	0
342	0
343	3
344	0
345	0
346	3
347	0
348	0
349	0
350	0
351	0
352	1
353	3
354	3
355	3
356	0
357	3
358	3
359	0
360	3
361	3
362	3
363	2
364	3
365	1
366	3
367	0
368	3
369	0
370	3
371	0
372	0
373	3
374	0
375	3
376	3
377	0
378	3
379	0
380	3
381	1
382	0
383	0
384	3
385	0
386	0
387	0
388	3
389	2
390	3
391	0
392	0
393	0
394	3
395	3
396	0
397	2
398	1
399	0
400	0
401	3
402	0
403	2
404	3
405	0
406	0
407	1
408	1
409	0
410	1
411	3
412	3
413	0
414	0
415	0
416	0
417	0
418	3
419	0
420	3
421	0
422	0
423	1
424	3
425	0
426	0
427	2
428	3
429	1
430	2
431	2
432	3
433	2
434	0
435	0
436	0
437	3
438	3
439	3
440	3
441	0
442	3
443	3
444	3
445	3
446	0
447	3
448	0
449	2
450	1
451	0
452	2
453	0
454	0
455	0
456	0
457	0
458	0
459	0
460	0
461	3
462	3
463	0
464	0
465	3
466	3
467	0
468	2
469	3
470	1
471	0
472	1
473	3
474	3
475	0
476	0
477	0
478	0
479	3
480	3
481	1
482	2
483	3
484	0
485	1
486	0
487	3
488	3
489	0
490	3
491	3
492	0
493	3
494	1
495	0
496	3
497	3
498	0
499	2
500	3
501	0
502	0
503	0
504	0
505	1
506	3
507	2
508	1
509	2
510	0
511	0
512	3
513	0
514	3
515	3
516	0
517	0
518	3
519	0
520	3
521	0
522	3
523	1
524	3
525	3
526	3
527	2
528	0
529	0
530	3
531	0
532	0
533	3
534	3
535	0
536	0
537	0
538	0
539	2
540	0
541	0
542	0
543	1
544	0
545	0
546	2
547	0
548	2
549	3
550	3
551	3
552	3
553	0
554	3
555	0
556	3
557	3
558	3
559	0
560	0
561	0
562	3
563	3
564	0
565	1
566	0
567	0
568	0
569	3
570	0
571	0
572	3
573	0
574	3
575	3
576	3
577	2
578	0
579	1
580	0
581	0
582	3
583	0
584	0
585	0
586	0
587	0
588	3
589	1
590	2
591	3
592	3
593	3
594	0
595	0
596	0
597	3
598	3
599	0
600	3
601	3
602	0
603	3
604	0
605	1
606	2
607	1
608	3
609	2
610	2
611	0
612	0
613	3
614	3
615	0
616	0
617	3
618	0
619	0
620	0
621	3
622	3
623	0
624	0
625	3
626	3
627	3
628	2
629	0
630	2
631	0
632	2
633	0
634	0
635	0
636	3
637	3
638	0
639	3
640	3
641	0
642	0
643	3
644	3
645	2
646	0
647	0
648	3
649	0
650	0
651	3
652	0
653	0
654	3
655	3
656	0
657	0
658	0
659	0
660	2
661	3
662	0
663	3
664	3
665	2
666	0
667	3
668	0
669	3
670	0
671	3
672	3
673	0
674	0
675	0
676	3
677	2
678	0
679	3
680	2
681	1
682	3
683	0
684	3
685	1
686	0
687	3
688	3
689	0
690	3
691	0
692	0
693	0
694	3
695	1
696	3
697	1
698	2
699	0
700	0
701	3
702	3
703	0
704	3
705	0
706	2
707	0
708	3
709	0
710	0
711	3
712	0
713	0
714	0
715	0
716	3
717	2
718	3
719	3
720	0
721	0
722	0
723	0
724	1
725	0
726	2
727	3
728	0
729	3
730	2
731	0
732	3
733	0
734	0
735	2
736	0
737	3
738	0
739	3
740	3
741	2
742	0
743	2
744	0
745	3
746	1
747	0
748	0
749	0
750	0
751	3
752	0
753	0
754	0
755	1
756	0
757	3
758	3
759	0
760	0
761	0
762	0
763	3
764	0
765	0
766	0
767	3
768	0
769	0
770	2
771	0
772	3
773	3
774	0
775	3
776	3
777	3
778	3
779	0
780	3
781	0
782	1
783	0
784	0
785	0
786	0
787	3
788	3
789	3
790	3
791	0
792	0
793	3
794	0
795	0
796	0
797	0
798	0
799	0
800	3
801	0
802	3
803	0
804	3
805	0
806	0
807	0
808	0
809	0
810	3
811	2
812	3
813	0
814	0
815	0
816	0
817	3
818	0
819	0
820	3
821	3
822	0
823	1
824	0
825	3
826	3
827	0
828	0
829	3
830	0
831	3
832	0
833	3
834	0
835	0
836	3
837	1
838	3
839	3
840	0
841	0
842	3
843	0
844	3
845	3
846	0
847	1
848	0
849	0
850	0
851	0
852	3
853	2
854	0
855	3
856	0
857	0
858	1
859	0
860	0
861	2
862	0
863	0
864	3
865	1
866	3
867	0
868	0
869	2
870	3
871	0
872	0
873	3
874	3
875	0
876	0
877	0
878	3
879	0
880	2
881	1
882	0
883	0
884	0
885	3
886	0
887	3
888	1
889	0
890	0
891	0
892	3
893	0
894	3
895	3
896	3
897	0
898	0
899	1
900	3
901	3
902	0
903	2
904	0
905	3
906	0
907	0
908	1
909	0
910	0
911	3
912	1
913	3
914	0
915	2
916	2
917	0
918	3
919	3
920	3
921	3
922	0
923	0
924	0
925	0
926	0
927	0
928	1
929	2
930	1
931	0
932	3
933	0
934	0
935	0
936	3
937	1
938	1
939	0
940	0
941	0
942	3
943	2
944	0
945	0
946	0
947	3
948	0
949	3
950	3
951	1
952	3
953	0
954	0
955	3
956	0
957	1
958	1
959	0
960	3
961	1
962	0
963	0
964	0
965	0
966	3
967	0
968	0
969	3
970	3
971	0
972	0
973	3
974	3
975	0
976	0
977	1
978	3
979	1
980	1
981	0
982	3
983	2
984	1
985	3
986	2
987	2
988	2
989	0
990	0
991	3
992	3
993	0
994	0
995	0
996	0
997	3
998	0
999	0
1000	3
1001	3
1002	3
1003	3
1004	0
1005	3
1006	0
1007	0
1008	3
1009	3
1010	0
1011	0
1012	3
1013	0
1014	3
1015	0
1016	0
1017	0
1018	0
1019	0
1020	3
1021	0
1022	3
1023	3
1024	0
1025	1
1026	0
1027	2
1028	0
1029	0
1030	3
1031	0
1032	3
1033	0
1034	0
1035	3
1036	2
1037	3
1038	3
1039	3
1040	3
1041	2
1042	3
1043	3
1044	2
1045	3
1046	0
1047	0
1048	3
1049	3
1050	3
1051	3
1052	0
1053	3
1054	3
1055	0
1056	3
1057	2
1058	3
1059	0
1060	3
1061	3
1062	0
1063	2
1064	3
1065	3
1066	0
1067	2
1068	3
1069	1
1070	3
1071	3
1072	0
1073	0
1074	0
1075	1
1076	0
1077	0
1078	1
1079	3
1080	3
1081	0
1082	2
1083	0
1084	0
1085	2
1086	0
1087	3
1088	2
1089	3
1090	0
1091	1
1092	3
1093	0
1094	0
1095	3
1096	3
1097	0
1098	3
1099	3
1100	3
1101	3
1102	3
1103	2
1104	0
1105	3
1106	0
1107	0
1108	1
1109	3
1110	0
1111	3
1112	0
1113	3
1114	3
1115	0
1116	3
1117	2
1118	0
1119	1
1120	0
1121	0
1122	3
1123	0
1124	0
1125	3
1126	0
1127	2
1128	0
1129	0
1130	3
1131	3
1132	3
1133	1
1134	2
1135	1
1136	3
1137	3
1138	0
1139	3
1140	3
1141	0
1142	1
1143	0
1144	3
1145	0
1146	0
1147	0
1148	3
1149	0
1150	0
1151	3
1152	3
1153	0
1154	3
1155	0
1156	3
1157	0
1158	1
1159	3
1160	0
1161	0
1162	3
1163	3
1164	0
1165	0
1166	0
1167	2
1168	0
1169	0
1170	3
1171	3
1172	3
1173	1
1174	0
1175	0
1176	2
1177	1
1178	3
1179	0
1180	0
1181	0
1182	2
1183	0
1184	0
1185	0
1186	0
1187	0
1188	0
1189	0
1190	0
1191	3
1192	3
1193	0
1194	3
1195	3
1196	3
1197	0
1198	2
1199	0
1200	0
1201	3
1202	3
1203	3
1204	0
1205	3
1206	3
1207	0
1208	3
1209	3
1210	3
1211	0
1212	0
1213	1
1214	3
1215	0
1216	0
1217	1
1218	0
1219	3
1220	2
1221	0
1222	0
1223	3
1224	0
1225	0
1226	0
1227	3
1228	3
1229	3
1230	3
1231	0
1232	3
1233	0
1234	1
1235	0
1236	3
1237	0
1238	0
1239	0
1240	3
1241	0
1242	1
1243	0
1244	3
1245	3
1246	1
1247	3
1248	3
1249	0
1250	0
1251	0
1252	0
1253	0
1254	3
1255	2
1256	3
1257	3
1258	0
1259	0
1260	0
1261	3
1262	0
1263	0
1264	0
1265	1
1266	3
1267	3
1268	0
1269	3
1270	0
1271	0
1272	0
1273	2
1274	0
1275	3
1276	1
1277	0
1278	0
1279	0
1280	0
1281	0
1282	0
1283	0
1284	3
1285	0
1286	3
1287	3
1288	3
1289	3
1290	3
1291	0
1292	3
1293	3
1294	0
1295	3
1296	1
1297	1
1298	3
1299	1
1300	0
1301	3
1302	0
1303	0
1304	1
1305	3
1306	3
1307	0
1308	0
1309	3
1310	0
1311	0
1312	0
1313	0
1314	0
1315	0
1316	3
1317	0
1318	0
1319	0
1320	2
1321	0
1322	0
1323	3
1324	3
1325	1
1326	0
1327	3
1328	0
1329	3
1330	0
1331	0
1332	2
1333	0
1334	1
1335	0
1336	0
1337	0
1338	0
1339	3
1340	0
1341	0
1342	3
1343	0
1344	1
1345	3
1346	3
1347	0
1348	1
1349	3
1350	3
1351	3
1352	2
1353	0
1354	1
1355	0
1356	3
1357	3
1358	0
1359	0
1360	0
1361	3
1362	0
1363	0
1364	3
1365	2
1366	0
1367	3
1368	3
1369	0
1370	0
1371	3
1372	2
1373	3
1374	1
1375	3
1376	3
1377	0
1378	0
1379	0
1380	0
1381	0
1382	3
1383	0
1384	0
1385	0
1386	0
1387	3
1388	3
1389	0
1390	3
1391	0
1392	3
1393	1
1394	3
1395	2
1396	3
1397	1
1398	3
1399	0
1400	0
1401	3
1402	1
1403	0
1404	0
1405	0
1406	0
1407	0
1408	1
1409	0
1410	0
1411	0
1412	3
1413	3
1414	3
1415	0
1416	3
1417	3
1418	3
1419	0
1420	3
1421	0
1422	0
1423	3
1424	0
1425	1
1426	0
1427	0
1428	3
1429	3
1430	0
1431	2
1432	0
1433	0
1434	0
1435	3
1436	0
1437	0
1438	0
1439	3
1440	0
1441	3
1442	3
1443	0
1444	0
1445	0
1446	0
1447	0
1448	3
1449	0
1450	0
1451	0
1452	0
1453	0
1454	0
1455	3
1456	0
1457	0
1458	0
1459	3
1460	0
1461	3
1462	0
1463	3
1464	2
1465	0
1466	3
1467	3
1468	0
1469	3
1470	3
1471	1
1472	0
1473	3
1474	0
1475	3
1476	3
1477	3
1478	0
1479	3
1480	3
1481	3
1482	1
1483	3
1484	0
1485	3
1486	3
1487	0
1488	0
1489	3
1490	2
1491	0
1492	0
1493	2
1494	0
1495	0
1496	0
1497	0
1498	3
1499	0
1500	3
1501	3
1502	3
1503	3
1504	3
1505	0
1506	0
1507	0
1508	0
1509	1
1510	1
1511	2
1512	0
1513	0
1514	0
1515	0
1516	0
1517	0
1518	2
1519	0
1520	3
1521	0
1522	0
1523	3
1524	1
1525	0
1526	0
1527	3
1528	0
1529	0
1530	0
1531	0
1532	0
1533	1
1534	0
1535	3
1536	3
1537	3
1538	0
1539	3
1540	3
1541	0
1542	3
1543	3
1544	0
1545	0
1546	2
1547	3
1548	0
1549	1
1550	0
1551	2
1552	1
1553	0
1554	2
1555	0
1556	3
1557	3
1558	0
1559	1
1560	0
1561	2
1562	1
1563	3
1564	0
1565	3
1566	3
1567	2
1568	0
1569	3
1570	0
1571	0
1572	0
1573	0
1574	3
1575	3
1576	0
1577	0
1578	0
1579	0
1580	3
1581	0
1582	0
1583	0
1584	3
1585	0
1586	0
1587	1
1588	2
1589	2
1590	0
1591	0
1592	0
1593	2
1594	0
1595	2
1596	3
1597	0
1598	0
1599	3
1600	0
1601	0
1602	0
1603	2
1604	0
1605	0
1606	3
1607	0
1608	0
1609	0
1610	3
1611	0
1612	0
1613	3
1614	0
1615	3
1616	0
1617	0
1618	0
1619	0
1620	0
1621	3
1622	0
1623	0
1624	0
1625	3
1626	3
1627	2
1628	3
1629	0
1630	0
1631	3
1632	0
1633	0
1634	3
1635	3
1636	3
1637	3
1638	1
1639	0
1640	0
1641	2
1642	0
1643	3
1644	3
1645	1
1646	3
1647	2
1648	0
1649	3
1650	3
1651	2
1652	3
1653	0
1654	3
1655	1
1656	0
1657	0
1658	3
1659	0
1660	0
1661	3
1662	1
1663	0
1664	2
1665	0
1666	3
1667	0
1668	3
1669	3
1670	0
1671	2
1672	0
1673	0
1674	0
1675	0
1676	3
1677	0
1678	3
1679	0
1680	3
1681	3
1682	0
1683	3
1684	0
1685	3
1686	0
1687	0
1688	1
1689	3
1690	3
1691	2
1692	0
1693	3
1694	2
1695	3
1696	3
1697	3
1698	3
1699	3
1700	0
1701	3
1702	0
1703	0
1704	3
1705	2
1706	3
1707	3
1708	3
1709	0
1710	3
1711	3
1712	3
1713	2
1714	0
1715	0
1716	0
1717	0
1718	2
1719	3
1720	0
1721	3
1722	1
1723	0
1724	0
1725	3
1726	3
1727	2
1728	0
1729	1
1730	0
1731	0
1732	0
1733	0
1734	0
1735	3
1736	0
1737	0
1738	0
1739	3
1740	0
1741	3
1742	0
1743	0
1744	0
1745	2
1746	1
1747	2
1748	0
1749	0
1750	2
1751	0
1752	0
1753	0
1754	1
1755	0
1756	0
1757	0
1758	0
1759	0
1760	3
1761	0
1762	0
1763	3
1764	3
1765	0
1766	1
1767	0
1768	3
1769	3
1770	0
1771	3
1772	3
1773	0
1774	3
1775	3
1776	0
1777	0
1778	0
1779	3
1780	3
1781	2
1782	0
1783	3
1784	3
1785	3
1786	2
1787	0
1788	0
1789	3
1790	3
1791	3
1792	3
1793	1
1794	3
1795	2
1796	3
1797	1
1798	3
1799	0
1800	1
1801	3
1802	3
1803	3
1804	3
1805	0
1806	3
1807	3
1808	2
1809	3
1810	3
1811	2
1812	0
1813	3
1814	0
1815	0
1816	1
1817	3
1818	0
1819	0
1820	3
1821	1
1822	0
1823	0
1824	3
1825	0
1826	0
1827	3
1828	3
1829	0
1830	3
1831	0
1832	0
1833	3
1834	0
1835	0
1836	3
1837	0
1838	0
1839	3
1840	0
1841	3
1842	3
1843	2
1844	0
1845	0
1846	0
1847	0
1848	0
1849	2
1850	0
1851	3
1852	0
1853	0
1854	1
1855	0
1856	2
1857	3
1858	0
1859	3
1860	2
1861	2
1862	0
1863	3
1864	0
1865	2
1866	2
1867	3
1868	3
1869	3
1870	0
1871	3
1872	3
1873	3
1874	1
1875	3
1876	0
1877	3
1878	3
1879	1
1880	3
1881	3
1882	0
1883	3
1884	3
1885	3
1886	0
1887	0
1888	3
1889	2
1890	3
1891	0
1892	3
1893	1
1894	0
1895	0
1896	0
1897	0
1898	1
1899	3
1900	3
1901	3
1902	3
1903	0
1904	2
1905	1
1906	3
1907	0
1908	3
1909	0
1910	0
1911	0
1912	3
1913	3
1914	3
1915	3
1916	0
1917	0
1918	3
1919	0
1920	0
1921	2
1922	0
1923	3
1924	0
1925	3
1926	1
1927	3
1928	3
1929	0
1930	1
1931	0
1932	1
1933	1
1934	0
1935	3
1936	0
1937	0
1938	0
1939	0
1940	0
1941	2
1942	0
1943	0
1944	3
1945	0
1946	1
1947	2
1948	3
1949	0
1950	0
1951	0
1952	2
1953	3
1954	3
1955	0
1956	0
1957	3
1958	0
1959	1
1960	3
1961	0
1962	3
1963	0
1964	0
1965	0
1966	3
1967	3
1968	1
1969	0
1970	3
1971	0
1972	3
1973	3
1974	0
1975	3
1976	0
1977	2
1978	0
1979	3
1980	3
1981	0
1982	2
1983	3
1984	0
1985	3
1986	0
1987	2
1988	3
1989	0
1990	0
1991	2
1992	3
1993	3
1994	0
1995	0
1996	3
1997	0
1998	0
1999	0
2000	0
2001	3
2002	0
2003	1
2004	1
2005	0
2006	0
2007	1
2008	0
2009	0
2010	3
2011	0
2012	0
2013	0
2014	0
2015	3
2016	1
2017	0
2018	0
2019	0
2020	0
2021	3
2022	0
2023	0
2024	3
2025	0
2026	0
2027	0
2028	3
2029	3
2030	3
2031	3
2032	0
2033	3
2034	2
2035	0
2036	3
2037	0
2038	0
2039	3
2040	0
2041	1
2042	0
2043	3
2044	0
2045	3
2046	3
2047	1
