COMMAND
./sim gshare 13 2 ./proj2-traces/gcc_trace.txt
OUTPUT
number of predictions:2000000
number of mispredictions:222102
misprediction rate:   11.11%
FINAL GSHARE CONTENTS
0	0
1	2
2	3
3	2
4	3
5	2
6	0
7	2
8	3
9	2
10	2
11	1
12	0
13	0
14	3
15	3
16	0
17	1
18	3
19	0
20	3
21	3
22	0
23	0
24	3
25	2
26	2
27	3
28	0
29	3
30	0
31	1
32	3
33	0
34	3
35	3
36	0
37	2
38	3
39	0
40	1
41	0
42	3
43	0
44	2
45	0
46	0
47	0
48	3
49	0
50	3
51	1
52	2
53	0
54	0
55	3
56	3
57	2
58	1
59	2
60	3
61	0
62	1
63	2
64	0
65	2
66	3
67	0
68	2
69	0
70	0
71	0
72	0
73	3
74	2
75	0
76	3
77	0
78	3
79	2
80	3
81	3
82	0
83	0
84	3
85	3
86	0
87	2
88	0
89	2
90	3
91	2
92	0
93	0
94	2
95	1
96	0
97	2
98	2
99	0
100	3
101	3
102	1
103	3
104	2
105	0
106	3
107	3
108	0
109	2
110	2
111	2
112	0
113	0
114	0
115	2
116	3
117	3
118	3
119	3
120	2
121	0
122	2
123	0
124	3
125	2
126	0
127	0
128	1
129	2
130	3
131	3
132	3
133	3
134	0
135	3
136	0
137	1
138	3
139	0
140	0
141	3
142	3
143	0
144	0
145	3
146	3
147	2
148	0
149	3
150	0
151	3
152	0
153	2
154	3
155	3
156	0
157	0
158	2
159	3
160	2
161	0
162	2
163	0
164	0
165	3
166	3
167	1
168	1
169	0
170	0
171	2
172	3
173	3
174	3
175	0
176	3
177	0
178	3
179	2
180	3
181	0
182	3
183	3
184	3
185	2
186	0
187	3
188	1
189	3
190	3
191	2
192	0
193	3
194	0
195	0
196	3
197	0
198	3
199	0
200	2
201	0
202	0
203	0
204	3
205	0
206	3
207	0
208	0
209	0
210	2
211	3
212	0
213	3
214	0
215	0
216	0
217	2
218	3
219	0
220	3
221	1
222	0
223	0
224	0
225	3
226	3
227	0
228	0
229	1
230	3
231	3
232	3
233	0
234	3
235	3
236	0
237	0
238	0
239	2
240	0
241	0
242	0
243	3
244	3
245	3
246	0
247	0
248	1
249	3
250	0
251	0
252	1
253	0
254	3
255	0
256	3
257	0
258	3
259	2
260	0
261	0
262	3
263	2
264	2
265	0
266	2
267	2
268	1
269	0
270	3
271	3
272	3
273	3
274	0
275	0
276	3
277	2
278	1
279	2
280	0
281	0
282	3
283	3
284	0
285	3
286	0
287	3
288	0
289	2
290	3
291	3
292	2
293	1
294	3
295	0
296	2
297	3
298	2
299	2
300	0
301	0
302	3
303	1
304	0
305	0
306	2
307	2
308	0
309	0
310	0
311	1
312	0
313	3
314	0
315	3
316	0
317	2
318	2
319	0
320	3
321	3
322	0
323	0
324	0
325	1
326	0
327	0
328	0
329	2
330	3
331	0
332	3
333	2
334	0
335	3
336	0
337	3
338	0
339	2
340	3
341	2
342	3
343	0
344	2
345	0
346	2
347	1
348	1
349	3
350	3
351	0
352	0
353	0
354	3
355	0
356	2
357	3
358	2
359	3
360	1
361	1
362	2
363	0
364	3
365	0
366	0
367	1
368	3
369	3
370	0
371	0
372	0
373	0
374	3
375	1
376	1
377	0
378	2
379	3
380	3
381	3
382	2
383	3
384	3
385	0
386	0
387	3
388	0
389	1
390	0
391	0
392	1
393	3
394	0
395	0
396	1
397	0
398	3
399	0
400	0
401	3
402	0
403	0
404	3
405	3
406	3
407	0
408	3
409	0
410	3
411	3
412	3
413	0
414	1
415	0
416	2
417	1
418	3
419	0
420	0
421	0
422	3
423	3
424	0
425	0
426	0
427	0
428	0
429	0
430	3
431	0
432	3
433	0
434	0
435	2
436	2
437	0
438	2
439	2
440	3
441	0
442	1
443	1
444	3
445	3
446	3
447	2
448	3
449	0
450	3
451	0
452	0
453	0
454	2
455	3
456	0
457	0
458	0
459	0
460	3
461	3
462	2
463	2
464	0
465	1
466	3
467	3
468	3
469	0
470	2
471	1
472	0
473	1
474	0
475	0
476	0
477	0
478	3
479	3
480	1
481	3
482	1
483	0
484	0
485	3
486	0
487	0
488	3
489	3
490	0
491	3
492	3
493	3
494	1
495	3
496	0
497	3
498	0
499	0
500	2
501	1
502	3
503	3
504	0
505	0
506	3
507	0
508	0
509	2
510	2
511	0
512	0
513	2
514	0
515	3
516	3
517	0
518	3
519	3
520	3
521	0
522	3
523	2
524	3
525	3
526	3
527	0
528	0
529	0
530	0
531	3
532	0
533	3
534	2
535	0
536	3
537	2
538	0
539	0
540	0
541	2
542	0
543	0
544	0
545	0
546	1
547	3
548	3
549	0
550	3
551	3
552	1
553	0
554	0
555	3
556	0
557	3
558	0
559	0
560	0
561	3
562	2
563	3
564	2
565	0
566	0
567	2
568	0
569	0
570	0
571	3
572	3
573	2
574	2
575	0
576	0
577	0
578	0
579	0
580	0
581	0
582	2
583	0
584	0
585	0
586	0
587	3
588	0
589	3
590	0
591	0
592	3
593	0
594	0
595	0
596	2
597	3
598	1
599	2
600	0
601	0
602	0
603	3
604	3
605	3
606	0
607	0
608	0
609	3
610	1
611	2
612	3
613	0
614	2
615	0
616	0
617	2
618	0
619	3
620	3
621	0
622	0
623	2
624	3
625	0
626	0
627	0
628	1
629	0
630	1
631	0
632	3
633	1
634	3
635	0
636	0
637	3
638	0
639	2
640	3
641	2
642	1
643	0
644	2
645	3
646	3
647	0
648	3
649	3
650	3
651	3
652	0
653	1
654	2
655	3
656	3
657	1
658	0
659	3
660	3
661	2
662	3
663	3
664	1
665	3
666	3
667	0
668	0
669	0
670	3
671	0
672	0
673	3
674	0
675	1
676	0
677	2
678	2
679	0
680	1
681	3
682	3
683	2
684	0
685	0
686	2
687	0
688	2
689	3
690	0
691	0
692	0
693	0
694	0
695	0
696	3
697	0
698	3
699	0
700	2
701	3
702	3
703	3
704	0
705	0
706	2
707	3
708	0
709	3
710	3
711	3
712	1
713	3
714	0
715	0
716	3
717	3
718	1
719	0
720	0
721	0
722	3
723	0
724	0
725	3
726	0
727	0
728	3
729	2
730	0
731	0
732	3
733	3
734	0
735	3
736	3
737	2
738	1
739	0
740	0
741	3
742	0
743	2
744	0
745	1
746	3
747	0
748	3
749	3
750	3
751	0
752	3
753	2
754	3
755	3
756	0
757	2
758	2
759	2
760	0
761	3
762	0
763	3
764	3
765	3
766	3
767	3
768	2
769	1
770	3
771	3
772	0
773	0
774	0
775	3
776	3
777	3
778	2
779	0
780	3
781	3
782	1
783	2
784	3
785	0
786	0
787	3
788	2
789	3
790	3
791	2
792	0
793	2
794	0
795	0
796	3
797	3
798	0
799	3
800	0
801	3
802	3
803	0
804	2
805	3
806	3
807	0
808	2
809	3
810	3
811	1
812	0
813	2
814	3
815	3
816	3
817	3
818	0
819	0
820	3
821	2
822	0
823	0
824	0
825	2
826	1
827	0
828	3
829	0
830	0
831	0
832	3
833	3
834	0
835	3
836	1
837	2
838	2
839	2
840	0
841	0
842	3
843	3
844	0
845	3
846	3
847	3
848	0
849	3
850	1
851	2
852	2
853	1
854	0
855	2
856	2
857	0
858	0
859	3
860	3
861	2
862	0
863	0
864	0
865	0
866	2
867	0
868	2
869	0
870	3
871	0
872	3
873	3
874	3
875	3
876	3
877	0
878	0
879	0
880	0
881	0
882	3
883	0
884	3
885	2
886	0
887	3
888	1
889	3
890	3
891	0
892	1
893	2
894	1
895	3
896	0
897	0
898	0
899	3
900	2
901	0
902	0
903	0
904	1
905	3
906	1
907	3
908	3
909	0
910	2
911	3
912	2
913	3
914	3
915	0
916	3
917	0
918	0
919	0
920	0
921	0
922	0
923	0
924	0
925	0
926	0
927	1
928	0
929	0
930	3
931	0
932	1
933	3
934	0
935	1
936	2
937	3
938	0
939	0
940	2
941	3
942	2
943	1
944	3
945	3
946	0
947	3
948	0
949	3
950	1
951	1
952	0
953	2
954	3
955	0
956	3
957	2
958	3
959	0
960	1
961	3
962	0
963	3
964	0
965	1
966	3
967	0
968	3
969	0
970	2
971	3
972	0
973	3
974	0
975	0
976	0
977	3
978	2
979	0
980	0
981	2
982	2
983	0
984	0
985	0
986	3
987	3
988	3
989	2
990	3
991	0
992	3
993	0
994	2
995	2
996	3
997	2
998	3
999	0
1000	2
1001	3
1002	1
1003	0
1004	0
1005	3
1006	3
1007	3
1008	3
1009	0
1010	3
1011	3
1012	0
1013	0
1014	0
1015	3
1016	3
1017	0
1018	2
1019	1
1020	0
1021	3
1022	3
1023	2
1024	3
1025	3
1026	0
1027	3
1028	2
1029	0
1030	3
1031	2
1032	0
1033	0
1034	0
1035	0
1036	2
1037	3
1038	3
1039	3
1040	3
1041	1
1042	3
1043	0
1044	3
1045	2
1046	3
1047	0
1048	1
1049	0
1050	3
1051	0
1052	1
1053	3
1054	3
1055	2
1056	2
1057	3
1058	3
1059	1
1060	3
1061	0
1062	3
1063	3
1064	0
1065	2
1066	3
1067	3
1068	3
1069	3
1070	2
1071	0
1072	0
1073	2
1074	2
1075	2
1076	3
1077	3
1078	3
1079	0
1080	2
1081	2
1082	1
1083	0
1084	3
1085	3
1086	0
1087	2
1088	3
1089	3
1090	3
1091	0
1092	3
1093	0
1094	3
1095	3
1096	3
1097	3
1098	2
1099	0
1100	3
1101	3
1102	0
1103	0
1104	3
1105	3
1106	3
1107	0
1108	3
1109	0
1110	2
1111	3
1112	2
1113	3
1114	3
1115	3
1116	0
1117	0
1118	3
1119	3
1120	3
1121	0
1122	0
1123	3
1124	0
1125	1
1126	2
1127	3
1128	2
1129	3
1130	0
1131	0
1132	0
1133	3
1134	3
1135	1
1136	2
1137	3
1138	3
1139	3
1140	2
1141	3
1142	2
1143	1
1144	0
1145	0
1146	0
1147	0
1148	0
1149	3
1150	2
1151	1
1152	3
1153	3
1154	3
1155	2
1156	3
1157	0
1158	0
1159	3
1160	0
1161	1
1162	3
1163	0
1164	0
1165	0
1166	3
1167	3
1168	3
1169	3
1170	2
1171	3
1172	3
1173	0
1174	2
1175	3
1176	3
1177	0
1178	1
1179	3
1180	0
1181	3
1182	0
1183	0
1184	3
1185	3
1186	0
1187	3
1188	0
1189	3
1190	3
1191	2
1192	0
1193	3
1194	0
1195	3
1196	2
1197	0
1198	3
1199	0
1200	3
1201	2
1202	0
1203	0
1204	0
1205	0
1206	0
1207	2
1208	3
1209	3
1210	0
1211	3
1212	2
1213	3
1214	3
1215	0
1216	0
1217	1
1218	0
1219	3
1220	3
1221	0
1222	0
1223	0
1224	0
1225	1
1226	3
1227	0
1228	0
1229	2
1230	2
1231	0
1232	3
1233	2
1234	0
1235	3
1236	3
1237	0
1238	0
1239	1
1240	3
1241	0
1242	3
1243	3
1244	3
1245	2
1246	0
1247	0
1248	3
1249	2
1250	2
1251	0
1252	1
1253	2
1254	3
1255	0
1256	3
1257	3
1258	3
1259	3
1260	0
1261	0
1262	0
1263	0
1264	0
1265	0
1266	2
1267	3
1268	0
1269	0
1270	3
1271	0
1272	3
1273	3
1274	2
1275	3
1276	2
1277	2
1278	3
1279	2
1280	0
1281	2
1282	3
1283	0
1284	0
1285	3
1286	3
1287	3
1288	2
1289	3
1290	0
1291	3
1292	0
1293	3
1294	0
1295	0
1296	2
1297	3
1298	3
1299	0
1300	2
1301	3
1302	0
1303	0
1304	0
1305	0
1306	0
1307	3
1308	3
1309	3
1310	0
1311	0
1312	3
1313	2
1314	3
1315	2
1316	2
1317	0
1318	2
1319	0
1320	3
1321	0
1322	1
1323	1
1324	3
1325	0
1326	0
1327	0
1328	3
1329	0
1330	0
1331	0
1332	3
1333	0
1334	0
1335	2
1336	0
1337	0
1338	2
1339	2
1340	3
1341	0
1342	2
1343	3
1344	3
1345	0
1346	2
1347	0
1348	0
1349	3
1350	0
1351	3
1352	2
1353	0
1354	1
1355	3
1356	3
1357	2
1358	0
1359	1
1360	0
1361	3
1362	0
1363	0
1364	2
1365	3
1366	0
1367	2
1368	3
1369	0
1370	3
1371	3
1372	0
1373	0
1374	0
1375	0
1376	3
1377	3
1378	0
1379	0
1380	0
1381	2
1382	3
1383	0
1384	1
1385	0
1386	3
1387	0
1388	3
1389	0
1390	0
1391	0
1392	2
1393	2
1394	0
1395	3
1396	2
1397	3
1398	2
1399	3
1400	2
1401	0
1402	3
1403	0
1404	3
1405	3
1406	0
1407	0
1408	3
1409	3
1410	0
1411	0
1412	0
1413	3
1414	2
1415	0
1416	0
1417	1
1418	2
1419	0
1420	3
1421	3
1422	0
1423	3
1424	0
1425	0
1426	2
1427	3
1428	3
1429	1
1430	2
1431	1
1432	2
1433	2
1434	0
1435	0
1436	3
1437	2
1438	0
1439	0
1440	3
1441	3
1442	3
1443	3
1444	3
1445	2
1446	2
1447	1
1448	3
1449	0
1450	2
1451	2
1452	0
1453	3
1454	1
1455	2
1456	3
1457	0
1458	2
1459	0
1460	0
1461	2
1462	1
1463	3
1464	2
1465	3
1466	3
1467	3
1468	3
1469	2
1470	1
1471	3
1472	0
1473	2
1474	0
1475	0
1476	0
1477	3
1478	3
1479	2
1480	3
1481	1
1482	2
1483	2
1484	0
1485	3
1486	3
1487	2
1488	3
1489	2
1490	2
1491	0
1492	0
1493	3
1494	3
1495	1
1496	3
1497	2
1498	3
1499	0
1500	0
1501	3
1502	0
1503	0
1504	3
1505	2
1506	0
1507	0
1508	0
1509	0
1510	3
1511	0
1512	3
1513	0
1514	3
1515	0
1516	3
1517	1
1518	2
1519	0
1520	3
1521	0
1522	3
1523	3
1524	3
1525	3
1526	3
1527	0
1528	0
1529	1
1530	0
1531	3
1532	0
1533	0
1534	3
1535	0
1536	3
1537	0
1538	3
1539	0
1540	3
1541	2
1542	3
1543	0
1544	3
1545	3
1546	0
1547	3
1548	3
1549	0
1550	2
1551	2
1552	3
1553	0
1554	3
1555	0
1556	2
1557	2
1558	0
1559	2
1560	0
1561	0
1562	0
1563	0
1564	1
1565	0
1566	3
1567	3
1568	2
1569	3
1570	0
1571	3
1572	3
1573	3
1574	3
1575	3
1576	2
1577	2
1578	3
1579	0
1580	3
1581	0
1582	3
1583	3
1584	0
1585	0
1586	3
1587	3
1588	3
1589	0
1590	2
1591	3
1592	3
1593	3
1594	0
1595	0
1596	3
1597	0
1598	2
1599	2
1600	3
1601	3
1602	3
1603	0
1604	0
1605	0
1606	0
1607	1
1608	0
1609	2
1610	0
1611	3
1612	3
1613	3
1614	3
1615	2
1616	0
1617	1
1618	0
1619	0
1620	3
1621	2
1622	1
1623	0
1624	3
1625	3
1626	1
1627	0
1628	3
1629	1
1630	3
1631	1
1632	0
1633	3
1634	3
1635	0
1636	3
1637	0
1638	3
1639	2
1640	0
1641	3
1642	3
1643	3
1644	3
1645	3
1646	3
1647	0
1648	3
1649	3
1650	3
1651	3
1652	2
1653	0
1654	3
1655	3
1656	0
1657	3
1658	3
1659	0
1660	0
1661	0
1662	3
1663	0
1664	0
1665	0
1666	3
1667	0
1668	1
1669	1
1670	0
1671	0
1672	3
1673	0
1674	3
1675	0
1676	0
1677	2
1678	1
1679	3
1680	2
1681	1
1682	3
1683	3
1684	3
1685	3
1686	3
1687	2
1688	2
1689	1
1690	1
1691	0
1692	0
1693	3
1694	3
1695	3
1696	3
1697	0
1698	0
1699	0
1700	1
1701	3
1702	0
1703	0
1704	3
1705	3
1706	3
1707	3
1708	0
1709	0
1710	2
1711	3
1712	3
1713	2
1714	3
1715	0
1716	0
1717	0
1718	3
1719	0
1720	0
1721	3
1722	0
1723	3
1724	0
1725	2
1726	3
1727	2
1728	3
1729	3
1730	2
1731	3
1732	3
1733	2
1734	0
1735	0
1736	0
1737	0
1738	3
1739	0
1740	3
1741	3
1742	3
1743	2
1744	0
1745	2
1746	0
1747	2
1748	2
1749	2
1750	0
1751	3
1752	0
1753	1
1754	2
1755	2
1756	2
1757	3
1758	2
1759	1
1760	0
1761	0
1762	0
1763	0
1764	1
1765	3
1766	0
1767	3
1768	3
1769	1
1770	0
1771	1
1772	1
1773	2
1774	2
1775	3
1776	3
1777	2
1778	0
1779	3
1780	0
1781	2
1782	2
1783	3
1784	3
1785	2
1786	0
1787	2
1788	2
1789	1
1790	0
1791	0
1792	2
1793	3
1794	3
1795	3
1796	0
1797	0
1798	3
1799	2
1800	1
1801	0
1802	3
1803	3
1804	2
1805	2
1806	3
1807	0
1808	3
1809	3
1810	3
1811	3
1812	3
1813	3
1814	2
1815	0
1816	2
1817	2
1818	3
1819	0
1820	0
1821	3
1822	0
1823	1
1824	3
1825	0
1826	0
1827	3
1828	0
1829	3
1830	0
1831	2
1832	0
1833	3
1834	3
1835	0
1836	3
1837	3
1838	0
1839	0
1840	0
1841	3
1842	3
1843	3
1844	0
1845	3
1846	0
1847	3
1848	0
1849	3
1850	3
1851	2
1852	3
1853	0
1854	3
1855	0
1856	0
1857	3
1858	2
1859	3
1860	2
1861	3
1862	0
1863	3
1864	2
1865	0
1866	0
1867	3
1868	2
1869	3
1870	1
1871	2
1872	1
1873	0
1874	0
1875	2
1876	3
1877	3
1878	3
1879	2
1880	0
1881	0
1882	0
1883	1
1884	2
1885	1
1886	0
1887	0
1888	2
1889	0
1890	3
1891	3
1892	0
1893	3
1894	3
1895	0
1896	3
1897	0
1898	3
1899	3
1900	0
1901	0
1902	3
1903	3
1904	3
1905	1
1906	3
1907	0
1908	3
1909	2
1910	0
1911	3
1912	3
1913	0
1914	3
1915	0
1916	3
1917	2
1918	3
1919	0
1920	0
1921	2
1922	0
1923	0
1924	3
1925	0
1926	0
1927	0
1928	2
1929	3
1930	0
1931	3
1932	0
1933	2
1934	3
1935	0
1936	3
1937	3
1938	2
1939	0
1940	3
1941	3
1942	0
1943	3
1944	3
1945	3
1946	3
1947	3
1948	3
1949	1
1950	0
1951	3
1952	0
1953	1
1954	0
1955	1
1956	0
1957	0
1958	2
1959	1
1960	3
1961	3
1962	0
1963	0
1964	3
1965	2
1966	3
1967	2
1968	0
1969	0
1970	1
1971	3
1972	0
1973	3
1974	3
1975	2
1976	2
1977	0
1978	0
1979	0
1980	0
1981	3
1982	3
1983	3
1984	3
1985	3
1986	2
1987	2
1988	3
1989	2
1990	0
1991	3
1992	3
1993	3
1994	3
1995	0
1996	0
1997	0
1998	3
1999	3
2000	2
2001	2
2002	3
2003	3
2004	1
2005	0
2006	3
2007	3
2008	2
2009	0
2010	3
2011	0
2012	3
2013	3
2014	0
2015	2
2016	3
2017	0
2018	2
2019	3
2020	0
2021	3
2022	1
2023	0
2024	2
2025	0
2026	0
2027	0
2028	0
2029	3
2030	2
2031	3
2032	3
2033	0
2034	3
2035	3
2036	3
2037	1
2038	0
2039	0
2040	1
2041	1
2042	3
2043	0
2044	3
2045	0
2046	3
2047	3
2048	3
2049	3
2050	3
2051	2
2052	3
2053	2
2054	0
2055	0
2056	2
2057	2
2058	3
2059	0
2060	0
2061	2
2062	0
2063	2
2064	2
2065	0
2066	3
2067	2
2068	2
2069	3
2070	0
2071	0
2072	0
2073	3
2074	2
2075	3
2076	2
2077	3
2078	3
2079	1
2080	3
2081	0
2082	3
2083	2
2084	2
2085	3
2086	0
2087	3
2088	0
2089	1
2090	3
2091	0
2092	0
2093	0
2094	2
2095	2
2096	3
2097	0
2098	0
2099	0
2100	3
2101	3
2102	0
2103	3
2104	2
2105	0
2106	3
2107	3
2108	3
2109	0
2110	1
2111	3
2112	0
2113	3
2114	3
2115	1
2116	0
2117	0
2118	3
2119	0
2120	0
2121	0
2122	3
2123	0
2124	0
2125	2
2126	2
2127	0
2128	0
2129	2
2130	0
2131	2
2132	2
2133	3
2134	0
2135	3
2136	0
2137	0
2138	0
2139	2
2140	0
2141	3
2142	3
2143	3
2144	0
2145	2
2146	0
2147	0
2148	2
2149	0
2150	0
2151	2
2152	0
2153	3
2154	0
2155	1
2156	1
2157	0
2158	3
2159	2
2160	0
2161	3
2162	0
2163	3
2164	3
2165	0
2166	2
2167	0
2168	3
2169	0
2170	2
2171	3
2172	3
2173	1
2174	0
2175	0
2176	1
2177	2
2178	1
2179	3
2180	0
2181	3
2182	3
2183	0
2184	0
2185	0
2186	0
2187	3
2188	0
2189	3
2190	3
2191	0
2192	2
2193	3
2194	0
2195	2
2196	2
2197	2
2198	0
2199	1
2200	2
2201	3
2202	0
2203	3
2204	0
2205	0
2206	3
2207	0
2208	0
2209	0
2210	3
2211	0
2212	0
2213	0
2214	3
2215	0
2216	3
2217	0
2218	3
2219	3
2220	3
2221	3
2222	0
2223	0
2224	3
2225	3
2226	0
2227	3
2228	1
2229	0
2230	3
2231	2
2232	3
2233	2
2234	1
2235	3
2236	3
2237	2
2238	2
2239	0
2240	1
2241	3
2242	3
2243	2
2244	3
2245	0
2246	3
2247	0
2248	0
2249	3
2250	0
2251	0
2252	3
2253	1
2254	0
2255	3
2256	3
2257	3
2258	3
2259	0
2260	3
2261	3
2262	0
2263	3
2264	0
2265	2
2266	3
2267	0
2268	2
2269	0
2270	0
2271	3
2272	3
2273	3
2274	0
2275	2
2276	0
2277	3
2278	3
2279	2
2280	3
2281	0
2282	0
2283	3
2284	2
2285	3
2286	0
2287	0
2288	0
2289	0
2290	0
2291	0
2292	0
2293	0
2294	2
2295	0
2296	0
2297	3
2298	1
2299	0
2300	1
2301	0
2302	3
2303	1
2304	3
2305	0
2306	3
2307	0
2308	2
2309	0
2310	3
2311	0
2312	0
2313	2
2314	3
2315	0
2316	2
2317	0
2318	0
2319	1
2320	2
2321	0
2322	0
2323	0
2324	2
2325	0
2326	0
2327	0
2328	0
2329	0
2330	0
2331	3
2332	0
2333	3
2334	0
2335	3
2336	1
2337	2
2338	0
2339	2
2340	0
2341	3
2342	3
2343	2
2344	2
2345	2
2346	3
2347	0
2348	1
2349	3
2350	0
2351	2
2352	0
2353	2
2354	2
2355	0
2356	0
2357	0
2358	2
2359	3
2360	0
2361	0
2362	0
2363	3
2364	0
2365	0
2366	0
2367	0
2368	0
2369	3
2370	0
2371	0
2372	3
2373	3
2374	2
2375	0
2376	0
2377	0
2378	0
2379	2
2380	3
2381	0
2382	1
2383	3
2384	1
2385	3
2386	3
2387	1
2388	0
2389	3
2390	0
2391	0
2392	0
2393	0
2394	1
2395	0
2396	3
2397	3
2398	0
2399	0
2400	1
2401	1
2402	3
2403	3
2404	2
2405	2
2406	3
2407	0
2408	2
2409	0
2410	0
2411	0
2412	0
2413	2
2414	3
2415	3
2416	0
2417	3
2418	0
2419	2
2420	0
2421	0
2422	0
2423	1
2424	0
2425	0
2426	0
2427	1
2428	2
2429	3
2430	3
2431	2
2432	1
2433	0
2434	0
2435	3
2436	1
2437	0
2438	0
2439	2
2440	3
2441	3
2442	0
2443	2
2444	0
2445	3
2446	3
2447	0
2448	1
2449	3
2450	3
2451	0
2452	0
2453	0
2454	0
2455	0
2456	0
2457	0
2458	1
2459	0
2460	3
2461	0
2462	0
2463	0
2464	0
2465	2
2466	0
2467	0
2468	0
2469	0
2470	0
2471	2
2472	3
2473	3
2474	0
2475	0
2476	2
2477	0
2478	0
2479	2
2480	3
2481	2
2482	3
2483	3
2484	0
2485	3
2486	3
2487	0
2488	3
2489	0
2490	2
2491	0
2492	0
2493	1
2494	2
2495	3
2496	3
2497	0
2498	3
2499	3
2500	3
2501	3
2502	0
2503	3
2504	0
2505	0
2506	0
2507	3
2508	3
2509	3
2510	3
2511	0
2512	0
2513	0
2514	3
2515	2
2516	3
2517	1
2518	0
2519	3
2520	3
2521	3
2522	2
2523	2
2524	3
2525	0
2526	2
2527	3
2528	3
2529	0
2530	3
2531	0
2532	0
2533	3
2534	0
2535	0
2536	1
2537	2
2538	3
2539	3
2540	2
2541	3
2542	0
2543	0
2544	2
2545	3
2546	0
2547	3
2548	3
2549	0
2550	2
2551	0
2552	0
2553	2
2554	0
2555	0
2556	2
2557	3
2558	0
2559	3
2560	0
2561	3
2562	0
2563	3
2564	0
2565	3
2566	0
2567	3
2568	3
2569	0
2570	2
2571	0
2572	0
2573	3
2574	3
2575	2
2576	0
2577	3
2578	3
2579	3
2580	3
2581	3
2582	3
2583	3
2584	0
2585	3
2586	1
2587	3
2588	3
2589	3
2590	0
2591	0
2592	0
2593	0
2594	0
2595	3
2596	3
2597	3
2598	3
2599	0
2600	3
2601	1
2602	0
2603	0
2604	0
2605	3
2606	3
2607	0
2608	0
2609	0
2610	3
2611	0
2612	0
2613	3
2614	0
2615	0
2616	1
2617	0
2618	1
2619	3
2620	0
2621	3
2622	3
2623	0
2624	3
2625	2
2626	0
2627	3
2628	0
2629	2
2630	2
2631	0
2632	3
2633	0
2634	0
2635	0
2636	3
2637	0
2638	0
2639	3
2640	0
2641	0
2642	1
2643	1
2644	0
2645	0
2646	3
2647	3
2648	0
2649	1
2650	0
2651	3
2652	0
2653	2
2654	1
2655	2
2656	3
2657	3
2658	3
2659	0
2660	3
2661	0
2662	1
2663	0
2664	0
2665	3
2666	0
2667	2
2668	3
2669	1
2670	3
2671	1
2672	3
2673	0
2674	3
2675	3
2676	3
2677	0
2678	0
2679	0
2680	3
2681	1
2682	0
2683	2
2684	0
2685	3
2686	0
2687	3
2688	3
2689	3
2690	2
2691	3
2692	2
2693	2
2694	0
2695	3
2696	3
2697	3
2698	3
2699	1
2700	0
2701	0
2702	0
2703	0
2704	3
2705	0
2706	0
2707	3
2708	0
2709	0
2710	1
2711	3
2712	0
2713	0
2714	3
2715	1
2716	2
2717	0
2718	0
2719	2
2720	3
2721	0
2722	2
2723	3
2724	0
2725	2
2726	0
2727	3
2728	3
2729	3
2730	3
2731	2
2732	1
2733	1
2734	2
2735	0
2736	3
2737	3
2738	0
2739	3
2740	0
2741	2
2742	1
2743	3
2744	3
2745	3
2746	3
2747	0
2748	3
2749	2
2750	3
2751	0
2752	3
2753	0
2754	2
2755	3
2756	2
2757	1
2758	0
2759	3
2760	0
2761	3
2762	0
2763	0
2764	3
2765	0
2766	0
2767	3
2768	0
2769	2
2770	3
2771	0
2772	0
2773	2
2774	3
2775	1
2776	0
2777	1
2778	0
2779	2
2780	2
2781	0
2782	0
2783	3
2784	0
2785	1
2786	0
2787	3
2788	3
2789	0
2790	3
2791	0
2792	0
2793	0
2794	3
2795	0
2796	0
2797	3
2798	0
2799	0
2800	0
2801	0
2802	0
2803	3
2804	3
2805	3
2806	0
2807	3
2808	0
2809	3
2810	3
2811	3
2812	1
2813	0
2814	2
2815	3
2816	0
2817	0
2818	3
2819	0
2820	0
2821	0
2822	3
2823	0
2824	1
2825	3
2826	0
2827	3
2828	0
2829	2
2830	3
2831	2
2832	1
2833	2
2834	3
2835	2
2836	3
2837	0
2838	3
2839	1
2840	0
2841	3
2842	2
2843	1
2844	0
2845	0
2846	3
2847	0
2848	0
2849	0
2850	3
2851	3
2852	3
2853	3
2854	0
2855	2
2856	3
2857	1
2858	0
2859	3
2860	0
2861	0
2862	3
2863	3
2864	3
2865	3
2866	0
2867	0
2868	0
2869	3
2870	0
2871	0
2872	3
2873	1
2874	3
2875	0
2876	2
2877	2
2878	0
2879	0
2880	3
2881	3
2882	0
2883	2
2884	0
2885	3
2886	3
2887	0
2888	0
2889	0
2890	0
2891	0
2892	3
2893	0
2894	0
2895	0
2896	0
2897	3
2898	3
2899	0
2900	0
2901	1
2902	0
2903	3
2904	0
2905	2
2906	1
2907	3
2908	0
2909	2
2910	0
2911	0
2912	3
2913	2
2914	3
2915	3
2916	2
2917	1
2918	1
2919	0
2920	3
2921	0
2922	2
2923	3
2924	2
2925	0
2926	3
2927	0
2928	0
2929	3
2930	3
2931	3
2932	3
2933	2
2934	0
2935	0
2936	3
2937	3
2938	2
2939	0
2940	0
2941	3
2942	3
2943	3
2944	0
2945	0
2946	3
2947	0
2948	0
2949	3
2950	0
2951	0
2952	0
2953	0
2954	3
2955	3
2956	0
2957	2
2958	0
2959	0
2960	3
2961	3
2962	3
2963	0
2964	1
2965	1
2966	0
2967	3
2968	3
2969	3
2970	0
2971	3
2972	0
2973	0
2974	0
2975	3
2976	2
2977	2
2978	0
2979	0
2980	0
2981	0
2982	0
2983	0
2984	2
2985	3
2986	1
2987	0
2988	0
2989	3
2990	0
2991	2
2992	0
2993	0
2994	0
2995	0
2996	0
2997	0
2998	2
2999	3
3000	2
3001	0
3002	0
3003	2
3004	2
3005	0
3006	3
3007	0
3008	2
3009	3
3010	0
3011	0
3012	3
3013	0
3014	1
3015	2
3016	0
3017	0
3018	3
3019	0
3020	3
3021	3
3022	0
3023	0
3024	0
3025	3
3026	3
3027	0
3028	3
3029	2
3030	2
3031	0
3032	0
3033	0
3034	0
3035	3
3036	3
3037	3
3038	0
3039	2
3040	2
3041	0
3042	2
3043	0
3044	0
3045	0
3046	2
3047	0
3048	3
3049	0
3050	0
3051	3
3052	2
3053	3
3054	3
3055	0
3056	1
3057	2
3058	3
3059	0
3060	0
3061	0
3062	3
3063	3
3064	0
3065	3
3066	3
3067	3
3068	0
3069	3
3070	0
3071	0
3072	2
3073	0
3074	0
3075	2
3076	3
3077	3
3078	3
3079	3
3080	3
3081	0
3082	2
3083	3
3084	0
3085	3
3086	3
3087	0
3088	2
3089	2
3090	2
3091	3
3092	2
3093	1
3094	3
3095	1
3096	0
3097	3
3098	0
3099	3
3100	2
3101	2
3102	2
3103	2
3104	2
3105	3
3106	3
3107	0
3108	3
3109	0
3110	3
3111	3
3112	1
3113	2
3114	0
3115	2
3116	1
3117	0
3118	3
3119	0
3120	2
3121	3
3122	0
3123	1
3124	2
3125	1
3126	0
3127	3
3128	0
3129	2
3130	0
3131	3
3132	2
3133	0
3134	3
3135	3
3136	0
3137	0
3138	0
3139	1
3140	3
3141	0
3142	3
3143	2
3144	0
3145	3
3146	3
3147	0
3148	0
3149	2
3150	2
3151	3
3152	3
3153	3
3154	0
3155	0
3156	2
3157	0
3158	3
3159	0
3160	2
3161	3
3162	3
3163	2
3164	0
3165	2
3166	0
3167	0
3168	1
3169	2
3170	0
3171	0
3172	0
3173	3
3174	3
3175	1
3176	2
3177	0
3178	3
3179	0
3180	3
3181	3
3182	3
3183	0
3184	2
3185	0
3186	2
3187	3
3188	3
3189	0
3190	0
3191	0
3192	0
3193	0
3194	3
3195	1
3196	3
3197	0
3198	3
3199	3
3200	0
3201	3
3202	3
3203	0
3204	3
3205	2
3206	0
3207	3
3208	3
3209	0
3210	2
3211	0
3212	0
3213	0
3214	0
3215	3
3216	0
3217	1
3218	2
3219	3
3220	0
3221	1
3222	0
3223	0
3224	0
3225	3
3226	0
3227	3
3228	3
3229	3
3230	3
3231	0
3232	0
3233	3
3234	2
3235	0
3236	3
3237	3
3238	3
3239	2
3240	0
3241	0
3242	2
3243	3
3244	3
3245	0
3246	0
3247	0
3248	0
3249	0
3250	3
3251	0
3252	3
3253	3
3254	2
3255	3
3256	3
3257	0
3258	0
3259	3
3260	0
3261	3
3262	3
3263	0
3264	3
3265	1
3266	1
3267	0
3268	0
3269	0
3270	0
3271	3
3272	0
3273	3
3274	0
3275	3
3276	0
3277	3
3278	2
3279	0
3280	0
3281	2
3282	0
3283	3
3284	0
3285	0
3286	3
3287	0
3288	0
3289	0
3290	2
3291	0
3292	0
3293	2
3294	2
3295	0
3296	0
3297	2
3298	3
3299	3
3300	0
3301	0
3302	2
3303	0
3304	3
3305	2
3306	0
3307	2
3308	0
3309	3
3310	3
3311	0
3312	0
3313	3
3314	2
3315	3
3316	0
3317	0
3318	0
3319	0
3320	3
3321	2
3322	0
3323	3
3324	0
3325	3
3326	3
3327	0
3328	0
3329	1
3330	0
3331	0
3332	0
3333	3
3334	3
3335	0
3336	0
3337	2
3338	1
3339	0
3340	2
3341	3
3342	3
3343	0
3344	2
3345	0
3346	0
3347	3
3348	3
3349	3
3350	0
3351	2
3352	3
3353	0
3354	0
3355	2
3356	1
3357	2
3358	0
3359	1
3360	3
3361	3
3362	3
3363	0
3364	3
3365	0
3366	3
3367	3
3368	3
3369	0
3370	0
3371	3
3372	0
3373	0
3374	0
3375	0
3376	0
3377	3
3378	3
3379	0
3380	1
3381	0
3382	2
3383	3
3384	1
3385	3
3386	2
3387	3
3388	0
3389	0
3390	0
3391	0
3392	2
3393	0
3394	1
3395	2
3396	3
3397	0
3398	0
3399	3
3400	2
3401	3
3402	1
3403	3
3404	3
3405	3
3406	3
3407	3
3408	0
3409	3
3410	0
3411	2
3412	2
3413	3
3414	0
3415	0
3416	0
3417	0
3418	0
3419	3
3420	2
3421	0
3422	1
3423	0
3424	3
3425	3
3426	1
3427	0
3428	3
3429	3
3430	3
3431	0
3432	2
3433	1
3434	0
3435	3
3436	3
3437	3
3438	3
3439	3
3440	1
3441	0
3442	3
3443	3
3444	2
3445	0
3446	3
3447	3
3448	3
3449	3
3450	0
3451	0
3452	0
3453	2
3454	2
3455	2
3456	2
3457	2
3458	0
3459	0
3460	0
3461	3
3462	3
3463	0
3464	0
3465	2
3466	0
3467	3
3468	0
3469	3
3470	0
3471	0
3472	0
3473	2
3474	0
3475	3
3476	3
3477	3
3478	3
3479	2
3480	2
3481	2
3482	0
3483	3
3484	1
3485	3
3486	3
3487	0
3488	3
3489	3
3490	3
3491	3
3492	2
3493	2
3494	2
3495	0
3496	2
3497	3
3498	3
3499	0
3500	1
3501	3
3502	3
3503	3
3504	2
3505	3
3506	0
3507	3
3508	3
3509	2
3510	3
3511	3
3512	3
3513	2
3514	1
3515	3
3516	2
3517	2
3518	0
3519	0
3520	1
3521	1
3522	0
3523	1
3524	2
3525	2
3526	2
3527	1
3528	1
3529	0
3530	3
3531	3
3532	3
3533	1
3534	0
3535	2
3536	3
3537	3
3538	0
3539	3
3540	3
3541	2
3542	0
3543	0
3544	3
3545	3
3546	0
3547	2
3548	3
3549	0
3550	3
3551	2
3552	3
3553	1
3554	0
3555	0
3556	0
3557	1
3558	3
3559	2
3560	0
3561	3
3562	0
3563	1
3564	0
3565	1
3566	1
3567	0
3568	3
3569	3
3570	3
3571	3
3572	0
3573	3
3574	3
3575	0
3576	0
3577	3
3578	2
3579	0
3580	0
3581	3
3582	0
3583	2
3584	3
3585	0
3586	3
3587	0
3588	0
3589	0
3590	3
3591	2
3592	0
3593	0
3594	3
3595	1
3596	3
3597	3
3598	2
3599	1
3600	0
3601	3
3602	0
3603	3
3604	0
3605	3
3606	3
3607	3
3608	2
3609	3
3610	3
3611	3
3612	0
3613	3
3614	2
3615	3
3616	2
3617	0
3618	3
3619	0
3620	3
3621	3
3622	2
3623	2
3624	3
3625	2
3626	0
3627	0
3628	0
3629	0
3630	3
3631	0
3632	0
3633	3
3634	0
3635	3
3636	3
3637	3
3638	0
3639	0
3640	1
3641	0
3642	2
3643	0
3644	3
3645	0
3646	0
3647	0
3648	0
3649	2
3650	0
3651	2
3652	1
3653	0
3654	1
3655	3
3656	0
3657	0
3658	2
3659	3
3660	3
3661	0
3662	0
3663	1
3664	0
3665	3
3666	0
3667	1
3668	3
3669	1
3670	1
3671	3
3672	3
3673	3
3674	3
3675	1
3676	3
3677	2
3678	0
3679	2
3680	0
3681	1
3682	2
3683	2
3684	0
3685	0
3686	3
3687	0
3688	0
3689	3
3690	3
3691	3
3692	2
3693	1
3694	3
3695	0
3696	1
3697	3
3698	0
3699	0
3700	0
3701	0
3702	3
3703	0
3704	1
3705	0
3706	3
3707	0
3708	1
3709	3
3710	3
3711	2
3712	2
3713	2
3714	1
3715	0
3716	0
3717	3
3718	3
3719	0
3720	0
3721	3
3722	0
3723	0
3724	0
3725	0
3726	3
3727	3
3728	0
3729	0
3730	3
3731	0
3732	2
3733	0
3734	0
3735	2
3736	0
3737	3
3738	3
3739	2
3740	0
3741	3
3742	3
3743	2
3744	1
3745	0
3746	0
3747	0
3748	0
3749	2
3750	0
3751	3
3752	3
3753	2
3754	2
3755	3
3756	3
3757	2
3758	3
3759	3
3760	3
3761	2
3762	0
3763	0
3764	3
3765	3
3766	2
3767	3
3768	0
3769	0
3770	2
3771	0
3772	0
3773	2
3774	3
3775	3
3776	3
3777	3
3778	3
3779	3
3780	0
3781	3
3782	0
3783	0
3784	0
3785	0
3786	2
3787	0
3788	2
3789	2
3790	1
3791	3
3792	3
3793	1
3794	0
3795	0
3796	1
3797	0
3798	2
3799	3
3800	0
3801	2
3802	3
3803	0
3804	0
3805	1
3806	3
3807	0
3808	1
3809	0
3810	2
3811	0
3812	0
3813	3
3814	3
3815	2
3816	3
3817	3
3818	0
3819	3
3820	0
3821	3
3822	3
3823	0
3824	2
3825	2
3826	0
3827	3
3828	1
3829	1
3830	2
3831	0
3832	3
3833	0
3834	3
3835	3
3836	2
3837	3
3838	0
3839	3
3840	2
3841	3
3842	0
3843	0
3844	0
3845	3
3846	3
3847	0
3848	1
3849	0
3850	0
3851	0
3852	0
3853	0
3854	0
3855	1
3856	3
3857	3
3858	3
3859	3
3860	3
3861	3
3862	3
3863	0
3864	1
3865	3
3866	3
3867	3
3868	0
3869	3
3870	0
3871	0
3872	3
3873	3
3874	0
3875	0
3876	3
3877	0
3878	0
3879	2
3880	0
3881	0
3882	2
3883	3
3884	3
3885	2
3886	0
3887	3
3888	2
3889	0
3890	0
3891	0
3892	3
3893	3
3894	1
3895	3
3896	0
3897	0
3898	2
3899	2
3900	2
3901	2
3902	3
3903	0
3904	2
3905	0
3906	0
3907	2
3908	3
3909	0
3910	2
3911	3
3912	3
3913	2
3914	3
3915	0
3916	3
3917	3
3918	1
3919	2
3920	2
3921	0
3922	0
3923	2
3924	0
3925	3
3926	0
3927	3
3928	0
3929	2
3930	3
3931	3
3932	2
3933	3
3934	0
3935	0
3936	3
3937	0
3938	3
3939	0
3940	0
3941	2
3942	0
3943	1
3944	1
3945	0
3946	3
3947	3
3948	2
3949	0
3950	3
3951	0
3952	2
3953	0
3954	0
3955	3
3956	2
3957	0
3958	2
3959	2
3960	3
3961	0
3962	0
3963	3
3964	3
3965	1
3966	0
3967	1
3968	3
3969	0
3970	0
3971	3
3972	3
3973	0
3974	0
3975	0
3976	3
3977	2
3978	1
3979	0
3980	0
3981	0
3982	0
3983	0
3984	0
3985	2
3986	2
3987	0
3988	2
3989	3
3990	0
3991	0
3992	3
3993	0
3994	3
3995	3
3996	0
3997	0
3998	3
3999	3
4000	2
4001	0
4002	2
4003	3
4004	0
4005	0
4006	3
4007	0
4008	3
4009	0
4010	0
4011	2
4012	0
4013	2
4014	3
4015	0
4016	1
4017	3
4018	0
4019	0
4020	0
4021	3
4022	3
4023	3
4024	0
4025	3
4026	1
4027	0
4028	0
4029	0
4030	2
4031	3
4032	3
4033	2
4034	2
4035	3
4036	0
4037	2
4038	1
4039	2
4040	0
4041	3
4042	2
4043	3
4044	0
4045	0
4046	3
4047	3
4048	0
4049	0
4050	0
4051	3
4052	0
4053	3
4054	0
4055	0
4056	0
4057	0
4058	3
4059	0
4060	3
4061	0
4062	3
4063	0
4064	3
4065	0
4066	3
4067	2
4068	3
4069	2
4070	2
4071	2
4072	2
4073	0
4074	0
4075	3
4076	0
4077	0
4078	0
4079	0
4080	2
4081	3
4082	2
4083	2
4084	2
4085	3
4086	2
4087	0
4088	2
4089	3
4090	3
4091	2
4092	3
4093	3
4094	3
4095	0
4096	3
4097	1
4098	3
4099	3
4100	0
4101	1
4102	2
4103	0
4104	0
4105	0
4106	3
4107	0
4108	0
4109	3
4110	3
4111	3
4112	0
4113	0
4114	0
4115	0
4116	3
4117	3
4118	2
4119	2
4120	0
4121	1
4122	3
4123	2
4124	0
4125	1
4126	2
4127	3
4128	0
4129	3
4130	2
4131	3
4132	3
4133	3
4134	0
4135	3
4136	3
4137	3
4138	2
4139	0
4140	2
4141	0
4142	3
4143	3
4144	0
4145	0
4146	0
4147	1
4148	3
4149	3
4150	0
4151	0
4152	3
4153	3
4154	0
4155	0
4156	3
4157	0
4158	3
4159	3
4160	3
4161	2
4162	1
4163	2
4164	0
4165	0
4166	0
4167	0
4168	3
4169	2
4170	2
4171	3
4172	3
4173	3
4174	2
4175	2
4176	1
4177	3
4178	3
4179	0
4180	0
4181	0
4182	3
4183	2
4184	0
4185	2
4186	0
4187	0
4188	0
4189	0
4190	2
4191	3
4192	1
4193	2
4194	3
4195	3
4196	3
4197	3
4198	3
4199	3
4200	3
4201	0
4202	3
4203	0
4204	1
4205	2
4206	3
4207	2
4208	3
4209	0
4210	2
4211	2
4212	2
4213	0
4214	3
4215	1
4216	2
4217	3
4218	2
4219	0
4220	3
4221	2
4222	2
4223	2
4224	3
4225	0
4226	0
4227	3
4228	0
4229	3
4230	0
4231	2
4232	0
4233	3
4234	0
4235	3
4236	3
4237	2
4238	3
4239	0
4240	0
4241	3
4242	0
4243	2
4244	3
4245	3
4246	0
4247	3
4248	3
4249	1
4250	3
4251	0
4252	0
4253	1
4254	0
4255	0
4256	0
4257	3
4258	2
4259	2
4260	0
4261	2
4262	3
4263	3
4264	0
4265	0
4266	2
4267	3
4268	1
4269	2
4270	0
4271	2
4272	0
4273	3
4274	0
4275	0
4276	0
4277	0
4278	0
4279	0
4280	0
4281	0
4282	3
4283	3
4284	2
4285	3
4286	2
4287	3
4288	2
4289	3
4290	1
4291	0
4292	2
4293	0
4294	3
4295	3
4296	0
4297	3
4298	1
4299	0
4300	3
4301	2
4302	0
4303	3
4304	3
4305	0
4306	0
4307	0
4308	3
4309	0
4310	0
4311	3
4312	1
4313	3
4314	2
4315	0
4316	3
4317	3
4318	0
4319	0
4320	0
4321	0
4322	3
4323	2
4324	2
4325	0
4326	0
4327	0
4328	2
4329	0
4330	3
4331	2
4332	3
4333	1
4334	0
4335	3
4336	0
4337	1
4338	0
4339	3
4340	0
4341	3
4342	0
4343	2
4344	0
4345	3
4346	0
4347	3
4348	0
4349	3
4350	3
4351	0
4352	3
4353	3
4354	3
4355	0
4356	2
4357	3
4358	2
4359	3
4360	3
4361	3
4362	0
4363	3
4364	3
4365	0
4366	0
4367	3
4368	3
4369	0
4370	1
4371	3
4372	0
4373	3
4374	0
4375	3
4376	0
4377	3
4378	0
4379	2
4380	3
4381	0
4382	2
4383	3
4384	0
4385	1
4386	0
4387	0
4388	3
4389	3
4390	3
4391	0
4392	2
4393	2
4394	3
4395	2
4396	2
4397	3
4398	3
4399	2
4400	2
4401	2
4402	0
4403	3
4404	2
4405	0
4406	2
4407	0
4408	3
4409	3
4410	3
4411	3
4412	3
4413	3
4414	0
4415	0
4416	3
4417	3
4418	0
4419	0
4420	3
4421	0
4422	3
4423	1
4424	0
4425	0
4426	0
4427	2
4428	0
4429	0
4430	2
4431	2
4432	0
4433	0
4434	3
4435	3
4436	0
4437	0
4438	0
4439	0
4440	0
4441	1
4442	0
4443	2
4444	2
4445	2
4446	0
4447	2
4448	3
4449	1
4450	2
4451	0
4452	3
4453	3
4454	0
4455	0
4456	0
4457	0
4458	2
4459	0
4460	0
4461	3
4462	3
4463	3
4464	0
4465	3
4466	1
4467	2
4468	1
4469	2
4470	3
4471	2
4472	1
4473	0
4474	3
4475	0
4476	2
4477	0
4478	0
4479	3
4480	3
4481	0
4482	2
4483	3
4484	3
4485	0
4486	0
4487	2
4488	0
4489	0
4490	3
4491	1
4492	2
4493	0
4494	0
4495	0
4496	2
4497	3
4498	0
4499	0
4500	3
4501	3
4502	3
4503	0
4504	3
4505	0
4506	0
4507	3
4508	0
4509	0
4510	0
4511	3
4512	0
4513	3
4514	0
4515	0
4516	3
4517	0
4518	0
4519	1
4520	0
4521	0
4522	3
4523	0
4524	2
4525	0
4526	3
4527	3
4528	0
4529	0
4530	2
4531	3
4532	1
4533	2
4534	3
4535	2
4536	1
4537	3
4538	3
4539	3
4540	0
4541	0
4542	3
4543	3
4544	3
4545	1
4546	3
4547	3
4548	0
4549	3
4550	0
4551	3
4552	3
4553	0
4554	1
4555	0
4556	2
4557	3
4558	0
4559	0
4560	2
4561	2
4562	0
4563	0
4564	0
4565	0
4566	2
4567	0
4568	2
4569	1
4570	0
4571	2
4572	0
4573	0
4574	3
4575	3
4576	3
4577	3
4578	3
4579	2
4580	0
4581	1
4582	0
4583	0
4584	0
4585	0
4586	3
4587	3
4588	2
4589	2
4590	0
4591	2
4592	0
4593	1
4594	0
4595	1
4596	3
4597	0
4598	0
4599	3
4600	3
4601	0
4602	0
4603	0
4604	1
4605	0
4606	3
4607	3
4608	0
4609	3
4610	3
4611	3
4612	3
4613	2
4614	3
4615	0
4616	3
4617	0
4618	3
4619	1
4620	2
4621	3
4622	3
4623	0
4624	3
4625	0
4626	2
4627	0
4628	0
4629	0
4630	3
4631	2
4632	3
4633	1
4634	0
4635	1
4636	0
4637	0
4638	3
4639	0
4640	0
4641	0
4642	2
4643	0
4644	3
4645	3
4646	3
4647	3
4648	0
4649	0
4650	0
4651	0
4652	2
4653	3
4654	3
4655	3
4656	0
4657	0
4658	1
4659	0
4660	0
4661	2
4662	0
4663	0
4664	2
4665	3
4666	2
4667	0
4668	2
4669	3
4670	0
4671	0
4672	3
4673	0
4674	0
4675	2
4676	3
4677	0
4678	3
4679	0
4680	2
4681	0
4682	0
4683	0
4684	3
4685	0
4686	2
4687	3
4688	0
4689	0
4690	3
4691	2
4692	2
4693	0
4694	0
4695	3
4696	3
4697	2
4698	2
4699	2
4700	0
4701	0
4702	0
4703	0
4704	2
4705	2
4706	1
4707	0
4708	0
4709	3
4710	0
4711	0
4712	3
4713	3
4714	0
4715	2
4716	0
4717	0
4718	2
4719	0
4720	2
4721	3
4722	2
4723	3
4724	2
4725	0
4726	3
4727	1
4728	1
4729	3
4730	0
4731	0
4732	0
4733	3
4734	0
4735	3
4736	3
4737	0
4738	0
4739	2
4740	0
4741	3
4742	0
4743	3
4744	0
4745	3
4746	3
4747	3
4748	3
4749	0
4750	3
4751	0
4752	1
4753	3
4754	3
4755	3
4756	0
4757	2
4758	0
4759	0
4760	3
4761	3
4762	3
4763	3
4764	3
4765	0
4766	2
4767	1
4768	3
4769	3
4770	0
4771	3
4772	3
4773	3
4774	2
4775	2
4776	1
4777	3
4778	3
4779	2
4780	0
4781	3
4782	0
4783	0
4784	0
4785	0
4786	3
4787	0
4788	2
4789	0
4790	3
4791	3
4792	3
4793	3
4794	3
4795	0
4796	3
4797	2
4798	0
4799	2
4800	3
4801	1
4802	3
4803	2
4804	2
4805	3
4806	3
4807	3
4808	1
4809	3
4810	3
4811	3
4812	2
4813	3
4814	0
4815	0
4816	3
4817	0
4818	1
4819	2
4820	0
4821	2
4822	2
4823	0
4824	0
4825	1
4826	2
4827	2
4828	0
4829	0
4830	3
4831	3
4832	1
4833	3
4834	0
4835	0
4836	2
4837	0
4838	2
4839	3
4840	0
4841	3
4842	2
4843	1
4844	3
4845	0
4846	0
4847	3
4848	0
4849	3
4850	0
4851	3
4852	3
4853	3
4854	3
4855	2
4856	0
4857	0
4858	0
4859	3
4860	3
4861	0
4862	0
4863	3
4864	3
4865	3
4866	3
4867	3
4868	2
4869	3
4870	3
4871	3
4872	0
4873	3
4874	3
4875	1
4876	3
4877	3
4878	2
4879	0
4880	0
4881	0
4882	2
4883	3
4884	0
4885	3
4886	0
4887	2
4888	3
4889	3
4890	3
4891	0
4892	3
4893	3
4894	0
4895	2
4896	2
4897	2
4898	0
4899	2
4900	1
4901	2
4902	0
4903	0
4904	3
4905	0
4906	0
4907	2
4908	3
4909	0
4910	1
4911	0
4912	0
4913	3
4914	1
4915	0
4916	0
4917	2
4918	2
4919	0
4920	0
4921	0
4922	0
4923	3
4924	3
4925	3
4926	0
4927	3
4928	2
4929	3
4930	0
4931	2
4932	2
4933	3
4934	1
4935	3
4936	0
4937	0
4938	0
4939	3
4940	0
4941	3
4942	0
4943	0
4944	0
4945	2
4946	3
4947	3
4948	1
4949	0
4950	3
4951	2
4952	3
4953	2
4954	3
4955	0
4956	3
4957	0
4958	0
4959	0
4960	0
4961	3
4962	0
4963	2
4964	2
4965	3
4966	2
4967	1
4968	2
4969	3
4970	0
4971	3
4972	3
4973	0
4974	1
4975	0
4976	3
4977	3
4978	0
4979	3
4980	0
4981	3
4982	0
4983	3
4984	1
4985	2
4986	0
4987	3
4988	0
4989	1
4990	3
4991	0
4992	0
4993	3
4994	3
4995	0
4996	0
4997	2
4998	0
4999	3
5000	3
5001	0
5002	3
5003	1
5004	2
5005	3
5006	3
5007	2
5008	3
5009	3
5010	0
5011	1
5012	0
5013	1
5014	0
5015	0
5016	0
5017	1
5018	2
5019	0
5020	0
5021	0
5022	0
5023	0
5024	2
5025	3
5026	0
5027	3
5028	0
5029	3
5030	3
5031	0
5032	3
5033	0
5034	3
5035	0
5036	3
5037	2
5038	0
5039	3
5040	3
5041	0
5042	3
5043	0
5044	0
5045	0
5046	2
5047	3
5048	2
5049	0
5050	2
5051	0
5052	2
5053	2
5054	0
5055	0
5056	0
5057	0
5058	1
5059	0
5060	0
5061	3
5062	0
5063	3
5064	0
5065	3
5066	0
5067	2
5068	0
5069	3
5070	3
5071	0
5072	0
5073	1
5074	3
5075	3
5076	3
5077	1
5078	0
5079	2
5080	3
5081	3
5082	0
5083	3
5084	2
5085	3
5086	2
5087	0
5088	3
5089	3
5090	0
5091	3
5092	2
5093	0
5094	0
5095	3
5096	0
5097	3
5098	0
5099	2
5100	0
5101	3
5102	2
5103	0
5104	1
5105	2
5106	3
5107	2
5108	0
5109	1
5110	0
5111	0
5112	3
5113	0
5114	0
5115	0
5116	2
5117	3
5118	3
5119	0
5120	3
5121	1
5122	3
5123	0
5124	3
5125	0
5126	0
5127	2
5128	0
5129	0
5130	0
5131	3
5132	1
5133	0
5134	0
5135	3
5136	0
5137	3
5138	2
5139	0
5140	2
5141	3
5142	3
5143	0
5144	3
5145	1
5146	1
5147	0
5148	2
5149	3
5150	3
5151	2
5152	2
5153	3
5154	3
5155	0
5156	3
5157	0
5158	2
5159	1
5160	3
5161	3
5162	2
5163	2
5164	3
5165	3
5166	2
5167	3
5168	3
5169	1
5170	2
5171	3
5172	2
5173	1
5174	0
5175	0
5176	0
5177	2
5178	3
5179	2
5180	3
5181	3
5182	0
5183	2
5184	3
5185	2
5186	3
5187	2
5188	0
5189	0
5190	0
5191	3
5192	0
5193	3
5194	3
5195	0
5196	2
5197	3
5198	0
5199	1
5200	0
5201	0
5202	0
5203	0
5204	1
5205	0
5206	2
5207	0
5208	2
5209	3
5210	3
5211	0
5212	3
5213	1
5214	3
5215	0
5216	0
5217	2
5218	3
5219	0
5220	3
5221	3
5222	2
5223	0
5224	3
5225	0
5226	3
5227	3
5228	3
5229	3
5230	3
5231	0
5232	1
5233	0
5234	0
5235	2
5236	0
5237	0
5238	0
5239	2
5240	3
5241	2
5242	0
5243	3
5244	3
5245	3
5246	3
5247	0
5248	1
5249	0
5250	3
5251	0
5252	3
5253	0
5254	3
5255	3
5256	3
5257	3
5258	1
5259	0
5260	0
5261	3
5262	3
5263	3
5264	0
5265	0
5266	3
5267	2
5268	3
5269	2
5270	2
5271	3
5272	3
5273	3
5274	3
5275	0
5276	0
5277	0
5278	0
5279	2
5280	0
5281	3
5282	2
5283	1
5284	0
5285	3
5286	0
5287	3
5288	2
5289	0
5290	3
5291	0
5292	0
5293	2
5294	0
5295	2
5296	2
5297	2
5298	3
5299	0
5300	1
5301	2
5302	3
5303	0
5304	0
5305	0
5306	0
5307	0
5308	2
5309	3
5310	3
5311	2
5312	2
5313	0
5314	0
5315	1
5316	2
5317	3
5318	0
5319	0
5320	3
5321	1
5322	2
5323	3
5324	3
5325	3
5326	3
5327	0
5328	3
5329	2
5330	3
5331	3
5332	3
5333	0
5334	3
5335	0
5336	1
5337	0
5338	3
5339	0
5340	3
5341	3
5342	2
5343	2
5344	0
5345	3
5346	0
5347	0
5348	2
5349	0
5350	0
5351	3
5352	2
5353	2
5354	0
5355	3
5356	0
5357	3
5358	3
5359	3
5360	0
5361	0
5362	3
5363	0
5364	3
5365	2
5366	3
5367	3
5368	3
5369	0
5370	0
5371	1
5372	0
5373	0
5374	3
5375	0
5376	3
5377	2
5378	0
5379	2
5380	3
5381	3
5382	3
5383	3
5384	3
5385	3
5386	1
5387	1
5388	3
5389	1
5390	0
5391	3
5392	0
5393	0
5394	2
5395	2
5396	3
5397	3
5398	0
5399	0
5400	0
5401	2
5402	2
5403	0
5404	2
5405	0
5406	0
5407	3
5408	3
5409	3
5410	0
5411	3
5412	3
5413	0
5414	0
5415	2
5416	0
5417	0
5418	0
5419	0
5420	0
5421	3
5422	0
5423	2
5424	3
5425	0
5426	3
5427	0
5428	3
5429	3
5430	1
5431	0
5432	0
5433	2
5434	0
5435	3
5436	0
5437	0
5438	2
5439	0
5440	0
5441	1
5442	3
5443	0
5444	3
5445	0
5446	2
5447	3
5448	0
5449	1
5450	3
5451	3
5452	3
5453	0
5454	2
5455	3
5456	3
5457	3
5458	0
5459	1
5460	0
5461	2
5462	0
5463	3
5464	0
5465	3
5466	0
5467	0
5468	2
5469	0
5470	2
5471	2
5472	2
5473	3
5474	0
5475	3
5476	2
5477	3
5478	1
5479	0
5480	3
5481	0
5482	0
5483	1
5484	0
5485	0
5486	2
5487	0
5488	3
5489	0
5490	3
5491	3
5492	3
5493	0
5494	3
5495	0
5496	3
5497	0
5498	3
5499	3
5500	0
5501	3
5502	3
5503	0
5504	3
5505	0
5506	0
5507	0
5508	3
5509	3
5510	3
5511	3
5512	3
5513	2
5514	0
5515	0
5516	0
5517	0
5518	0
5519	3
5520	0
5521	0
5522	0
5523	3
5524	2
5525	3
5526	0
5527	1
5528	0
5529	2
5530	1
5531	0
5532	0
5533	2
5534	3
5535	3
5536	0
5537	3
5538	3
5539	3
5540	0
5541	3
5542	3
5543	0
5544	2
5545	3
5546	1
5547	0
5548	2
5549	0
5550	0
5551	0
5552	0
5553	0
5554	3
5555	3
5556	0
5557	3
5558	0
5559	2
5560	2
5561	1
5562	3
5563	3
5564	0
5565	0
5566	2
5567	3
5568	0
5569	3
5570	3
5571	0
5572	0
5573	2
5574	3
5575	3
5576	0
5577	0
5578	3
5579	3
5580	0
5581	2
5582	0
5583	3
5584	3
5585	3
5586	3
5587	2
5588	0
5589	2
5590	0
5591	3
5592	0
5593	3
5594	3
5595	2
5596	3
5597	0
5598	0
5599	3
5600	3
5601	0
5602	0
5603	2
5604	0
5605	3
5606	1
5607	1
5608	3
5609	0
5610	3
5611	0
5612	3
5613	0
5614	0
5615	3
5616	3
5617	3
5618	1
5619	3
5620	2
5621	1
5622	2
5623	0
5624	0
5625	2
5626	0
5627	0
5628	0
5629	3
5630	0
5631	2
5632	1
5633	0
5634	1
5635	3
5636	2
5637	1
5638	3
5639	0
5640	2
5641	3
5642	0
5643	3
5644	3
5645	0
5646	2
5647	3
5648	0
5649	2
5650	0
5651	3
5652	3
5653	2
5654	3
5655	3
5656	0
5657	3
5658	0
5659	0
5660	0
5661	3
5662	2
5663	3
5664	0
5665	3
5666	3
5667	3
5668	0
5669	3
5670	0
5671	2
5672	0
5673	0
5674	2
5675	0
5676	3
5677	3
5678	0
5679	0
5680	1
5681	3
5682	3
5683	3
5684	3
5685	2
5686	2
5687	2
5688	0
5689	0
5690	0
5691	2
5692	3
5693	2
5694	3
5695	3
5696	2
5697	3
5698	2
5699	3
5700	3
5701	0
5702	1
5703	3
5704	0
5705	0
5706	3
5707	0
5708	2
5709	2
5710	3
5711	3
5712	3
5713	3
5714	0
5715	3
5716	3
5717	3
5718	0
5719	0
5720	3
5721	0
5722	2
5723	0
5724	3
5725	0
5726	2
5727	3
5728	0
5729	0
5730	3
5731	2
5732	0
5733	2
5734	3
5735	3
5736	0
5737	0
5738	2
5739	1
5740	3
5741	2
5742	3
5743	3
5744	0
5745	3
5746	3
5747	2
5748	1
5749	3
5750	0
5751	1
5752	3
5753	0
5754	0
5755	0
5756	3
5757	0
5758	0
5759	0
5760	3
5761	2
5762	0
5763	0
5764	3
5765	3
5766	0
5767	2
5768	0
5769	0
5770	1
5771	2
5772	3
5773	1
5774	0
5775	3
5776	3
5777	0
5778	2
5779	1
5780	0
5781	3
5782	1
5783	0
5784	3
5785	3
5786	0
5787	0
5788	0
5789	0
5790	0
5791	2
5792	3
5793	0
5794	3
5795	3
5796	0
5797	3
5798	0
5799	3
5800	2
5801	0
5802	3
5803	0
5804	1
5805	3
5806	2
5807	0
5808	3
5809	0
5810	2
5811	0
5812	0
5813	3
5814	2
5815	2
5816	0
5817	3
5818	2
5819	0
5820	0
5821	3
5822	3
5823	0
5824	0
5825	0
5826	3
5827	3
5828	1
5829	0
5830	2
5831	0
5832	3
5833	3
5834	3
5835	3
5836	2
5837	3
5838	3
5839	2
5840	3
5841	1
5842	3
5843	0
5844	3
5845	0
5846	3
5847	3
5848	0
5849	3
5850	0
5851	0
5852	2
5853	0
5854	3
5855	0
5856	3
5857	0
5858	0
5859	3
5860	0
5861	3
5862	0
5863	3
5864	0
5865	3
5866	2
5867	3
5868	1
5869	0
5870	0
5871	3
5872	0
5873	2
5874	0
5875	3
5876	2
5877	3
5878	3
5879	1
5880	3
5881	3
5882	2
5883	3
5884	0
5885	0
5886	3
5887	0
5888	3
5889	2
5890	3
5891	3
5892	0
5893	3
5894	2
5895	0
5896	0
5897	2
5898	3
5899	3
5900	2
5901	2
5902	2
5903	0
5904	1
5905	3
5906	2
5907	3
5908	0
5909	3
5910	1
5911	0
5912	3
5913	3
5914	2
5915	0
5916	2
5917	3
5918	2
5919	2
5920	0
5921	0
5922	1
5923	1
5924	0
5925	0
5926	0
5927	0
5928	3
5929	0
5930	2
5931	3
5932	0
5933	0
5934	0
5935	1
5936	3
5937	1
5938	3
5939	2
5940	3
5941	0
5942	1
5943	3
5944	3
5945	3
5946	3
5947	2
5948	0
5949	3
5950	0
5951	3
5952	3
5953	3
5954	0
5955	0
5956	0
5957	3
5958	2
5959	2
5960	2
5961	3
5962	0
5963	3
5964	0
5965	2
5966	2
5967	3
5968	1
5969	0
5970	3
5971	3
5972	1
5973	2
5974	0
5975	3
5976	0
5977	3
5978	2
5979	3
5980	0
5981	3
5982	0
5983	3
5984	3
5985	0
5986	3
5987	2
5988	3
5989	0
5990	3
5991	3
5992	0
5993	0
5994	2
5995	3
5996	3
5997	3
5998	0
5999	0
6000	3
6001	3
6002	3
6003	2
6004	3
6005	2
6006	1
6007	1
6008	2
6009	0
6010	1
6011	3
6012	0
6013	3
6014	0
6015	0
6016	3
6017	2
6018	1
6019	2
6020	0
6021	3
6022	3
6023	3
6024	0
6025	1
6026	1
6027	3
6028	3
6029	0
6030	3
6031	3
6032	0
6033	3
6034	0
6035	2
6036	2
6037	1
6038	0
6039	3
6040	0
6041	2
6042	3
6043	1
6044	3
6045	3
6046	3
6047	1
6048	0
6049	3
6050	0
6051	3
6052	3
6053	3
6054	3
6055	0
6056	3
6057	0
6058	3
6059	1
6060	0
6061	0
6062	2
6063	0
6064	0
6065	0
6066	3
6067	3
6068	2
6069	3
6070	0
6071	2
6072	0
6073	0
6074	0
6075	3
6076	0
6077	1
6078	3
6079	1
6080	3
6081	3
6082	0
6083	0
6084	2
6085	1
6086	0
6087	3
6088	3
6089	3
6090	3
6091	3
6092	0
6093	0
6094	3
6095	3
6096	3
6097	2
6098	0
6099	0
6100	0
6101	1
6102	0
6103	0
6104	0
6105	3
6106	2
6107	2
6108	0
6109	3
6110	0
6111	3
6112	0
6113	2
6114	0
6115	0
6116	3
6117	3
6118	3
6119	2
6120	3
6121	0
6122	3
6123	0
6124	2
6125	1
6126	0
6127	3
6128	0
6129	1
6130	2
6131	3
6132	3
6133	3
6134	0
6135	0
6136	0
6137	3
6138	0
6139	0
6140	0
6141	3
6142	0
6143	0
6144	0
6145	0
6146	0
6147	3
6148	3
6149	0
6150	2
6151	1
6152	0
6153	3
6154	3
6155	0
6156	3
6157	1
6158	2
6159	0
6160	1
6161	0
6162	3
6163	0
6164	3
6165	3
6166	2
6167	2
6168	3
6169	3
6170	3
6171	2
6172	2
6173	0
6174	0
6175	3
6176	0
6177	3
6178	2
6179	0
6180	0
6181	0
6182	3
6183	3
6184	0
6185	3
6186	0
6187	0
6188	0
6189	0
6190	0
6191	3
6192	1
6193	3
6194	0
6195	0
6196	2
6197	0
6198	0
6199	2
6200	0
6201	0
6202	3
6203	3
6204	0
6205	0
6206	2
6207	3
6208	0
6209	3
6210	0
6211	0
6212	0
6213	2
6214	0
6215	1
6216	0
6217	0
6218	0
6219	3
6220	0
6221	3
6222	3
6223	0
6224	0
6225	3
6226	0
6227	0
6228	2
6229	1
6230	3
6231	3
6232	0
6233	3
6234	3
6235	2
6236	2
6237	0
6238	0
6239	1
6240	3
6241	3
6242	0
6243	0
6244	0
6245	3
6246	2
6247	0
6248	3
6249	2
6250	1
6251	0
6252	0
6253	0
6254	3
6255	0
6256	2
6257	2
6258	3
6259	3
6260	0
6261	0
6262	3
6263	1
6264	1
6265	3
6266	2
6267	0
6268	2
6269	3
6270	2
6271	2
6272	0
6273	3
6274	0
6275	2
6276	0
6277	3
6278	1
6279	0
6280	2
6281	3
6282	3
6283	0
6284	3
6285	3
6286	3
6287	0
6288	0
6289	3
6290	1
6291	0
6292	3
6293	3
6294	0
6295	0
6296	0
6297	0
6298	3
6299	3
6300	0
6301	2
6302	3
6303	2
6304	2
6305	3
6306	2
6307	2
6308	3
6309	0
6310	0
6311	0
6312	3
6313	0
6314	3
6315	0
6316	3
6317	2
6318	0
6319	3
6320	3
6321	0
6322	1
6323	3
6324	0
6325	3
6326	3
6327	3
6328	3
6329	3
6330	2
6331	3
6332	0
6333	1
6334	1
6335	3
6336	2
6337	3
6338	0
6339	0
6340	2
6341	0
6342	3
6343	3
6344	0
6345	0
6346	0
6347	3
6348	0
6349	1
6350	0
6351	2
6352	0
6353	1
6354	0
6355	3
6356	3
6357	0
6358	1
6359	2
6360	3
6361	1
6362	1
6363	3
6364	3
6365	3
6366	0
6367	3
6368	3
6369	0
6370	0
6371	2
6372	3
6373	2
6374	0
6375	3
6376	3
6377	0
6378	0
6379	0
6380	2
6381	1
6382	3
6383	3
6384	1
6385	0
6386	0
6387	2
6388	0
6389	3
6390	0
6391	3
6392	0
6393	0
6394	3
6395	3
6396	0
6397	0
6398	0
6399	0
6400	0
6401	3
6402	2
6403	0
6404	0
6405	2
6406	3
6407	1
6408	3
6409	0
6410	2
6411	3
6412	2
6413	1
6414	3
6415	0
6416	3
6417	0
6418	0
6419	3
6420	3
6421	3
6422	0
6423	0
6424	2
6425	3
6426	2
6427	2
6428	2
6429	3
6430	2
6431	2
6432	0
6433	3
6434	3
6435	0
6436	3
6437	2
6438	3
6439	1
6440	0
6441	3
6442	0
6443	2
6444	3
6445	3
6446	1
6447	3
6448	3
6449	0
6450	3
6451	0
6452	2
6453	1
6454	3
6455	0
6456	0
6457	0
6458	3
6459	0
6460	3
6461	2
6462	0
6463	0
6464	2
6465	3
6466	0
6467	3
6468	0
6469	1
6470	1
6471	0
6472	0
6473	3
6474	0
6475	0
6476	2
6477	0
6478	0
6479	2
6480	0
6481	0
6482	2
6483	0
6484	3
6485	3
6486	0
6487	2
6488	2
6489	3
6490	1
6491	0
6492	2
6493	3
6494	3
6495	0
6496	3
6497	0
6498	0
6499	3
6500	0
6501	3
6502	3
6503	3
6504	3
6505	3
6506	0
6507	0
6508	0
6509	2
6510	3
6511	2
6512	3
6513	2
6514	3
6515	0
6516	0
6517	0
6518	3
6519	3
6520	0
6521	3
6522	3
6523	0
6524	3
6525	3
6526	0
6527	3
6528	3
6529	2
6530	3
6531	2
6532	0
6533	3
6534	0
6535	2
6536	3
6537	3
6538	3
6539	0
6540	0
6541	0
6542	0
6543	0
6544	3
6545	3
6546	3
6547	0
6548	0
6549	3
6550	3
6551	3
6552	0
6553	2
6554	0
6555	3
6556	0
6557	0
6558	0
6559	3
6560	0
6561	3
6562	0
6563	0
6564	3
6565	0
6566	0
6567	2
6568	0
6569	0
6570	0
6571	0
6572	3
6573	0
6574	0
6575	0
6576	0
6577	0
6578	0
6579	0
6580	3
6581	3
6582	0
6583	2
6584	3
6585	2
6586	3
6587	0
6588	3
6589	3
6590	0
6591	0
6592	0
6593	3
6594	3
6595	3
6596	2
6597	0
6598	3
6599	0
6600	3
6601	3
6602	2
6603	3
6604	1
6605	0
6606	3
6607	0
6608	3
6609	2
6610	0
6611	2
6612	0
6613	3
6614	1
6615	3
6616	0
6617	0
6618	3
6619	0
6620	2
6621	3
6622	1
6623	3
6624	3
6625	2
6626	3
6627	2
6628	0
6629	3
6630	0
6631	3
6632	0
6633	2
6634	0
6635	0
6636	1
6637	3
6638	3
6639	0
6640	2
6641	3
6642	0
6643	3
6644	3
6645	0
6646	2
6647	0
6648	0
6649	0
6650	1
6651	0
6652	3
6653	0
6654	3
6655	1
6656	3
6657	2
6658	0
6659	3
6660	1
6661	3
6662	2
6663	0
6664	2
6665	3
6666	3
6667	3
6668	0
6669	3
6670	3
6671	2
6672	3
6673	3
6674	2
6675	0
6676	3
6677	3
6678	3
6679	1
6680	3
6681	3
6682	3
6683	2
6684	3
6685	3
6686	3
6687	0
6688	0
6689	0
6690	3
6691	2
6692	0
6693	3
6694	3
6695	3
6696	0
6697	0
6698	3
6699	0
6700	2
6701	0
6702	0
6703	0
6704	3
6705	0
6706	3
6707	3
6708	2
6709	3
6710	3
6711	1
6712	3
6713	0
6714	3
6715	2
6716	0
6717	3
6718	3
6719	0
6720	0
6721	0
6722	0
6723	2
6724	0
6725	3
6726	1
6727	3
6728	0
6729	0
6730	0
6731	0
6732	3
6733	0
6734	2
6735	0
6736	3
6737	1
6738	2
6739	3
6740	0
6741	1
6742	0
6743	2
6744	0
6745	2
6746	1
6747	0
6748	0
6749	0
6750	0
6751	0
6752	3
6753	0
6754	0
6755	3
6756	0
6757	2
6758	1
6759	3
6760	2
6761	0
6762	0
6763	0
6764	0
6765	3
6766	2
6767	0
6768	1
6769	3
6770	3
6771	3
6772	0
6773	0
6774	0
6775	0
6776	2
6777	0
6778	1
6779	2
6780	3
6781	1
6782	0
6783	1
6784	3
6785	2
6786	3
6787	3
6788	0
6789	3
6790	0
6791	0
6792	3
6793	3
6794	0
6795	1
6796	1
6797	2
6798	0
6799	3
6800	0
6801	3
6802	2
6803	0
6804	3
6805	0
6806	0
6807	0
6808	0
6809	3
6810	3
6811	3
6812	3
6813	3
6814	2
6815	3
6816	3
6817	3
6818	3
6819	1
6820	3
6821	2
6822	3
6823	2
6824	3
6825	1
6826	3
6827	2
6828	2
6829	1
6830	0
6831	2
6832	2
6833	0
6834	2
6835	0
6836	0
6837	0
6838	0
6839	2
6840	3
6841	3
6842	0
6843	0
6844	0
6845	0
6846	3
6847	0
6848	3
6849	2
6850	0
6851	0
6852	0
6853	3
6854	3
6855	3
6856	0
6857	0
6858	2
6859	3
6860	2
6861	3
6862	3
6863	3
6864	3
6865	0
6866	0
6867	0
6868	0
6869	3
6870	1
6871	3
6872	3
6873	3
6874	0
6875	0
6876	3
6877	3
6878	3
6879	2
6880	3
6881	2
6882	0
6883	3
6884	2
6885	0
6886	3
6887	0
6888	2
6889	3
6890	2
6891	2
6892	3
6893	3
6894	0
6895	0
6896	0
6897	0
6898	3
6899	1
6900	2
6901	3
6902	3
6903	0
6904	3
6905	0
6906	1
6907	3
6908	3
6909	2
6910	0
6911	0
6912	2
6913	3
6914	0
6915	3
6916	3
6917	3
6918	2
6919	3
6920	2
6921	3
6922	0
6923	2
6924	1
6925	2
6926	2
6927	2
6928	1
6929	2
6930	2
6931	0
6932	0
6933	2
6934	0
6935	3
6936	3
6937	2
6938	1
6939	0
6940	3
6941	2
6942	2
6943	2
6944	3
6945	0
6946	0
6947	3
6948	2
6949	0
6950	3
6951	2
6952	3
6953	3
6954	3
6955	3
6956	0
6957	1
6958	3
6959	3
6960	0
6961	3
6962	1
6963	0
6964	0
6965	0
6966	3
6967	3
6968	3
6969	0
6970	2
6971	2
6972	0
6973	3
6974	3
6975	3
6976	2
6977	1
6978	0
6979	3
6980	0
6981	3
6982	3
6983	0
6984	0
6985	3
6986	0
6987	3
6988	2
6989	3
6990	0
6991	1
6992	3
6993	3
6994	0
6995	3
6996	1
6997	2
6998	0
6999	3
7000	0
7001	3
7002	3
7003	3
7004	0
7005	2
7006	0
7007	0
7008	3
7009	3
7010	3
7011	2
7012	0
7013	0
7014	1
7015	2
7016	0
7017	3
7018	3
7019	0
7020	0
7021	3
7022	2
7023	0
7024	3
7025	3
7026	3
7027	2
7028	0
7029	0
7030	0
7031	0
7032	0
7033	3
7034	0
7035	3
7036	0
7037	0
7038	3
7039	0
7040	3
7041	0
7042	0
7043	3
7044	3
7045	0
7046	3
7047	0
7048	0
7049	3
7050	0
7051	3
7052	0
7053	3
7054	3
7055	0
7056	3
7057	3
7058	0
7059	3
7060	3
7061	0
7062	1
7063	2
7064	3
7065	0
7066	3
7067	3
7068	0
7069	3
7070	0
7071	3
7072	0
7073	0
7074	3
7075	0
7076	3
7077	3
7078	0
7079	0
7080	3
7081	3
7082	2
7083	3
7084	0
7085	1
7086	0
7087	3
7088	2
7089	2
7090	3
7091	0
7092	3
7093	2
7094	2
7095	3
7096	3
7097	0
7098	2
7099	0
7100	2
7101	3
7102	1
7103	3
7104	3
7105	0
7106	0
7107	2
7108	3
7109	0
7110	3
7111	2
7112	2
7113	3
7114	3
7115	2
7116	0
7117	2
7118	3
7119	3
7120	0
7121	3
7122	3
7123	0
7124	3
7125	0
7126	3
7127	0
7128	2
7129	1
7130	3
7131	3
7132	0
7133	0
7134	2
7135	3
7136	3
7137	2
7138	0
7139	1
7140	3
7141	1
7142	3
7143	1
7144	0
7145	3
7146	3
7147	0
7148	0
7149	2
7150	0
7151	0
7152	0
7153	2
7154	3
7155	0
7156	0
7157	0
7158	0
7159	0
7160	0
7161	3
7162	2
7163	3
7164	1
7165	0
7166	0
7167	0
7168	1
7169	2
7170	3
7171	0
7172	0
7173	0
7174	0
7175	3
7176	0
7177	0
7178	0
7179	3
7180	3
7181	3
7182	3
7183	1
7184	3
7185	0
7186	1
7187	2
7188	3
7189	0
7190	2
7191	1
7192	0
7193	2
7194	0
7195	3
7196	3
7197	0
7198	0
7199	3
7200	0
7201	3
7202	0
7203	0
7204	3
7205	0
7206	2
7207	2
7208	3
7209	2
7210	2
7211	2
7212	3
7213	1
7214	3
7215	3
7216	0
7217	2
7218	0
7219	3
7220	3
7221	0
7222	3
7223	0
7224	0
7225	0
7226	1
7227	2
7228	3
7229	0
7230	0
7231	3
7232	3
7233	0
7234	3
7235	0
7236	3
7237	0
7238	2
7239	3
7240	0
7241	3
7242	0
7243	0
7244	1
7245	1
7246	0
7247	2
7248	3
7249	3
7250	3
7251	0
7252	0
7253	3
7254	3
7255	3
7256	2
7257	3
7258	0
7259	0
7260	3
7261	0
7262	3
7263	0
7264	0
7265	1
7266	2
7267	0
7268	1
7269	0
7270	0
7271	0
7272	3
7273	3
7274	3
7275	3
7276	3
7277	3
7278	0
7279	0
7280	0
7281	0
7282	3
7283	0
7284	2
7285	0
7286	3
7287	1
7288	0
7289	0
7290	0
7291	0
7292	3
7293	0
7294	0
7295	0
7296	3
7297	0
7298	3
7299	3
7300	3
7301	0
7302	0
7303	3
7304	0
7305	3
7306	0
7307	0
7308	3
7309	2
7310	3
7311	2
7312	3
7313	0
7314	3
7315	0
7316	0
7317	0
7318	0
7319	3
7320	3
7321	3
7322	2
7323	0
7324	0
7325	3
7326	0
7327	3
7328	0
7329	2
7330	2
7331	2
7332	0
7333	3
7334	0
7335	3
7336	0
7337	1
7338	0
7339	0
7340	3
7341	1
7342	0
7343	2
7344	3
7345	3
7346	0
7347	0
7348	0
7349	1
7350	2
7351	0
7352	3
7353	0
7354	0
7355	0
7356	3
7357	1
7358	0
7359	0
7360	3
7361	0
7362	3
7363	0
7364	2
7365	0
7366	0
7367	3
7368	0
7369	0
7370	3
7371	2
7372	0
7373	2
7374	3
7375	3
7376	0
7377	0
7378	3
7379	0
7380	3
7381	0
7382	0
7383	0
7384	0
7385	0
7386	3
7387	0
7388	0
7389	0
7390	1
7391	3
7392	0
7393	3
7394	0
7395	2
7396	2
7397	0
7398	3
7399	3
7400	1
7401	3
7402	0
7403	0
7404	0
7405	3
7406	1
7407	2
7408	2
7409	0
7410	0
7411	3
7412	0
7413	0
7414	0
7415	2
7416	0
7417	1
7418	0
7419	2
7420	3
7421	3
7422	3
7423	3
7424	0
7425	3
7426	3
7427	2
7428	3
7429	2
7430	0
7431	0
7432	3
7433	0
7434	0
7435	3
7436	0
7437	3
7438	0
7439	0
7440	3
7441	3
7442	0
7443	0
7444	3
7445	3
7446	0
7447	2
7448	0
7449	0
7450	3
7451	0
7452	3
7453	3
7454	0
7455	0
7456	0
7457	0
7458	0
7459	3
7460	2
7461	0
7462	0
7463	0
7464	3
7465	1
7466	0
7467	3
7468	0
7469	3
7470	2
7471	2
7472	1
7473	0
7474	3
7475	0
7476	3
7477	2
7478	3
7479	1
7480	1
7481	3
7482	0
7483	2
7484	3
7485	0
7486	0
7487	3
7488	3
7489	3
7490	2
7491	0
7492	0
7493	0
7494	2
7495	3
7496	3
7497	0
7498	0
7499	3
7500	3
7501	3
7502	0
7503	1
7504	1
7505	0
7506	0
7507	0
7508	3
7509	2
7510	3
7511	3
7512	3
7513	0
7514	3
7515	3
7516	0
7517	3
7518	3
7519	3
7520	2
7521	1
7522	1
7523	2
7524	2
7525	0
7526	3
7527	0
7528	0
7529	0
7530	2
7531	3
7532	3
7533	3
7534	2
7535	0
7536	1
7537	0
7538	3
7539	2
7540	0
7541	0
7542	0
7543	3
7544	2
7545	2
7546	1
7547	3
7548	3
7549	0
7550	2
7551	0
7552	3
7553	3
7554	2
7555	0
7556	3
7557	0
7558	3
7559	3
7560	0
7561	2
7562	2
7563	0
7564	0
7565	3
7566	2
7567	3
7568	0
7569	0
7570	3
7571	0
7572	3
7573	3
7574	3
7575	0
7576	0
7577	3
7578	2
7579	0
7580	0
7581	3
7582	0
7583	0
7584	0
7585	0
7586	3
7587	0
7588	3
7589	3
7590	3
7591	2
7592	0
7593	2
7594	3
7595	0
7596	0
7597	2
7598	3
7599	0
7600	3
7601	3
7602	0
7603	3
7604	0
7605	2
7606	3
7607	1
7608	0
7609	0
7610	0
7611	3
7612	3
7613	0
7614	2
7615	3
7616	2
7617	3
7618	0
7619	2
7620	2
7621	2
7622	3
7623	2
7624	1
7625	0
7626	0
7627	0
7628	0
7629	2
7630	0
7631	2
7632	0
7633	3
7634	3
7635	2
7636	2
7637	0
7638	2
7639	0
7640	3
7641	3
7642	2
7643	3
7644	0
7645	0
7646	1
7647	3
7648	0
7649	0
7650	0
7651	0
7652	0
7653	0
7654	3
7655	1
7656	3
7657	2
7658	3
7659	0
7660	0
7661	0
7662	2
7663	3
7664	0
7665	0
7666	0
7667	3
7668	0
7669	0
7670	3
7671	3
7672	0
7673	2
7674	0
7675	0
7676	0
7677	3
7678	0
7679	3
7680	2
7681	0
7682	0
7683	0
7684	3
7685	0
7686	3
7687	3
7688	3
7689	2
7690	2
7691	0
7692	2
7693	3
7694	2
7695	2
7696	3
7697	2
7698	2
7699	3
7700	3
7701	3
7702	3
7703	0
7704	0
7705	0
7706	0
7707	3
7708	2
7709	2
7710	3
7711	0
7712	0
7713	2
7714	2
7715	3
7716	1
7717	2
7718	0
7719	3
7720	2
7721	2
7722	0
7723	3
7724	3
7725	0
7726	3
7727	3
7728	0
7729	3
7730	3
7731	3
7732	3
7733	2
7734	0
7735	0
7736	3
7737	0
7738	0
7739	0
7740	3
7741	0
7742	0
7743	2
7744	3
7745	1
7746	0
7747	2
7748	2
7749	0
7750	0
7751	3
7752	0
7753	0
7754	3
7755	0
7756	0
7757	1
7758	0
7759	3
7760	1
7761	0
7762	0
7763	0
7764	0
7765	3
7766	0
7767	0
7768	2
7769	3
7770	3
7771	3
7772	0
7773	2
7774	3
7775	0
7776	3
7777	0
7778	1
7779	0
7780	0
7781	0
7782	3
7783	3
7784	3
7785	3
7786	2
7787	3
7788	3
7789	2
7790	3
7791	3
7792	3
7793	3
7794	3
7795	0
7796	2
7797	0
7798	3
7799	3
7800	0
7801	0
7802	0
7803	1
7804	3
7805	2
7806	3
7807	3
7808	0
7809	0
7810	1
7811	0
7812	0
7813	3
7814	0
7815	1
7816	0
7817	0
7818	2
7819	3
7820	3
7821	1
7822	3
7823	0
7824	3
7825	2
7826	0
7827	0
7828	3
7829	3
7830	2
7831	0
7832	1
7833	2
7834	0
7835	2
7836	3
7837	3
7838	3
7839	0
7840	3
7841	0
7842	2
7843	0
7844	0
7845	2
7846	0
7847	0
7848	3
7849	3
7850	3
7851	0
7852	3
7853	3
7854	2
7855	0
7856	0
7857	2
7858	3
7859	3
7860	1
7861	0
7862	3
7863	2
7864	0
7865	3
7866	0
7867	0
7868	1
7869	3
7870	0
7871	0
7872	0
7873	1
7874	0
7875	3
7876	1
7877	0
7878	2
7879	0
7880	2
7881	0
7882	3
7883	1
7884	0
7885	3
7886	2
7887	0
7888	0
7889	0
7890	0
7891	0
7892	3
7893	1
7894	3
7895	2
7896	3
7897	3
7898	1
7899	3
7900	0
7901	2
7902	0
7903	3
7904	2
7905	2
7906	2
7907	3
7908	3
7909	3
7910	0
7911	0
7912	0
7913	2
7914	3
7915	3
7916	2
7917	3
7918	2
7919	1
7920	2
7921	2
7922	2
7923	2
7924	0
7925	0
7926	2
7927	3
7928	0
7929	0
7930	3
7931	3
7932	0
7933	0
7934	2
7935	3
7936	0
7937	2
7938	3
7939	0
7940	3
7941	3
7942	2
7943	1
7944	0
7945	2
7946	3
7947	3
7948	3
7949	3
7950	0
7951	0
7952	0
7953	0
7954	3
7955	3
7956	1
7957	1
7958	3
7959	3
7960	3
7961	3
7962	0
7963	0
7964	2
7965	0
7966	3
7967	2
7968	3
7969	3
7970	3
7971	3
7972	1
7973	0
7974	0
7975	0
7976	0
7977	0
7978	3
7979	2
7980	3
7981	0
7982	2
7983	3
7984	3
7985	0
7986	0
7987	0
7988	2
7989	3
7990	1
7991	3
7992	0
7993	1
7994	0
7995	0
7996	0
7997	0
7998	0
7999	3
8000	0
8001	1
8002	0
8003	0
8004	0
8005	3
8006	3
8007	0
8008	2
8009	3
8010	3
8011	3
8012	2
8013	3
8014	0
8015	2
8016	3
8017	3
8018	3
8019	0
8020	3
8021	2
8022	3
8023	3
8024	2
8025	3
8026	3
8027	3
8028	2
8029	3
8030	3
8031	0
8032	0
8033	1
8034	3
8035	2
8036	3
8037	0
8038	3
8039	2
8040	0
8041	0
8042	3
8043	3
8044	3
8045	3
8046	0
8047	2
8048	1
8049	1
8050	0
8051	2
8052	1
8053	0
8054	1
8055	3
8056	3
8057	0
8058	3
8059	2
8060	0
8061	3
8062	0
8063	0
8064	0
8065	0
8066	2
8067	3
8068	2
8069	0
8070	0
8071	1
8072	0
8073	2
8074	3
8075	0
8076	3
8077	0
8078	2
8079	0
8080	0
8081	2
8082	0
8083	2
8084	0
8085	3
8086	0
8087	0
8088	3
8089	3
8090	3
8091	2
8092	3
8093	0
8094	0
8095	3
8096	1
8097	1
8098	2
8099	3
8100	0
8101	3
8102	3
8103	0
8104	3
8105	0
8106	3
8107	2
8108	3
8109	0
8110	3
8111	0
8112	1
8113	0
8114	3
8115	3
8116	3
8117	3
8118	0
8119	3
8120	2
8121	0
8122	0
8123	0
8124	0
8125	3
8126	0
8127	2
8128	0
8129	0
8130	0
8131	3
8132	3
8133	3
8134	0
8135	3
8136	3
8137	3
8138	2
8139	0
8140	0
8141	2
8142	3
8143	3
8144	0
8145	3
8146	0
8147	0
8148	3
8149	0
8150	0
8151	0
8152	0
8153	3
8154	2
8155	0
8156	3
8157	3
8158	0
8159	0
8160	0
8161	3
8162	0
8163	3
8164	1
8165	2
8166	2
8167	3
8168	3
8169	1
8170	0
8171	3
8172	2
8173	3
8174	1
8175	3
8176	3
8177	2
8178	2
8179	0
8180	3
8181	0
8182	2
8183	2
8184	3
8185	3
8186	3
8187	2
8188	0
8189	2
8190	3
8191	3
