COMMAND
./sim gshare 12 9 ./proj2-traces/jpeg_trace.txt
OUTPUT
number of predictions:2000000
number of mispredictions:140110
misprediction rate:   7.01%
FINAL GSHARE CONTENTS
0	3
1	3
2	3
3	3
4	3
5	0
6	2
7	3
8	3
9	3
10	3
11	0
12	3
13	1
14	3
15	3
16	2
17	0
18	3
19	1
20	0
21	2
22	2
23	3
24	2
25	3
26	3
27	1
28	3
29	2
30	3
31	3
32	0
33	3
34	3
35	0
36	3
37	0
38	3
39	2
40	3
41	3
42	3
43	3
44	2
45	0
46	2
47	3
48	2
49	3
50	3
51	0
52	2
53	2
54	0
55	1
56	3
57	3
58	3
59	0
60	1
61	2
62	2
63	2
64	0
65	3
66	2
67	0
68	0
69	2
70	0
71	1
72	3
73	1
74	3
75	0
76	3
77	2
78	2
79	3
80	3
81	3
82	3
83	3
84	2
85	2
86	3
87	3
88	2
89	3
90	3
91	2
92	0
93	1
94	3
95	3
96	2
97	2
98	3
99	1
100	0
101	1
102	3
103	2
104	2
105	2
106	3
107	2
108	0
109	2
110	0
111	3
112	3
113	1
114	3
115	2
116	0
117	0
118	2
119	3
120	2
121	2
122	3
123	3
124	3
125	0
126	2
127	3
128	0
129	2
130	3
131	3
132	0
133	3
134	2
135	3
136	3
137	2
138	3
139	1
140	0
141	0
142	1
143	3
144	2
145	0
146	3
147	1
148	1
149	3
150	2
151	3
152	3
153	3
154	2
155	0
156	0
157	2
158	0
159	3
160	3
161	3
162	3
163	0
164	2
165	3
166	2
167	3
168	1
169	3
170	3
171	0
172	0
173	3
174	2
175	3
176	3
177	1
178	3
179	3
180	3
181	3
182	3
183	0
184	3
185	2
186	3
187	0
188	0
189	0
190	0
191	2
192	3
193	2
194	3
195	3
196	2
197	3
198	3
199	3
200	3
201	3
202	3
203	0
204	3
205	3
206	2
207	3
208	1
209	2
210	3
211	0
212	2
213	3
214	3
215	3
216	3
217	3
218	3
219	0
220	3
221	3
222	0
223	3
224	3
225	3
226	3
227	2
228	2
229	3
230	2
231	0
232	0
233	3
234	3
235	2
236	3
237	3
238	1
239	2
240	3
241	1
242	3
243	3
244	3
245	3
246	1
247	3
248	3
249	0
250	3
251	3
252	3
253	2
254	2
255	3
256	3
257	2
258	2
259	0
260	2
261	3
262	3
263	3
264	0
265	3
266	0
267	0
268	0
269	2
270	3
271	3
272	3
273	3
274	3
275	0
276	3
277	0
278	3
279	3
280	3
281	2
282	3
283	3
284	3
285	2
286	2
287	3
288	3
289	3
290	2
291	0
292	3
293	3
294	3
295	3
296	3
297	3
298	0
299	2
300	3
301	0
302	3
303	3
304	3
305	3
306	0
307	0
308	3
309	0
310	3
311	3
312	3
313	0
314	2
315	0
316	2
317	2
318	3
319	3
320	0
321	3
322	3
323	1
324	3
325	2
326	2
327	3
328	0
329	3
330	3
331	3
332	3
333	0
334	0
335	0
336	2
337	3
338	3
339	0
340	0
341	2
342	3
343	0
344	0
345	3
346	3
347	3
348	3
349	0
350	0
351	3
352	3
353	3
354	3
355	0
356	3
357	0
358	0
359	3
360	3
361	0
362	1
363	0
364	0
365	1
366	3
367	3
368	3
369	2
370	3
371	0
372	3
373	2
374	0
375	3
376	1
377	0
378	2
379	0
380	2
381	0
382	2
383	2
384	3
385	0
386	3
387	2
388	3
389	2
390	0
391	3
392	3
393	3
394	0
395	3
396	3
397	0
398	2
399	3
400	2
401	0
402	3
403	3
404	1
405	3
406	3
407	3
408	3
409	2
410	3
411	3
412	0
413	0
414	2
415	2
416	3
417	0
418	1
419	0
420	3
421	0
422	3
423	3
424	0
425	3
426	0
427	2
428	3
429	3
430	3
431	3
432	3
433	3
434	3
435	3
436	3
437	0
438	0
439	3
440	3
441	0
442	3
443	3
444	3
445	0
446	2
447	3
448	3
449	0
450	3
451	1
452	2
453	0
454	0
455	3
456	3
457	0
458	3
459	3
460	3
461	3
462	3
463	1
464	3
465	2
466	3
467	3
468	2
469	1
470	3
471	3
472	3
473	3
474	3
475	2
476	3
477	0
478	3
479	0
480	3
481	2
482	3
483	3
484	2
485	3
486	2
487	3
488	1
489	0
490	0
491	1
492	2
493	1
494	3
495	3
496	3
497	3
498	3
499	0
500	2
501	0
502	3
503	3
504	3
505	0
506	3
507	2
508	3
509	2
510	0
511	3
512	3
513	2
514	3
515	3
516	3
517	1
518	3
519	0
520	2
521	3
522	3
523	3
524	0
525	3
526	3
527	3
528	1
529	1
530	3
531	0
532	3
533	1
534	3
535	2
536	3
537	2
538	2
539	0
540	1
541	1
542	2
543	0
544	0
545	3
546	3
547	0
548	2
549	0
550	0
551	2
552	3
553	2
554	3
555	2
556	2
557	3
558	1
559	3
560	3
561	3
562	3
563	0
564	0
565	2
566	3
567	2
568	3
569	3
570	3
571	1
572	2
573	0
574	3
575	0
576	3
577	3
578	3
579	3
580	3
581	1
582	2
583	1
584	3
585	3
586	2
587	3
588	0
589	2
590	2
591	1
592	3
593	3
594	3
595	3
596	2
597	0
598	3
599	0
600	2
601	3
602	3
603	3
604	0
605	0
606	3
607	3
608	1
609	2
610	1
611	0
612	3
613	0
614	3
615	2
616	3
617	3
618	2
619	2
620	3
621	0
622	2
623	0
624	0
625	2
626	1
627	3
628	2
629	0
630	2
631	3
632	3
633	3
634	1
635	3
636	3
637	3
638	3
639	2
640	3
641	2
642	0
643	3
644	2
645	2
646	3
647	3
648	3
649	3
650	3
651	0
652	2
653	0
654	3
655	3
656	3
657	1
658	3
659	3
660	2
661	2
662	3
663	3
664	3
665	2
666	3
667	2
668	3
669	3
670	3
671	3
672	3
673	2
674	3
675	3
676	3
677	3
678	3
679	2
680	1
681	1
682	2
683	3
684	3
685	1
686	3
687	2
688	3
689	3
690	3
691	3
692	1
693	0
694	3
695	2
696	3
697	2
698	0
699	1
700	3
701	2
702	2
703	3
704	3
705	2
706	3
707	3
708	2
709	3
710	3
711	3
712	3
713	3
714	1
715	3
716	0
717	2
718	2
719	3
720	3
721	1
722	3
723	3
724	0
725	3
726	3
727	2
728	2
729	3
730	3
731	3
732	1
733	3
734	3
735	3
736	3
737	2
738	2
739	3
740	3
741	1
742	3
743	2
744	1
745	2
746	3
747	1
748	2
749	3
750	3
751	3
752	3
753	1
754	1
755	3
756	3
757	0
758	3
759	3
760	2
761	0
762	3
763	1
764	3
765	0
766	3
767	3
768	3
769	3
770	2
771	0
772	0
773	3
774	3
775	3
776	3
777	2
778	0
779	0
780	3
781	2
782	2
783	3
784	1
785	3
786	2
787	3
788	3
789	0
790	0
791	3
792	3
793	3
794	3
795	2
796	3
797	3
798	3
799	3
800	3
801	3
802	3
803	1
804	2
805	1
806	0
807	2
808	3
809	3
810	3
811	3
812	3
813	0
814	2
815	3
816	3
817	3
818	3
819	0
820	3
821	3
822	3
823	2
824	3
825	0
826	2
827	2
828	1
829	3
830	3
831	2
832	3
833	3
834	3
835	2
836	2
837	1
838	0
839	2
840	3
841	3
842	2
843	0
844	2
845	2
846	3
847	3
848	1
849	3
850	3
851	2
852	2
853	0
854	3
855	3
856	3
857	2
858	0
859	2
860	3
861	1
862	3
863	3
864	3
865	2
866	0
867	2
868	3
869	3
870	1
871	3
872	3
873	2
874	3
875	0
876	3
877	0
878	2
879	0
880	0
881	0
882	3
883	0
884	3
885	1
886	3
887	2
888	0
889	0
890	3
891	3
892	2
893	3
894	2
895	3
896	0
897	3
898	0
899	3
900	0
901	0
902	2
903	2
904	0
905	2
906	0
907	2
908	0
909	0
910	3
911	3
912	3
913	3
914	0
915	0
916	0
917	0
918	2
919	0
920	1
921	3
922	3
923	2
924	0
925	0
926	0
927	3
928	3
929	0
930	0
931	1
932	0
933	0
934	1
935	3
936	0
937	0
938	0
939	3
940	0
941	0
942	3
943	3
944	3
945	0
946	3
947	1
948	0
949	3
950	3
951	3
952	3
953	3
954	1
955	3
956	0
957	0
958	0
959	2
960	3
961	3
962	3
963	0
964	0
965	0
966	3
967	3
968	0
969	3
970	2
971	0
972	3
973	0
974	3
975	3
976	3
977	3
978	2
979	0
980	1
981	0
982	3
983	3
984	3
985	0
986	3
987	0
988	3
989	0
990	2
991	3
992	2
993	3
994	3
995	2
996	3
997	0
998	3
999	3
1000	3
1001	0
1002	3
1003	1
1004	0
1005	0
1006	3
1007	1
1008	3
1009	3
1010	2
1011	0
1012	0
1013	0
1014	0
1015	3
1016	3
1017	3
1018	3
1019	0
1020	3
1021	1
1022	3
1023	3
1024	3
1025	3
1026	1
1027	3
1028	0
1029	3
1030	2
1031	3
1032	3
1033	0
1034	3
1035	0
1036	2
1037	0
1038	3
1039	3
1040	3
1041	1
1042	2
1043	2
1044	3
1045	0
1046	3
1047	3
1048	3
1049	3
1050	0
1051	3
1052	3
1053	3
1054	2
1055	0
1056	3
1057	3
1058	1
1059	0
1060	0
1061	2
1062	3
1063	3
1064	3
1065	3
1066	3
1067	0
1068	1
1069	3
1070	3
1071	3
1072	2
1073	0
1074	2
1075	1
1076	0
1077	0
1078	0
1079	3
1080	2
1081	0
1082	2
1083	0
1084	2
1085	3
1086	2
1087	1
1088	3
1089	2
1090	1
1091	3
1092	3
1093	3
1094	2
1095	2
1096	3
1097	3
1098	3
1099	2
1100	1
1101	0
1102	3
1103	0
1104	3
1105	3
1106	3
1107	0
1108	2
1109	1
1110	2
1111	3
1112	3
1113	3
1114	2
1115	0
1116	3
1117	1
1118	2
1119	3
1120	2
1121	2
1122	3
1123	0
1124	2
1125	3
1126	2
1127	3
1128	0
1129	0
1130	0
1131	2
1132	0
1133	0
1134	3
1135	3
1136	3
1137	3
1138	3
1139	3
1140	3
1141	0
1142	1
1143	2
1144	3
1145	0
1146	0
1147	3
1148	2
1149	2
1150	2
1151	3
1152	3
1153	3
1154	1
1155	3
1156	1
1157	3
1158	3
1159	2
1160	3
1161	1
1162	3
1163	0
1164	3
1165	3
1166	3
1167	2
1168	3
1169	3
1170	3
1171	0
1172	0
1173	0
1174	3
1175	3
1176	3
1177	3
1178	2
1179	0
1180	0
1181	3
1182	3
1183	3
1184	3
1185	2
1186	3
1187	3
1188	2
1189	2
1190	1
1191	1
1192	0
1193	2
1194	0
1195	2
1196	1
1197	0
1198	1
1199	3
1200	3
1201	2
1202	2
1203	3
1204	3
1205	3
1206	2
1207	2
1208	3
1209	3
1210	0
1211	2
1212	1
1213	3
1214	2
1215	0
1216	3
1217	2
1218	3
1219	3
1220	1
1221	1
1222	2
1223	0
1224	3
1225	3
1226	3
1227	3
1228	1
1229	0
1230	2
1231	3
1232	3
1233	3
1234	3
1235	3
1236	1
1237	1
1238	3
1239	3
1240	3
1241	3
1242	0
1243	3
1244	2
1245	3
1246	3
1247	2
1248	1
1249	3
1250	2
1251	3
1252	3
1253	0
1254	1
1255	3
1256	3
1257	0
1258	0
1259	3
1260	2
1261	0
1262	2
1263	3
1264	2
1265	2
1266	3
1267	3
1268	2
1269	0
1270	2
1271	3
1272	3
1273	2
1274	3
1275	2
1276	1
1277	3
1278	1
1279	3
1280	1
1281	3
1282	2
1283	0
1284	3
1285	2
1286	3
1287	1
1288	3
1289	2
1290	3
1291	0
1292	0
1293	3
1294	3
1295	3
1296	3
1297	3
1298	2
1299	3
1300	3
1301	0
1302	2
1303	3
1304	3
1305	0
1306	1
1307	3
1308	1
1309	3
1310	3
1311	2
1312	3
1313	3
1314	3
1315	3
1316	0
1317	1
1318	2
1319	0
1320	3
1321	0
1322	3
1323	3
1324	0
1325	3
1326	3
1327	0
1328	3
1329	0
1330	1
1331	2
1332	3
1333	0
1334	2
1335	3
1336	3
1337	1
1338	3
1339	3
1340	1
1341	0
1342	2
1343	2
1344	3
1345	0
1346	0
1347	3
1348	3
1349	3
1350	3
1351	2
1352	3
1353	2
1354	3
1355	3
1356	3
1357	3
1358	3
1359	3
1360	3
1361	3
1362	3
1363	0
1364	3
1365	3
1366	3
1367	0
1368	2
1369	2
1370	1
1371	3
1372	2
1373	2
1374	3
1375	2
1376	3
1377	0
1378	3
1379	2
1380	0
1381	0
1382	2
1383	3
1384	2
1385	3
1386	3
1387	3
1388	0
1389	2
1390	3
1391	0
1392	3
1393	1
1394	3
1395	1
1396	0
1397	2
1398	0
1399	2
1400	3
1401	2
1402	3
1403	1
1404	3
1405	2
1406	3
1407	0
1408	3
1409	2
1410	3
1411	0
1412	3
1413	3
1414	2
1415	2
1416	0
1417	3
1418	3
1419	2
1420	0
1421	3
1422	0
1423	3
1424	3
1425	3
1426	3
1427	2
1428	3
1429	2
1430	3
1431	0
1432	2
1433	3
1434	0
1435	2
1436	1
1437	3
1438	2
1439	3
1440	0
1441	0
1442	3
1443	0
1444	2
1445	0
1446	3
1447	1
1448	2
1449	2
1450	0
1451	3
1452	2
1453	3
1454	3
1455	0
1456	2
1457	0
1458	3
1459	0
1460	2
1461	2
1462	0
1463	0
1464	3
1465	3
1466	2
1467	0
1468	3
1469	0
1470	0
1471	1
1472	3
1473	2
1474	3
1475	3
1476	3
1477	3
1478	0
1479	0
1480	3
1481	0
1482	1
1483	2
1484	3
1485	3
1486	3
1487	0
1488	2
1489	2
1490	3
1491	3
1492	2
1493	2
1494	3
1495	0
1496	3
1497	1
1498	3
1499	3
1500	3
1501	3
1502	2
1503	3
1504	3
1505	3
1506	3
1507	3
1508	0
1509	2
1510	3
1511	2
1512	3
1513	3
1514	3
1515	3
1516	3
1517	0
1518	0
1519	0
1520	2
1521	3
1522	2
1523	3
1524	0
1525	3
1526	2
1527	2
1528	2
1529	1
1530	3
1531	0
1532	3
1533	2
1534	3
1535	2
1536	3
1537	2
1538	3
1539	3
1540	3
1541	1
1542	3
1543	3
1544	3
1545	2
1546	3
1547	3
1548	0
1549	0
1550	3
1551	3
1552	3
1553	3
1554	3
1555	0
1556	3
1557	2
1558	2
1559	3
1560	3
1561	3
1562	3
1563	0
1564	0
1565	1
1566	2
1567	3
1568	3
1569	2
1570	2
1571	0
1572	3
1573	3
1574	3
1575	3
1576	3
1577	3
1578	3
1579	2
1580	2
1581	3
1582	2
1583	3
1584	3
1585	1
1586	3
1587	0
1588	2
1589	3
1590	3
1591	3
1592	3
1593	2
1594	3
1595	0
1596	0
1597	0
1598	3
1599	1
1600	3
1601	3
1602	3
1603	3
1604	3
1605	0
1606	3
1607	0
1608	3
1609	1
1610	2
1611	3
1612	3
1613	0
1614	3
1615	3
1616	3
1617	3
1618	3
1619	3
1620	3
1621	0
1622	2
1623	3
1624	3
1625	3
1626	3
1627	3
1628	0
1629	0
1630	3
1631	3
1632	1
1633	2
1634	2
1635	3
1636	3
1637	3
1638	3
1639	3
1640	3
1641	3
1642	3
1643	3
1644	2
1645	3
1646	2
1647	3
1648	3
1649	2
1650	3
1651	0
1652	3
1653	3
1654	2
1655	3
1656	3
1657	3
1658	0
1659	3
1660	1
1661	3
1662	3
1663	3
1664	3
1665	1
1666	2
1667	3
1668	3
1669	3
1670	3
1671	3
1672	1
1673	0
1674	3
1675	0
1676	2
1677	0
1678	3
1679	0
1680	0
1681	2
1682	2
1683	3
1684	3
1685	2
1686	3
1687	3
1688	2
1689	0
1690	2
1691	3
1692	3
1693	3
1694	3
1695	0
1696	3
1697	2
1698	3
1699	3
1700	1
1701	3
1702	3
1703	3
1704	1
1705	0
1706	0
1707	2
1708	1
1709	0
1710	3
1711	3
1712	3
1713	0
1714	2
1715	3
1716	0
1717	0
1718	0
1719	3
1720	3
1721	2
1722	0
1723	2
1724	3
1725	2
1726	3
1727	3
1728	2
1729	3
1730	3
1731	3
1732	3
1733	2
1734	3
1735	3
1736	2
1737	3
1738	1
1739	3
1740	3
1741	3
1742	3
1743	3
1744	1
1745	3
1746	2
1747	3
1748	3
1749	0
1750	2
1751	3
1752	2
1753	3
1754	2
1755	3
1756	2
1757	2
1758	3
1759	3
1760	3
1761	3
1762	2
1763	2
1764	3
1765	2
1766	0
1767	0
1768	0
1769	2
1770	2
1771	0
1772	1
1773	1
1774	0
1775	3
1776	3
1777	3
1778	1
1779	3
1780	3
1781	3
1782	3
1783	0
1784	3
1785	2
1786	0
1787	2
1788	3
1789	0
1790	3
1791	3
1792	3
1793	3
1794	3
1795	3
1796	0
1797	3
1798	3
1799	3
1800	0
1801	2
1802	0
1803	3
1804	0
1805	3
1806	3
1807	3
1808	0
1809	2
1810	3
1811	2
1812	0
1813	3
1814	2
1815	3
1816	2
1817	2
1818	3
1819	3
1820	2
1821	3
1822	1
1823	3
1824	0
1825	3
1826	3
1827	2
1828	2
1829	3
1830	1
1831	1
1832	2
1833	2
1834	3
1835	3
1836	0
1837	0
1838	3
1839	0
1840	3
1841	3
1842	2
1843	2
1844	3
1845	3
1846	3
1847	3
1848	0
1849	3
1850	2
1851	2
1852	3
1853	3
1854	0
1855	2
1856	1
1857	3
1858	1
1859	0
1860	0
1861	1
1862	2
1863	0
1864	1
1865	1
1866	0
1867	0
1868	0
1869	0
1870	3
1871	1
1872	2
1873	3
1874	1
1875	2
1876	3
1877	0
1878	3
1879	3
1880	3
1881	3
1882	3
1883	0
1884	3
1885	1
1886	0
1887	3
1888	2
1889	3
1890	0
1891	2
1892	0
1893	3
1894	3
1895	3
1896	3
1897	3
1898	1
1899	3
1900	1
1901	3
1902	3
1903	3
1904	2
1905	3
1906	0
1907	3
1908	2
1909	3
1910	0
1911	2
1912	3
1913	2
1914	0
1915	2
1916	0
1917	2
1918	2
1919	2
1920	3
1921	0
1922	3
1923	3
1924	3
1925	2
1926	2
1927	3
1928	3
1929	3
1930	2
1931	3
1932	3
1933	2
1934	2
1935	3
1936	0
1937	3
1938	3
1939	3
1940	3
1941	0
1942	3
1943	3
1944	3
1945	3
1946	0
1947	2
1948	0
1949	2
1950	0
1951	0
1952	3
1953	3
1954	2
1955	2
1956	3
1957	1
1958	2
1959	2
1960	2
1961	3
1962	0
1963	3
1964	3
1965	3
1966	2
1967	3
1968	3
1969	3
1970	3
1971	3
1972	1
1973	3
1974	2
1975	3
1976	3
1977	2
1978	0
1979	2
1980	0
1981	0
1982	0
1983	3
1984	3
1985	3
1986	2
1987	2
1988	2
1989	3
1990	3
1991	3
1992	3
1993	3
1994	2
1995	3
1996	0
1997	2
1998	3
1999	3
2000	3
2001	3
2002	2
2003	2
2004	0
2005	0
2006	3
2007	2
2008	3
2009	3
2010	2
2011	3
2012	1
2013	3
2014	2
2015	0
2016	3
2017	3
2018	3
2019	3
2020	0
2021	0
2022	3
2023	3
2024	2
2025	1
2026	2
2027	3
2028	0
2029	3
2030	1
2031	0
2032	3
2033	3
2034	2
2035	3
2036	1
2037	1
2038	1
2039	3
2040	3
2041	0
2042	3
2043	1
2044	1
2045	2
2046	2
2047	3
2048	3
2049	0
2050	3
2051	1
2052	0
2053	2
2054	1
2055	0
2056	3
2057	3
2058	0
2059	3
2060	3
2061	3
2062	3
2063	2
2064	3
2065	0
2066	2
2067	2
2068	2
2069	2
2070	3
2071	2
2072	2
2073	2
2074	3
2075	2
2076	0
2077	2
2078	2
2079	2
2080	3
2081	2
2082	3
2083	2
2084	2
2085	2
2086	0
2087	2
2088	2
2089	0
2090	0
2091	0
2092	0
2093	2
2094	0
2095	3
2096	2
2097	3
2098	3
2099	0
2100	2
2101	0
2102	0
2103	1
2104	2
2105	3
2106	2
2107	0
2108	3
2109	3
2110	1
2111	0
2112	3
2113	0
2114	3
2115	0
2116	3
2117	0
2118	3
2119	3
2120	2
2121	0
2122	3
2123	1
2124	3
2125	3
2126	3
2127	2
2128	2
2129	0
2130	3
2131	3
2132	0
2133	3
2134	3
2135	3
2136	1
2137	1
2138	3
2139	3
2140	0
2141	3
2142	3
2143	3
2144	3
2145	0
2146	3
2147	3
2148	3
2149	2
2150	0
2151	0
2152	3
2153	3
2154	3
2155	3
2156	2
2157	3
2158	2
2159	2
2160	0
2161	0
2162	3
2163	3
2164	0
2165	0
2166	0
2167	3
2168	3
2169	0
2170	3
2171	3
2172	2
2173	0
2174	2
2175	2
2176	3
2177	0
2178	3
2179	3
2180	2
2181	0
2182	3
2183	2
2184	3
2185	3
2186	0
2187	3
2188	0
2189	2
2190	0
2191	0
2192	3
2193	3
2194	0
2195	3
2196	0
2197	1
2198	0
2199	2
2200	2
2201	3
2202	0
2203	0
2204	2
2205	2
2206	0
2207	2
2208	3
2209	0
2210	0
2211	3
2212	1
2213	0
2214	3
2215	3
2216	3
2217	0
2218	2
2219	0
2220	0
2221	2
2222	3
2223	0
2224	3
2225	0
2226	0
2227	2
2228	1
2229	2
2230	3
2231	3
2232	3
2233	3
2234	2
2235	2
2236	1
2237	2
2238	3
2239	2
2240	3
2241	3
2242	2
2243	2
2244	0
2245	2
2246	0
2247	0
2248	3
2249	3
2250	1
2251	3
2252	0
2253	3
2254	3
2255	0
2256	2
2257	3
2258	2
2259	2
2260	0
2261	0
2262	2
2263	2
2264	2
2265	1
2266	0
2267	2
2268	0
2269	3
2270	3
2271	3
2272	3
2273	3
2274	3
2275	2
2276	0
2277	3
2278	1
2279	3
2280	3
2281	0
2282	2
2283	3
2284	0
2285	2
2286	0
2287	3
2288	0
2289	0
2290	2
2291	3
2292	2
2293	2
2294	3
2295	3
2296	3
2297	2
2298	0
2299	2
2300	3
2301	0
2302	3
2303	1
2304	0
2305	3
2306	1
2307	2
2308	2
2309	0
2310	3
2311	3
2312	1
2313	2
2314	2
2315	3
2316	0
2317	0
2318	0
2319	3
2320	3
2321	3
2322	1
2323	1
2324	1
2325	1
2326	3
2327	2
2328	3
2329	2
2330	3
2331	3
2332	2
2333	0
2334	2
2335	3
2336	3
2337	2
2338	0
2339	1
2340	0
2341	2
2342	3
2343	2
2344	3
2345	2
2346	3
2347	2
2348	3
2349	2
2350	0
2351	3
2352	0
2353	2
2354	3
2355	3
2356	3
2357	2
2358	1
2359	3
2360	3
2361	3
2362	0
2363	2
2364	0
2365	2
2366	2
2367	3
2368	0
2369	2
2370	2
2371	0
2372	1
2373	1
2374	2
2375	0
2376	0
2377	2
2378	3
2379	0
2380	0
2381	2
2382	0
2383	3
2384	2
2385	1
2386	3
2387	0
2388	0
2389	3
2390	2
2391	3
2392	3
2393	3
2394	2
2395	2
2396	0
2397	0
2398	0
2399	3
2400	2
2401	3
2402	0
2403	0
2404	3
2405	3
2406	2
2407	3
2408	3
2409	0
2410	3
2411	0
2412	2
2413	3
2414	3
2415	0
2416	3
2417	0
2418	2
2419	3
2420	2
2421	0
2422	3
2423	3
2424	3
2425	2
2426	3
2427	0
2428	1
2429	2
2430	0
2431	3
2432	0
2433	3
2434	1
2435	3
2436	3
2437	0
2438	3
2439	3
2440	0
2441	3
2442	2
2443	0
2444	3
2445	0
2446	2
2447	3
2448	0
2449	2
2450	0
2451	3
2452	0
2453	0
2454	3
2455	3
2456	0
2457	2
2458	0
2459	3
2460	3
2461	0
2462	2
2463	3
2464	0
2465	2
2466	0
2467	3
2468	0
2469	0
2470	2
2471	2
2472	0
2473	2
2474	2
2475	2
2476	3
2477	0
2478	0
2479	3
2480	2
2481	0
2482	3
2483	0
2484	1
2485	1
2486	3
2487	3
2488	0
2489	3
2490	3
2491	3
2492	2
2493	2
2494	3
2495	3
2496	0
2497	0
2498	0
2499	3
2500	2
2501	3
2502	3
2503	1
2504	0
2505	0
2506	0
2507	2
2508	2
2509	0
2510	3
2511	0
2512	0
2513	3
2514	0
2515	2
2516	0
2517	0
2518	2
2519	3
2520	3
2521	0
2522	0
2523	0
2524	0
2525	2
2526	3
2527	3
2528	2
2529	2
2530	0
2531	3
2532	3
2533	2
2534	0
2535	3
2536	0
2537	2
2538	0
2539	3
2540	2
2541	3
2542	2
2543	2
2544	3
2545	0
2546	1
2547	2
2548	3
2549	1
2550	2
2551	2
2552	2
2553	2
2554	1
2555	2
2556	3
2557	2
2558	3
2559	1
2560	3
2561	1
2562	3
2563	2
2564	3
2565	0
2566	2
2567	3
2568	3
2569	1
2570	3
2571	3
2572	3
2573	0
2574	0
2575	0
2576	3
2577	3
2578	3
2579	3
2580	2
2581	2
2582	0
2583	2
2584	3
2585	3
2586	2
2587	2
2588	1
2589	1
2590	2
2591	3
2592	3
2593	3
2594	3
2595	0
2596	1
2597	2
2598	2
2599	3
2600	0
2601	2
2602	2
2603	2
2604	1
2605	3
2606	3
2607	3
2608	3
2609	0
2610	2
2611	0
2612	3
2613	0
2614	3
2615	2
2616	3
2617	3
2618	3
2619	2
2620	3
2621	0
2622	1
2623	2
2624	3
2625	3
2626	0
2627	1
2628	0
2629	0
2630	2
2631	2
2632	1
2633	0
2634	3
2635	0
2636	0
2637	0
2638	0
2639	3
2640	3
2641	3
2642	3
2643	3
2644	2
2645	3
2646	0
2647	2
2648	3
2649	2
2650	2
2651	2
2652	1
2653	1
2654	0
2655	0
2656	3
2657	3
2658	3
2659	3
2660	3
2661	0
2662	3
2663	1
2664	0
2665	3
2666	3
2667	2
2668	3
2669	2
2670	1
2671	3
2672	3
2673	2
2674	3
2675	2
2676	2
2677	0
2678	2
2679	3
2680	3
2681	2
2682	3
2683	3
2684	1
2685	3
2686	0
2687	3
2688	3
2689	2
2690	3
2691	0
2692	1
2693	0
2694	0
2695	3
2696	2
2697	2
2698	0
2699	2
2700	3
2701	3
2702	0
2703	3
2704	2
2705	2
2706	3
2707	0
2708	2
2709	0
2710	0
2711	3
2712	3
2713	3
2714	0
2715	2
2716	2
2717	0
2718	3
2719	0
2720	3
2721	1
2722	3
2723	3
2724	0
2725	3
2726	1
2727	0
2728	1
2729	0
2730	3
2731	0
2732	0
2733	0
2734	1
2735	3
2736	0
2737	3
2738	3
2739	2
2740	2
2741	3
2742	3
2743	0
2744	1
2745	3
2746	3
2747	2
2748	0
2749	3
2750	3
2751	1
2752	2
2753	3
2754	0
2755	3
2756	3
2757	2
2758	0
2759	2
2760	2
2761	3
2762	1
2763	3
2764	2
2765	2
2766	0
2767	0
2768	1
2769	3
2770	3
2771	2
2772	3
2773	3
2774	0
2775	2
2776	0
2777	3
2778	0
2779	3
2780	1
2781	2
2782	0
2783	2
2784	0
2785	3
2786	3
2787	3
2788	3
2789	2
2790	2
2791	3
2792	3
2793	3
2794	3
2795	0
2796	3
2797	0
2798	1
2799	0
2800	0
2801	2
2802	3
2803	0
2804	3
2805	0
2806	3
2807	3
2808	1
2809	0
2810	3
2811	3
2812	2
2813	2
2814	3
2815	3
2816	2
2817	3
2818	3
2819	3
2820	3
2821	2
2822	2
2823	1
2824	3
2825	2
2826	1
2827	3
2828	2
2829	0
2830	0
2831	0
2832	1
2833	2
2834	0
2835	3
2836	0
2837	3
2838	3
2839	3
2840	3
2841	3
2842	3
2843	2
2844	3
2845	0
2846	3
2847	0
2848	0
2849	3
2850	0
2851	1
2852	3
2853	3
2854	0
2855	2
2856	1
2857	3
2858	3
2859	0
2860	2
2861	2
2862	0
2863	3
2864	2
2865	2
2866	3
2867	3
2868	3
2869	0
2870	2
2871	3
2872	0
2873	1
2874	3
2875	2
2876	3
2877	1
2878	0
2879	3
2880	2
2881	3
2882	3
2883	0
2884	0
2885	0
2886	0
2887	1
2888	2
2889	3
2890	3
2891	2
2892	2
2893	0
2894	2
2895	0
2896	2
2897	2
2898	3
2899	2
2900	2
2901	2
2902	2
2903	2
2904	2
2905	3
2906	2
2907	3
2908	0
2909	2
2910	2
2911	2
2912	3
2913	2
2914	3
2915	0
2916	3
2917	0
2918	1
2919	3
2920	0
2921	0
2922	3
2923	0
2924	3
2925	3
2926	2
2927	3
2928	3
2929	0
2930	3
2931	3
2932	2
2933	0
2934	0
2935	3
2936	1
2937	0
2938	2
2939	0
2940	3
2941	0
2942	2
2943	3
2944	2
2945	2
2946	2
2947	2
2948	3
2949	2
2950	3
2951	3
2952	2
2953	2
2954	3
2955	1
2956	2
2957	3
2958	0
2959	3
2960	3
2961	2
2962	3
2963	0
2964	0
2965	3
2966	2
2967	2
2968	2
2969	3
2970	3
2971	0
2972	1
2973	0
2974	3
2975	2
2976	3
2977	1
2978	2
2979	2
2980	2
2981	3
2982	2
2983	2
2984	3
2985	3
2986	3
2987	1
2988	0
2989	2
2990	0
2991	3
2992	2
2993	3
2994	3
2995	2
2996	1
2997	2
2998	0
2999	3
3000	3
3001	3
3002	3
3003	0
3004	3
3005	2
3006	2
3007	3
3008	3
3009	2
3010	0
3011	0
3012	0
3013	3
3014	0
3015	0
3016	3
3017	3
3018	0
3019	3
3020	0
3021	3
3022	3
3023	0
3024	3
3025	2
3026	3
3027	0
3028	2
3029	2
3030	3
3031	3
3032	3
3033	0
3034	3
3035	2
3036	2
3037	0
3038	3
3039	1
3040	3
3041	3
3042	2
3043	2
3044	2
3045	3
3046	3
3047	3
3048	0
3049	3
3050	3
3051	0
3052	0
3053	0
3054	3
3055	0
3056	0
3057	0
3058	3
3059	3
3060	0
3061	1
3062	3
3063	0
3064	0
3065	3
3066	2
3067	0
3068	3
3069	0
3070	3
3071	0
3072	2
3073	0
3074	3
3075	2
3076	3
3077	3
3078	0
3079	0
3080	2
3081	0
3082	3
3083	3
3084	3
3085	0
3086	0
3087	0
3088	3
3089	3
3090	2
3091	0
3092	1
3093	3
3094	0
3095	0
3096	0
3097	2
3098	2
3099	0
3100	1
3101	1
3102	2
3103	3
3104	3
3105	2
3106	3
3107	3
3108	0
3109	3
3110	0
3111	2
3112	3
3113	3
3114	2
3115	2
3116	0
3117	0
3118	2
3119	0
3120	3
3121	0
3122	3
3123	2
3124	2
3125	3
3126	3
3127	2
3128	0
3129	3
3130	3
3131	2
3132	3
3133	3
3134	1
3135	0
3136	0
3137	2
3138	0
3139	0
3140	3
3141	0
3142	3
3143	3
3144	2
3145	3
3146	2
3147	2
3148	3
3149	1
3150	3
3151	3
3152	0
3153	2
3154	0
3155	2
3156	3
3157	3
3158	0
3159	3
3160	0
3161	3
3162	3
3163	3
3164	3
3165	3
3166	3
3167	3
3168	2
3169	3
3170	0
3171	0
3172	0
3173	0
3174	2
3175	3
3176	1
3177	3
3178	3
3179	3
3180	2
3181	0
3182	1
3183	1
3184	2
3185	3
3186	0
3187	0
3188	3
3189	3
3190	3
3191	3
3192	0
3193	3
3194	3
3195	2
3196	3
3197	1
3198	3
3199	0
3200	3
3201	3
3202	2
3203	0
3204	3
3205	3
3206	0
3207	0
3208	0
3209	3
3210	1
3211	0
3212	3
3213	2
3214	3
3215	3
3216	3
3217	0
3218	3
3219	0
3220	3
3221	3
3222	2
3223	0
3224	3
3225	0
3226	2
3227	0
3228	0
3229	0
3230	1
3231	3
3232	3
3233	0
3234	0
3235	2
3236	3
3237	2
3238	1
3239	3
3240	3
3241	3
3242	3
3243	0
3244	3
3245	2
3246	1
3247	2
3248	3
3249	0
3250	2
3251	0
3252	3
3253	1
3254	3
3255	0
3256	2
3257	0
3258	2
3259	2
3260	0
3261	0
3262	0
3263	2
3264	0
3265	3
3266	2
3267	3
3268	3
3269	2
3270	3
3271	0
3272	2
3273	2
3274	2
3275	0
3276	2
3277	3
3278	3
3279	0
3280	2
3281	3
3282	3
3283	3
3284	3
3285	2
3286	3
3287	3
3288	0
3289	2
3290	3
3291	1
3292	3
3293	2
3294	2
3295	0
3296	1
3297	0
3298	0
3299	3
3300	3
3301	0
3302	3
3303	0
3304	1
3305	2
3306	0
3307	3
3308	0
3309	3
3310	3
3311	3
3312	2
3313	0
3314	0
3315	3
3316	3
3317	3
3318	3
3319	2
3320	0
3321	2
3322	2
3323	0
3324	0
3325	3
3326	3
3327	3
3328	3
3329	1
3330	3
3331	0
3332	3
3333	2
3334	2
3335	0
3336	2
3337	0
3338	3
3339	3
3340	3
3341	3
3342	0
3343	3
3344	1
3345	3
3346	1
3347	0
3348	3
3349	3
3350	3
3351	0
3352	3
3353	2
3354	3
3355	3
3356	3
3357	2
3358	3
3359	0
3360	3
3361	2
3362	3
3363	0
3364	2
3365	3
3366	1
3367	2
3368	3
3369	3
3370	1
3371	3
3372	3
3373	0
3374	3
3375	0
3376	3
3377	3
3378	3
3379	3
3380	0
3381	2
3382	3
3383	0
3384	3
3385	1
3386	0
3387	3
3388	3
3389	2
3390	3
3391	2
3392	2
3393	0
3394	2
3395	3
3396	0
3397	0
3398	3
3399	3
3400	3
3401	3
3402	2
3403	3
3404	2
3405	3
3406	0
3407	3
3408	2
3409	3
3410	3
3411	3
3412	2
3413	1
3414	0
3415	0
3416	3
3417	0
3418	3
3419	0
3420	1
3421	3
3422	1
3423	1
3424	0
3425	2
3426	3
3427	3
3428	2
3429	3
3430	3
3431	2
3432	0
3433	1
3434	2
3435	3
3436	2
3437	3
3438	3
3439	1
3440	0
3441	0
3442	3
3443	1
3444	2
3445	0
3446	3
3447	0
3448	3
3449	3
3450	1
3451	3
3452	3
3453	2
3454	3
3455	0
3456	3
3457	0
3458	2
3459	2
3460	0
3461	1
3462	2
3463	0
3464	0
3465	2
3466	2
3467	2
3468	0
3469	0
3470	2
3471	0
3472	1
3473	3
3474	2
3475	0
3476	0
3477	0
3478	3
3479	3
3480	0
3481	0
3482	2
3483	2
3484	2
3485	2
3486	3
3487	3
3488	3
3489	3
3490	3
3491	0
3492	3
3493	3
3494	3
3495	3
3496	0
3497	0
3498	2
3499	3
3500	0
3501	2
3502	0
3503	2
3504	2
3505	0
3506	0
3507	3
3508	0
3509	3
3510	3
3511	2
3512	3
3513	0
3514	3
3515	1
3516	3
3517	0
3518	3
3519	0
3520	2
3521	3
3522	2
3523	3
3524	2
3525	3
3526	3
3527	0
3528	2
3529	3
3530	2
3531	3
3532	1
3533	2
3534	0
3535	3
3536	0
3537	2
3538	0
3539	3
3540	0
3541	1
3542	2
3543	0
3544	3
3545	3
3546	1
3547	3
3548	3
3549	2
3550	1
3551	1
3552	0
3553	2
3554	0
3555	0
3556	0
3557	3
3558	0
3559	1
3560	3
3561	3
3562	0
3563	2
3564	3
3565	0
3566	3
3567	0
3568	3
3569	3
3570	3
3571	0
3572	3
3573	1
3574	0
3575	3
3576	2
3577	0
3578	2
3579	0
3580	1
3581	2
3582	1
3583	3
3584	3
3585	0
3586	0
3587	2
3588	3
3589	0
3590	3
3591	0
3592	3
3593	2
3594	0
3595	3
3596	1
3597	3
3598	3
3599	0
3600	3
3601	0
3602	0
3603	3
3604	0
3605	2
3606	2
3607	0
3608	1
3609	0
3610	3
3611	2
3612	3
3613	0
3614	3
3615	3
3616	3
3617	2
3618	3
3619	3
3620	0
3621	3
3622	1
3623	0
3624	1
3625	0
3626	2
3627	2
3628	3
3629	3
3630	1
3631	3
3632	1
3633	3
3634	2
3635	3
3636	3
3637	3
3638	3
3639	3
3640	3
3641	2
3642	3
3643	0
3644	3
3645	1
3646	3
3647	1
3648	2
3649	2
3650	3
3651	3
3652	0
3653	0
3654	3
3655	2
3656	3
3657	3
3658	3
3659	3
3660	2
3661	3
3662	2
3663	0
3664	1
3665	3
3666	3
3667	3
3668	3
3669	3
3670	1
3671	1
3672	3
3673	3
3674	0
3675	3
3676	3
3677	3
3678	3
3679	3
3680	1
3681	2
3682	2
3683	3
3684	2
3685	3
3686	3
3687	3
3688	1
3689	3
3690	3
3691	3
3692	3
3693	3
3694	3
3695	2
3696	3
3697	2
3698	2
3699	3
3700	3
3701	3
3702	2
3703	1
3704	3
3705	3
3706	0
3707	3
3708	3
3709	3
3710	3
3711	1
3712	3
3713	0
3714	0
3715	3
3716	2
3717	3
3718	3
3719	1
3720	3
3721	1
3722	2
3723	0
3724	1
3725	2
3726	3
3727	0
3728	0
3729	2
3730	2
3731	3
3732	3
3733	3
3734	3
3735	3
3736	3
3737	2
3738	3
3739	3
3740	3
3741	0
3742	3
3743	0
3744	3
3745	2
3746	2
3747	3
3748	0
3749	3
3750	3
3751	3
3752	1
3753	3
3754	2
3755	0
3756	2
3757	3
3758	3
3759	3
3760	3
3761	0
3762	3
3763	3
3764	3
3765	3
3766	3
3767	0
3768	0
3769	0
3770	3
3771	3
3772	1
3773	3
3774	1
3775	0
3776	3
3777	2
3778	2
3779	3
3780	2
3781	2
3782	3
3783	0
3784	1
3785	2
3786	2
3787	2
3788	0
3789	3
3790	3
3791	0
3792	3
3793	3
3794	0
3795	3
3796	2
3797	3
3798	3
3799	0
3800	0
3801	3
3802	3
3803	3
3804	3
3805	3
3806	2
3807	0
3808	3
3809	0
3810	0
3811	2
3812	0
3813	3
3814	0
3815	0
3816	3
3817	3
3818	3
3819	0
3820	0
3821	3
3822	0
3823	0
3824	3
3825	0
3826	3
3827	2
3828	3
3829	3
3830	3
3831	1
3832	3
3833	1
3834	3
3835	2
3836	0
3837	2
3838	3
3839	3
3840	2
3841	0
3842	2
3843	0
3844	3
3845	3
3846	3
3847	0
3848	2
3849	3
3850	0
3851	2
3852	3
3853	3
3854	3
3855	0
3856	1
3857	3
3858	3
3859	2
3860	2
3861	3
3862	3
3863	2
3864	0
3865	0
3866	3
3867	2
3868	1
3869	3
3870	3
3871	0
3872	2
3873	3
3874	3
3875	3
3876	0
3877	0
3878	3
3879	0
3880	3
3881	2
3882	3
3883	2
3884	1
3885	2
3886	1
3887	2
3888	2
3889	3
3890	3
3891	0
3892	0
3893	0
3894	1
3895	1
3896	2
3897	2
3898	3
3899	3
3900	3
3901	0
3902	3
3903	0
3904	3
3905	2
3906	3
3907	2
3908	0
3909	3
3910	2
3911	2
3912	0
3913	3
3914	3
3915	3
3916	1
3917	2
3918	2
3919	0
3920	1
3921	2
3922	3
3923	3
3924	2
3925	0
3926	3
3927	0
3928	2
3929	3
3930	3
3931	1
3932	3
3933	1
3934	3
3935	3
3936	3
3937	2
3938	1
3939	1
3940	3
3941	3
3942	2
3943	0
3944	3
3945	2
3946	3
3947	2
3948	2
3949	3
3950	3
3951	0
3952	3
3953	2
3954	3
3955	2
3956	3
3957	3
3958	2
3959	0
3960	3
3961	2
3962	2
3963	2
3964	3
3965	3
3966	2
3967	2
3968	0
3969	3
3970	2
3971	2
3972	3
3973	3
3974	1
3975	0
3976	1
3977	2
3978	3
3979	3
3980	3
3981	3
3982	1
3983	2
3984	3
3985	0
3986	3
3987	0
3988	3
3989	3
3990	2
3991	0
3992	1
3993	2
3994	3
3995	2
3996	2
3997	2
3998	3
3999	2
4000	1
4001	3
4002	3
4003	3
4004	2
4005	1
4006	0
4007	0
4008	2
4009	3
4010	3
4011	2
4012	3
4013	1
4014	1
4015	0
4016	0
4017	3
4018	3
4019	3
4020	3
4021	2
4022	3
4023	0
4024	1
4025	2
4026	2
4027	1
4028	3
4029	2
4030	1
4031	0
4032	3
4033	3
4034	3
4035	3
4036	0
4037	2
4038	2
4039	0
4040	3
4041	3
4042	3
4043	3
4044	2
4045	3
4046	0
4047	0
4048	3
4049	3
4050	3
4051	3
4052	3
4053	3
4054	3
4055	0
4056	0
4057	3
4058	2
4059	2
4060	3
4061	3
4062	0
4063	2
4064	3
4065	2
4066	3
4067	0
4068	1
4069	3
4070	0
4071	3
4072	2
4073	3
4074	3
4075	0
4076	2
4077	2
4078	0
4079	3
4080	3
4081	3
4082	2
4083	1
4084	2
4085	3
4086	0
4087	0
4088	3
4089	3
4090	2
4091	0
4092	2
4093	1
4094	3
4095	0
