COMMAND
./sim gshare 11 10 ./proj2-traces/perl_trace.txt
OUTPUT
number of predictions:2000000
number of mispredictions:179598
misprediction rate:   8.98%
FINAL GSHARE CONTENTS
0	3
1	3
2	3
3	3
4	0
5	3
6	3
7	2
8	3
9	3
10	0
11	3
12	3
13	0
14	3
15	2
16	2
17	0
18	3
19	0
20	3
21	3
22	2
23	0
24	3
25	0
26	0
27	0
28	0
29	3
30	3
31	3
32	3
33	0
34	3
35	1
36	3
37	1
38	3
39	1
40	0
41	0
42	3
43	0
44	2
45	0
46	3
47	3
48	3
49	0
50	0
51	0
52	3
53	0
54	0
55	0
56	2
57	0
58	3
59	0
60	3
61	2
62	0
63	0
64	0
65	1
66	3
67	3
68	1
69	0
70	0
71	3
72	0
73	2
74	3
75	0
76	3
77	2
78	0
79	0
80	3
81	2
82	3
83	1
84	3
85	3
86	0
87	0
88	3
89	3
90	0
91	0
92	1
93	1
94	3
95	1
96	3
97	3
98	3
99	2
100	1
101	0
102	3
103	0
104	0
105	0
106	0
107	3
108	0
109	3
110	3
111	3
112	3
113	1
114	3
115	0
116	2
117	0
118	3
119	3
120	3
121	0
122	3
123	3
124	3
125	1
126	3
127	3
128	1
129	2
130	0
131	3
132	0
133	3
134	0
135	3
136	3
137	3
138	3
139	3
140	0
141	3
142	0
143	3
144	3
145	3
146	2
147	3
148	1
149	3
150	2
151	0
152	3
153	3
154	3
155	3
156	3
157	0
158	3
159	2
160	3
161	3
162	3
163	3
164	0
165	3
166	0
167	3
168	3
169	3
170	0
171	3
172	2
173	3
174	0
175	2
176	3
177	3
178	3
179	3
180	0
181	3
182	0
183	1
184	1
185	3
186	1
187	3
188	3
189	3
190	3
191	2
192	0
193	3
194	0
195	1
196	0
197	1
198	3
199	2
200	1
201	0
202	3
203	0
204	0
205	0
206	0
207	3
208	0
209	3
210	0
211	0
212	0
213	1
214	2
215	0
216	3
217	3
218	0
219	3
220	0
221	3
222	3
223	3
224	3
225	1
226	0
227	3
228	2
229	3
230	0
231	3
232	3
233	3
234	0
235	3
236	1
237	1
238	3
239	3
240	3
241	2
242	2
243	0
244	0
245	0
246	3
247	3
248	3
249	1
250	0
251	0
252	1
253	0
254	3
255	1
256	3
257	3
258	3
259	2
260	3
261	3
262	3
263	0
264	2
265	3
266	0
267	3
268	1
269	2
270	3
271	3
272	0
273	3
274	1
275	3
276	3
277	0
278	3
279	3
280	3
281	1
282	3
283	3
284	0
285	1
286	3
287	2
288	0
289	3
290	3
291	1
292	0
293	2
294	0
295	0
296	3
297	3
298	3
299	3
300	3
301	0
302	0
303	0
304	0
305	0
306	0
307	3
308	0
309	0
310	2
311	0
312	3
313	3
314	2
315	1
316	2
317	2
318	3
319	0
320	3
321	1
322	3
323	0
324	3
325	3
326	3
327	3
328	3
329	3
330	3
331	2
332	3
333	0
334	2
335	3
336	0
337	1
338	0
339	2
340	3
341	3
342	0
343	1
344	3
345	0
346	3
347	0
348	3
349	3
350	1
351	0
352	2
353	0
354	3
355	0
356	3
357	3
358	2
359	3
360	2
361	3
362	0
363	3
364	3
365	3
366	3
367	3
368	3
369	3
370	3
371	3
372	2
373	0
374	0
375	2
376	0
377	0
378	2
379	0
380	1
381	0
382	3
383	0
384	0
385	2
386	1
387	2
388	0
389	0
390	3
391	1
392	3
393	1
394	3
395	0
396	0
397	3
398	0
399	3
400	1
401	3
402	3
403	0
404	0
405	0
406	0
407	3
408	2
409	0
410	0
411	3
412	1
413	0
414	0
415	3
416	3
417	3
418	0
419	3
420	3
421	1
422	2
423	0
424	3
425	0
426	2
427	3
428	0
429	0
430	3
431	2
432	3
433	0
434	0
435	3
436	0
437	3
438	0
439	3
440	2
441	0
442	0
443	2
444	2
445	3
446	3
447	2
448	3
449	1
450	2
451	2
452	1
453	3
454	0
455	1
456	0
457	2
458	1
459	2
460	3
461	3
462	0
463	3
464	2
465	3
466	0
467	3
468	3
469	0
470	3
471	2
472	3
473	0
474	0
475	0
476	0
477	3
478	0
479	0
480	0
481	0
482	3
483	0
484	1
485	0
486	0
487	0
488	0
489	3
490	3
491	3
492	3
493	3
494	0
495	0
496	3
497	0
498	0
499	0
500	0
501	3
502	3
503	0
504	3
505	3
506	0
507	3
508	3
509	3
510	3
511	3
512	2
513	0
514	3
515	3
516	0
517	3
518	0
519	0
520	0
521	1
522	0
523	0
524	0
525	0
526	2
527	0
528	0
529	0
530	2
531	3
532	2
533	0
534	0
535	0
536	0
537	3
538	0
539	0
540	0
541	2
542	2
543	0
544	0
545	0
546	0
547	0
548	1
549	2
550	0
551	3
552	0
553	0
554	0
555	3
556	0
557	0
558	1
559	3
560	3
561	3
562	0
563	0
564	3
565	3
566	3
567	3
568	2
569	3
570	3
571	3
572	3
573	3
574	0
575	2
576	3
577	3
578	3
579	2
580	0
581	3
582	0
583	0
584	2
585	3
586	3
587	3
588	0
589	0
590	3
591	0
592	3
593	3
594	3
595	0
596	3
597	3
598	0
599	3
600	3
601	0
602	0
603	0
604	3
605	0
606	2
607	0
608	3
609	0
610	3
611	0
612	0
613	0
614	3
615	0
616	3
617	2
618	3
619	0
620	0
621	3
622	3
623	1
624	0
625	2
626	3
627	0
628	3
629	0
630	3
631	0
632	3
633	0
634	3
635	0
636	3
637	0
638	2
639	0
640	1
641	3
642	1
643	2
644	3
645	3
646	3
647	3
648	3
649	3
650	2
651	0
652	1
653	3
654	3
655	3
656	0
657	0
658	0
659	1
660	3
661	2
662	3
663	2
664	3
665	1
666	1
667	0
668	0
669	3
670	3
671	3
672	0
673	0
674	3
675	2
676	3
677	3
678	3
679	3
680	3
681	0
682	0
683	1
684	0
685	3
686	3
687	1
688	3
689	3
690	3
691	3
692	0
693	3
694	3
695	3
696	3
697	0
698	3
699	2
700	3
701	1
702	3
703	1
704	0
705	0
706	2
707	2
708	1
709	1
710	0
711	3
712	2
713	0
714	1
715	3
716	3
717	3
718	0
719	0
720	1
721	3
722	0
723	0
724	0
725	0
726	2
727	3
728	1
729	0
730	2
731	0
732	0
733	1
734	0
735	2
736	3
737	0
738	3
739	0
740	2
741	2
742	0
743	3
744	0
745	3
746	3
747	0
748	3
749	0
750	3
751	0
752	0
753	1
754	0
755	0
756	0
757	3
758	3
759	1
760	3
761	0
762	3
763	3
764	0
765	1
766	0
767	2
768	3
769	3
770	3
771	3
772	3
773	3
774	3
775	3
776	0
777	2
778	0
779	3
780	1
781	3
782	3
783	3
784	0
785	3
786	3
787	3
788	2
789	0
790	3
791	0
792	3
793	3
794	2
795	3
796	1
797	2
798	1
799	1
800	0
801	0
802	0
803	0
804	1
805	0
806	3
807	3
808	3
809	0
810	3
811	0
812	3
813	2
814	0
815	0
816	0
817	3
818	0
819	0
820	2
821	1
822	3
823	1
824	2
825	3
826	3
827	3
828	1
829	2
830	3
831	0
832	3
833	0
834	0
835	2
836	0
837	2
838	3
839	3
840	3
841	3
842	0
843	0
844	3
845	2
846	0
847	3
848	2
849	2
850	3
851	3
852	3
853	0
854	3
855	0
856	0
857	3
858	3
859	3
860	3
861	3
862	3
863	1
864	0
865	3
866	3
867	0
868	0
869	0
870	3
871	3
872	3
873	0
874	1
875	3
876	3
877	2
878	3
879	2
880	3
881	3
882	2
883	1
884	3
885	3
886	0
887	2
888	3
889	1
890	1
891	3
892	3
893	0
894	3
895	2
896	3
897	3
898	3
899	3
900	0
901	1
902	3
903	0
904	3
905	0
906	3
907	3
908	3
909	2
910	3
911	0
912	0
913	2
914	0
915	3
916	3
917	1
918	3
919	3
920	3
921	0
922	3
923	0
924	3
925	0
926	3
927	0
928	3
929	3
930	3
931	2
932	0
933	2
934	0
935	0
936	0
937	1
938	3
939	1
940	3
941	3
942	3
943	3
944	1
945	0
946	3
947	3
948	3
949	3
950	0
951	2
952	0
953	0
954	0
955	3
956	3
957	0
958	3
959	0
960	0
961	0
962	2
963	3
964	0
965	1
966	0
967	0
968	3
969	2
970	3
971	1
972	0
973	1
974	0
975	0
976	1
977	0
978	0
979	0
980	2
981	3
982	3
983	0
984	3
985	3
986	0
987	3
988	3
989	0
990	0
991	0
992	3
993	3
994	1
995	1
996	1
997	3
998	2
999	0
1000	0
1001	0
1002	3
1003	0
1004	0
1005	0
1006	2
1007	0
1008	3
1009	1
1010	0
1011	0
1012	2
1013	2
1014	0
1015	0
1016	1
1017	0
1018	0
1019	3
1020	2
1021	0
1022	3
1023	3
1024	3
1025	0
1026	3
1027	0
1028	0
1029	0
1030	3
1031	2
1032	3
1033	0
1034	3
1035	0
1036	3
1037	0
1038	3
1039	0
1040	3
1041	0
1042	3
1043	0
1044	3
1045	3
1046	3
1047	0
1048	2
1049	3
1050	3
1051	0
1052	3
1053	3
1054	3
1055	0
1056	3
1057	0
1058	1
1059	0
1060	3
1061	0
1062	2
1063	0
1064	3
1065	0
1066	3
1067	2
1068	0
1069	0
1070	3
1071	0
1072	0
1073	2
1074	3
1075	3
1076	1
1077	0
1078	0
1079	0
1080	0
1081	0
1082	1
1083	3
1084	0
1085	2
1086	0
1087	0
1088	3
1089	0
1090	3
1091	1
1092	3
1093	1
1094	3
1095	1
1096	3
1097	0
1098	3
1099	0
1100	3
1101	0
1102	3
1103	3
1104	1
1105	2
1106	0
1107	3
1108	3
1109	0
1110	3
1111	3
1112	0
1113	0
1114	3
1115	0
1116	3
1117	0
1118	3
1119	0
1120	0
1121	0
1122	3
1123	0
1124	3
1125	0
1126	0
1127	0
1128	3
1129	0
1130	3
1131	0
1132	0
1133	3
1134	3
1135	0
1136	3
1137	0
1138	1
1139	1
1140	2
1141	0
1142	2
1143	0
1144	3
1145	1
1146	2
1147	3
1148	3
1149	3
1150	3
1151	3
1152	0
1153	0
1154	0
1155	3
1156	3
1157	0
1158	0
1159	3
1160	3
1161	3
1162	2
1163	3
1164	3
1165	3
1166	3
1167	3
1168	0
1169	2
1170	2
1171	2
1172	3
1173	1
1174	2
1175	3
1176	1
1177	3
1178	2
1179	3
1180	3
1181	3
1182	3
1183	3
1184	1
1185	1
1186	3
1187	1
1188	2
1189	1
1190	0
1191	3
1192	3
1193	0
1194	1
1195	0
1196	0
1197	0
1198	3
1199	1
1200	3
1201	0
1202	3
1203	0
1204	3
1205	0
1206	3
1207	3
1208	3
1209	0
1210	1
1211	1
1212	3
1213	0
1214	3
1215	0
1216	0
1217	2
1218	2
1219	3
1220	0
1221	1
1222	3
1223	3
1224	2
1225	0
1226	3
1227	0
1228	1
1229	3
1230	0
1231	3
1232	0
1233	3
1234	0
1235	0
1236	1
1237	0
1238	0
1239	3
1240	0
1241	3
1242	2
1243	1
1244	0
1245	2
1246	3
1247	0
1248	3
1249	2
1250	3
1251	0
1252	3
1253	0
1254	1
1255	0
1256	3
1257	1
1258	3
1259	0
1260	3
1261	1
1262	3
1263	0
1264	3
1265	1
1266	3
1267	3
1268	3
1269	0
1270	2
1271	0
1272	0
1273	0
1274	3
1275	0
1276	3
1277	0
1278	3
1279	0
1280	2
1281	0
1282	3
1283	1
1284	3
1285	0
1286	0
1287	0
1288	3
1289	0
1290	2
1291	0
1292	3
1293	2
1294	0
1295	0
1296	2
1297	2
1298	0
1299	3
1300	3
1301	3
1302	3
1303	1
1304	3
1305	1
1306	3
1307	0
1308	2
1309	0
1310	0
1311	2
1312	0
1313	0
1314	2
1315	0
1316	0
1317	0
1318	3
1319	3
1320	0
1321	0
1322	3
1323	1
1324	0
1325	0
1326	0
1327	3
1328	3
1329	1
1330	0
1331	3
1332	0
1333	3
1334	0
1335	3
1336	3
1337	3
1338	3
1339	3
1340	2
1341	2
1342	0
1343	0
1344	3
1345	3
1346	2
1347	2
1348	3
1349	3
1350	0
1351	3
1352	3
1353	0
1354	3
1355	0
1356	3
1357	3
1358	3
1359	0
1360	3
1361	2
1362	1
1363	1
1364	3
1365	0
1366	3
1367	3
1368	3
1369	0
1370	1
1371	0
1372	3
1373	3
1374	3
1375	3
1376	0
1377	0
1378	2
1379	3
1380	3
1381	1
1382	2
1383	2
1384	0
1385	0
1386	0
1387	3
1388	3
1389	3
1390	3
1391	2
1392	3
1393	1
1394	2
1395	0
1396	3
1397	3
1398	0
1399	0
1400	3
1401	0
1402	3
1403	2
1404	1
1405	1
1406	3
1407	3
1408	3
1409	0
1410	3
1411	3
1412	3
1413	0
1414	3
1415	0
1416	3
1417	2
1418	3
1419	1
1420	1
1421	3
1422	0
1423	3
1424	3
1425	0
1426	3
1427	3
1428	2
1429	3
1430	0
1431	3
1432	3
1433	0
1434	0
1435	0
1436	3
1437	3
1438	3
1439	0
1440	3
1441	3
1442	0
1443	3
1444	3
1445	3
1446	0
1447	3
1448	3
1449	0
1450	1
1451	0
1452	3
1453	0
1454	2
1455	0
1456	3
1457	1
1458	3
1459	0
1460	0
1461	3
1462	3
1463	3
1464	0
1465	0
1466	3
1467	1
1468	0
1469	2
1470	0
1471	0
1472	3
1473	3
1474	3
1475	0
1476	1
1477	3
1478	0
1479	1
1480	3
1481	2
1482	3
1483	0
1484	1
1485	1
1486	1
1487	0
1488	2
1489	0
1490	3
1491	3
1492	2
1493	0
1494	3
1495	2
1496	3
1497	3
1498	3
1499	3
1500	0
1501	3
1502	0
1503	3
1504	2
1505	0
1506	2
1507	3
1508	3
1509	2
1510	3
1511	3
1512	3
1513	3
1514	0
1515	2
1516	3
1517	3
1518	3
1519	2
1520	0
1521	0
1522	1
1523	0
1524	0
1525	3
1526	3
1527	2
1528	3
1529	0
1530	0
1531	3
1532	3
1533	3
1534	3
1535	3
1536	3
1537	0
1538	2
1539	0
1540	3
1541	0
1542	0
1543	0
1544	3
1545	0
1546	0
1547	0
1548	0
1549	0
1550	0
1551	3
1552	2
1553	2
1554	0
1555	3
1556	0
1557	3
1558	0
1559	1
1560	0
1561	3
1562	3
1563	3
1564	0
1565	1
1566	0
1567	3
1568	3
1569	0
1570	0
1571	2
1572	1
1573	0
1574	2
1575	0
1576	3
1577	0
1578	3
1579	0
1580	2
1581	0
1582	3
1583	0
1584	0
1585	0
1586	0
1587	0
1588	0
1589	0
1590	0
1591	3
1592	3
1593	3
1594	0
1595	0
1596	3
1597	2
1598	3
1599	0
1600	3
1601	0
1602	3
1603	3
1604	0
1605	1
1606	3
1607	3
1608	3
1609	3
1610	3
1611	0
1612	0
1613	3
1614	3
1615	2
1616	3
1617	0
1618	3
1619	0
1620	0
1621	0
1622	3
1623	0
1624	3
1625	0
1626	2
1627	0
1628	3
1629	0
1630	3
1631	0
1632	0
1633	3
1634	0
1635	0
1636	0
1637	2
1638	1
1639	0
1640	0
1641	2
1642	3
1643	0
1644	3
1645	0
1646	3
1647	3
1648	1
1649	0
1650	0
1651	0
1652	0
1653	0
1654	0
1655	3
1656	3
1657	1
1658	3
1659	0
1660	2
1661	0
1662	0
1663	0
1664	1
1665	3
1666	2
1667	1
1668	3
1669	0
1670	2
1671	3
1672	1
1673	3
1674	0
1675	3
1676	0
1677	3
1678	3
1679	3
1680	3
1681	0
1682	0
1683	3
1684	2
1685	3
1686	0
1687	0
1688	3
1689	2
1690	3
1691	3
1692	0
1693	3
1694	3
1695	3
1696	3
1697	1
1698	3
1699	3
1700	1
1701	3
1702	0
1703	3
1704	2
1705	0
1706	0
1707	0
1708	3
1709	3
1710	0
1711	0
1712	3
1713	1
1714	3
1715	2
1716	0
1717	0
1718	0
1719	3
1720	3
1721	3
1722	3
1723	1
1724	3
1725	1
1726	3
1727	0
1728	3
1729	3
1730	1
1731	0
1732	3
1733	1
1734	3
1735	1
1736	3
1737	3
1738	0
1739	3
1740	0
1741	1
1742	3
1743	1
1744	3
1745	2
1746	0
1747	0
1748	2
1749	0
1750	2
1751	3
1752	3
1753	0
1754	3
1755	0
1756	3
1757	2
1758	3
1759	3
1760	3
1761	0
1762	0
1763	0
1764	0
1765	1
1766	0
1767	1
1768	3
1769	0
1770	0
1771	1
1772	0
1773	0
1774	3
1775	0
1776	2
1777	3
1778	0
1779	3
1780	3
1781	3
1782	3
1783	0
1784	0
1785	0
1786	0
1787	0
1788	3
1789	3
1790	3
1791	3
1792	0
1793	0
1794	3
1795	0
1796	3
1797	0
1798	1
1799	0
1800	3
1801	3
1802	3
1803	0
1804	3
1805	3
1806	3
1807	0
1808	3
1809	3
1810	2
1811	0
1812	1
1813	0
1814	3
1815	0
1816	3
1817	2
1818	2
1819	3
1820	3
1821	0
1822	3
1823	0
1824	2
1825	0
1826	0
1827	3
1828	3
1829	0
1830	0
1831	0
1832	3
1833	0
1834	3
1835	3
1836	3
1837	0
1838	3
1839	0
1840	3
1841	0
1842	3
1843	0
1844	3
1845	2
1846	3
1847	1
1848	0
1849	0
1850	3
1851	3
1852	3
1853	0
1854	0
1855	0
1856	0
1857	0
1858	3
1859	0
1860	3
1861	0
1862	0
1863	2
1864	0
1865	3
1866	0
1867	1
1868	3
1869	0
1870	2
1871	0
1872	3
1873	3
1874	3
1875	0
1876	0
1877	2
1878	3
1879	2
1880	3
1881	3
1882	3
1883	2
1884	3
1885	3
1886	3
1887	0
1888	0
1889	0
1890	3
1891	0
1892	2
1893	3
1894	0
1895	3
1896	3
1897	0
1898	0
1899	2
1900	3
1901	3
1902	2
1903	0
1904	3
1905	1
1906	0
1907	0
1908	2
1909	1
1910	3
1911	0
1912	3
1913	3
1914	3
1915	2
1916	1
1917	3
1918	0
1919	3
1920	3
1921	0
1922	3
1923	3
1924	3
1925	0
1926	0
1927	0
1928	3
1929	0
1930	3
1931	3
1932	0
1933	0
1934	3
1935	2
1936	2
1937	3
1938	3
1939	3
1940	3
1941	0
1942	3
1943	3
1944	0
1945	0
1946	0
1947	0
1948	3
1949	2
1950	3
1951	2
1952	0
1953	1
1954	2
1955	2
1956	3
1957	0
1958	0
1959	1
1960	2
1961	0
1962	3
1963	3
1964	1
1965	0
1966	3
1967	0
1968	3
1969	0
1970	3
1971	0
1972	3
1973	0
1974	2
1975	0
1976	3
1977	3
1978	0
1979	0
1980	3
1981	0
1982	3
1983	0
1984	3
1985	3
1986	3
1987	3
1988	3
1989	3
1990	0
1991	3
1992	0
1993	3
1994	3
1995	1
1996	0
1997	0
1998	0
1999	2
2000	3
2001	2
2002	0
2003	0
2004	1
2005	3
2006	2
2007	1
2008	3
2009	0
2010	0
2011	0
2012	3
2013	3
2014	0
2015	3
2016	1
2017	3
2018	0
2019	0
2020	0
2021	0
2022	3
2023	3
2024	3
2025	3
2026	3
2027	0
2028	3
2029	0
2030	3
2031	0
2032	3
2033	3
2034	3
2035	0
2036	3
2037	0
2038	3
2039	3
2040	3
2041	3
2042	3
2043	2
2044	0
2045	2
2046	0
2047	0
