COMMAND
./sim gshare 13 13 ./proj2-traces/gcc_trace.txt
OUTPUT
number of predictions:2000000
number of mispredictions:257469
misprediction rate:   12.87%
FINAL GSHARE CONTENTS
0	3
1	3
2	2
3	3
4	1
5	0
6	3
7	3
8	3
9	0
10	3
11	1
12	0
13	3
14	3
15	0
16	0
17	2
18	0
19	0
20	3
21	0
22	1
23	2
24	3
25	0
26	3
27	3
28	3
29	1
30	3
31	3
32	3
33	0
34	2
35	2
36	0
37	3
38	0
39	0
40	0
41	3
42	3
43	3
44	0
45	1
46	1
47	0
48	0
49	2
50	0
51	0
52	0
53	1
54	1
55	3
56	3
57	0
58	3
59	3
60	0
61	0
62	3
63	1
64	3
65	3
66	0
67	0
68	3
69	3
70	0
71	0
72	2
73	3
74	1
75	3
76	3
77	2
78	3
79	3
80	0
81	1
82	0
83	1
84	0
85	0
86	0
87	3
88	0
89	0
90	1
91	3
92	0
93	0
94	0
95	0
96	3
97	3
98	3
99	0
100	1
101	3
102	3
103	1
104	0
105	3
106	3
107	0
108	2
109	2
110	1
111	0
112	3
113	3
114	2
115	2
116	0
117	0
118	3
119	0
120	3
121	1
122	0
123	0
124	1
125	0
126	3
127	3
128	0
129	0
130	3
131	3
132	3
133	0
134	0
135	2
136	3
137	1
138	3
139	0
140	1
141	3
142	1
143	3
144	0
145	2
146	1
147	3
148	3
149	3
150	2
151	3
152	0
153	3
154	3
155	0
156	0
157	3
158	3
159	0
160	3
161	3
162	3
163	0
164	0
165	3
166	3
167	0
168	1
169	0
170	3
171	0
172	1
173	0
174	2
175	3
176	0
177	3
178	3
179	2
180	0
181	2
182	2
183	1
184	0
185	0
186	0
187	0
188	3
189	1
190	3
191	1
192	0
193	1
194	0
195	0
196	0
197	3
198	0
199	3
200	3
201	0
202	3
203	3
204	3
205	0
206	3
207	3
208	0
209	3
210	0
211	0
212	0
213	2
214	0
215	0
216	0
217	0
218	0
219	0
220	0
221	0
222	0
223	0
224	0
225	0
226	2
227	2
228	3
229	0
230	0
231	1
232	3
233	3
234	3
235	3
236	1
237	3
238	0
239	0
240	0
241	0
242	0
243	0
244	1
245	3
246	1
247	0
248	3
249	2
250	0
251	0
252	3
253	0
254	3
255	1
256	3
257	2
258	0
259	0
260	0
261	3
262	0
263	3
264	3
265	3
266	0
267	3
268	0
269	3
270	0
271	0
272	3
273	3
274	3
275	2
276	3
277	0
278	3
279	3
280	3
281	0
282	0
283	0
284	3
285	3
286	2
287	2
288	0
289	1
290	0
291	0
292	0
293	0
294	0
295	0
296	0
297	0
298	3
299	0
300	0
301	3
302	0
303	3
304	3
305	2
306	0
307	3
308	1
309	3
310	3
311	1
312	1
313	1
314	0
315	0
316	1
317	3
318	3
319	0
320	3
321	0
322	3
323	0
324	0
325	3
326	0
327	0
328	0
329	0
330	0
331	0
332	2
333	2
334	0
335	3
336	3
337	3
338	0
339	2
340	3
341	3
342	3
343	3
344	0
345	3
346	0
347	2
348	1
349	2
350	0
351	0
352	0
353	3
354	2
355	3
356	3
357	0
358	0
359	2
360	0
361	2
362	3
363	3
364	3
365	1
366	0
367	0
368	3
369	3
370	3
371	3
372	3
373	0
374	0
375	3
376	0
377	0
378	0
379	0
380	3
381	1
382	3
383	0
384	3
385	1
386	1
387	3
388	0
389	0
390	3
391	1
392	3
393	1
394	0
395	3
396	0
397	0
398	0
399	3
400	0
401	2
402	0
403	0
404	3
405	1
406	1
407	3
408	0
409	0
410	0
411	0
412	3
413	3
414	3
415	0
416	1
417	3
418	0
419	0
420	0
421	3
422	0
423	0
424	3
425	0
426	3
427	3
428	0
429	3
430	3
431	3
432	3
433	0
434	0
435	2
436	1
437	0
438	0
439	0
440	1
441	0
442	3
443	1
444	1
445	0
446	3
447	3
448	3
449	0
450	3
451	1
452	2
453	2
454	0
455	2
456	2
457	2
458	3
459	3
460	3
461	1
462	3
463	3
464	2
465	1
466	3
467	1
468	3
469	0
470	3
471	0
472	0
473	0
474	2
475	3
476	0
477	2
478	3
479	3
480	3
481	3
482	3
483	3
484	2
485	0
486	3
487	0
488	1
489	0
490	3
491	3
492	2
493	2
494	2
495	2
496	3
497	3
498	0
499	0
500	0
501	3
502	0
503	0
504	0
505	3
506	0
507	3
508	0
509	0
510	3
511	0
512	2
513	1
514	2
515	3
516	1
517	3
518	2
519	3
520	1
521	3
522	0
523	1
524	0
525	0
526	1
527	3
528	0
529	1
530	1
531	0
532	0
533	3
534	0
535	3
536	0
537	0
538	0
539	3
540	1
541	1
542	0
543	0
544	3
545	0
546	1
547	0
548	0
549	0
550	1
551	3
552	3
553	0
554	1
555	0
556	3
557	3
558	3
559	1
560	0
561	3
562	0
563	0
564	0
565	1
566	0
567	3
568	1
569	2
570	0
571	3
572	3
573	3
574	0
575	3
576	1
577	3
578	3
579	1
580	0
581	3
582	0
583	2
584	2
585	3
586	3
587	0
588	0
589	1
590	0
591	0
592	0
593	0
594	0
595	3
596	0
597	0
598	3
599	0
600	0
601	3
602	3
603	0
604	2
605	0
606	0
607	0
608	3
609	0
610	2
611	3
612	3
613	0
614	3
615	2
616	3
617	3
618	3
619	0
620	3
621	1
622	0
623	2
624	0
625	0
626	0
627	3
628	3
629	1
630	0
631	0
632	0
633	3
634	0
635	3
636	2
637	3
638	3
639	3
640	0
641	0
642	3
643	0
644	2
645	3
646	0
647	3
648	3
649	3
650	3
651	3
652	2
653	0
654	3
655	2
656	1
657	0
658	0
659	3
660	0
661	0
662	3
663	2
664	3
665	3
666	0
667	0
668	1
669	3
670	3
671	0
672	2
673	3
674	3
675	0
676	0
677	3
678	3
679	3
680	3
681	3
682	3
683	0
684	0
685	3
686	0
687	3
688	2
689	3
690	1
691	3
692	1
693	3
694	3
695	0
696	3
697	0
698	0
699	0
700	3
701	0
702	0
703	3
704	3
705	2
706	2
707	3
708	3
709	0
710	0
711	3
712	1
713	0
714	3
715	3
716	1
717	3
718	0
719	3
720	0
721	0
722	3
723	0
724	3
725	2
726	0
727	3
728	1
729	1
730	0
731	3
732	2
733	0
734	0
735	3
736	3
737	3
738	1
739	0
740	3
741	3
742	1
743	3
744	1
745	0
746	1
747	0
748	0
749	3
750	2
751	3
752	3
753	3
754	3
755	0
756	3
757	3
758	0
759	3
760	0
761	0
762	3
763	3
764	0
765	2
766	0
767	0
768	3
769	1
770	0
771	3
772	3
773	3
774	0
775	0
776	0
777	3
778	3
779	3
780	3
781	3
782	3
783	2
784	0
785	0
786	3
787	1
788	0
789	0
790	1
791	3
792	3
793	3
794	3
795	3
796	0
797	0
798	3
799	0
800	0
801	0
802	1
803	0
804	0
805	0
806	0
807	0
808	0
809	3
810	0
811	0
812	3
813	0
814	0
815	0
816	0
817	0
818	0
819	0
820	3
821	3
822	3
823	0
824	3
825	2
826	3
827	0
828	0
829	3
830	2
831	0
832	0
833	0
834	1
835	1
836	2
837	3
838	0
839	0
840	2
841	1
842	3
843	0
844	3
845	0
846	2
847	0
848	0
849	0
850	3
851	0
852	3
853	3
854	1
855	0
856	0
857	2
858	0
859	0
860	0
861	0
862	3
863	0
864	0
865	0
866	2
867	0
868	2
869	0
870	3
871	3
872	2
873	0
874	0
875	0
876	3
877	0
878	1
879	0
880	0
881	3
882	3
883	0
884	3
885	3
886	1
887	3
888	0
889	3
890	1
891	1
892	0
893	3
894	1
895	3
896	1
897	3
898	3
899	3
900	3
901	1
902	3
903	0
904	3
905	3
906	0
907	3
908	3
909	0
910	3
911	0
912	1
913	1
914	0
915	1
916	0
917	1
918	0
919	0
920	0
921	3
922	2
923	0
924	3
925	2
926	3
927	3
928	0
929	3
930	0
931	3
932	3
933	2
934	0
935	3
936	2
937	3
938	0
939	0
940	3
941	0
942	0
943	3
944	3
945	3
946	0
947	0
948	3
949	3
950	2
951	0
952	3
953	3
954	0
955	0
956	3
957	0
958	0
959	3
960	0
961	3
962	3
963	3
964	3
965	3
966	0
967	3
968	3
969	3
970	3
971	0
972	3
973	2
974	1
975	0
976	2
977	1
978	0
979	1
980	0
981	0
982	2
983	3
984	0
985	3
986	3
987	1
988	0
989	2
990	3
991	3
992	3
993	3
994	3
995	3
996	0
997	0
998	1
999	3
1000	1
1001	3
1002	3
1003	0
1004	1
1005	1
1006	0
1007	1
1008	3
1009	0
1010	3
1011	3
1012	0
1013	2
1014	3
1015	0
1016	3
1017	0
1018	0
1019	0
1020	3
1021	1
1022	3
1023	3
1024	0
1025	2
1026	3
1027	0
1028	0
1029	3
1030	0
1031	0
1032	3
1033	3
1034	0
1035	0
1036	3
1037	1
1038	3
1039	3
1040	0
1041	3
1042	0
1043	0
1044	0
1045	0
1046	0
1047	0
1048	0
1049	0
1050	0
1051	2
1052	0
1053	1
1054	3
1055	2
1056	3
1057	0
1058	0
1059	0
1060	0
1061	0
1062	3
1063	0
1064	3
1065	0
1066	0
1067	0
1068	0
1069	1
1070	0
1071	0
1072	1
1073	0
1074	0
1075	3
1076	2
1077	0
1078	0
1079	0
1080	0
1081	0
1082	0
1083	1
1084	3
1085	1
1086	3
1087	0
1088	3
1089	3
1090	3
1091	0
1092	0
1093	3
1094	0
1095	0
1096	3
1097	3
1098	3
1099	0
1100	3
1101	3
1102	3
1103	3
1104	3
1105	0
1106	3
1107	3
1108	3
1109	0
1110	0
1111	2
1112	0
1113	3
1114	0
1115	0
1116	0
1117	3
1118	3
1119	0
1120	3
1121	0
1122	1
1123	0
1124	3
1125	2
1126	3
1127	3
1128	0
1129	0
1130	3
1131	2
1132	0
1133	0
1134	1
1135	0
1136	0
1137	0
1138	0
1139	0
1140	0
1141	2
1142	3
1143	2
1144	2
1145	3
1146	0
1147	0
1148	0
1149	1
1150	0
1151	0
1152	1
1153	0
1154	3
1155	3
1156	0
1157	0
1158	0
1159	0
1160	0
1161	2
1162	3
1163	0
1164	3
1165	2
1166	0
1167	1
1168	1
1169	1
1170	0
1171	3
1172	3
1173	3
1174	0
1175	2
1176	1
1177	0
1178	3
1179	0
1180	0
1181	0
1182	0
1183	3
1184	1
1185	2
1186	1
1187	0
1188	3
1189	0
1190	3
1191	0
1192	3
1193	2
1194	0
1195	3
1196	2
1197	0
1198	2
1199	3
1200	0
1201	3
1202	0
1203	1
1204	3
1205	3
1206	0
1207	3
1208	0
1209	0
1210	3
1211	0
1212	3
1213	3
1214	1
1215	2
1216	0
1217	2
1218	0
1219	0
1220	3
1221	2
1222	3
1223	1
1224	0
1225	0
1226	0
1227	0
1228	0
1229	0
1230	3
1231	3
1232	0
1233	0
1234	3
1235	3
1236	1
1237	0
1238	1
1239	3
1240	3
1241	0
1242	0
1243	3
1244	0
1245	0
1246	3
1247	0
1248	2
1249	3
1250	0
1251	3
1252	0
1253	0
1254	3
1255	3
1256	3
1257	0
1258	3
1259	3
1260	3
1261	0
1262	0
1263	0
1264	3
1265	1
1266	0
1267	3
1268	3
1269	0
1270	0
1271	0
1272	0
1273	3
1274	2
1275	0
1276	0
1277	0
1278	0
1279	1
1280	2
1281	1
1282	0
1283	1
1284	0
1285	3
1286	0
1287	0
1288	3
1289	1
1290	3
1291	1
1292	0
1293	0
1294	0
1295	3
1296	0
1297	0
1298	0
1299	0
1300	1
1301	0
1302	3
1303	0
1304	0
1305	1
1306	0
1307	0
1308	0
1309	0
1310	3
1311	0
1312	0
1313	0
1314	0
1315	0
1316	1
1317	0
1318	0
1319	0
1320	3
1321	3
1322	3
1323	0
1324	0
1325	0
1326	0
1327	0
1328	3
1329	3
1330	3
1331	3
1332	0
1333	3
1334	3
1335	1
1336	0
1337	3
1338	0
1339	0
1340	0
1341	2
1342	0
1343	0
1344	3
1345	0
1346	0
1347	3
1348	0
1349	3
1350	0
1351	1
1352	0
1353	0
1354	0
1355	3
1356	2
1357	3
1358	0
1359	3
1360	0
1361	0
1362	0
1363	3
1364	3
1365	2
1366	3
1367	0
1368	0
1369	2
1370	0
1371	0
1372	3
1373	0
1374	0
1375	0
1376	0
1377	3
1378	0
1379	3
1380	3
1381	0
1382	1
1383	0
1384	0
1385	3
1386	0
1387	0
1388	0
1389	0
1390	3
1391	1
1392	0
1393	3
1394	0
1395	3
1396	0
1397	0
1398	1
1399	1
1400	0
1401	0
1402	0
1403	0
1404	0
1405	0
1406	0
1407	0
1408	3
1409	3
1410	3
1411	0
1412	1
1413	1
1414	0
1415	0
1416	2
1417	0
1418	3
1419	2
1420	0
1421	0
1422	0
1423	0
1424	3
1425	3
1426	3
1427	1
1428	0
1429	0
1430	2
1431	0
1432	1
1433	1
1434	0
1435	3
1436	3
1437	3
1438	3
1439	2
1440	0
1441	1
1442	2
1443	0
1444	2
1445	0
1446	3
1447	3
1448	3
1449	0
1450	3
1451	3
1452	0
1453	3
1454	1
1455	0
1456	0
1457	3
1458	0
1459	1
1460	0
1461	3
1462	0
1463	3
1464	2
1465	3
1466	1
1467	0
1468	2
1469	3
1470	3
1471	1
1472	0
1473	0
1474	0
1475	3
1476	2
1477	0
1478	2
1479	3
1480	3
1481	2
1482	0
1483	3
1484	0
1485	2
1486	3
1487	1
1488	0
1489	0
1490	0
1491	2
1492	2
1493	0
1494	0
1495	3
1496	0
1497	0
1498	0
1499	0
1500	0
1501	0
1502	0
1503	0
1504	1
1505	0
1506	0
1507	1
1508	3
1509	3
1510	3
1511	3
1512	0
1513	0
1514	3
1515	3
1516	3
1517	3
1518	3
1519	0
1520	3
1521	0
1522	3
1523	0
1524	3
1525	3
1526	3
1527	2
1528	0
1529	3
1530	3
1531	3
1532	0
1533	3
1534	2
1535	2
1536	0
1537	0
1538	1
1539	0
1540	0
1541	0
1542	3
1543	0
1544	3
1545	0
1546	2
1547	3
1548	0
1549	0
1550	0
1551	1
1552	2
1553	3
1554	0
1555	3
1556	3
1557	0
1558	2
1559	2
1560	0
1561	3
1562	0
1563	1
1564	3
1565	0
1566	2
1567	3
1568	2
1569	0
1570	3
1571	3
1572	0
1573	3
1574	0
1575	0
1576	2
1577	3
1578	0
1579	0
1580	1
1581	0
1582	3
1583	3
1584	3
1585	2
1586	2
1587	0
1588	1
1589	3
1590	0
1591	3
1592	0
1593	0
1594	0
1595	0
1596	3
1597	3
1598	0
1599	0
1600	0
1601	0
1602	0
1603	1
1604	0
1605	3
1606	1
1607	3
1608	3
1609	3
1610	3
1611	3
1612	0
1613	0
1614	3
1615	3
1616	3
1617	3
1618	2
1619	3
1620	0
1621	0
1622	1
1623	0
1624	3
1625	0
1626	2
1627	3
1628	1
1629	1
1630	0
1631	3
1632	0
1633	0
1634	0
1635	0
1636	0
1637	0
1638	3
1639	2
1640	1
1641	0
1642	2
1643	3
1644	0
1645	3
1646	0
1647	3
1648	3
1649	2
1650	2
1651	0
1652	0
1653	0
1654	1
1655	1
1656	3
1657	0
1658	0
1659	3
1660	0
1661	0
1662	3
1663	1
1664	3
1665	2
1666	0
1667	0
1668	3
1669	3
1670	0
1671	3
1672	1
1673	0
1674	3
1675	0
1676	0
1677	0
1678	1
1679	3
1680	3
1681	0
1682	0
1683	3
1684	0
1685	0
1686	3
1687	0
1688	2
1689	3
1690	2
1691	1
1692	1
1693	0
1694	3
1695	3
1696	3
1697	3
1698	3
1699	3
1700	3
1701	0
1702	3
1703	1
1704	2
1705	3
1706	0
1707	3
1708	1
1709	0
1710	1
1711	0
1712	3
1713	3
1714	0
1715	0
1716	0
1717	0
1718	2
1719	3
1720	2
1721	0
1722	3
1723	0
1724	0
1725	0
1726	0
1727	0
1728	3
1729	0
1730	3
1731	0
1732	0
1733	3
1734	3
1735	3
1736	3
1737	3
1738	3
1739	3
1740	2
1741	0
1742	3
1743	0
1744	3
1745	3
1746	1
1747	3
1748	3
1749	3
1750	3
1751	3
1752	3
1753	2
1754	0
1755	3
1756	0
1757	0
1758	3
1759	3
1760	2
1761	3
1762	1
1763	0
1764	3
1765	1
1766	3
1767	3
1768	3
1769	3
1770	3
1771	3
1772	3
1773	0
1774	1
1775	0
1776	3
1777	3
1778	0
1779	3
1780	3
1781	0
1782	3
1783	3
1784	1
1785	3
1786	3
1787	0
1788	1
1789	2
1790	3
1791	3
1792	0
1793	0
1794	0
1795	0
1796	3
1797	3
1798	0
1799	0
1800	3
1801	3
1802	2
1803	0
1804	2
1805	0
1806	2
1807	0
1808	0
1809	0
1810	0
1811	1
1812	3
1813	0
1814	0
1815	0
1816	3
1817	3
1818	0
1819	3
1820	1
1821	0
1822	0
1823	0
1824	0
1825	2
1826	0
1827	3
1828	3
1829	0
1830	0
1831	0
1832	0
1833	3
1834	0
1835	0
1836	0
1837	2
1838	3
1839	0
1840	3
1841	0
1842	3
1843	1
1844	3
1845	0
1846	0
1847	1
1848	3
1849	0
1850	3
1851	1
1852	3
1853	3
1854	3
1855	1
1856	3
1857	3
1858	0
1859	3
1860	0
1861	0
1862	0
1863	1
1864	0
1865	2
1866	0
1867	1
1868	0
1869	0
1870	1
1871	3
1872	3
1873	3
1874	0
1875	0
1876	3
1877	1
1878	2
1879	0
1880	3
1881	0
1882	0
1883	0
1884	2
1885	0
1886	3
1887	3
1888	0
1889	3
1890	3
1891	0
1892	0
1893	0
1894	0
1895	3
1896	0
1897	3
1898	3
1899	1
1900	0
1901	1
1902	3
1903	0
1904	1
1905	0
1906	3
1907	0
1908	3
1909	2
1910	2
1911	0
1912	0
1913	3
1914	1
1915	0
1916	1
1917	0
1918	3
1919	0
1920	0
1921	0
1922	1
1923	0
1924	3
1925	0
1926	0
1927	3
1928	3
1929	3
1930	0
1931	0
1932	2
1933	0
1934	2
1935	3
1936	3
1937	2
1938	0
1939	3
1940	3
1941	3
1942	0
1943	0
1944	0
1945	0
1946	2
1947	0
1948	2
1949	0
1950	3
1951	0
1952	2
1953	2
1954	3
1955	2
1956	0
1957	0
1958	2
1959	3
1960	2
1961	3
1962	3
1963	1
1964	3
1965	0
1966	3
1967	1
1968	0
1969	2
1970	3
1971	1
1972	3
1973	3
1974	3
1975	3
1976	3
1977	2
1978	2
1979	0
1980	3
1981	0
1982	3
1983	3
1984	3
1985	0
1986	2
1987	3
1988	3
1989	0
1990	1
1991	3
1992	3
1993	0
1994	0
1995	1
1996	3
1997	3
1998	3
1999	0
2000	3
2001	0
2002	2
2003	0
2004	2
2005	2
2006	3
2007	1
2008	2
2009	0
2010	0
2011	3
2012	3
2013	0
2014	3
2015	0
2016	2
2017	3
2018	3
2019	1
2020	3
2021	3
2022	3
2023	0
2024	2
2025	2
2026	0
2027	1
2028	3
2029	3
2030	0
2031	3
2032	3
2033	3
2034	3
2035	1
2036	0
2037	3
2038	3
2039	3
2040	3
2041	1
2042	0
2043	2
2044	3
2045	1
2046	2
2047	3
2048	3
2049	0
2050	1
2051	3
2052	1
2053	3
2054	0
2055	0
2056	2
2057	0
2058	3
2059	0
2060	0
2061	0
2062	2
2063	3
2064	3
2065	1
2066	0
2067	3
2068	3
2069	0
2070	3
2071	0
2072	3
2073	0
2074	3
2075	1
2076	0
2077	2
2078	2
2079	0
2080	2
2081	1
2082	0
2083	3
2084	0
2085	3
2086	0
2087	1
2088	3
2089	0
2090	1
2091	0
2092	3
2093	3
2094	1
2095	0
2096	3
2097	0
2098	0
2099	3
2100	3
2101	1
2102	3
2103	0
2104	3
2105	3
2106	3
2107	3
2108	0
2109	0
2110	1
2111	3
2112	3
2113	3
2114	3
2115	3
2116	0
2117	0
2118	3
2119	0
2120	0
2121	1
2122	0
2123	0
2124	1
2125	3
2126	2
2127	3
2128	3
2129	3
2130	3
2131	3
2132	0
2133	3
2134	2
2135	1
2136	3
2137	1
2138	2
2139	0
2140	0
2141	2
2142	3
2143	0
2144	2
2145	0
2146	0
2147	2
2148	0
2149	0
2150	1
2151	0
2152	3
2153	2
2154	1
2155	1
2156	0
2157	3
2158	0
2159	3
2160	3
2161	2
2162	3
2163	0
2164	0
2165	3
2166	0
2167	3
2168	0
2169	0
2170	3
2171	3
2172	1
2173	0
2174	0
2175	0
2176	3
2177	0
2178	3
2179	3
2180	0
2181	2
2182	1
2183	3
2184	0
2185	0
2186	3
2187	3
2188	0
2189	0
2190	0
2191	0
2192	3
2193	3
2194	3
2195	3
2196	3
2197	3
2198	2
2199	1
2200	1
2201	0
2202	3
2203	2
2204	2
2205	0
2206	1
2207	2
2208	3
2209	0
2210	3
2211	0
2212	1
2213	1
2214	0
2215	3
2216	3
2217	1
2218	3
2219	3
2220	1
2221	0
2222	0
2223	0
2224	1
2225	1
2226	0
2227	0
2228	0
2229	0
2230	1
2231	3
2232	3
2233	3
2234	3
2235	3
2236	1
2237	2
2238	3
2239	3
2240	0
2241	0
2242	0
2243	3
2244	0
2245	3
2246	1
2247	0
2248	1
2249	0
2250	0
2251	2
2252	0
2253	0
2254	3
2255	0
2256	2
2257	0
2258	1
2259	0
2260	3
2261	3
2262	0
2263	0
2264	0
2265	3
2266	3
2267	3
2268	0
2269	0
2270	3
2271	0
2272	3
2273	3
2274	0
2275	3
2276	0
2277	3
2278	3
2279	0
2280	3
2281	3
2282	0
2283	1
2284	0
2285	0
2286	3
2287	0
2288	3
2289	3
2290	2
2291	0
2292	0
2293	0
2294	3
2295	3
2296	2
2297	0
2298	0
2299	3
2300	0
2301	0
2302	1
2303	2
2304	0
2305	0
2306	3
2307	3
2308	3
2309	3
2310	3
2311	2
2312	2
2313	3
2314	3
2315	3
2316	0
2317	3
2318	0
2319	0
2320	0
2321	1
2322	3
2323	0
2324	0
2325	3
2326	3
2327	3
2328	0
2329	0
2330	3
2331	3
2332	0
2333	3
2334	0
2335	3
2336	0
2337	0
2338	0
2339	0
2340	3
2341	0
2342	1
2343	0
2344	0
2345	0
2346	0
2347	0
2348	2
2349	3
2350	0
2351	2
2352	3
2353	3
2354	0
2355	0
2356	3
2357	0
2358	0
2359	2
2360	3
2361	0
2362	3
2363	1
2364	1
2365	0
2366	3
2367	3
2368	0
2369	2
2370	3
2371	3
2372	0
2373	0
2374	0
2375	3
2376	0
2377	1
2378	3
2379	3
2380	2
2381	0
2382	3
2383	2
2384	0
2385	3
2386	3
2387	1
2388	0
2389	0
2390	3
2391	3
2392	0
2393	0
2394	3
2395	0
2396	0
2397	0
2398	0
2399	1
2400	0
2401	0
2402	0
2403	0
2404	0
2405	0
2406	0
2407	3
2408	3
2409	0
2410	0
2411	2
2412	2
2413	3
2414	3
2415	3
2416	0
2417	0
2418	0
2419	3
2420	3
2421	3
2422	0
2423	0
2424	2
2425	3
2426	3
2427	3
2428	3
2429	2
2430	3
2431	3
2432	3
2433	0
2434	0
2435	1
2436	1
2437	3
2438	0
2439	0
2440	3
2441	3
2442	0
2443	2
2444	1
2445	3
2446	0
2447	2
2448	3
2449	3
2450	3
2451	0
2452	0
2453	0
2454	3
2455	0
2456	2
2457	2
2458	3
2459	3
2460	3
2461	0
2462	0
2463	3
2464	3
2465	1
2466	1
2467	0
2468	3
2469	3
2470	0
2471	3
2472	3
2473	3
2474	2
2475	3
2476	3
2477	1
2478	3
2479	2
2480	3
2481	0
2482	1
2483	3
2484	0
2485	0
2486	3
2487	0
2488	3
2489	0
2490	3
2491	3
2492	3
2493	3
2494	0
2495	3
2496	3
2497	3
2498	3
2499	3
2500	0
2501	0
2502	3
2503	0
2504	0
2505	0
2506	0
2507	0
2508	1
2509	0
2510	1
2511	3
2512	3
2513	0
2514	3
2515	0
2516	1
2517	0
2518	0
2519	0
2520	3
2521	2
2522	3
2523	2
2524	0
2525	3
2526	0
2527	0
2528	3
2529	2
2530	0
2531	0
2532	3
2533	0
2534	0
2535	1
2536	2
2537	3
2538	2
2539	0
2540	3
2541	0
2542	0
2543	0
2544	0
2545	3
2546	3
2547	3
2548	0
2549	0
2550	0
2551	1
2552	0
2553	0
2554	3
2555	2
2556	2
2557	0
2558	3
2559	3
2560	3
2561	0
2562	3
2563	0
2564	0
2565	3
2566	0
2567	1
2568	0
2569	3
2570	1
2571	0
2572	3
2573	0
2574	3
2575	1
2576	2
2577	3
2578	3
2579	3
2580	1
2581	0
2582	3
2583	0
2584	2
2585	3
2586	1
2587	3
2588	2
2589	2
2590	2
2591	1
2592	0
2593	0
2594	1
2595	3
2596	0
2597	3
2598	0
2599	3
2600	3
2601	3
2602	3
2603	1
2604	1
2605	0
2606	0
2607	0
2608	3
2609	3
2610	3
2611	3
2612	3
2613	3
2614	3
2615	0
2616	2
2617	3
2618	2
2619	0
2620	0
2621	0
2622	3
2623	0
2624	0
2625	0
2626	3
2627	0
2628	1
2629	3
2630	3
2631	3
2632	3
2633	3
2634	3
2635	3
2636	3
2637	3
2638	3
2639	3
2640	0
2641	3
2642	0
2643	3
2644	1
2645	3
2646	0
2647	3
2648	0
2649	3
2650	3
2651	2
2652	3
2653	0
2654	2
2655	3
2656	0
2657	1
2658	3
2659	3
2660	3
2661	3
2662	2
2663	3
2664	0
2665	0
2666	3
2667	0
2668	0
2669	0
2670	0
2671	3
2672	0
2673	0
2674	3
2675	1
2676	3
2677	2
2678	0
2679	1
2680	1
2681	0
2682	1
2683	3
2684	0
2685	3
2686	0
2687	0
2688	3
2689	0
2690	2
2691	1
2692	0
2693	1
2694	0
2695	0
2696	1
2697	3
2698	0
2699	3
2700	3
2701	0
2702	3
2703	3
2704	1
2705	0
2706	3
2707	2
2708	0
2709	0
2710	3
2711	0
2712	0
2713	2
2714	1
2715	0
2716	0
2717	0
2718	1
2719	0
2720	3
2721	3
2722	0
2723	0
2724	0
2725	3
2726	0
2727	1
2728	0
2729	0
2730	3
2731	3
2732	0
2733	3
2734	1
2735	2
2736	0
2737	0
2738	3
2739	2
2740	1
2741	1
2742	3
2743	0
2744	0
2745	3
2746	3
2747	3
2748	1
2749	1
2750	3
2751	3
2752	3
2753	0
2754	3
2755	3
2756	0
2757	3
2758	3
2759	3
2760	3
2761	3
2762	3
2763	3
2764	3
2765	1
2766	3
2767	0
2768	0
2769	0
2770	0
2771	3
2772	3
2773	0
2774	3
2775	3
2776	0
2777	3
2778	3
2779	2
2780	0
2781	3
2782	1
2783	3
2784	3
2785	3
2786	2
2787	1
2788	3
2789	3
2790	3
2791	0
2792	0
2793	3
2794	0
2795	3
2796	3
2797	2
2798	3
2799	3
2800	1
2801	3
2802	3
2803	3
2804	0
2805	1
2806	3
2807	1
2808	0
2809	3
2810	3
2811	3
2812	0
2813	3
2814	0
2815	3
2816	0
2817	2
2818	2
2819	3
2820	0
2821	0
2822	0
2823	1
2824	0
2825	0
2826	0
2827	0
2828	0
2829	0
2830	3
2831	0
2832	0
2833	3
2834	0
2835	0
2836	0
2837	0
2838	0
2839	3
2840	0
2841	3
2842	2
2843	3
2844	0
2845	2
2846	0
2847	0
2848	2
2849	1
2850	3
2851	0
2852	0
2853	0
2854	0
2855	3
2856	0
2857	2
2858	0
2859	0
2860	3
2861	1
2862	1
2863	1
2864	2
2865	2
2866	0
2867	1
2868	3
2869	3
2870	0
2871	0
2872	0
2873	3
2874	3
2875	1
2876	3
2877	3
2878	2
2879	3
2880	0
2881	3
2882	0
2883	0
2884	3
2885	0
2886	3
2887	0
2888	0
2889	3
2890	2
2891	0
2892	3
2893	3
2894	0
2895	0
2896	3
2897	3
2898	1
2899	3
2900	0
2901	3
2902	0
2903	0
2904	0
2905	1
2906	3
2907	3
2908	3
2909	3
2910	3
2911	0
2912	3
2913	3
2914	0
2915	3
2916	3
2917	3
2918	0
2919	3
2920	3
2921	3
2922	2
2923	2
2924	3
2925	0
2926	3
2927	0
2928	0
2929	3
2930	3
2931	3
2932	0
2933	0
2934	0
2935	1
2936	0
2937	2
2938	2
2939	2
2940	0
2941	0
2942	3
2943	0
2944	3
2945	3
2946	3
2947	3
2948	0
2949	0
2950	3
2951	3
2952	0
2953	3
2954	3
2955	3
2956	3
2957	0
2958	0
2959	0
2960	0
2961	0
2962	3
2963	0
2964	3
2965	0
2966	0
2967	0
2968	3
2969	3
2970	0
2971	2
2972	0
2973	0
2974	0
2975	0
2976	3
2977	3
2978	0
2979	3
2980	3
2981	0
2982	0
2983	3
2984	3
2985	0
2986	3
2987	3
2988	2
2989	0
2990	0
2991	3
2992	3
2993	3
2994	3
2995	3
2996	0
2997	2
2998	0
2999	0
3000	3
3001	1
3002	0
3003	0
3004	0
3005	3
3006	2
3007	3
3008	3
3009	3
3010	0
3011	0
3012	3
3013	1
3014	0
3015	0
3016	0
3017	3
3018	0
3019	3
3020	3
3021	0
3022	0
3023	0
3024	3
3025	0
3026	0
3027	3
3028	0
3029	0
3030	3
3031	2
3032	3
3033	3
3034	0
3035	3
3036	0
3037	3
3038	3
3039	0
3040	2
3041	0
3042	1
3043	3
3044	0
3045	3
3046	0
3047	3
3048	0
3049	3
3050	0
3051	3
3052	2
3053	0
3054	3
3055	1
3056	3
3057	1
3058	3
3059	3
3060	0
3061	0
3062	0
3063	1
3064	0
3065	1
3066	0
3067	3
3068	1
3069	2
3070	0
3071	1
3072	3
3073	0
3074	2
3075	0
3076	0
3077	0
3078	0
3079	2
3080	0
3081	0
3082	0
3083	0
3084	0
3085	3
3086	0
3087	3
3088	3
3089	1
3090	3
3091	3
3092	3
3093	0
3094	3
3095	3
3096	0
3097	0
3098	0
3099	0
3100	3
3101	3
3102	0
3103	3
3104	3
3105	3
3106	2
3107	1
3108	0
3109	2
3110	0
3111	0
3112	3
3113	3
3114	2
3115	1
3116	0
3117	2
3118	0
3119	3
3120	0
3121	3
3122	0
3123	3
3124	3
3125	3
3126	0
3127	0
3128	0
3129	0
3130	0
3131	1
3132	0
3133	0
3134	3
3135	0
3136	2
3137	3
3138	1
3139	3
3140	0
3141	3
3142	0
3143	0
3144	0
3145	0
3146	3
3147	0
3148	3
3149	0
3150	3
3151	0
3152	0
3153	0
3154	3
3155	0
3156	0
3157	1
3158	0
3159	0
3160	3
3161	3
3162	0
3163	3
3164	0
3165	0
3166	0
3167	0
3168	2
3169	0
3170	2
3171	0
3172	2
3173	3
3174	3
3175	2
3176	3
3177	2
3178	3
3179	0
3180	2
3181	1
3182	0
3183	3
3184	2
3185	3
3186	3
3187	1
3188	0
3189	3
3190	0
3191	0
3192	3
3193	2
3194	3
3195	3
3196	1
3197	1
3198	0
3199	3
3200	0
3201	0
3202	1
3203	3
3204	1
3205	3
3206	1
3207	3
3208	0
3209	3
3210	3
3211	0
3212	1
3213	3
3214	0
3215	0
3216	3
3217	3
3218	0
3219	0
3220	0
3221	3
3222	1
3223	1
3224	0
3225	0
3226	1
3227	3
3228	0
3229	0
3230	2
3231	0
3232	0
3233	0
3234	0
3235	2
3236	2
3237	0
3238	3
3239	3
3240	3
3241	0
3242	3
3243	3
3244	0
3245	0
3246	3
3247	3
3248	3
3249	3
3250	3
3251	2
3252	0
3253	3
3254	3
3255	3
3256	0
3257	0
3258	3
3259	3
3260	0
3261	3
3262	3
3263	0
3264	0
3265	2
3266	0
3267	3
3268	0
3269	3
3270	0
3271	0
3272	0
3273	2
3274	3
3275	2
3276	2
3277	0
3278	3
3279	0
3280	0
3281	3
3282	0
3283	0
3284	3
3285	3
3286	3
3287	0
3288	0
3289	0
3290	3
3291	0
3292	0
3293	1
3294	2
3295	3
3296	2
3297	3
3298	3
3299	3
3300	0
3301	0
3302	3
3303	3
3304	3
3305	3
3306	3
3307	1
3308	0
3309	0
3310	1
3311	3
3312	0
3313	3
3314	3
3315	3
3316	3
3317	3
3318	3
3319	3
3320	1
3321	0
3322	3
3323	1
3324	0
3325	0
3326	3
3327	2
3328	0
3329	0
3330	0
3331	0
3332	0
3333	1
3334	0
3335	0
3336	0
3337	2
3338	1
3339	3
3340	3
3341	3
3342	0
3343	0
3344	3
3345	0
3346	3
3347	3
3348	0
3349	0
3350	0
3351	3
3352	0
3353	0
3354	2
3355	3
3356	2
3357	3
3358	3
3359	3
3360	3
3361	0
3362	0
3363	0
3364	3
3365	0
3366	3
3367	3
3368	3
3369	1
3370	3
3371	3
3372	3
3373	3
3374	0
3375	3
3376	3
3377	1
3378	3
3379	3
3380	3
3381	3
3382	3
3383	3
3384	3
3385	0
3386	0
3387	2
3388	1
3389	0
3390	3
3391	2
3392	0
3393	3
3394	0
3395	2
3396	0
3397	3
3398	3
3399	3
3400	1
3401	0
3402	3
3403	0
3404	3
3405	2
3406	0
3407	0
3408	3
3409	3
3410	0
3411	3
3412	0
3413	0
3414	1
3415	3
3416	1
3417	3
3418	0
3419	3
3420	0
3421	3
3422	0
3423	1
3424	0
3425	1
3426	2
3427	3
3428	0
3429	0
3430	0
3431	3
3432	2
3433	3
3434	0
3435	1
3436	1
3437	2
3438	2
3439	0
3440	0
3441	2
3442	0
3443	3
3444	3
3445	0
3446	0
3447	0
3448	0
3449	3
3450	0
3451	3
3452	0
3453	0
3454	3
3455	1
3456	2
3457	1
3458	3
3459	1
3460	0
3461	0
3462	0
3463	3
3464	2
3465	0
3466	0
3467	0
3468	0
3469	0
3470	3
3471	0
3472	3
3473	0
3474	2
3475	0
3476	0
3477	3
3478	1
3479	3
3480	3
3481	3
3482	3
3483	3
3484	0
3485	0
3486	1
3487	0
3488	0
3489	0
3490	3
3491	3
3492	3
3493	3
3494	3
3495	3
3496	1
3497	3
3498	0
3499	0
3500	2
3501	3
3502	1
3503	0
3504	3
3505	3
3506	0
3507	3
3508	0
3509	0
3510	3
3511	3
3512	0
3513	2
3514	0
3515	0
3516	0
3517	3
3518	0
3519	3
3520	0
3521	0
3522	2
3523	0
3524	3
3525	3
3526	3
3527	0
3528	0
3529	0
3530	3
3531	3
3532	0
3533	3
3534	0
3535	3
3536	1
3537	3
3538	0
3539	0
3540	2
3541	0
3542	0
3543	0
3544	0
3545	1
3546	0
3547	3
3548	0
3549	0
3550	0
3551	1
3552	2
3553	2
3554	0
3555	3
3556	3
3557	1
3558	3
3559	3
3560	0
3561	3
3562	3
3563	3
3564	2
3565	2
3566	0
3567	3
3568	3
3569	3
3570	1
3571	3
3572	3
3573	0
3574	0
3575	0
3576	0
3577	0
3578	3
3579	1
3580	0
3581	0
3582	1
3583	0
3584	3
3585	2
3586	0
3587	0
3588	3
3589	3
3590	0
3591	0
3592	3
3593	0
3594	3
3595	1
3596	0
3597	0
3598	2
3599	2
3600	0
3601	0
3602	3
3603	0
3604	0
3605	3
3606	0
3607	0
3608	0
3609	0
3610	2
3611	2
3612	0
3613	0
3614	0
3615	0
3616	3
3617	3
3618	0
3619	3
3620	0
3621	0
3622	3
3623	2
3624	0
3625	0
3626	3
3627	0
3628	3
3629	0
3630	0
3631	2
3632	0
3633	0
3634	3
3635	0
3636	0
3637	0
3638	0
3639	0
3640	1
3641	3
3642	3
3643	3
3644	0
3645	0
3646	2
3647	3
3648	3
3649	0
3650	3
3651	0
3652	0
3653	3
3654	0
3655	0
3656	0
3657	2
3658	0
3659	3
3660	0
3661	0
3662	3
3663	0
3664	3
3665	0
3666	0
3667	3
3668	0
3669	0
3670	3
3671	3
3672	3
3673	0
3674	0
3675	3
3676	3
3677	0
3678	3
3679	0
3680	0
3681	0
3682	0
3683	3
3684	3
3685	0
3686	3
3687	1
3688	0
3689	0
3690	0
3691	0
3692	1
3693	0
3694	3
3695	0
3696	2
3697	0
3698	0
3699	0
3700	0
3701	0
3702	0
3703	3
3704	2
3705	0
3706	0
3707	0
3708	0
3709	0
3710	0
3711	0
3712	3
3713	3
3714	3
3715	0
3716	0
3717	0
3718	0
3719	0
3720	1
3721	0
3722	0
3723	0
3724	1
3725	0
3726	0
3727	0
3728	3
3729	1
3730	3
3731	3
3732	3
3733	0
3734	3
3735	3
3736	3
3737	3
3738	2
3739	3
3740	3
3741	0
3742	1
3743	0
3744	3
3745	3
3746	0
3747	3
3748	0
3749	0
3750	0
3751	3
3752	0
3753	3
3754	0
3755	0
3756	0
3757	0
3758	1
3759	3
3760	0
3761	3
3762	0
3763	1
3764	3
3765	3
3766	1
3767	3
3768	3
3769	3
3770	3
3771	3
3772	2
3773	2
3774	0
3775	0
3776	0
3777	3
3778	0
3779	0
3780	2
3781	0
3782	0
3783	0
3784	0
3785	0
3786	2
3787	1
3788	0
3789	2
3790	0
3791	0
3792	0
3793	2
3794	1
3795	0
3796	0
3797	0
3798	0
3799	3
3800	0
3801	0
3802	0
3803	3
3804	3
3805	0
3806	0
3807	0
3808	0
3809	0
3810	2
3811	2
3812	3
3813	0
3814	0
3815	0
3816	3
3817	0
3818	3
3819	0
3820	0
3821	0
3822	3
3823	0
3824	3
3825	1
3826	0
3827	0
3828	0
3829	2
3830	0
3831	0
3832	0
3833	3
3834	0
3835	1
3836	1
3837	0
3838	3
3839	0
3840	2
3841	3
3842	2
3843	2
3844	3
3845	3
3846	2
3847	1
3848	0
3849	0
3850	0
3851	0
3852	0
3853	1
3854	0
3855	2
3856	3
3857	0
3858	0
3859	0
3860	0
3861	0
3862	0
3863	2
3864	0
3865	2
3866	3
3867	0
3868	0
3869	0
3870	1
3871	1
3872	0
3873	0
3874	0
3875	1
3876	0
3877	0
3878	0
3879	3
3880	0
3881	1
3882	3
3883	0
3884	0
3885	0
3886	1
3887	3
3888	0
3889	3
3890	3
3891	0
3892	0
3893	1
3894	3
3895	0
3896	1
3897	1
3898	0
3899	3
3900	3
3901	3
3902	3
3903	3
3904	0
3905	0
3906	2
3907	2
3908	0
3909	2
3910	0
3911	0
3912	0
3913	0
3914	0
3915	3
3916	0
3917	0
3918	1
3919	0
3920	3
3921	3
3922	0
3923	3
3924	0
3925	0
3926	0
3927	0
3928	2
3929	0
3930	3
3931	2
3932	3
3933	0
3934	0
3935	3
3936	2
3937	0
3938	0
3939	0
3940	3
3941	3
3942	3
3943	0
3944	3
3945	3
3946	3
3947	0
3948	3
3949	0
3950	3
3951	0
3952	0
3953	0
3954	3
3955	3
3956	0
3957	0
3958	3
3959	0
3960	0
3961	2
3962	1
3963	1
3964	2
3965	1
3966	1
3967	0
3968	0
3969	0
3970	3
3971	3
3972	3
3973	0
3974	3
3975	3
3976	3
3977	0
3978	1
3979	3
3980	0
3981	0
3982	2
3983	0
3984	3
3985	0
3986	3
3987	3
3988	0
3989	1
3990	3
3991	0
3992	0
3993	0
3994	0
3995	0
3996	0
3997	0
3998	3
3999	0
4000	3
4001	3
4002	3
4003	0
4004	2
4005	1
4006	0
4007	0
4008	3
4009	1
4010	3
4011	2
4012	1
4013	0
4014	0
4015	1
4016	3
4017	1
4018	3
4019	2
4020	0
4021	2
4022	0
4023	3
4024	0
4025	3
4026	3
4027	0
4028	0
4029	0
4030	2
4031	0
4032	1
4033	0
4034	0
4035	0
4036	0
4037	0
4038	3
4039	0
4040	0
4041	3
4042	2
4043	3
4044	2
4045	3
4046	2
4047	0
4048	0
4049	3
4050	0
4051	2
4052	3
4053	0
4054	2
4055	2
4056	3
4057	0
4058	3
4059	1
4060	3
4061	0
4062	3
4063	0
4064	3
4065	0
4066	0
4067	0
4068	3
4069	0
4070	0
4071	3
4072	1
4073	2
4074	0
4075	3
4076	0
4077	1
4078	3
4079	1
4080	0
4081	0
4082	0
4083	2
4084	0
4085	3
4086	3
4087	3
4088	3
4089	1
4090	0
4091	1
4092	1
4093	2
4094	0
4095	0
4096	0
4097	0
4098	0
4099	3
4100	2
4101	0
4102	1
4103	0
4104	0
4105	3
4106	3
4107	0
4108	2
4109	2
4110	2
4111	0
4112	0
4113	3
4114	3
4115	1
4116	3
4117	0
4118	0
4119	0
4120	0
4121	0
4122	0
4123	0
4124	3
4125	2
4126	3
4127	0
4128	0
4129	1
4130	3
4131	3
4132	0
4133	0
4134	0
4135	0
4136	0
4137	0
4138	1
4139	3
4140	2
4141	0
4142	0
4143	0
4144	3
4145	0
4146	0
4147	0
4148	0
4149	3
4150	1
4151	0
4152	0
4153	0
4154	3
4155	3
4156	0
4157	0
4158	0
4159	2
4160	2
4161	3
4162	0
4163	3
4164	2
4165	0
4166	0
4167	0
4168	3
4169	2
4170	0
4171	0
4172	3
4173	0
4174	3
4175	0
4176	3
4177	2
4178	1
4179	0
4180	0
4181	0
4182	0
4183	0
4184	3
4185	3
4186	0
4187	0
4188	0
4189	3
4190	3
4191	0
4192	2
4193	3
4194	3
4195	3
4196	3
4197	0
4198	1
4199	1
4200	2
4201	0
4202	0
4203	3
4204	0
4205	0
4206	1
4207	1
4208	0
4209	0
4210	3
4211	3
4212	3
4213	0
4214	3
4215	1
4216	2
4217	0
4218	3
4219	0
4220	2
4221	3
4222	3
4223	3
4224	0
4225	3
4226	3
4227	2
4228	3
4229	3
4230	3
4231	0
4232	3
4233	0
4234	2
4235	3
4236	1
4237	1
4238	3
4239	3
4240	3
4241	3
4242	3
4243	3
4244	3
4245	3
4246	0
4247	3
4248	0
4249	0
4250	2
4251	3
4252	2
4253	3
4254	2
4255	3
4256	1
4257	3
4258	3
4259	3
4260	3
4261	0
4262	1
4263	1
4264	3
4265	3
4266	3
4267	0
4268	3
4269	1
4270	3
4271	3
4272	0
4273	3
4274	3
4275	3
4276	0
4277	0
4278	0
4279	3
4280	0
4281	3
4282	3
4283	2
4284	2
4285	0
4286	3
4287	3
4288	3
4289	3
4290	3
4291	3
4292	0
4293	3
4294	0
4295	0
4296	3
4297	3
4298	3
4299	0
4300	0
4301	0
4302	0
4303	0
4304	0
4305	3
4306	0
4307	0
4308	3
4309	0
4310	0
4311	3
4312	0
4313	1
4314	2
4315	0
4316	3
4317	0
4318	0
4319	0
4320	3
4321	3
4322	1
4323	0
4324	0
4325	3
4326	1
4327	2
4328	0
4329	3
4330	3
4331	3
4332	1
4333	1
4334	2
4335	2
4336	0
4337	0
4338	3
4339	0
4340	3
4341	3
4342	3
4343	3
4344	3
4345	3
4346	3
4347	1
4348	3
4349	3
4350	0
4351	3
4352	3
4353	3
4354	0
4355	3
4356	3
4357	3
4358	3
4359	3
4360	3
4361	3
4362	3
4363	0
4364	0
4365	3
4366	3
4367	0
4368	0
4369	0
4370	0
4371	0
4372	1
4373	0
4374	2
4375	0
4376	0
4377	3
4378	3
4379	0
4380	3
4381	0
4382	0
4383	0
4384	0
4385	2
4386	1
4387	2
4388	3
4389	3
4390	0
4391	3
4392	3
4393	0
4394	0
4395	0
4396	1
4397	3
4398	3
4399	3
4400	3
4401	3
4402	3
4403	0
4404	0
4405	0
4406	3
4407	0
4408	3
4409	3
4410	0
4411	0
4412	3
4413	0
4414	3
4415	1
4416	1
4417	0
4418	0
4419	3
4420	0
4421	3
4422	0
4423	0
4424	0
4425	3
4426	3
4427	0
4428	3
4429	0
4430	3
4431	0
4432	0
4433	3
4434	3
4435	2
4436	3
4437	3
4438	3
4439	0
4440	3
4441	3
4442	3
4443	1
4444	3
4445	0
4446	0
4447	0
4448	0
4449	0
4450	0
4451	0
4452	0
4453	0
4454	0
4455	0
4456	0
4457	0
4458	0
4459	1
4460	3
4461	3
4462	0
4463	0
4464	0
4465	3
4466	0
4467	0
4468	0
4469	0
4470	0
4471	0
4472	0
4473	2
4474	3
4475	1
4476	3
4477	3
4478	1
4479	0
4480	3
4481	1
4482	0
4483	0
4484	3
4485	0
4486	1
4487	3
4488	0
4489	0
4490	3
4491	3
4492	2
4493	0
4494	3
4495	3
4496	0
4497	3
4498	2
4499	0
4500	0
4501	0
4502	3
4503	3
4504	3
4505	3
4506	0
4507	0
4508	3
4509	3
4510	3
4511	3
4512	0
4513	1
4514	0
4515	0
4516	1
4517	0
4518	3
4519	3
4520	3
4521	3
4522	3
4523	3
4524	3
4525	3
4526	3
4527	1
4528	0
4529	0
4530	3
4531	3
4532	3
4533	3
4534	0
4535	0
4536	0
4537	1
4538	0
4539	3
4540	3
4541	3
4542	3
4543	3
4544	2
4545	3
4546	3
4547	3
4548	0
4549	3
4550	3
4551	3
4552	0
4553	0
4554	0
4555	3
4556	0
4557	3
4558	3
4559	0
4560	3
4561	3
4562	3
4563	3
4564	3
4565	1
4566	0
4567	0
4568	0
4569	3
4570	0
4571	0
4572	0
4573	1
4574	2
4575	3
4576	3
4577	0
4578	0
4579	3
4580	3
4581	3
4582	3
4583	3
4584	0
4585	3
4586	3
4587	3
4588	0
4589	3
4590	3
4591	3
4592	0
4593	0
4594	0
4595	0
4596	3
4597	0
4598	0
4599	3
4600	3
4601	3
4602	0
4603	0
4604	0
4605	3
4606	3
4607	3
4608	3
4609	3
4610	3
4611	0
4612	3
4613	1
4614	0
4615	3
4616	0
4617	1
4618	0
4619	0
4620	0
4621	1
4622	3
4623	0
4624	0
4625	3
4626	0
4627	3
4628	3
4629	1
4630	0
4631	0
4632	0
4633	1
4634	0
4635	0
4636	2
4637	2
4638	0
4639	0
4640	0
4641	3
4642	0
4643	3
4644	3
4645	0
4646	1
4647	3
4648	3
4649	0
4650	1
4651	0
4652	3
4653	0
4654	3
4655	0
4656	3
4657	0
4658	0
4659	0
4660	0
4661	0
4662	0
4663	1
4664	0
4665	0
4666	2
4667	0
4668	0
4669	0
4670	0
4671	0
4672	3
4673	0
4674	2
4675	0
4676	3
4677	0
4678	0
4679	3
4680	2
4681	2
4682	3
4683	0
4684	0
4685	2
4686	3
4687	1
4688	3
4689	1
4690	2
4691	0
4692	0
4693	0
4694	1
4695	0
4696	3
4697	2
4698	3
4699	1
4700	0
4701	0
4702	3
4703	0
4704	2
4705	0
4706	0
4707	1
4708	0
4709	3
4710	0
4711	3
4712	0
4713	3
4714	3
4715	2
4716	0
4717	1
4718	0
4719	3
4720	0
4721	2
4722	0
4723	0
4724	0
4725	0
4726	3
4727	3
4728	0
4729	1
4730	0
4731	3
4732	3
4733	0
4734	0
4735	0
4736	3
4737	0
4738	0
4739	3
4740	2
4741	3
4742	0
4743	3
4744	3
4745	0
4746	1
4747	0
4748	0
4749	0
4750	3
4751	0
4752	0
4753	0
4754	3
4755	3
4756	2
4757	0
4758	3
4759	0
4760	1
4761	3
4762	1
4763	3
4764	0
4765	0
4766	0
4767	1
4768	0
4769	3
4770	3
4771	3
4772	3
4773	3
4774	0
4775	3
4776	0
4777	1
4778	3
4779	2
4780	3
4781	0
4782	3
4783	3
4784	3
4785	0
4786	3
4787	3
4788	0
4789	3
4790	3
4791	0
4792	3
4793	0
4794	3
4795	0
4796	3
4797	0
4798	3
4799	1
4800	0
4801	2
4802	0
4803	0
4804	3
4805	0
4806	0
4807	1
4808	0
4809	0
4810	0
4811	0
4812	3
4813	1
4814	2
4815	0
4816	1
4817	3
4818	3
4819	0
4820	3
4821	0
4822	3
4823	0
4824	0
4825	0
4826	1
4827	3
4828	0
4829	0
4830	2
4831	3
4832	1
4833	0
4834	3
4835	1
4836	3
4837	3
4838	0
4839	1
4840	0
4841	3
4842	3
4843	0
4844	3
4845	0
4846	0
4847	3
4848	3
4849	3
4850	0
4851	0
4852	3
4853	3
4854	3
4855	3
4856	3
4857	3
4858	1
4859	3
4860	0
4861	0
4862	3
4863	3
4864	2
4865	3
4866	3
4867	3
4868	3
4869	3
4870	0
4871	0
4872	3
4873	0
4874	3
4875	3
4876	0
4877	0
4878	0
4879	0
4880	0
4881	0
4882	1
4883	3
4884	0
4885	3
4886	1
4887	0
4888	3
4889	2
4890	3
4891	3
4892	0
4893	0
4894	2
4895	3
4896	0
4897	0
4898	2
4899	0
4900	0
4901	3
4902	0
4903	2
4904	0
4905	0
4906	3
4907	3
4908	0
4909	0
4910	0
4911	0
4912	2
4913	2
4914	0
4915	2
4916	3
4917	3
4918	3
4919	1
4920	0
4921	2
4922	1
4923	0
4924	3
4925	0
4926	3
4927	3
4928	0
4929	3
4930	2
4931	0
4932	0
4933	3
4934	3
4935	0
4936	0
4937	1
4938	3
4939	0
4940	3
4941	3
4942	3
4943	3
4944	3
4945	3
4946	0
4947	3
4948	1
4949	0
4950	1
4951	3
4952	3
4953	0
4954	1
4955	0
4956	0
4957	0
4958	2
4959	0
4960	0
4961	0
4962	0
4963	1
4964	0
4965	0
4966	0
4967	0
4968	2
4969	0
4970	3
4971	3
4972	3
4973	0
4974	0
4975	3
4976	2
4977	0
4978	1
4979	1
4980	0
4981	0
4982	0
4983	0
4984	3
4985	2
4986	3
4987	3
4988	3
4989	3
4990	3
4991	0
4992	3
4993	3
4994	3
4995	3
4996	3
4997	3
4998	0
4999	0
5000	0
5001	3
5002	1
5003	3
5004	3
5005	3
5006	2
5007	3
5008	0
5009	3
5010	0
5011	0
5012	3
5013	2
5014	3
5015	3
5016	3
5017	0
5018	0
5019	0
5020	3
5021	3
5022	3
5023	2
5024	2
5025	3
5026	1
5027	2
5028	3
5029	3
5030	0
5031	3
5032	3
5033	0
5034	0
5035	0
5036	0
5037	3
5038	3
5039	0
5040	0
5041	3
5042	3
5043	0
5044	3
5045	3
5046	0
5047	3
5048	3
5049	0
5050	1
5051	3
5052	0
5053	0
5054	3
5055	3
5056	3
5057	2
5058	3
5059	0
5060	1
5061	3
5062	3
5063	3
5064	3
5065	2
5066	0
5067	3
5068	3
5069	3
5070	0
5071	0
5072	3
5073	3
5074	3
5075	3
5076	0
5077	3
5078	1
5079	1
5080	0
5081	3
5082	3
5083	3
5084	2
5085	1
5086	3
5087	3
5088	3
5089	0
5090	3
5091	3
5092	3
5093	3
5094	3
5095	1
5096	3
5097	3
5098	1
5099	2
5100	2
5101	3
5102	3
5103	0
5104	3
5105	3
5106	0
5107	0
5108	3
5109	2
5110	0
5111	0
5112	3
5113	0
5114	0
5115	0
5116	0
5117	0
5118	0
5119	0
5120	0
5121	0
5122	3
5123	3
5124	0
5125	2
5126	3
5127	1
5128	0
5129	0
5130	3
5131	0
5132	0
5133	3
5134	1
5135	3
5136	3
5137	0
5138	0
5139	3
5140	2
5141	0
5142	0
5143	2
5144	1
5145	0
5146	1
5147	0
5148	3
5149	1
5150	0
5151	0
5152	0
5153	0
5154	0
5155	0
5156	0
5157	0
5158	0
5159	0
5160	0
5161	0
5162	1
5163	0
5164	0
5165	3
5166	1
5167	1
5168	3
5169	3
5170	0
5171	3
5172	3
5173	1
5174	3
5175	0
5176	3
5177	3
5178	3
5179	1
5180	3
5181	0
5182	2
5183	0
5184	2
5185	3
5186	3
5187	0
5188	3
5189	3
5190	3
5191	3
5192	0
5193	0
5194	0
5195	1
5196	3
5197	2
5198	1
5199	3
5200	3
5201	2
5202	0
5203	3
5204	1
5205	3
5206	1
5207	0
5208	3
5209	0
5210	0
5211	0
5212	0
5213	0
5214	0
5215	3
5216	0
5217	0
5218	0
5219	2
5220	1
5221	0
5222	2
5223	0
5224	2
5225	0
5226	0
5227	0
5228	0
5229	0
5230	3
5231	0
5232	0
5233	0
5234	1
5235	3
5236	3
5237	1
5238	1
5239	0
5240	0
5241	0
5242	0
5243	3
5244	2
5245	3
5246	0
5247	0
5248	0
5249	0
5250	0
5251	3
5252	0
5253	0
5254	0
5255	0
5256	3
5257	1
5258	3
5259	0
5260	3
5261	3
5262	3
5263	0
5264	0
5265	3
5266	3
5267	0
5268	2
5269	2
5270	0
5271	0
5272	3
5273	0
5274	0
5275	0
5276	3
5277	0
5278	3
5279	0
5280	3
5281	0
5282	2
5283	0
5284	1
5285	0
5286	1
5287	0
5288	0
5289	2
5290	0
5291	3
5292	0
5293	3
5294	0
5295	3
5296	0
5297	2
5298	1
5299	0
5300	0
5301	0
5302	3
5303	2
5304	0
5305	3
5306	0
5307	0
5308	3
5309	0
5310	3
5311	1
5312	3
5313	3
5314	0
5315	0
5316	3
5317	0
5318	1
5319	3
5320	3
5321	0
5322	0
5323	3
5324	1
5325	0
5326	3
5327	3
5328	0
5329	3
5330	0
5331	3
5332	2
5333	2
5334	0
5335	3
5336	0
5337	0
5338	3
5339	0
5340	3
5341	3
5342	0
5343	0
5344	3
5345	0
5346	1
5347	0
5348	2
5349	3
5350	3
5351	0
5352	3
5353	3
5354	0
5355	3
5356	3
5357	2
5358	3
5359	0
5360	0
5361	3
5362	3
5363	0
5364	3
5365	1
5366	3
5367	0
5368	0
5369	1
5370	3
5371	0
5372	1
5373	0
5374	3
5375	3
5376	3
5377	3
5378	3
5379	2
5380	3
5381	3
5382	3
5383	3
5384	0
5385	2
5386	3
5387	2
5388	2
5389	3
5390	3
5391	3
5392	3
5393	3
5394	0
5395	2
5396	3
5397	3
5398	3
5399	3
5400	3
5401	0
5402	0
5403	0
5404	0
5405	0
5406	0
5407	0
5408	2
5409	0
5410	3
5411	3
5412	0
5413	3
5414	0
5415	0
5416	0
5417	3
5418	2
5419	2
5420	3
5421	0
5422	0
5423	3
5424	3
5425	1
5426	1
5427	3
5428	3
5429	1
5430	3
5431	1
5432	1
5433	3
5434	0
5435	0
5436	1
5437	0
5438	3
5439	3
5440	0
5441	0
5442	3
5443	1
5444	0
5445	0
5446	1
5447	0
5448	0
5449	0
5450	0
5451	2
5452	3
5453	1
5454	0
5455	1
5456	3
5457	3
5458	0
5459	1
5460	2
5461	0
5462	0
5463	3
5464	0
5465	3
5466	1
5467	1
5468	2
5469	3
5470	2
5471	3
5472	3
5473	2
5474	0
5475	0
5476	0
5477	1
5478	0
5479	0
5480	0
5481	3
5482	3
5483	0
5484	1
5485	0
5486	1
5487	3
5488	1
5489	2
5490	3
5491	3
5492	1
5493	0
5494	2
5495	3
5496	0
5497	0
5498	1
5499	0
5500	0
5501	2
5502	3
5503	3
5504	3
5505	0
5506	0
5507	0
5508	0
5509	3
5510	3
5511	3
5512	3
5513	3
5514	0
5515	3
5516	2
5517	3
5518	3
5519	3
5520	0
5521	2
5522	3
5523	1
5524	3
5525	3
5526	0
5527	0
5528	3
5529	3
5530	0
5531	3
5532	0
5533	0
5534	2
5535	1
5536	1
5537	0
5538	0
5539	3
5540	0
5541	3
5542	0
5543	0
5544	3
5545	1
5546	0
5547	1
5548	3
5549	0
5550	3
5551	3
5552	1
5553	2
5554	3
5555	1
5556	0
5557	0
5558	0
5559	3
5560	3
5561	3
5562	3
5563	3
5564	2
5565	3
5566	2
5567	3
5568	3
5569	3
5570	3
5571	3
5572	2
5573	3
5574	3
5575	0
5576	3
5577	3
5578	1
5579	0
5580	3
5581	3
5582	3
5583	0
5584	0
5585	0
5586	0
5587	3
5588	3
5589	3
5590	0
5591	0
5592	3
5593	3
5594	3
5595	3
5596	3
5597	3
5598	2
5599	0
5600	3
5601	0
5602	0
5603	0
5604	3
5605	1
5606	0
5607	0
5608	0
5609	3
5610	3
5611	3
5612	0
5613	3
5614	3
5615	1
5616	0
5617	0
5618	1
5619	3
5620	3
5621	3
5622	3
5623	3
5624	0
5625	0
5626	0
5627	3
5628	3
5629	3
5630	1
5631	0
5632	3
5633	2
5634	1
5635	0
5636	0
5637	0
5638	0
5639	0
5640	0
5641	0
5642	0
5643	3
5644	0
5645	0
5646	1
5647	0
5648	3
5649	0
5650	3
5651	0
5652	3
5653	3
5654	1
5655	0
5656	3
5657	0
5658	2
5659	0
5660	0
5661	3
5662	1
5663	3
5664	0
5665	0
5666	2
5667	0
5668	3
5669	0
5670	3
5671	3
5672	2
5673	3
5674	0
5675	0
5676	3
5677	2
5678	3
5679	3
5680	0
5681	3
5682	0
5683	3
5684	3
5685	3
5686	0
5687	0
5688	0
5689	3
5690	0
5691	3
5692	0
5693	3
5694	0
5695	3
5696	3
5697	1
5698	0
5699	3
5700	3
5701	3
5702	0
5703	3
5704	3
5705	2
5706	0
5707	2
5708	1
5709	0
5710	2
5711	2
5712	3
5713	0
5714	1
5715	3
5716	0
5717	0
5718	0
5719	0
5720	3
5721	3
5722	2
5723	3
5724	3
5725	3
5726	2
5727	2
5728	1
5729	3
5730	3
5731	3
5732	0
5733	3
5734	3
5735	0
5736	0
5737	3
5738	0
5739	3
5740	0
5741	3
5742	0
5743	0
5744	0
5745	0
5746	0
5747	2
5748	0
5749	2
5750	2
5751	1
5752	1
5753	0
5754	0
5755	1
5756	1
5757	3
5758	0
5759	1
5760	3
5761	3
5762	0
5763	0
5764	0
5765	1
5766	3
5767	3
5768	0
5769	0
5770	0
5771	0
5772	0
5773	3
5774	1
5775	2
5776	2
5777	0
5778	2
5779	3
5780	3
5781	3
5782	3
5783	2
5784	2
5785	3
5786	0
5787	1
5788	0
5789	3
5790	3
5791	3
5792	0
5793	3
5794	0
5795	2
5796	0
5797	0
5798	3
5799	0
5800	0
5801	0
5802	0
5803	0
5804	0
5805	0
5806	3
5807	1
5808	0
5809	0
5810	0
5811	0
5812	3
5813	0
5814	3
5815	0
5816	0
5817	2
5818	2
5819	1
5820	0
5821	3
5822	3
5823	3
5824	3
5825	3
5826	3
5827	0
5828	2
5829	0
5830	3
5831	3
5832	0
5833	3
5834	2
5835	3
5836	0
5837	2
5838	1
5839	0
5840	0
5841	2
5842	0
5843	3
5844	2
5845	0
5846	0
5847	1
5848	0
5849	1
5850	0
5851	3
5852	0
5853	2
5854	3
5855	2
5856	0
5857	1
5858	2
5859	0
5860	3
5861	3
5862	0
5863	0
5864	2
5865	3
5866	2
5867	3
5868	0
5869	3
5870	3
5871	1
5872	3
5873	0
5874	0
5875	1
5876	0
5877	0
5878	3
5879	0
5880	0
5881	0
5882	3
5883	2
5884	3
5885	3
5886	0
5887	0
5888	2
5889	3
5890	3
5891	3
5892	2
5893	0
5894	2
5895	1
5896	3
5897	3
5898	0
5899	0
5900	0
5901	3
5902	3
5903	3
5904	0
5905	1
5906	0
5907	3
5908	0
5909	3
5910	3
5911	0
5912	1
5913	0
5914	0
5915	0
5916	0
5917	1
5918	2
5919	0
5920	0
5921	0
5922	3
5923	0
5924	0
5925	0
5926	0
5927	0
5928	3
5929	0
5930	3
5931	3
5932	0
5933	0
5934	3
5935	0
5936	0
5937	0
5938	3
5939	0
5940	2
5941	0
5942	0
5943	3
5944	0
5945	0
5946	1
5947	3
5948	0
5949	0
5950	1
5951	0
5952	0
5953	0
5954	0
5955	0
5956	0
5957	3
5958	0
5959	0
5960	0
5961	2
5962	0
5963	3
5964	3
5965	0
5966	0
5967	0
5968	2
5969	3
5970	0
5971	3
5972	0
5973	0
5974	3
5975	3
5976	1
5977	0
5978	0
5979	0
5980	0
5981	0
5982	2
5983	3
5984	0
5985	0
5986	1
5987	3
5988	0
5989	0
5990	3
5991	2
5992	2
5993	0
5994	0
5995	0
5996	0
5997	0
5998	0
5999	3
6000	0
6001	0
6002	3
6003	3
6004	1
6005	0
6006	0
6007	3
6008	0
6009	0
6010	0
6011	0
6012	0
6013	1
6014	0
6015	3
6016	3
6017	2
6018	3
6019	0
6020	3
6021	0
6022	2
6023	0
6024	3
6025	0
6026	2
6027	0
6028	0
6029	1
6030	3
6031	3
6032	3
6033	2
6034	0
6035	3
6036	3
6037	3
6038	1
6039	0
6040	2
6041	0
6042	3
6043	0
6044	1
6045	0
6046	0
6047	0
6048	0
6049	0
6050	3
6051	0
6052	0
6053	0
6054	0
6055	3
6056	0
6057	0
6058	3
6059	3
6060	0
6061	3
6062	3
6063	3
6064	1
6065	0
6066	0
6067	2
6068	3
6069	2
6070	1
6071	3
6072	1
6073	0
6074	2
6075	3
6076	2
6077	0
6078	3
6079	0
6080	0
6081	1
6082	0
6083	1
6084	3
6085	3
6086	1
6087	0
6088	0
6089	0
6090	0
6091	0
6092	0
6093	0
6094	3
6095	1
6096	1
6097	0
6098	0
6099	3
6100	0
6101	3
6102	0
6103	0
6104	0
6105	2
6106	0
6107	3
6108	0
6109	3
6110	0
6111	3
6112	0
6113	0
6114	0
6115	3
6116	1
6117	3
6118	3
6119	3
6120	0
6121	1
6122	0
6123	0
6124	0
6125	0
6126	0
6127	0
6128	3
6129	0
6130	3
6131	0
6132	3
6133	3
6134	3
6135	0
6136	0
6137	0
6138	2
6139	3
6140	0
6141	0
6142	2
6143	3
6144	1
6145	3
6146	3
6147	0
6148	3
6149	0
6150	3
6151	0
6152	1
6153	0
6154	3
6155	2
6156	3
6157	2
6158	1
6159	3
6160	0
6161	3
6162	0
6163	0
6164	0
6165	3
6166	0
6167	0
6168	0
6169	3
6170	0
6171	0
6172	0
6173	1
6174	0
6175	1
6176	3
6177	3
6178	0
6179	3
6180	0
6181	1
6182	0
6183	3
6184	0
6185	0
6186	3
6187	3
6188	3
6189	3
6190	0
6191	3
6192	3
6193	0
6194	0
6195	3
6196	2
6197	2
6198	3
6199	0
6200	0
6201	0
6202	2
6203	3
6204	0
6205	0
6206	0
6207	3
6208	0
6209	0
6210	2
6211	0
6212	3
6213	0
6214	1
6215	0
6216	0
6217	0
6218	1
6219	0
6220	3
6221	0
6222	3
6223	3
6224	3
6225	3
6226	0
6227	2
6228	0
6229	0
6230	3
6231	0
6232	0
6233	0
6234	3
6235	1
6236	3
6237	1
6238	0
6239	2
6240	2
6241	2
6242	3
6243	3
6244	0
6245	1
6246	1
6247	3
6248	2
6249	3
6250	3
6251	3
6252	3
6253	3
6254	1
6255	3
6256	1
6257	0
6258	3
6259	3
6260	1
6261	0
6262	3
6263	0
6264	0
6265	0
6266	2
6267	2
6268	3
6269	3
6270	1
6271	0
6272	1
6273	3
6274	0
6275	3
6276	3
6277	1
6278	1
6279	0
6280	2
6281	0
6282	0
6283	3
6284	3
6285	1
6286	2
6287	3
6288	0
6289	0
6290	2
6291	0
6292	0
6293	0
6294	0
6295	1
6296	2
6297	0
6298	3
6299	3
6300	3
6301	2
6302	0
6303	3
6304	1
6305	1
6306	3
6307	3
6308	3
6309	0
6310	2
6311	0
6312	3
6313	1
6314	0
6315	2
6316	3
6317	0
6318	3
6319	0
6320	0
6321	0
6322	0
6323	3
6324	2
6325	0
6326	0
6327	1
6328	3
6329	3
6330	3
6331	3
6332	1
6333	0
6334	0
6335	0
6336	3
6337	0
6338	3
6339	1
6340	2
6341	3
6342	0
6343	0
6344	3
6345	0
6346	3
6347	0
6348	3
6349	0
6350	2
6351	3
6352	0
6353	0
6354	0
6355	1
6356	3
6357	3
6358	3
6359	0
6360	3
6361	3
6362	2
6363	0
6364	3
6365	3
6366	0
6367	3
6368	3
6369	2
6370	0
6371	3
6372	0
6373	3
6374	0
6375	1
6376	1
6377	1
6378	3
6379	0
6380	0
6381	3
6382	0
6383	1
6384	3
6385	3
6386	0
6387	0
6388	0
6389	1
6390	1
6391	1
6392	3
6393	0
6394	1
6395	2
6396	2
6397	1
6398	3
6399	3
6400	0
6401	3
6402	1
6403	3
6404	2
6405	0
6406	0
6407	3
6408	0
6409	0
6410	0
6411	0
6412	0
6413	3
6414	0
6415	3
6416	3
6417	3
6418	0
6419	0
6420	0
6421	3
6422	3
6423	0
6424	0
6425	0
6426	3
6427	0
6428	0
6429	0
6430	0
6431	0
6432	1
6433	0
6434	0
6435	2
6436	0
6437	0
6438	3
6439	0
6440	0
6441	3
6442	1
6443	0
6444	0
6445	0
6446	0
6447	0
6448	0
6449	3
6450	0
6451	3
6452	1
6453	0
6454	1
6455	0
6456	3
6457	0
6458	0
6459	0
6460	3
6461	3
6462	0
6463	0
6464	3
6465	1
6466	3
6467	1
6468	0
6469	0
6470	0
6471	0
6472	0
6473	0
6474	0
6475	0
6476	0
6477	3
6478	0
6479	3
6480	1
6481	2
6482	0
6483	0
6484	0
6485	0
6486	0
6487	0
6488	3
6489	0
6490	3
6491	1
6492	0
6493	0
6494	0
6495	0
6496	2
6497	0
6498	1
6499	0
6500	2
6501	0
6502	3
6503	0
6504	0
6505	0
6506	0
6507	0
6508	0
6509	1
6510	0
6511	0
6512	3
6513	0
6514	0
6515	0
6516	2
6517	1
6518	3
6519	2
6520	0
6521	3
6522	0
6523	0
6524	3
6525	2
6526	3
6527	3
6528	0
6529	2
6530	0
6531	1
6532	2
6533	0
6534	0
6535	0
6536	3
6537	0
6538	0
6539	0
6540	3
6541	3
6542	3
6543	0
6544	1
6545	0
6546	0
6547	1
6548	3
6549	0
6550	3
6551	3
6552	0
6553	3
6554	2
6555	0
6556	3
6557	0
6558	3
6559	3
6560	0
6561	1
6562	3
6563	1
6564	3
6565	3
6566	3
6567	1
6568	1
6569	2
6570	3
6571	3
6572	0
6573	0
6574	1
6575	1
6576	0
6577	0
6578	3
6579	3
6580	3
6581	0
6582	0
6583	1
6584	3
6585	0
6586	3
6587	3
6588	3
6589	3
6590	2
6591	3
6592	0
6593	0
6594	0
6595	3
6596	2
6597	0
6598	2
6599	2
6600	2
6601	0
6602	2
6603	3
6604	3
6605	0
6606	0
6607	3
6608	3
6609	3
6610	0
6611	0
6612	0
6613	0
6614	1
6615	3
6616	3
6617	1
6618	3
6619	2
6620	3
6621	0
6622	3
6623	3
6624	2
6625	2
6626	3
6627	3
6628	0
6629	0
6630	0
6631	0
6632	3
6633	0
6634	0
6635	3
6636	0
6637	1
6638	3
6639	3
6640	1
6641	0
6642	1
6643	3
6644	2
6645	0
6646	0
6647	2
6648	0
6649	0
6650	1
6651	1
6652	0
6653	1
6654	3
6655	3
6656	0
6657	0
6658	0
6659	2
6660	0
6661	3
6662	0
6663	2
6664	3
6665	3
6666	0
6667	2
6668	0
6669	3
6670	0
6671	3
6672	0
6673	3
6674	3
6675	1
6676	0
6677	3
6678	0
6679	1
6680	0
6681	2
6682	3
6683	2
6684	0
6685	2
6686	2
6687	1
6688	1
6689	3
6690	0
6691	1
6692	3
6693	0
6694	3
6695	3
6696	3
6697	0
6698	0
6699	3
6700	3
6701	0
6702	1
6703	0
6704	3
6705	1
6706	3
6707	3
6708	2
6709	3
6710	0
6711	1
6712	2
6713	0
6714	0
6715	0
6716	0
6717	0
6718	2
6719	0
6720	1
6721	0
6722	0
6723	3
6724	0
6725	0
6726	3
6727	0
6728	1
6729	0
6730	3
6731	3
6732	0
6733	1
6734	3
6735	0
6736	0
6737	1
6738	0
6739	1
6740	3
6741	0
6742	0
6743	0
6744	0
6745	3
6746	3
6747	3
6748	1
6749	1
6750	2
6751	3
6752	3
6753	0
6754	2
6755	3
6756	0
6757	3
6758	0
6759	0
6760	0
6761	1
6762	3
6763	3
6764	2
6765	3
6766	3
6767	0
6768	3
6769	0
6770	3
6771	2
6772	0
6773	3
6774	0
6775	3
6776	3
6777	3
6778	3
6779	3
6780	0
6781	0
6782	3
6783	3
6784	0
6785	3
6786	1
6787	0
6788	0
6789	3
6790	2
6791	0
6792	2
6793	0
6794	2
6795	0
6796	3
6797	0
6798	3
6799	3
6800	0
6801	2
6802	0
6803	0
6804	0
6805	3
6806	3
6807	3
6808	0
6809	0
6810	1
6811	2
6812	0
6813	0
6814	0
6815	3
6816	0
6817	0
6818	3
6819	0
6820	0
6821	2
6822	0
6823	0
6824	3
6825	3
6826	3
6827	3
6828	0
6829	3
6830	3
6831	3
6832	0
6833	0
6834	3
6835	2
6836	2
6837	3
6838	0
6839	0
6840	3
6841	3
6842	2
6843	2
6844	0
6845	3
6846	3
6847	2
6848	0
6849	0
6850	0
6851	1
6852	3
6853	1
6854	3
6855	2
6856	3
6857	0
6858	3
6859	0
6860	3
6861	0
6862	2
6863	2
6864	3
6865	0
6866	3
6867	3
6868	3
6869	3
6870	2
6871	3
6872	3
6873	3
6874	0
6875	3
6876	1
6877	0
6878	3
6879	0
6880	3
6881	3
6882	3
6883	3
6884	3
6885	3
6886	2
6887	3
6888	2
6889	0
6890	3
6891	0
6892	3
6893	1
6894	3
6895	3
6896	2
6897	3
6898	3
6899	3
6900	0
6901	1
6902	0
6903	0
6904	0
6905	0
6906	0
6907	0
6908	1
6909	3
6910	0
6911	3
6912	0
6913	0
6914	3
6915	0
6916	3
6917	0
6918	3
6919	0
6920	3
6921	0
6922	3
6923	0
6924	0
6925	0
6926	3
6927	0
6928	0
6929	0
6930	0
6931	3
6932	0
6933	3
6934	3
6935	0
6936	3
6937	0
6938	3
6939	3
6940	3
6941	0
6942	1
6943	2
6944	0
6945	1
6946	0
6947	2
6948	0
6949	0
6950	3
6951	1
6952	0
6953	3
6954	3
6955	0
6956	0
6957	3
6958	0
6959	0
6960	0
6961	3
6962	3
6963	0
6964	2
6965	3
6966	0
6967	0
6968	3
6969	1
6970	1
6971	1
6972	3
6973	1
6974	2
6975	3
6976	2
6977	3
6978	0
6979	0
6980	3
6981	3
6982	1
6983	0
6984	0
6985	0
6986	3
6987	2
6988	3
6989	0
6990	2
6991	3
6992	0
6993	0
6994	0
6995	0
6996	0
6997	0
6998	3
6999	0
7000	0
7001	0
7002	0
7003	0
7004	0
7005	3
7006	3
7007	3
7008	3
7009	3
7010	0
7011	2
7012	0
7013	0
7014	0
7015	3
7016	3
7017	3
7018	3
7019	2
7020	3
7021	3
7022	3
7023	3
7024	3
7025	3
7026	3
7027	3
7028	1
7029	0
7030	3
7031	3
7032	1
7033	0
7034	0
7035	0
7036	3
7037	0
7038	2
7039	3
7040	0
7041	2
7042	3
7043	0
7044	3
7045	3
7046	0
7047	3
7048	3
7049	3
7050	3
7051	3
7052	0
7053	0
7054	3
7055	0
7056	0
7057	0
7058	0
7059	0
7060	0
7061	0
7062	0
7063	3
7064	0
7065	0
7066	2
7067	0
7068	1
7069	3
7070	0
7071	0
7072	3
7073	3
7074	3
7075	3
7076	3
7077	3
7078	2
7079	3
7080	3
7081	3
7082	0
7083	0
7084	0
7085	2
7086	2
7087	0
7088	3
7089	1
7090	2
7091	0
7092	0
7093	0
7094	3
7095	0
7096	0
7097	0
7098	0
7099	0
7100	3
7101	3
7102	2
7103	0
7104	0
7105	3
7106	0
7107	0
7108	2
7109	0
7110	0
7111	3
7112	3
7113	2
7114	3
7115	0
7116	0
7117	1
7118	3
7119	0
7120	0
7121	0
7122	0
7123	0
7124	0
7125	0
7126	0
7127	0
7128	3
7129	0
7130	3
7131	0
7132	0
7133	3
7134	3
7135	2
7136	0
7137	2
7138	0
7139	0
7140	0
7141	3
7142	0
7143	0
7144	0
7145	0
7146	3
7147	3
7148	2
7149	0
7150	0
7151	3
7152	0
7153	0
7154	3
7155	3
7156	0
7157	2
7158	2
7159	0
7160	0
7161	3
7162	3
7163	3
7164	0
7165	2
7166	1
7167	3
7168	3
7169	3
7170	0
7171	3
7172	0
7173	3
7174	1
7175	3
7176	1
7177	3
7178	1
7179	3
7180	2
7181	1
7182	3
7183	0
7184	3
7185	2
7186	3
7187	3
7188	1
7189	3
7190	3
7191	3
7192	0
7193	3
7194	2
7195	2
7196	3
7197	1
7198	0
7199	3
7200	3
7201	3
7202	3
7203	3
7204	3
7205	3
7206	0
7207	3
7208	3
7209	3
7210	2
7211	0
7212	0
7213	3
7214	0
7215	3
7216	1
7217	3
7218	0
7219	1
7220	0
7221	3
7222	3
7223	3
7224	0
7225	0
7226	0
7227	3
7228	0
7229	0
7230	0
7231	0
7232	3
7233	0
7234	0
7235	0
7236	0
7237	0
7238	3
7239	0
7240	0
7241	0
7242	0
7243	0
7244	2
7245	0
7246	0
7247	0
7248	0
7249	0
7250	0
7251	2
7252	0
7253	3
7254	1
7255	3
7256	1
7257	3
7258	3
7259	0
7260	0
7261	0
7262	2
7263	0
7264	3
7265	0
7266	0
7267	0
7268	2
7269	3
7270	0
7271	1
7272	1
7273	0
7274	1
7275	3
7276	3
7277	0
7278	3
7279	3
7280	0
7281	3
7282	2
7283	0
7284	0
7285	0
7286	2
7287	0
7288	0
7289	0
7290	3
7291	3
7292	0
7293	3
7294	3
7295	0
7296	3
7297	2
7298	0
7299	2
7300	3
7301	0
7302	0
7303	2
7304	1
7305	1
7306	2
7307	1
7308	3
7309	3
7310	0
7311	3
7312	3
7313	3
7314	3
7315	2
7316	0
7317	2
7318	0
7319	3
7320	3
7321	3
7322	3
7323	3
7324	2
7325	1
7326	0
7327	0
7328	3
7329	3
7330	0
7331	2
7332	3
7333	1
7334	3
7335	3
7336	0
7337	3
7338	3
7339	3
7340	2
7341	0
7342	0
7343	0
7344	0
7345	3
7346	0
7347	3
7348	3
7349	0
7350	3
7351	0
7352	1
7353	3
7354	0
7355	2
7356	3
7357	3
7358	0
7359	0
7360	0
7361	0
7362	3
7363	1
7364	0
7365	0
7366	1
7367	3
7368	1
7369	3
7370	0
7371	0
7372	3
7373	3
7374	0
7375	2
7376	3
7377	3
7378	3
7379	0
7380	0
7381	0
7382	2
7383	3
7384	1
7385	0
7386	0
7387	1
7388	3
7389	0
7390	2
7391	3
7392	0
7393	3
7394	0
7395	1
7396	3
7397	0
7398	0
7399	0
7400	3
7401	0
7402	0
7403	2
7404	0
7405	3
7406	0
7407	0
7408	2
7409	0
7410	0
7411	3
7412	2
7413	2
7414	2
7415	0
7416	0
7417	2
7418	1
7419	1
7420	3
7421	2
7422	0
7423	0
7424	0
7425	0
7426	2
7427	1
7428	0
7429	0
7430	3
7431	3
7432	3
7433	0
7434	3
7435	0
7436	3
7437	0
7438	0
7439	3
7440	0
7441	0
7442	0
7443	1
7444	2
7445	0
7446	1
7447	2
7448	0
7449	0
7450	2
7451	0
7452	1
7453	0
7454	0
7455	3
7456	0
7457	1
7458	0
7459	0
7460	0
7461	0
7462	3
7463	0
7464	0
7465	0
7466	0
7467	1
7468	3
7469	0
7470	1
7471	0
7472	0
7473	0
7474	3
7475	0
7476	3
7477	0
7478	1
7479	0
7480	0
7481	0
7482	3
7483	0
7484	0
7485	3
7486	1
7487	0
7488	0
7489	0
7490	2
7491	3
7492	0
7493	3
7494	0
7495	3
7496	2
7497	1
7498	0
7499	3
7500	1
7501	0
7502	3
7503	1
7504	3
7505	0
7506	3
7507	3
7508	3
7509	3
7510	1
7511	0
7512	0
7513	3
7514	2
7515	0
7516	3
7517	0
7518	0
7519	0
7520	3
7521	0
7522	3
7523	3
7524	0
7525	0
7526	0
7527	0
7528	3
7529	3
7530	0
7531	3
7532	2
7533	0
7534	3
7535	0
7536	0
7537	3
7538	3
7539	2
7540	3
7541	0
7542	3
7543	1
7544	3
7545	3
7546	2
7547	0
7548	0
7549	3
7550	0
7551	0
7552	1
7553	0
7554	3
7555	3
7556	0
7557	0
7558	0
7559	3
7560	3
7561	3
7562	0
7563	0
7564	3
7565	0
7566	0
7567	0
7568	3
7569	0
7570	0
7571	3
7572	3
7573	3
7574	3
7575	0
7576	3
7577	0
7578	0
7579	3
7580	0
7581	1
7582	3
7583	0
7584	3
7585	2
7586	3
7587	3
7588	0
7589	3
7590	0
7591	0
7592	0
7593	0
7594	3
7595	0
7596	3
7597	0
7598	3
7599	3
7600	0
7601	2
7602	2
7603	3
7604	0
7605	0
7606	3
7607	3
7608	3
7609	0
7610	2
7611	0
7612	0
7613	1
7614	0
7615	0
7616	0
7617	1
7618	0
7619	3
7620	3
7621	3
7622	0
7623	0
7624	0
7625	3
7626	0
7627	0
7628	1
7629	3
7630	1
7631	0
7632	3
7633	0
7634	0
7635	0
7636	0
7637	0
7638	3
7639	0
7640	0
7641	0
7642	3
7643	0
7644	2
7645	0
7646	0
7647	0
7648	3
7649	0
7650	0
7651	3
7652	3
7653	3
7654	3
7655	0
7656	3
7657	3
7658	2
7659	3
7660	0
7661	3
7662	2
7663	3
7664	3
7665	0
7666	1
7667	0
7668	0
7669	0
7670	0
7671	0
7672	0
7673	0
7674	3
7675	3
7676	0
7677	3
7678	3
7679	1
7680	2
7681	3
7682	3
7683	3
7684	1
7685	3
7686	3
7687	0
7688	0
7689	0
7690	3
7691	3
7692	3
7693	0
7694	3
7695	3
7696	3
7697	2
7698	0
7699	3
7700	3
7701	3
7702	3
7703	2
7704	0
7705	3
7706	3
7707	2
7708	0
7709	0
7710	0
7711	3
7712	0
7713	3
7714	1
7715	3
7716	0
7717	0
7718	1
7719	0
7720	3
7721	1
7722	3
7723	3
7724	3
7725	3
7726	3
7727	0
7728	3
7729	1
7730	3
7731	3
7732	0
7733	3
7734	2
7735	0
7736	3
7737	1
7738	0
7739	3
7740	2
7741	3
7742	2
7743	0
7744	2
7745	0
7746	0
7747	3
7748	3
7749	1
7750	0
7751	3
7752	0
7753	2
7754	0
7755	3
7756	0
7757	3
7758	0
7759	3
7760	3
7761	3
7762	3
7763	3
7764	3
7765	1
7766	0
7767	3
7768	3
7769	3
7770	3
7771	2
7772	3
7773	3
7774	3
7775	1
7776	3
7777	2
7778	3
7779	0
7780	1
7781	0
7782	0
7783	0
7784	1
7785	3
7786	1
7787	3
7788	0
7789	3
7790	0
7791	0
7792	0
7793	1
7794	3
7795	0
7796	3
7797	0
7798	0
7799	0
7800	3
7801	0
7802	0
7803	3
7804	0
7805	0
7806	0
7807	3
7808	0
7809	3
7810	2
7811	0
7812	0
7813	0
7814	0
7815	3
7816	3
7817	0
7818	3
7819	3
7820	3
7821	0
7822	3
7823	3
7824	1
7825	3
7826	0
7827	1
7828	3
7829	3
7830	0
7831	2
7832	3
7833	0
7834	1
7835	2
7836	3
7837	3
7838	3
7839	3
7840	1
7841	0
7842	3
7843	2
7844	2
7845	0
7846	0
7847	2
7848	0
7849	3
7850	3
7851	3
7852	0
7853	2
7854	3
7855	0
7856	0
7857	3
7858	3
7859	0
7860	3
7861	3
7862	3
7863	0
7864	0
7865	0
7866	3
7867	3
7868	0
7869	3
7870	0
7871	0
7872	3
7873	3
7874	0
7875	3
7876	0
7877	3
7878	3
7879	3
7880	0
7881	0
7882	0
7883	0
7884	3
7885	3
7886	0
7887	0
7888	3
7889	3
7890	3
7891	3
7892	3
7893	3
7894	3
7895	3
7896	0
7897	0
7898	0
7899	3
7900	0
7901	1
7902	1
7903	1
7904	0
7905	3
7906	3
7907	0
7908	0
7909	1
7910	3
7911	0
7912	0
7913	3
7914	3
7915	3
7916	3
7917	0
7918	2
7919	3
7920	3
7921	3
7922	1
7923	0
7924	3
7925	3
7926	1
7927	0
7928	2
7929	3
7930	0
7931	2
7932	3
7933	3
7934	0
7935	3
7936	0
7937	1
7938	0
7939	2
7940	2
7941	3
7942	3
7943	3
7944	2
7945	0
7946	0
7947	3
7948	0
7949	1
7950	0
7951	1
7952	3
7953	0
7954	0
7955	0
7956	1
7957	0
7958	3
7959	3
7960	0
7961	0
7962	1
7963	0
7964	3
7965	0
7966	3
7967	3
7968	0
7969	3
7970	0
7971	0
7972	3
7973	2
7974	0
7975	2
7976	0
7977	0
7978	0
7979	2
7980	2
7981	0
7982	2
7983	0
7984	2
7985	3
7986	0
7987	2
7988	1
7989	0
7990	0
7991	3
7992	2
7993	1
7994	0
7995	0
7996	3
7997	0
7998	0
7999	3
8000	0
8001	0
8002	0
8003	0
8004	0
8005	0
8006	1
8007	2
8008	0
8009	3
8010	0
8011	0
8012	0
8013	3
8014	0
8015	2
8016	3
8017	1
8018	1
8019	3
8020	0
8021	1
8022	3
8023	3
8024	0
8025	0
8026	0
8027	3
8028	3
8029	3
8030	1
8031	3
8032	3
8033	0
8034	0
8035	2
8036	0
8037	3
8038	3
8039	0
8040	0
8041	0
8042	0
8043	0
8044	0
8045	0
8046	2
8047	3
8048	1
8049	3
8050	3
8051	3
8052	3
8053	0
8054	3
8055	0
8056	0
8057	1
8058	0
8059	2
8060	0
8061	3
8062	3
8063	3
8064	0
8065	0
8066	0
8067	3
8068	1
8069	0
8070	0
8071	0
8072	3
8073	2
8074	3
8075	2
8076	3
8077	0
8078	0
8079	3
8080	0
8081	0
8082	0
8083	0
8084	0
8085	2
8086	0
8087	0
8088	0
8089	1
8090	3
8091	3
8092	2
8093	0
8094	3
8095	3
8096	3
8097	0
8098	1
8099	3
8100	2
8101	3
8102	3
8103	0
8104	2
8105	3
8106	0
8107	0
8108	0
8109	2
8110	1
8111	1
8112	3
8113	1
8114	0
8115	3
8116	2
8117	3
8118	3
8119	0
8120	3
8121	1
8122	0
8123	0
8124	2
8125	0
8126	1
8127	3
8128	0
8129	0
8130	0
8131	0
8132	0
8133	1
8134	0
8135	0
8136	0
8137	1
8138	0
8139	0
8140	0
8141	1
8142	0
8143	0
8144	0
8145	0
8146	3
8147	2
8148	1
8149	0
8150	2
8151	0
8152	0
8153	0
8154	1
8155	3
8156	0
8157	0
8158	0
8159	0
8160	2
8161	0
8162	2
8163	0
8164	0
8165	0
8166	1
8167	3
8168	3
8169	0
8170	0
8171	0
8172	0
8173	1
8174	3
8175	0
8176	3
8177	3
8178	3
8179	0
8180	3
8181	3
8182	3
8183	3
8184	3
8185	3
8186	3
8187	3
8188	2
8189	3
8190	3
8191	3
