COMMAND
./sim gshare 11 10 ./proj2-traces/jpeg_trace.txt
OUTPUT
number of predictions:2000000
number of mispredictions:148866
misprediction rate:   7.44%
FINAL GSHARE CONTENTS
0	3
1	3
2	3
3	2
4	0
5	0
6	3
7	1
8	2
9	3
10	3
11	2
12	2
13	2
14	3
15	2
16	0
17	0
18	2
19	0
20	0
21	0
22	0
23	0
24	0
25	0
26	0
27	1
28	0
29	0
30	3
31	3
32	3
33	1
34	3
35	2
36	0
37	3
38	3
39	3
40	1
41	3
42	3
43	3
44	0
45	0
46	3
47	3
48	3
49	0
50	0
51	0
52	3
53	2
54	0
55	0
56	3
57	0
58	3
59	0
60	3
61	0
62	0
63	2
64	3
65	0
66	2
67	0
68	3
69	0
70	3
71	1
72	3
73	0
74	3
75	1
76	1
77	0
78	3
79	0
80	3
81	0
82	3
83	0
84	2
85	0
86	3
87	0
88	3
89	0
90	0
91	0
92	3
93	0
94	0
95	0
96	3
97	0
98	1
99	1
100	0
101	3
102	2
103	0
104	3
105	0
106	3
107	0
108	3
109	0
110	3
111	1
112	3
113	0
114	3
115	0
116	3
117	0
118	3
119	0
120	3
121	1
122	0
123	0
124	3
125	0
126	2
127	0
128	0
129	0
130	3
131	0
132	3
133	0
134	3
135	0
136	1
137	1
138	2
139	2
140	3
141	3
142	3
143	1
144	0
145	3
146	3
147	2
148	3
149	0
150	3
151	3
152	0
153	3
154	3
155	3
156	3
157	3
158	3
159	0
160	3
161	3
162	3
163	3
164	3
165	3
166	0
167	3
168	3
169	3
170	0
171	3
172	3
173	1
174	0
175	3
176	3
177	3
178	2
179	1
180	2
181	0
182	0
183	1
184	2
185	0
186	3
187	3
188	3
189	3
190	3
191	2
192	3
193	0
194	3
195	1
196	3
197	0
198	3
199	1
200	0
201	3
202	0
203	3
204	3
205	2
206	3
207	2
208	3
209	3
210	1
211	2
212	3
213	2
214	3
215	2
216	3
217	1
218	2
219	1
220	3
221	0
222	1
223	0
224	3
225	3
226	3
227	3
228	0
229	1
230	2
231	0
232	3
233	3
234	3
235	3
236	3
237	3
238	0
239	3
240	3
241	0
242	3
243	2
244	3
245	1
246	0
247	0
248	1
249	0
250	2
251	0
252	1
253	0
254	0
255	3
256	1
257	0
258	2
259	0
260	0
261	3
262	1
263	3
264	2
265	0
266	3
267	0
268	1
269	2
270	2
271	3
272	3
273	3
274	0
275	3
276	0
277	0
278	3
279	3
280	3
281	1
282	3
283	1
284	0
285	0
286	3
287	2
288	0
289	2
290	3
291	3
292	1
293	2
294	0
295	3
296	3
297	3
298	3
299	3
300	3
301	3
302	2
303	3
304	3
305	3
306	2
307	0
308	2
309	3
310	2
311	3
312	0
313	3
314	0
315	3
316	0
317	2
318	2
319	0
320	1
321	3
322	0
323	1
324	0
325	0
326	2
327	0
328	3
329	0
330	3
331	1
332	3
333	3
334	3
335	0
336	2
337	3
338	0
339	3
340	0
341	0
342	0
343	0
344	0
345	0
346	1
347	0
348	0
349	3
350	1
351	0
352	1
353	3
354	1
355	2
356	3
357	3
358	3
359	2
360	3
361	0
362	3
363	3
364	3
365	3
366	3
367	2
368	3
369	1
370	0
371	3
372	3
373	2
374	3
375	2
376	2
377	0
378	0
379	0
380	0
381	0
382	1
383	3
384	1
385	1
386	1
387	0
388	0
389	3
390	2
391	0
392	3
393	3
394	0
395	3
396	3
397	3
398	3
399	3
400	3
401	3
402	0
403	3
404	0
405	0
406	1
407	3
408	0
409	0
410	1
411	3
412	1
413	3
414	3
415	3
416	3
417	0
418	3
419	0
420	2
421	3
422	0
423	0
424	0
425	3
426	0
427	3
428	3
429	0
430	0
431	2
432	3
433	3
434	1
435	3
436	3
437	3
438	2
439	3
440	3
441	1
442	1
443	3
444	3
445	0
446	2
447	2
448	3
449	1
450	0
451	0
452	0
453	2
454	2
455	3
456	0
457	0
458	0
459	0
460	3
461	0
462	3
463	3
464	3
465	0
466	0
467	3
468	2
469	3
470	0
471	3
472	3
473	2
474	0
475	0
476	3
477	2
478	3
479	1
480	3
481	1
482	3
483	1
484	3
485	1
486	2
487	3
488	3
489	3
490	3
491	2
492	0
493	1
494	0
495	0
496	2
497	0
498	1
499	0
500	3
501	0
502	3
503	3
504	2
505	3
506	3
507	3
508	1
509	2
510	0
511	0
512	3
513	0
514	1
515	3
516	3
517	3
518	0
519	2
520	1
521	3
522	3
523	0
524	1
525	2
526	2
527	0
528	0
529	0
530	0
531	0
532	0
533	2
534	3
535	1
536	0
537	0
538	0
539	3
540	0
541	0
542	3
543	0
544	3
545	3
546	3
547	0
548	0
549	0
550	3
551	2
552	2
553	1
554	0
555	3
556	1
557	3
558	0
559	1
560	0
561	3
562	0
563	0
564	0
565	2
566	0
567	0
568	2
569	2
570	3
571	0
572	0
573	2
574	3
575	3
576	0
577	3
578	0
579	3
580	3
581	3
582	3
583	3
584	0
585	3
586	3
587	3
588	0
589	2
590	1
591	1
592	2
593	3
594	0
595	3
596	0
597	0
598	3
599	3
600	1
601	3
602	3
603	0
604	0
605	0
606	0
607	0
608	0
609	1
610	0
611	2
612	3
613	1
614	3
615	3
616	3
617	0
618	3
619	3
620	0
621	0
622	3
623	1
624	0
625	3
626	0
627	2
628	3
629	2
630	3
631	0
632	0
633	0
634	0
635	3
636	0
637	2
638	3
639	3
640	1
641	0
642	1
643	0
644	3
645	2
646	3
647	3
648	3
649	0
650	3
651	3
652	3
653	3
654	0
655	0
656	0
657	3
658	0
659	3
660	3
661	2
662	3
663	1
664	3
665	0
666	2
667	0
668	3
669	1
670	2
671	0
672	0
673	3
674	0
675	3
676	1
677	3
678	3
679	0
680	2
681	3
682	0
683	3
684	3
685	3
686	0
687	3
688	3
689	0
690	1
691	0
692	1
693	3
694	2
695	0
696	3
697	3
698	3
699	3
700	1
701	3
702	1
703	0
704	3
705	0
706	3
707	1
708	3
709	0
710	3
711	0
712	2
713	0
714	3
715	0
716	3
717	2
718	0
719	3
720	0
721	3
722	0
723	3
724	2
725	3
726	3
727	3
728	0
729	0
730	3
731	0
732	3
733	3
734	3
735	3
736	0
737	1
738	0
739	1
740	3
741	2
742	3
743	3
744	3
745	3
746	3
747	0
748	3
749	3
750	0
751	2
752	1
753	3
754	3
755	3
756	3
757	3
758	3
759	3
760	3
761	3
762	3
763	3
764	3
765	3
766	3
767	3
768	3
769	3
770	3
771	3
772	2
773	0
774	3
775	1
776	3
777	0
778	1
779	0
780	2
781	1
782	0
783	2
784	1
785	1
786	1
787	3
788	0
789	1
790	0
791	3
792	0
793	0
794	0
795	3
796	2
797	3
798	3
799	0
800	2
801	2
802	3
803	0
804	1
805	3
806	3
807	3
808	0
809	0
810	0
811	3
812	2
813	0
814	3
815	3
816	3
817	3
818	0
819	3
820	1
821	0
822	3
823	0
824	1
825	3
826	1
827	0
828	0
829	2
830	0
831	0
832	3
833	2
834	3
835	0
836	2
837	0
838	2
839	0
840	0
841	0
842	1
843	0
844	0
845	3
846	3
847	1
848	0
849	3
850	0
851	2
852	0
853	3
854	0
855	3
856	0
857	0
858	0
859	3
860	0
861	0
862	0
863	0
864	0
865	3
866	0
867	3
868	0
869	0
870	0
871	2
872	0
873	3
874	0
875	0
876	0
877	0
878	0
879	0
880	2
881	3
882	2
883	0
884	0
885	0
886	0
887	0
888	3
889	0
890	0
891	0
892	3
893	3
894	3
895	0
896	3
897	0
898	0
899	0
900	3
901	0
902	3
903	0
904	3
905	3
906	1
907	3
908	0
909	3
910	3
911	3
912	0
913	3
914	1
915	2
916	3
917	2
918	1
919	1
920	3
921	3
922	3
923	1
924	3
925	2
926	2
927	0
928	3
929	0
930	3
931	3
932	3
933	0
934	2
935	0
936	3
937	3
938	0
939	0
940	0
941	0
942	1
943	0
944	0
945	0
946	0
947	0
948	3
949	0
950	3
951	0
952	3
953	2
954	0
955	0
956	3
957	3
958	3
959	0
960	0
961	0
962	3
963	0
964	0
965	0
966	1
967	0
968	0
969	1
970	3
971	3
972	3
973	3
974	1
975	3
976	0
977	3
978	0
979	0
980	0
981	1
982	0
983	0
984	3
985	3
986	1
987	3
988	3
989	3
990	0
991	1
992	3
993	2
994	0
995	0
996	2
997	3
998	0
999	2
1000	2
1001	1
1002	3
1003	0
1004	3
1005	0
1006	3
1007	0
1008	0
1009	3
1010	0
1011	3
1012	0
1013	3
1014	1
1015	3
1016	0
1017	1
1018	0
1019	1
1020	2
1021	1
1022	3
1023	2
1024	3
1025	3
1026	3
1027	0
1028	0
1029	3
1030	3
1031	3
1032	3
1033	0
1034	3
1035	0
1036	1
1037	3
1038	3
1039	1
1040	3
1041	1
1042	2
1043	3
1044	1
1045	3
1046	1
1047	3
1048	3
1049	2
1050	3
1051	0
1052	3
1053	2
1054	3
1055	0
1056	3
1057	0
1058	3
1059	1
1060	3
1061	1
1062	3
1063	0
1064	3
1065	1
1066	1
1067	3
1068	3
1069	0
1070	3
1071	3
1072	3
1073	1
1074	2
1075	2
1076	3
1077	2
1078	3
1079	3
1080	3
1081	3
1082	3
1083	0
1084	3
1085	3
1086	2
1087	3
1088	3
1089	2
1090	1
1091	2
1092	3
1093	0
1094	3
1095	1
1096	2
1097	3
1098	2
1099	3
1100	3
1101	0
1102	0
1103	1
1104	3
1105	3
1106	3
1107	2
1108	3
1109	0
1110	0
1111	1
1112	3
1113	2
1114	1
1115	3
1116	0
1117	3
1118	0
1119	1
1120	3
1121	3
1122	3
1123	1
1124	3
1125	0
1126	3
1127	2
1128	3
1129	3
1130	2
1131	3
1132	0
1133	3
1134	3
1135	3
1136	3
1137	0
1138	3
1139	0
1140	3
1141	2
1142	2
1143	3
1144	2
1145	3
1146	2
1147	3
1148	1
1149	0
1150	1
1151	3
1152	3
1153	3
1154	3
1155	3
1156	2
1157	3
1158	3
1159	0
1160	3
1161	3
1162	3
1163	3
1164	3
1165	3
1166	3
1167	0
1168	3
1169	3
1170	3
1171	2
1172	3
1173	0
1174	3
1175	3
1176	1
1177	3
1178	3
1179	3
1180	3
1181	3
1182	3
1183	3
1184	2
1185	0
1186	2
1187	0
1188	2
1189	3
1190	0
1191	0
1192	3
1193	0
1194	2
1195	0
1196	3
1197	2
1198	2
1199	3
1200	2
1201	1
1202	3
1203	0
1204	3
1205	2
1206	3
1207	2
1208	3
1209	3
1210	2
1211	3
1212	0
1213	2
1214	3
1215	3
1216	3
1217	3
1218	3
1219	3
1220	3
1221	3
1222	3
1223	3
1224	3
1225	3
1226	3
1227	2
1228	3
1229	3
1230	3
1231	3
1232	3
1233	3
1234	3
1235	3
1236	3
1237	1
1238	2
1239	3
1240	0
1241	0
1242	0
1243	0
1244	0
1245	0
1246	3
1247	0
1248	3
1249	3
1250	3
1251	3
1252	3
1253	3
1254	3
1255	3
1256	3
1257	1
1258	3
1259	3
1260	2
1261	3
1262	3
1263	1
1264	3
1265	3
1266	3
1267	2
1268	3
1269	3
1270	3
1271	3
1272	3
1273	3
1274	3
1275	3
1276	3
1277	3
1278	3
1279	2
1280	1
1281	3
1282	3
1283	1
1284	3
1285	3
1286	0
1287	3
1288	3
1289	3
1290	3
1291	3
1292	3
1293	3
1294	2
1295	2
1296	3
1297	0
1298	2
1299	3
1300	3
1301	3
1302	3
1303	1
1304	1
1305	0
1306	3
1307	3
1308	3
1309	0
1310	1
1311	3
1312	3
1313	0
1314	3
1315	1
1316	3
1317	3
1318	3
1319	2
1320	3
1321	3
1322	3
1323	0
1324	3
1325	3
1326	3
1327	1
1328	3
1329	3
1330	0
1331	0
1332	3
1333	1
1334	0
1335	3
1336	0
1337	0
1338	3
1339	1
1340	2
1341	3
1342	3
1343	0
1344	3
1345	1
1346	2
1347	0
1348	3
1349	3
1350	3
1351	0
1352	1
1353	0
1354	2
1355	2
1356	0
1357	1
1358	1
1359	3
1360	0
1361	2
1362	0
1363	3
1364	3
1365	0
1366	3
1367	3
1368	1
1369	0
1370	3
1371	0
1372	0
1373	0
1374	2
1375	0
1376	3
1377	2
1378	1
1379	3
1380	3
1381	2
1382	3
1383	3
1384	3
1385	3
1386	3
1387	3
1388	3
1389	1
1390	2
1391	3
1392	1
1393	0
1394	3
1395	0
1396	1
1397	2
1398	3
1399	2
1400	3
1401	0
1402	3
1403	1
1404	3
1405	3
1406	3
1407	1
1408	3
1409	3
1410	3
1411	0
1412	0
1413	1
1414	2
1415	0
1416	3
1417	3
1418	2
1419	0
1420	0
1421	0
1422	3
1423	0
1424	3
1425	1
1426	2
1427	1
1428	3
1429	2
1430	3
1431	3
1432	3
1433	0
1434	3
1435	0
1436	1
1437	1
1438	3
1439	3
1440	3
1441	3
1442	3
1443	2
1444	3
1445	3
1446	3
1447	3
1448	3
1449	0
1450	0
1451	1
1452	3
1453	3
1454	1
1455	3
1456	2
1457	2
1458	3
1459	3
1460	3
1461	0
1462	3
1463	0
1464	3
1465	2
1466	3
1467	3
1468	0
1469	3
1470	2
1471	1
1472	3
1473	3
1474	2
1475	3
1476	0
1477	3
1478	3
1479	3
1480	3
1481	3
1482	3
1483	3
1484	0
1485	3
1486	3
1487	3
1488	3
1489	3
1490	3
1491	3
1492	3
1493	3
1494	0
1495	2
1496	2
1497	3
1498	3
1499	3
1500	3
1501	0
1502	1
1503	0
1504	3
1505	3
1506	3
1507	3
1508	0
1509	3
1510	1
1511	3
1512	3
1513	1
1514	2
1515	0
1516	3
1517	2
1518	3
1519	3
1520	0
1521	2
1522	3
1523	3
1524	3
1525	0
1526	3
1527	3
1528	2
1529	1
1530	3
1531	2
1532	3
1533	1
1534	3
1535	3
1536	0
1537	3
1538	0
1539	3
1540	0
1541	3
1542	0
1543	3
1544	3
1545	3
1546	0
1547	1
1548	3
1549	0
1550	3
1551	0
1552	1
1553	0
1554	0
1555	0
1556	3
1557	2
1558	3
1559	1
1560	3
1561	3
1562	3
1563	0
1564	3
1565	3
1566	3
1567	0
1568	3
1569	1
1570	0
1571	3
1572	3
1573	3
1574	3
1575	3
1576	0
1577	0
1578	1
1579	3
1580	0
1581	0
1582	0
1583	0
1584	3
1585	0
1586	3
1587	0
1588	3
1589	3
1590	3
1591	0
1592	1
1593	3
1594	3
1595	1
1596	3
1597	0
1598	3
1599	0
1600	0
1601	2
1602	3
1603	3
1604	3
1605	3
1606	0
1607	3
1608	0
1609	1
1610	3
1611	0
1612	3
1613	3
1614	0
1615	1
1616	0
1617	0
1618	0
1619	3
1620	0
1621	3
1622	0
1623	3
1624	0
1625	3
1626	0
1627	0
1628	0
1629	3
1630	3
1631	3
1632	3
1633	0
1634	2
1635	3
1636	3
1637	2
1638	2
1639	0
1640	0
1641	0
1642	0
1643	3
1644	1
1645	3
1646	2
1647	0
1648	0
1649	0
1650	0
1651	0
1652	1
1653	0
1654	2
1655	0
1656	3
1657	3
1658	1
1659	3
1660	3
1661	1
1662	0
1663	3
1664	3
1665	3
1666	3
1667	3
1668	2
1669	3
1670	0
1671	3
1672	3
1673	3
1674	3
1675	2
1676	3
1677	3
1678	3
1679	3
1680	3
1681	0
1682	3
1683	3
1684	3
1685	3
1686	3
1687	3
1688	1
1689	0
1690	3
1691	3
1692	3
1693	3
1694	3
1695	3
1696	3
1697	3
1698	3
1699	3
1700	2
1701	3
1702	3
1703	1
1704	1
1705	3
1706	3
1707	3
1708	3
1709	3
1710	3
1711	1
1712	1
1713	2
1714	2
1715	3
1716	3
1717	3
1718	3
1719	3
1720	3
1721	3
1722	3
1723	3
1724	3
1725	3
1726	2
1727	3
1728	3
1729	3
1730	3
1731	3
1732	3
1733	3
1734	3
1735	3
1736	3
1737	3
1738	1
1739	3
1740	3
1741	3
1742	1
1743	3
1744	3
1745	3
1746	3
1747	3
1748	3
1749	3
1750	3
1751	3
1752	2
1753	3
1754	2
1755	3
1756	3
1757	3
1758	3
1759	3
1760	0
1761	3
1762	3
1763	3
1764	2
1765	3
1766	0
1767	3
1768	2
1769	3
1770	1
1771	3
1772	3
1773	3
1774	3
1775	3
1776	3
1777	3
1778	2
1779	3
1780	0
1781	3
1782	3
1783	0
1784	3
1785	2
1786	3
1787	0
1788	3
1789	0
1790	3
1791	2
1792	3
1793	0
1794	3
1795	3
1796	3
1797	3
1798	3
1799	3
1800	3
1801	3
1802	3
1803	3
1804	1
1805	3
1806	1
1807	3
1808	3
1809	2
1810	0
1811	0
1812	3
1813	1
1814	3
1815	2
1816	3
1817	3
1818	3
1819	3
1820	3
1821	3
1822	3
1823	3
1824	3
1825	0
1826	3
1827	3
1828	3
1829	3
1830	3
1831	1
1832	3
1833	3
1834	2
1835	1
1836	3
1837	1
1838	3
1839	3
1840	3
1841	2
1842	3
1843	0
1844	2
1845	3
1846	3
1847	3
1848	3
1849	3
1850	3
1851	0
1852	1
1853	3
1854	2
1855	3
1856	1
1857	3
1858	3
1859	3
1860	3
1861	3
1862	3
1863	3
1864	3
1865	3
1866	3
1867	3
1868	3
1869	3
1870	3
1871	3
1872	3
1873	3
1874	3
1875	0
1876	3
1877	3
1878	3
1879	3
1880	3
1881	3
1882	2
1883	3
1884	3
1885	3
1886	3
1887	3
1888	3
1889	0
1890	3
1891	2
1892	2
1893	2
1894	1
1895	2
1896	3
1897	0
1898	3
1899	2
1900	2
1901	3
1902	3
1903	3
1904	1
1905	3
1906	3
1907	3
1908	3
1909	0
1910	3
1911	1
1912	3
1913	2
1914	3
1915	0
1916	2
1917	1
1918	3
1919	0
1920	3
1921	3
1922	3
1923	3
1924	3
1925	3
1926	3
1927	3
1928	3
1929	3
1930	3
1931	3
1932	1
1933	3
1934	2
1935	3
1936	3
1937	3
1938	0
1939	3
1940	3
1941	2
1942	3
1943	3
1944	3
1945	3
1946	3
1947	3
1948	3
1949	2
1950	3
1951	3
1952	3
1953	3
1954	3
1955	3
1956	3
1957	2
1958	0
1959	3
1960	3
1961	0
1962	3
1963	0
1964	3
1965	3
1966	3
1967	3
1968	3
1969	3
1970	0
1971	3
1972	3
1973	3
1974	3
1975	3
1976	3
1977	3
1978	3
1979	3
1980	3
1981	2
1982	3
1983	3
1984	1
1985	3
1986	3
1987	3
1988	3
1989	3
1990	3
1991	3
1992	0
1993	3
1994	2
1995	3
1996	0
1997	3
1998	2
1999	3
2000	3
2001	2
2002	3
2003	3
2004	3
2005	3
2006	3
2007	3
2008	3
2009	3
2010	3
2011	3
2012	2
2013	1
2014	0
2015	3
2016	3
2017	3
2018	3
2019	3
2020	3
2021	0
2022	2
2023	3
2024	1
2025	3
2026	2
2027	3
2028	1
2029	3
2030	3
2031	3
2032	3
2033	3
2034	2
2035	2
2036	3
2037	0
2038	1
2039	1
2040	3
2041	3
2042	2
2043	3
2044	3
2045	0
2046	2
2047	1
