COMMAND
./sim gshare 13 11 ./proj2-traces/jpeg_trace.txt
OUTPUT
number of predictions:2000000
number of mispredictions:142620
misprediction rate:   7.13%
FINAL GSHARE CONTENTS
0	2
1	2
2	1
3	3
4	3
5	0
6	0
7	1
8	3
9	3
10	3
11	3
12	2
13	3
14	3
15	2
16	3
17	3
18	2
19	2
20	3
21	1
22	1
23	0
24	3
25	3
26	3
27	2
28	0
29	0
30	1
31	3
32	2
33	3
34	1
35	2
36	3
37	3
38	0
39	0
40	2
41	3
42	1
43	2
44	3
45	3
46	2
47	3
48	2
49	1
50	3
51	0
52	2
53	2
54	3
55	0
56	0
57	3
58	3
59	0
60	3
61	0
62	2
63	0
64	3
65	2
66	2
67	0
68	0
69	2
70	3
71	0
72	0
73	3
74	3
75	0
76	2
77	2
78	0
79	3
80	0
81	2
82	3
83	0
84	3
85	2
86	3
87	0
88	3
89	2
90	2
91	0
92	2
93	2
94	2
95	0
96	3
97	3
98	2
99	0
100	3
101	3
102	3
103	3
104	0
105	3
106	2
107	0
108	2
109	2
110	2
111	3
112	2
113	3
114	2
115	0
116	1
117	3
118	2
119	0
120	2
121	3
122	2
123	1
124	1
125	3
126	2
127	2
128	1
129	2
130	3
131	3
132	3
133	0
134	2
135	3
136	2
137	3
138	0
139	3
140	0
141	3
142	3
143	3
144	2
145	3
146	2
147	0
148	2
149	0
150	1
151	0
152	1
153	3
154	2
155	3
156	2
157	3
158	2
159	3
160	2
161	2
162	2
163	3
164	0
165	3
166	3
167	3
168	1
169	0
170	0
171	2
172	2
173	0
174	0
175	0
176	3
177	3
178	2
179	0
180	3
181	2
182	1
183	0
184	2
185	0
186	3
187	0
188	3
189	0
190	3
191	1
192	3
193	0
194	3
195	3
196	0
197	2
198	2
199	3
200	2
201	2
202	2
203	3
204	0
205	2
206	0
207	3
208	2
209	0
210	2
211	3
212	0
213	3
214	1
215	0
216	0
217	2
218	0
219	0
220	2
221	2
222	2
223	3
224	3
225	3
226	3
227	3
228	1
229	2
230	3
231	3
232	3
233	3
234	3
235	3
236	2
237	2
238	3
239	3
240	0
241	2
242	3
243	2
244	3
245	2
246	0
247	3
248	1
249	2
250	0
251	0
252	1
253	2
254	2
255	3
256	3
257	0
258	3
259	0
260	2
261	3
262	1
263	3
264	3
265	3
266	0
267	2
268	1
269	3
270	0
271	2
272	3
273	3
274	0
275	3
276	1
277	3
278	1
279	0
280	3
281	0
282	2
283	2
284	0
285	3
286	0
287	2
288	2
289	1
290	2
291	3
292	2
293	2
294	3
295	2
296	3
297	3
298	2
299	2
300	3
301	2
302	3
303	3
304	1
305	3
306	1
307	3
308	3
309	3
310	2
311	1
312	3
313	3
314	3
315	2
316	0
317	2
318	3
319	0
320	3
321	3
322	2
323	3
324	2
325	3
326	2
327	1
328	3
329	1
330	1
331	3
332	3
333	0
334	0
335	3
336	3
337	3
338	3
339	2
340	2
341	3
342	0
343	3
344	3
345	1
346	3
347	3
348	3
349	2
350	3
351	2
352	3
353	3
354	3
355	0
356	2
357	3
358	3
359	0
360	0
361	3
362	3
363	2
364	3
365	0
366	3
367	0
368	2
369	3
370	2
371	2
372	1
373	3
374	3
375	1
376	0
377	3
378	0
379	3
380	0
381	0
382	1
383	0
384	3
385	0
386	2
387	2
388	0
389	3
390	0
391	2
392	3
393	0
394	3
395	2
396	3
397	0
398	3
399	2
400	0
401	3
402	3
403	3
404	3
405	0
406	3
407	2
408	3
409	3
410	3
411	3
412	3
413	1
414	2
415	0
416	3
417	0
418	3
419	2
420	2
421	3
422	3
423	3
424	2
425	3
426	2
427	2
428	0
429	3
430	3
431	2
432	3
433	2
434	3
435	0
436	3
437	0
438	3
439	3
440	2
441	3
442	3
443	3
444	2
445	2
446	3
447	0
448	3
449	3
450	2
451	0
452	0
453	0
454	0
455	3
456	1
457	0
458	3
459	0
460	2
461	0
462	3
463	3
464	2
465	3
466	3
467	0
468	2
469	0
470	3
471	0
472	3
473	3
474	3
475	0
476	2
477	0
478	0
479	0
480	0
481	0
482	3
483	3
484	3
485	2
486	3
487	2
488	3
489	3
490	2
491	3
492	3
493	3
494	2
495	2
496	0
497	0
498	3
499	3
500	2
501	0
502	3
503	2
504	3
505	0
506	3
507	3
508	1
509	0
510	0
511	2
512	1
513	1
514	3
515	2
516	3
517	2
518	0
519	2
520	3
521	0
522	1
523	3
524	1
525	2
526	3
527	2
528	3
529	0
530	3
531	2
532	2
533	3
534	3
535	2
536	2
537	3
538	2
539	3
540	0
541	1
542	3
543	3
544	2
545	2
546	3
547	2
548	3
549	1
550	2
551	0
552	3
553	3
554	2
555	2
556	1
557	1
558	0
559	2
560	3
561	0
562	2
563	3
564	3
565	3
566	0
567	3
568	3
569	2
570	3
571	2
572	3
573	0
574	2
575	2
576	3
577	2
578	3
579	2
580	2
581	0
582	0
583	0
584	2
585	1
586	0
587	2
588	2
589	0
590	1
591	0
592	2
593	3
594	2
595	1
596	2
597	2
598	3
599	1
600	2
601	3
602	0
603	1
604	3
605	2
606	3
607	1
608	1
609	0
610	2
611	2
612	0
613	2
614	2
615	0
616	2
617	0
618	3
619	0
620	3
621	2
622	2
623	2
624	3
625	3
626	3
627	2
628	3
629	2
630	0
631	0
632	2
633	2
634	2
635	2
636	2
637	3
638	2
639	2
640	3
641	3
642	0
643	3
644	3
645	3
646	0
647	3
648	2
649	3
650	1
651	2
652	2
653	0
654	2
655	3
656	3
657	2
658	1
659	3
660	3
661	3
662	1
663	2
664	1
665	2
666	3
667	3
668	3
669	1
670	2
671	2
672	2
673	0
674	2
675	2
676	2
677	2
678	2
679	3
680	1
681	2
682	3
683	0
684	0
685	0
686	0
687	0
688	0
689	2
690	3
691	2
692	3
693	2
694	3
695	0
696	1
697	0
698	2
699	3
700	3
701	1
702	3
703	2
704	0
705	2
706	1
707	3
708	2
709	0
710	2
711	3
712	3
713	0
714	1
715	2
716	3
717	2
718	0
719	3
720	2
721	3
722	0
723	0
724	2
725	3
726	0
727	2
728	2
729	3
730	1
731	1
732	2
733	1
734	0
735	3
736	0
737	2
738	2
739	0
740	1
741	3
742	0
743	3
744	2
745	3
746	2
747	2
748	2
749	2
750	1
751	3
752	1
753	2
754	2
755	2
756	3
757	2
758	0
759	3
760	3
761	3
762	2
763	3
764	2
765	2
766	3
767	3
768	3
769	0
770	0
771	3
772	0
773	3
774	3
775	2
776	3
777	0
778	3
779	1
780	1
781	3
782	0
783	0
784	3
785	2
786	3
787	0
788	3
789	0
790	0
791	2
792	0
793	2
794	0
795	2
796	1
797	2
798	3
799	2
800	1
801	2
802	0
803	1
804	3
805	2
806	0
807	0
808	2
809	0
810	0
811	3
812	3
813	0
814	3
815	3
816	2
817	3
818	0
819	2
820	0
821	3
822	0
823	2
824	2
825	2
826	0
827	3
828	0
829	2
830	3
831	2
832	2
833	1
834	0
835	2
836	3
837	0
838	3
839	2
840	1
841	0
842	0
843	2
844	0
845	0
846	1
847	2
848	0
849	1
850	3
851	3
852	2
853	0
854	2
855	0
856	2
857	2
858	0
859	0
860	2
861	2
862	3
863	2
864	2
865	3
866	0
867	1
868	3
869	2
870	0
871	0
872	2
873	3
874	0
875	3
876	0
877	0
878	0
879	2
880	2
881	0
882	0
883	0
884	2
885	0
886	2
887	1
888	3
889	0
890	1
891	2
892	2
893	0
894	0
895	2
896	3
897	0
898	3
899	2
900	3
901	2
902	0
903	2
904	1
905	2
906	2
907	2
908	3
909	0
910	2
911	2
912	3
913	3
914	2
915	0
916	3
917	0
918	2
919	0
920	3
921	3
922	0
923	0
924	3
925	2
926	0
927	0
928	2
929	0
930	0
931	2
932	2
933	1
934	2
935	2
936	1
937	0
938	1
939	1
940	2
941	1
942	0
943	3
944	3
945	3
946	3
947	3
948	1
949	2
950	3
951	3
952	3
953	2
954	0
955	2
956	3
957	2
958	0
959	0
960	2
961	3
962	2
963	3
964	1
965	2
966	0
967	3
968	0
969	1
970	2
971	2
972	3
973	0
974	1
975	2
976	3
977	3
978	2
979	2
980	3
981	3
982	0
983	3
984	3
985	3
986	0
987	3
988	2
989	2
990	0
991	3
992	2
993	3
994	2
995	2
996	2
997	3
998	0
999	2
1000	3
1001	0
1002	0
1003	1
1004	3
1005	0
1006	3
1007	3
1008	0
1009	3
1010	0
1011	3
1012	3
1013	3
1014	1
1015	0
1016	3
1017	2
1018	0
1019	1
1020	3
1021	3
1022	0
1023	3
1024	0
1025	3
1026	3
1027	3
1028	2
1029	3
1030	2
1031	2
1032	3
1033	0
1034	3
1035	2
1036	3
1037	2
1038	3
1039	3
1040	3
1041	3
1042	3
1043	3
1044	0
1045	2
1046	2
1047	1
1048	3
1049	2
1050	2
1051	3
1052	3
1053	2
1054	2
1055	0
1056	2
1057	0
1058	0
1059	0
1060	3
1061	2
1062	3
1063	0
1064	0
1065	0
1066	3
1067	3
1068	3
1069	2
1070	0
1071	3
1072	2
1073	2
1074	3
1075	3
1076	0
1077	2
1078	2
1079	3
1080	0
1081	3
1082	3
1083	0
1084	3
1085	3
1086	3
1087	2
1088	2
1089	2
1090	3
1091	0
1092	1
1093	0
1094	0
1095	0
1096	2
1097	0
1098	3
1099	3
1100	2
1101	3
1102	3
1103	2
1104	2
1105	2
1106	3
1107	3
1108	3
1109	3
1110	3
1111	2
1112	2
1113	2
1114	3
1115	2
1116	2
1117	2
1118	3
1119	2
1120	3
1121	0
1122	3
1123	2
1124	3
1125	1
1126	2
1127	3
1128	3
1129	0
1130	3
1131	3
1132	0
1133	3
1134	3
1135	3
1136	0
1137	3
1138	3
1139	1
1140	0
1141	0
1142	3
1143	3
1144	0
1145	2
1146	2
1147	3
1148	3
1149	0
1150	3
1151	3
1152	3
1153	3
1154	2
1155	0
1156	3
1157	3
1158	3
1159	1
1160	3
1161	0
1162	3
1163	0
1164	3
1165	2
1166	3
1167	0
1168	3
1169	3
1170	3
1171	1
1172	3
1173	3
1174	1
1175	0
1176	3
1177	3
1178	0
1179	0
1180	0
1181	3
1182	1
1183	2
1184	0
1185	2
1186	1
1187	3
1188	2
1189	0
1190	1
1191	2
1192	1
1193	2
1194	0
1195	1
1196	2
1197	1
1198	2
1199	3
1200	2
1201	2
1202	3
1203	2
1204	3
1205	3
1206	3
1207	2
1208	3
1209	2
1210	0
1211	2
1212	3
1213	3
1214	1
1215	2
1216	1
1217	3
1218	3
1219	0
1220	0
1221	2
1222	3
1223	2
1224	1
1225	2
1226	1
1227	3
1228	2
1229	3
1230	0
1231	3
1232	1
1233	3
1234	3
1235	2
1236	0
1237	3
1238	0
1239	0
1240	2
1241	3
1242	3
1243	2
1244	0
1245	3
1246	1
1247	0
1248	1
1249	3
1250	3
1251	1
1252	2
1253	3
1254	0
1255	2
1256	0
1257	0
1258	2
1259	3
1260	0
1261	3
1262	0
1263	0
1264	1
1265	3
1266	3
1267	2
1268	1
1269	2
1270	3
1271	3
1272	0
1273	2
1274	2
1275	3
1276	2
1277	1
1278	3
1279	0
1280	3
1281	2
1282	3
1283	2
1284	3
1285	3
1286	0
1287	3
1288	3
1289	2
1290	3
1291	2
1292	3
1293	0
1294	3
1295	3
1296	2
1297	2
1298	3
1299	3
1300	3
1301	3
1302	3
1303	3
1304	2
1305	3
1306	0
1307	0
1308	3
1309	1
1310	3
1311	3
1312	3
1313	1
1314	3
1315	2
1316	2
1317	3
1318	3
1319	2
1320	3
1321	3
1322	3
1323	2
1324	1
1325	3
1326	1
1327	0
1328	3
1329	2
1330	3
1331	1
1332	3
1333	3
1334	0
1335	3
1336	3
1337	2
1338	2
1339	0
1340	2
1341	3
1342	3
1343	2
1344	3
1345	2
1346	0
1347	3
1348	3
1349	3
1350	1
1351	2
1352	3
1353	2
1354	3
1355	2
1356	1
1357	0
1358	3
1359	3
1360	0
1361	2
1362	2
1363	3
1364	2
1365	3
1366	1
1367	3
1368	3
1369	2
1370	3
1371	0
1372	2
1373	3
1374	1
1375	2
1376	3
1377	2
1378	0
1379	2
1380	3
1381	3
1382	2
1383	3
1384	0
1385	2
1386	2
1387	3
1388	2
1389	2
1390	2
1391	0
1392	0
1393	2
1394	3
1395	2
1396	1
1397	2
1398	1
1399	2
1400	3
1401	2
1402	2
1403	2
1404	3
1405	0
1406	2
1407	3
1408	3
1409	3
1410	3
1411	2
1412	2
1413	0
1414	0
1415	2
1416	3
1417	0
1418	3
1419	3
1420	0
1421	2
1422	3
1423	3
1424	2
1425	2
1426	1
1427	2
1428	2
1429	2
1430	2
1431	2
1432	3
1433	2
1434	3
1435	0
1436	3
1437	2
1438	3
1439	3
1440	2
1441	2
1442	3
1443	3
1444	2
1445	1
1446	2
1447	2
1448	3
1449	1
1450	2
1451	0
1452	2
1453	0
1454	3
1455	3
1456	3
1457	1
1458	3
1459	1
1460	1
1461	3
1462	3
1463	2
1464	2
1465	3
1466	3
1467	2
1468	2
1469	2
1470	3
1471	3
1472	3
1473	3
1474	3
1475	2
1476	2
1477	2
1478	3
1479	2
1480	0
1481	2
1482	3
1483	2
1484	3
1485	0
1486	3
1487	3
1488	0
1489	0
1490	3
1491	2
1492	1
1493	3
1494	3
1495	2
1496	2
1497	2
1498	3
1499	2
1500	2
1501	2
1502	3
1503	3
1504	2
1505	2
1506	3
1507	2
1508	2
1509	3
1510	3
1511	3
1512	0
1513	2
1514	1
1515	3
1516	3
1517	2
1518	0
1519	3
1520	3
1521	3
1522	3
1523	2
1524	1
1525	2
1526	2
1527	2
1528	0
1529	2
1530	3
1531	3
1532	3
1533	3
1534	2
1535	3
1536	3
1537	2
1538	2
1539	3
1540	3
1541	2
1542	2
1543	3
1544	1
1545	2
1546	0
1547	3
1548	0
1549	1
1550	3
1551	0
1552	2
1553	2
1554	3
1555	2
1556	2
1557	2
1558	2
1559	0
1560	0
1561	3
1562	2
1563	0
1564	0
1565	2
1566	2
1567	0
1568	3
1569	3
1570	2
1571	3
1572	1
1573	1
1574	0
1575	3
1576	2
1577	2
1578	0
1579	1
1580	2
1581	0
1582	0
1583	2
1584	0
1585	2
1586	2
1587	0
1588	3
1589	2
1590	2
1591	3
1592	2
1593	2
1594	3
1595	0
1596	3
1597	2
1598	3
1599	0
1600	3
1601	0
1602	3
1603	3
1604	0
1605	0
1606	2
1607	3
1608	2
1609	0
1610	2
1611	0
1612	3
1613	3
1614	3
1615	2
1616	3
1617	2
1618	2
1619	2
1620	3
1621	0
1622	0
1623	2
1624	3
1625	2
1626	0
1627	3
1628	3
1629	0
1630	3
1631	3
1632	3
1633	0
1634	3
1635	0
1636	3
1637	2
1638	2
1639	3
1640	1
1641	0
1642	2
1643	3
1644	2
1645	2
1646	1
1647	2
1648	1
1649	0
1650	0
1651	3
1652	3
1653	0
1654	2
1655	0
1656	1
1657	3
1658	2
1659	3
1660	3
1661	0
1662	1
1663	3
1664	3
1665	3
1666	1
1667	2
1668	1
1669	2
1670	3
1671	3
1672	1
1673	1
1674	3
1675	0
1676	2
1677	2
1678	0
1679	3
1680	2
1681	3
1682	1
1683	0
1684	0
1685	3
1686	3
1687	2
1688	3
1689	3
1690	2
1691	0
1692	1
1693	3
1694	3
1695	0
1696	2
1697	2
1698	3
1699	3
1700	2
1701	3
1702	3
1703	3
1704	3
1705	2
1706	2
1707	3
1708	3
1709	2
1710	3
1711	3
1712	3
1713	2
1714	1
1715	3
1716	0
1717	3
1718	3
1719	3
1720	3
1721	2
1722	0
1723	3
1724	2
1725	0
1726	1
1727	3
1728	3
1729	1
1730	0
1731	3
1732	3
1733	1
1734	3
1735	3
1736	2
1737	3
1738	2
1739	2
1740	3
1741	3
1742	3
1743	3
1744	0
1745	3
1746	3
1747	3
1748	1
1749	3
1750	0
1751	3
1752	1
1753	3
1754	2
1755	3
1756	3
1757	3
1758	0
1759	3
1760	3
1761	2
1762	3
1763	3
1764	3
1765	3
1766	2
1767	3
1768	1
1769	2
1770	3
1771	0
1772	2
1773	3
1774	0
1775	0
1776	3
1777	0
1778	3
1779	2
1780	2
1781	3
1782	3
1783	3
1784	3
1785	3
1786	3
1787	3
1788	1
1789	3
1790	3
1791	2
1792	0
1793	3
1794	3
1795	3
1796	3
1797	3
1798	3
1799	3
1800	1
1801	2
1802	0
1803	0
1804	0
1805	0
1806	0
1807	3
1808	1
1809	0
1810	1
1811	3
1812	3
1813	1
1814	2
1815	2
1816	3
1817	2
1818	3
1819	3
1820	3
1821	2
1822	0
1823	0
1824	3
1825	2
1826	3
1827	3
1828	3
1829	2
1830	0
1831	3
1832	2
1833	3
1834	3
1835	3
1836	2
1837	3
1838	0
1839	3
1840	1
1841	0
1842	0
1843	2
1844	2
1845	0
1846	2
1847	0
1848	3
1849	0
1850	2
1851	3
1852	3
1853	3
1854	1
1855	0
1856	3
1857	3
1858	2
1859	0
1860	2
1861	3
1862	3
1863	3
1864	2
1865	3
1866	2
1867	3
1868	3
1869	2
1870	2
1871	3
1872	0
1873	0
1874	2
1875	0
1876	2
1877	3
1878	3
1879	2
1880	3
1881	1
1882	0
1883	3
1884	2
1885	3
1886	0
1887	1
1888	2
1889	0
1890	0
1891	3
1892	2
1893	2
1894	1
1895	3
1896	3
1897	2
1898	2
1899	3
1900	0
1901	2
1902	0
1903	2
1904	3
1905	2
1906	2
1907	2
1908	2
1909	2
1910	2
1911	2
1912	3
1913	3
1914	1
1915	2
1916	2
1917	2
1918	0
1919	3
1920	3
1921	1
1922	0
1923	2
1924	3
1925	3
1926	2
1927	3
1928	3
1929	1
1930	2
1931	0
1932	3
1933	2
1934	2
1935	3
1936	3
1937	0
1938	2
1939	3
1940	3
1941	1
1942	1
1943	2
1944	3
1945	0
1946	0
1947	2
1948	2
1949	2
1950	3
1951	3
1952	3
1953	3
1954	2
1955	3
1956	3
1957	0
1958	2
1959	2
1960	3
1961	3
1962	3
1963	3
1964	2
1965	2
1966	2
1967	3
1968	3
1969	0
1970	0
1971	3
1972	2
1973	0
1974	2
1975	3
1976	1
1977	2
1978	0
1979	3
1980	3
1981	0
1982	1
1983	2
1984	3
1985	0
1986	2
1987	3
1988	3
1989	3
1990	3
1991	3
1992	2
1993	2
1994	0
1995	3
1996	3
1997	0
1998	1
1999	2
2000	3
2001	3
2002	3
2003	3
2004	0
2005	3
2006	3
2007	3
2008	1
2009	2
2010	3
2011	3
2012	0
2013	2
2014	3
2015	3
2016	2
2017	3
2018	0
2019	3
2020	3
2021	1
2022	3
2023	3
2024	3
2025	3
2026	1
2027	3
2028	3
2029	2
2030	3
2031	3
2032	3
2033	2
2034	3
2035	3
2036	3
2037	2
2038	3
2039	3
2040	0
2041	2
2042	1
2043	3
2044	3
2045	2
2046	2
2047	0
2048	0
2049	2
2050	2
2051	3
2052	3
2053	2
2054	3
2055	2
2056	0
2057	2
2058	1
2059	3
2060	3
2061	0
2062	2
2063	2
2064	3
2065	2
2066	3
2067	3
2068	2
2069	0
2070	2
2071	2
2072	0
2073	2
2074	2
2075	0
2076	2
2077	3
2078	2
2079	0
2080	2
2081	2
2082	3
2083	3
2084	0
2085	2
2086	3
2087	2
2088	3
2089	3
2090	0
2091	2
2092	2
2093	2
2094	3
2095	3
2096	0
2097	0
2098	3
2099	3
2100	0
2101	2
2102	3
2103	3
2104	2
2105	3
2106	2
2107	0
2108	3
2109	1
2110	2
2111	3
2112	2
2113	3
2114	2
2115	2
2116	0
2117	3
2118	2
2119	1
2120	3
2121	1
2122	3
2123	3
2124	3
2125	2
2126	1
2127	3
2128	0
2129	3
2130	3
2131	2
2132	0
2133	3
2134	1
2135	3
2136	2
2137	3
2138	2
2139	3
2140	3
2141	3
2142	1
2143	3
2144	3
2145	0
2146	3
2147	3
2148	3
2149	2
2150	2
2151	3
2152	0
2153	2
2154	2
2155	3
2156	3
2157	2
2158	3
2159	3
2160	3
2161	2
2162	3
2163	3
2164	3
2165	0
2166	3
2167	0
2168	3
2169	2
2170	3
2171	2
2172	2
2173	0
2174	2
2175	3
2176	3
2177	3
2178	3
2179	3
2180	3
2181	0
2182	0
2183	3
2184	0
2185	2
2186	0
2187	3
2188	3
2189	3
2190	2
2191	2
2192	3
2193	2
2194	3
2195	3
2196	3
2197	2
2198	3
2199	3
2200	0
2201	3
2202	0
2203	2
2204	3
2205	2
2206	0
2207	3
2208	2
2209	3
2210	3
2211	2
2212	2
2213	2
2214	0
2215	2
2216	2
2217	2
2218	3
2219	1
2220	1
2221	0
2222	3
2223	3
2224	3
2225	2
2226	3
2227	1
2228	1
2229	0
2230	0
2231	1
2232	3
2233	0
2234	3
2235	3
2236	1
2237	3
2238	3
2239	3
2240	3
2241	2
2242	1
2243	1
2244	1
2245	0
2246	1
2247	2
2248	0
2249	2
2250	0
2251	2
2252	2
2253	2
2254	1
2255	3
2256	3
2257	3
2258	2
2259	3
2260	3
2261	2
2262	3
2263	2
2264	3
2265	3
2266	3
2267	3
2268	3
2269	2
2270	0
2271	2
2272	3
2273	3
2274	2
2275	2
2276	2
2277	0
2278	3
2279	3
2280	1
2281	2
2282	3
2283	2
2284	0
2285	0
2286	2
2287	3
2288	3
2289	0
2290	3
2291	3
2292	3
2293	0
2294	0
2295	3
2296	3
2297	2
2298	3
2299	2
2300	3
2301	0
2302	2
2303	3
2304	3
2305	0
2306	2
2307	0
2308	3
2309	2
2310	3
2311	3
2312	1
2313	2
2314	3
2315	2
2316	2
2317	2
2318	2
2319	3
2320	0
2321	3
2322	2
2323	3
2324	3
2325	2
2326	3
2327	3
2328	2
2329	3
2330	2
2331	3
2332	3
2333	2
2334	1
2335	2
2336	0
2337	2
2338	3
2339	2
2340	0
2341	2
2342	3
2343	2
2344	3
2345	2
2346	2
2347	2
2348	3
2349	0
2350	3
2351	3
2352	1
2353	0
2354	3
2355	1
2356	3
2357	2
2358	3
2359	0
2360	3
2361	0
2362	2
2363	3
2364	3
2365	3
2366	2
2367	3
2368	0
2369	2
2370	2
2371	0
2372	1
2373	2
2374	0
2375	2
2376	3
2377	2
2378	0
2379	3
2380	3
2381	2
2382	0
2383	3
2384	0
2385	3
2386	2
2387	3
2388	3
2389	2
2390	2
2391	3
2392	2
2393	1
2394	0
2395	3
2396	3
2397	3
2398	0
2399	3
2400	3
2401	2
2402	3
2403	3
2404	2
2405	2
2406	3
2407	3
2408	3
2409	0
2410	3
2411	3
2412	3
2413	0
2414	3
2415	3
2416	3
2417	3
2418	2
2419	3
2420	3
2421	2
2422	3
2423	0
2424	2
2425	0
2426	2
2427	2
2428	3
2429	0
2430	1
2431	2
2432	3
2433	0
2434	2
2435	0
2436	3
2437	2
2438	2
2439	2
2440	2
2441	2
2442	3
2443	0
2444	3
2445	0
2446	2
2447	0
2448	3
2449	3
2450	2
2451	0
2452	1
2453	0
2454	0
2455	0
2456	2
2457	0
2458	3
2459	2
2460	3
2461	0
2462	2
2463	2
2464	3
2465	2
2466	2
2467	3
2468	3
2469	2
2470	3
2471	0
2472	3
2473	3
2474	2
2475	2
2476	3
2477	2
2478	3
2479	0
2480	3
2481	2
2482	2
2483	0
2484	1
2485	0
2486	2
2487	3
2488	3
2489	2
2490	3
2491	0
2492	0
2493	2
2494	2
2495	1
2496	0
2497	3
2498	0
2499	2
2500	3
2501	2
2502	1
2503	3
2504	3
2505	2
2506	2
2507	2
2508	3
2509	2
2510	2
2511	3
2512	3
2513	2
2514	3
2515	2
2516	3
2517	3
2518	2
2519	3
2520	2
2521	1
2522	2
2523	3
2524	3
2525	2
2526	2
2527	3
2528	3
2529	0
2530	2
2531	3
2532	3
2533	3
2534	3
2535	3
2536	0
2537	1
2538	3
2539	2
2540	2
2541	0
2542	2
2543	3
2544	2
2545	0
2546	3
2547	0
2548	3
2549	0
2550	2
2551	0
2552	3
2553	0
2554	3
2555	1
2556	3
2557	0
2558	3
2559	3
2560	3
2561	1
2562	2
2563	2
2564	3
2565	2
2566	2
2567	2
2568	0
2569	2
2570	2
2571	2
2572	3
2573	1
2574	2
2575	2
2576	3
2577	1
2578	2
2579	2
2580	3
2581	3
2582	2
2583	2
2584	2
2585	3
2586	3
2587	2
2588	2
2589	0
2590	3
2591	0
2592	0
2593	3
2594	2
2595	2
2596	3
2597	2
2598	2
2599	3
2600	3
2601	0
2602	2
2603	3
2604	3
2605	2
2606	2
2607	0
2608	2
2609	0
2610	3
2611	3
2612	2
2613	0
2614	3
2615	2
2616	2
2617	2
2618	2
2619	3
2620	2
2621	0
2622	2
2623	3
2624	3
2625	2
2626	2
2627	0
2628	2
2629	3
2630	3
2631	2
2632	0
2633	0
2634	2
2635	3
2636	3
2637	1
2638	2
2639	3
2640	3
2641	3
2642	2
2643	2
2644	2
2645	2
2646	2
2647	2
2648	0
2649	2
2650	2
2651	2
2652	0
2653	1
2654	2
2655	2
2656	3
2657	3
2658	2
2659	2
2660	3
2661	3
2662	0
2663	2
2664	3
2665	3
2666	3
2667	2
2668	3
2669	3
2670	2
2671	3
2672	1
2673	3
2674	3
2675	2
2676	0
2677	2
2678	2
2679	0
2680	3
2681	2
2682	2
2683	2
2684	1
2685	2
2686	3
2687	0
2688	1
2689	3
2690	2
2691	3
2692	3
2693	3
2694	1
2695	3
2696	2
2697	0
2698	0
2699	3
2700	0
2701	2
2702	3
2703	2
2704	3
2705	3
2706	2
2707	3
2708	3
2709	2
2710	2
2711	3
2712	3
2713	2
2714	3
2715	2
2716	2
2717	0
2718	2
2719	2
2720	0
2721	3
2722	0
2723	2
2724	0
2725	3
2726	0
2727	2
2728	0
2729	0
2730	0
2731	3
2732	0
2733	3
2734	3
2735	3
2736	3
2737	3
2738	3
2739	0
2740	3
2741	3
2742	0
2743	3
2744	3
2745	1
2746	0
2747	3
2748	2
2749	3
2750	0
2751	3
2752	2
2753	2
2754	0
2755	3
2756	2
2757	2
2758	3
2759	3
2760	3
2761	3
2762	3
2763	3
2764	3
2765	3
2766	3
2767	0
2768	2
2769	3
2770	2
2771	3
2772	0
2773	2
2774	0
2775	0
2776	0
2777	2
2778	0
2779	0
2780	0
2781	3
2782	1
2783	0
2784	3
2785	3
2786	2
2787	1
2788	1
2789	2
2790	0
2791	1
2792	0
2793	3
2794	2
2795	0
2796	3
2797	3
2798	3
2799	3
2800	3
2801	3
2802	3
2803	2
2804	0
2805	2
2806	0
2807	1
2808	3
2809	2
2810	3
2811	0
2812	2
2813	2
2814	2
2815	0
2816	2
2817	0
2818	3
2819	3
2820	3
2821	2
2822	3
2823	2
2824	0
2825	2
2826	3
2827	0
2828	3
2829	2
2830	3
2831	0
2832	2
2833	3
2834	3
2835	3
2836	3
2837	3
2838	1
2839	3
2840	3
2841	1
2842	2
2843	2
2844	2
2845	2
2846	3
2847	2
2848	2
2849	1
2850	3
2851	0
2852	2
2853	0
2854	3
2855	0
2856	2
2857	0
2858	2
2859	3
2860	3
2861	3
2862	3
2863	3
2864	2
2865	2
2866	1
2867	2
2868	3
2869	3
2870	3
2871	2
2872	1
2873	1
2874	3
2875	0
2876	3
2877	2
2878	3
2879	2
2880	2
2881	2
2882	2
2883	0
2884	3
2885	3
2886	2
2887	2
2888	2
2889	2
2890	2
2891	0
2892	2
2893	1
2894	3
2895	2
2896	3
2897	2
2898	2
2899	0
2900	0
2901	2
2902	0
2903	0
2904	2
2905	2
2906	2
2907	2
2908	0
2909	2
2910	2
2911	2
2912	2
2913	2
2914	3
2915	2
2916	3
2917	2
2918	2
2919	2
2920	0
2921	3
2922	3
2923	2
2924	2
2925	1
2926	3
2927	3
2928	2
2929	2
2930	2
2931	2
2932	3
2933	2
2934	2
2935	2
2936	1
2937	0
2938	2
2939	3
2940	2
2941	2
2942	3
2943	0
2944	2
2945	2
2946	2
2947	2
2948	3
2949	3
2950	3
2951	2
2952	2
2953	3
2954	0
2955	2
2956	3
2957	3
2958	0
2959	0
2960	2
2961	3
2962	2
2963	3
2964	0
2965	0
2966	3
2967	2
2968	3
2969	2
2970	2
2971	2
2972	2
2973	0
2974	2
2975	3
2976	3
2977	0
2978	2
2979	0
2980	2
2981	3
2982	2
2983	0
2984	0
2985	2
2986	0
2987	2
2988	2
2989	3
2990	0
2991	2
2992	3
2993	2
2994	2
2995	0
2996	3
2997	0
2998	0
2999	2
3000	3
3001	2
3002	2
3003	3
3004	3
3005	1
3006	0
3007	2
3008	2
3009	3
3010	3
3011	3
3012	3
3013	2
3014	3
3015	2
3016	3
3017	3
3018	3
3019	2
3020	0
3021	3
3022	3
3023	0
3024	0
3025	3
3026	0
3027	2
3028	3
3029	3
3030	3
3031	2
3032	0
3033	0
3034	3
3035	2
3036	3
3037	3
3038	1
3039	0
3040	3
3041	0
3042	3
3043	2
3044	0
3045	2
3046	3
3047	2
3048	3
3049	0
3050	0
3051	2
3052	1
3053	2
3054	3
3055	2
3056	0
3057	0
3058	3
3059	0
3060	3
3061	0
3062	0
3063	2
3064	3
3065	0
3066	3
3067	2
3068	3
3069	0
3070	1
3071	1
3072	3
3073	2
3074	3
3075	0
3076	0
3077	0
3078	3
3079	0
3080	1
3081	3
3082	3
3083	2
3084	3
3085	2
3086	0
3087	2
3088	2
3089	0
3090	3
3091	1
3092	2
3093	3
3094	1
3095	2
3096	2
3097	2
3098	2
3099	2
3100	3
3101	0
3102	2
3103	0
3104	2
3105	2
3106	2
3107	2
3108	2
3109	2
3110	3
3111	2
3112	2
3113	2
3114	3
3115	0
3116	3
3117	2
3118	3
3119	2
3120	2
3121	2
3122	3
3123	0
3124	2
3125	2
3126	3
3127	0
3128	0
3129	2
3130	1
3131	3
3132	0
3133	2
3134	3
3135	2
3136	0
3137	0
3138	3
3139	0
3140	0
3141	0
3142	0
3143	2
3144	2
3145	0
3146	3
3147	0
3148	0
3149	0
3150	0
3151	0
3152	3
3153	3
3154	3
3155	1
3156	2
3157	2
3158	2
3159	3
3160	1
3161	2
3162	2
3163	3
3164	3
3165	2
3166	1
3167	0
3168	2
3169	3
3170	3
3171	1
3172	3
3173	3
3174	3
3175	2
3176	0
3177	2
3178	2
3179	2
3180	2
3181	2
3182	1
3183	3
3184	2
3185	2
3186	3
3187	0
3188	2
3189	0
3190	3
3191	0
3192	3
3193	1
3194	3
3195	0
3196	1
3197	2
3198	2
3199	3
3200	0
3201	0
3202	0
3203	3
3204	2
3205	3
3206	0
3207	1
3208	3
3209	0
3210	0
3211	3
3212	3
3213	2
3214	0
3215	0
3216	2
3217	3
3218	0
3219	2
3220	2
3221	0
3222	0
3223	2
3224	1
3225	2
3226	0
3227	3
3228	0
3229	2
3230	0
3231	3
3232	0
3233	0
3234	0
3235	3
3236	2
3237	0
3238	0
3239	2
3240	0
3241	2
3242	0
3243	3
3244	2
3245	2
3246	0
3247	2
3248	3
3249	2
3250	0
3251	3
3252	2
3253	0
3254	0
3255	3
3256	3
3257	2
3258	0
3259	3
3260	0
3261	0
3262	0
3263	0
3264	3
3265	3
3266	3
3267	0
3268	3
3269	2
3270	1
3271	2
3272	2
3273	2
3274	0
3275	1
3276	1
3277	2
3278	0
3279	2
3280	2
3281	3
3282	3
3283	2
3284	2
3285	3
3286	0
3287	3
3288	2
3289	2
3290	0
3291	2
3292	0
3293	3
3294	0
3295	2
3296	2
3297	2
3298	3
3299	0
3300	2
3301	2
3302	3
3303	2
3304	2
3305	2
3306	0
3307	2
3308	3
3309	2
3310	3
3311	3
3312	3
3313	2
3314	3
3315	3
3316	0
3317	0
3318	2
3319	2
3320	3
3321	2
3322	0
3323	3
3324	3
3325	0
3326	1
3327	3
3328	3
3329	3
3330	2
3331	3
3332	3
3333	3
3334	2
3335	1
3336	2
3337	3
3338	2
3339	3
3340	0
3341	2
3342	2
3343	3
3344	0
3345	0
3346	3
3347	2
3348	3
3349	1
3350	3
3351	0
3352	3
3353	3
3354	3
3355	3
3356	2
3357	0
3358	3
3359	2
3360	0
3361	3
3362	3
3363	0
3364	3
3365	2
3366	3
3367	3
3368	3
3369	3
3370	2
3371	2
3372	2
3373	2
3374	0
3375	0
3376	2
3377	2
3378	3
3379	0
3380	2
3381	3
3382	3
3383	0
3384	2
3385	3
3386	2
3387	0
3388	3
3389	1
3390	2
3391	1
3392	0
3393	0
3394	2
3395	2
3396	0
3397	0
3398	2
3399	2
3400	0
3401	0
3402	2
3403	2
3404	0
3405	0
3406	3
3407	2
3408	2
3409	0
3410	3
3411	0
3412	2
3413	3
3414	0
3415	3
3416	2
3417	3
3418	0
3419	1
3420	2
3421	1
3422	3
3423	3
3424	2
3425	0
3426	2
3427	2
3428	1
3429	2
3430	3
3431	3
3432	3
3433	0
3434	3
3435	3
3436	3
3437	2
3438	0
3439	0
3440	0
3441	2
3442	3
3443	2
3444	0
3445	0
3446	0
3447	0
3448	0
3449	2
3450	1
3451	0
3452	1
3453	2
3454	3
3455	2
3456	0
3457	2
3458	2
3459	1
3460	3
3461	3
3462	2
3463	3
3464	3
3465	2
3466	3
3467	2
3468	3
3469	3
3470	3
3471	3
3472	3
3473	1
3474	3
3475	0
3476	2
3477	3
3478	2
3479	3
3480	2
3481	0
3482	3
3483	2
3484	0
3485	0
3486	2
3487	3
3488	3
3489	0
3490	0
3491	3
3492	0
3493	3
3494	3
3495	2
3496	0
3497	0
3498	3
3499	2
3500	2
3501	2
3502	3
3503	0
3504	3
3505	3
3506	3
3507	2
3508	1
3509	3
3510	3
3511	2
3512	2
3513	2
3514	3
3515	0
3516	0
3517	2
3518	0
3519	2
3520	0
3521	2
3522	3
3523	3
3524	3
3525	3
3526	3
3527	2
3528	3
3529	2
3530	3
3531	1
3532	2
3533	0
3534	2
3535	2
3536	0
3537	3
3538	1
3539	3
3540	3
3541	2
3542	1
3543	2
3544	3
3545	3
3546	0
3547	3
3548	3
3549	3
3550	0
3551	0
3552	3
3553	2
3554	3
3555	3
3556	3
3557	2
3558	3
3559	3
3560	2
3561	0
3562	1
3563	2
3564	3
3565	3
3566	1
3567	0
3568	2
3569	2
3570	3
3571	0
3572	0
3573	3
3574	3
3575	3
3576	0
3577	2
3578	3
3579	2
3580	2
3581	3
3582	0
3583	2
3584	0
3585	0
3586	2
3587	3
3588	3
3589	0
3590	1
3591	3
3592	0
3593	2
3594	1
3595	3
3596	0
3597	1
3598	0
3599	3
3600	0
3601	0
3602	3
3603	2
3604	0
3605	2
3606	0
3607	2
3608	3
3609	0
3610	0
3611	3
3612	0
3613	2
3614	0
3615	0
3616	2
3617	2
3618	0
3619	0
3620	2
3621	0
3622	3
3623	3
3624	0
3625	2
3626	0
3627	3
3628	0
3629	0
3630	1
3631	3
3632	0
3633	2
3634	3
3635	2
3636	0
3637	0
3638	3
3639	0
3640	0
3641	2
3642	0
3643	3
3644	0
3645	0
3646	0
3647	1
3648	0
3649	0
3650	3
3651	3
3652	3
3653	0
3654	2
3655	3
3656	2
3657	0
3658	3
3659	3
3660	0
3661	0
3662	0
3663	3
3664	0
3665	3
3666	3
3667	0
3668	2
3669	2
3670	2
3671	1
3672	2
3673	0
3674	3
3675	3
3676	3
3677	2
3678	3
3679	1
3680	2
3681	0
3682	2
3683	2
3684	3
3685	2
3686	0
3687	3
3688	0
3689	0
3690	2
3691	2
3692	1
3693	2
3694	2
3695	3
3696	0
3697	0
3698	2
3699	2
3700	0
3701	3
3702	0
3703	0
3704	2
3705	0
3706	3
3707	0
3708	3
3709	0
3710	0
3711	3
3712	0
3713	3
3714	3
3715	2
3716	3
3717	2
3718	3
3719	0
3720	0
3721	3
3722	3
3723	0
3724	0
3725	2
3726	2
3727	0
3728	2
3729	2
3730	3
3731	2
3732	3
3733	2
3734	3
3735	3
3736	2
3737	2
3738	3
3739	2
3740	3
3741	2
3742	2
3743	2
3744	3
3745	2
3746	3
3747	3
3748	2
3749	2
3750	0
3751	0
3752	2
3753	2
3754	0
3755	1
3756	0
3757	2
3758	3
3759	3
3760	0
3761	2
3762	3
3763	3
3764	0
3765	2
3766	3
3767	3
3768	0
3769	2
3770	2
3771	3
3772	0
3773	2
3774	1
3775	0
3776	0
3777	2
3778	3
3779	3
3780	3
3781	0
3782	3
3783	3
3784	0
3785	3
3786	3
3787	3
3788	0
3789	2
3790	3
3791	3
3792	1
3793	2
3794	3
3795	3
3796	2
3797	3
3798	3
3799	3
3800	3
3801	2
3802	2
3803	3
3804	3
3805	1
3806	3
3807	3
3808	0
3809	0
3810	3
3811	3
3812	3
3813	2
3814	0
3815	3
3816	0
3817	3
3818	0
3819	2
3820	3
3821	2
3822	3
3823	1
3824	0
3825	0
3826	3
3827	3
3828	0
3829	0
3830	3
3831	3
3832	3
3833	2
3834	3
3835	3
3836	3
3837	3
3838	3
3839	2
3840	0
3841	0
3842	3
3843	1
3844	0
3845	2
3846	0
3847	0
3848	1
3849	0
3850	0
3851	2
3852	3
3853	2
3854	1
3855	2
3856	2
3857	0
3858	1
3859	3
3860	3
3861	3
3862	0
3863	2
3864	0
3865	0
3866	1
3867	0
3868	0
3869	0
3870	1
3871	2
3872	0
3873	2
3874	0
3875	1
3876	0
3877	2
3878	2
3879	2
3880	0
3881	2
3882	0
3883	0
3884	2
3885	0
3886	3
3887	3
3888	3
3889	2
3890	2
3891	0
3892	3
3893	0
3894	1
3895	0
3896	3
3897	1
3898	2
3899	3
3900	3
3901	3
3902	0
3903	3
3904	3
3905	3
3906	2
3907	3
3908	3
3909	2
3910	2
3911	3
3912	3
3913	2
3914	3
3915	3
3916	3
3917	2
3918	0
3919	2
3920	0
3921	2
3922	0
3923	3
3924	2
3925	2
3926	3
3927	2
3928	0
3929	3
3930	3
3931	0
3932	2
3933	0
3934	0
3935	1
3936	2
3937	2
3938	2
3939	2
3940	2
3941	2
3942	2
3943	0
3944	0
3945	0
3946	2
3947	3
3948	0
3949	2
3950	1
3951	0
3952	0
3953	3
3954	2
3955	3
3956	0
3957	0
3958	3
3959	3
3960	0
3961	2
3962	2
3963	2
3964	0
3965	2
3966	0
3967	1
3968	3
3969	0
3970	3
3971	2
3972	3
3973	1
3974	3
3975	2
3976	3
3977	0
3978	1
3979	2
3980	1
3981	3
3982	1
3983	3
3984	0
3985	2
3986	2
3987	1
3988	0
3989	0
3990	3
3991	2
3992	2
3993	0
3994	3
3995	1
3996	3
3997	1
3998	2
3999	1
4000	2
4001	0
4002	0
4003	3
4004	2
4005	0
4006	1
4007	3
4008	0
4009	0
4010	0
4011	0
4012	3
4013	0
4014	0
4015	2
4016	2
4017	0
4018	0
4019	0
4020	2
4021	0
4022	0
4023	2
4024	2
4025	2
4026	1
4027	0
4028	3
4029	0
4030	3
4031	1
4032	3
4033	1
4034	2
4035	3
4036	3
4037	0
4038	2
4039	3
4040	3
4041	1
4042	3
4043	2
4044	3
4045	2
4046	0
4047	1
4048	0
4049	3
4050	1
4051	3
4052	3
4053	0
4054	3
4055	3
4056	0
4057	0
4058	2
4059	3
4060	3
4061	2
4062	3
4063	3
4064	3
4065	0
4066	2
4067	3
4068	3
4069	2
4070	0
4071	3
4072	0
4073	2
4074	1
4075	0
4076	0
4077	0
4078	3
4079	0
4080	2
4081	3
4082	0
4083	2
4084	3
4085	0
4086	1
4087	3
4088	3
4089	1
4090	2
4091	2
4092	3
4093	2
4094	0
4095	2
4096	3
4097	3
4098	3
4099	3
4100	3
4101	3
4102	3
4103	0
4104	2
4105	3
4106	3
4107	3
4108	0
4109	3
4110	0
4111	3
4112	2
4113	0
4114	2
4115	3
4116	2
4117	2
4118	2
4119	3
4120	0
4121	3
4122	3
4123	3
4124	0
4125	2
4126	2
4127	1
4128	2
4129	3
4130	3
4131	3
4132	3
4133	3
4134	0
4135	0
4136	3
4137	3
4138	2
4139	1
4140	2
4141	3
4142	0
4143	3
4144	0
4145	2
4146	3
4147	0
4148	0
4149	3
4150	3
4151	3
4152	1
4153	2
4154	3
4155	3
4156	3
4157	3
4158	2
4159	0
4160	3
4161	2
4162	3
4163	1
4164	3
4165	3
4166	3
4167	1
4168	0
4169	2
4170	0
4171	3
4172	2
4173	2
4174	0
4175	3
4176	2
4177	2
4178	3
4179	1
4180	3
4181	2
4182	2
4183	3
4184	2
4185	2
4186	3
4187	3
4188	3
4189	2
4190	2
4191	3
4192	3
4193	2
4194	2
4195	2
4196	2
4197	0
4198	0
4199	0
4200	1
4201	2
4202	3
4203	3
4204	0
4205	0
4206	1
4207	3
4208	0
4209	3
4210	3
4211	0
4212	0
4213	0
4214	2
4215	0
4216	2
4217	2
4218	2
4219	2
4220	0
4221	2
4222	3
4223	1
4224	3
4225	3
4226	3
4227	2
4228	3
4229	3
4230	2
4231	2
4232	2
4233	2
4234	3
4235	2
4236	2
4237	0
4238	0
4239	3
4240	2
4241	2
4242	2
4243	3
4244	2
4245	2
4246	0
4247	2
4248	0
4249	3
4250	2
4251	3
4252	2
4253	3
4254	2
4255	3
4256	2
4257	2
4258	3
4259	3
4260	2
4261	3
4262	2
4263	3
4264	3
4265	3
4266	3
4267	3
4268	1
4269	3
4270	3
4271	2
4272	0
4273	3
4274	2
4275	3
4276	3
4277	3
4278	0
4279	2
4280	0
4281	3
4282	3
4283	3
4284	2
4285	3
4286	3
4287	0
4288	2
4289	2
4290	3
4291	3
4292	0
4293	2
4294	3
4295	2
4296	3
4297	3
4298	3
4299	3
4300	3
4301	3
4302	3
4303	3
4304	3
4305	3
4306	3
4307	3
4308	2
4309	2
4310	3
4311	1
4312	3
4313	3
4314	3
4315	2
4316	3
4317	3
4318	2
4319	3
4320	3
4321	3
4322	3
4323	2
4324	2
4325	2
4326	3
4327	3
4328	2
4329	3
4330	3
4331	1
4332	3
4333	3
4334	3
4335	0
4336	3
4337	2
4338	3
4339	2
4340	2
4341	2
4342	2
4343	3
4344	3
4345	2
4346	2
4347	1
4348	3
4349	0
4350	3
4351	2
4352	2
4353	2
4354	3
4355	2
4356	3
4357	3
4358	2
4359	2
4360	3
4361	3
4362	3
4363	3
4364	2
4365	2
4366	1
4367	2
4368	3
4369	2
4370	1
4371	3
4372	2
4373	3
4374	0
4375	3
4376	3
4377	3
4378	0
4379	3
4380	3
4381	2
4382	0
4383	3
4384	3
4385	3
4386	2
4387	3
4388	3
4389	3
4390	1
4391	2
4392	3
4393	3
4394	2
4395	3
4396	3
4397	3
4398	3
4399	2
4400	2
4401	3
4402	3
4403	3
4404	3
4405	3
4406	2
4407	0
4408	0
4409	3
4410	2
4411	2
4412	3
4413	3
4414	0
4415	3
4416	2
4417	2
4418	3
4419	3
4420	3
4421	3
4422	2
4423	3
4424	3
4425	3
4426	3
4427	2
4428	3
4429	1
4430	0
4431	3
4432	2
4433	1
4434	1
4435	2
4436	2
4437	0
4438	3
4439	3
4440	2
4441	2
4442	3
4443	0
4444	0
4445	2
4446	2
4447	3
4448	2
4449	3
4450	2
4451	3
4452	2
4453	3
4454	3
4455	2
4456	0
4457	3
4458	3
4459	3
4460	3
4461	3
4462	2
4463	2
4464	3
4465	0
4466	2
4467	3
4468	3
4469	3
4470	0
4471	2
4472	2
4473	3
4474	2
4475	2
4476	3
4477	3
4478	3
4479	3
4480	2
4481	1
4482	0
4483	3
4484	2
4485	3
4486	0
4487	2
4488	3
4489	2
4490	2
4491	3
4492	2
4493	2
4494	2
4495	2
4496	2
4497	1
4498	2
4499	3
4500	3
4501	3
4502	2
4503	3
4504	2
4505	2
4506	2
4507	3
4508	2
4509	1
4510	3
4511	2
4512	3
4513	3
4514	3
4515	3
4516	3
4517	2
4518	2
4519	2
4520	2
4521	3
4522	1
4523	0
4524	3
4525	0
4526	2
4527	2
4528	2
4529	3
4530	3
4531	1
4532	3
4533	1
4534	2
4535	2
4536	2
4537	3
4538	3
4539	3
4540	2
4541	3
4542	3
4543	1
4544	2
4545	2
4546	3
4547	3
4548	3
4549	2
4550	0
4551	2
4552	0
4553	0
4554	2
4555	2
4556	2
4557	2
4558	0
4559	3
4560	1
4561	0
4562	3
4563	3
4564	2
4565	0
4566	3
4567	2
4568	2
4569	0
4570	2
4571	3
4572	2
4573	3
4574	0
4575	1
4576	2
4577	0
4578	3
4579	2
4580	3
4581	2
4582	3
4583	2
4584	2
4585	2
4586	3
4587	3
4588	3
4589	1
4590	2
4591	1
4592	3
4593	3
4594	1
4595	2
4596	3
4597	2
4598	2
4599	2
4600	2
4601	3
4602	3
4603	1
4604	2
4605	3
4606	1
4607	0
4608	3
4609	0
4610	2
4611	3
4612	3
4613	1
4614	3
4615	2
4616	0
4617	0
4618	3
4619	2
4620	2
4621	2
4622	2
4623	0
4624	0
4625	3
4626	2
4627	2
4628	3
4629	2
4630	1
4631	0
4632	3
4633	2
4634	2
4635	2
4636	2
4637	1
4638	2
4639	3
4640	3
4641	3
4642	2
4643	2
4644	3
4645	0
4646	1
4647	2
4648	3
4649	2
4650	3
4651	2
4652	2
4653	0
4654	0
4655	2
4656	3
4657	3
4658	3
4659	2
4660	2
4661	2
4662	3
4663	2
4664	3
4665	3
4666	3
4667	1
4668	2
4669	2
4670	3
4671	3
4672	3
4673	3
4674	2
4675	2
4676	3
4677	3
4678	2
4679	2
4680	3
4681	2
4682	2
4683	3
4684	3
4685	3
4686	1
4687	3
4688	0
4689	3
4690	3
4691	3
4692	3
4693	2
4694	2
4695	2
4696	3
4697	2
4698	2
4699	0
4700	3
4701	3
4702	2
4703	2
4704	3
4705	0
4706	2
4707	2
4708	3
4709	2
4710	2
4711	0
4712	3
4713	3
4714	2
4715	2
4716	3
4717	2
4718	2
4719	2
4720	0
4721	0
4722	2
4723	3
4724	0
4725	3
4726	2
4727	2
4728	3
4729	2
4730	2
4731	2
4732	3
4733	2
4734	2
4735	2
4736	3
4737	1
4738	3
4739	2
4740	3
4741	2
4742	3
4743	2
4744	1
4745	3
4746	3
4747	2
4748	2
4749	3
4750	2
4751	2
4752	0
4753	3
4754	2
4755	3
4756	0
4757	3
4758	3
4759	2
4760	1
4761	2
4762	0
4763	2
4764	3
4765	3
4766	0
4767	2
4768	2
4769	2
4770	3
4771	2
4772	3
4773	3
4774	2
4775	2
4776	3
4777	1
4778	2
4779	3
4780	2
4781	1
4782	2
4783	3
4784	1
4785	2
4786	0
4787	2
4788	3
4789	3
4790	2
4791	3
4792	3
4793	2
4794	3
4795	2
4796	3
4797	2
4798	0
4799	3
4800	3
4801	2
4802	3
4803	0
4804	3
4805	2
4806	3
4807	3
4808	2
4809	2
4810	2
4811	3
4812	2
4813	2
4814	1
4815	2
4816	3
4817	2
4818	0
4819	0
4820	2
4821	3
4822	2
4823	2
4824	2
4825	0
4826	3
4827	2
4828	1
4829	0
4830	2
4831	2
4832	3
4833	2
4834	1
4835	2
4836	3
4837	2
4838	2
4839	3
4840	3
4841	2
4842	2
4843	0
4844	0
4845	2
4846	2
4847	0
4848	2
4849	2
4850	0
4851	3
4852	2
4853	3
4854	2
4855	2
4856	3
4857	1
4858	2
4859	3
4860	3
4861	0
4862	1
4863	2
4864	1
4865	2
4866	3
4867	3
4868	1
4869	3
4870	3
4871	1
4872	0
4873	3
4874	3
4875	3
4876	0
4877	0
4878	0
4879	3
4880	2
4881	3
4882	3
4883	1
4884	3
4885	2
4886	3
4887	0
4888	1
4889	2
4890	3
4891	2
4892	3
4893	3
4894	2
4895	1
4896	2
4897	3
4898	3
4899	1
4900	3
4901	3
4902	3
4903	2
4904	3
4905	3
4906	3
4907	2
4908	2
4909	3
4910	0
4911	0
4912	3
4913	3
4914	3
4915	3
4916	3
4917	2
4918	2
4919	3
4920	3
4921	2
4922	3
4923	2
4924	2
4925	3
4926	0
4927	2
4928	3
4929	2
4930	0
4931	3
4932	3
4933	0
4934	0
4935	2
4936	2
4937	2
4938	3
4939	2
4940	3
4941	0
4942	3
4943	3
4944	2
4945	3
4946	3
4947	3
4948	1
4949	3
4950	2
4951	3
4952	2
4953	2
4954	3
4955	3
4956	2
4957	2
4958	2
4959	3
4960	0
4961	3
4962	0
4963	3
4964	2
4965	2
4966	3
4967	2
4968	3
4969	0
4970	1
4971	2
4972	0
4973	3
4974	1
4975	3
4976	3
4977	2
4978	2
4979	3
4980	3
4981	2
4982	3
4983	2
4984	2
4985	2
4986	3
4987	2
4988	3
4989	0
4990	3
4991	2
4992	3
4993	0
4994	2
4995	3
4996	3
4997	0
4998	2
4999	3
5000	3
5001	2
5002	3
5003	3
5004	3
5005	0
5006	3
5007	3
5008	3
5009	0
5010	3
5011	3
5012	3
5013	3
5014	3
5015	0
5016	3
5017	2
5018	2
5019	0
5020	3
5021	0
5022	2
5023	0
5024	3
5025	0
5026	2
5027	3
5028	3
5029	0
5030	2
5031	0
5032	0
5033	0
5034	1
5035	0
5036	3
5037	0
5038	3
5039	3
5040	3
5041	0
5042	3
5043	1
5044	3
5045	0
5046	2
5047	3
5048	3
5049	0
5050	3
5051	1
5052	2
5053	0
5054	3
5055	3
5056	2
5057	2
5058	3
5059	3
5060	3
5061	0
5062	3
5063	2
5064	3
5065	3
5066	3
5067	2
5068	3
5069	3
5070	3
5071	3
5072	2
5073	2
5074	3
5075	0
5076	3
5077	3
5078	3
5079	3
5080	3
5081	3
5082	3
5083	3
5084	3
5085	2
5086	2
5087	2
5088	0
5089	0
5090	2
5091	0
5092	2
5093	2
5094	3
5095	0
5096	1
5097	2
5098	2
5099	2
5100	3
5101	3
5102	3
5103	2
5104	3
5105	3
5106	3
5107	3
5108	2
5109	1
5110	2
5111	1
5112	3
5113	3
5114	3
5115	2
5116	3
5117	1
5118	2
5119	3
5120	2
5121	3
5122	3
5123	2
5124	0
5125	3
5126	3
5127	2
5128	2
5129	0
5130	2
5131	0
5132	0
5133	2
5134	2
5135	3
5136	2
5137	3
5138	3
5139	0
5140	2
5141	3
5142	3
5143	0
5144	3
5145	3
5146	3
5147	3
5148	2
5149	3
5150	3
5151	2
5152	0
5153	2
5154	3
5155	1
5156	3
5157	3
5158	0
5159	0
5160	2
5161	0
5162	2
5163	0
5164	3
5165	3
5166	2
5167	0
5168	2
5169	1
5170	3
5171	0
5172	2
5173	3
5174	2
5175	1
5176	2
5177	2
5178	2
5179	2
5180	2
5181	0
5182	2
5183	1
5184	0
5185	1
5186	2
5187	3
5188	2
5189	2
5190	3
5191	2
5192	3
5193	3
5194	3
5195	2
5196	3
5197	3
5198	0
5199	2
5200	0
5201	3
5202	3
5203	2
5204	3
5205	3
5206	3
5207	3
5208	0
5209	1
5210	3
5211	0
5212	2
5213	2
5214	3
5215	1
5216	3
5217	2
5218	2
5219	3
5220	2
5221	0
5222	2
5223	3
5224	0
5225	0
5226	2
5227	2
5228	0
5229	2
5230	3
5231	0
5232	3
5233	0
5234	3
5235	3
5236	3
5237	3
5238	2
5239	0
5240	2
5241	0
5242	2
5243	3
5244	3
5245	3
5246	2
5247	1
5248	3
5249	2
5250	2
5251	2
5252	3
5253	3
5254	1
5255	2
5256	3
5257	3
5258	0
5259	2
5260	1
5261	2
5262	0
5263	2
5264	2
5265	3
5266	3
5267	2
5268	0
5269	3
5270	1
5271	0
5272	2
5273	2
5274	3
5275	2
5276	0
5277	3
5278	3
5279	3
5280	3
5281	2
5282	1
5283	0
5284	3
5285	2
5286	0
5287	0
5288	3
5289	2
5290	0
5291	2
5292	3
5293	2
5294	0
5295	0
5296	0
5297	2
5298	0
5299	2
5300	3
5301	2
5302	2
5303	0
5304	2
5305	2
5306	2
5307	2
5308	1
5309	3
5310	0
5311	2
5312	2
5313	2
5314	3
5315	2
5316	3
5317	2
5318	2
5319	2
5320	3
5321	0
5322	2
5323	2
5324	2
5325	2
5326	1
5327	2
5328	0
5329	2
5330	3
5331	0
5332	3
5333	2
5334	3
5335	2
5336	2
5337	2
5338	0
5339	2
5340	3
5341	2
5342	0
5343	2
5344	3
5345	2
5346	3
5347	2
5348	3
5349	2
5350	0
5351	2
5352	3
5353	3
5354	2
5355	2
5356	3
5357	2
5358	0
5359	2
5360	1
5361	0
5362	2
5363	2
5364	3
5365	3
5366	2
5367	2
5368	3
5369	0
5370	3
5371	2
5372	2
5373	3
5374	3
5375	3
5376	2
5377	2
5378	1
5379	0
5380	3
5381	2
5382	2
5383	3
5384	3
5385	0
5386	2
5387	2
5388	3
5389	2
5390	2
5391	3
5392	3
5393	2
5394	3
5395	2
5396	3
5397	2
5398	3
5399	2
5400	0
5401	2
5402	3
5403	2
5404	3
5405	2
5406	2
5407	2
5408	3
5409	2
5410	1
5411	2
5412	3
5413	2
5414	2
5415	2
5416	0
5417	2
5418	1
5419	2
5420	0
5421	2
5422	3
5423	2
5424	3
5425	3
5426	0
5427	2
5428	3
5429	3
5430	2
5431	3
5432	3
5433	3
5434	3
5435	0
5436	3
5437	3
5438	3
5439	2
5440	0
5441	2
5442	3
5443	0
5444	0
5445	3
5446	0
5447	2
5448	0
5449	2
5450	3
5451	2
5452	0
5453	2
5454	2
5455	0
5456	3
5457	1
5458	2
5459	2
5460	3
5461	3
5462	3
5463	2
5464	3
5465	3
5466	3
5467	3
5468	1
5469	1
5470	3
5471	2
5472	0
5473	2
5474	3
5475	3
5476	2
5477	0
5478	3
5479	2
5480	0
5481	3
5482	3
5483	0
5484	2
5485	3
5486	1
5487	2
5488	2
5489	3
5490	3
5491	0
5492	3
5493	2
5494	3
5495	1
5496	3
5497	2
5498	1
5499	3
5500	0
5501	1
5502	1
5503	3
5504	0
5505	3
5506	2
5507	0
5508	2
5509	2
5510	2
5511	2
5512	2
5513	2
5514	2
5515	3
5516	2
5517	3
5518	3
5519	3
5520	0
5521	2
5522	3
5523	3
5524	3
5525	2
5526	3
5527	3
5528	2
5529	2
5530	3
5531	2
5532	3
5533	2
5534	2
5535	0
5536	3
5537	3
5538	3
5539	1
5540	3
5541	3
5542	3
5543	2
5544	3
5545	1
5546	0
5547	2
5548	2
5549	3
5550	1
5551	2
5552	2
5553	1
5554	3
5555	3
5556	3
5557	0
5558	3
5559	3
5560	2
5561	1
5562	3
5563	2
5564	2
5565	3
5566	2
5567	0
5568	2
5569	3
5570	3
5571	0
5572	2
5573	2
5574	3
5575	3
5576	3
5577	3
5578	3
5579	3
5580	2
5581	2
5582	3
5583	0
5584	3
5585	2
5586	3
5587	2
5588	2
5589	1
5590	2
5591	2
5592	2
5593	3
5594	2
5595	3
5596	2
5597	0
5598	0
5599	2
5600	2
5601	0
5602	0
5603	2
5604	3
5605	3
5606	0
5607	2
5608	3
5609	2
5610	0
5611	0
5612	3
5613	3
5614	0
5615	2
5616	3
5617	2
5618	3
5619	3
5620	3
5621	2
5622	3
5623	3
5624	3
5625	1
5626	3
5627	2
5628	0
5629	3
5630	0
5631	2
5632	2
5633	3
5634	3
5635	2
5636	3
5637	2
5638	3
5639	2
5640	1
5641	3
5642	0
5643	1
5644	3
5645	2
5646	1
5647	3
5648	2
5649	2
5650	2
5651	3
5652	2
5653	3
5654	2
5655	3
5656	0
5657	3
5658	3
5659	3
5660	2
5661	2
5662	2
5663	3
5664	3
5665	2
5666	2
5667	3
5668	3
5669	2
5670	2
5671	2
5672	2
5673	3
5674	2
5675	0
5676	3
5677	2
5678	0
5679	0
5680	3
5681	2
5682	2
5683	0
5684	0
5685	3
5686	2
5687	3
5688	3
5689	2
5690	3
5691	2
5692	2
5693	3
5694	3
5695	2
5696	2
5697	2
5698	3
5699	1
5700	2
5701	3
5702	3
5703	1
5704	2
5705	3
5706	3
5707	0
5708	3
5709	3
5710	2
5711	1
5712	2
5713	3
5714	3
5715	2
5716	2
5717	3
5718	2
5719	3
5720	2
5721	3
5722	3
5723	3
5724	3
5725	3
5726	2
5727	1
5728	2
5729	3
5730	2
5731	3
5732	3
5733	3
5734	3
5735	3
5736	3
5737	3
5738	2
5739	0
5740	2
5741	3
5742	2
5743	2
5744	3
5745	2
5746	2
5747	0
5748	3
5749	3
5750	3
5751	3
5752	2
5753	2
5754	2
5755	3
5756	0
5757	3
5758	3
5759	2
5760	3
5761	2
5762	2
5763	0
5764	3
5765	2
5766	2
5767	2
5768	2
5769	3
5770	2
5771	2
5772	2
5773	2
5774	0
5775	0
5776	2
5777	2
5778	3
5779	2
5780	1
5781	2
5782	0
5783	2
5784	2
5785	3
5786	2
5787	2
5788	3
5789	2
5790	3
5791	2
5792	3
5793	0
5794	1
5795	0
5796	3
5797	3
5798	3
5799	0
5800	3
5801	2
5802	2
5803	0
5804	3
5805	2
5806	2
5807	1
5808	2
5809	2
5810	3
5811	2
5812	3
5813	2
5814	2
5815	3
5816	3
5817	1
5818	3
5819	0
5820	2
5821	2
5822	3
5823	0
5824	3
5825	3
5826	2
5827	0
5828	3
5829	2
5830	3
5831	3
5832	0
5833	2
5834	3
5835	3
5836	3
5837	0
5838	3
5839	3
5840	3
5841	2
5842	2
5843	0
5844	3
5845	3
5846	3
5847	3
5848	2
5849	0
5850	2
5851	2
5852	3
5853	2
5854	2
5855	2
5856	3
5857	2
5858	2
5859	2
5860	3
5861	2
5862	0
5863	0
5864	0
5865	0
5866	2
5867	0
5868	3
5869	2
5870	2
5871	3
5872	2
5873	3
5874	3
5875	3
5876	0
5877	0
5878	3
5879	3
5880	0
5881	2
5882	2
5883	3
5884	3
5885	0
5886	3
5887	0
5888	3
5889	3
5890	3
5891	3
5892	0
5893	3
5894	3
5895	2
5896	3
5897	3
5898	2
5899	3
5900	0
5901	3
5902	3
5903	3
5904	2
5905	1
5906	1
5907	3
5908	1
5909	3
5910	3
5911	0
5912	0
5913	0
5914	3
5915	3
5916	3
5917	2
5918	3
5919	2
5920	2
5921	3
5922	3
5923	0
5924	3
5925	3
5926	0
5927	0
5928	3
5929	3
5930	1
5931	3
5932	2
5933	3
5934	3
5935	2
5936	1
5937	2
5938	3
5939	2
5940	2
5941	3
5942	1
5943	2
5944	2
5945	0
5946	3
5947	2
5948	2
5949	1
5950	2
5951	0
5952	0
5953	3
5954	2
5955	3
5956	2
5957	3
5958	0
5959	3
5960	3
5961	2
5962	3
5963	2
5964	2
5965	3
5966	0
5967	2
5968	0
5969	3
5970	1
5971	2
5972	2
5973	3
5974	3
5975	3
5976	2
5977	3
5978	3
5979	3
5980	3
5981	2
5982	3
5983	3
5984	0
5985	3
5986	2
5987	3
5988	3
5989	2
5990	2
5991	2
5992	2
5993	2
5994	3
5995	3
5996	3
5997	2
5998	3
5999	0
6000	3
6001	3
6002	2
6003	2
6004	1
6005	2
6006	3
6007	3
6008	3
6009	0
6010	2
6011	3
6012	2
6013	2
6014	2
6015	3
6016	2
6017	2
6018	2
6019	3
6020	3
6021	2
6022	2
6023	1
6024	1
6025	2
6026	3
6027	3
6028	1
6029	2
6030	3
6031	0
6032	3
6033	2
6034	3
6035	3
6036	1
6037	2
6038	3
6039	2
6040	2
6041	2
6042	3
6043	3
6044	3
6045	2
6046	3
6047	0
6048	3
6049	3
6050	3
6051	2
6052	2
6053	2
6054	2
6055	0
6056	2
6057	3
6058	0
6059	0
6060	3
6061	3
6062	3
6063	2
6064	3
6065	2
6066	3
6067	0
6068	2
6069	3
6070	2
6071	0
6072	2
6073	3
6074	2
6075	0
6076	3
6077	3
6078	2
6079	2
6080	3
6081	3
6082	2
6083	3
6084	3
6085	2
6086	0
6087	3
6088	3
6089	0
6090	3
6091	3
6092	3
6093	2
6094	2
6095	3
6096	3
6097	3
6098	3
6099	3
6100	3
6101	3
6102	3
6103	3
6104	3
6105	3
6106	3
6107	2
6108	3
6109	3
6110	2
6111	2
6112	3
6113	3
6114	2
6115	0
6116	3
6117	2
6118	0
6119	1
6120	0
6121	2
6122	3
6123	2
6124	3
6125	3
6126	3
6127	1
6128	2
6129	3
6130	3
6131	3
6132	0
6133	2
6134	3
6135	3
6136	0
6137	3
6138	3
6139	2
6140	3
6141	0
6142	0
6143	0
6144	2
6145	0
6146	2
6147	0
6148	3
6149	0
6150	0
6151	3
6152	2
6153	2
6154	3
6155	0
6156	0
6157	2
6158	2
6159	1
6160	0
6161	3
6162	3
6163	2
6164	2
6165	0
6166	1
6167	2
6168	0
6169	2
6170	3
6171	0
6172	3
6173	2
6174	2
6175	3
6176	3
6177	0
6178	2
6179	3
6180	3
6181	0
6182	3
6183	2
6184	3
6185	3
6186	3
6187	3
6188	0
6189	0
6190	3
6191	3
6192	0
6193	2
6194	3
6195	3
6196	3
6197	3
6198	3
6199	3
6200	2
6201	0
6202	0
6203	1
6204	3
6205	2
6206	0
6207	3
6208	0
6209	2
6210	0
6211	1
6212	3
6213	0
6214	2
6215	2
6216	2
6217	0
6218	0
6219	2
6220	0
6221	0
6222	3
6223	0
6224	0
6225	2
6226	0
6227	3
6228	2
6229	0
6230	0
6231	3
6232	2
6233	1
6234	0
6235	1
6236	0
6237	3
6238	0
6239	3
6240	0
6241	2
6242	3
6243	3
6244	0
6245	2
6246	3
6247	1
6248	0
6249	0
6250	3
6251	2
6252	0
6253	0
6254	2
6255	3
6256	0
6257	0
6258	3
6259	3
6260	0
6261	3
6262	3
6263	3
6264	2
6265	0
6266	3
6267	3
6268	0
6269	0
6270	2
6271	3
6272	3
6273	2
6274	1
6275	0
6276	3
6277	0
6278	0
6279	2
6280	3
6281	2
6282	2
6283	3
6284	2
6285	0
6286	2
6287	3
6288	2
6289	0
6290	2
6291	3
6292	2
6293	2
6294	2
6295	0
6296	2
6297	2
6298	0
6299	2
6300	2
6301	2
6302	2
6303	0
6304	3
6305	2
6306	2
6307	1
6308	3
6309	2
6310	0
6311	1
6312	2
6313	2
6314	3
6315	2
6316	3
6317	0
6318	2
6319	0
6320	0
6321	0
6322	3
6323	3
6324	3
6325	0
6326	2
6327	0
6328	3
6329	0
6330	3
6331	2
6332	3
6333	2
6334	2
6335	2
6336	2
6337	0
6338	2
6339	3
6340	3
6341	2
6342	0
6343	3
6344	3
6345	3
6346	2
6347	2
6348	3
6349	0
6350	0
6351	3
6352	3
6353	0
6354	0
6355	0
6356	0
6357	2
6358	0
6359	0
6360	3
6361	2
6362	2
6363	3
6364	3
6365	0
6366	2
6367	1
6368	0
6369	0
6370	2
6371	2
6372	2
6373	0
6374	3
6375	2
6376	0
6377	0
6378	2
6379	3
6380	0
6381	0
6382	2
6383	2
6384	3
6385	1
6386	3
6387	1
6388	3
6389	0
6390	2
6391	3
6392	2
6393	0
6394	2
6395	3
6396	3
6397	0
6398	2
6399	3
6400	3
6401	0
6402	3
6403	1
6404	2
6405	2
6406	2
6407	3
6408	2
6409	2
6410	0
6411	0
6412	3
6413	2
6414	1
6415	3
6416	3
6417	3
6418	3
6419	3
6420	2
6421	0
6422	2
6423	2
6424	3
6425	2
6426	2
6427	3
6428	3
6429	2
6430	2
6431	3
6432	3
6433	0
6434	3
6435	3
6436	3
6437	0
6438	3
6439	3
6440	3
6441	3
6442	2
6443	0
6444	2
6445	0
6446	2
6447	0
6448	1
6449	3
6450	2
6451	2
6452	2
6453	2
6454	3
6455	3
6456	1
6457	2
6458	3
6459	3
6460	3
6461	3
6462	2
6463	3
6464	2
6465	3
6466	2
6467	2
6468	3
6469	2
6470	3
6471	3
6472	2
6473	1
6474	2
6475	3
6476	2
6477	3
6478	0
6479	3
6480	0
6481	0
6482	2
6483	3
6484	2
6485	2
6486	2
6487	3
6488	2
6489	0
6490	0
6491	0
6492	2
6493	2
6494	2
6495	2
6496	3
6497	0
6498	1
6499	2
6500	3
6501	2
6502	1
6503	2
6504	2
6505	3
6506	2
6507	2
6508	3
6509	2
6510	3
6511	0
6512	3
6513	2
6514	2
6515	3
6516	1
6517	0
6518	2
6519	2
6520	2
6521	2
6522	2
6523	1
6524	2
6525	0
6526	2
6527	3
6528	3
6529	3
6530	1
6531	0
6532	3
6533	3
6534	2
6535	3
6536	3
6537	1
6538	3
6539	2
6540	3
6541	2
6542	3
6543	2
6544	3
6545	2
6546	3
6547	3
6548	0
6549	3
6550	1
6551	3
6552	2
6553	0
6554	2
6555	3
6556	1
6557	0
6558	2
6559	3
6560	2
6561	0
6562	0
6563	3
6564	0
6565	0
6566	2
6567	3
6568	3
6569	2
6570	0
6571	0
6572	3
6573	2
6574	2
6575	2
6576	0
6577	2
6578	3
6579	0
6580	2
6581	2
6582	0
6583	3
6584	3
6585	2
6586	1
6587	2
6588	2
6589	2
6590	2
6591	2
6592	3
6593	2
6594	3
6595	0
6596	3
6597	2
6598	0
6599	2
6600	3
6601	0
6602	2
6603	0
6604	0
6605	0
6606	1
6607	0
6608	3
6609	0
6610	3
6611	3
6612	2
6613	2
6614	2
6615	3
6616	3
6617	0
6618	3
6619	0
6620	3
6621	0
6622	3
6623	3
6624	2
6625	3
6626	2
6627	3
6628	1
6629	2
6630	2
6631	3
6632	2
6633	0
6634	3
6635	3
6636	3
6637	0
6638	1
6639	3
6640	3
6641	2
6642	2
6643	2
6644	2
6645	2
6646	0
6647	2
6648	2
6649	0
6650	3
6651	2
6652	1
6653	2
6654	2
6655	2
6656	3
6657	1
6658	2
6659	1
6660	2
6661	3
6662	3
6663	2
6664	0
6665	2
6666	2
6667	0
6668	2
6669	3
6670	2
6671	0
6672	2
6673	3
6674	2
6675	2
6676	3
6677	1
6678	0
6679	0
6680	1
6681	0
6682	3
6683	0
6684	3
6685	2
6686	3
6687	3
6688	2
6689	2
6690	3
6691	2
6692	0
6693	2
6694	0
6695	3
6696	3
6697	0
6698	2
6699	2
6700	2
6701	2
6702	3
6703	3
6704	3
6705	2
6706	3
6707	3
6708	3
6709	3
6710	3
6711	0
6712	1
6713	2
6714	3
6715	0
6716	3
6717	3
6718	0
6719	3
6720	3
6721	2
6722	1
6723	3
6724	3
6725	3
6726	3
6727	3
6728	2
6729	1
6730	3
6731	0
6732	3
6733	3
6734	3
6735	3
6736	2
6737	3
6738	3
6739	0
6740	3
6741	2
6742	3
6743	3
6744	0
6745	2
6746	3
6747	0
6748	0
6749	2
6750	3
6751	2
6752	2
6753	0
6754	0
6755	3
6756	2
6757	3
6758	3
6759	1
6760	2
6761	0
6762	3
6763	2
6764	3
6765	3
6766	1
6767	2
6768	2
6769	0
6770	3
6771	3
6772	2
6773	0
6774	3
6775	3
6776	2
6777	2
6778	2
6779	3
6780	3
6781	1
6782	0
6783	1
6784	2
6785	1
6786	2
6787	3
6788	2
6789	2
6790	0
6791	3
6792	0
6793	2
6794	2
6795	3
6796	2
6797	2
6798	1
6799	3
6800	2
6801	3
6802	2
6803	3
6804	3
6805	2
6806	3
6807	3
6808	2
6809	3
6810	2
6811	3
6812	0
6813	2
6814	3
6815	3
6816	0
6817	3
6818	3
6819	3
6820	0
6821	3
6822	3
6823	3
6824	2
6825	3
6826	3
6827	3
6828	3
6829	2
6830	2
6831	3
6832	3
6833	2
6834	2
6835	3
6836	3
6837	2
6838	2
6839	2
6840	3
6841	3
6842	3
6843	3
6844	3
6845	3
6846	2
6847	2
6848	2
6849	3
6850	2
6851	3
6852	3
6853	0
6854	3
6855	3
6856	3
6857	1
6858	2
6859	3
6860	3
6861	0
6862	3
6863	0
6864	1
6865	2
6866	3
6867	2
6868	2
6869	3
6870	3
6871	0
6872	2
6873	2
6874	3
6875	0
6876	3
6877	0
6878	3
6879	3
6880	2
6881	2
6882	3
6883	3
6884	3
6885	0
6886	3
6887	3
6888	0
6889	3
6890	3
6891	0
6892	3
6893	2
6894	3
6895	3
6896	3
6897	2
6898	1
6899	0
6900	3
6901	2
6902	2
6903	0
6904	3
6905	2
6906	2
6907	3
6908	3
6909	1
6910	2
6911	3
6912	3
6913	2
6914	2
6915	3
6916	1
6917	3
6918	2
6919	2
6920	2
6921	1
6922	3
6923	3
6924	0
6925	3
6926	0
6927	0
6928	3
6929	3
6930	3
6931	0
6932	3
6933	1
6934	1
6935	0
6936	3
6937	3
6938	3
6939	3
6940	2
6941	1
6942	3
6943	1
6944	3
6945	3
6946	0
6947	2
6948	2
6949	2
6950	1
6951	1
6952	0
6953	0
6954	3
6955	1
6956	2
6957	3
6958	3
6959	2
6960	0
6961	2
6962	3
6963	1
6964	2
6965	2
6966	3
6967	0
6968	3
6969	2
6970	3
6971	0
6972	3
6973	1
6974	3
6975	0
6976	2
6977	2
6978	0
6979	3
6980	3
6981	2
6982	2
6983	3
6984	3
6985	3
6986	0
6987	2
6988	2
6989	2
6990	1
6991	2
6992	2
6993	0
6994	3
6995	0
6996	0
6997	2
6998	2
6999	3
7000	3
7001	2
7002	2
7003	3
7004	2
7005	1
7006	2
7007	0
7008	2
7009	3
7010	2
7011	3
7012	2
7013	2
7014	2
7015	3
7016	2
7017	2
7018	2
7019	3
7020	3
7021	3
7022	2
7023	0
7024	3
7025	2
7026	2
7027	3
7028	2
7029	3
7030	2
7031	3
7032	2
7033	0
7034	3
7035	0
7036	2
7037	2
7038	2
7039	1
7040	3
7041	3
7042	2
7043	3
7044	2
7045	3
7046	3
7047	3
7048	0
7049	0
7050	2
7051	3
7052	2
7053	2
7054	2
7055	3
7056	0
7057	2
7058	2
7059	2
7060	3
7061	0
7062	3
7063	2
7064	3
7065	1
7066	0
7067	3
7068	3
7069	2
7070	2
7071	1
7072	3
7073	2
7074	0
7075	2
7076	2
7077	2
7078	2
7079	0
7080	0
7081	1
7082	3
7083	3
7084	2
7085	0
7086	2
7087	2
7088	0
7089	2
7090	3
7091	3
7092	3
7093	0
7094	2
7095	2
7096	3
7097	2
7098	0
7099	2
7100	3
7101	2
7102	0
7103	1
7104	2
7105	2
7106	3
7107	3
7108	2
7109	3
7110	3
7111	3
7112	3
7113	2
7114	3
7115	3
7116	2
7117	2
7118	1
7119	3
7120	2
7121	2
7122	3
7123	2
7124	3
7125	2
7126	2
7127	2
7128	0
7129	0
7130	2
7131	2
7132	3
7133	2
7134	3
7135	3
7136	2
7137	2
7138	2
7139	3
7140	2
7141	2
7142	3
7143	3
7144	2
7145	2
7146	3
7147	2
7148	2
7149	0
7150	2
7151	3
7152	3
7153	2
7154	0
7155	0
7156	3
7157	2
7158	2
7159	0
7160	3
7161	0
7162	3
7163	3
7164	3
7165	3
7166	2
7167	2
7168	3
7169	2
7170	3
7171	2
7172	2
7173	2
7174	0
7175	3
7176	3
7177	0
7178	3
7179	2
7180	3
7181	0
7182	0
7183	3
7184	3
7185	2
7186	3
7187	3
7188	0
7189	3
7190	3
7191	3
7192	0
7193	2
7194	3
7195	2
7196	3
7197	0
7198	0
7199	2
7200	3
7201	3
7202	3
7203	2
7204	0
7205	3
7206	3
7207	2
7208	2
7209	2
7210	2
7211	3
7212	3
7213	3
7214	3
7215	3
7216	3
7217	0
7218	3
7219	2
7220	1
7221	2
7222	3
7223	1
7224	2
7225	2
7226	3
7227	2
7228	3
7229	1
7230	3
7231	2
7232	3
7233	1
7234	3
7235	2
7236	3
7237	2
7238	2
7239	0
7240	3
7241	0
7242	3
7243	3
7244	3
7245	3
7246	3
7247	3
7248	2
7249	1
7250	3
7251	3
7252	3
7253	3
7254	3
7255	0
7256	2
7257	2
7258	3
7259	0
7260	3
7261	3
7262	3
7263	0
7264	2
7265	0
7266	3
7267	3
7268	2
7269	0
7270	3
7271	2
7272	2
7273	2
7274	3
7275	2
7276	2
7277	2
7278	3
7279	2
7280	3
7281	3
7282	3
7283	2
7284	2
7285	0
7286	3
7287	3
7288	2
7289	3
7290	2
7291	3
7292	1
7293	2
7294	2
7295	2
7296	2
7297	2
7298	3
7299	2
7300	3
7301	2
7302	3
7303	2
7304	2
7305	3
7306	3
7307	3
7308	3
7309	2
7310	3
7311	3
7312	2
7313	1
7314	3
7315	3
7316	3
7317	3
7318	3
7319	2
7320	2
7321	0
7322	3
7323	3
7324	1
7325	0
7326	3
7327	0
7328	3
7329	0
7330	3
7331	2
7332	3
7333	2
7334	0
7335	3
7336	3
7337	3
7338	3
7339	3
7340	2
7341	2
7342	3
7343	3
7344	3
7345	0
7346	3
7347	0
7348	3
7349	2
7350	3
7351	2
7352	3
7353	2
7354	3
7355	3
7356	2
7357	2
7358	0
7359	3
7360	1
7361	3
7362	3
7363	3
7364	1
7365	2
7366	2
7367	3
7368	2
7369	2
7370	3
7371	3
7372	2
7373	2
7374	3
7375	0
7376	3
7377	3
7378	3
7379	0
7380	2
7381	1
7382	3
7383	2
7384	3
7385	3
7386	2
7387	2
7388	2
7389	1
7390	3
7391	2
7392	2
7393	2
7394	3
7395	2
7396	2
7397	3
7398	3
7399	3
7400	3
7401	3
7402	3
7403	2
7404	3
7405	3
7406	2
7407	3
7408	1
7409	2
7410	3
7411	1
7412	2
7413	1
7414	3
7415	3
7416	2
7417	3
7418	3
7419	2
7420	2
7421	3
7422	1
7423	2
7424	0
7425	3
7426	1
7427	0
7428	2
7429	2
7430	2
7431	3
7432	2
7433	0
7434	2
7435	3
7436	3
7437	2
7438	2
7439	3
7440	0
7441	2
7442	2
7443	3
7444	3
7445	3
7446	1
7447	3
7448	2
7449	2
7450	2
7451	3
7452	2
7453	2
7454	2
7455	3
7456	3
7457	0
7458	2
7459	1
7460	0
7461	2
7462	3
7463	3
7464	2
7465	0
7466	3
7467	3
7468	2
7469	2
7470	2
7471	0
7472	2
7473	3
7474	3
7475	2
7476	3
7477	2
7478	3
7479	3
7480	3
7481	2
7482	2
7483	3
7484	3
7485	2
7486	2
7487	2
7488	0
7489	2
7490	2
7491	1
7492	0
7493	2
7494	3
7495	2
7496	3
7497	2
7498	3
7499	1
7500	0
7501	2
7502	3
7503	3
7504	2
7505	3
7506	3
7507	0
7508	2
7509	2
7510	2
7511	2
7512	1
7513	3
7514	0
7515	2
7516	2
7517	2
7518	1
7519	2
7520	2
7521	3
7522	3
7523	1
7524	0
7525	3
7526	3
7527	1
7528	3
7529	2
7530	3
7531	2
7532	3
7533	2
7534	3
7535	0
7536	0
7537	2
7538	0
7539	2
7540	2
7541	2
7542	3
7543	1
7544	2
7545	2
7546	3
7547	0
7548	2
7549	3
7550	2
7551	0
7552	2
7553	3
7554	2
7555	2
7556	0
7557	2
7558	2
7559	3
7560	2
7561	2
7562	3
7563	1
7564	2
7565	2
7566	2
7567	0
7568	2
7569	3
7570	2
7571	3
7572	3
7573	3
7574	2
7575	3
7576	2
7577	3
7578	3
7579	1
7580	1
7581	0
7582	0
7583	2
7584	2
7585	2
7586	0
7587	3
7588	3
7589	2
7590	1
7591	2
7592	2
7593	2
7594	1
7595	3
7596	2
7597	2
7598	2
7599	2
7600	2
7601	0
7602	2
7603	3
7604	2
7605	3
7606	3
7607	2
7608	2
7609	2
7610	3
7611	0
7612	3
7613	3
7614	3
7615	3
7616	3
7617	2
7618	1
7619	3
7620	2
7621	2
7622	2
7623	3
7624	3
7625	2
7626	3
7627	3
7628	2
7629	0
7630	3
7631	3
7632	2
7633	2
7634	3
7635	1
7636	2
7637	3
7638	0
7639	0
7640	3
7641	2
7642	0
7643	3
7644	2
7645	3
7646	3
7647	0
7648	3
7649	0
7650	1
7651	1
7652	2
7653	2
7654	0
7655	3
7656	2
7657	2
7658	0
7659	2
7660	2
7661	2
7662	0
7663	3
7664	2
7665	2
7666	2
7667	0
7668	3
7669	2
7670	2
7671	3
7672	2
7673	2
7674	2
7675	3
7676	2
7677	3
7678	3
7679	0
7680	3
7681	2
7682	2
7683	3
7684	2
7685	2
7686	3
7687	2
7688	3
7689	0
7690	1
7691	3
7692	2
7693	2
7694	0
7695	3
7696	3
7697	1
7698	3
7699	0
7700	3
7701	2
7702	2
7703	1
7704	3
7705	2
7706	0
7707	3
7708	3
7709	3
7710	2
7711	3
7712	3
7713	2
7714	3
7715	2
7716	0
7717	2
7718	3
7719	0
7720	2
7721	0
7722	3
7723	3
7724	2
7725	2
7726	3
7727	3
7728	3
7729	0
7730	3
7731	3
7732	2
7733	1
7734	3
7735	3
7736	3
7737	0
7738	3
7739	3
7740	2
7741	3
7742	3
7743	2
7744	2
7745	2
7746	3
7747	2
7748	2
7749	3
7750	3
7751	3
7752	3
7753	2
7754	3
7755	2
7756	2
7757	2
7758	0
7759	3
7760	1
7761	3
7762	3
7763	3
7764	3
7765	2
7766	3
7767	3
7768	3
7769	2
7770	0
7771	2
7772	3
7773	2
7774	2
7775	1
7776	3
7777	0
7778	3
7779	2
7780	0
7781	2
7782	3
7783	3
7784	2
7785	3
7786	0
7787	3
7788	2
7789	2
7790	3
7791	0
7792	3
7793	2
7794	2
7795	3
7796	2
7797	3
7798	1
7799	1
7800	2
7801	2
7802	2
7803	0
7804	0
7805	1
7806	3
7807	3
7808	2
7809	2
7810	3
7811	3
7812	3
7813	2
7814	3
7815	0
7816	2
7817	2
7818	3
7819	3
7820	1
7821	3
7822	3
7823	1
7824	3
7825	3
7826	0
7827	1
7828	3
7829	3
7830	3
7831	3
7832	3
7833	3
7834	3
7835	3
7836	3
7837	3
7838	3
7839	3
7840	3
7841	1
7842	3
7843	3
7844	0
7845	1
7846	3
7847	2
7848	1
7849	3
7850	3
7851	0
7852	3
7853	3
7854	2
7855	1
7856	3
7857	0
7858	3
7859	3
7860	3
7861	2
7862	2
7863	0
7864	3
7865	2
7866	2
7867	0
7868	0
7869	2
7870	1
7871	2
7872	3
7873	3
7874	3
7875	2
7876	2
7877	3
7878	3
7879	0
7880	3
7881	3
7882	1
7883	3
7884	2
7885	3
7886	3
7887	1
7888	2
7889	2
7890	3
7891	2
7892	3
7893	3
7894	2
7895	2
7896	3
7897	2
7898	3
7899	3
7900	3
7901	2
7902	3
7903	3
7904	2
7905	2
7906	3
7907	3
7908	3
7909	3
7910	3
7911	3
7912	2
7913	3
7914	3
7915	3
7916	0
7917	0
7918	3
7919	3
7920	3
7921	3
7922	3
7923	3
7924	3
7925	3
7926	3
7927	0
7928	2
7929	2
7930	3
7931	3
7932	3
7933	2
7934	3
7935	3
7936	3
7937	2
7938	3
7939	3
7940	0
7941	2
7942	2
7943	2
7944	3
7945	0
7946	3
7947	2
7948	2
7949	2
7950	0
7951	2
7952	3
7953	2
7954	3
7955	0
7956	3
7957	3
7958	3
7959	0
7960	0
7961	2
7962	3
7963	3
7964	0
7965	2
7966	3
7967	2
7968	2
7969	1
7970	3
7971	0
7972	2
7973	2
7974	3
7975	3
7976	2
7977	3
7978	3
7979	2
7980	0
7981	2
7982	3
7983	2
7984	0
7985	0
7986	3
7987	2
7988	0
7989	0
7990	3
7991	3
7992	3
7993	3
7994	0
7995	3
7996	2
7997	2
7998	2
7999	2
8000	0
8001	2
8002	2
8003	2
8004	2
8005	2
8006	3
8007	2
8008	2
8009	2
8010	3
8011	3
8012	2
8013	0
8014	3
8015	2
8016	2
8017	0
8018	0
8019	3
8020	3
8021	2
8022	1
8023	3
8024	2
8025	2
8026	3
8027	3
8028	2
8029	0
8030	3
8031	3
8032	2
8033	2
8034	3
8035	2
8036	3
8037	2
8038	3
8039	3
8040	3
8041	2
8042	2
8043	3
8044	2
8045	2
8046	3
8047	0
8048	1
8049	0
8050	2
8051	2
8052	2
8053	2
8054	3
8055	3
8056	0
8057	3
8058	2
8059	3
8060	0
8061	0
8062	3
8063	3
8064	3
8065	3
8066	3
8067	3
8068	3
8069	0
8070	3
8071	3
8072	1
8073	3
8074	1
8075	3
8076	3
8077	1
8078	0
8079	0
8080	3
8081	2
8082	3
8083	3
8084	3
8085	3
8086	3
8087	3
8088	0
8089	2
8090	3
8091	3
8092	3
8093	2
8094	3
8095	2
8096	3
8097	3
8098	2
8099	3
8100	3
8101	3
8102	2
8103	3
8104	2
8105	3
8106	3
8107	3
8108	0
8109	2
8110	3
8111	3
8112	0
8113	2
8114	3
8115	1
8116	3
8117	0
8118	3
8119	3
8120	2
8121	3
8122	3
8123	3
8124	3
8125	0
8126	3
8127	3
8128	3
8129	1
8130	3
8131	3
8132	2
8133	0
8134	3
8135	0
8136	3
8137	3
8138	3
8139	3
8140	3
8141	2
8142	3
8143	3
8144	3
8145	3
8146	3
8147	2
8148	2
8149	2
8150	3
8151	2
8152	3
8153	3
8154	3
8155	2
8156	3
8157	1
8158	2
8159	3
8160	3
8161	3
8162	3
8163	2
8164	3
8165	3
8166	3
8167	0
8168	2
8169	3
8170	3
8171	3
8172	2
8173	3
8174	0
8175	1
8176	2
8177	3
8178	3
8179	2
8180	0
8181	2
8182	3
8183	2
8184	3
8185	3
8186	3
8187	3
8188	2
8189	0
8190	3
8191	3
