COMMAND
./sim gshare 12 8 ./proj2-traces/gcc_trace.txt
OUTPUT
number of predictions:2000000
number of mispredictions:260043
misprediction rate:   13.00%
FINAL GSHARE CONTENTS
0	3
1	1
2	0
3	0
4	0
5	3
6	0
7	2
8	1
9	3
10	3
11	2
12	0
13	0
14	0
15	0
16	3
17	0
18	0
19	0
20	0
21	3
22	0
23	3
24	0
25	0
26	3
27	3
28	3
29	0
30	0
31	3
32	0
33	1
34	0
35	3
36	3
37	2
38	2
39	0
40	3
41	1
42	3
43	3
44	3
45	3
46	0
47	0
48	0
49	0
50	3
51	0
52	1
53	0
54	3
55	3
56	3
57	3
58	0
59	1
60	0
61	2
62	0
63	0
64	0
65	0
66	3
67	3
68	3
69	3
70	3
71	0
72	3
73	0
74	0
75	0
76	0
77	0
78	3
79	3
80	0
81	0
82	3
83	3
84	0
85	3
86	3
87	3
88	0
89	0
90	0
91	3
92	3
93	0
94	3
95	0
96	0
97	1
98	3
99	3
100	3
101	3
102	0
103	0
104	3
105	0
106	1
107	0
108	1
109	3
110	2
111	3
112	3
113	0
114	3
115	0
116	3
117	3
118	3
119	0
120	1
121	0
122	3
123	0
124	3
125	0
126	0
127	3
128	3
129	0
130	0
131	0
132	0
133	3
134	3
135	2
136	3
137	1
138	2
139	3
140	2
141	0
142	0
143	1
144	0
145	0
146	3
147	3
148	3
149	0
150	3
151	1
152	0
153	3
154	3
155	1
156	1
157	3
158	0
159	3
160	3
161	3
162	3
163	1
164	0
165	0
166	0
167	3
168	0
169	3
170	2
171	3
172	3
173	0
174	0
175	0
176	0
177	0
178	2
179	3
180	0
181	3
182	2
183	0
184	2
185	1
186	3
187	0
188	3
189	1
190	0
191	0
192	3
193	0
194	1
195	3
196	1
197	3
198	3
199	0
200	0
201	0
202	0
203	0
204	0
205	3
206	0
207	0
208	0
209	0
210	0
211	3
212	0
213	0
214	3
215	0
216	3
217	0
218	2
219	2
220	2
221	3
222	0
223	3
224	3
225	0
226	2
227	3
228	0
229	3
230	3
231	0
232	0
233	1
234	3
235	3
236	0
237	0
238	3
239	1
240	0
241	0
242	3
243	3
244	0
245	0
246	0
247	3
248	0
249	0
250	3
251	3
252	3
253	0
254	0
255	0
256	3
257	3
258	3
259	0
260	3
261	3
262	0
263	3
264	0
265	1
266	2
267	1
268	0
269	0
270	0
271	3
272	1
273	0
274	0
275	3
276	0
277	3
278	3
279	1
280	2
281	2
282	3
283	2
284	2
285	0
286	0
287	0
288	1
289	0
290	0
291	1
292	0
293	1
294	3
295	0
296	0
297	0
298	3
299	3
300	3
301	0
302	3
303	0
304	1
305	3
306	2
307	3
308	0
309	2
310	2
311	0
312	0
313	1
314	3
315	2
316	3
317	0
318	0
319	0
320	3
321	1
322	0
323	3
324	0
325	3
326	3
327	0
328	0
329	0
330	0
331	1
332	0
333	0
334	0
335	2
336	3
337	0
338	1
339	3
340	0
341	3
342	0
343	0
344	0
345	0
346	3
347	3
348	3
349	0
350	3
351	3
352	3
353	0
354	1
355	3
356	3
357	3
358	0
359	0
360	0
361	0
362	0
363	2
364	3
365	0
366	3
367	1
368	0
369	0
370	3
371	3
372	3
373	3
374	0
375	0
376	0
377	0
378	3
379	3
380	3
381	0
382	0
383	3
384	0
385	3
386	3
387	3
388	0
389	0
390	0
391	3
392	2
393	0
394	1
395	1
396	3
397	0
398	3
399	3
400	0
401	0
402	3
403	2
404	2
405	0
406	0
407	0
408	3
409	1
410	1
411	0
412	1
413	2
414	0
415	3
416	0
417	0
418	0
419	0
420	0
421	0
422	1
423	3
424	1
425	0
426	1
427	0
428	3
429	0
430	1
431	2
432	3
433	0
434	3
435	0
436	3
437	1
438	0
439	0
440	0
441	0
442	3
443	0
444	3
445	1
446	2
447	3
448	0
449	2
450	2
451	0
452	0
453	3
454	3
455	0
456	0
457	0
458	0
459	0
460	1
461	0
462	0
463	2
464	0
465	3
466	1
467	0
468	0
469	3
470	3
471	0
472	0
473	0
474	3
475	0
476	3
477	2
478	3
479	0
480	2
481	0
482	3
483	3
484	1
485	3
486	0
487	1
488	0
489	0
490	0
491	3
492	0
493	0
494	0
495	0
496	0
497	0
498	1
499	3
500	0
501	1
502	1
503	0
504	0
505	0
506	0
507	0
508	3
509	3
510	0
511	0
512	0
513	0
514	0
515	0
516	3
517	3
518	0
519	3
520	3
521	0
522	0
523	0
524	0
525	1
526	3
527	3
528	1
529	0
530	3
531	0
532	0
533	3
534	3
535	0
536	0
537	3
538	0
539	0
540	0
541	0
542	3
543	0
544	0
545	1
546	2
547	0
548	2
549	3
550	0
551	3
552	3
553	0
554	3
555	3
556	3
557	0
558	3
559	0
560	0
561	3
562	3
563	1
564	1
565	1
566	0
567	0
568	3
569	3
570	0
571	1
572	0
573	1
574	1
575	2
576	3
577	2
578	0
579	0
580	0
581	2
582	0
583	3
584	3
585	3
586	3
587	3
588	3
589	3
590	0
591	3
592	2
593	0
594	1
595	2
596	0
597	0
598	0
599	0
600	3
601	0
602	1
603	3
604	2
605	1
606	0
607	0
608	0
609	3
610	0
611	1
612	3
613	3
614	2
615	3
616	3
617	3
618	0
619	3
620	0
621	1
622	0
623	3
624	2
625	3
626	3
627	1
628	0
629	0
630	2
631	1
632	3
633	3
634	0
635	3
636	0
637	3
638	0
639	0
640	2
641	3
642	3
643	3
644	3
645	3
646	0
647	3
648	0
649	0
650	2
651	0
652	2
653	3
654	3
655	3
656	2
657	0
658	3
659	3
660	0
661	3
662	0
663	0
664	0
665	1
666	2
667	3
668	1
669	0
670	0
671	0
672	3
673	3
674	1
675	3
676	2
677	3
678	0
679	3
680	3
681	0
682	0
683	1
684	3
685	0
686	3
687	3
688	3
689	0
690	3
691	0
692	0
693	0
694	3
695	0
696	3
697	1
698	1
699	1
700	3
701	3
702	1
703	0
704	2
705	2
706	3
707	3
708	0
709	3
710	0
711	3
712	3
713	0
714	0
715	0
716	3
717	3
718	0
719	3
720	0
721	3
722	3
723	3
724	3
725	1
726	0
727	0
728	2
729	0
730	0
731	0
732	1
733	3
734	3
735	2
736	3
737	0
738	3
739	3
740	3
741	3
742	0
743	0
744	0
745	0
746	3
747	2
748	2
749	3
750	3
751	3
752	0
753	0
754	3
755	0
756	0
757	0
758	0
759	2
760	3
761	0
762	0
763	0
764	3
765	3
766	0
767	2
768	3
769	3
770	3
771	2
772	0
773	3
774	3
775	0
776	0
777	3
778	0
779	1
780	1
781	0
782	0
783	0
784	3
785	0
786	3
787	0
788	0
789	3
790	3
791	1
792	3
793	3
794	0
795	3
796	0
797	0
798	3
799	1
800	1
801	3
802	3
803	0
804	0
805	3
806	0
807	0
808	3
809	0
810	0
811	1
812	3
813	0
814	3
815	3
816	0
817	0
818	2
819	0
820	0
821	0
822	2
823	0
824	3
825	0
826	0
827	0
828	2
829	3
830	3
831	3
832	1
833	0
834	0
835	1
836	3
837	3
838	0
839	0
840	3
841	3
842	0
843	1
844	3
845	3
846	0
847	3
848	3
849	0
850	0
851	2
852	0
853	1
854	2
855	3
856	3
857	0
858	0
859	0
860	3
861	0
862	2
863	1
864	0
865	2
866	3
867	0
868	0
869	1
870	3
871	2
872	1
873	0
874	0
875	3
876	0
877	3
878	3
879	3
880	0
881	3
882	0
883	3
884	1
885	3
886	0
887	3
888	3
889	3
890	0
891	0
892	3
893	0
894	0
895	2
896	3
897	3
898	3
899	3
900	0
901	3
902	0
903	0
904	3
905	3
906	0
907	0
908	0
909	0
910	3
911	3
912	0
913	0
914	3
915	3
916	0
917	3
918	0
919	0
920	3
921	3
922	1
923	3
924	1
925	0
926	3
927	0
928	0
929	3
930	2
931	0
932	0
933	3
934	0
935	3
936	0
937	0
938	3
939	0
940	3
941	0
942	3
943	3
944	2
945	3
946	3
947	0
948	3
949	3
950	0
951	0
952	0
953	2
954	0
955	0
956	3
957	0
958	3
959	0
960	3
961	3
962	3
963	1
964	3
965	1
966	0
967	3
968	0
969	0
970	0
971	2
972	3
973	3
974	3
975	0
976	3
977	3
978	3
979	1
980	0
981	3
982	0
983	3
984	3
985	0
986	1
987	3
988	3
989	3
990	0
991	0
992	3
993	0
994	3
995	3
996	3
997	0
998	0
999	0
1000	3
1001	0
1002	0
1003	0
1004	3
1005	3
1006	0
1007	0
1008	0
1009	3
1010	0
1011	0
1012	0
1013	0
1014	0
1015	0
1016	3
1017	0
1018	0
1019	3
1020	3
1021	3
1022	3
1023	0
1024	3
1025	3
1026	3
1027	3
1028	3
1029	0
1030	0
1031	3
1032	3
1033	1
1034	3
1035	3
1036	0
1037	3
1038	0
1039	3
1040	0
1041	3
1042	3
1043	3
1044	1
1045	2
1046	0
1047	0
1048	0
1049	3
1050	0
1051	3
1052	0
1053	0
1054	0
1055	3
1056	0
1057	3
1058	3
1059	3
1060	2
1061	0
1062	2
1063	0
1064	3
1065	3
1066	0
1067	3
1068	3
1069	3
1070	0
1071	3
1072	3
1073	2
1074	3
1075	0
1076	0
1077	3
1078	3
1079	1
1080	2
1081	3
1082	0
1083	3
1084	3
1085	0
1086	3
1087	2
1088	0
1089	1
1090	0
1091	3
1092	3
1093	1
1094	0
1095	3
1096	0
1097	0
1098	0
1099	3
1100	3
1101	3
1102	1
1103	3
1104	0
1105	3
1106	3
1107	0
1108	3
1109	3
1110	0
1111	0
1112	0
1113	3
1114	3
1115	2
1116	3
1117	3
1118	3
1119	3
1120	0
1121	2
1122	3
1123	3
1124	3
1125	0
1126	0
1127	3
1128	0
1129	0
1130	0
1131	0
1132	3
1133	0
1134	3
1135	3
1136	0
1137	3
1138	0
1139	0
1140	0
1141	1
1142	0
1143	1
1144	0
1145	0
1146	1
1147	3
1148	1
1149	0
1150	0
1151	0
1152	0
1153	0
1154	3
1155	3
1156	3
1157	0
1158	0
1159	0
1160	0
1161	3
1162	0
1163	1
1164	0
1165	3
1166	0
1167	0
1168	0
1169	1
1170	0
1171	3
1172	3
1173	0
1174	0
1175	3
1176	0
1177	0
1178	0
1179	0
1180	0
1181	3
1182	0
1183	3
1184	3
1185	1
1186	0
1187	3
1188	0
1189	3
1190	1
1191	1
1192	3
1193	0
1194	0
1195	3
1196	3
1197	0
1198	2
1199	3
1200	3
1201	0
1202	3
1203	0
1204	0
1205	0
1206	0
1207	0
1208	0
1209	0
1210	0
1211	3
1212	0
1213	0
1214	0
1215	0
1216	2
1217	3
1218	0
1219	3
1220	3
1221	2
1222	0
1223	2
1224	2
1225	0
1226	3
1227	3
1228	0
1229	2
1230	2
1231	0
1232	0
1233	0
1234	1
1235	1
1236	1
1237	0
1238	0
1239	0
1240	0
1241	0
1242	3
1243	3
1244	0
1245	0
1246	0
1247	0
1248	0
1249	3
1250	0
1251	2
1252	0
1253	0
1254	0
1255	3
1256	2
1257	1
1258	2
1259	3
1260	0
1261	3
1262	2
1263	0
1264	0
1265	0
1266	1
1267	3
1268	0
1269	1
1270	3
1271	3
1272	3
1273	3
1274	0
1275	3
1276	2
1277	3
1278	3
1279	0
1280	3
1281	3
1282	3
1283	0
1284	0
1285	0
1286	0
1287	0
1288	0
1289	0
1290	3
1291	3
1292	0
1293	0
1294	1
1295	0
1296	0
1297	3
1298	3
1299	0
1300	0
1301	3
1302	3
1303	3
1304	0
1305	3
1306	0
1307	3
1308	0
1309	0
1310	0
1311	3
1312	0
1313	3
1314	3
1315	3
1316	0
1317	0
1318	0
1319	0
1320	0
1321	3
1322	3
1323	3
1324	0
1325	0
1326	0
1327	1
1328	0
1329	1
1330	0
1331	0
1332	3
1333	3
1334	3
1335	1
1336	0
1337	1
1338	0
1339	0
1340	0
1341	0
1342	1
1343	3
1344	0
1345	2
1346	0
1347	1
1348	0
1349	2
1350	0
1351	3
1352	0
1353	3
1354	3
1355	3
1356	3
1357	0
1358	3
1359	2
1360	0
1361	2
1362	1
1363	0
1364	3
1365	3
1366	3
1367	1
1368	3
1369	0
1370	0
1371	3
1372	3
1373	0
1374	0
1375	0
1376	0
1377	3
1378	0
1379	2
1380	3
1381	1
1382	0
1383	0
1384	3
1385	0
1386	3
1387	0
1388	1
1389	1
1390	2
1391	3
1392	3
1393	3
1394	3
1395	0
1396	1
1397	0
1398	0
1399	0
1400	3
1401	3
1402	3
1403	2
1404	0
1405	3
1406	0
1407	3
1408	0
1409	0
1410	3
1411	0
1412	0
1413	0
1414	0
1415	2
1416	2
1417	2
1418	0
1419	2
1420	0
1421	0
1422	0
1423	3
1424	3
1425	3
1426	1
1427	0
1428	1
1429	2
1430	3
1431	3
1432	3
1433	0
1434	0
1435	0
1436	3
1437	3
1438	0
1439	3
1440	3
1441	2
1442	3
1443	3
1444	3
1445	3
1446	0
1447	0
1448	3
1449	2
1450	0
1451	0
1452	0
1453	3
1454	3
1455	3
1456	3
1457	3
1458	0
1459	3
1460	0
1461	3
1462	0
1463	3
1464	3
1465	0
1466	0
1467	3
1468	1
1469	3
1470	3
1471	3
1472	2
1473	3
1474	3
1475	3
1476	0
1477	3
1478	0
1479	0
1480	1
1481	3
1482	0
1483	3
1484	0
1485	3
1486	3
1487	3
1488	1
1489	2
1490	1
1491	0
1492	0
1493	1
1494	1
1495	2
1496	0
1497	3
1498	3
1499	0
1500	2
1501	0
1502	3
1503	3
1504	3
1505	0
1506	1
1507	2
1508	3
1509	0
1510	1
1511	0
1512	3
1513	0
1514	1
1515	3
1516	0
1517	0
1518	0
1519	0
1520	0
1521	2
1522	3
1523	0
1524	3
1525	0
1526	0
1527	1
1528	1
1529	1
1530	0
1531	0
1532	0
1533	0
1534	0
1535	3
1536	3
1537	2
1538	0
1539	3
1540	3
1541	1
1542	3
1543	0
1544	0
1545	0
1546	3
1547	0
1548	0
1549	3
1550	3
1551	0
1552	0
1553	3
1554	0
1555	3
1556	3
1557	3
1558	0
1559	0
1560	0
1561	3
1562	0
1563	0
1564	3
1565	3
1566	0
1567	0
1568	1
1569	3
1570	2
1571	3
1572	3
1573	1
1574	0
1575	1
1576	1
1577	3
1578	3
1579	3
1580	3
1581	2
1582	0
1583	0
1584	3
1585	3
1586	0
1587	2
1588	3
1589	1
1590	0
1591	0
1592	0
1593	3
1594	0
1595	3
1596	0
1597	1
1598	0
1599	3
1600	0
1601	2
1602	0
1603	0
1604	2
1605	0
1606	0
1607	0
1608	0
1609	0
1610	0
1611	0
1612	3
1613	1
1614	1
1615	3
1616	0
1617	1
1618	0
1619	0
1620	0
1621	0
1622	1
1623	0
1624	0
1625	3
1626	0
1627	3
1628	3
1629	3
1630	3
1631	3
1632	0
1633	3
1634	3
1635	0
1636	3
1637	1
1638	3
1639	0
1640	0
1641	3
1642	0
1643	3
1644	0
1645	0
1646	3
1647	1
1648	0
1649	3
1650	0
1651	0
1652	3
1653	0
1654	3
1655	3
1656	0
1657	3
1658	0
1659	3
1660	3
1661	3
1662	0
1663	0
1664	3
1665	3
1666	2
1667	0
1668	3
1669	1
1670	3
1671	2
1672	3
1673	0
1674	0
1675	0
1676	3
1677	3
1678	3
1679	2
1680	3
1681	0
1682	3
1683	2
1684	2
1685	0
1686	3
1687	0
1688	0
1689	3
1690	0
1691	2
1692	3
1693	3
1694	3
1695	0
1696	3
1697	2
1698	0
1699	0
1700	1
1701	0
1702	0
1703	1
1704	0
1705	2
1706	3
1707	0
1708	0
1709	3
1710	0
1711	0
1712	3
1713	3
1714	0
1715	3
1716	3
1717	3
1718	1
1719	0
1720	3
1721	3
1722	0
1723	0
1724	3
1725	3
1726	1
1727	3
1728	0
1729	3
1730	1
1731	2
1732	3
1733	2
1734	0
1735	3
1736	0
1737	3
1738	0
1739	2
1740	0
1741	3
1742	2
1743	0
1744	0
1745	3
1746	0
1747	0
1748	0
1749	0
1750	0
1751	0
1752	3
1753	3
1754	0
1755	3
1756	3
1757	2
1758	3
1759	1
1760	1
1761	0
1762	0
1763	1
1764	0
1765	3
1766	0
1767	1
1768	3
1769	1
1770	3
1771	3
1772	3
1773	0
1774	1
1775	1
1776	2
1777	0
1778	3
1779	2
1780	3
1781	3
1782	0
1783	0
1784	3
1785	0
1786	0
1787	2
1788	3
1789	0
1790	0
1791	0
1792	3
1793	2
1794	2
1795	0
1796	0
1797	0
1798	3
1799	0
1800	3
1801	0
1802	3
1803	0
1804	2
1805	3
1806	3
1807	0
1808	0
1809	3
1810	0
1811	3
1812	3
1813	3
1814	0
1815	0
1816	2
1817	3
1818	2
1819	0
1820	2
1821	3
1822	3
1823	0
1824	0
1825	1
1826	2
1827	3
1828	0
1829	3
1830	0
1831	3
1832	3
1833	0
1834	0
1835	3
1836	0
1837	2
1838	0
1839	3
1840	1
1841	0
1842	3
1843	0
1844	1
1845	2
1846	2
1847	2
1848	0
1849	0
1850	2
1851	3
1852	3
1853	3
1854	0
1855	3
1856	3
1857	3
1858	3
1859	0
1860	0
1861	0
1862	3
1863	3
1864	1
1865	2
1866	0
1867	0
1868	0
1869	3
1870	0
1871	1
1872	0
1873	3
1874	0
1875	0
1876	3
1877	1
1878	0
1879	0
1880	0
1881	0
1882	0
1883	3
1884	0
1885	3
1886	0
1887	3
1888	3
1889	1
1890	0
1891	3
1892	0
1893	0
1894	0
1895	0
1896	0
1897	2
1898	0
1899	3
1900	0
1901	0
1902	3
1903	0
1904	3
1905	0
1906	3
1907	3
1908	2
1909	3
1910	0
1911	2
1912	1
1913	2
1914	3
1915	0
1916	3
1917	0
1918	2
1919	0
1920	0
1921	2
1922	0
1923	3
1924	0
1925	0
1926	0
1927	0
1928	3
1929	0
1930	3
1931	3
1932	3
1933	3
1934	3
1935	2
1936	1
1937	0
1938	2
1939	3
1940	0
1941	3
1942	0
1943	0
1944	2
1945	3
1946	3
1947	0
1948	3
1949	0
1950	2
1951	3
1952	1
1953	3
1954	3
1955	0
1956	2
1957	3
1958	1
1959	0
1960	2
1961	0
1962	3
1963	3
1964	0
1965	1
1966	0
1967	0
1968	0
1969	3
1970	3
1971	3
1972	3
1973	0
1974	0
1975	0
1976	0
1977	3
1978	3
1979	0
1980	0
1981	0
1982	0
1983	3
1984	3
1985	1
1986	2
1987	1
1988	3
1989	0
1990	0
1991	3
1992	0
1993	3
1994	3
1995	3
1996	0
1997	2
1998	1
1999	0
2000	0
2001	3
2002	3
2003	3
2004	0
2005	0
2006	0
2007	0
2008	0
2009	3
2010	0
2011	1
2012	3
2013	0
2014	0
2015	3
2016	0
2017	3
2018	3
2019	3
2020	1
2021	3
2022	0
2023	0
2024	3
2025	0
2026	3
2027	3
2028	3
2029	3
2030	0
2031	0
2032	3
2033	3
2034	3
2035	3
2036	3
2037	0
2038	0
2039	3
2040	0
2041	0
2042	3
2043	0
2044	3
2045	3
2046	3
2047	0
2048	1
2049	0
2050	0
2051	3
2052	3
2053	0
2054	0
2055	0
2056	3
2057	0
2058	0
2059	0
2060	0
2061	1
2062	3
2063	3
2064	0
2065	0
2066	0
2067	2
2068	3
2069	3
2070	0
2071	3
2072	0
2073	0
2074	0
2075	0
2076	0
2077	3
2078	3
2079	0
2080	0
2081	3
2082	0
2083	3
2084	0
2085	2
2086	0
2087	3
2088	3
2089	0
2090	0
2091	0
2092	0
2093	3
2094	0
2095	0
2096	3
2097	0
2098	0
2099	3
2100	2
2101	3
2102	2
2103	0
2104	3
2105	3
2106	0
2107	0
2108	0
2109	3
2110	3
2111	0
2112	3
2113	3
2114	0
2115	1
2116	1
2117	0
2118	0
2119	0
2120	0
2121	3
2122	0
2123	0
2124	0
2125	3
2126	1
2127	2
2128	0
2129	0
2130	3
2131	0
2132	3
2133	3
2134	0
2135	2
2136	2
2137	0
2138	0
2139	0
2140	0
2141	3
2142	0
2143	3
2144	0
2145	0
2146	3
2147	0
2148	0
2149	2
2150	0
2151	2
2152	0
2153	3
2154	0
2155	0
2156	2
2157	3
2158	3
2159	3
2160	0
2161	0
2162	3
2163	3
2164	0
2165	0
2166	3
2167	0
2168	0
2169	3
2170	0
2171	2
2172	0
2173	3
2174	3
2175	2
2176	0
2177	0
2178	1
2179	3
2180	3
2181	1
2182	0
2183	0
2184	3
2185	0
2186	3
2187	3
2188	0
2189	3
2190	3
2191	3
2192	0
2193	3
2194	3
2195	3
2196	0
2197	3
2198	0
2199	0
2200	0
2201	0
2202	0
2203	0
2204	0
2205	1
2206	3
2207	3
2208	0
2209	1
2210	0
2211	0
2212	0
2213	3
2214	0
2215	3
2216	3
2217	3
2218	3
2219	1
2220	3
2221	3
2222	0
2223	0
2224	0
2225	0
2226	0
2227	0
2228	3
2229	3
2230	0
2231	3
2232	0
2233	0
2234	0
2235	0
2236	0
2237	3
2238	3
2239	1
2240	3
2241	0
2242	0
2243	2
2244	3
2245	0
2246	1
2247	3
2248	3
2249	0
2250	3
2251	0
2252	0
2253	3
2254	1
2255	0
2256	3
2257	0
2258	3
2259	0
2260	0
2261	3
2262	0
2263	1
2264	0
2265	2
2266	2
2267	2
2268	0
2269	0
2270	0
2271	3
2272	0
2273	0
2274	0
2275	3
2276	0
2277	2
2278	0
2279	0
2280	0
2281	0
2282	3
2283	1
2284	3
2285	3
2286	1
2287	1
2288	3
2289	0
2290	0
2291	0
2292	0
2293	1
2294	0
2295	3
2296	0
2297	1
2298	0
2299	0
2300	3
2301	3
2302	3
2303	0
2304	0
2305	0
2306	1
2307	3
2308	0
2309	3
2310	0
2311	0
2312	3
2313	0
2314	0
2315	0
2316	0
2317	0
2318	3
2319	3
2320	0
2321	0
2322	0
2323	3
2324	0
2325	0
2326	0
2327	0
2328	0
2329	0
2330	0
2331	0
2332	0
2333	3
2334	1
2335	3
2336	3
2337	0
2338	0
2339	0
2340	1
2341	0
2342	0
2343	3
2344	0
2345	0
2346	0
2347	3
2348	1
2349	3
2350	3
2351	3
2352	0
2353	3
2354	2
2355	3
2356	0
2357	0
2358	0
2359	0
2360	0
2361	0
2362	0
2363	3
2364	0
2365	0
2366	3
2367	3
2368	0
2369	2
2370	3
2371	0
2372	3
2373	0
2374	1
2375	0
2376	1
2377	0
2378	0
2379	3
2380	3
2381	3
2382	3
2383	0
2384	0
2385	3
2386	0
2387	0
2388	3
2389	0
2390	3
2391	0
2392	3
2393	0
2394	0
2395	0
2396	3
2397	3
2398	3
2399	3
2400	0
2401	0
2402	0
2403	2
2404	0
2405	3
2406	3
2407	0
2408	3
2409	0
2410	1
2411	0
2412	3
2413	3
2414	3
2415	2
2416	3
2417	0
2418	3
2419	3
2420	3
2421	0
2422	0
2423	0
2424	0
2425	0
2426	0
2427	3
2428	3
2429	1
2430	3
2431	3
2432	0
2433	1
2434	2
2435	3
2436	0
2437	3
2438	0
2439	3
2440	0
2441	0
2442	0
2443	0
2444	0
2445	3
2446	1
2447	3
2448	3
2449	0
2450	0
2451	3
2452	0
2453	1
2454	0
2455	2
2456	3
2457	3
2458	0
2459	3
2460	0
2461	3
2462	3
2463	2
2464	2
2465	3
2466	0
2467	3
2468	0
2469	0
2470	2
2471	0
2472	3
2473	3
2474	1
2475	0
2476	3
2477	3
2478	0
2479	3
2480	0
2481	2
2482	0
2483	0
2484	3
2485	0
2486	2
2487	1
2488	3
2489	0
2490	3
2491	0
2492	3
2493	3
2494	3
2495	0
2496	1
2497	2
2498	0
2499	0
2500	0
2501	3
2502	0
2503	3
2504	0
2505	2
2506	3
2507	0
2508	0
2509	3
2510	3
2511	3
2512	1
2513	3
2514	1
2515	0
2516	0
2517	2
2518	0
2519	2
2520	3
2521	0
2522	3
2523	1
2524	3
2525	0
2526	1
2527	3
2528	0
2529	0
2530	0
2531	3
2532	0
2533	0
2534	0
2535	0
2536	0
2537	0
2538	1
2539	0
2540	3
2541	2
2542	3
2543	3
2544	0
2545	3
2546	3
2547	3
2548	1
2549	0
2550	2
2551	2
2552	0
2553	0
2554	3
2555	0
2556	3
2557	0
2558	3
2559	3
2560	0
2561	3
2562	0
2563	0
2564	0
2565	1
2566	2
2567	0
2568	2
2569	3
2570	2
2571	0
2572	2
2573	0
2574	1
2575	3
2576	0
2577	3
2578	0
2579	0
2580	1
2581	2
2582	2
2583	3
2584	0
2585	1
2586	2
2587	0
2588	0
2589	0
2590	0
2591	3
2592	0
2593	3
2594	3
2595	0
2596	1
2597	3
2598	3
2599	3
2600	0
2601	0
2602	0
2603	0
2604	0
2605	2
2606	0
2607	0
2608	3
2609	2
2610	3
2611	3
2612	2
2613	3
2614	1
2615	3
2616	3
2617	2
2618	3
2619	0
2620	0
2621	1
2622	2
2623	3
2624	3
2625	0
2626	0
2627	0
2628	0
2629	3
2630	3
2631	3
2632	2
2633	0
2634	0
2635	0
2636	3
2637	3
2638	0
2639	3
2640	3
2641	0
2642	0
2643	0
2644	0
2645	2
2646	3
2647	3
2648	1
2649	0
2650	0
2651	3
2652	3
2653	0
2654	0
2655	0
2656	0
2657	3
2658	1
2659	3
2660	0
2661	1
2662	3
2663	0
2664	2
2665	3
2666	0
2667	0
2668	0
2669	3
2670	0
2671	3
2672	3
2673	3
2674	1
2675	0
2676	1
2677	3
2678	0
2679	0
2680	0
2681	1
2682	0
2683	0
2684	0
2685	1
2686	2
2687	0
2688	0
2689	0
2690	0
2691	0
2692	2
2693	0
2694	1
2695	3
2696	3
2697	2
2698	0
2699	2
2700	0
2701	3
2702	2
2703	0
2704	3
2705	3
2706	1
2707	0
2708	0
2709	0
2710	3
2711	3
2712	0
2713	3
2714	3
2715	3
2716	3
2717	3
2718	3
2719	3
2720	0
2721	3
2722	2
2723	0
2724	2
2725	3
2726	3
2727	3
2728	0
2729	3
2730	3
2731	0
2732	0
2733	0
2734	3
2735	3
2736	0
2737	3
2738	0
2739	1
2740	0
2741	0
2742	3
2743	3
2744	0
2745	0
2746	3
2747	0
2748	0
2749	0
2750	3
2751	2
2752	0
2753	0
2754	0
2755	3
2756	2
2757	0
2758	3
2759	3
2760	2
2761	3
2762	0
2763	3
2764	3
2765	2
2766	3
2767	3
2768	0
2769	2
2770	0
2771	0
2772	0
2773	0
2774	3
2775	3
2776	3
2777	3
2778	0
2779	3
2780	0
2781	0
2782	3
2783	0
2784	0
2785	0
2786	2
2787	0
2788	0
2789	0
2790	1
2791	2
2792	0
2793	0
2794	0
2795	0
2796	0
2797	3
2798	0
2799	1
2800	0
2801	0
2802	3
2803	0
2804	1
2805	3
2806	0
2807	3
2808	2
2809	2
2810	3
2811	0
2812	0
2813	3
2814	0
2815	0
2816	3
2817	0
2818	1
2819	0
2820	2
2821	3
2822	3
2823	0
2824	3
2825	3
2826	0
2827	0
2828	1
2829	0
2830	2
2831	0
2832	0
2833	0
2834	0
2835	0
2836	0
2837	0
2838	3
2839	1
2840	2
2841	3
2842	0
2843	0
2844	3
2845	2
2846	0
2847	3
2848	2
2849	2
2850	2
2851	0
2852	0
2853	3
2854	0
2855	3
2856	2
2857	0
2858	0
2859	0
2860	0
2861	0
2862	3
2863	3
2864	3
2865	3
2866	0
2867	0
2868	0
2869	3
2870	0
2871	0
2872	3
2873	1
2874	2
2875	0
2876	0
2877	0
2878	3
2879	0
2880	3
2881	2
2882	2
2883	0
2884	2
2885	3
2886	3
2887	3
2888	3
2889	3
2890	0
2891	0
2892	0
2893	0
2894	3
2895	1
2896	2
2897	1
2898	1
2899	1
2900	1
2901	3
2902	0
2903	0
2904	3
2905	0
2906	0
2907	0
2908	3
2909	0
2910	0
2911	3
2912	3
2913	0
2914	0
2915	0
2916	3
2917	3
2918	0
2919	2
2920	3
2921	3
2922	0
2923	3
2924	3
2925	1
2926	0
2927	3
2928	0
2929	2
2930	0
2931	0
2932	2
2933	1
2934	0
2935	3
2936	0
2937	3
2938	0
2939	3
2940	1
2941	1
2942	3
2943	3
2944	0
2945	1
2946	0
2947	0
2948	0
2949	3
2950	0
2951	2
2952	3
2953	0
2954	2
2955	0
2956	0
2957	3
2958	3
2959	0
2960	0
2961	0
2962	3
2963	0
2964	0
2965	0
2966	0
2967	0
2968	3
2969	2
2970	2
2971	0
2972	3
2973	0
2974	0
2975	0
2976	0
2977	1
2978	0
2979	0
2980	0
2981	1
2982	3
2983	3
2984	3
2985	3
2986	3
2987	0
2988	0
2989	3
2990	3
2991	1
2992	0
2993	1
2994	0
2995	3
2996	2
2997	0
2998	0
2999	3
3000	3
3001	0
3002	0
3003	3
3004	0
3005	0
3006	1
3007	0
3008	3
3009	3
3010	1
3011	0
3012	0
3013	1
3014	1
3015	3
3016	0
3017	0
3018	0
3019	0
3020	3
3021	1
3022	3
3023	3
3024	0
3025	3
3026	0
3027	0
3028	3
3029	0
3030	1
3031	3
3032	0
3033	0
3034	2
3035	0
3036	3
3037	0
3038	1
3039	1
3040	0
3041	0
3042	0
3043	0
3044	0
3045	2
3046	3
3047	3
3048	3
3049	3
3050	3
3051	0
3052	3
3053	0
3054	2
3055	3
3056	2
3057	0
3058	1
3059	0
3060	0
3061	3
3062	3
3063	3
3064	3
3065	3
3066	0
3067	3
3068	2
3069	0
3070	0
3071	2
3072	0
3073	3
3074	0
3075	0
3076	2
3077	0
3078	3
3079	0
3080	0
3081	0
3082	3
3083	3
3084	0
3085	3
3086	3
3087	1
3088	0
3089	0
3090	0
3091	0
3092	2
3093	0
3094	0
3095	1
3096	3
3097	0
3098	3
3099	2
3100	3
3101	2
3102	3
3103	0
3104	0
3105	0
3106	2
3107	2
3108	0
3109	0
3110	3
3111	3
3112	3
3113	1
3114	0
3115	3
3116	2
3117	0
3118	3
3119	3
3120	0
3121	0
3122	0
3123	2
3124	0
3125	3
3126	3
3127	0
3128	1
3129	3
3130	2
3131	1
3132	0
3133	0
3134	3
3135	3
3136	0
3137	0
3138	3
3139	0
3140	0
3141	3
3142	0
3143	2
3144	3
3145	0
3146	3
3147	0
3148	3
3149	3
3150	0
3151	3
3152	3
3153	1
3154	0
3155	0
3156	0
3157	1
3158	0
3159	3
3160	3
3161	0
3162	3
3163	3
3164	3
3165	2
3166	3
3167	3
3168	1
3169	1
3170	0
3171	2
3172	0
3173	3
3174	3
3175	3
3176	0
3177	3
3178	1
3179	3
3180	1
3181	0
3182	3
3183	3
3184	0
3185	3
3186	0
3187	3
3188	3
3189	0
3190	3
3191	3
3192	0
3193	2
3194	3
3195	3
3196	3
3197	1
3198	0
3199	2
3200	0
3201	3
3202	0
3203	3
3204	3
3205	0
3206	3
3207	3
3208	3
3209	0
3210	0
3211	2
3212	3
3213	3
3214	3
3215	0
3216	0
3217	0
3218	0
3219	3
3220	3
3221	3
3222	2
3223	3
3224	3
3225	0
3226	3
3227	3
3228	0
3229	3
3230	3
3231	0
3232	0
3233	3
3234	2
3235	1
3236	3
3237	0
3238	0
3239	2
3240	0
3241	3
3242	0
3243	2
3244	3
3245	2
3246	3
3247	3
3248	1
3249	0
3250	0
3251	0
3252	2
3253	3
3254	3
3255	3
3256	0
3257	3
3258	3
3259	3
3260	0
3261	3
3262	3
3263	3
3264	1
3265	0
3266	0
3267	0
3268	0
3269	2
3270	0
3271	0
3272	0
3273	0
3274	3
3275	0
3276	0
3277	3
3278	3
3279	2
3280	0
3281	3
3282	3
3283	0
3284	0
3285	3
3286	0
3287	3
3288	1
3289	1
3290	2
3291	2
3292	1
3293	0
3294	2
3295	0
3296	0
3297	0
3298	0
3299	0
3300	0
3301	0
3302	2
3303	3
3304	0
3305	0
3306	0
3307	1
3308	1
3309	3
3310	3
3311	3
3312	0
3313	3
3314	0
3315	0
3316	3
3317	2
3318	0
3319	3
3320	0
3321	0
3322	3
3323	3
3324	0
3325	0
3326	3
3327	2
3328	0
3329	0
3330	0
3331	0
3332	3
3333	3
3334	3
3335	3
3336	0
3337	1
3338	3
3339	3
3340	0
3341	1
3342	3
3343	1
3344	0
3345	3
3346	0
3347	0
3348	3
3349	1
3350	1
3351	0
3352	0
3353	0
3354	1
3355	0
3356	3
3357	3
3358	3
3359	0
3360	2
3361	1
3362	0
3363	3
3364	3
3365	0
3366	3
3367	3
3368	1
3369	0
3370	0
3371	2
3372	2
3373	0
3374	3
3375	0
3376	3
3377	0
3378	0
3379	0
3380	3
3381	1
3382	3
3383	2
3384	1
3385	0
3386	0
3387	0
3388	1
3389	0
3390	1
3391	2
3392	0
3393	2
3394	0
3395	0
3396	3
3397	1
3398	3
3399	2
3400	0
3401	1
3402	0
3403	1
3404	3
3405	1
3406	3
3407	3
3408	3
3409	2
3410	3
3411	2
3412	3
3413	3
3414	0
3415	0
3416	0
3417	3
3418	0
3419	0
3420	3
3421	3
3422	0
3423	2
3424	3
3425	0
3426	0
3427	0
3428	0
3429	0
3430	0
3431	3
3432	0
3433	0
3434	3
3435	0
3436	0
3437	1
3438	0
3439	0
3440	3
3441	2
3442	0
3443	0
3444	3
3445	3
3446	3
3447	1
3448	0
3449	0
3450	3
3451	3
3452	2
3453	3
3454	3
3455	3
3456	0
3457	0
3458	0
3459	2
3460	0
3461	3
3462	0
3463	0
3464	0
3465	3
3466	0
3467	1
3468	1
3469	0
3470	3
3471	3
3472	0
3473	0
3474	3
3475	1
3476	0
3477	2
3478	3
3479	3
3480	0
3481	3
3482	0
3483	3
3484	0
3485	3
3486	0
3487	0
3488	0
3489	0
3490	3
3491	3
3492	0
3493	0
3494	1
3495	3
3496	0
3497	0
3498	0
3499	3
3500	3
3501	1
3502	3
3503	3
3504	3
3505	0
3506	0
3507	2
3508	0
3509	0
3510	3
3511	1
3512	0
3513	0
3514	2
3515	0
3516	1
3517	3
3518	0
3519	0
3520	0
3521	0
3522	0
3523	0
3524	0
3525	2
3526	0
3527	3
3528	1
3529	0
3530	0
3531	2
3532	0
3533	0
3534	3
3535	3
3536	3
3537	0
3538	0
3539	0
3540	0
3541	2
3542	0
3543	0
3544	0
3545	0
3546	3
3547	0
3548	0
3549	3
3550	3
3551	3
3552	3
3553	3
3554	0
3555	1
3556	0
3557	0
3558	3
3559	3
3560	0
3561	3
3562	0
3563	3
3564	3
3565	1
3566	3
3567	3
3568	3
3569	3
3570	0
3571	3
3572	0
3573	0
3574	0
3575	3
3576	0
3577	3
3578	0
3579	1
3580	3
3581	3
3582	3
3583	3
3584	3
3585	3
3586	0
3587	3
3588	3
3589	3
3590	0
3591	3
3592	0
3593	3
3594	0
3595	2
3596	3
3597	1
3598	3
3599	2
3600	1
3601	0
3602	3
3603	3
3604	3
3605	3
3606	0
3607	3
3608	0
3609	0
3610	0
3611	0
3612	3
3613	0
3614	1
3615	3
3616	3
3617	0
3618	0
3619	1
3620	3
3621	1
3622	0
3623	3
3624	0
3625	3
3626	3
3627	3
3628	3
3629	0
3630	3
3631	3
3632	0
3633	0
3634	3
3635	0
3636	3
3637	3
3638	3
3639	0
3640	0
3641	3
3642	3
3643	3
3644	2
3645	0
3646	0
3647	3
3648	3
3649	0
3650	0
3651	0
3652	0
3653	3
3654	0
3655	1
3656	0
3657	0
3658	3
3659	1
3660	2
3661	3
3662	3
3663	2
3664	0
3665	2
3666	2
3667	3
3668	3
3669	3
3670	0
3671	3
3672	0
3673	3
3674	3
3675	0
3676	3
3677	0
3678	3
3679	1
3680	0
3681	0
3682	0
3683	0
3684	0
3685	3
3686	0
3687	3
3688	0
3689	0
3690	3
3691	3
3692	3
3693	0
3694	3
3695	3
3696	3
3697	1
3698	0
3699	3
3700	1
3701	3
3702	0
3703	0
3704	0
3705	2
3706	2
3707	3
3708	3
3709	3
3710	0
3711	0
3712	3
3713	1
3714	2
3715	0
3716	3
3717	2
3718	0
3719	3
3720	1
3721	0
3722	3
3723	0
3724	1
3725	3
3726	0
3727	0
3728	1
3729	0
3730	0
3731	3
3732	0
3733	2
3734	0
3735	3
3736	2
3737	3
3738	3
3739	3
3740	0
3741	1
3742	0
3743	2
3744	3
3745	3
3746	0
3747	0
3748	1
3749	3
3750	0
3751	0
3752	0
3753	3
3754	3
3755	3
3756	3
3757	0
3758	0
3759	0
3760	3
3761	0
3762	0
3763	3
3764	3
3765	3
3766	2
3767	3
3768	3
3769	0
3770	2
3771	0
3772	1
3773	0
3774	3
3775	0
3776	0
3777	3
3778	3
3779	3
3780	0
3781	2
3782	0
3783	3
3784	0
3785	0
3786	3
3787	2
3788	2
3789	0
3790	2
3791	1
3792	3
3793	0
3794	3
3795	0
3796	0
3797	0
3798	0
3799	3
3800	3
3801	3
3802	3
3803	0
3804	0
3805	0
3806	3
3807	0
3808	0
3809	3
3810	0
3811	1
3812	3
3813	3
3814	3
3815	3
3816	0
3817	2
3818	3
3819	3
3820	1
3821	3
3822	2
3823	2
3824	2
3825	0
3826	0
3827	3
3828	2
3829	2
3830	3
3831	3
3832	0
3833	3
3834	0
3835	0
3836	0
3837	1
3838	3
3839	0
3840	0
3841	3
3842	3
3843	3
3844	3
3845	1
3846	3
3847	0
3848	0
3849	2
3850	0
3851	0
3852	3
3853	0
3854	1
3855	0
3856	0
3857	2
3858	3
3859	0
3860	3
3861	0
3862	0
3863	0
3864	3
3865	3
3866	0
3867	0
3868	0
3869	0
3870	3
3871	3
3872	2
3873	0
3874	0
3875	3
3876	0
3877	3
3878	3
3879	0
3880	3
3881	3
3882	0
3883	3
3884	0
3885	0
3886	3
3887	0
3888	0
3889	0
3890	3
3891	3
3892	0
3893	0
3894	3
3895	3
3896	1
3897	3
3898	0
3899	0
3900	0
3901	0
3902	3
3903	0
3904	3
3905	3
3906	3
3907	0
3908	3
3909	0
3910	3
3911	3
3912	3
3913	3
3914	3
3915	1
3916	0
3917	3
3918	3
3919	0
3920	3
3921	0
3922	0
3923	1
3924	0
3925	3
3926	0
3927	0
3928	0
3929	0
3930	3
3931	3
3932	0
3933	0
3934	3
3935	3
3936	3
3937	3
3938	0
3939	0
3940	0
3941	0
3942	0
3943	3
3944	3
3945	3
3946	3
3947	3
3948	2
3949	0
3950	0
3951	0
3952	2
3953	3
3954	0
3955	3
3956	2
3957	0
3958	0
3959	0
3960	3
3961	3
3962	3
3963	3
3964	3
3965	3
3966	0
3967	3
3968	3
3969	3
3970	0
3971	2
3972	3
3973	0
3974	0
3975	3
3976	0
3977	0
3978	0
3979	0
3980	3
3981	3
3982	0
3983	3
3984	3
3985	0
3986	0
3987	0
3988	2
3989	0
3990	0
3991	0
3992	0
3993	3
3994	3
3995	0
3996	3
3997	3
3998	0
3999	3
4000	3
4001	3
4002	0
4003	3
4004	3
4005	0
4006	0
4007	0
4008	2
4009	3
4010	3
4011	2
4012	0
4013	3
4014	2
4015	2
4016	3
4017	0
4018	3
4019	3
4020	0
4021	0
4022	0
4023	3
4024	3
4025	3
4026	0
4027	3
4028	3
4029	3
4030	0
4031	2
4032	3
4033	0
4034	2
4035	3
4036	0
4037	0
4038	2
4039	3
4040	3
4041	1
4042	3
4043	0
4044	3
4045	3
4046	0
4047	0
4048	2
4049	2
4050	0
4051	2
4052	0
4053	0
4054	3
4055	2
4056	3
4057	2
4058	0
4059	0
4060	0
4061	3
4062	3
4063	2
4064	3
4065	0
4066	0
4067	0
4068	1
4069	0
4070	0
4071	0
4072	2
4073	0
4074	2
4075	1
4076	0
4077	0
4078	3
4079	2
4080	2
4081	0
4082	1
4083	0
4084	3
4085	0
4086	3
4087	0
4088	3
4089	0
4090	3
4091	3
4092	3
4093	1
4094	3
4095	3
