COMMAND
./sim gshare 11 3 ./proj2-traces/jpeg_trace.txt
OUTPUT
number of predictions:2000000
number of mispredictions:147702
misprediction rate:   7.39%
FINAL GSHARE CONTENTS
0	2
1	3
2	2
3	3
4	2
5	3
6	3
7	3
8	2
9	3
10	0
11	0
12	0
13	1
14	3
15	0
16	3
17	2
18	2
19	3
20	2
21	3
22	3
23	2
24	0
25	0
26	3
27	0
28	0
29	0
30	2
31	1
32	3
33	2
34	0
35	0
36	0
37	3
38	0
39	0
40	2
41	2
42	3
43	2
44	3
45	3
46	3
47	3
48	0
49	0
50	2
51	0
52	0
53	2
54	1
55	1
56	0
57	1
58	3
59	0
60	0
61	2
62	0
63	0
64	0
65	2
66	0
67	2
68	3
69	2
70	2
71	0
72	1
73	0
74	3
75	1
76	1
77	1
78	1
79	3
80	0
81	3
82	2
83	0
84	2
85	2
86	3
87	0
88	3
89	0
90	2
91	0
92	3
93	2
94	2
95	0
96	0
97	3
98	2
99	0
100	2
101	3
102	3
103	2
104	2
105	2
106	3
107	0
108	2
109	2
110	0
111	0
112	1
113	1
114	2
115	2
116	2
117	2
118	1
119	0
120	1
121	2
122	0
123	3
124	3
125	2
126	3
127	0
128	2
129	0
130	3
131	3
132	3
133	1
134	2
135	3
136	0
137	3
138	2
139	3
140	2
141	3
142	3
143	2
144	3
145	3
146	2
147	2
148	3
149	2
150	2
151	3
152	3
153	2
154	2
155	2
156	3
157	2
158	2
159	3
160	3
161	3
162	3
163	3
164	3
165	0
166	2
167	0
168	2
169	3
170	2
171	2
172	0
173	2
174	2
175	0
176	3
177	0
178	0
179	2
180	3
181	0
182	3
183	0
184	2
185	2
186	2
187	2
188	1
189	0
190	3
191	0
192	3
193	2
194	3
195	3
196	2
197	2
198	2
199	1
200	2
201	0
202	2
203	2
204	2
205	3
206	3
207	1
208	3
209	2
210	2
211	0
212	2
213	0
214	2
215	3
216	0
217	0
218	3
219	0
220	2
221	2
222	3
223	0
224	2
225	1
226	0
227	2
228	0
229	2
230	3
231	1
232	2
233	3
234	2
235	0
236	2
237	0
238	3
239	0
240	3
241	2
242	3
243	0
244	3
245	3
246	0
247	3
248	3
249	2
250	2
251	0
252	2
253	2
254	2
255	3
256	3
257	0
258	2
259	2
260	0
261	0
262	2
263	3
264	3
265	2
266	2
267	0
268	0
269	0
270	3
271	0
272	3
273	3
274	2
275	0
276	0
277	3
278	3
279	2
280	3
281	0
282	3
283	0
284	2
285	2
286	3
287	0
288	1
289	3
290	0
291	0
292	2
293	2
294	3
295	3
296	0
297	3
298	3
299	2
300	2
301	3
302	0
303	3
304	3
305	0
306	0
307	3
308	3
309	3
310	2
311	2
312	2
313	0
314	3
315	2
316	0
317	3
318	3
319	3
320	0
321	0
322	2
323	0
324	3
325	2
326	2
327	3
328	3
329	2
330	3
331	2
332	1
333	0
334	2
335	0
336	0
337	3
338	2
339	0
340	2
341	2
342	3
343	0
344	0
345	3
346	2
347	0
348	2
349	1
350	0
351	3
352	3
353	0
354	0
355	0
356	0
357	3
358	0
359	0
360	0
361	2
362	0
363	0
364	0
365	0
366	0
367	3
368	2
369	2
370	3
371	2
372	3
373	3
374	1
375	0
376	3
377	2
378	0
379	3
380	2
381	3
382	2
383	2
384	2
385	1
386	3
387	1
388	0
389	3
390	0
391	2
392	3
393	2
394	2
395	0
396	2
397	3
398	2
399	3
400	3
401	2
402	2
403	3
404	2
405	1
406	3
407	2
408	0
409	3
410	0
411	0
412	3
413	1
414	2
415	0
416	2
417	2
418	3
419	0
420	3
421	0
422	2
423	3
424	3
425	3
426	3
427	3
428	0
429	0
430	3
431	2
432	3
433	0
434	2
435	3
436	3
437	2
438	3
439	2
440	2
441	1
442	2
443	0
444	0
445	3
446	3
447	2
448	3
449	2
450	0
451	1
452	0
453	0
454	3
455	0
456	2
457	0
458	3
459	3
460	3
461	3
462	2
463	3
464	2
465	2
466	2
467	0
468	2
469	0
470	2
471	2
472	1
473	3
474	3
475	0
476	3
477	0
478	3
479	2
480	3
481	2
482	0
483	0
484	2
485	2
486	3
487	3
488	2
489	3
490	0
491	2
492	0
493	2
494	3
495	3
496	3
497	3
498	2
499	0
500	3
501	3
502	0
503	2
504	2
505	0
506	3
507	2
508	3
509	1
510	3
511	0
512	2
513	3
514	0
515	2
516	0
517	3
518	3
519	3
520	1
521	3
522	3
523	0
524	1
525	0
526	2
527	2
528	2
529	2
530	3
531	0
532	0
533	2
534	2
535	2
536	3
537	0
538	3
539	3
540	3
541	0
542	3
543	2
544	0
545	2
546	3
547	2
548	3
549	2
550	2
551	3
552	2
553	3
554	2
555	3
556	2
557	0
558	3
559	0
560	3
561	3
562	1
563	3
564	3
565	2
566	2
567	2
568	3
569	2
570	2
571	0
572	3
573	3
574	1
575	1
576	3
577	3
578	2
579	3
580	2
581	3
582	3
583	2
584	3
585	2
586	2
587	2
588	3
589	0
590	0
591	0
592	2
593	0
594	0
595	2
596	2
597	3
598	3
599	2
600	3
601	2
602	3
603	3
604	0
605	0
606	0
607	1
608	2
609	3
610	2
611	2
612	0
613	3
614	0
615	2
616	0
617	2
618	0
619	0
620	0
621	3
622	0
623	3
624	3
625	0
626	0
627	0
628	3
629	3
630	0
631	0
632	0
633	2
634	3
635	3
636	0
637	3
638	2
639	2
640	2
641	3
642	3
643	2
644	0
645	3
646	3
647	2
648	0
649	3
650	2
651	3
652	3
653	3
654	2
655	2
656	3
657	2
658	2
659	3
660	2
661	3
662	3
663	2
664	0
665	3
666	3
667	2
668	0
669	0
670	1
671	0
672	1
673	3
674	3
675	3
676	2
677	2
678	2
679	0
680	0
681	3
682	2
683	3
684	3
685	3
686	2
687	3
688	3
689	2
690	0
691	3
692	2
693	3
694	0
695	3
696	0
697	0
698	2
699	3
700	0
701	0
702	3
703	1
704	3
705	3
706	2
707	0
708	0
709	0
710	2
711	3
712	2
713	0
714	2
715	3
716	3
717	2
718	2
719	2
720	3
721	0
722	0
723	3
724	2
725	2
726	2
727	2
728	0
729	3
730	3
731	2
732	0
733	2
734	2
735	0
736	2
737	3
738	1
739	1
740	3
741	2
742	3
743	2
744	2
745	2
746	2
747	1
748	3
749	0
750	3
751	2
752	3
753	2
754	2
755	2
756	0
757	3
758	3
759	3
760	3
761	3
762	3
763	3
764	0
765	0
766	3
767	3
768	0
769	3
770	1
771	2
772	0
773	3
774	3
775	3
776	2
777	2
778	0
779	3
780	1
781	2
782	3
783	3
784	2
785	2
786	3
787	3
788	0
789	0
790	0
791	2
792	2
793	0
794	3
795	0
796	0
797	3
798	1
799	3
800	0
801	3
802	2
803	0
804	2
805	2
806	3
807	2
808	1
809	3
810	3
811	3
812	1
813	0
814	3
815	3
816	2
817	3
818	0
819	2
820	3
821	3
822	2
823	2
824	2
825	2
826	3
827	3
828	0
829	3
830	0
831	0
832	1
833	3
834	2
835	3
836	2
837	2
838	3
839	2
840	2
841	3
842	2
843	3
844	2
845	2
846	2
847	0
848	2
849	2
850	2
851	0
852	0
853	3
854	0
855	0
856	2
857	0
858	3
859	2
860	3
861	2
862	0
863	2
864	2
865	3
866	0
867	2
868	0
869	1
870	1
871	3
872	2
873	2
874	3
875	3
876	0
877	2
878	0
879	2
880	2
881	2
882	0
883	3
884	3
885	2
886	0
887	0
888	3
889	3
890	3
891	3
892	0
893	2
894	2
895	2
896	2
897	2
898	0
899	2
900	1
901	0
902	2
903	2
904	0
905	3
906	2
907	1
908	3
909	2
910	2
911	0
912	2
913	2
914	2
915	0
916	2
917	1
918	3
919	2
920	3
921	2
922	2
923	2
924	2
925	2
926	3
927	0
928	2
929	0
930	3
931	3
932	2
933	0
934	2
935	2
936	2
937	2
938	0
939	2
940	3
941	0
942	2
943	3
944	2
945	0
946	0
947	3
948	3
949	2
950	2
951	2
952	3
953	2
954	2
955	1
956	0
957	3
958	3
959	2
960	3
961	2
962	2
963	2
964	2
965	2
966	3
967	3
968	3
969	1
970	2
971	1
972	3
973	1
974	2
975	0
976	2
977	2
978	2
979	1
980	1
981	1
982	2
983	0
984	2
985	0
986	3
987	0
988	0
989	2
990	0
991	2
992	2
993	3
994	0
995	2
996	2
997	0
998	1
999	3
1000	2
1001	2
1002	3
1003	2
1004	0
1005	0
1006	3
1007	2
1008	1
1009	2
1010	3
1011	0
1012	3
1013	3
1014	3
1015	3
1016	2
1017	0
1018	2
1019	1
1020	0
1021	2
1022	2
1023	2
1024	3
1025	1
1026	1
1027	2
1028	3
1029	2
1030	3
1031	3
1032	0
1033	1
1034	3
1035	1
1036	0
1037	2
1038	3
1039	0
1040	0
1041	2
1042	2
1043	3
1044	2
1045	0
1046	3
1047	0
1048	2
1049	0
1050	2
1051	2
1052	0
1053	1
1054	2
1055	3
1056	3
1057	3
1058	0
1059	1
1060	2
1061	3
1062	3
1063	2
1064	3
1065	1
1066	3
1067	3
1068	3
1069	0
1070	3
1071	2
1072	3
1073	3
1074	3
1075	2
1076	2
1077	2
1078	3
1079	3
1080	0
1081	2
1082	1
1083	3
1084	3
1085	2
1086	3
1087	0
1088	2
1089	0
1090	0
1091	0
1092	0
1093	0
1094	0
1095	3
1096	3
1097	1
1098	3
1099	2
1100	2
1101	3
1102	3
1103	2
1104	3
1105	2
1106	2
1107	3
1108	2
1109	0
1110	2
1111	0
1112	2
1113	3
1114	2
1115	3
1116	2
1117	2
1118	1
1119	0
1120	3
1121	0
1122	3
1123	0
1124	2
1125	0
1126	1
1127	2
1128	2
1129	3
1130	3
1131	0
1132	3
1133	2
1134	2
1135	3
1136	2
1137	2
1138	3
1139	2
1140	3
1141	2
1142	0
1143	0
1144	1
1145	0
1146	3
1147	3
1148	0
1149	3
1150	2
1151	0
1152	2
1153	2
1154	2
1155	3
1156	2
1157	2
1158	2
1159	2
1160	2
1161	0
1162	3
1163	3
1164	1
1165	2
1166	2
1167	2
1168	3
1169	3
1170	2
1171	1
1172	2
1173	2
1174	2
1175	3
1176	0
1177	2
1178	3
1179	2
1180	2
1181	3
1182	3
1183	3
1184	0
1185	3
1186	3
1187	2
1188	0
1189	0
1190	3
1191	2
1192	2
1193	0
1194	0
1195	3
1196	3
1197	0
1198	2
1199	3
1200	2
1201	3
1202	0
1203	3
1204	3
1205	3
1206	3
1207	0
1208	0
1209	0
1210	3
1211	2
1212	2
1213	3
1214	3
1215	3
1216	3
1217	2
1218	3
1219	2
1220	2
1221	2
1222	2
1223	2
1224	3
1225	3
1226	2
1227	3
1228	0
1229	3
1230	2
1231	2
1232	0
1233	2
1234	2
1235	3
1236	0
1237	0
1238	2
1239	2
1240	2
1241	0
1242	3
1243	0
1244	0
1245	2
1246	1
1247	3
1248	3
1249	2
1250	3
1251	0
1252	0
1253	3
1254	3
1255	3
1256	2
1257	2
1258	2
1259	0
1260	0
1261	0
1262	0
1263	3
1264	0
1265	2
1266	2
1267	2
1268	3
1269	1
1270	3
1271	0
1272	3
1273	2
1274	0
1275	2
1276	3
1277	3
1278	3
1279	0
1280	3
1281	0
1282	1
1283	2
1284	3
1285	3
1286	3
1287	3
1288	0
1289	0
1290	3
1291	1
1292	0
1293	2
1294	2
1295	2
1296	2
1297	1
1298	2
1299	1
1300	1
1301	0
1302	3
1303	0
1304	2
1305	3
1306	0
1307	2
1308	1
1309	3
1310	2
1311	3
1312	0
1313	0
1314	2
1315	0
1316	3
1317	0
1318	3
1319	2
1320	3
1321	2
1322	3
1323	2
1324	3
1325	3
1326	2
1327	0
1328	2
1329	3
1330	0
1331	3
1332	3
1333	3
1334	3
1335	3
1336	0
1337	3
1338	2
1339	3
1340	3
1341	2
1342	3
1343	3
1344	0
1345	3
1346	0
1347	0
1348	0
1349	3
1350	2
1351	2
1352	3
1353	1
1354	3
1355	2
1356	3
1357	2
1358	3
1359	0
1360	0
1361	0
1362	1
1363	3
1364	0
1365	2
1366	3
1367	0
1368	2
1369	0
1370	2
1371	2
1372	0
1373	2
1374	2
1375	0
1376	3
1377	2
1378	2
1379	2
1380	3
1381	3
1382	3
1383	2
1384	2
1385	2
1386	1
1387	2
1388	2
1389	0
1390	3
1391	0
1392	2
1393	3
1394	3
1395	3
1396	3
1397	2
1398	0
1399	0
1400	0
1401	2
1402	3
1403	0
1404	0
1405	3
1406	1
1407	0
1408	3
1409	2
1410	3
1411	3
1412	1
1413	0
1414	3
1415	0
1416	3
1417	3
1418	2
1419	0
1420	3
1421	2
1422	3
1423	2
1424	3
1425	3
1426	3
1427	1
1428	2
1429	2
1430	2
1431	3
1432	2
1433	2
1434	3
1435	2
1436	3
1437	3
1438	2
1439	3
1440	2
1441	2
1442	2
1443	2
1444	2
1445	0
1446	3
1447	0
1448	2
1449	0
1450	2
1451	3
1452	2
1453	0
1454	1
1455	0
1456	2
1457	2
1458	0
1459	0
1460	3
1461	3
1462	3
1463	0
1464	2
1465	0
1466	2
1467	3
1468	2
1469	2
1470	3
1471	0
1472	3
1473	1
1474	2
1475	3
1476	2
1477	3
1478	2
1479	0
1480	1
1481	2
1482	2
1483	1
1484	3
1485	3
1486	3
1487	2
1488	0
1489	2
1490	2
1491	3
1492	3
1493	0
1494	2
1495	3
1496	3
1497	3
1498	2
1499	3
1500	2
1501	2
1502	2
1503	2
1504	0
1505	2
1506	2
1507	0
1508	0
1509	2
1510	1
1511	3
1512	2
1513	3
1514	3
1515	3
1516	2
1517	2
1518	2
1519	2
1520	0
1521	2
1522	3
1523	0
1524	0
1525	1
1526	0
1527	2
1528	3
1529	0
1530	3
1531	2
1532	1
1533	2
1534	2
1535	1
1536	2
1537	2
1538	3
1539	3
1540	0
1541	2
1542	2
1543	2
1544	2
1545	2
1546	0
1547	0
1548	0
1549	0
1550	3
1551	0
1552	3
1553	2
1554	2
1555	3
1556	2
1557	2
1558	3
1559	3
1560	2
1561	3
1562	3
1563	0
1564	3
1565	2
1566	3
1567	3
1568	2
1569	3
1570	3
1571	3
1572	2
1573	2
1574	2
1575	3
1576	2
1577	3
1578	0
1579	1
1580	2
1581	0
1582	3
1583	2
1584	2
1585	3
1586	0
1587	2
1588	2
1589	2
1590	3
1591	3
1592	2
1593	3
1594	2
1595	3
1596	2
1597	3
1598	3
1599	2
1600	2
1601	3
1602	3
1603	0
1604	2
1605	2
1606	2
1607	3
1608	3
1609	2
1610	2
1611	2
1612	3
1613	2
1614	2
1615	0
1616	3
1617	2
1618	2
1619	2
1620	2
1621	2
1622	2
1623	1
1624	2
1625	2
1626	2
1627	3
1628	1
1629	2
1630	2
1631	2
1632	0
1633	2
1634	2
1635	2
1636	2
1637	3
1638	3
1639	3
1640	3
1641	3
1642	2
1643	0
1644	3
1645	2
1646	2
1647	2
1648	0
1649	2
1650	3
1651	2
1652	3
1653	3
1654	0
1655	0
1656	3
1657	0
1658	3
1659	2
1660	3
1661	3
1662	1
1663	3
1664	3
1665	3
1666	3
1667	3
1668	0
1669	3
1670	3
1671	2
1672	3
1673	0
1674	3
1675	3
1676	2
1677	2
1678	2
1679	2
1680	3
1681	3
1682	1
1683	3
1684	2
1685	3
1686	3
1687	3
1688	2
1689	3
1690	3
1691	2
1692	2
1693	2
1694	2
1695	3
1696	0
1697	0
1698	1
1699	3
1700	2
1701	0
1702	2
1703	0
1704	3
1705	3
1706	1
1707	3
1708	1
1709	2
1710	3
1711	3
1712	2
1713	3
1714	3
1715	3
1716	0
1717	0
1718	2
1719	2
1720	3
1721	2
1722	2
1723	2
1724	2
1725	1
1726	3
1727	2
1728	2
1729	2
1730	3
1731	0
1732	2
1733	3
1734	2
1735	0
1736	2
1737	0
1738	0
1739	3
1740	3
1741	0
1742	2
1743	0
1744	2
1745	2
1746	2
1747	2
1748	3
1749	0
1750	0
1751	3
1752	1
1753	2
1754	3
1755	0
1756	1
1757	3
1758	2
1759	3
1760	3
1761	3
1762	3
1763	2
1764	3
1765	3
1766	2
1767	2
1768	2
1769	2
1770	1
1771	0
1772	2
1773	1
1774	3
1775	0
1776	3
1777	0
1778	3
1779	2
1780	3
1781	2
1782	0
1783	3
1784	3
1785	0
1786	2
1787	2
1788	3
1789	1
1790	2
1791	0
1792	0
1793	3
1794	0
1795	2
1796	2
1797	2
1798	2
1799	3
1800	3
1801	2
1802	2
1803	1
1804	0
1805	2
1806	3
1807	3
1808	2
1809	2
1810	2
1811	3
1812	1
1813	2
1814	2
1815	2
1816	2
1817	0
1818	3
1819	3
1820	2
1821	3
1822	2
1823	2
1824	2
1825	0
1826	2
1827	2
1828	3
1829	2
1830	3
1831	2
1832	2
1833	3
1834	3
1835	0
1836	1
1837	0
1838	3
1839	2
1840	3
1841	3
1842	1
1843	2
1844	3
1845	3
1846	3
1847	2
1848	2
1849	2
1850	2
1851	3
1852	0
1853	2
1854	3
1855	0
1856	2
1857	3
1858	3
1859	0
1860	0
1861	3
1862	1
1863	3
1864	2
1865	3
1866	2
1867	3
1868	2
1869	3
1870	2
1871	1
1872	3
1873	3
1874	3
1875	3
1876	0
1877	0
1878	3
1879	3
1880	2
1881	0
1882	2
1883	3
1884	0
1885	2
1886	2
1887	2
1888	3
1889	3
1890	3
1891	2
1892	0
1893	2
1894	2
1895	3
1896	2
1897	2
1898	2
1899	2
1900	0
1901	0
1902	3
1903	3
1904	0
1905	3
1906	2
1907	3
1908	3
1909	2
1910	2
1911	1
1912	0
1913	2
1914	2
1915	0
1916	3
1917	3
1918	3
1919	3
1920	2
1921	1
1922	2
1923	3
1924	1
1925	3
1926	1
1927	3
1928	3
1929	2
1930	3
1931	3
1932	3
1933	2
1934	3
1935	2
1936	3
1937	3
1938	0
1939	2
1940	3
1941	2
1942	3
1943	2
1944	3
1945	3
1946	1
1947	1
1948	3
1949	1
1950	2
1951	2
1952	3
1953	2
1954	3
1955	0
1956	2
1957	0
1958	2
1959	2
1960	2
1961	3
1962	0
1963	1
1964	3
1965	2
1966	1
1967	3
1968	0
1969	1
1970	2
1971	3
1972	3
1973	2
1974	2
1975	2
1976	0
1977	2
1978	0
1979	0
1980	2
1981	0
1982	3
1983	0
1984	2
1985	2
1986	3
1987	3
1988	0
1989	2
1990	2
1991	2
1992	3
1993	3
1994	2
1995	3
1996	3
1997	3
1998	3
1999	2
2000	3
2001	1
2002	2
2003	2
2004	2
2005	0
2006	0
2007	0
2008	0
2009	2
2010	2
2011	0
2012	3
2013	2
2014	1
2015	0
2016	2
2017	2
2018	0
2019	0
2020	3
2021	2
2022	2
2023	3
2024	3
2025	1
2026	3
2027	0
2028	2
2029	0
2030	2
2031	2
2032	3
2033	0
2034	1
2035	0
2036	0
2037	3
2038	2
2039	1
2040	3
2041	0
2042	2
2043	0
2044	0
2045	1
2046	3
2047	0
