COMMAND
./sim gshare 11 6 ./proj2-traces/jpeg_trace.txt
OUTPUT
number of predictions:2000000
number of mispredictions:147639
misprediction rate:   7.38%
FINAL GSHARE CONTENTS
0	0
1	3
2	0
3	2
4	2
5	1
6	3
7	0
8	2
9	3
10	1
11	3
12	1
13	3
14	3
15	0
16	1
17	2
18	3
19	0
20	2
21	2
22	2
23	2
24	3
25	2
26	3
27	0
28	0
29	2
30	3
31	0
32	3
33	3
34	3
35	2
36	3
37	3
38	2
39	0
40	3
41	0
42	2
43	0
44	0
45	0
46	2
47	0
48	3
49	0
50	2
51	0
52	2
53	2
54	2
55	3
56	1
57	0
58	0
59	2
60	3
61	0
62	3
63	0
64	3
65	1
66	2
67	0
68	1
69	2
70	2
71	2
72	0
73	3
74	3
75	3
76	0
77	3
78	0
79	0
80	3
81	0
82	0
83	0
84	3
85	1
86	2
87	0
88	0
89	1
90	3
91	2
92	2
93	1
94	3
95	0
96	1
97	3
98	3
99	1
100	3
101	0
102	3
103	3
104	3
105	0
106	2
107	2
108	0
109	3
110	2
111	0
112	2
113	3
114	0
115	2
116	3
117	1
118	3
119	1
120	0
121	0
122	0
123	0
124	3
125	0
126	3
127	0
128	3
129	3
130	2
131	3
132	2
133	0
134	3
135	2
136	3
137	2
138	2
139	2
140	3
141	1
142	1
143	1
144	0
145	0
146	2
147	0
148	3
149	0
150	1
151	0
152	3
153	0
154	3
155	2
156	0
157	2
158	2
159	3
160	3
161	3
162	3
163	3
164	3
165	0
166	2
167	1
168	2
169	3
170	0
171	0
172	0
173	3
174	3
175	1
176	2
177	0
178	0
179	1
180	2
181	3
182	3
183	0
184	3
185	3
186	3
187	3
188	2
189	2
190	2
191	0
192	1
193	2
194	1
195	3
196	3
197	3
198	3
199	2
200	3
201	2
202	3
203	0
204	3
205	2
206	3
207	2
208	0
209	3
210	3
211	0
212	0
213	0
214	0
215	0
216	3
217	0
218	3
219	2
220	0
221	2
222	3
223	1
224	0
225	3
226	0
227	2
228	3
229	3
230	2
231	0
232	2
233	3
234	2
235	1
236	3
237	2
238	3
239	0
240	0
241	2
242	3
243	3
244	3
245	0
246	1
247	0
248	0
249	3
250	3
251	0
252	3
253	2
254	3
255	3
256	3
257	2
258	2
259	2
260	3
261	0
262	3
263	3
264	3
265	3
266	3
267	1
268	2
269	3
270	3
271	2
272	3
273	0
274	2
275	0
276	3
277	2
278	2
279	0
280	3
281	3
282	3
283	3
284	0
285	3
286	3
287	3
288	3
289	1
290	3
291	0
292	3
293	0
294	3
295	3
296	3
297	3
298	3
299	3
300	0
301	0
302	0
303	3
304	3
305	3
306	2
307	0
308	2
309	3
310	0
311	0
312	0
313	0
314	3
315	2
316	0
317	3
318	3
319	3
320	0
321	2
322	0
323	0
324	3
325	0
326	0
327	3
328	3
329	0
330	0
331	0
332	1
333	2
334	2
335	2
336	3
337	0
338	0
339	3
340	3
341	1
342	3
343	0
344	3
345	2
346	0
347	3
348	2
349	3
350	2
351	1
352	2
353	3
354	0
355	0
356	3
357	1
358	3
359	3
360	0
361	3
362	0
363	0
364	0
365	3
366	2
367	1
368	3
369	2
370	0
371	0
372	3
373	3
374	3
375	2
376	3
377	1
378	0
379	3
380	0
381	3
382	3
383	3
384	1
385	1
386	0
387	0
388	2
389	3
390	0
391	1
392	0
393	2
394	0
395	3
396	0
397	1
398	3
399	2
400	0
401	0
402	0
403	2
404	3
405	3
406	2
407	1
408	3
409	2
410	1
411	3
412	2
413	3
414	3
415	2
416	0
417	2
418	2
419	0
420	2
421	0
422	3
423	2
424	3
425	2
426	3
427	2
428	1
429	3
430	3
431	3
432	1
433	0
434	3
435	1
436	3
437	2
438	3
439	0
440	0
441	1
442	2
443	0
444	3
445	3
446	0
447	0
448	0
449	3
450	0
451	3
452	2
453	0
454	3
455	3
456	2
457	1
458	3
459	0
460	0
461	1
462	3
463	0
464	3
465	3
466	2
467	0
468	3
469	2
470	1
471	0
472	2
473	0
474	2
475	1
476	0
477	3
478	3
479	0
480	0
481	0
482	3
483	0
484	2
485	0
486	3
487	3
488	1
489	0
490	3
491	0
492	2
493	1
494	2
495	3
496	3
497	2
498	2
499	1
500	0
501	0
502	3
503	0
504	2
505	0
506	3
507	3
508	3
509	3
510	0
511	1
512	1
513	3
514	0
515	3
516	3
517	0
518	0
519	2
520	3
521	3
522	2
523	0
524	3
525	0
526	2
527	3
528	3
529	0
530	0
531	2
532	3
533	3
534	3
535	3
536	0
537	3
538	3
539	2
540	0
541	1
542	3
543	3
544	0
545	3
546	2
547	0
548	2
549	0
550	2
551	3
552	0
553	2
554	3
555	2
556	0
557	3
558	1
559	3
560	3
561	0
562	1
563	3
564	3
565	2
566	2
567	3
568	0
569	3
570	3
571	0
572	0
573	0
574	0
575	2
576	0
577	3
578	3
579	2
580	2
581	2
582	0
583	0
584	0
585	3
586	0
587	2
588	3
589	3
590	2
591	3
592	3
593	0
594	0
595	3
596	1
597	3
598	0
599	2
600	0
601	2
602	3
603	2
604	1
605	3
606	3
607	2
608	3
609	3
610	3
611	0
612	0
613	2
614	2
615	1
616	3
617	3
618	2
619	3
620	0
621	1
622	3
623	2
624	3
625	3
626	0
627	3
628	3
629	3
630	2
631	2
632	3
633	3
634	3
635	2
636	3
637	0
638	1
639	0
640	0
641	3
642	2
643	0
644	2
645	3
646	3
647	3
648	3
649	0
650	1
651	3
652	0
653	0
654	2
655	1
656	3
657	2
658	1
659	2
660	2
661	3
662	3
663	0
664	3
665	3
666	3
667	3
668	0
669	0
670	2
671	0
672	2
673	3
674	3
675	3
676	0
677	3
678	3
679	3
680	0
681	3
682	1
683	3
684	3
685	2
686	3
687	0
688	0
689	2
690	0
691	1
692	1
693	3
694	2
695	3
696	0
697	2
698	3
699	3
700	2
701	3
702	3
703	3
704	3
705	3
706	0
707	3
708	0
709	2
710	3
711	2
712	3
713	3
714	2
715	3
716	1
717	0
718	0
719	0
720	3
721	3
722	3
723	3
724	3
725	2
726	2
727	0
728	1
729	0
730	3
731	3
732	2
733	3
734	3
735	0
736	3
737	3
738	2
739	3
740	3
741	3
742	3
743	3
744	3
745	2
746	0
747	3
748	0
749	0
750	3
751	2
752	2
753	2
754	3
755	2
756	0
757	3
758	0
759	3
760	3
761	3
762	3
763	3
764	2
765	0
766	3
767	1
768	3
769	0
770	2
771	0
772	2
773	2
774	2
775	3
776	1
777	3
778	3
779	3
780	0
781	2
782	1
783	0
784	1
785	0
786	2
787	2
788	1
789	3
790	3
791	0
792	3
793	2
794	2
795	3
796	3
797	3
798	2
799	1
800	2
801	1
802	3
803	2
804	0
805	3
806	0
807	3
808	2
809	3
810	0
811	3
812	3
813	0
814	2
815	1
816	3
817	3
818	2
819	3
820	2
821	3
822	3
823	0
824	3
825	0
826	3
827	3
828	3
829	3
830	2
831	2
832	0
833	2
834	2
835	2
836	0
837	0
838	0
839	3
840	1
841	3
842	1
843	0
844	2
845	1
846	0
847	3
848	3
849	2
850	0
851	3
852	0
853	2
854	1
855	3
856	0
857	3
858	3
859	1
860	0
861	2
862	3
863	0
864	3
865	0
866	0
867	3
868	0
869	0
870	2
871	3
872	3
873	1
874	0
875	0
876	0
877	0
878	2
879	2
880	0
881	2
882	0
883	0
884	2
885	0
886	2
887	0
888	0
889	0
890	3
891	2
892	0
893	3
894	2
895	3
896	2
897	3
898	0
899	0
900	0
901	1
902	2
903	3
904	3
905	3
906	2
907	0
908	0
909	0
910	0
911	0
912	3
913	2
914	2
915	3
916	3
917	3
918	2
919	2
920	3
921	0
922	3
923	2
924	2
925	2
926	2
927	0
928	3
929	3
930	3
931	2
932	0
933	0
934	3
935	3
936	2
937	2
938	2
939	3
940	2
941	0
942	0
943	1
944	2
945	2
946	3
947	0
948	3
949	2
950	0
951	3
952	2
953	0
954	3
955	2
956	1
957	3
958	3
959	0
960	2
961	3
962	2
963	3
964	1
965	1
966	3
967	2
968	3
969	3
970	3
971	3
972	3
973	3
974	2
975	2
976	3
977	3
978	0
979	1
980	2
981	3
982	2
983	0
984	2
985	0
986	3
987	2
988	0
989	3
990	2
991	0
992	0
993	3
994	0
995	2
996	1
997	1
998	2
999	3
1000	3
1001	3
1002	2
1003	1
1004	0
1005	0
1006	3
1007	0
1008	3
1009	1
1010	0
1011	0
1012	2
1013	1
1014	2
1015	0
1016	0
1017	0
1018	3
1019	0
1020	1
1021	1
1022	1
1023	3
1024	1
1025	3
1026	3
1027	0
1028	2
1029	3
1030	3
1031	3
1032	3
1033	3
1034	3
1035	0
1036	0
1037	3
1038	2
1039	3
1040	0
1041	2
1042	1
1043	3
1044	3
1045	0
1046	3
1047	3
1048	2
1049	2
1050	3
1051	0
1052	3
1053	3
1054	2
1055	0
1056	2
1057	3
1058	3
1059	3
1060	0
1061	0
1062	0
1063	3
1064	3
1065	3
1066	3
1067	0
1068	0
1069	3
1070	3
1071	3
1072	3
1073	2
1074	3
1075	3
1076	1
1077	0
1078	2
1079	3
1080	3
1081	0
1082	2
1083	0
1084	3
1085	2
1086	3
1087	0
1088	0
1089	0
1090	3
1091	1
1092	0
1093	3
1094	3
1095	3
1096	3
1097	1
1098	3
1099	1
1100	0
1101	2
1102	3
1103	3
1104	3
1105	3
1106	3
1107	3
1108	2
1109	0
1110	0
1111	3
1112	0
1113	3
1114	3
1115	0
1116	0
1117	3
1118	3
1119	3
1120	3
1121	0
1122	3
1123	2
1124	0
1125	2
1126	2
1127	3
1128	1
1129	3
1130	3
1131	0
1132	0
1133	0
1134	3
1135	0
1136	1
1137	2
1138	0
1139	3
1140	3
1141	0
1142	2
1143	0
1144	0
1145	3
1146	3
1147	0
1148	3
1149	3
1150	3
1151	2
1152	3
1153	3
1154	3
1155	0
1156	3
1157	0
1158	3
1159	3
1160	2
1161	1
1162	2
1163	3
1164	0
1165	0
1166	2
1167	3
1168	2
1169	2
1170	3
1171	3
1172	0
1173	0
1174	1
1175	3
1176	2
1177	2
1178	3
1179	3
1180	3
1181	3
1182	3
1183	1
1184	3
1185	0
1186	2
1187	0
1188	2
1189	2
1190	2
1191	2
1192	3
1193	3
1194	3
1195	1
1196	0
1197	0
1198	2
1199	0
1200	2
1201	3
1202	0
1203	3
1204	0
1205	2
1206	1
1207	3
1208	3
1209	2
1210	2
1211	3
1212	2
1213	2
1214	3
1215	3
1216	3
1217	3
1218	0
1219	0
1220	0
1221	0
1222	2
1223	3
1224	3
1225	1
1226	3
1227	3
1228	2
1229	1
1230	3
1231	3
1232	3
1233	2
1234	1
1235	2
1236	1
1237	0
1238	2
1239	0
1240	2
1241	2
1242	3
1243	3
1244	0
1245	3
1246	3
1247	0
1248	3
1249	3
1250	0
1251	0
1252	3
1253	1
1254	0
1255	3
1256	3
1257	0
1258	3
1259	3
1260	0
1261	0
1262	3
1263	2
1264	3
1265	2
1266	0
1267	2
1268	3
1269	3
1270	2
1271	0
1272	0
1273	1
1274	3
1275	3
1276	2
1277	1
1278	3
1279	0
1280	3
1281	3
1282	3
1283	2
1284	3
1285	3
1286	3
1287	3
1288	3
1289	1
1290	3
1291	3
1292	3
1293	3
1294	2
1295	3
1296	3
1297	2
1298	3
1299	0
1300	0
1301	3
1302	3
1303	0
1304	2
1305	2
1306	3
1307	0
1308	2
1309	3
1310	2
1311	0
1312	3
1313	0
1314	0
1315	1
1316	3
1317	0
1318	3
1319	1
1320	3
1321	3
1322	3
1323	1
1324	3
1325	3
1326	3
1327	2
1328	3
1329	2
1330	0
1331	1
1332	0
1333	1
1334	0
1335	3
1336	3
1337	2
1338	3
1339	3
1340	0
1341	2
1342	0
1343	0
1344	3
1345	2
1346	2
1347	0
1348	2
1349	2
1350	2
1351	3
1352	2
1353	3
1354	3
1355	1
1356	0
1357	3
1358	3
1359	0
1360	2
1361	2
1362	0
1363	0
1364	2
1365	0
1366	0
1367	3
1368	3
1369	3
1370	3
1371	3
1372	0
1373	2
1374	0
1375	0
1376	0
1377	2
1378	3
1379	1
1380	3
1381	2
1382	3
1383	3
1384	3
1385	2
1386	3
1387	0
1388	3
1389	3
1390	3
1391	1
1392	3
1393	3
1394	3
1395	1
1396	3
1397	0
1398	2
1399	2
1400	3
1401	2
1402	3
1403	3
1404	0
1405	3
1406	2
1407	2
1408	3
1409	2
1410	2
1411	1
1412	3
1413	2
1414	3
1415	0
1416	3
1417	3
1418	0
1419	1
1420	3
1421	3
1422	3
1423	2
1424	0
1425	1
1426	1
1427	0
1428	1
1429	0
1430	3
1431	0
1432	3
1433	2
1434	2
1435	0
1436	0
1437	0
1438	3
1439	0
1440	2
1441	1
1442	2
1443	2
1444	0
1445	3
1446	3
1447	3
1448	3
1449	3
1450	3
1451	1
1452	3
1453	3
1454	1
1455	0
1456	3
1457	3
1458	0
1459	3
1460	0
1461	1
1462	3
1463	0
1464	3
1465	3
1466	2
1467	2
1468	3
1469	3
1470	3
1471	2
1472	3
1473	1
1474	0
1475	2
1476	0
1477	0
1478	2
1479	2
1480	3
1481	2
1482	2
1483	2
1484	0
1485	3
1486	3
1487	0
1488	3
1489	3
1490	0
1491	1
1492	3
1493	3
1494	0
1495	2
1496	3
1497	0
1498	3
1499	3
1500	0
1501	3
1502	3
1503	0
1504	3
1505	0
1506	3
1507	0
1508	3
1509	2
1510	2
1511	3
1512	3
1513	3
1514	2
1515	0
1516	0
1517	3
1518	2
1519	2
1520	3
1521	3
1522	3
1523	3
1524	3
1525	2
1526	3
1527	3
1528	0
1529	2
1530	0
1531	2
1532	3
1533	3
1534	2
1535	1
1536	3
1537	3
1538	3
1539	3
1540	2
1541	0
1542	1
1543	3
1544	3
1545	1
1546	2
1547	0
1548	1
1549	1
1550	3
1551	2
1552	1
1553	3
1554	3
1555	3
1556	0
1557	2
1558	2
1559	3
1560	3
1561	0
1562	0
1563	3
1564	3
1565	2
1566	0
1567	0
1568	1
1569	2
1570	3
1571	0
1572	2
1573	0
1574	3
1575	3
1576	3
1577	0
1578	2
1579	0
1580	3
1581	2
1582	3
1583	1
1584	3
1585	3
1586	2
1587	3
1588	0
1589	0
1590	0
1591	3
1592	3
1593	0
1594	2
1595	2
1596	3
1597	2
1598	2
1599	0
1600	3
1601	2
1602	1
1603	3
1604	0
1605	0
1606	2
1607	3
1608	3
1609	3
1610	0
1611	3
1612	3
1613	0
1614	2
1615	3
1616	3
1617	3
1618	3
1619	3
1620	3
1621	0
1622	1
1623	3
1624	3
1625	0
1626	3
1627	3
1628	3
1629	2
1630	3
1631	3
1632	0
1633	0
1634	2
1635	3
1636	0
1637	0
1638	3
1639	3
1640	2
1641	3
1642	3
1643	0
1644	2
1645	0
1646	2
1647	3
1648	2
1649	3
1650	0
1651	3
1652	0
1653	2
1654	2
1655	2
1656	3
1657	2
1658	0
1659	0
1660	3
1661	3
1662	2
1663	3
1664	3
1665	3
1666	3
1667	0
1668	3
1669	2
1670	3
1671	3
1672	3
1673	3
1674	1
1675	3
1676	3
1677	2
1678	2
1679	3
1680	0
1681	0
1682	1
1683	3
1684	3
1685	2
1686	1
1687	3
1688	0
1689	3
1690	3
1691	3
1692	3
1693	3
1694	2
1695	2
1696	3
1697	3
1698	3
1699	0
1700	3
1701	3
1702	3
1703	3
1704	3
1705	1
1706	0
1707	3
1708	3
1709	2
1710	3
1711	3
1712	3
1713	2
1714	0
1715	0
1716	0
1717	2
1718	0
1719	2
1720	0
1721	0
1722	3
1723	3
1724	3
1725	3
1726	1
1727	2
1728	3
1729	3
1730	3
1731	3
1732	3
1733	3
1734	2
1735	3
1736	3
1737	3
1738	0
1739	1
1740	3
1741	1
1742	3
1743	3
1744	3
1745	2
1746	2
1747	3
1748	1
1749	3
1750	3
1751	3
1752	3
1753	2
1754	3
1755	3
1756	3
1757	3
1758	3
1759	0
1760	0
1761	2
1762	3
1763	0
1764	0
1765	3
1766	3
1767	2
1768	3
1769	3
1770	2
1771	0
1772	3
1773	0
1774	3
1775	3
1776	2
1777	3
1778	0
1779	2
1780	2
1781	1
1782	0
1783	3
1784	3
1785	3
1786	2
1787	3
1788	3
1789	2
1790	3
1791	0
1792	3
1793	3
1794	2
1795	0
1796	2
1797	3
1798	3
1799	3
1800	3
1801	3
1802	2
1803	1
1804	3
1805	0
1806	3
1807	3
1808	3
1809	0
1810	0
1811	0
1812	1
1813	3
1814	3
1815	3
1816	3
1817	0
1818	3
1819	3
1820	3
1821	3
1822	3
1823	0
1824	2
1825	0
1826	3
1827	2
1828	0
1829	2
1830	3
1831	2
1832	3
1833	3
1834	2
1835	3
1836	3
1837	2
1838	2
1839	2
1840	3
1841	0
1842	3
1843	0
1844	1
1845	2
1846	2
1847	3
1848	3
1849	1
1850	3
1851	3
1852	3
1853	1
1854	3
1855	2
1856	1
1857	2
1858	2
1859	0
1860	2
1861	3
1862	3
1863	3
1864	2
1865	3
1866	3
1867	2
1868	3
1869	3
1870	3
1871	2
1872	3
1873	0
1874	3
1875	3
1876	3
1877	1
1878	2
1879	3
1880	3
1881	2
1882	3
1883	3
1884	0
1885	0
1886	3
1887	3
1888	0
1889	3
1890	2
1891	3
1892	0
1893	3
1894	3
1895	3
1896	3
1897	2
1898	3
1899	0
1900	3
1901	1
1902	0
1903	3
1904	3
1905	2
1906	0
1907	2
1908	3
1909	3
1910	3
1911	0
1912	2
1913	0
1914	3
1915	3
1916	3
1917	1
1918	1
1919	0
1920	3
1921	1
1922	3
1923	0
1924	2
1925	1
1926	3
1927	3
1928	3
1929	3
1930	3
1931	0
1932	3
1933	3
1934	2
1935	3
1936	3
1937	3
1938	2
1939	2
1940	3
1941	1
1942	3
1943	2
1944	3
1945	2
1946	3
1947	3
1948	3
1949	3
1950	3
1951	0
1952	3
1953	0
1954	3
1955	3
1956	0
1957	0
1958	3
1959	3
1960	3
1961	3
1962	2
1963	3
1964	3
1965	3
1966	3
1967	3
1968	3
1969	3
1970	0
1971	3
1972	0
1973	3
1974	3
1975	3
1976	3
1977	3
1978	2
1979	2
1980	0
1981	3
1982	2
1983	0
1984	0
1985	3
1986	2
1987	0
1988	2
1989	2
1990	3
1991	3
1992	3
1993	3
1994	3
1995	1
1996	1
1997	0
1998	3
1999	3
2000	3
2001	3
2002	1
2003	2
2004	2
2005	3
2006	0
2007	3
2008	2
2009	3
2010	2
2011	3
2012	0
2013	3
2014	3
2015	0
2016	3
2017	3
2018	3
2019	1
2020	3
2021	2
2022	0
2023	3
2024	1
2025	3
2026	2
2027	1
2028	3
2029	2
2030	3
2031	1
2032	3
2033	2
2034	1
2035	2
2036	2
2037	0
2038	3
2039	3
2040	1
2041	1
2042	3
2043	3
2044	0
2045	3
2046	3
2047	3
