COMMAND
./sim gshare 12 8 ./proj2-traces/perl_trace.txt
OUTPUT
number of predictions:2000000
number of mispredictions:129841
misprediction rate:   6.49%
FINAL GSHARE CONTENTS
0	3
1	1
2	2
3	2
4	3
5	3
6	1
7	3
8	3
9	3
10	3
11	2
12	2
13	2
14	3
15	2
16	3
17	2
18	0
19	1
20	2
21	2
22	2
23	2
24	3
25	3
26	3
27	2
28	1
29	3
30	3
31	0
32	3
33	2
34	3
35	2
36	2
37	3
38	1
39	0
40	0
41	0
42	3
43	3
44	2
45	2
46	3
47	0
48	1
49	3
50	2
51	0
52	3
53	2
54	0
55	3
56	1
57	1
58	3
59	2
60	2
61	3
62	2
63	0
64	3
65	2
66	1
67	3
68	3
69	1
70	3
71	3
72	3
73	3
74	3
75	2
76	2
77	3
78	3
79	0
80	3
81	3
82	0
83	3
84	2
85	0
86	2
87	3
88	3
89	3
90	1
91	3
92	3
93	0
94	3
95	1
96	3
97	2
98	3
99	0
100	2
101	2
102	0
103	0
104	0
105	0
106	3
107	2
108	0
109	2
110	3
111	0
112	2
113	2
114	0
115	1
116	3
117	2
118	2
119	2
120	0
121	0
122	3
123	3
124	3
125	3
126	3
127	2
128	0
129	3
130	0
131	3
132	3
133	3
134	2
135	0
136	0
137	3
138	0
139	1
140	3
141	3
142	2
143	0
144	2
145	1
146	0
147	0
148	3
149	1
150	0
151	2
152	0
153	3
154	0
155	0
156	0
157	0
158	3
159	3
160	3
161	3
162	2
163	0
164	3
165	0
166	3
167	0
168	3
169	0
170	1
171	2
172	3
173	1
174	0
175	0
176	3
177	3
178	3
179	0
180	0
181	1
182	1
183	0
184	0
185	3
186	3
187	2
188	3
189	3
190	0
191	0
192	3
193	2
194	1
195	3
196	0
197	2
198	0
199	0
200	0
201	2
202	3
203	1
204	2
205	3
206	3
207	0
208	3
209	3
210	3
211	3
212	0
213	3
214	2
215	0
216	2
217	3
218	3
219	0
220	2
221	2
222	3
223	2
224	3
225	2
226	2
227	3
228	2
229	0
230	3
231	0
232	0
233	2
234	3
235	0
236	3
237	3
238	3
239	0
240	0
241	3
242	0
243	3
244	3
245	2
246	2
247	1
248	2
249	3
250	3
251	0
252	3
253	2
254	2
255	2
256	2
257	2
258	3
259	0
260	3
261	2
262	3
263	2
264	0
265	3
266	3
267	0
268	3
269	3
270	3
271	1
272	1
273	3
274	3
275	0
276	2
277	0
278	2
279	0
280	0
281	3
282	3
283	0
284	3
285	0
286	0
287	3
288	2
289	3
290	1
291	0
292	3
293	3
294	2
295	0
296	3
297	0
298	0
299	1
300	3
301	3
302	3
303	3
304	1
305	0
306	3
307	0
308	3
309	3
310	3
311	1
312	1
313	0
314	1
315	3
316	3
317	3
318	2
319	0
320	0
321	3
322	3
323	3
324	3
325	2
326	3
327	2
328	2
329	0
330	3
331	2
332	3
333	2
334	2
335	0
336	0
337	1
338	0
339	3
340	1
341	2
342	3
343	0
344	0
345	3
346	3
347	0
348	3
349	1
350	2
351	3
352	0
353	2
354	3
355	0
356	2
357	2
358	2
359	1
360	2
361	0
362	3
363	2
364	3
365	1
366	2
367	3
368	3
369	2
370	0
371	0
372	3
373	1
374	1
375	0
376	3
377	2
378	3
379	2
380	3
381	1
382	2
383	3
384	3
385	2
386	0
387	0
388	2
389	2
390	3
391	0
392	3
393	3
394	3
395	3
396	0
397	0
398	3
399	3
400	3
401	3
402	0
403	0
404	3
405	0
406	3
407	2
408	3
409	0
410	3
411	3
412	3
413	2
414	3
415	0
416	2
417	2
418	3
419	3
420	3
421	3
422	0
423	0
424	2
425	3
426	3
427	0
428	3
429	3
430	3
431	3
432	3
433	0
434	3
435	0
436	2
437	2
438	2
439	3
440	2
441	2
442	0
443	1
444	2
445	3
446	2
447	3
448	3
449	2
450	3
451	0
452	3
453	3
454	2
455	0
456	3
457	2
458	0
459	2
460	3
461	3
462	3
463	3
464	0
465	3
466	2
467	0
468	3
469	0
470	1
471	0
472	2
473	1
474	3
475	3
476	0
477	3
478	2
479	1
480	3
481	3
482	3
483	3
484	3
485	3
486	0
487	0
488	0
489	3
490	3
491	2
492	1
493	1
494	3
495	2
496	3
497	3
498	3
499	3
500	3
501	0
502	0
503	0
504	3
505	1
506	3
507	0
508	0
509	0
510	0
511	2
512	3
513	0
514	2
515	3
516	3
517	0
518	2
519	3
520	0
521	1
522	3
523	3
524	0
525	0
526	2
527	0
528	2
529	3
530	3
531	3
532	3
533	1
534	0
535	1
536	0
537	0
538	1
539	0
540	2
541	0
542	0
543	0
544	3
545	3
546	3
547	3
548	3
549	0
550	3
551	0
552	0
553	0
554	0
555	3
556	3
557	0
558	3
559	0
560	3
561	3
562	2
563	2
564	2
565	3
566	2
567	3
568	0
569	1
570	2
571	0
572	3
573	0
574	0
575	3
576	0
577	3
578	3
579	3
580	3
581	3
582	0
583	0
584	2
585	1
586	0
587	2
588	3
589	0
590	0
591	0
592	2
593	2
594	2
595	3
596	3
597	2
598	1
599	0
600	3
601	3
602	3
603	1
604	1
605	0
606	2
607	0
608	3
609	3
610	2
611	3
612	2
613	2
614	1
615	2
616	3
617	0
618	3
619	1
620	3
621	0
622	1
623	0
624	3
625	3
626	2
627	1
628	3
629	0
630	2
631	1
632	3
633	0
634	2
635	0
636	3
637	0
638	3
639	3
640	2
641	3
642	2
643	1
644	2
645	1
646	1
647	1
648	3
649	3
650	3
651	0
652	2
653	3
654	0
655	2
656	0
657	3
658	0
659	3
660	3
661	2
662	0
663	3
664	3
665	3
666	1
667	0
668	3
669	0
670	1
671	2
672	3
673	3
674	3
675	3
676	3
677	0
678	3
679	3
680	0
681	3
682	3
683	3
684	0
685	0
686	3
687	3
688	2
689	3
690	2
691	3
692	2
693	2
694	2
695	0
696	0
697	2
698	2
699	1
700	3
701	0
702	0
703	2
704	1
705	1
706	1
707	3
708	1
709	3
710	3
711	0
712	1
713	2
714	2
715	3
716	3
717	1
718	2
719	0
720	1
721	0
722	0
723	3
724	3
725	0
726	0
727	3
728	2
729	3
730	1
731	0
732	3
733	0
734	3
735	3
736	2
737	2
738	2
739	3
740	1
741	3
742	0
743	0
744	1
745	0
746	2
747	2
748	3
749	0
750	0
751	0
752	0
753	3
754	0
755	2
756	3
757	2
758	2
759	0
760	3
761	3
762	1
763	3
764	3
765	0
766	2
767	3
768	0
769	2
770	3
771	2
772	2
773	1
774	0
775	1
776	3
777	3
778	0
779	0
780	3
781	2
782	3
783	2
784	0
785	0
786	0
787	3
788	3
789	3
790	3
791	0
792	2
793	2
794	0
795	2
796	3
797	0
798	0
799	0
800	3
801	2
802	0
803	0
804	3
805	0
806	0
807	0
808	2
809	3
810	3
811	2
812	3
813	0
814	3
815	0
816	1
817	3
818	0
819	3
820	2
821	0
822	3
823	0
824	3
825	3
826	0
827	2
828	1
829	2
830	0
831	2
832	3
833	3
834	3
835	0
836	3
837	2
838	2
839	1
840	1
841	0
842	0
843	0
844	3
845	0
846	3
847	2
848	0
849	3
850	0
851	3
852	2
853	0
854	2
855	0
856	3
857	3
858	1
859	1
860	3
861	0
862	3
863	3
864	0
865	0
866	2
867	2
868	3
869	3
870	3
871	0
872	2
873	0
874	0
875	3
876	2
877	0
878	2
879	0
880	0
881	3
882	2
883	2
884	0
885	3
886	1
887	0
888	3
889	3
890	0
891	2
892	0
893	3
894	3
895	3
896	2
897	3
898	0
899	2
900	0
901	1
902	3
903	0
904	2
905	3
906	0
907	0
908	2
909	3
910	3
911	2
912	3
913	3
914	2
915	3
916	2
917	0
918	3
919	2
920	1
921	2
922	2
923	0
924	2
925	3
926	3
927	0
928	0
929	0
930	2
931	0
932	1
933	0
934	3
935	0
936	3
937	2
938	1
939	3
940	3
941	3
942	3
943	3
944	3
945	2
946	2
947	0
948	3
949	1
950	2
951	0
952	3
953	2
954	2
955	3
956	2
957	2
958	1
959	1
960	2
961	0
962	2
963	3
964	1
965	1
966	0
967	0
968	3
969	3
970	3
971	1
972	3
973	0
974	2
975	2
976	0
977	2
978	3
979	1
980	1
981	3
982	3
983	3
984	3
985	2
986	3
987	1
988	0
989	3
990	3
991	0
992	0
993	3
994	0
995	2
996	2
997	2
998	0
999	3
1000	0
1001	3
1002	3
1003	1
1004	2
1005	3
1006	2
1007	2
1008	1
1009	3
1010	2
1011	3
1012	1
1013	3
1014	3
1015	3
1016	1
1017	3
1018	0
1019	3
1020	3
1021	3
1022	3
1023	0
1024	3
1025	0
1026	3
1027	3
1028	0
1029	3
1030	3
1031	1
1032	2
1033	0
1034	1
1035	3
1036	0
1037	3
1038	3
1039	1
1040	3
1041	1
1042	3
1043	0
1044	3
1045	3
1046	3
1047	1
1048	2
1049	2
1050	3
1051	3
1052	2
1053	2
1054	3
1055	0
1056	3
1057	3
1058	3
1059	2
1060	3
1061	0
1062	1
1063	1
1064	2
1065	0
1066	0
1067	3
1068	3
1069	0
1070	0
1071	3
1072	3
1073	2
1074	2
1075	2
1076	2
1077	3
1078	3
1079	0
1080	2
1081	0
1082	2
1083	3
1084	2
1085	3
1086	3
1087	3
1088	0
1089	0
1090	2
1091	3
1092	3
1093	3
1094	0
1095	2
1096	0
1097	2
1098	3
1099	0
1100	2
1101	3
1102	0
1103	0
1104	3
1105	1
1106	3
1107	2
1108	3
1109	3
1110	2
1111	0
1112	1
1113	3
1114	2
1115	1
1116	3
1117	0
1118	3
1119	0
1120	3
1121	1
1122	3
1123	2
1124	2
1125	3
1126	0
1127	2
1128	3
1129	0
1130	2
1131	2
1132	3
1133	0
1134	3
1135	3
1136	2
1137	0
1138	3
1139	1
1140	3
1141	3
1142	3
1143	0
1144	3
1145	0
1146	2
1147	3
1148	2
1149	3
1150	2
1151	0
1152	0
1153	3
1154	1
1155	0
1156	2
1157	3
1158	2
1159	0
1160	3
1161	0
1162	2
1163	3
1164	3
1165	1
1166	3
1167	2
1168	0
1169	1
1170	3
1171	3
1172	2
1173	1
1174	2
1175	0
1176	0
1177	0
1178	3
1179	0
1180	0
1181	1
1182	1
1183	0
1184	2
1185	0
1186	3
1187	0
1188	2
1189	2
1190	3
1191	0
1192	3
1193	3
1194	0
1195	2
1196	0
1197	3
1198	2
1199	0
1200	0
1201	0
1202	0
1203	0
1204	2
1205	0
1206	3
1207	3
1208	2
1209	0
1210	0
1211	3
1212	3
1213	3
1214	3
1215	2
1216	3
1217	0
1218	3
1219	0
1220	2
1221	2
1222	3
1223	0
1224	1
1225	0
1226	2
1227	0
1228	3
1229	2
1230	3
1231	0
1232	0
1233	2
1234	2
1235	3
1236	3
1237	2
1238	3
1239	1
1240	0
1241	0
1242	0
1243	0
1244	3
1245	3
1246	3
1247	3
1248	3
1249	3
1250	0
1251	0
1252	0
1253	3
1254	3
1255	2
1256	3
1257	0
1258	0
1259	0
1260	3
1261	2
1262	1
1263	1
1264	0
1265	1
1266	3
1267	0
1268	2
1269	2
1270	1
1271	2
1272	3
1273	0
1274	2
1275	3
1276	0
1277	1
1278	3
1279	1
1280	1
1281	2
1282	1
1283	3
1284	2
1285	3
1286	2
1287	0
1288	2
1289	0
1290	3
1291	2
1292	3
1293	2
1294	3
1295	3
1296	3
1297	2
1298	0
1299	2
1300	2
1301	0
1302	0
1303	3
1304	0
1305	0
1306	2
1307	0
1308	2
1309	2
1310	2
1311	2
1312	1
1313	3
1314	0
1315	2
1316	0
1317	3
1318	0
1319	3
1320	1
1321	2
1322	0
1323	0
1324	1
1325	1
1326	3
1327	0
1328	0
1329	1
1330	0
1331	0
1332	3
1333	0
1334	3
1335	1
1336	0
1337	2
1338	1
1339	2
1340	2
1341	3
1342	2
1343	3
1344	3
1345	2
1346	0
1347	0
1348	3
1349	3
1350	3
1351	0
1352	0
1353	0
1354	2
1355	3
1356	0
1357	3
1358	2
1359	0
1360	3
1361	2
1362	3
1363	0
1364	3
1365	3
1366	0
1367	0
1368	3
1369	2
1370	2
1371	2
1372	0
1373	2
1374	3
1375	0
1376	3
1377	2
1378	0
1379	3
1380	3
1381	2
1382	3
1383	3
1384	2
1385	2
1386	1
1387	2
1388	1
1389	3
1390	2
1391	0
1392	0
1393	2
1394	0
1395	3
1396	1
1397	3
1398	0
1399	3
1400	3
1401	1
1402	2
1403	2
1404	1
1405	3
1406	2
1407	0
1408	3
1409	2
1410	0
1411	2
1412	2
1413	0
1414	3
1415	0
1416	1
1417	1
1418	3
1419	3
1420	1
1421	2
1422	3
1423	3
1424	2
1425	3
1426	0
1427	0
1428	3
1429	3
1430	3
1431	2
1432	3
1433	0
1434	3
1435	3
1436	3
1437	3
1438	1
1439	2
1440	1
1441	3
1442	2
1443	3
1444	3
1445	3
1446	3
1447	0
1448	1
1449	2
1450	3
1451	3
1452	3
1453	3
1454	2
1455	0
1456	2
1457	3
1458	0
1459	0
1460	2
1461	0
1462	3
1463	3
1464	2
1465	0
1466	0
1467	3
1468	2
1469	3
1470	0
1471	3
1472	3
1473	3
1474	0
1475	3
1476	0
1477	3
1478	3
1479	3
1480	1
1481	2
1482	3
1483	3
1484	3
1485	3
1486	3
1487	0
1488	0
1489	2
1490	3
1491	0
1492	1
1493	2
1494	1
1495	2
1496	2
1497	1
1498	1
1499	2
1500	3
1501	3
1502	1
1503	0
1504	1
1505	3
1506	0
1507	2
1508	1
1509	3
1510	3
1511	1
1512	0
1513	2
1514	1
1515	2
1516	3
1517	3
1518	2
1519	2
1520	0
1521	3
1522	1
1523	2
1524	0
1525	2
1526	3
1527	1
1528	1
1529	2
1530	3
1531	3
1532	0
1533	2
1534	3
1535	3
1536	3
1537	3
1538	0
1539	1
1540	2
1541	3
1542	3
1543	2
1544	2
1545	3
1546	3
1547	1
1548	0
1549	0
1550	3
1551	0
1552	3
1553	3
1554	2
1555	1
1556	3
1557	3
1558	0
1559	0
1560	0
1561	3
1562	2
1563	0
1564	3
1565	0
1566	3
1567	0
1568	3
1569	1
1570	1
1571	0
1572	3
1573	3
1574	0
1575	3
1576	2
1577	3
1578	2
1579	0
1580	0
1581	0
1582	2
1583	1
1584	3
1585	3
1586	3
1587	2
1588	3
1589	0
1590	3
1591	1
1592	2
1593	2
1594	2
1595	1
1596	0
1597	0
1598	3
1599	0
1600	2
1601	1
1602	0
1603	3
1604	3
1605	2
1606	3
1607	3
1608	3
1609	3
1610	0
1611	1
1612	3
1613	0
1614	2
1615	0
1616	3
1617	2
1618	3
1619	3
1620	2
1621	3
1622	3
1623	3
1624	2
1625	0
1626	0
1627	3
1628	3
1629	3
1630	1
1631	2
1632	2
1633	3
1634	0
1635	3
1636	3
1637	1
1638	3
1639	2
1640	2
1641	2
1642	1
1643	0
1644	3
1645	3
1646	0
1647	0
1648	3
1649	1
1650	0
1651	1
1652	3
1653	3
1654	2
1655	3
1656	2
1657	0
1658	0
1659	0
1660	0
1661	1
1662	1
1663	2
1664	0
1665	3
1666	3
1667	3
1668	0
1669	0
1670	1
1671	0
1672	0
1673	3
1674	3
1675	0
1676	0
1677	3
1678	0
1679	3
1680	1
1681	3
1682	0
1683	3
1684	3
1685	3
1686	3
1687	0
1688	3
1689	0
1690	1
1691	0
1692	2
1693	1
1694	1
1695	3
1696	3
1697	0
1698	2
1699	3
1700	0
1701	0
1702	1
1703	0
1704	2
1705	0
1706	3
1707	3
1708	3
1709	3
1710	0
1711	1
1712	3
1713	3
1714	3
1715	0
1716	3
1717	0
1718	3
1719	3
1720	3
1721	0
1722	3
1723	0
1724	3
1725	3
1726	0
1727	2
1728	2
1729	3
1730	0
1731	3
1732	3
1733	2
1734	1
1735	3
1736	2
1737	0
1738	2
1739	0
1740	3
1741	3
1742	3
1743	3
1744	0
1745	3
1746	3
1747	2
1748	3
1749	0
1750	3
1751	1
1752	3
1753	1
1754	3
1755	0
1756	3
1757	3
1758	3
1759	2
1760	3
1761	3
1762	1
1763	3
1764	0
1765	1
1766	2
1767	1
1768	3
1769	3
1770	3
1771	0
1772	3
1773	3
1774	1
1775	0
1776	3
1777	3
1778	1
1779	3
1780	3
1781	2
1782	3
1783	3
1784	0
1785	1
1786	0
1787	0
1788	3
1789	3
1790	3
1791	0
1792	3
1793	3
1794	3
1795	0
1796	0
1797	3
1798	3
1799	0
1800	0
1801	0
1802	3
1803	0
1804	0
1805	1
1806	2
1807	3
1808	2
1809	0
1810	0
1811	3
1812	0
1813	0
1814	2
1815	1
1816	0
1817	2
1818	3
1819	0
1820	0
1821	3
1822	3
1823	1
1824	3
1825	3
1826	3
1827	3
1828	3
1829	0
1830	0
1831	3
1832	0
1833	0
1834	0
1835	0
1836	1
1837	3
1838	3
1839	3
1840	1
1841	1
1842	3
1843	3
1844	3
1845	2
1846	3
1847	0
1848	0
1849	3
1850	1
1851	2
1852	3
1853	3
1854	3
1855	3
1856	2
1857	0
1858	0
1859	1
1860	3
1861	3
1862	3
1863	1
1864	1
1865	3
1866	3
1867	3
1868	0
1869	3
1870	3
1871	3
1872	1
1873	3
1874	3
1875	0
1876	2
1877	2
1878	0
1879	0
1880	0
1881	3
1882	3
1883	3
1884	3
1885	2
1886	0
1887	3
1888	0
1889	3
1890	2
1891	2
1892	3
1893	2
1894	0
1895	1
1896	0
1897	3
1898	3
1899	0
1900	3
1901	3
1902	2
1903	3
1904	3
1905	3
1906	3
1907	1
1908	3
1909	1
1910	0
1911	2
1912	0
1913	0
1914	2
1915	0
1916	3
1917	3
1918	3
1919	3
1920	3
1921	3
1922	1
1923	1
1924	3
1925	0
1926	3
1927	2
1928	2
1929	1
1930	3
1931	3
1932	3
1933	3
1934	3
1935	2
1936	3
1937	3
1938	3
1939	1
1940	3
1941	2
1942	3
1943	3
1944	1
1945	0
1946	1
1947	0
1948	2
1949	3
1950	3
1951	1
1952	2
1953	3
1954	2
1955	0
1956	2
1957	3
1958	0
1959	2
1960	3
1961	0
1962	3
1963	2
1964	3
1965	3
1966	1
1967	3
1968	3
1969	3
1970	2
1971	0
1972	3
1973	0
1974	0
1975	1
1976	0
1977	0
1978	3
1979	2
1980	3
1981	3
1982	3
1983	0
1984	0
1985	0
1986	2
1987	0
1988	2
1989	3
1990	0
1991	0
1992	0
1993	2
1994	0
1995	3
1996	0
1997	2
1998	3
1999	3
2000	0
2001	0
2002	2
2003	3
2004	2
2005	2
2006	2
2007	1
2008	0
2009	0
2010	3
2011	0
2012	0
2013	2
2014	2
2015	0
2016	2
2017	2
2018	3
2019	0
2020	3
2021	0
2022	3
2023	3
2024	0
2025	0
2026	3
2027	1
2028	2
2029	3
2030	3
2031	0
2032	2
2033	0
2034	0
2035	0
2036	3
2037	0
2038	3
2039	2
2040	3
2041	0
2042	3
2043	3
2044	3
2045	2
2046	2
2047	0
2048	2
2049	0
2050	3
2051	0
2052	3
2053	0
2054	0
2055	2
2056	3
2057	3
2058	3
2059	3
2060	1
2061	3
2062	0
2063	0
2064	3
2065	0
2066	3
2067	3
2068	1
2069	0
2070	3
2071	3
2072	2
2073	3
2074	3
2075	3
2076	2
2077	2
2078	0
2079	3
2080	3
2081	0
2082	3
2083	3
2084	0
2085	0
2086	2
2087	2
2088	3
2089	3
2090	3
2091	2
2092	2
2093	0
2094	3
2095	0
2096	3
2097	0
2098	0
2099	0
2100	0
2101	0
2102	2
2103	2
2104	1
2105	3
2106	3
2107	2
2108	0
2109	1
2110	0
2111	1
2112	3
2113	0
2114	0
2115	0
2116	0
2117	2
2118	2
2119	3
2120	1
2121	2
2122	3
2123	3
2124	2
2125	0
2126	0
2127	2
2128	2
2129	0
2130	0
2131	1
2132	3
2133	0
2134	0
2135	2
2136	3
2137	3
2138	3
2139	1
2140	2
2141	3
2142	0
2143	3
2144	3
2145	2
2146	3
2147	3
2148	3
2149	0
2150	2
2151	3
2152	3
2153	2
2154	3
2155	2
2156	0
2157	0
2158	0
2159	3
2160	0
2161	0
2162	0
2163	0
2164	3
2165	1
2166	2
2167	3
2168	1
2169	3
2170	2
2171	3
2172	3
2173	0
2174	3
2175	3
2176	3
2177	1
2178	2
2179	2
2180	3
2181	0
2182	2
2183	2
2184	3
2185	0
2186	3
2187	0
2188	3
2189	0
2190	3
2191	3
2192	3
2193	1
2194	2
2195	0
2196	0
2197	3
2198	0
2199	3
2200	2
2201	0
2202	2
2203	0
2204	3
2205	1
2206	0
2207	0
2208	3
2209	2
2210	3
2211	1
2212	2
2213	0
2214	3
2215	0
2216	3
2217	2
2218	0
2219	1
2220	2
2221	0
2222	0
2223	3
2224	3
2225	2
2226	0
2227	1
2228	0
2229	0
2230	0
2231	3
2232	3
2233	0
2234	0
2235	2
2236	1
2237	3
2238	3
2239	1
2240	3
2241	1
2242	0
2243	2
2244	0
2245	3
2246	0
2247	3
2248	3
2249	2
2250	3
2251	1
2252	0
2253	0
2254	0
2255	3
2256	2
2257	3
2258	0
2259	3
2260	2
2261	3
2262	0
2263	3
2264	2
2265	3
2266	3
2267	2
2268	3
2269	0
2270	3
2271	2
2272	3
2273	3
2274	0
2275	3
2276	2
2277	2
2278	3
2279	0
2280	2
2281	2
2282	0
2283	3
2284	3
2285	0
2286	3
2287	0
2288	3
2289	3
2290	0
2291	3
2292	2
2293	2
2294	2
2295	2
2296	3
2297	3
2298	3
2299	2
2300	3
2301	0
2302	3
2303	2
2304	3
2305	3
2306	2
2307	0
2308	3
2309	0
2310	3
2311	3
2312	3
2313	0
2314	2
2315	0
2316	1
2317	0
2318	3
2319	3
2320	3
2321	3
2322	2
2323	0
2324	2
2325	0
2326	3
2327	0
2328	1
2329	2
2330	3
2331	2
2332	3
2333	0
2334	3
2335	2
2336	3
2337	3
2338	0
2339	0
2340	3
2341	0
2342	3
2343	2
2344	3
2345	0
2346	3
2347	0
2348	3
2349	3
2350	3
2351	3
2352	0
2353	3
2354	3
2355	0
2356	3
2357	2
2358	3
2359	3
2360	3
2361	3
2362	3
2363	2
2364	3
2365	0
2366	3
2367	3
2368	3
2369	0
2370	2
2371	2
2372	3
2373	0
2374	3
2375	0
2376	3
2377	2
2378	3
2379	2
2380	2
2381	0
2382	2
2383	1
2384	3
2385	1
2386	0
2387	3
2388	3
2389	0
2390	2
2391	0
2392	3
2393	3
2394	3
2395	2
2396	3
2397	0
2398	3
2399	0
2400	3
2401	2
2402	3
2403	1
2404	3
2405	3
2406	3
2407	3
2408	3
2409	1
2410	3
2411	3
2412	3
2413	2
2414	3
2415	3
2416	0
2417	0
2418	0
2419	1
2420	1
2421	0
2422	3
2423	3
2424	3
2425	1
2426	3
2427	2
2428	2
2429	1
2430	3
2431	2
2432	1
2433	0
2434	2
2435	3
2436	3
2437	0
2438	1
2439	3
2440	3
2441	3
2442	3
2443	2
2444	3
2445	3
2446	3
2447	3
2448	2
2449	0
2450	0
2451	0
2452	3
2453	3
2454	3
2455	0
2456	2
2457	3
2458	3
2459	3
2460	3
2461	2
2462	1
2463	2
2464	3
2465	0
2466	3
2467	2
2468	3
2469	2
2470	2
2471	2
2472	3
2473	2
2474	2
2475	2
2476	3
2477	3
2478	3
2479	3
2480	2
2481	2
2482	2
2483	0
2484	3
2485	0
2486	3
2487	3
2488	2
2489	3
2490	3
2491	1
2492	3
2493	3
2494	3
2495	3
2496	2
2497	0
2498	0
2499	0
2500	3
2501	2
2502	1
2503	1
2504	2
2505	0
2506	0
2507	3
2508	0
2509	3
2510	2
2511	2
2512	2
2513	2
2514	3
2515	3
2516	3
2517	0
2518	3
2519	3
2520	0
2521	2
2522	3
2523	0
2524	3
2525	3
2526	0
2527	2
2528	3
2529	0
2530	0
2531	3
2532	3
2533	3
2534	3
2535	3
2536	3
2537	3
2538	3
2539	1
2540	0
2541	3
2542	3
2543	0
2544	3
2545	0
2546	3
2547	0
2548	3
2549	0
2550	3
2551	0
2552	2
2553	3
2554	2
2555	0
2556	3
2557	3
2558	0
2559	2
2560	1
2561	2
2562	0
2563	0
2564	3
2565	3
2566	3
2567	0
2568	3
2569	3
2570	0
2571	3
2572	2
2573	1
2574	0
2575	0
2576	2
2577	3
2578	3
2579	0
2580	3
2581	3
2582	3
2583	1
2584	3
2585	3
2586	0
2587	2
2588	0
2589	0
2590	0
2591	1
2592	3
2593	3
2594	0
2595	0
2596	2
2597	0
2598	0
2599	3
2600	2
2601	0
2602	3
2603	3
2604	1
2605	0
2606	0
2607	0
2608	0
2609	0
2610	3
2611	0
2612	2
2613	2
2614	3
2615	3
2616	3
2617	0
2618	3
2619	2
2620	0
2621	0
2622	3
2623	0
2624	0
2625	3
2626	3
2627	3
2628	0
2629	2
2630	3
2631	3
2632	3
2633	0
2634	1
2635	0
2636	2
2637	3
2638	3
2639	3
2640	3
2641	2
2642	3
2643	3
2644	3
2645	0
2646	3
2647	1
2648	3
2649	0
2650	2
2651	3
2652	2
2653	2
2654	0
2655	3
2656	2
2657	2
2658	3
2659	3
2660	2
2661	1
2662	3
2663	3
2664	2
2665	3
2666	3
2667	2
2668	3
2669	0
2670	0
2671	3
2672	3
2673	2
2674	3
2675	3
2676	2
2677	0
2678	3
2679	2
2680	3
2681	1
2682	1
2683	2
2684	2
2685	0
2686	0
2687	3
2688	0
2689	2
2690	2
2691	3
2692	3
2693	2
2694	3
2695	1
2696	0
2697	0
2698	0
2699	0
2700	3
2701	0
2702	0
2703	3
2704	0
2705	0
2706	0
2707	1
2708	3
2709	0
2710	0
2711	0
2712	2
2713	3
2714	0
2715	3
2716	2
2717	1
2718	0
2719	3
2720	2
2721	3
2722	0
2723	1
2724	3
2725	1
2726	3
2727	3
2728	3
2729	0
2730	1
2731	0
2732	3
2733	0
2734	3
2735	2
2736	0
2737	3
2738	0
2739	3
2740	2
2741	3
2742	3
2743	0
2744	3
2745	0
2746	3
2747	0
2748	1
2749	2
2750	3
2751	2
2752	0
2753	3
2754	2
2755	3
2756	2
2757	0
2758	3
2759	3
2760	3
2761	0
2762	3
2763	3
2764	1
2765	0
2766	0
2767	1
2768	0
2769	0
2770	0
2771	3
2772	3
2773	1
2774	3
2775	3
2776	3
2777	1
2778	3
2779	3
2780	3
2781	0
2782	3
2783	1
2784	0
2785	3
2786	2
2787	3
2788	2
2789	2
2790	3
2791	0
2792	3
2793	3
2794	0
2795	1
2796	2
2797	0
2798	3
2799	2
2800	3
2801	2
2802	3
2803	3
2804	1
2805	1
2806	0
2807	3
2808	3
2809	3
2810	2
2811	3
2812	2
2813	0
2814	3
2815	3
2816	3
2817	0
2818	0
2819	3
2820	3
2821	2
2822	3
2823	3
2824	2
2825	2
2826	3
2827	0
2828	0
2829	3
2830	3
2831	3
2832	3
2833	0
2834	3
2835	3
2836	0
2837	2
2838	0
2839	0
2840	1
2841	3
2842	3
2843	0
2844	2
2845	3
2846	3
2847	3
2848	0
2849	0
2850	3
2851	3
2852	2
2853	2
2854	3
2855	2
2856	0
2857	3
2858	3
2859	0
2860	2
2861	3
2862	0
2863	3
2864	0
2865	2
2866	2
2867	0
2868	3
2869	3
2870	3
2871	2
2872	3
2873	3
2874	3
2875	0
2876	0
2877	3
2878	0
2879	0
2880	3
2881	2
2882	3
2883	3
2884	3
2885	0
2886	3
2887	3
2888	1
2889	3
2890	3
2891	0
2892	3
2893	3
2894	0
2895	1
2896	1
2897	2
2898	3
2899	0
2900	3
2901	0
2902	2
2903	3
2904	0
2905	2
2906	3
2907	3
2908	2
2909	0
2910	0
2911	0
2912	3
2913	1
2914	3
2915	3
2916	3
2917	2
2918	3
2919	0
2920	0
2921	0
2922	0
2923	0
2924	3
2925	1
2926	0
2927	0
2928	0
2929	0
2930	3
2931	3
2932	3
2933	0
2934	3
2935	2
2936	0
2937	1
2938	2
2939	3
2940	3
2941	3
2942	0
2943	0
2944	3
2945	1
2946	3
2947	0
2948	3
2949	3
2950	1
2951	3
2952	3
2953	2
2954	3
2955	2
2956	3
2957	3
2958	0
2959	3
2960	0
2961	3
2962	2
2963	0
2964	3
2965	0
2966	0
2967	3
2968	3
2969	2
2970	0
2971	0
2972	3
2973	3
2974	2
2975	0
2976	0
2977	0
2978	0
2979	3
2980	3
2981	0
2982	0
2983	0
2984	3
2985	3
2986	3
2987	2
2988	3
2989	3
2990	3
2991	1
2992	0
2993	2
2994	0
2995	0
2996	2
2997	2
2998	3
2999	2
3000	3
3001	2
3002	0
3003	1
3004	2
3005	0
3006	0
3007	2
3008	1
3009	3
3010	3
3011	0
3012	3
3013	2
3014	0
3015	2
3016	0
3017	3
3018	0
3019	3
3020	0
3021	2
3022	0
3023	0
3024	2
3025	0
3026	0
3027	3
3028	3
3029	3
3030	0
3031	2
3032	0
3033	3
3034	1
3035	2
3036	0
3037	0
3038	0
3039	0
3040	3
3041	0
3042	3
3043	3
3044	2
3045	0
3046	0
3047	2
3048	3
3049	2
3050	3
3051	1
3052	2
3053	2
3054	0
3055	2
3056	3
3057	0
3058	3
3059	0
3060	3
3061	2
3062	0
3063	2
3064	0
3065	3
3066	0
3067	0
3068	3
3069	2
3070	0
3071	0
3072	3
3073	3
3074	3
3075	0
3076	2
3077	2
3078	0
3079	1
3080	2
3081	0
3082	3
3083	3
3084	3
3085	0
3086	0
3087	3
3088	3
3089	2
3090	0
3091	3
3092	3
3093	3
3094	2
3095	2
3096	3
3097	0
3098	2
3099	0
3100	0
3101	0
3102	2
3103	0
3104	0
3105	2
3106	0
3107	3
3108	3
3109	3
3110	2
3111	0
3112	3
3113	3
3114	3
3115	3
3116	3
3117	0
3118	2
3119	2
3120	0
3121	0
3122	0
3123	0
3124	3
3125	2
3126	3
3127	3
3128	3
3129	2
3130	2
3131	2
3132	0
3133	2
3134	2
3135	3
3136	3
3137	1
3138	0
3139	2
3140	3
3141	3
3142	3
3143	0
3144	2
3145	3
3146	2
3147	2
3148	2
3149	2
3150	2
3151	0
3152	3
3153	1
3154	0
3155	3
3156	3
3157	1
3158	2
3159	2
3160	2
3161	0
3162	3
3163	0
3164	3
3165	3
3166	3
3167	3
3168	3
3169	0
3170	1
3171	3
3172	0
3173	2
3174	0
3175	0
3176	2
3177	0
3178	3
3179	2
3180	3
3181	0
3182	3
3183	3
3184	3
3185	0
3186	0
3187	0
3188	3
3189	3
3190	2
3191	1
3192	3
3193	3
3194	0
3195	2
3196	0
3197	0
3198	3
3199	3
3200	3
3201	3
3202	0
3203	3
3204	2
3205	2
3206	0
3207	0
3208	3
3209	0
3210	3
3211	0
3212	0
3213	0
3214	3
3215	0
3216	2
3217	3
3218	3
3219	3
3220	3
3221	2
3222	3
3223	0
3224	2
3225	0
3226	2
3227	3
3228	3
3229	0
3230	1
3231	3
3232	3
3233	0
3234	0
3235	0
3236	3
3237	1
3238	2
3239	2
3240	2
3241	2
3242	3
3243	3
3244	2
3245	0
3246	3
3247	0
3248	3
3249	0
3250	2
3251	2
3252	2
3253	3
3254	3
3255	3
3256	3
3257	0
3258	0
3259	2
3260	0
3261	3
3262	2
3263	3
3264	0
3265	0
3266	0
3267	2
3268	1
3269	0
3270	3
3271	1
3272	2
3273	1
3274	0
3275	1
3276	0
3277	2
3278	2
3279	3
3280	0
3281	0
3282	0
3283	3
3284	3
3285	2
3286	3
3287	0
3288	3
3289	1
3290	2
3291	3
3292	0
3293	0
3294	1
3295	2
3296	0
3297	0
3298	0
3299	3
3300	3
3301	2
3302	0
3303	0
3304	0
3305	1
3306	1
3307	3
3308	2
3309	1
3310	3
3311	2
3312	1
3313	0
3314	3
3315	0
3316	3
3317	0
3318	0
3319	1
3320	3
3321	3
3322	3
3323	2
3324	0
3325	0
3326	2
3327	0
3328	0
3329	1
3330	3
3331	2
3332	2
3333	0
3334	2
3335	0
3336	3
3337	0
3338	3
3339	3
3340	0
3341	2
3342	2
3343	3
3344	0
3345	3
3346	0
3347	0
3348	0
3349	0
3350	2
3351	0
3352	2
3353	2
3354	3
3355	3
3356	0
3357	3
3358	2
3359	3
3360	3
3361	0
3362	1
3363	3
3364	2
3365	3
3366	3
3367	3
3368	2
3369	3
3370	3
3371	1
3372	3
3373	2
3374	3
3375	0
3376	3
3377	0
3378	1
3379	3
3380	3
3381	1
3382	2
3383	0
3384	0
3385	3
3386	0
3387	3
3388	0
3389	0
3390	3
3391	3
3392	1
3393	0
3394	0
3395	0
3396	3
3397	1
3398	3
3399	3
3400	2
3401	3
3402	3
3403	1
3404	3
3405	3
3406	3
3407	1
3408	1
3409	0
3410	0
3411	0
3412	3
3413	0
3414	0
3415	3
3416	2
3417	3
3418	3
3419	2
3420	3
3421	0
3422	3
3423	3
3424	0
3425	1
3426	0
3427	2
3428	3
3429	3
3430	0
3431	3
3432	3
3433	1
3434	3
3435	3
3436	0
3437	3
3438	1
3439	1
3440	0
3441	0
3442	0
3443	0
3444	2
3445	2
3446	0
3447	0
3448	2
3449	0
3450	3
3451	0
3452	0
3453	1
3454	2
3455	3
3456	3
3457	0
3458	0
3459	0
3460	3
3461	3
3462	2
3463	0
3464	2
3465	1
3466	0
3467	2
3468	0
3469	0
3470	1
3471	2
3472	3
3473	2
3474	0
3475	0
3476	3
3477	2
3478	2
3479	3
3480	3
3481	3
3482	3
3483	3
3484	3
3485	1
3486	0
3487	0
3488	0
3489	3
3490	3
3491	3
3492	3
3493	1
3494	2
3495	0
3496	0
3497	3
3498	3
3499	2
3500	1
3501	3
3502	2
3503	3
3504	2
3505	3
3506	0
3507	1
3508	3
3509	3
3510	3
3511	3
3512	0
3513	2
3514	3
3515	3
3516	0
3517	3
3518	3
3519	0
3520	1
3521	0
3522	0
3523	0
3524	2
3525	0
3526	0
3527	3
3528	0
3529	3
3530	3
3531	1
3532	1
3533	3
3534	0
3535	2
3536	0
3537	1
3538	0
3539	1
3540	2
3541	0
3542	3
3543	3
3544	1
3545	3
3546	3
3547	3
3548	0
3549	3
3550	2
3551	0
3552	3
3553	0
3554	0
3555	0
3556	3
3557	0
3558	3
3559	3
3560	3
3561	3
3562	1
3563	3
3564	3
3565	0
3566	3
3567	3
3568	3
3569	2
3570	0
3571	0
3572	2
3573	3
3574	2
3575	3
3576	2
3577	3
3578	0
3579	3
3580	2
3581	0
3582	3
3583	2
3584	2
3585	2
3586	0
3587	0
3588	2
3589	3
3590	3
3591	3
3592	0
3593	0
3594	3
3595	3
3596	3
3597	3
3598	3
3599	2
3600	2
3601	0
3602	3
3603	3
3604	2
3605	3
3606	0
3607	3
3608	3
3609	0
3610	0
3611	3
3612	3
3613	0
3614	2
3615	3
3616	3
3617	1
3618	0
3619	3
3620	0
3621	2
3622	3
3623	3
3624	3
3625	3
3626	3
3627	3
3628	3
3629	0
3630	3
3631	1
3632	2
3633	2
3634	1
3635	3
3636	0
3637	2
3638	2
3639	1
3640	3
3641	1
3642	3
3643	3
3644	2
3645	2
3646	3
3647	3
3648	0
3649	0
3650	3
3651	0
3652	3
3653	3
3654	3
3655	0
3656	3
3657	3
3658	3
3659	2
3660	1
3661	0
3662	3
3663	0
3664	3
3665	1
3666	3
3667	3
3668	3
3669	0
3670	3
3671	3
3672	3
3673	3
3674	0
3675	2
3676	3
3677	1
3678	3
3679	3
3680	3
3681	2
3682	3
3683	3
3684	3
3685	0
3686	2
3687	3
3688	3
3689	0
3690	0
3691	2
3692	3
3693	1
3694	0
3695	2
3696	3
3697	3
3698	3
3699	3
3700	3
3701	0
3702	3
3703	0
3704	2
3705	1
3706	3
3707	0
3708	3
3709	0
3710	3
3711	1
3712	2
3713	3
3714	0
3715	3
3716	3
3717	0
3718	2
3719	3
3720	3
3721	3
3722	0
3723	3
3724	3
3725	3
3726	1
3727	2
3728	0
3729	2
3730	1
3731	3
3732	3
3733	3
3734	3
3735	3
3736	3
3737	0
3738	2
3739	3
3740	3
3741	0
3742	3
3743	1
3744	3
3745	2
3746	0
3747	1
3748	3
3749	1
3750	2
3751	3
3752	3
3753	1
3754	3
3755	3
3756	1
3757	0
3758	3
3759	3
3760	3
3761	0
3762	3
3763	3
3764	0
3765	1
3766	3
3767	2
3768	3
3769	3
3770	3
3771	0
3772	3
3773	0
3774	3
3775	3
3776	1
3777	3
3778	0
3779	0
3780	2
3781	1
3782	3
3783	3
3784	2
3785	3
3786	3
3787	2
3788	2
3789	3
3790	2
3791	3
3792	0
3793	2
3794	0
3795	1
3796	1
3797	0
3798	3
3799	3
3800	3
3801	2
3802	3
3803	1
3804	3
3805	3
3806	3
3807	1
3808	0
3809	2
3810	0
3811	0
3812	3
3813	0
3814	1
3815	0
3816	2
3817	0
3818	3
3819	3
3820	2
3821	0
3822	3
3823	3
3824	0
3825	1
3826	0
3827	1
3828	2
3829	0
3830	3
3831	2
3832	3
3833	3
3834	3
3835	3
3836	2
3837	0
3838	3
3839	0
3840	3
3841	0
3842	0
3843	0
3844	3
3845	2
3846	0
3847	0
3848	3
3849	3
3850	2
3851	0
3852	0
3853	2
3854	3
3855	3
3856	2
3857	3
3858	0
3859	0
3860	2
3861	3
3862	0
3863	0
3864	3
3865	2
3866	0
3867	1
3868	0
3869	3
3870	3
3871	1
3872	0
3873	3
3874	0
3875	0
3876	3
3877	3
3878	0
3879	3
3880	0
3881	3
3882	3
3883	1
3884	1
3885	3
3886	3
3887	2
3888	2
3889	0
3890	0
3891	0
3892	2
3893	1
3894	0
3895	0
3896	0
3897	2
3898	1
3899	2
3900	0
3901	3
3902	3
3903	3
3904	2
3905	0
3906	0
3907	0
3908	3
3909	3
3910	0
3911	3
3912	0
3913	2
3914	2
3915	3
3916	0
3917	0
3918	3
3919	0
3920	3
3921	2
3922	0
3923	3
3924	2
3925	3
3926	3
3927	2
3928	0
3929	0
3930	2
3931	3
3932	0
3933	2
3934	2
3935	1
3936	3
3937	0
3938	0
3939	3
3940	3
3941	0
3942	0
3943	0
3944	3
3945	3
3946	0
3947	2
3948	0
3949	3
3950	2
3951	0
3952	3
3953	0
3954	3
3955	3
3956	2
3957	2
3958	3
3959	0
3960	2
3961	2
3962	3
3963	0
3964	0
3965	0
3966	3
3967	0
3968	3
3969	0
3970	0
3971	2
3972	3
3973	1
3974	2
3975	0
3976	2
3977	3
3978	1
3979	2
3980	3
3981	0
3982	1
3983	3
3984	3
3985	0
3986	2
3987	2
3988	0
3989	0
3990	2
3991	0
3992	1
3993	1
3994	0
3995	3
3996	0
3997	0
3998	3
3999	0
4000	3
4001	0
4002	0
4003	3
4004	1
4005	3
4006	2
4007	0
4008	2
4009	3
4010	3
4011	1
4012	3
4013	3
4014	0
4015	0
4016	3
4017	0
4018	3
4019	3
4020	3
4021	2
4022	2
4023	0
4024	3
4025	3
4026	3
4027	2
4028	2
4029	3
4030	0
4031	0
4032	2
4033	0
4034	0
4035	3
4036	3
4037	2
4038	2
4039	0
4040	2
4041	3
4042	0
4043	0
4044	3
4045	3
4046	2
4047	3
4048	3
4049	3
4050	0
4051	3
4052	3
4053	3
4054	0
4055	0
4056	2
4057	3
4058	3
4059	3
4060	3
4061	2
4062	3
4063	0
4064	1
4065	0
4066	3
4067	3
4068	3
4069	0
4070	2
4071	3
4072	3
4073	3
4074	0
4075	2
4076	0
4077	3
4078	2
4079	3
4080	3
4081	0
4082	0
4083	0
4084	3
4085	3
4086	3
4087	0
4088	3
4089	3
4090	0
4091	1
4092	0
4093	0
4094	3
4095	0
