COMMAND
./sim gshare 13 10 ./proj2-traces/jpeg_trace.txt
OUTPUT
number of predictions:2000000
number of mispredictions:140362
misprediction rate:   7.02%
FINAL GSHARE CONTENTS
0	3
1	0
2	2
3	2
4	2
5	2
6	1
7	2
8	2
9	0
10	3
11	3
12	3
13	3
14	3
15	2
16	2
17	0
18	3
19	1
20	3
21	3
22	0
23	0
24	0
25	2
26	3
27	3
28	0
29	3
30	3
31	2
32	3
33	3
34	2
35	0
36	3
37	3
38	0
39	2
40	0
41	3
42	2
43	3
44	3
45	3
46	1
47	1
48	2
49	2
50	3
51	2
52	2
53	1
54	3
55	0
56	0
57	2
58	3
59	0
60	3
61	0
62	3
63	0
64	2
65	2
66	3
67	0
68	3
69	2
70	3
71	0
72	2
73	3
74	2
75	3
76	0
77	2
78	3
79	0
80	2
81	2
82	3
83	0
84	0
85	2
86	3
87	0
88	3
89	2
90	2
91	2
92	0
93	2
94	2
95	0
96	3
97	1
98	3
99	3
100	3
101	3
102	2
103	0
104	2
105	2
106	2
107	3
108	0
109	3
110	2
111	0
112	2
113	2
114	2
115	2
116	1
117	3
118	2
119	0
120	2
121	2
122	2
123	1
124	1
125	3
126	2
127	2
128	3
129	0
130	2
131	3
132	1
133	2
134	3
135	3
136	0
137	0
138	0
139	2
140	2
141	3
142	3
143	3
144	2
145	0
146	1
147	0
148	2
149	3
150	2
151	0
152	1
153	3
154	2
155	2
156	2
157	3
158	2
159	3
160	0
161	3
162	2
163	3
164	1
165	2
166	3
167	3
168	2
169	0
170	2
171	0
172	2
173	0
174	0
175	0
176	3
177	2
178	2
179	2
180	3
181	2
182	1
183	0
184	2
185	1
186	3
187	0
188	3
189	0
190	2
191	1
192	0
193	2
194	3
195	3
196	3
197	0
198	3
199	3
200	3
201	2
202	2
203	3
204	1
205	2
206	0
207	2
208	0
209	0
210	1
211	3
212	2
213	3
214	3
215	0
216	0
217	2
218	0
219	1
220	2
221	2
222	2
223	0
224	1
225	2
226	3
227	3
228	3
229	3
230	3
231	0
232	2
233	0
234	3
235	3
236	2
237	3
238	3
239	3
240	1
241	2
242	2
243	3
244	2
245	2
246	2
247	2
248	1
249	2
250	0
251	3
252	1
253	2
254	2
255	0
256	3
257	3
258	3
259	2
260	0
261	0
262	3
263	1
264	0
265	3
266	2
267	2
268	3
269	3
270	0
271	2
272	3
273	3
274	0
275	0
276	2
277	3
278	1
279	3
280	0
281	0
282	0
283	2
284	0
285	3
286	1
287	2
288	2
289	3
290	2
291	2
292	2
293	1
294	3
295	3
296	3
297	2
298	3
299	0
300	2
301	3
302	2
303	3
304	3
305	3
306	3
307	2
308	2
309	3
310	0
311	2
312	3
313	2
314	3
315	2
316	0
317	3
318	1
319	0
320	2
321	3
322	2
323	2
324	3
325	3
326	2
327	2
328	3
329	3
330	0
331	3
332	3
333	0
334	3
335	3
336	2
337	0
338	2
339	2
340	3
341	3
342	0
343	3
344	2
345	3
346	3
347	2
348	3
349	3
350	3
351	2
352	2
353	3
354	3
355	2
356	3
357	3
358	3
359	0
360	3
361	3
362	3
363	3
364	2
365	0
366	3
367	0
368	1
369	3
370	3
371	1
372	2
373	3
374	3
375	2
376	0
377	3
378	0
379	3
380	0
381	3
382	1
383	0
384	2
385	2
386	0
387	2
388	3
389	0
390	0
391	2
392	3
393	2
394	3
395	2
396	3
397	0
398	3
399	2
400	3
401	2
402	2
403	2
404	0
405	3
406	3
407	3
408	3
409	1
410	2
411	2
412	2
413	2
414	3
415	1
416	3
417	1
418	3
419	2
420	3
421	3
422	3
423	3
424	0
425	2
426	3
427	2
428	0
429	3
430	0
431	2
432	3
433	0
434	3
435	1
436	2
437	2
438	3
439	2
440	2
441	3
442	3
443	0
444	2
445	2
446	2
447	3
448	1
449	3
450	0
451	3
452	3
453	0
454	1
455	0
456	3
457	3
458	3
459	2
460	0
461	0
462	3
463	0
464	1
465	2
466	3
467	1
468	3
469	3
470	3
471	0
472	2
473	3
474	2
475	2
476	3
477	3
478	1
479	0
480	3
481	0
482	3
483	2
484	0
485	2
486	3
487	3
488	3
489	2
490	2
491	3
492	3
493	3
494	2
495	2
496	0
497	2
498	2
499	2
500	2
501	0
502	3
503	3
504	3
505	2
506	2
507	3
508	1
509	0
510	3
511	2
512	3
513	2
514	3
515	2
516	1
517	1
518	0
519	2
520	2
521	0
522	3
523	2
524	2
525	3
526	3
527	3
528	3
529	0
530	3
531	2
532	1
533	1
534	2
535	2
536	2
537	2
538	3
539	2
540	0
541	1
542	3
543	3
544	3
545	1
546	2
547	0
548	2
549	2
550	2
551	2
552	3
553	2
554	2
555	2
556	3
557	3
558	0
559	2
560	2
561	2
562	3
563	3
564	3
565	0
566	0
567	3
568	2
569	2
570	2
571	2
572	3
573	0
574	2
575	2
576	3
577	2
578	3
579	0
580	0
581	0
582	1
583	2
584	3
585	0
586	1
587	0
588	2
589	2
590	0
591	2
592	2
593	2
594	3
595	0
596	2
597	3
598	0
599	3
600	3
601	2
602	3
603	1
604	2
605	2
606	1
607	3
608	3
609	2
610	2
611	0
612	0
613	0
614	2
615	1
616	3
617	2
618	2
619	2
620	2
621	0
622	3
623	0
624	3
625	3
626	2
627	0
628	3
629	2
630	3
631	2
632	2
633	2
634	2
635	2
636	2
637	3
638	2
639	2
640	3
641	2
642	2
643	3
644	3
645	3
646	0
647	2
648	2
649	1
650	1
651	3
652	2
653	3
654	2
655	2
656	3
657	2
658	2
659	2
660	3
661	3
662	0
663	3
664	3
665	1
666	2
667	2
668	1
669	2
670	3
671	3
672	2
673	0
674	3
675	3
676	2
677	2
678	0
679	2
680	3
681	2
682	2
683	2
684	1
685	0
686	0
687	0
688	0
689	2
690	3
691	0
692	1
693	2
694	3
695	2
696	2
697	2
698	3
699	2
700	3
701	0
702	0
703	3
704	2
705	0
706	2
707	3
708	0
709	2
710	1
711	0
712	3
713	0
714	2
715	3
716	3
717	2
718	0
719	2
720	2
721	1
722	0
723	3
724	0
725	3
726	0
727	0
728	2
729	0
730	2
731	1
732	2
733	3
734	1
735	1
736	3
737	2
738	0
739	3
740	1
741	3
742	0
743	0
744	2
745	3
746	3
747	3
748	2
749	2
750	0
751	0
752	2
753	2
754	2
755	3
756	1
757	2
758	0
759	2
760	0
761	3
762	2
763	3
764	3
765	2
766	3
767	3
768	0
769	3
770	3
771	2
772	3
773	3
774	0
775	3
776	1
777	2
778	2
779	2
780	3
781	1
782	0
783	1
784	3
785	2
786	3
787	2
788	3
789	0
790	0
791	0
792	1
793	2
794	3
795	2
796	1
797	2
798	0
799	2
800	2
801	2
802	2
803	0
804	2
805	2
806	0
807	2
808	3
809	0
810	3
811	1
812	3
813	0
814	0
815	3
816	0
817	2
818	2
819	2
820	2
821	3
822	0
823	2
824	2
825	2
826	3
827	2
828	0
829	2
830	0
831	3
832	2
833	2
834	3
835	2
836	2
837	0
838	0
839	2
840	0
841	2
842	2
843	2
844	3
845	0
846	0
847	2
848	2
849	2
850	2
851	3
852	0
853	1
854	0
855	0
856	2
857	2
858	2
859	2
860	2
861	2
862	0
863	0
864	3
865	2
866	2
867	0
868	2
869	3
870	0
871	1
872	0
873	2
874	2
875	2
876	3
877	1
878	0
879	3
880	2
881	0
882	2
883	0
884	2
885	2
886	0
887	3
888	3
889	0
890	2
891	2
892	2
893	3
894	0
895	2
896	3
897	1
898	2
899	2
900	3
901	0
902	3
903	2
904	2
905	2
906	2
907	2
908	3
909	0
910	2
911	2
912	3
913	1
914	2
915	0
916	3
917	3
918	2
919	2
920	3
921	3
922	2
923	0
924	3
925	2
926	0
927	3
928	2
929	3
930	0
931	2
932	2
933	0
934	0
935	2
936	1
937	0
938	2
939	0
940	2
941	2
942	0
943	3
944	1
945	2
946	2
947	3
948	1
949	3
950	3
951	3
952	3
953	2
954	2
955	0
956	3
957	2
958	0
959	0
960	0
961	3
962	2
963	3
964	3
965	2
966	0
967	3
968	2
969	0
970	2
971	2
972	2
973	1
974	2
975	2
976	3
977	2
978	0
979	2
980	1
981	3
982	2
983	3
984	3
985	2
986	0
987	2
988	2
989	3
990	0
991	3
992	2
993	0
994	2
995	2
996	3
997	3
998	0
999	2
1000	3
1001	2
1002	3
1003	3
1004	3
1005	0
1006	2
1007	1
1008	1
1009	3
1010	3
1011	3
1012	2
1013	3
1014	0
1015	1
1016	3
1017	3
1018	2
1019	1
1020	3
1021	0
1022	0
1023	1
1024	2
1025	3
1026	2
1027	2
1028	0
1029	3
1030	3
1031	3
1032	3
1033	3
1034	3
1035	2
1036	2
1037	0
1038	3
1039	3
1040	0
1041	2
1042	3
1043	1
1044	0
1045	3
1046	3
1047	3
1048	2
1049	2
1050	2
1051	3
1052	3
1053	2
1054	2
1055	0
1056	3
1057	2
1058	2
1059	2
1060	2
1061	0
1062	3
1063	0
1064	0
1065	2
1066	0
1067	3
1068	3
1069	0
1070	3
1071	3
1072	2
1073	2
1074	3
1075	3
1076	0
1077	2
1078	2
1079	3
1080	2
1081	3
1082	3
1083	2
1084	3
1085	2
1086	3
1087	0
1088	0
1089	3
1090	3
1091	0
1092	3
1093	1
1094	2
1095	0
1096	2
1097	1
1098	3
1099	2
1100	2
1101	3
1102	2
1103	3
1104	3
1105	3
1106	2
1107	3
1108	2
1109	0
1110	3
1111	3
1112	2
1113	2
1114	3
1115	2
1116	2
1117	2
1118	3
1119	2
1120	2
1121	0
1122	2
1123	2
1124	3
1125	0
1126	3
1127	3
1128	3
1129	3
1130	3
1131	3
1132	3
1133	0
1134	2
1135	3
1136	0
1137	0
1138	2
1139	3
1140	0
1141	3
1142	3
1143	2
1144	0
1145	0
1146	2
1147	3
1148	3
1149	3
1150	3
1151	3
1152	3
1153	3
1154	2
1155	1
1156	2
1157	3
1158	2
1159	0
1160	3
1161	3
1162	3
1163	0
1164	2
1165	0
1166	3
1167	0
1168	2
1169	3
1170	3
1171	0
1172	3
1173	0
1174	3
1175	3
1176	0
1177	3
1178	1
1179	0
1180	3
1181	3
1182	0
1183	3
1184	0
1185	0
1186	0
1187	2
1188	2
1189	2
1190	1
1191	3
1192	2
1193	2
1194	3
1195	3
1196	2
1197	1
1198	0
1199	1
1200	3
1201	3
1202	3
1203	2
1204	2
1205	2
1206	3
1207	2
1208	3
1209	2
1210	1
1211	2
1212	2
1213	3
1214	2
1215	2
1216	0
1217	2
1218	2
1219	0
1220	2
1221	3
1222	3
1223	0
1224	2
1225	3
1226	0
1227	3
1228	1
1229	0
1230	3
1231	3
1232	0
1233	3
1234	0
1235	0
1236	1
1237	0
1238	3
1239	0
1240	0
1241	3
1242	0
1243	1
1244	2
1245	2
1246	3
1247	0
1248	1
1249	3
1250	3
1251	1
1252	2
1253	3
1254	0
1255	2
1256	2
1257	3
1258	2
1259	3
1260	0
1261	0
1262	0
1263	3
1264	1
1265	2
1266	2
1267	3
1268	1
1269	0
1270	3
1271	2
1272	1
1273	1
1274	2
1275	0
1276	1
1277	3
1278	2
1279	3
1280	3
1281	2
1282	0
1283	3
1284	3
1285	3
1286	3
1287	3
1288	3
1289	2
1290	3
1291	2
1292	3
1293	0
1294	3
1295	3
1296	3
1297	2
1298	3
1299	3
1300	3
1301	3
1302	3
1303	3
1304	3
1305	2
1306	3
1307	3
1308	2
1309	3
1310	0
1311	2
1312	2
1313	2
1314	3
1315	2
1316	3
1317	1
1318	3
1319	2
1320	3
1321	3
1322	3
1323	0
1324	0
1325	3
1326	2
1327	3
1328	3
1329	3
1330	2
1331	3
1332	3
1333	2
1334	1
1335	0
1336	3
1337	2
1338	2
1339	2
1340	2
1341	3
1342	3
1343	0
1344	2
1345	2
1346	1
1347	3
1348	3
1349	3
1350	3
1351	2
1352	2
1353	0
1354	3
1355	1
1356	2
1357	3
1358	1
1359	3
1360	2
1361	2
1362	0
1363	3
1364	0
1365	3
1366	3
1367	2
1368	2
1369	3
1370	1
1371	2
1372	3
1373	2
1374	2
1375	0
1376	2
1377	2
1378	0
1379	2
1380	3
1381	3
1382	2
1383	3
1384	2
1385	2
1386	2
1387	2
1388	0
1389	2
1390	2
1391	0
1392	3
1393	2
1394	0
1395	2
1396	0
1397	2
1398	3
1399	2
1400	3
1401	2
1402	3
1403	3
1404	2
1405	0
1406	1
1407	3
1408	3
1409	2
1410	0
1411	2
1412	3
1413	2
1414	3
1415	2
1416	0
1417	0
1418	3
1419	3
1420	3
1421	0
1422	3
1423	3
1424	2
1425	2
1426	1
1427	2
1428	2
1429	2
1430	3
1431	2
1432	3
1433	2
1434	3
1435	1
1436	3
1437	2
1438	3
1439	2
1440	1
1441	1
1442	3
1443	2
1444	3
1445	2
1446	3
1447	3
1448	3
1449	0
1450	3
1451	3
1452	2
1453	1
1454	3
1455	2
1456	1
1457	0
1458	3
1459	3
1460	3
1461	3
1462	2
1463	0
1464	2
1465	3
1466	3
1467	3
1468	2
1469	2
1470	3
1471	3
1472	3
1473	2
1474	3
1475	2
1476	2
1477	3
1478	3
1479	3
1480	2
1481	0
1482	3
1483	2
1484	0
1485	1
1486	3
1487	2
1488	2
1489	3
1490	3
1491	2
1492	1
1493	2
1494	1
1495	2
1496	2
1497	2
1498	3
1499	2
1500	2
1501	2
1502	3
1503	3
1504	2
1505	3
1506	3
1507	3
1508	2
1509	2
1510	3
1511	2
1512	2
1513	2
1514	3
1515	3
1516	1
1517	2
1518	0
1519	2
1520	2
1521	2
1522	3
1523	2
1524	3
1525	3
1526	0
1527	2
1528	2
1529	3
1530	2
1531	3
1532	0
1533	3
1534	3
1535	2
1536	2
1537	2
1538	2
1539	3
1540	3
1541	2
1542	2
1543	3
1544	1
1545	2
1546	3
1547	1
1548	3
1549	1
1550	0
1551	0
1552	3
1553	2
1554	3
1555	2
1556	1
1557	2
1558	2
1559	0
1560	0
1561	0
1562	2
1563	0
1564	0
1565	3
1566	2
1567	0
1568	2
1569	2
1570	2
1571	3
1572	1
1573	3
1574	0
1575	3
1576	2
1577	0
1578	3
1579	2
1580	2
1581	2
1582	0
1583	1
1584	0
1585	2
1586	2
1587	0
1588	3
1589	2
1590	2
1591	3
1592	2
1593	2
1594	2
1595	0
1596	3
1597	2
1598	3
1599	0
1600	2
1601	2
1602	3
1603	3
1604	0
1605	0
1606	3
1607	3
1608	2
1609	1
1610	3
1611	2
1612	2
1613	1
1614	3
1615	3
1616	3
1617	0
1618	0
1619	3
1620	3
1621	1
1622	2
1623	3
1624	3
1625	0
1626	0
1627	2
1628	3
1629	0
1630	2
1631	3
1632	3
1633	0
1634	3
1635	3
1636	3
1637	2
1638	2
1639	3
1640	2
1641	0
1642	1
1643	2
1644	1
1645	1
1646	2
1647	3
1648	2
1649	0
1650	0
1651	3
1652	1
1653	0
1654	3
1655	0
1656	3
1657	0
1658	1
1659	3
1660	1
1661	1
1662	2
1663	3
1664	1
1665	3
1666	3
1667	2
1668	3
1669	2
1670	1
1671	3
1672	1
1673	2
1674	3
1675	2
1676	2
1677	1
1678	3
1679	0
1680	3
1681	3
1682	2
1683	2
1684	0
1685	2
1686	2
1687	0
1688	0
1689	3
1690	3
1691	0
1692	3
1693	3
1694	2
1695	0
1696	2
1697	3
1698	3
1699	2
1700	2
1701	2
1702	3
1703	3
1704	3
1705	2
1706	2
1707	3
1708	3
1709	2
1710	3
1711	3
1712	0
1713	3
1714	2
1715	3
1716	3
1717	2
1718	2
1719	3
1720	1
1721	0
1722	2
1723	2
1724	3
1725	2
1726	1
1727	3
1728	3
1729	2
1730	2
1731	3
1732	3
1733	2
1734	1
1735	0
1736	2
1737	3
1738	2
1739	2
1740	2
1741	3
1742	3
1743	3
1744	2
1745	3
1746	3
1747	3
1748	0
1749	2
1750	0
1751	3
1752	2
1753	3
1754	0
1755	3
1756	3
1757	2
1758	0
1759	3
1760	2
1761	3
1762	3
1763	3
1764	3
1765	2
1766	3
1767	2
1768	0
1769	3
1770	3
1771	1
1772	1
1773	2
1774	0
1775	0
1776	1
1777	3
1778	2
1779	3
1780	3
1781	0
1782	3
1783	0
1784	3
1785	3
1786	3
1787	3
1788	3
1789	3
1790	3
1791	3
1792	3
1793	0
1794	2
1795	0
1796	2
1797	3
1798	3
1799	3
1800	0
1801	1
1802	0
1803	0
1804	2
1805	0
1806	0
1807	3
1808	3
1809	1
1810	2
1811	2
1812	3
1813	3
1814	1
1815	3
1816	3
1817	3
1818	2
1819	0
1820	3
1821	0
1822	0
1823	3
1824	3
1825	2
1826	3
1827	3
1828	2
1829	2
1830	0
1831	3
1832	2
1833	1
1834	3
1835	3
1836	2
1837	3
1838	0
1839	3
1840	2
1841	0
1842	0
1843	0
1844	2
1845	1
1846	2
1847	2
1848	2
1849	0
1850	2
1851	0
1852	3
1853	3
1854	1
1855	3
1856	3
1857	3
1858	3
1859	3
1860	3
1861	3
1862	2
1863	0
1864	2
1865	2
1866	2
1867	3
1868	3
1869	2
1870	2
1871	3
1872	3
1873	3
1874	2
1875	0
1876	0
1877	3
1878	2
1879	2
1880	3
1881	3
1882	2
1883	2
1884	3
1885	3
1886	0
1887	2
1888	2
1889	0
1890	2
1891	3
1892	2
1893	2
1894	0
1895	3
1896	3
1897	2
1898	0
1899	3
1900	0
1901	2
1902	0
1903	3
1904	1
1905	2
1906	2
1907	2
1908	3
1909	2
1910	2
1911	2
1912	3
1913	2
1914	0
1915	2
1916	3
1917	3
1918	1
1919	3
1920	3
1921	2
1922	1
1923	3
1924	3
1925	3
1926	2
1927	3
1928	3
1929	2
1930	2
1931	1
1932	3
1933	1
1934	2
1935	3
1936	3
1937	1
1938	0
1939	3
1940	3
1941	3
1942	3
1943	3
1944	2
1945	2
1946	3
1947	2
1948	3
1949	0
1950	0
1951	3
1952	3
1953	0
1954	2
1955	2
1956	1
1957	3
1958	2
1959	0
1960	2
1961	2
1962	3
1963	3
1964	2
1965	3
1966	2
1967	3
1968	2
1969	0
1970	2
1971	3
1972	3
1973	3
1974	0
1975	3
1976	2
1977	2
1978	1
1979	2
1980	1
1981	0
1982	0
1983	3
1984	3
1985	3
1986	2
1987	3
1988	3
1989	0
1990	3
1991	3
1992	3
1993	0
1994	2
1995	2
1996	2
1997	2
1998	0
1999	3
2000	3
2001	3
2002	3
2003	3
2004	3
2005	3
2006	3
2007	3
2008	3
2009	2
2010	3
2011	3
2012	0
2013	3
2014	3
2015	2
2016	3
2017	2
2018	3
2019	3
2020	3
2021	3
2022	0
2023	3
2024	3
2025	3
2026	3
2027	3
2028	3
2029	2
2030	0
2031	1
2032	3
2033	2
2034	3
2035	3
2036	3
2037	2
2038	1
2039	3
2040	3
2041	2
2042	2
2043	3
2044	3
2045	2
2046	1
2047	3
2048	0
2049	3
2050	3
2051	2
2052	2
2053	0
2054	2
2055	3
2056	3
2057	2
2058	2
2059	3
2060	0
2061	0
2062	1
2063	2
2064	2
2065	0
2066	3
2067	0
2068	3
2069	2
2070	2
2071	3
2072	2
2073	3
2074	2
2075	0
2076	0
2077	2
2078	2
2079	2
2080	0
2081	2
2082	3
2083	0
2084	2
2085	2
2086	3
2087	3
2088	2
2089	2
2090	3
2091	2
2092	2
2093	3
2094	0
2095	3
2096	0
2097	2
2098	3
2099	3
2100	0
2101	0
2102	3
2103	3
2104	3
2105	3
2106	2
2107	3
2108	2
2109	0
2110	2
2111	0
2112	2
2113	2
2114	2
2115	1
2116	0
2117	3
2118	1
2119	2
2120	3
2121	2
2122	3
2123	3
2124	3
2125	1
2126	1
2127	2
2128	0
2129	3
2130	2
2131	3
2132	0
2133	3
2134	2
2135	2
2136	3
2137	3
2138	1
2139	3
2140	2
2141	3
2142	2
2143	0
2144	3
2145	2
2146	2
2147	3
2148	0
2149	0
2150	2
2151	2
2152	3
2153	2
2154	3
2155	3
2156	0
2157	2
2158	2
2159	3
2160	3
2161	0
2162	3
2163	0
2164	3
2165	2
2166	2
2167	3
2168	2
2169	0
2170	2
2171	3
2172	3
2173	1
2174	3
2175	3
2176	3
2177	2
2178	2
2179	2
2180	2
2181	0
2182	2
2183	3
2184	3
2185	2
2186	2
2187	2
2188	0
2189	2
2190	0
2191	3
2192	3
2193	2
2194	2
2195	2
2196	2
2197	2
2198	3
2199	3
2200	3
2201	2
2202	2
2203	0
2204	0
2205	3
2206	0
2207	3
2208	2
2209	2
2210	2
2211	2
2212	2
2213	3
2214	3
2215	2
2216	1
2217	2
2218	2
2219	3
2220	2
2221	0
2222	3
2223	3
2224	3
2225	2
2226	2
2227	1
2228	1
2229	0
2230	3
2231	1
2232	3
2233	3
2234	2
2235	3
2236	2
2237	0
2238	3
2239	3
2240	1
2241	3
2242	2
2243	3
2244	2
2245	0
2246	1
2247	0
2248	2
2249	2
2250	3
2251	3
2252	0
2253	2
2254	0
2255	2
2256	3
2257	2
2258	3
2259	2
2260	3
2261	3
2262	0
2263	3
2264	3
2265	2
2266	2
2267	2
2268	1
2269	3
2270	3
2271	3
2272	2
2273	2
2274	3
2275	3
2276	3
2277	3
2278	0
2279	2
2280	0
2281	3
2282	2
2283	3
2284	2
2285	0
2286	3
2287	3
2288	3
2289	0
2290	3
2291	3
2292	2
2293	0
2294	0
2295	2
2296	3
2297	2
2298	2
2299	3
2300	0
2301	0
2302	3
2303	2
2304	2
2305	2
2306	2
2307	2
2308	3
2309	0
2310	3
2311	1
2312	1
2313	2
2314	1
2315	2
2316	2
2317	2
2318	3
2319	3
2320	0
2321	2
2322	2
2323	2
2324	0
2325	3
2326	3
2327	3
2328	2
2329	3
2330	2
2331	2
2332	2
2333	2
2334	0
2335	3
2336	0
2337	2
2338	3
2339	2
2340	2
2341	2
2342	3
2343	2
2344	0
2345	0
2346	3
2347	2
2348	3
2349	3
2350	2
2351	3
2352	1
2353	0
2354	3
2355	2
2356	2
2357	2
2358	2
2359	0
2360	0
2361	1
2362	2
2363	3
2364	3
2365	2
2366	2
2367	3
2368	3
2369	2
2370	0
2371	3
2372	0
2373	2
2374	2
2375	0
2376	3
2377	2
2378	0
2379	2
2380	3
2381	2
2382	0
2383	3
2384	3
2385	2
2386	2
2387	3
2388	0
2389	3
2390	2
2391	3
2392	3
2393	3
2394	0
2395	3
2396	2
2397	1
2398	0
2399	3
2400	2
2401	2
2402	3
2403	2
2404	2
2405	2
2406	2
2407	3
2408	3
2409	2
2410	3
2411	3
2412	3
2413	0
2414	3
2415	3
2416	3
2417	3
2418	3
2419	0
2420	3
2421	2
2422	2
2423	3
2424	3
2425	0
2426	1
2427	2
2428	2
2429	0
2430	2
2431	2
2432	3
2433	2
2434	2
2435	2
2436	3
2437	0
2438	2
2439	0
2440	3
2441	2
2442	3
2443	0
2444	3
2445	0
2446	2
2447	0
2448	1
2449	3
2450	0
2451	0
2452	3
2453	0
2454	2
2455	0
2456	3
2457	2
2458	2
2459	2
2460	3
2461	0
2462	3
2463	2
2464	3
2465	2
2466	3
2467	0
2468	3
2469	2
2470	2
2471	1
2472	1
2473	3
2474	2
2475	2
2476	3
2477	2
2478	3
2479	0
2480	3
2481	3
2482	2
2483	2
2484	1
2485	0
2486	2
2487	2
2488	1
2489	2
2490	2
2491	2
2492	3
2493	2
2494	3
2495	0
2496	3
2497	2
2498	1
2499	2
2500	2
2501	3
2502	0
2503	3
2504	3
2505	2
2506	2
2507	2
2508	2
2509	2
2510	2
2511	3
2512	3
2513	3
2514	2
2515	2
2516	2
2517	2
2518	3
2519	3
2520	3
2521	2
2522	2
2523	2
2524	2
2525	1
2526	2
2527	3
2528	3
2529	2
2530	3
2531	3
2532	3
2533	0
2534	2
2535	3
2536	2
2537	2
2538	2
2539	2
2540	0
2541	1
2542	3
2543	3
2544	3
2545	2
2546	2
2547	0
2548	2
2549	0
2550	3
2551	0
2552	3
2553	0
2554	1
2555	3
2556	3
2557	0
2558	3
2559	2
2560	3
2561	2
2562	2
2563	2
2564	3
2565	1
2566	2
2567	2
2568	3
2569	0
2570	0
2571	2
2572	0
2573	2
2574	3
2575	2
2576	3
2577	0
2578	2
2579	2
2580	3
2581	2
2582	2
2583	2
2584	3
2585	2
2586	3
2587	2
2588	1
2589	2
2590	0
2591	0
2592	3
2593	2
2594	2
2595	3
2596	0
2597	3
2598	2
2599	1
2600	3
2601	3
2602	2
2603	0
2604	0
2605	0
2606	2
2607	3
2608	2
2609	0
2610	3
2611	3
2612	2
2613	1
2614	0
2615	0
2616	2
2617	2
2618	2
2619	3
2620	2
2621	0
2622	2
2623	3
2624	2
2625	3
2626	2
2627	2
2628	2
2629	0
2630	3
2631	0
2632	3
2633	2
2634	0
2635	3
2636	2
2637	0
2638	3
2639	3
2640	3
2641	3
2642	2
2643	2
2644	3
2645	2
2646	2
2647	2
2648	2
2649	2
2650	2
2651	2
2652	0
2653	1
2654	2
2655	2
2656	3
2657	3
2658	3
2659	2
2660	1
2661	3
2662	0
2663	2
2664	3
2665	3
2666	3
2667	3
2668	0
2669	3
2670	2
2671	3
2672	2
2673	2
2674	2
2675	2
2676	0
2677	3
2678	3
2679	0
2680	1
2681	2
2682	3
2683	2
2684	3
2685	2
2686	2
2687	0
2688	2
2689	2
2690	2
2691	2
2692	2
2693	3
2694	1
2695	3
2696	0
2697	2
2698	2
2699	3
2700	2
2701	0
2702	1
2703	3
2704	3
2705	2
2706	2
2707	2
2708	3
2709	3
2710	2
2711	3
2712	3
2713	2
2714	3
2715	2
2716	2
2717	0
2718	3
2719	2
2720	0
2721	2
2722	2
2723	2
2724	1
2725	3
2726	0
2727	2
2728	0
2729	2
2730	3
2731	3
2732	0
2733	2
2734	0
2735	3
2736	3
2737	2
2738	2
2739	3
2740	3
2741	3
2742	3
2743	2
2744	2
2745	2
2746	0
2747	2
2748	3
2749	2
2750	0
2751	3
2752	2
2753	2
2754	3
2755	3
2756	2
2757	2
2758	0
2759	3
2760	3
2761	3
2762	2
2763	3
2764	3
2765	3
2766	3
2767	2
2768	0
2769	2
2770	2
2771	2
2772	0
2773	3
2774	0
2775	3
2776	0
2777	3
2778	2
2779	3
2780	0
2781	2
2782	0
2783	0
2784	3
2785	2
2786	2
2787	1
2788	3
2789	3
2790	0
2791	1
2792	3
2793	2
2794	3
2795	3
2796	0
2797	3
2798	3
2799	0
2800	1
2801	3
2802	2
2803	1
2804	2
2805	3
2806	2
2807	2
2808	2
2809	2
2810	2
2811	0
2812	3
2813	2
2814	3
2815	2
2816	3
2817	2
2818	2
2819	3
2820	1
2821	0
2822	3
2823	2
2824	3
2825	2
2826	2
2827	0
2828	0
2829	2
2830	3
2831	0
2832	3
2833	0
2834	2
2835	0
2836	2
2837	3
2838	2
2839	3
2840	3
2841	2
2842	3
2843	2
2844	0
2845	1
2846	2
2847	2
2848	2
2849	2
2850	3
2851	0
2852	2
2853	0
2854	3
2855	0
2856	3
2857	3
2858	3
2859	3
2860	2
2861	0
2862	3
2863	3
2864	3
2865	3
2866	3
2867	2
2868	2
2869	2
2870	1
2871	2
2872	3
2873	3
2874	3
2875	0
2876	2
2877	0
2878	3
2879	0
2880	3
2881	1
2882	2
2883	1
2884	3
2885	3
2886	2
2887	0
2888	2
2889	3
2890	2
2891	0
2892	2
2893	0
2894	3
2895	2
2896	2
2897	0
2898	2
2899	0
2900	1
2901	3
2902	0
2903	2
2904	0
2905	2
2906	2
2907	2
2908	2
2909	2
2910	2
2911	2
2912	3
2913	2
2914	2
2915	2
2916	2
2917	2
2918	3
2919	2
2920	2
2921	3
2922	3
2923	3
2924	0
2925	3
2926	3
2927	2
2928	3
2929	2
2930	2
2931	2
2932	2
2933	2
2934	2
2935	2
2936	3
2937	2
2938	3
2939	1
2940	0
2941	0
2942	2
2943	2
2944	3
2945	3
2946	3
2947	2
2948	0
2949	2
2950	1
2951	2
2952	3
2953	3
2954	2
2955	0
2956	0
2957	3
2958	0
2959	2
2960	3
2961	2
2962	3
2963	2
2964	0
2965	3
2966	2
2967	3
2968	2
2969	2
2970	2
2971	3
2972	0
2973	0
2974	2
2975	2
2976	3
2977	2
2978	2
2979	0
2980	0
2981	3
2982	2
2983	0
2984	0
2985	3
2986	2
2987	2
2988	3
2989	2
2990	0
2991	2
2992	3
2993	2
2994	2
2995	2
2996	0
2997	0
2998	0
2999	0
3000	3
3001	0
3002	0
3003	2
3004	3
3005	3
3006	2
3007	3
3008	3
3009	3
3010	3
3011	3
3012	2
3013	2
3014	1
3015	2
3016	3
3017	2
3018	3
3019	0
3020	2
3021	3
3022	3
3023	2
3024	3
3025	2
3026	3
3027	2
3028	0
3029	3
3030	0
3031	2
3032	0
3033	3
3034	3
3035	2
3036	3
3037	0
3038	3
3039	0
3040	2
3041	2
3042	2
3043	2
3044	2
3045	0
3046	3
3047	2
3048	3
3049	2
3050	3
3051	2
3052	0
3053	0
3054	1
3055	2
3056	3
3057	2
3058	3
3059	2
3060	0
3061	0
3062	3
3063	0
3064	3
3065	2
3066	3
3067	1
3068	3
3069	0
3070	1
3071	2
3072	1
3073	2
3074	3
3075	2
3076	1
3077	0
3078	3
3079	0
3080	2
3081	2
3082	3
3083	2
3084	3
3085	3
3086	3
3087	2
3088	2
3089	3
3090	3
3091	2
3092	2
3093	0
3094	2
3095	1
3096	2
3097	2
3098	2
3099	2
3100	3
3101	0
3102	2
3103	0
3104	2
3105	2
3106	3
3107	2
3108	2
3109	2
3110	3
3111	3
3112	2
3113	2
3114	3
3115	0
3116	3
3117	2
3118	2
3119	1
3120	2
3121	2
3122	3
3123	0
3124	2
3125	2
3126	3
3127	2
3128	0
3129	2
3130	2
3131	3
3132	2
3133	2
3134	3
3135	0
3136	0
3137	2
3138	0
3139	2
3140	0
3141	0
3142	3
3143	2
3144	2
3145	3
3146	3
3147	1
3148	0
3149	0
3150	0
3151	0
3152	2
3153	3
3154	3
3155	0
3156	3
3157	3
3158	0
3159	3
3160	0
3161	2
3162	3
3163	0
3164	3
3165	2
3166	2
3167	3
3168	2
3169	3
3170	2
3171	1
3172	3
3173	0
3174	3
3175	2
3176	2
3177	2
3178	3
3179	3
3180	1
3181	2
3182	0
3183	3
3184	2
3185	2
3186	3
3187	3
3188	2
3189	0
3190	3
3191	0
3192	2
3193	1
3194	1
3195	1
3196	2
3197	2
3198	3
3199	3
3200	0
3201	0
3202	0
3203	1
3204	2
3205	2
3206	0
3207	3
3208	3
3209	0
3210	0
3211	0
3212	3
3213	2
3214	1
3215	3
3216	2
3217	0
3218	0
3219	2
3220	2
3221	3
3222	0
3223	2
3224	0
3225	2
3226	0
3227	0
3228	2
3229	2
3230	3
3231	3
3232	0
3233	0
3234	0
3235	2
3236	2
3237	2
3238	0
3239	3
3240	3
3241	2
3242	0
3243	0
3244	0
3245	2
3246	1
3247	3
3248	2
3249	0
3250	0
3251	3
3252	3
3253	2
3254	0
3255	3
3256	3
3257	0
3258	0
3259	0
3260	0
3261	2
3262	0
3263	3
3264	3
3265	2
3266	1
3267	2
3268	3
3269	3
3270	3
3271	0
3272	1
3273	2
3274	2
3275	2
3276	2
3277	2
3278	0
3279	1
3280	2
3281	3
3282	3
3283	3
3284	2
3285	2
3286	3
3287	3
3288	0
3289	2
3290	0
3291	0
3292	1
3293	3
3294	0
3295	3
3296	2
3297	2
3298	3
3299	2
3300	2
3301	2
3302	2
3303	0
3304	3
3305	2
3306	0
3307	3
3308	3
3309	2
3310	1
3311	2
3312	0
3313	0
3314	3
3315	2
3316	3
3317	2
3318	2
3319	3
3320	2
3321	0
3322	2
3323	2
3324	3
3325	2
3326	0
3327	3
3328	3
3329	3
3330	2
3331	3
3332	3
3333	2
3334	2
3335	3
3336	3
3337	3
3338	2
3339	2
3340	0
3341	2
3342	2
3343	3
3344	2
3345	0
3346	3
3347	0
3348	2
3349	2
3350	2
3351	3
3352	2
3353	3
3354	3
3355	3
3356	3
3357	0
3358	2
3359	2
3360	3
3361	3
3362	3
3363	1
3364	0
3365	2
3366	1
3367	1
3368	3
3369	2
3370	2
3371	0
3372	3
3373	3
3374	0
3375	2
3376	2
3377	3
3378	3
3379	0
3380	2
3381	1
3382	3
3383	0
3384	2
3385	3
3386	2
3387	2
3388	3
3389	0
3390	2
3391	0
3392	2
3393	3
3394	2
3395	2
3396	0
3397	0
3398	3
3399	2
3400	2
3401	2
3402	3
3403	2
3404	0
3405	0
3406	3
3407	2
3408	2
3409	3
3410	3
3411	0
3412	2
3413	3
3414	0
3415	3
3416	2
3417	2
3418	1
3419	2
3420	2
3421	2
3422	1
3423	2
3424	2
3425	2
3426	3
3427	3
3428	2
3429	0
3430	2
3431	2
3432	3
3433	2
3434	1
3435	3
3436	3
3437	0
3438	3
3439	2
3440	0
3441	0
3442	3
3443	0
3444	0
3445	0
3446	0
3447	2
3448	2
3449	2
3450	3
3451	2
3452	0
3453	2
3454	0
3455	0
3456	1
3457	3
3458	2
3459	2
3460	3
3461	1
3462	2
3463	3
3464	3
3465	2
3466	3
3467	2
3468	3
3469	3
3470	2
3471	3
3472	1
3473	3
3474	3
3475	2
3476	3
3477	3
3478	3
3479	2
3480	2
3481	0
3482	3
3483	3
3484	0
3485	0
3486	3
3487	2
3488	3
3489	3
3490	0
3491	1
3492	2
3493	0
3494	2
3495	3
3496	2
3497	2
3498	3
3499	0
3500	0
3501	0
3502	3
3503	0
3504	2
3505	3
3506	3
3507	2
3508	3
3509	3
3510	2
3511	2
3512	0
3513	2
3514	0
3515	0
3516	0
3517	2
3518	3
3519	0
3520	2
3521	3
3522	3
3523	2
3524	3
3525	0
3526	3
3527	3
3528	2
3529	2
3530	3
3531	0
3532	3
3533	0
3534	1
3535	3
3536	3
3537	2
3538	3
3539	3
3540	0
3541	2
3542	0
3543	2
3544	3
3545	3
3546	0
3547	0
3548	3
3549	0
3550	0
3551	0
3552	2
3553	2
3554	3
3555	2
3556	3
3557	2
3558	1
3559	3
3560	0
3561	3
3562	3
3563	0
3564	3
3565	0
3566	1
3567	2
3568	0
3569	3
3570	3
3571	3
3572	2
3573	2
3574	2
3575	1
3576	2
3577	2
3578	3
3579	0
3580	0
3581	2
3582	0
3583	3
3584	0
3585	0
3586	3
3587	3
3588	3
3589	0
3590	1
3591	3
3592	0
3593	1
3594	2
3595	3
3596	2
3597	2
3598	1
3599	2
3600	0
3601	0
3602	2
3603	2
3604	0
3605	2
3606	3
3607	2
3608	0
3609	0
3610	0
3611	2
3612	3
3613	3
3614	3
3615	0
3616	2
3617	0
3618	3
3619	3
3620	2
3621	2
3622	0
3623	0
3624	0
3625	2
3626	2
3627	0
3628	0
3629	2
3630	0
3631	3
3632	0
3633	2
3634	3
3635	0
3636	0
3637	0
3638	3
3639	2
3640	0
3641	2
3642	0
3643	1
3644	2
3645	0
3646	0
3647	3
3648	0
3649	2
3650	2
3651	3
3652	3
3653	0
3654	3
3655	2
3656	0
3657	3
3658	2
3659	3
3660	0
3661	0
3662	2
3663	2
3664	1
3665	3
3666	2
3667	1
3668	0
3669	2
3670	3
3671	0
3672	3
3673	2
3674	0
3675	3
3676	3
3677	0
3678	3
3679	2
3680	2
3681	0
3682	0
3683	3
3684	2
3685	1
3686	2
3687	2
3688	0
3689	0
3690	2
3691	3
3692	1
3693	2
3694	2
3695	2
3696	0
3697	0
3698	0
3699	0
3700	0
3701	0
3702	3
3703	2
3704	3
3705	0
3706	0
3707	1
3708	3
3709	1
3710	3
3711	1
3712	0
3713	2
3714	3
3715	2
3716	2
3717	3
3718	3
3719	0
3720	0
3721	3
3722	2
3723	0
3724	0
3725	2
3726	3
3727	0
3728	3
3729	2
3730	0
3731	2
3732	2
3733	2
3734	3
3735	3
3736	3
3737	2
3738	2
3739	2
3740	2
3741	2
3742	3
3743	2
3744	3
3745	2
3746	0
3747	0
3748	0
3749	2
3750	3
3751	2
3752	2
3753	2
3754	0
3755	2
3756	0
3757	2
3758	3
3759	2
3760	0
3761	2
3762	2
3763	3
3764	0
3765	2
3766	3
3767	3
3768	0
3769	2
3770	2
3771	0
3772	0
3773	2
3774	1
3775	3
3776	0
3777	2
3778	3
3779	3
3780	0
3781	0
3782	3
3783	2
3784	0
3785	3
3786	2
3787	2
3788	0
3789	2
3790	3
3791	3
3792	2
3793	3
3794	2
3795	3
3796	1
3797	2
3798	3
3799	2
3800	3
3801	1
3802	2
3803	3
3804	0
3805	3
3806	2
3807	2
3808	3
3809	0
3810	0
3811	3
3812	0
3813	0
3814	3
3815	0
3816	3
3817	3
3818	0
3819	0
3820	0
3821	2
3822	2
3823	2
3824	0
3825	0
3826	2
3827	3
3828	2
3829	2
3830	3
3831	3
3832	3
3833	3
3834	2
3835	2
3836	2
3837	2
3838	3
3839	3
3840	0
3841	2
3842	2
3843	0
3844	2
3845	0
3846	3
3847	3
3848	1
3849	3
3850	2
3851	2
3852	3
3853	0
3854	0
3855	3
3856	3
3857	3
3858	2
3859	3
3860	2
3861	1
3862	0
3863	3
3864	0
3865	2
3866	3
3867	2
3868	3
3869	0
3870	0
3871	0
3872	3
3873	2
3874	2
3875	2
3876	0
3877	2
3878	0
3879	1
3880	2
3881	0
3882	3
3883	3
3884	0
3885	2
3886	0
3887	0
3888	3
3889	0
3890	3
3891	0
3892	3
3893	2
3894	0
3895	1
3896	3
3897	0
3898	3
3899	3
3900	3
3901	3
3902	2
3903	3
3904	3
3905	2
3906	2
3907	3
3908	2
3909	3
3910	2
3911	3
3912	3
3913	2
3914	2
3915	2
3916	2
3917	2
3918	3
3919	3
3920	2
3921	2
3922	2
3923	3
3924	0
3925	2
3926	3
3927	3
3928	3
3929	3
3930	2
3931	1
3932	0
3933	1
3934	0
3935	0
3936	2
3937	2
3938	2
3939	2
3940	2
3941	2
3942	2
3943	0
3944	0
3945	0
3946	2
3947	0
3948	3
3949	2
3950	1
3951	3
3952	0
3953	3
3954	2
3955	3
3956	0
3957	0
3958	3
3959	3
3960	0
3961	0
3962	2
3963	2
3964	2
3965	3
3966	0
3967	1
3968	3
3969	0
3970	3
3971	2
3972	3
3973	0
3974	3
3975	2
3976	3
3977	3
3978	3
3979	2
3980	1
3981	0
3982	0
3983	3
3984	0
3985	0
3986	3
3987	1
3988	0
3989	2
3990	2
3991	2
3992	3
3993	3
3994	2
3995	0
3996	3
3997	0
3998	3
3999	2
4000	3
4001	0
4002	0
4003	3
4004	0
4005	0
4006	1
4007	2
4008	2
4009	0
4010	2
4011	0
4012	2
4013	1
4014	0
4015	0
4016	0
4017	0
4018	0
4019	0
4020	3
4021	1
4022	1
4023	2
4024	2
4025	0
4026	3
4027	0
4028	3
4029	2
4030	1
4031	2
4032	3
4033	1
4034	2
4035	3
4036	3
4037	2
4038	2
4039	3
4040	3
4041	1
4042	2
4043	1
4044	3
4045	2
4046	3
4047	2
4048	3
4049	0
4050	2
4051	3
4052	0
4053	2
4054	3
4055	0
4056	3
4057	2
4058	3
4059	3
4060	0
4061	0
4062	2
4063	2
4064	3
4065	0
4066	2
4067	3
4068	3
4069	2
4070	2
4071	2
4072	0
4073	0
4074	3
4075	0
4076	3
4077	2
4078	1
4079	0
4080	3
4081	1
4082	2
4083	3
4084	3
4085	2
4086	0
4087	2
4088	3
4089	2
4090	3
4091	2
4092	3
4093	1
4094	0
4095	2
4096	3
4097	3
4098	3
4099	1
4100	0
4101	3
4102	3
4103	3
4104	2
4105	3
4106	0
4107	3
4108	0
4109	3
4110	3
4111	3
4112	2
4113	0
4114	2
4115	3
4116	2
4117	2
4118	2
4119	3
4120	3
4121	2
4122	2
4123	0
4124	0
4125	3
4126	3
4127	3
4128	3
4129	3
4130	0
4131	2
4132	2
4133	3
4134	3
4135	2
4136	1
4137	3
4138	2
4139	3
4140	3
4141	3
4142	0
4143	2
4144	2
4145	3
4146	2
4147	3
4148	0
4149	2
4150	3
4151	0
4152	3
4153	2
4154	2
4155	0
4156	1
4157	3
4158	3
4159	2
4160	2
4161	2
4162	3
4163	0
4164	3
4165	3
4166	3
4167	1
4168	2
4169	2
4170	0
4171	0
4172	0
4173	2
4174	0
4175	3
4176	2
4177	2
4178	2
4179	2
4180	3
4181	2
4182	3
4183	2
4184	2
4185	2
4186	2
4187	3
4188	3
4189	2
4190	3
4191	3
4192	2
4193	0
4194	0
4195	2
4196	3
4197	3
4198	2
4199	2
4200	0
4201	0
4202	2
4203	3
4204	0
4205	2
4206	3
4207	3
4208	3
4209	3
4210	3
4211	2
4212	0
4213	0
4214	2
4215	0
4216	0
4217	2
4218	3
4219	2
4220	2
4221	2
4222	3
4223	1
4224	3
4225	2
4226	3
4227	2
4228	3
4229	3
4230	3
4231	2
4232	2
4233	0
4234	0
4235	3
4236	2
4237	2
4238	3
4239	2
4240	2
4241	2
4242	0
4243	2
4244	2
4245	2
4246	2
4247	2
4248	2
4249	3
4250	2
4251	3
4252	0
4253	3
4254	2
4255	3
4256	3
4257	3
4258	2
4259	3
4260	0
4261	2
4262	2
4263	3
4264	1
4265	3
4266	2
4267	3
4268	3
4269	1
4270	3
4271	2
4272	3
4273	2
4274	0
4275	3
4276	0
4277	3
4278	2
4279	2
4280	0
4281	3
4282	3
4283	3
4284	2
4285	3
4286	3
4287	1
4288	0
4289	2
4290	3
4291	3
4292	2
4293	2
4294	3
4295	2
4296	3
4297	3
4298	3
4299	3
4300	3
4301	0
4302	3
4303	2
4304	2
4305	2
4306	3
4307	3
4308	3
4309	0
4310	3
4311	0
4312	2
4313	3
4314	2
4315	2
4316	3
4317	3
4318	3
4319	2
4320	2
4321	3
4322	2
4323	3
4324	3
4325	2
4326	3
4327	2
4328	2
4329	3
4330	3
4331	0
4332	3
4333	2
4334	3
4335	3
4336	2
4337	2
4338	1
4339	3
4340	3
4341	2
4342	2
4343	2
4344	2
4345	0
4346	3
4347	2
4348	3
4349	2
4350	2
4351	2
4352	3
4353	3
4354	2
4355	2
4356	2
4357	2
4358	3
4359	2
4360	3
4361	2
4362	1
4363	3
4364	2
4365	1
4366	3
4367	3
4368	2
4369	3
4370	1
4371	3
4372	3
4373	3
4374	0
4375	3
4376	3
4377	2
4378	2
4379	2
4380	3
4381	2
4382	0
4383	3
4384	3
4385	3
4386	1
4387	2
4388	2
4389	3
4390	2
4391	3
4392	3
4393	3
4394	1
4395	0
4396	3
4397	2
4398	3
4399	3
4400	3
4401	3
4402	2
4403	0
4404	3
4405	2
4406	3
4407	2
4408	3
4409	3
4410	1
4411	3
4412	0
4413	3
4414	0
4415	2
4416	3
4417	2
4418	1
4419	3
4420	2
4421	3
4422	3
4423	3
4424	3
4425	1
4426	0
4427	3
4428	2
4429	3
4430	3
4431	3
4432	2
4433	1
4434	1
4435	3
4436	2
4437	0
4438	3
4439	2
4440	0
4441	3
4442	2
4443	1
4444	2
4445	1
4446	3
4447	2
4448	2
4449	3
4450	3
4451	2
4452	2
4453	3
4454	2
4455	3
4456	2
4457	3
4458	2
4459	2
4460	3
4461	3
4462	3
4463	3
4464	3
4465	3
4466	0
4467	2
4468	3
4469	0
4470	1
4471	3
4472	2
4473	3
4474	2
4475	3
4476	3
4477	3
4478	3
4479	2
4480	2
4481	3
4482	0
4483	3
4484	2
4485	3
4486	2
4487	2
4488	3
4489	2
4490	1
4491	2
4492	2
4493	2
4494	3
4495	3
4496	3
4497	3
4498	2
4499	3
4500	3
4501	0
4502	2
4503	2
4504	2
4505	1
4506	2
4507	2
4508	2
4509	2
4510	3
4511	3
4512	3
4513	2
4514	3
4515	2
4516	3
4517	3
4518	2
4519	3
4520	2
4521	2
4522	2
4523	0
4524	3
4525	1
4526	1
4527	3
4528	3
4529	1
4530	2
4531	2
4532	2
4533	3
4534	3
4535	1
4536	2
4537	3
4538	3
4539	1
4540	2
4541	2
4542	3
4543	2
4544	3
4545	2
4546	0
4547	3
4548	2
4549	2
4550	2
4551	0
4552	2
4553	2
4554	2
4555	3
4556	0
4557	0
4558	0
4559	2
4560	3
4561	0
4562	3
4563	3
4564	0
4565	0
4566	3
4567	3
4568	2
4569	3
4570	0
4571	3
4572	2
4573	0
4574	0
4575	2
4576	3
4577	0
4578	3
4579	2
4580	3
4581	2
4582	3
4583	2
4584	3
4585	3
4586	2
4587	1
4588	3
4589	0
4590	3
4591	3
4592	3
4593	2
4594	1
4595	2
4596	3
4597	3
4598	2
4599	2
4600	2
4601	3
4602	0
4603	0
4604	2
4605	3
4606	3
4607	2
4608	3
4609	1
4610	3
4611	3
4612	2
4613	0
4614	2
4615	2
4616	2
4617	3
4618	3
4619	0
4620	0
4621	0
4622	2
4623	2
4624	3
4625	2
4626	1
4627	0
4628	1
4629	3
4630	2
4631	2
4632	3
4633	2
4634	2
4635	2
4636	2
4637	2
4638	2
4639	3
4640	3
4641	2
4642	1
4643	2
4644	3
4645	1
4646	2
4647	2
4648	3
4649	2
4650	0
4651	2
4652	2
4653	0
4654	3
4655	2
4656	3
4657	3
4658	3
4659	2
4660	2
4661	3
4662	3
4663	2
4664	3
4665	3
4666	3
4667	2
4668	2
4669	3
4670	2
4671	3
4672	3
4673	3
4674	2
4675	2
4676	2
4677	3
4678	2
4679	2
4680	3
4681	2
4682	1
4683	2
4684	3
4685	3
4686	2
4687	3
4688	3
4689	3
4690	2
4691	0
4692	0
4693	2
4694	3
4695	3
4696	3
4697	3
4698	2
4699	0
4700	3
4701	2
4702	2
4703	2
4704	3
4705	2
4706	2
4707	0
4708	2
4709	0
4710	2
4711	2
4712	3
4713	3
4714	2
4715	2
4716	2
4717	3
4718	2
4719	2
4720	3
4721	1
4722	2
4723	2
4724	0
4725	2
4726	2
4727	3
4728	3
4729	2
4730	2
4731	0
4732	2
4733	2
4734	2
4735	2
4736	3
4737	3
4738	3
4739	2
4740	2
4741	0
4742	3
4743	2
4744	3
4745	3
4746	3
4747	2
4748	0
4749	3
4750	2
4751	2
4752	2
4753	3
4754	2
4755	2
4756	0
4757	2
4758	3
4759	3
4760	3
4761	2
4762	2
4763	2
4764	3
4765	3
4766	0
4767	2
4768	3
4769	2
4770	3
4771	2
4772	2
4773	3
4774	2
4775	2
4776	3
4777	1
4778	2
4779	2
4780	2
4781	1
4782	2
4783	3
4784	3
4785	2
4786	0
4787	3
4788	1
4789	3
4790	2
4791	2
4792	3
4793	2
4794	1
4795	3
4796	3
4797	2
4798	2
4799	2
4800	3
4801	2
4802	3
4803	2
4804	3
4805	2
4806	3
4807	0
4808	2
4809	2
4810	1
4811	2
4812	2
4813	2
4814	2
4815	3
4816	2
4817	3
4818	0
4819	3
4820	3
4821	2
4822	2
4823	0
4824	2
4825	0
4826	2
4827	2
4828	1
4829	0
4830	3
4831	2
4832	2
4833	2
4834	0
4835	2
4836	3
4837	2
4838	3
4839	2
4840	1
4841	2
4842	2
4843	0
4844	3
4845	2
4846	2
4847	1
4848	2
4849	3
4850	0
4851	2
4852	2
4853	2
4854	2
4855	3
4856	3
4857	1
4858	0
4859	2
4860	0
4861	0
4862	3
4863	3
4864	3
4865	3
4866	3
4867	2
4868	0
4869	2
4870	2
4871	3
4872	0
4873	1
4874	0
4875	3
4876	0
4877	2
4878	2
4879	3
4880	3
4881	2
4882	3
4883	0
4884	2
4885	2
4886	3
4887	2
4888	3
4889	3
4890	3
4891	2
4892	1
4893	2
4894	2
4895	3
4896	2
4897	3
4898	3
4899	1
4900	2
4901	3
4902	2
4903	2
4904	2
4905	3
4906	0
4907	2
4908	3
4909	3
4910	2
4911	0
4912	3
4913	3
4914	3
4915	3
4916	3
4917	3
4918	2
4919	3
4920	3
4921	3
4922	0
4923	2
4924	3
4925	2
4926	3
4927	2
4928	3
4929	2
4930	0
4931	3
4932	2
4933	0
4934	2
4935	2
4936	2
4937	0
4938	3
4939	3
4940	3
4941	2
4942	2
4943	2
4944	1
4945	3
4946	3
4947	0
4948	2
4949	3
4950	2
4951	3
4952	2
4953	2
4954	2
4955	2
4956	2
4957	2
4958	3
4959	3
4960	1
4961	2
4962	3
4963	2
4964	1
4965	2
4966	0
4967	2
4968	2
4969	3
4970	1
4971	3
4972	2
4973	0
4974	2
4975	2
4976	3
4977	2
4978	2
4979	3
4980	2
4981	2
4982	3
4983	2
4984	3
4985	2
4986	3
4987	2
4988	2
4989	0
4990	3
4991	2
4992	3
4993	2
4994	2
4995	0
4996	3
4997	0
4998	2
4999	3
5000	3
5001	3
5002	3
5003	2
5004	3
5005	0
5006	2
5007	3
5008	3
5009	3
5010	3
5011	3
5012	3
5013	0
5014	2
5015	0
5016	3
5017	2
5018	2
5019	0
5020	3
5021	0
5022	2
5023	0
5024	3
5025	2
5026	2
5027	0
5028	3
5029	0
5030	2
5031	3
5032	3
5033	3
5034	3
5035	0
5036	0
5037	0
5038	1
5039	3
5040	2
5041	2
5042	3
5043	3
5044	3
5045	0
5046	2
5047	1
5048	3
5049	3
5050	3
5051	3
5052	2
5053	0
5054	3
5055	1
5056	3
5057	2
5058	3
5059	3
5060	2
5061	0
5062	3
5063	3
5064	3
5065	3
5066	3
5067	3
5068	3
5069	3
5070	3
5071	2
5072	3
5073	3
5074	3
5075	3
5076	2
5077	2
5078	2
5079	0
5080	3
5081	2
5082	3
5083	1
5084	2
5085	3
5086	3
5087	3
5088	2
5089	0
5090	3
5091	0
5092	0
5093	1
5094	3
5095	2
5096	3
5097	2
5098	3
5099	2
5100	1
5101	3
5102	2
5103	2
5104	0
5105	1
5106	3
5107	1
5108	3
5109	3
5110	2
5111	3
5112	3
5113	3
5114	3
5115	2
5116	3
5117	1
5118	3
5119	3
5120	0
5121	3
5122	3
5123	2
5124	2
5125	3
5126	2
5127	2
5128	0
5129	2
5130	2
5131	3
5132	2
5133	0
5134	2
5135	0
5136	2
5137	3
5138	3
5139	0
5140	2
5141	3
5142	2
5143	0
5144	3
5145	3
5146	3
5147	3
5148	2
5149	3
5150	2
5151	2
5152	1
5153	2
5154	2
5155	0
5156	2
5157	3
5158	3
5159	1
5160	2
5161	3
5162	2
5163	0
5164	3
5165	0
5166	2
5167	0
5168	2
5169	2
5170	3
5171	0
5172	2
5173	3
5174	2
5175	1
5176	2
5177	3
5178	2
5179	1
5180	2
5181	0
5182	2
5183	2
5184	0
5185	1
5186	3
5187	2
5188	2
5189	2
5190	2
5191	3
5192	3
5193	3
5194	2
5195	2
5196	2
5197	3
5198	0
5199	2
5200	2
5201	3
5202	2
5203	3
5204	0
5205	3
5206	3
5207	2
5208	2
5209	2
5210	2
5211	2
5212	0
5213	1
5214	3
5215	0
5216	2
5217	3
5218	2
5219	2
5220	3
5221	0
5222	2
5223	3
5224	0
5225	2
5226	3
5227	2
5228	0
5229	0
5230	2
5231	0
5232	3
5233	3
5234	3
5235	0
5236	3
5237	0
5238	2
5239	3
5240	3
5241	3
5242	2
5243	2
5244	2
5245	0
5246	2
5247	2
5248	3
5249	2
5250	2
5251	2
5252	2
5253	3
5254	1
5255	2
5256	2
5257	3
5258	0
5259	2
5260	2
5261	2
5262	3
5263	2
5264	2
5265	2
5266	2
5267	0
5268	0
5269	3
5270	2
5271	2
5272	2
5273	2
5274	3
5275	3
5276	0
5277	3
5278	3
5279	2
5280	3
5281	2
5282	0
5283	0
5284	2
5285	2
5286	1
5287	2
5288	3
5289	2
5290	0
5291	0
5292	1
5293	2
5294	0
5295	2
5296	3
5297	2
5298	2
5299	0
5300	0
5301	2
5302	0
5303	2
5304	1
5305	3
5306	2
5307	2
5308	2
5309	2
5310	0
5311	2
5312	3
5313	2
5314	1
5315	2
5316	2
5317	2
5318	3
5319	2
5320	2
5321	0
5322	1
5323	2
5324	3
5325	2
5326	2
5327	2
5328	3
5329	2
5330	2
5331	0
5332	0
5333	2
5334	3
5335	2
5336	3
5337	2
5338	0
5339	2
5340	2
5341	2
5342	0
5343	2
5344	3
5345	2
5346	0
5347	2
5348	2
5349	2
5350	1
5351	2
5352	3
5353	3
5354	0
5355	2
5356	2
5357	2
5358	2
5359	2
5360	3
5361	2
5362	2
5363	2
5364	1
5365	2
5366	2
5367	2
5368	2
5369	1
5370	3
5371	2
5372	3
5373	2
5374	3
5375	3
5376	3
5377	2
5378	2
5379	3
5380	2
5381	2
5382	1
5383	0
5384	3
5385	2
5386	2
5387	3
5388	2
5389	0
5390	2
5391	2
5392	3
5393	2
5394	3
5395	2
5396	3
5397	2
5398	0
5399	2
5400	3
5401	2
5402	3
5403	2
5404	0
5405	2
5406	1
5407	2
5408	3
5409	2
5410	2
5411	2
5412	2
5413	2
5414	1
5415	2
5416	0
5417	2
5418	3
5419	2
5420	3
5421	2
5422	0
5423	2
5424	3
5425	3
5426	0
5427	3
5428	3
5429	3
5430	0
5431	2
5432	3
5433	3
5434	3
5435	2
5436	2
5437	3
5438	3
5439	0
5440	2
5441	2
5442	0
5443	0
5444	0
5445	3
5446	3
5447	0
5448	0
5449	2
5450	2
5451	0
5452	0
5453	2
5454	3
5455	2
5456	3
5457	3
5458	2
5459	2
5460	3
5461	2
5462	3
5463	2
5464	2
5465	3
5466	2
5467	3
5468	0
5469	2
5470	3
5471	2
5472	2
5473	2
5474	3
5475	2
5476	0
5477	0
5478	3
5479	3
5480	0
5481	3
5482	1
5483	0
5484	2
5485	3
5486	3
5487	2
5488	3
5489	3
5490	2
5491	0
5492	2
5493	0
5494	3
5495	2
5496	0
5497	3
5498	2
5499	3
5500	3
5501	0
5502	2
5503	2
5504	0
5505	0
5506	2
5507	0
5508	0
5509	3
5510	2
5511	2
5512	2
5513	3
5514	2
5515	0
5516	2
5517	2
5518	3
5519	3
5520	3
5521	2
5522	3
5523	3
5524	0
5525	2
5526	2
5527	3
5528	3
5529	2
5530	3
5531	0
5532	2
5533	2
5534	3
5535	2
5536	3
5537	3
5538	3
5539	2
5540	3
5541	3
5542	3
5543	1
5544	3
5545	3
5546	3
5547	2
5548	3
5549	1
5550	0
5551	2
5552	3
5553	0
5554	2
5555	3
5556	2
5557	1
5558	3
5559	3
5560	2
5561	3
5562	2
5563	2
5564	2
5565	0
5566	3
5567	0
5568	2
5569	2
5570	2
5571	2
5572	2
5573	3
5574	3
5575	0
5576	3
5577	3
5578	3
5579	3
5580	3
5581	2
5582	3
5583	2
5584	2
5585	1
5586	2
5587	2
5588	3
5589	2
5590	3
5591	2
5592	2
5593	0
5594	0
5595	2
5596	2
5597	3
5598	2
5599	3
5600	3
5601	2
5602	0
5603	2
5604	2
5605	2
5606	0
5607	2
5608	2
5609	3
5610	2
5611	0
5612	3
5613	2
5614	0
5615	1
5616	3
5617	2
5618	3
5619	3
5620	2
5621	2
5622	3
5623	3
5624	0
5625	1
5626	0
5627	2
5628	2
5629	2
5630	3
5631	2
5632	3
5633	2
5634	3
5635	2
5636	2
5637	3
5638	3
5639	2
5640	3
5641	2
5642	2
5643	3
5644	1
5645	3
5646	0
5647	1
5648	2
5649	3
5650	2
5651	3
5652	2
5653	0
5654	2
5655	0
5656	0
5657	2
5658	2
5659	3
5660	2
5661	3
5662	3
5663	2
5664	3
5665	2
5666	2
5667	3
5668	3
5669	2
5670	2
5671	2
5672	3
5673	3
5674	2
5675	0
5676	2
5677	2
5678	0
5679	0
5680	0
5681	3
5682	2
5683	3
5684	0
5685	2
5686	2
5687	2
5688	3
5689	3
5690	2
5691	2
5692	2
5693	2
5694	3
5695	2
5696	2
5697	2
5698	3
5699	1
5700	2
5701	3
5702	2
5703	1
5704	2
5705	3
5706	2
5707	1
5708	3
5709	2
5710	3
5711	0
5712	2
5713	3
5714	3
5715	3
5716	2
5717	2
5718	2
5719	0
5720	3
5721	3
5722	3
5723	1
5724	2
5725	2
5726	2
5727	2
5728	3
5729	3
5730	3
5731	3
5732	2
5733	3
5734	2
5735	3
5736	3
5737	3
5738	2
5739	2
5740	2
5741	3
5742	2
5743	0
5744	3
5745	2
5746	3
5747	3
5748	2
5749	2
5750	2
5751	2
5752	2
5753	2
5754	1
5755	0
5756	0
5757	3
5758	3
5759	3
5760	3
5761	2
5762	2
5763	2
5764	3
5765	2
5766	2
5767	0
5768	2
5769	3
5770	0
5771	0
5772	2
5773	2
5774	2
5775	2
5776	1
5777	2
5778	0
5779	2
5780	2
5781	2
5782	3
5783	2
5784	2
5785	2
5786	2
5787	2
5788	3
5789	3
5790	3
5791	2
5792	3
5793	2
5794	3
5795	0
5796	2
5797	0
5798	1
5799	0
5800	3
5801	2
5802	2
5803	1
5804	1
5805	2
5806	2
5807	0
5808	3
5809	2
5810	2
5811	3
5812	3
5813	3
5814	3
5815	2
5816	3
5817	2
5818	2
5819	0
5820	3
5821	1
5822	3
5823	0
5824	3
5825	2
5826	2
5827	3
5828	3
5829	3
5830	3
5831	0
5832	3
5833	0
5834	3
5835	3
5836	0
5837	2
5838	3
5839	2
5840	3
5841	3
5842	2
5843	3
5844	3
5845	2
5846	3
5847	0
5848	3
5849	0
5850	2
5851	2
5852	2
5853	2
5854	2
5855	2
5856	3
5857	2
5858	0
5859	0
5860	2
5861	2
5862	0
5863	2
5864	3
5865	2
5866	2
5867	3
5868	2
5869	0
5870	2
5871	0
5872	0
5873	1
5874	2
5875	3
5876	3
5877	3
5878	3
5879	2
5880	3
5881	0
5882	2
5883	2
5884	0
5885	2
5886	3
5887	0
5888	3
5889	3
5890	3
5891	3
5892	0
5893	2
5894	3
5895	2
5896	2
5897	3
5898	2
5899	3
5900	0
5901	2
5902	3
5903	3
5904	2
5905	3
5906	3
5907	3
5908	1
5909	3
5910	1
5911	0
5912	3
5913	0
5914	3
5915	0
5916	0
5917	2
5918	3
5919	3
5920	3
5921	3
5922	3
5923	0
5924	0
5925	3
5926	2
5927	0
5928	2
5929	1
5930	3
5931	0
5932	3
5933	3
5934	1
5935	3
5936	2
5937	3
5938	1
5939	3
5940	1
5941	2
5942	2
5943	1
5944	2
5945	0
5946	3
5947	3
5948	2
5949	3
5950	2
5951	0
5952	0
5953	3
5954	0
5955	3
5956	0
5957	1
5958	0
5959	0
5960	2
5961	3
5962	2
5963	2
5964	3
5965	2
5966	0
5967	2
5968	2
5969	3
5970	3
5971	3
5972	0
5973	3
5974	1
5975	2
5976	2
5977	3
5978	3
5979	2
5980	3
5981	3
5982	3
5983	3
5984	3
5985	2
5986	3
5987	2
5988	3
5989	3
5990	1
5991	3
5992	3
5993	2
5994	3
5995	3
5996	3
5997	2
5998	3
5999	0
6000	1
6001	2
6002	3
6003	3
6004	3
6005	3
6006	2
6007	2
6008	2
6009	0
6010	2
6011	2
6012	3
6013	2
6014	2
6015	3
6016	3
6017	2
6018	2
6019	2
6020	2
6021	2
6022	2
6023	3
6024	0
6025	2
6026	3
6027	2
6028	2
6029	2
6030	2
6031	0
6032	2
6033	2
6034	3
6035	2
6036	2
6037	2
6038	3
6039	3
6040	2
6041	2
6042	3
6043	3
6044	3
6045	2
6046	3
6047	1
6048	2
6049	3
6050	2
6051	0
6052	3
6053	2
6054	2
6055	0
6056	2
6057	3
6058	3
6059	2
6060	3
6061	3
6062	0
6063	0
6064	3
6065	3
6066	3
6067	3
6068	2
6069	2
6070	3
6071	0
6072	3
6073	3
6074	2
6075	2
6076	2
6077	2
6078	2
6079	0
6080	3
6081	2
6082	0
6083	3
6084	2
6085	3
6086	2
6087	0
6088	3
6089	2
6090	2
6091	3
6092	3
6093	0
6094	2
6095	0
6096	3
6097	3
6098	2
6099	3
6100	2
6101	3
6102	3
6103	2
6104	3
6105	3
6106	3
6107	2
6108	3
6109	3
6110	2
6111	2
6112	3
6113	3
6114	0
6115	1
6116	3
6117	3
6118	2
6119	2
6120	1
6121	3
6122	3
6123	1
6124	1
6125	2
6126	3
6127	2
6128	0
6129	2
6130	3
6131	3
6132	2
6133	3
6134	2
6135	3
6136	3
6137	2
6138	3
6139	2
6140	3
6141	2
6142	2
6143	0
6144	3
6145	2
6146	0
6147	2
6148	2
6149	0
6150	3
6151	0
6152	3
6153	2
6154	3
6155	3
6156	0
6157	2
6158	2
6159	0
6160	2
6161	3
6162	3
6163	2
6164	0
6165	0
6166	3
6167	0
6168	3
6169	2
6170	2
6171	1
6172	0
6173	2
6174	3
6175	3
6176	3
6177	3
6178	3
6179	2
6180	2
6181	0
6182	2
6183	3
6184	3
6185	3
6186	3
6187	3
6188	0
6189	3
6190	3
6191	1
6192	3
6193	3
6194	3
6195	3
6196	0
6197	2
6198	2
6199	2
6200	3
6201	0
6202	0
6203	0
6204	2
6205	2
6206	2
6207	3
6208	3
6209	0
6210	0
6211	1
6212	0
6213	0
6214	1
6215	3
6216	2
6217	0
6218	0
6219	0
6220	0
6221	0
6222	2
6223	0
6224	2
6225	2
6226	0
6227	3
6228	0
6229	0
6230	2
6231	3
6232	2
6233	3
6234	0
6235	2
6236	0
6237	3
6238	3
6239	3
6240	2
6241	2
6242	3
6243	1
6244	0
6245	2
6246	2
6247	3
6248	2
6249	3
6250	3
6251	3
6252	0
6253	0
6254	3
6255	2
6256	2
6257	3
6258	3
6259	2
6260	0
6261	0
6262	1
6263	3
6264	2
6265	0
6266	2
6267	3
6268	0
6269	0
6270	3
6271	3
6272	3
6273	0
6274	0
6275	0
6276	3
6277	2
6278	1
6279	2
6280	3
6281	2
6282	2
6283	3
6284	3
6285	0
6286	2
6287	3
6288	2
6289	3
6290	2
6291	0
6292	2
6293	0
6294	2
6295	3
6296	2
6297	2
6298	2
6299	0
6300	2
6301	2
6302	0
6303	3
6304	3
6305	2
6306	0
6307	0
6308	3
6309	2
6310	2
6311	3
6312	3
6313	2
6314	3
6315	0
6316	2
6317	0
6318	2
6319	2
6320	3
6321	2
6322	3
6323	0
6324	0
6325	0
6326	3
6327	3
6328	3
6329	2
6330	2
6331	2
6332	2
6333	0
6334	3
6335	2
6336	3
6337	2
6338	0
6339	3
6340	2
6341	0
6342	3
6343	3
6344	3
6345	3
6346	0
6347	3
6348	3
6349	0
6350	2
6351	2
6352	3
6353	2
6354	0
6355	0
6356	0
6357	0
6358	0
6359	2
6360	3
6361	3
6362	2
6363	0
6364	2
6365	0
6366	2
6367	3
6368	2
6369	2
6370	3
6371	2
6372	0
6373	0
6374	2
6375	2
6376	0
6377	3
6378	2
6379	2
6380	0
6381	0
6382	2
6383	2
6384	3
6385	3
6386	3
6387	1
6388	2
6389	0
6390	2
6391	2
6392	3
6393	0
6394	2
6395	2
6396	3
6397	0
6398	2
6399	3
6400	2
6401	2
6402	2
6403	3
6404	3
6405	0
6406	3
6407	2
6408	3
6409	2
6410	0
6411	2
6412	2
6413	2
6414	1
6415	1
6416	2
6417	0
6418	2
6419	2
6420	3
6421	0
6422	3
6423	0
6424	3
6425	2
6426	2
6427	3
6428	2
6429	2
6430	2
6431	3
6432	2
6433	3
6434	3
6435	3
6436	3
6437	0
6438	3
6439	3
6440	3
6441	2
6442	2
6443	2
6444	3
6445	1
6446	2
6447	0
6448	1
6449	3
6450	2
6451	2
6452	2
6453	2
6454	3
6455	3
6456	3
6457	3
6458	3
6459	3
6460	1
6461	2
6462	3
6463	3
6464	3
6465	3
6466	2
6467	2
6468	2
6469	2
6470	3
6471	3
6472	2
6473	3
6474	2
6475	2
6476	2
6477	2
6478	0
6479	3
6480	0
6481	2
6482	2
6483	3
6484	0
6485	0
6486	2
6487	3
6488	2
6489	2
6490	2
6491	2
6492	2
6493	0
6494	0
6495	0
6496	2
6497	2
6498	3
6499	2
6500	3
6501	0
6502	1
6503	2
6504	3
6505	3
6506	3
6507	0
6508	2
6509	2
6510	2
6511	2
6512	1
6513	0
6514	2
6515	3
6516	3
6517	2
6518	2
6519	3
6520	2
6521	0
6522	2
6523	0
6524	2
6525	3
6526	2
6527	3
6528	3
6529	3
6530	2
6531	3
6532	2
6533	3
6534	1
6535	2
6536	3
6537	2
6538	1
6539	2
6540	2
6541	1
6542	3
6543	2
6544	2
6545	2
6546	2
6547	3
6548	0
6549	3
6550	3
6551	3
6552	2
6553	2
6554	2
6555	2
6556	1
6557	0
6558	2
6559	3
6560	0
6561	0
6562	2
6563	3
6564	2
6565	0
6566	0
6567	3
6568	3
6569	2
6570	2
6571	2
6572	3
6573	2
6574	0
6575	0
6576	0
6577	2
6578	2
6579	2
6580	2
6581	2
6582	0
6583	2
6584	2
6585	2
6586	2
6587	2
6588	3
6589	2
6590	1
6591	2
6592	3
6593	2
6594	1
6595	3
6596	0
6597	2
6598	2
6599	0
6600	3
6601	2
6602	0
6603	0
6604	0
6605	0
6606	3
6607	0
6608	3
6609	2
6610	3
6611	0
6612	2
6613	0
6614	3
6615	3
6616	3
6617	2
6618	2
6619	3
6620	0
6621	0
6622	3
6623	1
6624	1
6625	3
6626	2
6627	2
6628	2
6629	2
6630	2
6631	3
6632	3
6633	2
6634	2
6635	2
6636	2
6637	0
6638	2
6639	3
6640	2
6641	2
6642	2
6643	2
6644	3
6645	2
6646	0
6647	2
6648	1
6649	2
6650	3
6651	2
6652	2
6653	0
6654	2
6655	2
6656	3
6657	1
6658	3
6659	1
6660	2
6661	3
6662	3
6663	2
6664	2
6665	3
6666	2
6667	2
6668	0
6669	2
6670	2
6671	0
6672	2
6673	1
6674	2
6675	0
6676	3
6677	3
6678	0
6679	2
6680	3
6681	2
6682	3
6683	3
6684	2
6685	0
6686	1
6687	3
6688	0
6689	2
6690	3
6691	0
6692	2
6693	2
6694	0
6695	3
6696	3
6697	0
6698	3
6699	2
6700	2
6701	3
6702	0
6703	3
6704	3
6705	3
6706	3
6707	0
6708	0
6709	2
6710	2
6711	3
6712	3
6713	3
6714	0
6715	2
6716	2
6717	2
6718	2
6719	3
6720	3
6721	2
6722	3
6723	2
6724	3
6725	3
6726	0
6727	3
6728	3
6729	0
6730	3
6731	3
6732	2
6733	3
6734	2
6735	2
6736	3
6737	2
6738	3
6739	3
6740	2
6741	3
6742	2
6743	0
6744	2
6745	2
6746	3
6747	2
6748	0
6749	2
6750	1
6751	0
6752	2
6753	3
6754	1
6755	1
6756	2
6757	2
6758	2
6759	3
6760	3
6761	0
6762	3
6763	2
6764	2
6765	3
6766	2
6767	2
6768	2
6769	0
6770	3
6771	3
6772	2
6773	1
6774	2
6775	3
6776	2
6777	1
6778	2
6779	2
6780	3
6781	2
6782	0
6783	3
6784	2
6785	2
6786	0
6787	3
6788	2
6789	1
6790	2
6791	3
6792	0
6793	2
6794	2
6795	3
6796	2
6797	2
6798	1
6799	3
6800	3
6801	2
6802	3
6803	3
6804	2
6805	3
6806	2
6807	3
6808	0
6809	2
6810	3
6811	3
6812	2
6813	3
6814	3
6815	3
6816	0
6817	2
6818	3
6819	3
6820	3
6821	3
6822	2
6823	3
6824	3
6825	2
6826	3
6827	2
6828	2
6829	3
6830	2
6831	3
6832	3
6833	2
6834	2
6835	3
6836	2
6837	2
6838	2
6839	2
6840	3
6841	0
6842	3
6843	2
6844	3
6845	3
6846	3
6847	3
6848	3
6849	3
6850	3
6851	3
6852	2
6853	0
6854	2
6855	3
6856	3
6857	2
6858	2
6859	3
6860	0
6861	1
6862	3
6863	1
6864	2
6865	3
6866	3
6867	3
6868	1
6869	3
6870	3
6871	2
6872	3
6873	2
6874	1
6875	0
6876	3
6877	0
6878	3
6879	2
6880	1
6881	0
6882	3
6883	3
6884	3
6885	2
6886	2
6887	0
6888	2
6889	3
6890	3
6891	3
6892	0
6893	2
6894	3
6895	0
6896	3
6897	2
6898	2
6899	0
6900	3
6901	0
6902	1
6903	0
6904	3
6905	1
6906	2
6907	3
6908	3
6909	1
6910	2
6911	3
6912	2
6913	3
6914	2
6915	3
6916	2
6917	2
6918	1
6919	2
6920	2
6921	3
6922	0
6923	3
6924	0
6925	1
6926	3
6927	3
6928	3
6929	2
6930	1
6931	0
6932	3
6933	2
6934	3
6935	2
6936	3
6937	3
6938	3
6939	2
6940	2
6941	2
6942	3
6943	3
6944	2
6945	1
6946	2
6947	2
6948	3
6949	3
6950	1
6951	1
6952	2
6953	1
6954	3
6955	2
6956	0
6957	2
6958	1
6959	2
6960	0
6961	2
6962	3
6963	0
6964	2
6965	2
6966	0
6967	0
6968	3
6969	2
6970	2
6971	2
6972	1
6973	1
6974	3
6975	0
6976	2
6977	2
6978	0
6979	2
6980	3
6981	2
6982	2
6983	3
6984	2
6985	3
6986	0
6987	2
6988	3
6989	2
6990	1
6991	2
6992	0
6993	2
6994	2
6995	2
6996	2
6997	0
6998	3
6999	1
7000	3
7001	2
7002	2
7003	2
7004	0
7005	1
7006	2
7007	1
7008	2
7009	2
7010	2
7011	0
7012	2
7013	3
7014	2
7015	3
7016	3
7017	2
7018	2
7019	0
7020	2
7021	3
7022	2
7023	3
7024	2
7025	3
7026	2
7027	0
7028	3
7029	2
7030	2
7031	3
7032	2
7033	2
7034	3
7035	0
7036	2
7037	0
7038	2
7039	1
7040	3
7041	3
7042	3
7043	2
7044	2
7045	2
7046	2
7047	3
7048	2
7049	2
7050	2
7051	2
7052	0
7053	0
7054	2
7055	3
7056	3
7057	0
7058	3
7059	2
7060	0
7061	2
7062	2
7063	2
7064	3
7065	2
7066	2
7067	2
7068	3
7069	1
7070	0
7071	3
7072	2
7073	2
7074	2
7075	0
7076	3
7077	2
7078	0
7079	2
7080	3
7081	0
7082	3
7083	2
7084	0
7085	2
7086	2
7087	3
7088	3
7089	0
7090	2
7091	2
7092	0
7093	2
7094	3
7095	3
7096	3
7097	2
7098	0
7099	1
7100	2
7101	2
7102	0
7103	2
7104	2
7105	2
7106	3
7107	3
7108	2
7109	3
7110	2
7111	3
7112	3
7113	2
7114	1
7115	3
7116	0
7117	2
7118	3
7119	3
7120	3
7121	2
7122	3
7123	2
7124	2
7125	2
7126	3
7127	2
7128	3
7129	2
7130	1
7131	3
7132	2
7133	0
7134	2
7135	3
7136	2
7137	0
7138	3
7139	3
7140	2
7141	3
7142	2
7143	1
7144	2
7145	0
7146	2
7147	3
7148	2
7149	0
7150	2
7151	2
7152	3
7153	2
7154	2
7155	0
7156	2
7157	2
7158	0
7159	0
7160	3
7161	3
7162	3
7163	2
7164	0
7165	0
7166	2
7167	3
7168	3
7169	2
7170	0
7171	2
7172	2
7173	2
7174	2
7175	3
7176	3
7177	3
7178	2
7179	3
7180	2
7181	0
7182	3
7183	2
7184	3
7185	3
7186	3
7187	1
7188	0
7189	2
7190	1
7191	3
7192	3
7193	0
7194	0
7195	2
7196	0
7197	2
7198	3
7199	2
7200	3
7201	3
7202	3
7203	2
7204	0
7205	3
7206	2
7207	2
7208	3
7209	3
7210	3
7211	3
7212	1
7213	2
7214	2
7215	3
7216	1
7217	2
7218	3
7219	1
7220	3
7221	0
7222	2
7223	2
7224	3
7225	2
7226	3
7227	2
7228	2
7229	1
7230	0
7231	2
7232	3
7233	0
7234	3
7235	0
7236	2
7237	3
7238	3
7239	2
7240	3
7241	3
7242	3
7243	3
7244	3
7245	0
7246	3
7247	3
7248	3
7249	3
7250	3
7251	0
7252	3
7253	0
7254	3
7255	3
7256	3
7257	2
7258	3
7259	0
7260	2
7261	3
7262	3
7263	2
7264	2
7265	0
7266	3
7267	2
7268	2
7269	2
7270	2
7271	3
7272	2
7273	1
7274	3
7275	2
7276	2
7277	3
7278	2
7279	2
7280	2
7281	2
7282	3
7283	2
7284	3
7285	3
7286	2
7287	3
7288	1
7289	3
7290	2
7291	2
7292	2
7293	2
7294	2
7295	3
7296	3
7297	2
7298	3
7299	2
7300	2
7301	2
7302	2
7303	2
7304	3
7305	3
7306	3
7307	2
7308	2
7309	1
7310	2
7311	3
7312	3
7313	3
7314	3
7315	3
7316	2
7317	1
7318	2
7319	3
7320	2
7321	0
7322	3
7323	3
7324	1
7325	0
7326	3
7327	3
7328	3
7329	2
7330	0
7331	3
7332	2
7333	0
7334	3
7335	2
7336	2
7337	3
7338	3
7339	0
7340	3
7341	2
7342	3
7343	3
7344	3
7345	0
7346	3
7347	2
7348	3
7349	2
7350	2
7351	0
7352	2
7353	3
7354	1
7355	3
7356	3
7357	0
7358	0
7359	3
7360	2
7361	2
7362	3
7363	3
7364	0
7365	3
7366	3
7367	3
7368	2
7369	2
7370	3
7371	2
7372	2
7373	2
7374	3
7375	3
7376	3
7377	3
7378	3
7379	2
7380	2
7381	2
7382	2
7383	0
7384	2
7385	3
7386	3
7387	2
7388	3
7389	0
7390	0
7391	2
7392	2
7393	2
7394	3
7395	2
7396	2
7397	3
7398	1
7399	3
7400	2
7401	3
7402	3
7403	3
7404	3
7405	3
7406	0
7407	3
7408	2
7409	2
7410	3
7411	0
7412	1
7413	3
7414	3
7415	3
7416	2
7417	3
7418	3
7419	2
7420	2
7421	3
7422	0
7423	2
7424	0
7425	2
7426	1
7427	0
7428	2
7429	3
7430	2
7431	3
7432	3
7433	2
7434	1
7435	0
7436	2
7437	0
7438	2
7439	3
7440	3
7441	2
7442	2
7443	1
7444	2
7445	3
7446	1
7447	3
7448	1
7449	2
7450	2
7451	2
7452	2
7453	2
7454	2
7455	3
7456	3
7457	2
7458	3
7459	1
7460	1
7461	0
7462	1
7463	3
7464	2
7465	2
7466	3
7467	0
7468	2
7469	0
7470	0
7471	3
7472	3
7473	3
7474	3
7475	0
7476	3
7477	3
7478	0
7479	3
7480	3
7481	2
7482	2
7483	2
7484	2
7485	2
7486	0
7487	3
7488	0
7489	2
7490	3
7491	1
7492	2
7493	2
7494	2
7495	2
7496	0
7497	2
7498	3
7499	1
7500	2
7501	2
7502	3
7503	3
7504	2
7505	3
7506	3
7507	0
7508	2
7509	2
7510	3
7511	2
7512	2
7513	3
7514	3
7515	2
7516	1
7517	2
7518	0
7519	2
7520	0
7521	3
7522	3
7523	1
7524	2
7525	2
7526	0
7527	1
7528	3
7529	2
7530	3
7531	2
7532	2
7533	2
7534	3
7535	0
7536	0
7537	2
7538	3
7539	0
7540	2
7541	2
7542	0
7543	3
7544	2
7545	3
7546	3
7547	0
7548	2
7549	3
7550	3
7551	2
7552	0
7553	2
7554	2
7555	3
7556	2
7557	3
7558	2
7559	3
7560	2
7561	2
7562	3
7563	0
7564	2
7565	2
7566	2
7567	0
7568	3
7569	3
7570	2
7571	3
7572	2
7573	2
7574	2
7575	3
7576	1
7577	2
7578	3
7579	2
7580	2
7581	0
7582	0
7583	1
7584	3
7585	2
7586	3
7587	3
7588	2
7589	2
7590	0
7591	2
7592	2
7593	2
7594	3
7595	2
7596	2
7597	2
7598	0
7599	3
7600	3
7601	3
7602	2
7603	1
7604	0
7605	0
7606	0
7607	3
7608	3
7609	3
7610	3
7611	2
7612	2
7613	2
7614	2
7615	3
7616	2
7617	2
7618	3
7619	2
7620	3
7621	2
7622	0
7623	3
7624	3
7625	2
7626	2
7627	3
7628	2
7629	2
7630	3
7631	3
7632	2
7633	3
7634	1
7635	0
7636	2
7637	3
7638	3
7639	2
7640	2
7641	3
7642	3
7643	2
7644	3
7645	1
7646	0
7647	1
7648	3
7649	2
7650	1
7651	0
7652	2
7653	0
7654	0
7655	3
7656	2
7657	2
7658	2
7659	2
7660	2
7661	2
7662	0
7663	3
7664	3
7665	2
7666	2
7667	0
7668	2
7669	2
7670	2
7671	3
7672	2
7673	3
7674	2
7675	2
7676	2
7677	2
7678	2
7679	0
7680	3
7681	2
7682	3
7683	1
7684	2
7685	2
7686	2
7687	3
7688	3
7689	0
7690	0
7691	2
7692	2
7693	2
7694	2
7695	3
7696	3
7697	0
7698	1
7699	0
7700	3
7701	2
7702	3
7703	3
7704	3
7705	3
7706	0
7707	3
7708	3
7709	2
7710	3
7711	3
7712	3
7713	2
7714	3
7715	0
7716	0
7717	2
7718	2
7719	2
7720	2
7721	0
7722	3
7723	3
7724	2
7725	2
7726	3
7727	0
7728	2
7729	0
7730	3
7731	0
7732	3
7733	0
7734	3
7735	3
7736	2
7737	3
7738	3
7739	0
7740	3
7741	0
7742	2
7743	3
7744	3
7745	3
7746	3
7747	0
7748	0
7749	2
7750	3
7751	3
7752	3
7753	2
7754	0
7755	0
7756	2
7757	2
7758	2
7759	3
7760	3
7761	2
7762	3
7763	1
7764	1
7765	3
7766	2
7767	3
7768	3
7769	2
7770	3
7771	0
7772	3
7773	2
7774	0
7775	3
7776	3
7777	2
7778	3
7779	3
7780	0
7781	0
7782	2
7783	3
7784	2
7785	2
7786	3
7787	0
7788	2
7789	3
7790	0
7791	3
7792	2
7793	3
7794	2
7795	1
7796	3
7797	2
7798	2
7799	3
7800	0
7801	2
7802	3
7803	0
7804	2
7805	1
7806	2
7807	2
7808	3
7809	2
7810	3
7811	1
7812	2
7813	2
7814	2
7815	3
7816	1
7817	0
7818	3
7819	0
7820	2
7821	2
7822	3
7823	3
7824	3
7825	3
7826	2
7827	2
7828	1
7829	2
7830	2
7831	3
7832	3
7833	3
7834	3
7835	0
7836	3
7837	3
7838	2
7839	3
7840	0
7841	0
7842	3
7843	0
7844	3
7845	3
7846	3
7847	3
7848	3
7849	3
7850	3
7851	2
7852	0
7853	3
7854	0
7855	0
7856	3
7857	0
7858	2
7859	0
7860	3
7861	3
7862	3
7863	2
7864	0
7865	2
7866	1
7867	2
7868	3
7869	2
7870	3
7871	0
7872	3
7873	2
7874	3
7875	0
7876	3
7877	3
7878	2
7879	2
7880	2
7881	3
7882	3
7883	0
7884	3
7885	3
7886	1
7887	2
7888	3
7889	3
7890	2
7891	2
7892	2
7893	3
7894	2
7895	2
7896	3
7897	1
7898	3
7899	0
7900	3
7901	3
7902	2
7903	3
7904	2
7905	3
7906	3
7907	2
7908	3
7909	2
7910	3
7911	3
7912	0
7913	2
7914	3
7915	3
7916	2
7917	3
7918	3
7919	3
7920	2
7921	3
7922	3
7923	0
7924	3
7925	3
7926	2
7927	3
7928	3
7929	2
7930	3
7931	3
7932	3
7933	2
7934	2
7935	3
7936	3
7937	2
7938	2
7939	2
7940	1
7941	2
7942	3
7943	3
7944	2
7945	0
7946	1
7947	2
7948	3
7949	2
7950	2
7951	2
7952	3
7953	3
7954	3
7955	0
7956	2
7957	2
7958	3
7959	0
7960	0
7961	2
7962	3
7963	2
7964	0
7965	2
7966	3
7967	3
7968	3
7969	2
7970	3
7971	0
7972	0
7973	1
7974	2
7975	3
7976	1
7977	2
7978	3
7979	2
7980	0
7981	3
7982	2
7983	2
7984	0
7985	0
7986	3
7987	2
7988	2
7989	3
7990	2
7991	3
7992	2
7993	3
7994	0
7995	2
7996	2
7997	2
7998	2
7999	3
8000	2
8001	2
8002	3
8003	2
8004	0
8005	2
8006	2
8007	2
8008	2
8009	2
8010	3
8011	3
8012	2
8013	0
8014	2
8015	0
8016	2
8017	0
8018	0
8019	2
8020	3
8021	2
8022	1
8023	3
8024	2
8025	0
8026	3
8027	2
8028	2
8029	2
8030	3
8031	3
8032	3
8033	2
8034	3
8035	2
8036	3
8037	2
8038	2
8039	3
8040	2
8041	2
8042	3
8043	0
8044	3
8045	2
8046	3
8047	3
8048	3
8049	0
8050	3
8051	2
8052	0
8053	3
8054	2
8055	3
8056	0
8057	0
8058	3
8059	3
8060	2
8061	2
8062	2
8063	3
8064	3
8065	0
8066	3
8067	2
8068	3
8069	3
8070	0
8071	3
8072	2
8073	0
8074	0
8075	0
8076	2
8077	3
8078	3
8079	3
8080	3
8081	3
8082	3
8083	2
8084	3
8085	2
8086	2
8087	3
8088	3
8089	2
8090	3
8091	2
8092	2
8093	2
8094	2
8095	2
8096	2
8097	3
8098	2
8099	2
8100	3
8101	3
8102	2
8103	3
8104	2
8105	3
8106	3
8107	2
8108	2
8109	2
8110	3
8111	3
8112	3
8113	0
8114	3
8115	3
8116	0
8117	2
8118	3
8119	3
8120	3
8121	2
8122	3
8123	2
8124	2
8125	3
8126	2
8127	3
8128	2
8129	0
8130	3
8131	0
8132	3
8133	2
8134	1
8135	3
8136	3
8137	3
8138	3
8139	3
8140	0
8141	2
8142	2
8143	3
8144	2
8145	1
8146	3
8147	0
8148	3
8149	3
8150	3
8151	3
8152	3
8153	3
8154	2
8155	2
8156	3
8157	3
8158	3
8159	3
8160	3
8161	2
8162	3
8163	0
8164	0
8165	3
8166	3
8167	2
8168	2
8169	2
8170	0
8171	0
8172	2
8173	3
8174	2
8175	3
8176	0
8177	2
8178	3
8179	2
8180	2
8181	3
8182	3
8183	2
8184	2
8185	3
8186	3
8187	3
8188	3
8189	2
8190	2
8191	3
