COMMAND
./sim gshare 13 5 ./proj2-traces/jpeg_trace.txt
OUTPUT
number of predictions:2000000
number of mispredictions:143947
misprediction rate:   7.20%
FINAL GSHARE CONTENTS
0	2
1	3
2	2
3	2
4	2
5	3
6	2
7	3
8	3
9	2
10	2
11	2
12	0
13	2
14	3
15	0
16	2
17	2
18	3
19	3
20	3
21	2
22	3
23	2
24	3
25	2
26	3
27	2
28	0
29	2
30	2
31	0
32	3
33	2
34	2
35	0
36	2
37	0
38	3
39	0
40	2
41	0
42	2
43	0
44	2
45	2
46	0
47	2
48	1
49	0
50	0
51	0
52	2
53	3
54	0
55	2
56	0
57	3
58	3
59	3
60	2
61	0
62	2
63	0
64	0
65	2
66	0
67	0
68	3
69	2
70	3
71	2
72	3
73	2
74	2
75	2
76	2
77	2
78	2
79	2
80	2
81	2
82	2
83	2
84	2
85	2
86	2
87	0
88	2
89	3
90	2
91	2
92	1
93	2
94	2
95	2
96	0
97	3
98	2
99	2
100	2
101	2
102	0
103	2
104	2
105	2
106	0
107	0
108	3
109	2
110	0
111	2
112	2
113	2
114	0
115	2
116	2
117	2
118	2
119	0
120	0
121	2
122	3
123	2
124	3
125	2
126	3
127	3
128	2
129	2
130	2
131	2
132	2
133	2
134	2
135	2
136	3
137	2
138	2
139	3
140	2
141	2
142	2
143	2
144	0
145	2
146	2
147	3
148	2
149	2
150	0
151	2
152	2
153	3
154	3
155	2
156	2
157	2
158	1
159	2
160	2
161	1
162	2
163	2
164	2
165	0
166	2
167	2
168	2
169	2
170	2
171	2
172	2
173	2
174	2
175	0
176	2
177	0
178	3
179	2
180	2
181	2
182	2
183	2
184	2
185	2
186	2
187	2
188	3
189	3
190	3
191	0
192	2
193	2
194	2
195	3
196	0
197	2
198	2
199	2
200	2
201	0
202	2
203	2
204	2
205	3
206	2
207	2
208	2
209	2
210	2
211	2
212	3
213	3
214	1
215	3
216	0
217	2
218	3
219	2
220	3
221	2
222	3
223	2
224	2
225	0
226	2
227	3
228	2
229	2
230	2
231	2
232	2
233	2
234	2
235	2
236	0
237	2
238	3
239	2
240	0
241	3
242	3
243	2
244	1
245	2
246	2
247	2
248	3
249	0
250	2
251	2
252	2
253	2
254	2
255	2
256	2
257	3
258	2
259	2
260	2
261	2
262	3
263	3
264	3
265	2
266	1
267	3
268	0
269	2
270	3
271	0
272	3
273	2
274	2
275	2
276	0
277	2
278	2
279	2
280	3
281	2
282	2
283	2
284	0
285	2
286	3
287	3
288	0
289	2
290	2
291	0
292	2
293	3
294	0
295	2
296	2
297	2
298	3
299	2
300	2
301	2
302	3
303	2
304	2
305	0
306	2
307	2
308	2
309	2
310	2
311	2
312	2
313	2
314	3
315	3
316	2
317	2
318	2
319	2
320	0
321	3
322	2
323	2
324	3
325	2
326	2
327	3
328	3
329	2
330	2
331	3
332	2
333	2
334	3
335	2
336	2
337	2
338	3
339	2
340	0
341	2
342	2
343	0
344	2
345	1
346	3
347	2
348	2
349	2
350	2
351	2
352	3
353	2
354	2
355	2
356	0
357	3
358	0
359	2
360	0
361	2
362	0
363	2
364	2
365	0
366	0
367	2
368	0
369	2
370	0
371	3
372	2
373	0
374	2
375	2
376	0
377	2
378	3
379	2
380	3
381	0
382	3
383	0
384	2
385	0
386	2
387	2
388	1
389	2
390	0
391	2
392	3
393	2
394	2
395	1
396	2
397	3
398	2
399	2
400	3
401	2
402	2
403	0
404	2
405	2
406	2
407	2
408	2
409	3
410	2
411	2
412	3
413	2
414	2
415	0
416	2
417	2
418	2
419	2
420	2
421	0
422	2
423	2
424	2
425	2
426	0
427	3
428	2
429	2
430	2
431	2
432	2
433	1
434	3
435	0
436	3
437	2
438	3
439	2
440	2
441	2
442	2
443	0
444	2
445	3
446	3
447	2
448	2
449	2
450	3
451	0
452	2
453	2
454	2
455	2
456	2
457	0
458	2
459	2
460	2
461	3
462	2
463	2
464	2
465	2
466	2
467	2
468	2
469	0
470	2
471	2
472	1
473	3
474	3
475	2
476	0
477	2
478	3
479	3
480	2
481	2
482	3
483	0
484	2
485	2
486	2
487	3
488	2
489	3
490	2
491	2
492	0
493	2
494	2
495	2
496	1
497	2
498	2
499	2
500	2
501	3
502	0
503	2
504	3
505	2
506	2
507	3
508	3
509	2
510	2
511	2
512	2
513	0
514	2
515	3
516	2
517	3
518	2
519	3
520	3
521	2
522	3
523	2
524	1
525	3
526	3
527	0
528	3
529	2
530	3
531	2
532	1
533	2
534	2
535	2
536	3
537	2
538	0
539	2
540	2
541	3
542	2
543	0
544	2
545	0
546	2
547	0
548	0
549	2
550	2
551	2
552	2
553	0
554	2
555	2
556	2
557	2
558	2
559	2
560	2
561	2
562	2
563	2
564	3
565	2
566	2
567	1
568	2
569	2
570	2
571	3
572	0
573	2
574	2
575	1
576	0
577	2
578	2
579	2
580	1
581	2
582	2
583	3
584	2
585	2
586	2
587	2
588	0
589	0
590	3
591	2
592	2
593	2
594	1
595	2
596	2
597	2
598	2
599	0
600	2
601	0
602	2
603	3
604	2
605	0
606	2
607	3
608	3
609	2
610	2
611	2
612	2
613	3
614	3
615	2
616	0
617	2
618	2
619	2
620	3
621	2
622	0
623	2
624	2
625	2
626	2
627	1
628	2
629	3
630	2
631	2
632	2
633	2
634	3
635	2
636	2
637	3
638	2
639	2
640	2
641	3
642	3
643	2
644	2
645	2
646	2
647	2
648	2
649	2
650	2
651	1
652	2
653	3
654	2
655	2
656	3
657	2
658	2
659	3
660	2
661	2
662	3
663	2
664	2
665	2
666	1
667	2
668	0
669	2
670	2
671	2
672	2
673	1
674	3
675	2
676	3
677	0
678	2
679	3
680	3
681	0
682	2
683	0
684	2
685	0
686	3
687	3
688	2
689	3
690	3
691	2
692	2
693	2
694	2
695	2
696	2
697	2
698	2
699	2
700	2
701	3
702	3
703	2
704	2
705	2
706	2
707	1
708	2
709	2
710	2
711	2
712	2
713	2
714	2
715	2
716	2
717	3
718	3
719	2
720	2
721	2
722	2
723	2
724	3
725	2
726	2
727	2
728	2
729	0
730	3
731	0
732	2
733	2
734	2
735	2
736	2
737	2
738	3
739	0
740	0
741	2
742	2
743	2
744	2
745	2
746	2
747	0
748	2
749	1
750	2
751	2
752	0
753	3
754	2
755	2
756	2
757	0
758	2
759	1
760	3
761	0
762	2
763	2
764	2
765	1
766	2
767	2
768	1
769	0
770	2
771	2
772	2
773	2
774	2
775	3
776	2
777	2
778	0
779	2
780	0
781	3
782	2
783	1
784	3
785	2
786	3
787	3
788	1
789	2
790	2
791	3
792	2
793	0
794	2
795	0
796	2
797	2
798	2
799	2
800	3
801	2
802	2
803	2
804	2
805	2
806	0
807	2
808	2
809	3
810	0
811	2
812	0
813	2
814	2
815	2
816	2
817	0
818	2
819	2
820	3
821	3
822	2
823	2
824	2
825	3
826	2
827	3
828	0
829	2
830	2
831	2
832	1
833	3
834	2
835	0
836	3
837	2
838	2
839	2
840	0
841	2
842	2
843	2
844	1
845	2
846	2
847	2
848	1
849	2
850	2
851	2
852	2
853	2
854	2
855	1
856	2
857	0
858	2
859	3
860	2
861	2
862	1
863	0
864	0
865	2
866	2
867	2
868	1
869	3
870	3
871	2
872	2
873	2
874	2
875	3
876	0
877	2
878	0
879	2
880	2
881	2
882	2
883	1
884	3
885	2
886	0
887	2
888	0
889	2
890	3
891	2
892	2
893	3
894	2
895	0
896	2
897	2
898	2
899	2
900	2
901	0
902	2
903	2
904	0
905	2
906	2
907	2
908	2
909	2
910	2
911	2
912	2
913	2
914	2
915	3
916	2
917	2
918	2
919	2
920	1
921	3
922	2
923	0
924	2
925	2
926	2
927	3
928	2
929	2
930	2
931	2
932	3
933	0
934	2
935	2
936	3
937	2
938	2
939	3
940	3
941	2
942	2
943	2
944	2
945	2
946	2
947	2
948	1
949	3
950	0
951	2
952	2
953	2
954	2
955	3
956	2
957	3
958	3
959	2
960	3
961	2
962	2
963	2
964	2
965	2
966	2
967	2
968	2
969	2
970	3
971	2
972	3
973	1
974	2
975	2
976	2
977	2
978	2
979	2
980	2
981	3
982	1
983	3
984	1
985	3
986	3
987	2
988	3
989	2
990	2
991	0
992	2
993	2
994	3
995	2
996	2
997	2
998	3
999	3
1000	2
1001	2
1002	2
1003	0
1004	2
1005	2
1006	2
1007	2
1008	2
1009	2
1010	0
1011	2
1012	2
1013	3
1014	0
1015	2
1016	2
1017	1
1018	2
1019	2
1020	3
1021	0
1022	2
1023	2
1024	2
1025	3
1026	2
1027	2
1028	2
1029	3
1030	2
1031	3
1032	1
1033	3
1034	0
1035	1
1036	2
1037	2
1038	2
1039	1
1040	2
1041	2
1042	2
1043	3
1044	0
1045	1
1046	2
1047	2
1048	3
1049	2
1050	2
1051	2
1052	2
1053	2
1054	2
1055	0
1056	0
1057	3
1058	3
1059	0
1060	2
1061	2
1062	3
1063	2
1064	2
1065	3
1066	2
1067	3
1068	2
1069	3
1070	2
1071	3
1072	2
1073	2
1074	0
1075	2
1076	2
1077	2
1078	2
1079	0
1080	2
1081	2
1082	2
1083	2
1084	2
1085	3
1086	2
1087	2
1088	2
1089	2
1090	2
1091	0
1092	2
1093	2
1094	3
1095	1
1096	3
1097	2
1098	2
1099	2
1100	3
1101	2
1102	2
1103	2
1104	2
1105	2
1106	2
1107	2
1108	2
1109	0
1110	2
1111	0
1112	2
1113	3
1114	2
1115	2
1116	2
1117	2
1118	0
1119	2
1120	0
1121	3
1122	1
1123	2
1124	0
1125	3
1126	0
1127	2
1128	2
1129	2
1130	2
1131	2
1132	2
1133	0
1134	0
1135	2
1136	2
1137	2
1138	0
1139	2
1140	2
1141	2
1142	2
1143	2
1144	3
1145	2
1146	1
1147	2
1148	2
1149	3
1150	2
1151	0
1152	2
1153	0
1154	3
1155	2
1156	2
1157	0
1158	0
1159	3
1160	0
1161	2
1162	3
1163	2
1164	2
1165	3
1166	2
1167	2
1168	0
1169	3
1170	2
1171	2
1172	2
1173	2
1174	2
1175	2
1176	2
1177	2
1178	2
1179	2
1180	2
1181	2
1182	2
1183	2
1184	3
1185	2
1186	3
1187	2
1188	2
1189	0
1190	2
1191	0
1192	2
1193	2
1194	2
1195	2
1196	3
1197	0
1198	2
1199	2
1200	2
1201	0
1202	2
1203	2
1204	3
1205	2
1206	2
1207	0
1208	0
1209	0
1210	2
1211	2
1212	2
1213	0
1214	3
1215	2
1216	3
1217	2
1218	2
1219	2
1220	2
1221	2
1222	3
1223	0
1224	2
1225	2
1226	2
1227	0
1228	0
1229	3
1230	2
1231	3
1232	3
1233	0
1234	2
1235	2
1236	3
1237	0
1238	2
1239	2
1240	0
1241	3
1242	2
1243	2
1244	2
1245	2
1246	3
1247	1
1248	1
1249	2
1250	1
1251	2
1252	2
1253	2
1254	2
1255	3
1256	2
1257	3
1258	3
1259	2
1260	2
1261	3
1262	2
1263	2
1264	3
1265	2
1266	2
1267	2
1268	2
1269	3
1270	2
1271	3
1272	3
1273	2
1274	2
1275	2
1276	3
1277	2
1278	2
1279	2
1280	2
1281	2
1282	2
1283	2
1284	2
1285	2
1286	3
1287	3
1288	3
1289	2
1290	3
1291	0
1292	3
1293	2
1294	2
1295	2
1296	3
1297	2
1298	2
1299	3
1300	0
1301	2
1302	2
1303	0
1304	2
1305	2
1306	3
1307	0
1308	0
1309	0
1310	2
1311	3
1312	3
1313	0
1314	2
1315	2
1316	3
1317	0
1318	2
1319	2
1320	3
1321	3
1322	2
1323	2
1324	2
1325	3
1326	2
1327	3
1328	2
1329	2
1330	1
1331	2
1332	2
1333	2
1334	2
1335	2
1336	2
1337	3
1338	2
1339	2
1340	0
1341	3
1342	3
1343	2
1344	2
1345	0
1346	2
1347	0
1348	3
1349	2
1350	3
1351	2
1352	3
1353	2
1354	2
1355	2
1356	1
1357	3
1358	2
1359	2
1360	2
1361	2
1362	2
1363	2
1364	2
1365	2
1366	2
1367	2
1368	3
1369	2
1370	2
1371	3
1372	3
1373	2
1374	2
1375	2
1376	3
1377	2
1378	0
1379	2
1380	2
1381	2
1382	1
1383	2
1384	2
1385	2
1386	2
1387	2
1388	0
1389	2
1390	1
1391	2
1392	2
1393	2
1394	3
1395	0
1396	3
1397	2
1398	0
1399	0
1400	0
1401	2
1402	0
1403	2
1404	3
1405	3
1406	3
1407	0
1408	2
1409	2
1410	3
1411	2
1412	3
1413	3
1414	3
1415	2
1416	3
1417	2
1418	3
1419	0
1420	2
1421	0
1422	3
1423	2
1424	2
1425	2
1426	2
1427	1
1428	2
1429	1
1430	0
1431	3
1432	2
1433	2
1434	2
1435	2
1436	2
1437	2
1438	2
1439	2
1440	2
1441	2
1442	3
1443	2
1444	3
1445	2
1446	1
1447	3
1448	2
1449	2
1450	2
1451	2
1452	3
1453	2
1454	2
1455	2
1456	3
1457	3
1458	0
1459	3
1460	2
1461	3
1462	2
1463	2
1464	2
1465	1
1466	2
1467	2
1468	2
1469	2
1470	3
1471	2
1472	2
1473	2
1474	2
1475	3
1476	2
1477	2
1478	3
1479	2
1480	2
1481	2
1482	2
1483	0
1484	3
1485	3
1486	2
1487	2
1488	3
1489	0
1490	2
1491	2
1492	2
1493	3
1494	0
1495	2
1496	2
1497	3
1498	3
1499	2
1500	2
1501	3
1502	3
1503	2
1504	2
1505	2
1506	0
1507	2
1508	2
1509	2
1510	2
1511	2
1512	3
1513	2
1514	2
1515	2
1516	2
1517	2
1518	2
1519	2
1520	3
1521	2
1522	3
1523	2
1524	2
1525	3
1526	3
1527	2
1528	2
1529	2
1530	2
1531	2
1532	2
1533	2
1534	2
1535	0
1536	3
1537	3
1538	1
1539	2
1540	2
1541	3
1542	2
1543	2
1544	2
1545	2
1546	3
1547	1
1548	0
1549	1
1550	3
1551	0
1552	3
1553	2
1554	3
1555	2
1556	2
1557	3
1558	2
1559	2
1560	2
1561	0
1562	2
1563	0
1564	2
1565	2
1566	2
1567	2
1568	2
1569	0
1570	0
1571	3
1572	2
1573	2
1574	2
1575	2
1576	2
1577	3
1578	2
1579	2
1580	2
1581	3
1582	2
1583	2
1584	2
1585	3
1586	2
1587	2
1588	2
1589	2
1590	2
1591	3
1592	2
1593	2
1594	2
1595	3
1596	2
1597	2
1598	2
1599	2
1600	0
1601	2
1602	2
1603	3
1604	3
1605	2
1606	2
1607	2
1608	3
1609	3
1610	2
1611	0
1612	1
1613	2
1614	2
1615	2
1616	2
1617	0
1618	2
1619	2
1620	2
1621	2
1622	2
1623	0
1624	2
1625	2
1626	2
1627	3
1628	2
1629	2
1630	2
1631	3
1632	2
1633	0
1634	3
1635	2
1636	2
1637	3
1638	0
1639	2
1640	2
1641	2
1642	2
1643	0
1644	0
1645	2
1646	0
1647	3
1648	3
1649	2
1650	3
1651	2
1652	3
1653	2
1654	0
1655	0
1656	0
1657	2
1658	3
1659	2
1660	3
1661	2
1662	3
1663	0
1664	2
1665	0
1666	1
1667	3
1668	2
1669	3
1670	2
1671	2
1672	3
1673	2
1674	3
1675	2
1676	2
1677	2
1678	2
1679	2
1680	3
1681	2
1682	2
1683	2
1684	2
1685	2
1686	3
1687	2
1688	2
1689	3
1690	2
1691	2
1692	0
1693	2
1694	2
1695	2
1696	2
1697	2
1698	2
1699	3
1700	2
1701	1
1702	2
1703	0
1704	2
1705	2
1706	2
1707	2
1708	2
1709	2
1710	2
1711	2
1712	2
1713	2
1714	0
1715	2
1716	3
1717	3
1718	2
1719	0
1720	2
1721	2
1722	2
1723	2
1724	2
1725	1
1726	3
1727	2
1728	2
1729	2
1730	2
1731	1
1732	2
1733	2
1734	2
1735	2
1736	3
1737	2
1738	2
1739	2
1740	2
1741	3
1742	2
1743	2
1744	2
1745	2
1746	2
1747	2
1748	3
1749	2
1750	0
1751	2
1752	2
1753	2
1754	3
1755	2
1756	2
1757	2
1758	2
1759	2
1760	2
1761	2
1762	0
1763	0
1764	3
1765	2
1766	2
1767	2
1768	2
1769	0
1770	3
1771	2
1772	2
1773	2
1774	2
1775	2
1776	0
1777	2
1778	3
1779	0
1780	2
1781	0
1782	2
1783	1
1784	2
1785	2
1786	0
1787	2
1788	2
1789	2
1790	2
1791	1
1792	2
1793	3
1794	0
1795	2
1796	2
1797	2
1798	2
1799	3
1800	3
1801	2
1802	3
1803	3
1804	0
1805	2
1806	2
1807	3
1808	0
1809	2
1810	2
1811	3
1812	2
1813	2
1814	2
1815	2
1816	2
1817	2
1818	3
1819	2
1820	2
1821	0
1822	2
1823	3
1824	0
1825	2
1826	2
1827	3
1828	3
1829	2
1830	0
1831	2
1832	2
1833	2
1834	3
1835	2
1836	2
1837	2
1838	3
1839	3
1840	3
1841	2
1842	2
1843	2
1844	3
1845	2
1846	3
1847	3
1848	2
1849	2
1850	2
1851	3
1852	0
1853	3
1854	2
1855	2
1856	0
1857	2
1858	2
1859	2
1860	3
1861	2
1862	0
1863	3
1864	3
1865	2
1866	2
1867	2
1868	1
1869	2
1870	2
1871	2
1872	3
1873	3
1874	2
1875	2
1876	2
1877	0
1878	3
1879	0
1880	2
1881	1
1882	2
1883	2
1884	3
1885	2
1886	2
1887	0
1888	0
1889	3
1890	0
1891	2
1892	3
1893	2
1894	0
1895	2
1896	2
1897	2
1898	0
1899	2
1900	0
1901	2
1902	2
1903	2
1904	2
1905	2
1906	2
1907	2
1908	3
1909	1
1910	0
1911	2
1912	3
1913	2
1914	2
1915	2
1916	2
1917	3
1918	2
1919	2
1920	2
1921	2
1922	3
1923	2
1924	2
1925	2
1926	2
1927	2
1928	3
1929	2
1930	3
1931	1
1932	2
1933	2
1934	2
1935	2
1936	3
1937	2
1938	2
1939	2
1940	2
1941	2
1942	2
1943	2
1944	2
1945	2
1946	2
1947	2
1948	2
1949	2
1950	2
1951	2
1952	3
1953	2
1954	2
1955	2
1956	3
1957	0
1958	0
1959	2
1960	2
1961	0
1962	0
1963	3
1964	1
1965	2
1966	2
1967	2
1968	2
1969	2
1970	0
1971	3
1972	2
1973	3
1974	2
1975	2
1976	2
1977	0
1978	2
1979	2
1980	2
1981	0
1982	2
1983	3
1984	3
1985	2
1986	2
1987	2
1988	2
1989	2
1990	2
1991	2
1992	2
1993	0
1994	2
1995	0
1996	2
1997	2
1998	0
1999	2
2000	2
2001	2
2002	2
2003	0
2004	1
2005	2
2006	2
2007	2
2008	3
2009	0
2010	3
2011	2
2012	2
2013	2
2014	2
2015	2
2016	3
2017	2
2018	2
2019	2
2020	3
2021	2
2022	3
2023	3
2024	2
2025	2
2026	2
2027	2
2028	2
2029	2
2030	2
2031	2
2032	0
2033	2
2034	2
2035	0
2036	2
2037	2
2038	0
2039	2
2040	3
2041	2
2042	2
2043	2
2044	3
2045	2
2046	3
2047	3
2048	2
2049	0
2050	2
2051	2
2052	3
2053	2
2054	2
2055	3
2056	2
2057	0
2058	2
2059	2
2060	3
2061	2
2062	3
2063	2
2064	2
2065	2
2066	2
2067	2
2068	2
2069	2
2070	2
2071	2
2072	2
2073	2
2074	2
2075	3
2076	2
2077	3
2078	2
2079	2
2080	2
2081	3
2082	2
2083	2
2084	2
2085	2
2086	2
2087	2
2088	2
2089	2
2090	3
2091	2
2092	2
2093	3
2094	2
2095	2
2096	2
2097	3
2098	3
2099	2
2100	3
2101	2
2102	0
2103	0
2104	2
2105	2
2106	2
2107	2
2108	3
2109	2
2110	2
2111	2
2112	3
2113	2
2114	2
2115	3
2116	2
2117	2
2118	2
2119	3
2120	0
2121	2
2122	2
2123	2
2124	0
2125	0
2126	3
2127	3
2128	3
2129	2
2130	0
2131	2
2132	2
2133	2
2134	3
2135	0
2136	2
2137	2
2138	1
2139	3
2140	0
2141	2
2142	2
2143	3
2144	1
2145	3
2146	2
2147	2
2148	2
2149	2
2150	3
2151	2
2152	2
2153	2
2154	2
2155	2
2156	2
2157	2
2158	0
2159	2
2160	2
2161	2
2162	2
2163	2
2164	2
2165	2
2166	2
2167	2
2168	1
2169	2
2170	3
2171	2
2172	0
2173	2
2174	1
2175	2
2176	2
2177	2
2178	2
2179	3
2180	2
2181	3
2182	2
2183	2
2184	3
2185	0
2186	2
2187	0
2188	1
2189	2
2190	2
2191	0
2192	2
2193	2
2194	2
2195	3
2196	2
2197	2
2198	2
2199	2
2200	2
2201	2
2202	2
2203	2
2204	2
2205	2
2206	2
2207	2
2208	0
2209	3
2210	2
2211	3
2212	2
2213	0
2214	0
2215	2
2216	2
2217	2
2218	2
2219	2
2220	2
2221	2
2222	2
2223	3
2224	2
2225	2
2226	2
2227	2
2228	3
2229	2
2230	2
2231	2
2232	2
2233	2
2234	2
2235	1
2236	2
2237	2
2238	3
2239	3
2240	2
2241	3
2242	2
2243	3
2244	2
2245	2
2246	2
2247	2
2248	2
2249	2
2250	2
2251	3
2252	2
2253	0
2254	2
2255	2
2256	2
2257	2
2258	2
2259	2
2260	3
2261	0
2262	3
2263	2
2264	2
2265	0
2266	2
2267	2
2268	0
2269	2
2270	2
2271	2
2272	0
2273	2
2274	0
2275	2
2276	2
2277	3
2278	3
2279	2
2280	2
2281	2
2282	2
2283	0
2284	2
2285	0
2286	2
2287	2
2288	3
2289	0
2290	2
2291	2
2292	2
2293	2
2294	2
2295	2
2296	3
2297	2
2298	2
2299	2
2300	0
2301	2
2302	2
2303	3
2304	3
2305	0
2306	0
2307	2
2308	2
2309	2
2310	2
2311	3
2312	3
2313	2
2314	2
2315	0
2316	2
2317	2
2318	2
2319	2
2320	2
2321	2
2322	2
2323	3
2324	0
2325	2
2326	3
2327	2
2328	2
2329	3
2330	2
2331	2
2332	3
2333	2
2334	1
2335	2
2336	0
2337	3
2338	2
2339	0
2340	2
2341	2
2342	3
2343	2
2344	2
2345	3
2346	2
2347	1
2348	2
2349	0
2350	3
2351	2
2352	2
2353	2
2354	2
2355	2
2356	2
2357	2
2358	3
2359	2
2360	2
2361	2
2362	3
2363	2
2364	3
2365	3
2366	2
2367	0
2368	1
2369	2
2370	2
2371	3
2372	2
2373	2
2374	2
2375	2
2376	1
2377	2
2378	2
2379	2
2380	3
2381	2
2382	2
2383	3
2384	0
2385	3
2386	2
2387	0
2388	2
2389	2
2390	3
2391	0
2392	2
2393	2
2394	2
2395	2
2396	2
2397	2
2398	2
2399	0
2400	1
2401	2
2402	2
2403	2
2404	2
2405	3
2406	3
2407	2
2408	2
2409	2
2410	2
2411	2
2412	2
2413	2
2414	2
2415	2
2416	3
2417	2
2418	2
2419	2
2420	2
2421	2
2422	0
2423	2
2424	2
2425	2
2426	3
2427	3
2428	0
2429	3
2430	0
2431	1
2432	2
2433	2
2434	1
2435	2
2436	2
2437	0
2438	3
2439	2
2440	3
2441	2
2442	2
2443	1
2444	2
2445	2
2446	2
2447	0
2448	3
2449	2
2450	3
2451	3
2452	2
2453	2
2454	2
2455	2
2456	0
2457	2
2458	3
2459	3
2460	3
2461	2
2462	2
2463	0
2464	2
2465	2
2466	3
2467	0
2468	3
2469	1
2470	2
2471	2
2472	2
2473	3
2474	0
2475	2
2476	2
2477	0
2478	0
2479	3
2480	2
2481	2
2482	2
2483	2
2484	2
2485	2
2486	2
2487	2
2488	2
2489	0
2490	2
2491	2
2492	2
2493	3
2494	2
2495	2
2496	2
2497	2
2498	2
2499	2
2500	2
2501	2
2502	2
2503	2
2504	2
2505	2
2506	2
2507	3
2508	3
2509	2
2510	2
2511	2
2512	2
2513	2
2514	2
2515	3
2516	3
2517	0
2518	2
2519	2
2520	2
2521	2
2522	2
2523	2
2524	2
2525	2
2526	2
2527	0
2528	2
2529	2
2530	2
2531	2
2532	2
2533	2
2534	2
2535	3
2536	2
2537	2
2538	0
2539	2
2540	2
2541	2
2542	3
2543	2
2544	3
2545	0
2546	2
2547	0
2548	2
2549	3
2550	3
2551	2
2552	2
2553	2
2554	2
2555	2
2556	3
2557	2
2558	2
2559	0
2560	3
2561	2
2562	2
2563	2
2564	0
2565	2
2566	2
2567	3
2568	3
2569	0
2570	2
2571	1
2572	2
2573	0
2574	2
2575	2
2576	2
2577	2
2578	2
2579	3
2580	2
2581	0
2582	3
2583	2
2584	2
2585	2
2586	2
2587	0
2588	2
2589	3
2590	2
2591	2
2592	2
2593	2
2594	2
2595	2
2596	3
2597	2
2598	3
2599	2
2600	2
2601	3
2602	3
2603	2
2604	2
2605	3
2606	2
2607	3
2608	3
2609	3
2610	2
2611	2
2612	3
2613	2
2614	2
2615	0
2616	2
2617	2
2618	2
2619	3
2620	2
2621	2
2622	2
2623	2
2624	0
2625	3
2626	0
2627	2
2628	0
2629	2
2630	2
2631	3
2632	3
2633	2
2634	2
2635	3
2636	3
2637	2
2638	3
2639	2
2640	2
2641	2
2642	2
2643	2
2644	2
2645	2
2646	2
2647	3
2648	2
2649	3
2650	2
2651	2
2652	0
2653	2
2654	2
2655	0
2656	3
2657	2
2658	0
2659	2
2660	2
2661	2
2662	1
2663	2
2664	2
2665	2
2666	2
2667	2
2668	3
2669	2
2670	0
2671	0
2672	2
2673	0
2674	2
2675	3
2676	2
2677	3
2678	2
2679	2
2680	2
2681	2
2682	3
2683	3
2684	0
2685	3
2686	0
2687	0
2688	3
2689	2
2690	2
2691	2
2692	3
2693	3
2694	2
2695	2
2696	2
2697	2
2698	2
2699	0
2700	2
2701	2
2702	2
2703	2
2704	3
2705	2
2706	2
2707	2
2708	2
2709	2
2710	3
2711	2
2712	2
2713	2
2714	3
2715	2
2716	0
2717	2
2718	2
2719	2
2720	2
2721	2
2722	2
2723	2
2724	2
2725	3
2726	2
2727	2
2728	2
2729	2
2730	2
2731	3
2732	2
2733	2
2734	2
2735	2
2736	2
2737	2
2738	2
2739	2
2740	2
2741	2
2742	2
2743	2
2744	2
2745	2
2746	0
2747	2
2748	2
2749	3
2750	3
2751	2
2752	2
2753	2
2754	2
2755	2
2756	2
2757	2
2758	2
2759	2
2760	2
2761	0
2762	2
2763	2
2764	2
2765	2
2766	2
2767	2
2768	0
2769	2
2770	2
2771	2
2772	3
2773	0
2774	2
2775	2
2776	0
2777	2
2778	2
2779	2
2780	2
2781	2
2782	2
2783	2
2784	2
2785	2
2786	2
2787	1
2788	3
2789	2
2790	3
2791	0
2792	2
2793	2
2794	2
2795	0
2796	2
2797	0
2798	2
2799	3
2800	3
2801	0
2802	2
2803	0
2804	2
2805	2
2806	3
2807	2
2808	3
2809	2
2810	3
2811	2
2812	0
2813	0
2814	2
2815	0
2816	3
2817	2
2818	2
2819	2
2820	0
2821	2
2822	2
2823	2
2824	3
2825	0
2826	2
2827	1
2828	0
2829	2
2830	3
2831	2
2832	2
2833	2
2834	2
2835	1
2836	2
2837	3
2838	2
2839	0
2840	2
2841	2
2842	2
2843	2
2844	2
2845	2
2846	2
2847	2
2848	0
2849	3
2850	2
2851	2
2852	2
2853	3
2854	3
2855	2
2856	2
2857	2
2858	3
2859	2
2860	2
2861	0
2862	0
2863	2
2864	2
2865	3
2866	3
2867	2
2868	2
2869	2
2870	3
2871	2
2872	2
2873	0
2874	2
2875	2
2876	0
2877	2
2878	2
2879	2
2880	3
2881	3
2882	2
2883	2
2884	0
2885	2
2886	2
2887	3
2888	2
2889	2
2890	2
2891	2
2892	2
2893	2
2894	2
2895	2
2896	2
2897	2
2898	2
2899	2
2900	2
2901	0
2902	2
2903	1
2904	2
2905	2
2906	2
2907	2
2908	3
2909	3
2910	1
2911	0
2912	3
2913	3
2914	0
2915	2
2916	0
2917	2
2918	3
2919	2
2920	2
2921	2
2922	3
2923	2
2924	0
2925	2
2926	0
2927	2
2928	0
2929	3
2930	2
2931	0
2932	3
2933	2
2934	3
2935	2
2936	0
2937	2
2938	2
2939	2
2940	0
2941	2
2942	2
2943	2
2944	2
2945	2
2946	3
2947	1
2948	2
2949	2
2950	2
2951	2
2952	2
2953	2
2954	2
2955	1
2956	2
2957	3
2958	2
2959	2
2960	3
2961	2
2962	3
2963	3
2964	2
2965	2
2966	2
2967	2
2968	3
2969	3
2970	2
2971	2
2972	3
2973	2
2974	2
2975	1
2976	2
2977	3
2978	3
2979	0
2980	2
2981	0
2982	3
2983	2
2984	2
2985	2
2986	2
2987	2
2988	2
2989	2
2990	2
2991	2
2992	2
2993	2
2994	2
2995	3
2996	3
2997	2
2998	2
2999	2
3000	2
3001	0
3002	2
3003	2
3004	2
3005	2
3006	3
3007	0
3008	3
3009	2
3010	2
3011	2
3012	2
3013	0
3014	2
3015	0
3016	2
3017	2
3018	2
3019	2
3020	2
3021	0
3022	3
3023	2
3024	0
3025	2
3026	2
3027	2
3028	3
3029	0
3030	2
3031	2
3032	1
3033	0
3034	2
3035	2
3036	2
3037	2
3038	2
3039	2
3040	2
3041	2
3042	2
3043	2
3044	2
3045	2
3046	2
3047	3
3048	2
3049	2
3050	2
3051	2
3052	0
3053	0
3054	2
3055	2
3056	2
3057	3
3058	2
3059	2
3060	2
3061	0
3062	2
3063	2
3064	3
3065	2
3066	3
3067	2
3068	2
3069	2
3070	3
3071	2
3072	2
3073	2
3074	0
3075	2
3076	0
3077	2
3078	2
3079	3
3080	1
3081	1
3082	0
3083	1
3084	1
3085	2
3086	3
3087	0
3088	0
3089	2
3090	2
3091	3
3092	2
3093	2
3094	2
3095	2
3096	2
3097	0
3098	2
3099	2
3100	2
3101	2
3102	2
3103	3
3104	0
3105	2
3106	2
3107	1
3108	3
3109	2
3110	3
3111	3
3112	2
3113	3
3114	2
3115	3
3116	3
3117	0
3118	3
3119	2
3120	2
3121	2
3122	0
3123	2
3124	2
3125	2
3126	2
3127	2
3128	3
3129	2
3130	2
3131	2
3132	2
3133	3
3134	2
3135	0
3136	2
3137	2
3138	2
3139	2
3140	2
3141	2
3142	2
3143	2
3144	2
3145	0
3146	2
3147	2
3148	0
3149	2
3150	2
3151	2
3152	2
3153	2
3154	2
3155	2
3156	2
3157	2
3158	2
3159	0
3160	2
3161	2
3162	2
3163	2
3164	1
3165	2
3166	2
3167	2
3168	0
3169	2
3170	2
3171	0
3172	1
3173	3
3174	2
3175	2
3176	2
3177	2
3178	0
3179	0
3180	2
3181	2
3182	0
3183	2
3184	2
3185	2
3186	3
3187	2
3188	2
3189	2
3190	0
3191	2
3192	0
3193	2
3194	3
3195	2
3196	2
3197	2
3198	2
3199	0
3200	2
3201	2
3202	3
3203	3
3204	2
3205	0
3206	2
3207	2
3208	2
3209	2
3210	2
3211	1
3212	2
3213	2
3214	2
3215	2
3216	3
3217	2
3218	2
3219	2
3220	2
3221	2
3222	2
3223	2
3224	0
3225	2
3226	3
3227	2
3228	2
3229	2
3230	3
3231	2
3232	1
3233	0
3234	2
3235	2
3236	2
3237	2
3238	2
3239	2
3240	2
3241	2
3242	2
3243	2
3244	2
3245	2
3246	0
3247	2
3248	2
3249	2
3250	2
3251	2
3252	3
3253	0
3254	2
3255	0
3256	2
3257	2
3258	2
3259	2
3260	2
3261	2
3262	3
3263	2
3264	2
3265	2
3266	2
3267	2
3268	3
3269	2
3270	3
3271	2
3272	2
3273	2
3274	2
3275	3
3276	2
3277	1
3278	3
3279	2
3280	2
3281	2
3282	2
3283	0
3284	3
3285	3
3286	2
3287	2
3288	2
3289	3
3290	2
3291	2
3292	2
3293	2
3294	2
3295	2
3296	2
3297	3
3298	0
3299	2
3300	2
3301	2
3302	3
3303	3
3304	2
3305	2
3306	2
3307	2
3308	2
3309	2
3310	2
3311	2
3312	2
3313	2
3314	3
3315	2
3316	2
3317	2
3318	3
3319	0
3320	0
3321	2
3322	2
3323	2
3324	2
3325	1
3326	2
3327	0
3328	3
3329	2
3330	1
3331	2
3332	0
3333	2
3334	3
3335	3
3336	2
3337	2
3338	0
3339	0
3340	1
3341	2
3342	2
3343	2
3344	3
3345	2
3346	2
3347	3
3348	1
3349	2
3350	2
3351	2
3352	2
3353	0
3354	2
3355	2
3356	2
3357	3
3358	2
3359	2
3360	2
3361	2
3362	2
3363	0
3364	2
3365	2
3366	3
3367	3
3368	2
3369	2
3370	2
3371	2
3372	2
3373	0
3374	2
3375	2
3376	2
3377	2
3378	2
3379	2
3380	0
3381	2
3382	2
3383	2
3384	2
3385	1
3386	2
3387	2
3388	0
3389	3
3390	2
3391	2
3392	0
3393	3
3394	0
3395	0
3396	2
3397	2
3398	2
3399	2
3400	2
3401	2
3402	2
3403	2
3404	3
3405	2
3406	2
3407	2
3408	3
3409	2
3410	2
3411	2
3412	2
3413	2
3414	3
3415	2
3416	0
3417	2
3418	2
3419	2
3420	2
3421	2
3422	2
3423	2
3424	2
3425	2
3426	2
3427	2
3428	0
3429	1
3430	3
3431	2
3432	2
3433	2
3434	2
3435	0
3436	2
3437	2
3438	0
3439	2
3440	2
3441	2
3442	2
3443	2
3444	3
3445	2
3446	3
3447	2
3448	0
3449	2
3450	3
3451	2
3452	3
3453	2
3454	3
3455	0
3456	2
3457	2
3458	3
3459	2
3460	0
3461	1
3462	3
3463	2
3464	3
3465	2
3466	3
3467	3
3468	2
3469	0
3470	0
3471	2
3472	2
3473	2
3474	2
3475	2
3476	2
3477	2
3478	2
3479	2
3480	3
3481	3
3482	3
3483	2
3484	3
3485	2
3486	2
3487	0
3488	2
3489	3
3490	2
3491	2
3492	2
3493	2
3494	3
3495	2
3496	2
3497	2
3498	2
3499	2
3500	2
3501	0
3502	2
3503	3
3504	2
3505	2
3506	0
3507	0
3508	3
3509	2
3510	2
3511	2
3512	2
3513	3
3514	2
3515	2
3516	2
3517	2
3518	3
3519	2
3520	2
3521	2
3522	3
3523	3
3524	2
3525	2
3526	2
3527	3
3528	2
3529	3
3530	2
3531	3
3532	2
3533	2
3534	2
3535	2
3536	2
3537	2
3538	2
3539	2
3540	2
3541	0
3542	2
3543	2
3544	2
3545	2
3546	2
3547	2
3548	2
3549	2
3550	2
3551	2
3552	2
3553	3
3554	2
3555	1
3556	2
3557	2
3558	2
3559	3
3560	2
3561	3
3562	2
3563	2
3564	2
3565	2
3566	2
3567	2
3568	3
3569	3
3570	2
3571	2
3572	2
3573	0
3574	2
3575	1
3576	3
3577	2
3578	2
3579	0
3580	2
3581	2
3582	2
3583	0
3584	2
3585	3
3586	0
3587	2
3588	0
3589	2
3590	2
3591	3
3592	2
3593	2
3594	2
3595	3
3596	2
3597	2
3598	3
3599	2
3600	2
3601	2
3602	3
3603	3
3604	1
3605	2
3606	2
3607	2
3608	2
3609	0
3610	2
3611	2
3612	2
3613	2
3614	3
3615	2
3616	2
3617	3
3618	2
3619	0
3620	0
3621	2
3622	2
3623	3
3624	2
3625	1
3626	1
3627	2
3628	3
3629	0
3630	3
3631	2
3632	2
3633	2
3634	0
3635	2
3636	2
3637	2
3638	2
3639	0
3640	2
3641	3
3642	2
3643	3
3644	0
3645	2
3646	2
3647	3
3648	2
3649	2
3650	2
3651	0
3652	2
3653	2
3654	2
3655	2
3656	3
3657	2
3658	2
3659	3
3660	0
3661	2
3662	2
3663	2
3664	2
3665	2
3666	2
3667	2
3668	2
3669	2
3670	0
3671	2
3672	2
3673	1
3674	2
3675	2
3676	0
3677	2
3678	2
3679	2
3680	2
3681	2
3682	2
3683	0
3684	2
3685	2
3686	3
3687	2
3688	2
3689	2
3690	0
3691	2
3692	2
3693	2
3694	0
3695	3
3696	2
3697	2
3698	2
3699	2
3700	3
3701	2
3702	0
3703	0
3704	1
3705	2
3706	3
3707	2
3708	0
3709	3
3710	2
3711	0
3712	2
3713	2
3714	3
3715	2
3716	2
3717	2
3718	2
3719	2
3720	2
3721	2
3722	2
3723	3
3724	2
3725	2
3726	2
3727	2
3728	3
3729	2
3730	2
3731	2
3732	2
3733	2
3734	3
3735	2
3736	2
3737	2
3738	3
3739	2
3740	2
3741	2
3742	2
3743	2
3744	2
3745	2
3746	2
3747	2
3748	2
3749	1
3750	2
3751	2
3752	2
3753	2
3754	2
3755	2
3756	2
3757	2
3758	2
3759	3
3760	2
3761	2
3762	2
3763	2
3764	1
3765	2
3766	2
3767	2
3768	2
3769	0
3770	2
3771	2
3772	2
3773	3
3774	3
3775	2
3776	3
3777	2
3778	2
3779	2
3780	2
3781	2
3782	2
3783	2
3784	2
3785	3
3786	2
3787	2
3788	2
3789	2
3790	2
3791	2
3792	0
3793	2
3794	2
3795	0
3796	2
3797	0
3798	2
3799	2
3800	0
3801	2
3802	3
3803	2
3804	2
3805	2
3806	2
3807	2
3808	2
3809	2
3810	2
3811	1
3812	2
3813	3
3814	3
3815	2
3816	2
3817	2
3818	2
3819	2
3820	2
3821	2
3822	2
3823	2
3824	3
3825	2
3826	2
3827	2
3828	2
3829	0
3830	3
3831	2
3832	3
3833	2
3834	2
3835	1
3836	1
3837	2
3838	3
3839	0
3840	3
3841	0
3842	3
3843	2
3844	0
3845	2
3846	0
3847	3
3848	3
3849	2
3850	2
3851	0
3852	2
3853	2
3854	2
3855	2
3856	0
3857	3
3858	0
3859	3
3860	2
3861	2
3862	3
3863	2
3864	2
3865	0
3866	2
3867	3
3868	2
3869	0
3870	2
3871	2
3872	3
3873	2
3874	2
3875	0
3876	1
3877	2
3878	3
3879	3
3880	2
3881	3
3882	2
3883	2
3884	2
3885	0
3886	2
3887	0
3888	2
3889	2
3890	2
3891	2
3892	3
3893	3
3894	3
3895	3
3896	2
3897	0
3898	2
3899	3
3900	0
3901	2
3902	2
3903	2
3904	3
3905	0
3906	2
3907	2
3908	2
3909	2
3910	2
3911	2
3912	0
3913	0
3914	2
3915	2
3916	3
3917	2
3918	2
3919	2
3920	2
3921	2
3922	2
3923	3
3924	2
3925	2
3926	3
3927	2
3928	2
3929	2
3930	2
3931	2
3932	2
3933	2
3934	2
3935	0
3936	0
3937	2
3938	1
3939	0
3940	2
3941	2
3942	3
3943	2
3944	2
3945	2
3946	2
3947	0
3948	0
3949	2
3950	0
3951	2
3952	2
3953	2
3954	2
3955	2
3956	3
3957	2
3958	2
3959	2
3960	2
3961	2
3962	3
3963	0
3964	2
3965	3
3966	3
3967	1
3968	2
3969	2
3970	2
3971	2
3972	2
3973	3
3974	2
3975	2
3976	2
3977	2
3978	2
3979	1
3980	2
3981	2
3982	2
3983	2
3984	3
3985	3
3986	2
3987	2
3988	2
3989	2
3990	2
3991	2
3992	2
3993	0
3994	2
3995	2
3996	3
3997	3
3998	2
3999	2
4000	2
4001	2
4002	2
4003	2
4004	2
4005	1
4006	2
4007	2
4008	2
4009	2
4010	2
4011	2
4012	2
4013	0
4014	2
4015	2
4016	2
4017	2
4018	2
4019	2
4020	2
4021	2
4022	2
4023	2
4024	2
4025	2
4026	2
4027	2
4028	2
4029	2
4030	3
4031	2
4032	3
4033	2
4034	3
4035	2
4036	2
4037	2
4038	2
4039	2
4040	2
4041	2
4042	2
4043	3
4044	2
4045	2
4046	2
4047	0
4048	0
4049	2
4050	2
4051	3
4052	2
4053	3
4054	2
4055	0
4056	0
4057	2
4058	2
4059	1
4060	2
4061	2
4062	2
4063	2
4064	3
4065	2
4066	2
4067	2
4068	0
4069	2
4070	3
4071	0
4072	2
4073	3
4074	2
4075	2
4076	2
4077	2
4078	2
4079	2
4080	2
4081	0
4082	2
4083	2
4084	2
4085	1
4086	0
4087	2
4088	3
4089	3
4090	2
4091	2
4092	0
4093	1
4094	2
4095	2
4096	2
4097	0
4098	3
4099	2
4100	2
4101	2
4102	3
4103	3
4104	2
4105	2
4106	2
4107	2
4108	0
4109	2
4110	3
4111	2
4112	2
4113	2
4114	2
4115	1
4116	0
4117	2
4118	2
4119	2
4120	2
4121	2
4122	0
4123	2
4124	3
4125	3
4126	3
4127	3
4128	0
4129	3
4130	2
4131	3
4132	2
4133	2
4134	2
4135	3
4136	2
4137	2
4138	0
4139	3
4140	2
4141	2
4142	3
4143	2
4144	2
4145	3
4146	2
4147	3
4148	1
4149	2
4150	1
4151	2
4152	0
4153	2
4154	3
4155	2
4156	1
4157	2
4158	0
4159	2
4160	2
4161	2
4162	2
4163	0
4164	2
4165	3
4166	3
4167	3
4168	3
4169	2
4170	1
4171	2
4172	3
4173	1
4174	2
4175	2
4176	2
4177	0
4178	2
4179	2
4180	2
4181	2
4182	2
4183	0
4184	2
4185	0
4186	2
4187	2
4188	2
4189	3
4190	2
4191	2
4192	2
4193	2
4194	2
4195	2
4196	2
4197	2
4198	2
4199	0
4200	2
4201	2
4202	2
4203	2
4204	2
4205	2
4206	2
4207	2
4208	2
4209	2
4210	2
4211	3
4212	3
4213	2
4214	2
4215	2
4216	3
4217	2
4218	3
4219	3
4220	2
4221	3
4222	2
4223	2
4224	2
4225	2
4226	3
4227	2
4228	2
4229	2
4230	2
4231	0
4232	0
4233	3
4234	2
4235	2
4236	2
4237	3
4238	2
4239	2
4240	0
4241	3
4242	0
4243	2
4244	2
4245	2
4246	2
4247	3
4248	2
4249	2
4250	3
4251	2
4252	3
4253	2
4254	2
4255	3
4256	2
4257	2
4258	2
4259	2
4260	3
4261	2
4262	2
4263	2
4264	2
4265	2
4266	2
4267	3
4268	0
4269	2
4270	2
4271	2
4272	2
4273	2
4274	0
4275	2
4276	2
4277	2
4278	3
4279	2
4280	2
4281	2
4282	2
4283	2
4284	2
4285	0
4286	3
4287	0
4288	3
4289	2
4290	3
4291	2
4292	2
4293	2
4294	2
4295	2
4296	3
4297	0
4298	2
4299	2
4300	3
4301	3
4302	2
4303	2
4304	2
4305	2
4306	2
4307	2
4308	2
4309	2
4310	2
4311	2
4312	2
4313	2
4314	0
4315	2
4316	2
4317	2
4318	2
4319	2
4320	2
4321	3
4322	2
4323	0
4324	2
4325	2
4326	3
4327	3
4328	2
4329	3
4330	2
4331	1
4332	2
4333	3
4334	2
4335	2
4336	2
4337	2
4338	1
4339	2
4340	3
4341	3
4342	2
4343	2
4344	3
4345	0
4346	3
4347	2
4348	3
4349	2
4350	2
4351	0
4352	2
4353	2
4354	0
4355	2
4356	2
4357	2
4358	2
4359	3
4360	3
4361	2
4362	0
4363	2
4364	1
4365	2
4366	3
4367	2
4368	2
4369	2
4370	2
4371	1
4372	0
4373	2
4374	2
4375	2
4376	2
4377	2
4378	0
4379	2
4380	3
4381	2
4382	3
4383	2
4384	1
4385	2
4386	2
4387	2
4388	2
4389	2
4390	0
4391	3
4392	2
4393	3
4394	2
4395	0
4396	0
4397	3
4398	3
4399	2
4400	2
4401	3
4402	2
4403	2
4404	3
4405	2
4406	3
4407	2
4408	2
4409	2
4410	2
4411	2
4412	0
4413	3
4414	0
4415	2
4416	2
4417	2
4418	2
4419	3
4420	3
4421	3
4422	2
4423	2
4424	2
4425	2
4426	2
4427	2
4428	3
4429	2
4430	2
4431	2
4432	2
4433	2
4434	2
4435	2
4436	2
4437	3
4438	2
4439	0
4440	2
4441	0
4442	2
4443	0
4444	2
4445	2
4446	2
4447	2
4448	2
4449	2
4450	2
4451	2
4452	2
4453	2
4454	3
4455	2
4456	2
4457	2
4458	3
4459	3
4460	2
4461	2
4462	2
4463	2
4464	2
4465	0
4466	2
4467	2
4468	2
4469	2
4470	2
4471	2
4472	3
4473	2
4474	3
4475	3
4476	2
4477	2
4478	2
4479	2
4480	2
4481	3
4482	3
4483	2
4484	2
4485	2
4486	2
4487	2
4488	2
4489	3
4490	2
4491	2
4492	3
4493	0
4494	3
4495	2
4496	3
4497	3
4498	2
4499	2
4500	2
4501	3
4502	2
4503	2
4504	3
4505	3
4506	2
4507	2
4508	2
4509	2
4510	2
4511	2
4512	3
4513	0
4514	2
4515	2
4516	2
4517	1
4518	3
4519	3
4520	2
4521	2
4522	1
4523	2
4524	3
4525	2
4526	2
4527	2
4528	2
4529	1
4530	0
4531	3
4532	3
4533	0
4534	3
4535	2
4536	3
4537	2
4538	2
4539	2
4540	2
4541	0
4542	3
4543	2
4544	2
4545	2
4546	2
4547	0
4548	2
4549	2
4550	2
4551	2
4552	2
4553	1
4554	2
4555	3
4556	2
4557	3
4558	3
4559	2
4560	2
4561	2
4562	2
4563	2
4564	2
4565	2
4566	0
4567	2
4568	2
4569	2
4570	2
4571	0
4572	2
4573	0
4574	2
4575	2
4576	3
4577	2
4578	3
4579	0
4580	2
4581	3
4582	3
4583	3
4584	2
4585	3
4586	2
4587	2
4588	2
4589	0
4590	2
4591	2
4592	3
4593	2
4594	0
4595	2
4596	2
4597	3
4598	2
4599	2
4600	3
4601	2
4602	2
4603	2
4604	1
4605	0
4606	2
4607	2
4608	2
4609	3
4610	2
4611	2
4612	2
4613	0
4614	2
4615	3
4616	2
4617	3
4618	2
4619	0
4620	0
4621	2
4622	3
4623	2
4624	2
4625	1
4626	2
4627	2
4628	0
4629	2
4630	2
4631	2
4632	2
4633	2
4634	2
4635	2
4636	2
4637	1
4638	2
4639	2
4640	2
4641	0
4642	2
4643	1
4644	2
4645	2
4646	2
4647	2
4648	2
4649	2
4650	2
4651	3
4652	2
4653	0
4654	3
4655	2
4656	1
4657	2
4658	2
4659	2
4660	3
4661	2
4662	2
4663	2
4664	2
4665	2
4666	2
4667	2
4668	3
4669	3
4670	3
4671	0
4672	2
4673	2
4674	2
4675	3
4676	0
4677	3
4678	3
4679	2
4680	3
4681	2
4682	2
4683	2
4684	3
4685	2
4686	2
4687	2
4688	0
4689	2
4690	2
4691	2
4692	2
4693	2
4694	2
4695	3
4696	2
4697	0
4698	2
4699	2
4700	0
4701	2
4702	2
4703	2
4704	3
4705	2
4706	2
4707	2
4708	2
4709	2
4710	0
4711	2
4712	2
4713	2
4714	2
4715	2
4716	0
4717	2
4718	2
4719	2
4720	2
4721	3
4722	2
4723	1
4724	2
4725	3
4726	2
4727	2
4728	1
4729	2
4730	0
4731	2
4732	2
4733	2
4734	0
4735	0
4736	2
4737	2
4738	3
4739	2
4740	2
4741	0
4742	2
4743	2
4744	1
4745	3
4746	2
4747	2
4748	2
4749	0
4750	2
4751	2
4752	3
4753	3
4754	2
4755	0
4756	3
4757	2
4758	2
4759	2
4760	2
4761	3
4762	2
4763	2
4764	2
4765	2
4766	2
4767	3
4768	2
4769	2
4770	2
4771	2
4772	2
4773	2
4774	2
4775	2
4776	2
4777	2
4778	2
4779	2
4780	0
4781	2
4782	3
4783	2
4784	2
4785	1
4786	3
4787	2
4788	2
4789	0
4790	2
4791	2
4792	3
4793	2
4794	2
4795	2
4796	2
4797	3
4798	3
4799	2
4800	1
4801	1
4802	3
4803	2
4804	2
4805	2
4806	2
4807	1
4808	2
4809	3
4810	2
4811	2
4812	3
4813	3
4814	2
4815	2
4816	3
4817	2
4818	2
4819	2
4820	2
4821	3
4822	2
4823	2
4824	3
4825	3
4826	3
4827	2
4828	0
4829	0
4830	2
4831	2
4832	2
4833	2
4834	1
4835	0
4836	2
4837	2
4838	2
4839	3
4840	2
4841	2
4842	2
4843	2
4844	2
4845	0
4846	2
4847	2
4848	2
4849	0
4850	0
4851	0
4852	2
4853	2
4854	2
4855	2
4856	3
4857	2
4858	2
4859	2
4860	3
4861	3
4862	3
4863	2
4864	2
4865	3
4866	0
4867	2
4868	2
4869	2
4870	2
4871	3
4872	2
4873	2
4874	3
4875	3
4876	1
4877	0
4878	2
4879	0
4880	2
4881	2
4882	2
4883	1
4884	3
4885	2
4886	2
4887	2
4888	2
4889	2
4890	3
4891	2
4892	2
4893	3
4894	3
4895	3
4896	3
4897	2
4898	2
4899	2
4900	2
4901	2
4902	3
4903	2
4904	2
4905	3
4906	3
4907	2
4908	2
4909	0
4910	2
4911	0
4912	3
4913	2
4914	2
4915	3
4916	3
4917	2
4918	3
4919	3
4920	2
4921	2
4922	2
4923	2
4924	0
4925	2
4926	3
4927	0
4928	2
4929	2
4930	3
4931	3
4932	2
4933	2
4934	3
4935	3
4936	2
4937	2
4938	2
4939	2
4940	3
4941	2
4942	2
4943	3
4944	2
4945	2
4946	2
4947	3
4948	0
4949	2
4950	2
4951	0
4952	2
4953	0
4954	3
4955	3
4956	2
4957	2
4958	2
4959	2
4960	2
4961	3
4962	2
4963	2
4964	2
4965	2
4966	3
4967	2
4968	2
4969	2
4970	2
4971	2
4972	2
4973	2
4974	2
4975	2
4976	0
4977	2
4978	2
4979	1
4980	2
4981	3
4982	2
4983	0
4984	3
4985	2
4986	3
4987	2
4988	2
4989	2
4990	2
4991	2
4992	2
4993	2
4994	3
4995	0
4996	2
4997	2
4998	2
4999	2
5000	2
5001	3
5002	2
5003	2
5004	2
5005	3
5006	2
5007	2
5008	3
5009	3
5010	2
5011	2
5012	2
5013	2
5014	2
5015	2
5016	0
5017	2
5018	2
5019	2
5020	2
5021	3
5022	2
5023	3
5024	2
5025	2
5026	3
5027	2
5028	2
5029	2
5030	2
5031	2
5032	2
5033	2
5034	3
5035	0
5036	0
5037	2
5038	2
5039	2
5040	2
5041	2
5042	2
5043	3
5044	2
5045	0
5046	2
5047	2
5048	3
5049	2
5050	2
5051	3
5052	1
5053	2
5054	3
5055	2
5056	2
5057	2
5058	2
5059	0
5060	2
5061	2
5062	2
5063	3
5064	2
5065	3
5066	2
5067	3
5068	2
5069	3
5070	2
5071	2
5072	2
5073	2
5074	2
5075	2
5076	2
5077	2
5078	2
5079	2
5080	2
5081	3
5082	2
5083	2
5084	3
5085	0
5086	0
5087	2
5088	2
5089	3
5090	2
5091	0
5092	2
5093	2
5094	3
5095	3
5096	2
5097	2
5098	2
5099	0
5100	2
5101	2
5102	3
5103	2
5104	2
5105	2
5106	2
5107	2
5108	2
5109	2
5110	2
5111	3
5112	3
5113	0
5114	2
5115	2
5116	2
5117	0
5118	2
5119	3
5120	3
5121	3
5122	0
5123	2
5124	2
5125	2
5126	2
5127	2
5128	3
5129	3
5130	2
5131	2
5132	0
5133	2
5134	2
5135	3
5136	2
5137	2
5138	2
5139	3
5140	2
5141	3
5142	2
5143	2
5144	3
5145	2
5146	0
5147	2
5148	2
5149	0
5150	2
5151	2
5152	2
5153	2
5154	3
5155	3
5156	2
5157	2
5158	2
5159	2
5160	1
5161	2
5162	2
5163	2
5164	0
5165	2
5166	2
5167	2
5168	2
5169	2
5170	2
5171	2
5172	3
5173	2
5174	3
5175	0
5176	2
5177	2
5178	0
5179	2
5180	2
5181	2
5182	2
5183	2
5184	2
5185	2
5186	3
5187	0
5188	3
5189	2
5190	2
5191	2
5192	2
5193	3
5194	2
5195	0
5196	1
5197	1
5198	3
5199	0
5200	0
5201	2
5202	2
5203	0
5204	2
5205	2
5206	2
5207	2
5208	2
5209	3
5210	2
5211	2
5212	3
5213	2
5214	2
5215	2
5216	2
5217	2
5218	2
5219	2
5220	2
5221	2
5222	1
5223	2
5224	2
5225	2
5226	2
5227	2
5228	2
5229	2
5230	2
5231	2
5232	2
5233	2
5234	3
5235	2
5236	2
5237	2
5238	0
5239	2
5240	0
5241	2
5242	2
5243	2
5244	0
5245	3
5246	2
5247	2
5248	2
5249	0
5250	3
5251	2
5252	1
5253	2
5254	2
5255	2
5256	2
5257	3
5258	2
5259	2
5260	2
5261	1
5262	2
5263	2
5264	0
5265	3
5266	2
5267	2
5268	2
5269	1
5270	2
5271	2
5272	2
5273	2
5274	2
5275	2
5276	3
5277	2
5278	2
5279	3
5280	3
5281	2
5282	2
5283	2
5284	2
5285	0
5286	2
5287	2
5288	2
5289	2
5290	2
5291	3
5292	2
5293	2
5294	2
5295	2
5296	3
5297	2
5298	0
5299	2
5300	2
5301	2
5302	2
5303	2
5304	2
5305	0
5306	2
5307	2
5308	0
5309	2
5310	3
5311	0
5312	3
5313	2
5314	2
5315	2
5316	2
5317	2
5318	2
5319	2
5320	2
5321	3
5322	2
5323	3
5324	3
5325	3
5326	0
5327	0
5328	3
5329	1
5330	2
5331	1
5332	2
5333	0
5334	2
5335	2
5336	3
5337	2
5338	2
5339	0
5340	3
5341	2
5342	3
5343	3
5344	2
5345	2
5346	2
5347	2
5348	3
5349	2
5350	3
5351	2
5352	2
5353	2
5354	2
5355	2
5356	2
5357	2
5358	2
5359	2
5360	3
5361	0
5362	3
5363	2
5364	2
5365	0
5366	2
5367	2
5368	3
5369	2
5370	2
5371	2
5372	2
5373	3
5374	2
5375	3
5376	2
5377	0
5378	0
5379	2
5380	2
5381	3
5382	3
5383	3
5384	3
5385	2
5386	3
5387	2
5388	0
5389	2
5390	3
5391	3
5392	2
5393	2
5394	2
5395	0
5396	2
5397	2
5398	2
5399	2
5400	3
5401	1
5402	0
5403	2
5404	2
5405	2
5406	2
5407	2
5408	2
5409	2
5410	0
5411	2
5412	2
5413	2
5414	2
5415	2
5416	1
5417	2
5418	3
5419	2
5420	3
5421	3
5422	2
5423	2
5424	2
5425	3
5426	2
5427	2
5428	3
5429	2
5430	2
5431	2
5432	2
5433	2
5434	3
5435	2
5436	2
5437	3
5438	2
5439	2
5440	2
5441	2
5442	3
5443	2
5444	2
5445	2
5446	0
5447	2
5448	3
5449	2
5450	2
5451	2
5452	2
5453	2
5454	2
5455	0
5456	0
5457	2
5458	2
5459	2
5460	2
5461	3
5462	2
5463	2
5464	2
5465	2
5466	3
5467	2
5468	2
5469	2
5470	2
5471	2
5472	0
5473	2
5474	2
5475	2
5476	2
5477	2
5478	3
5479	2
5480	2
5481	2
5482	2
5483	2
5484	2
5485	2
5486	2
5487	0
5488	2
5489	2
5490	2
5491	2
5492	2
5493	3
5494	0
5495	0
5496	2
5497	2
5498	3
5499	2
5500	0
5501	2
5502	3
5503	3
5504	2
5505	1
5506	3
5507	2
5508	2
5509	0
5510	2
5511	3
5512	2
5513	2
5514	2
5515	3
5516	2
5517	3
5518	3
5519	2
5520	3
5521	3
5522	2
5523	0
5524	2
5525	2
5526	3
5527	2
5528	2
5529	2
5530	2
5531	2
5532	2
5533	0
5534	2
5535	3
5536	2
5537	2
5538	2
5539	0
5540	2
5541	0
5542	2
5543	0
5544	2
5545	3
5546	2
5547	3
5548	2
5549	2
5550	2
5551	2
5552	2
5553	2
5554	2
5555	2
5556	2
5557	2
5558	2
5559	2
5560	2
5561	2
5562	2
5563	2
5564	0
5565	2
5566	3
5567	1
5568	3
5569	2
5570	3
5571	2
5572	2
5573	2
5574	2
5575	2
5576	2
5577	3
5578	2
5579	3
5580	3
5581	3
5582	2
5583	2
5584	2
5585	2
5586	2
5587	0
5588	2
5589	1
5590	1
5591	2
5592	1
5593	2
5594	2
5595	0
5596	3
5597	2
5598	2
5599	2
5600	2
5601	3
5602	2
5603	3
5604	0
5605	2
5606	3
5607	2
5608	2
5609	2
5610	2
5611	2
5612	2
5613	0
5614	2
5615	2
5616	3
5617	2
5618	2
5619	2
5620	0
5621	2
5622	2
5623	2
5624	3
5625	2
5626	2
5627	2
5628	2
5629	0
5630	2
5631	1
5632	2
5633	1
5634	2
5635	2
5636	2
5637	2
5638	2
5639	2
5640	0
5641	0
5642	3
5643	2
5644	1
5645	0
5646	0
5647	0
5648	2
5649	2
5650	2
5651	1
5652	0
5653	0
5654	0
5655	2
5656	3
5657	0
5658	2
5659	2
5660	2
5661	3
5662	2
5663	3
5664	2
5665	2
5666	1
5667	0
5668	2
5669	2
5670	2
5671	2
5672	3
5673	3
5674	2
5675	3
5676	3
5677	2
5678	3
5679	2
5680	0
5681	2
5682	3
5683	2
5684	0
5685	2
5686	3
5687	3
5688	0
5689	3
5690	2
5691	3
5692	3
5693	2
5694	3
5695	1
5696	2
5697	0
5698	2
5699	2
5700	2
5701	2
5702	3
5703	2
5704	2
5705	2
5706	2
5707	2
5708	0
5709	2
5710	2
5711	0
5712	0
5713	2
5714	2
5715	2
5716	0
5717	2
5718	2
5719	2
5720	2
5721	2
5722	1
5723	0
5724	2
5725	0
5726	2
5727	0
5728	2
5729	2
5730	2
5731	2
5732	2
5733	2
5734	2
5735	2
5736	2
5737	2
5738	3
5739	2
5740	2
5741	2
5742	2
5743	2
5744	2
5745	2
5746	2
5747	2
5748	2
5749	2
5750	0
5751	0
5752	0
5753	2
5754	2
5755	2
5756	3
5757	2
5758	3
5759	2
5760	2
5761	2
5762	3
5763	2
5764	0
5765	2
5766	2
5767	2
5768	2
5769	2
5770	2
5771	2
5772	2
5773	2
5774	3
5775	2
5776	3
5777	3
5778	2
5779	3
5780	2
5781	2
5782	3
5783	3
5784	2
5785	3
5786	2
5787	2
5788	2
5789	2
5790	2
5791	3
5792	2
5793	2
5794	2
5795	2
5796	2
5797	2
5798	2
5799	0
5800	2
5801	3
5802	2
5803	2
5804	1
5805	2
5806	2
5807	3
5808	2
5809	2
5810	0
5811	2
5812	2
5813	2
5814	2
5815	2
5816	2
5817	2
5818	3
5819	2
5820	3
5821	2
5822	3
5823	2
5824	2
5825	2
5826	2
5827	3
5828	2
5829	2
5830	2
5831	2
5832	2
5833	3
5834	2
5835	3
5836	3
5837	3
5838	2
5839	2
5840	3
5841	2
5842	2
5843	2
5844	3
5845	3
5846	2
5847	0
5848	2
5849	2
5850	2
5851	0
5852	3
5853	2
5854	2
5855	2
5856	2
5857	2
5858	2
5859	2
5860	0
5861	2
5862	3
5863	2
5864	2
5865	2
5866	2
5867	0
5868	2
5869	2
5870	2
5871	0
5872	0
5873	2
5874	0
5875	0
5876	3
5877	2
5878	2
5879	2
5880	3
5881	1
5882	3
5883	2
5884	3
5885	3
5886	2
5887	2
5888	2
5889	0
5890	0
5891	2
5892	2
5893	3
5894	2
5895	3
5896	3
5897	2
5898	3
5899	3
5900	3
5901	0
5902	3
5903	3
5904	2
5905	2
5906	2
5907	3
5908	3
5909	2
5910	2
5911	2
5912	3
5913	2
5914	0
5915	2
5916	2
5917	2
5918	2
5919	2
5920	2
5921	0
5922	2
5923	1
5924	2
5925	2
5926	2
5927	2
5928	2
5929	3
5930	2
5931	3
5932	0
5933	3
5934	3
5935	2
5936	2
5937	2
5938	2
5939	2
5940	3
5941	2
5942	3
5943	2
5944	2
5945	2
5946	2
5947	0
5948	2
5949	2
5950	3
5951	2
5952	2
5953	3
5954	3
5955	3
5956	2
5957	2
5958	0
5959	2
5960	1
5961	2
5962	2
5963	2
5964	0
5965	2
5966	1
5967	0
5968	2
5969	2
5970	2
5971	2
5972	2
5973	3
5974	2
5975	0
5976	2
5977	3
5978	0
5979	2
5980	3
5981	2
5982	2
5983	2
5984	2
5985	2
5986	2
5987	2
5988	2
5989	2
5990	3
5991	2
5992	2
5993	3
5994	0
5995	2
5996	2
5997	2
5998	1
5999	2
6000	2
6001	3
6002	3
6003	2
6004	2
6005	2
6006	0
6007	0
6008	2
6009	2
6010	2
6011	3
6012	0
6013	2
6014	2
6015	1
6016	2
6017	0
6018	3
6019	2
6020	2
6021	3
6022	2
6023	3
6024	2
6025	2
6026	3
6027	2
6028	2
6029	3
6030	2
6031	2
6032	3
6033	3
6034	0
6035	2
6036	2
6037	2
6038	3
6039	3
6040	2
6041	3
6042	0
6043	2
6044	2
6045	2
6046	2
6047	0
6048	3
6049	2
6050	2
6051	2
6052	2
6053	3
6054	3
6055	0
6056	2
6057	3
6058	2
6059	2
6060	0
6061	2
6062	2
6063	0
6064	2
6065	2
6066	2
6067	2
6068	2
6069	2
6070	0
6071	2
6072	0
6073	2
6074	3
6075	2
6076	0
6077	2
6078	3
6079	1
6080	3
6081	2
6082	2
6083	2
6084	0
6085	2
6086	2
6087	2
6088	2
6089	1
6090	2
6091	3
6092	3
6093	3
6094	2
6095	1
6096	2
6097	2
6098	0
6099	2
6100	2
6101	3
6102	2
6103	3
6104	2
6105	2
6106	3
6107	0
6108	2
6109	2
6110	2
6111	2
6112	2
6113	2
6114	2
6115	2
6116	2
6117	2
6118	1
6119	2
6120	2
6121	2
6122	0
6123	3
6124	3
6125	2
6126	2
6127	3
6128	2
6129	2
6130	0
6131	2
6132	2
6133	1
6134	2
6135	2
6136	2
6137	2
6138	2
6139	2
6140	3
6141	3
6142	2
6143	2
6144	3
6145	0
6146	2
6147	2
6148	0
6149	0
6150	2
6151	3
6152	2
6153	2
6154	0
6155	2
6156	2
6157	2
6158	3
6159	2
6160	2
6161	2
6162	2
6163	3
6164	3
6165	2
6166	3
6167	2
6168	2
6169	2
6170	3
6171	0
6172	0
6173	2
6174	2
6175	2
6176	3
6177	2
6178	2
6179	2
6180	2
6181	2
6182	2
6183	3
6184	2
6185	3
6186	2
6187	3
6188	3
6189	0
6190	0
6191	2
6192	2
6193	2
6194	0
6195	2
6196	3
6197	2
6198	2
6199	3
6200	2
6201	2
6202	2
6203	2
6204	2
6205	3
6206	2
6207	3
6208	2
6209	2
6210	2
6211	0
6212	2
6213	2
6214	3
6215	3
6216	2
6217	2
6218	3
6219	2
6220	2
6221	0
6222	2
6223	2
6224	2
6225	2
6226	2
6227	2
6228	2
6229	2
6230	2
6231	3
6232	2
6233	2
6234	2
6235	2
6236	2
6237	2
6238	2
6239	2
6240	2
6241	0
6242	2
6243	0
6244	2
6245	2
6246	3
6247	3
6248	2
6249	2
6250	2
6251	0
6252	2
6253	2
6254	2
6255	0
6256	2
6257	2
6258	2
6259	2
6260	2
6261	2
6262	2
6263	0
6264	3
6265	0
6266	0
6267	3
6268	0
6269	2
6270	2
6271	2
6272	3
6273	2
6274	3
6275	3
6276	0
6277	2
6278	2
6279	2
6280	0
6281	3
6282	2
6283	2
6284	2
6285	2
6286	2
6287	2
6288	3
6289	2
6290	2
6291	2
6292	2
6293	2
6294	3
6295	2
6296	2
6297	2
6298	3
6299	2
6300	2
6301	2
6302	2
6303	2
6304	2
6305	2
6306	2
6307	0
6308	2
6309	0
6310	2
6311	2
6312	2
6313	1
6314	2
6315	3
6316	2
6317	2
6318	2
6319	3
6320	2
6321	2
6322	2
6323	2
6324	3
6325	2
6326	2
6327	2
6328	2
6329	2
6330	2
6331	2
6332	2
6333	2
6334	2
6335	1
6336	3
6337	2
6338	2
6339	3
6340	0
6341	2
6342	2
6343	2
6344	2
6345	3
6346	2
6347	2
6348	3
6349	2
6350	2
6351	2
6352	2
6353	2
6354	2
6355	2
6356	0
6357	0
6358	2
6359	2
6360	2
6361	2
6362	3
6363	2
6364	2
6365	2
6366	3
6367	2
6368	2
6369	2
6370	2
6371	2
6372	2
6373	2
6374	1
6375	2
6376	2
6377	2
6378	2
6379	2
6380	2
6381	0
6382	3
6383	2
6384	2
6385	2
6386	0
6387	2
6388	2
6389	2
6390	2
6391	2
6392	2
6393	2
6394	2
6395	2
6396	3
6397	2
6398	2
6399	2
6400	2
6401	2
6402	2
6403	2
6404	2
6405	0
6406	2
6407	3
6408	2
6409	2
6410	2
6411	1
6412	1
6413	2
6414	2
6415	0
6416	2
6417	2
6418	2
6419	2
6420	2
6421	2
6422	2
6423	2
6424	2
6425	2
6426	3
6427	3
6428	2
6429	2
6430	2
6431	0
6432	2
6433	2
6434	3
6435	2
6436	3
6437	2
6438	0
6439	3
6440	2
6441	3
6442	2
6443	2
6444	3
6445	3
6446	0
6447	2
6448	2
6449	2
6450	2
6451	2
6452	1
6453	1
6454	3
6455	3
6456	2
6457	2
6458	2
6459	2
6460	0
6461	3
6462	3
6463	2
6464	2
6465	2
6466	2
6467	3
6468	2
6469	2
6470	2
6471	2
6472	2
6473	2
6474	2
6475	2
6476	3
6477	0
6478	2
6479	0
6480	3
6481	3
6482	2
6483	2
6484	2
6485	0
6486	2
6487	2
6488	2
6489	0
6490	2
6491	2
6492	2
6493	2
6494	2
6495	2
6496	2
6497	2
6498	3
6499	2
6500	2
6501	2
6502	3
6503	2
6504	2
6505	2
6506	2
6507	2
6508	2
6509	0
6510	2
6511	0
6512	2
6513	2
6514	2
6515	2
6516	2
6517	2
6518	0
6519	0
6520	2
6521	2
6522	1
6523	3
6524	1
6525	3
6526	2
6527	2
6528	2
6529	2
6530	2
6531	0
6532	0
6533	3
6534	2
6535	3
6536	0
6537	2
6538	2
6539	2
6540	3
6541	3
6542	2
6543	2
6544	3
6545	3
6546	2
6547	2
6548	2
6549	2
6550	3
6551	3
6552	2
6553	3
6554	3
6555	2
6556	2
6557	0
6558	3
6559	2
6560	2
6561	2
6562	2
6563	2
6564	2
6565	2
6566	0
6567	0
6568	2
6569	2
6570	2
6571	2
6572	2
6573	2
6574	2
6575	2
6576	0
6577	3
6578	0
6579	2
6580	2
6581	2
6582	2
6583	2
6584	0
6585	0
6586	2
6587	0
6588	2
6589	2
6590	3
6591	2
6592	3
6593	2
6594	2
6595	2
6596	2
6597	2
6598	2
6599	2
6600	2
6601	3
6602	2
6603	3
6604	3
6605	2
6606	2
6607	3
6608	2
6609	2
6610	2
6611	2
6612	2
6613	0
6614	2
6615	2
6616	3
6617	2
6618	3
6619	0
6620	3
6621	2
6622	2
6623	2
6624	2
6625	2
6626	2
6627	2
6628	2
6629	0
6630	0
6631	3
6632	1
6633	2
6634	2
6635	0
6636	2
6637	2
6638	2
6639	2
6640	0
6641	0
6642	0
6643	2
6644	2
6645	2
6646	0
6647	3
6648	2
6649	0
6650	2
6651	2
6652	0
6653	2
6654	2
6655	1
6656	0
6657	0
6658	2
6659	2
6660	0
6661	3
6662	3
6663	3
6664	2
6665	2
6666	2
6667	0
6668	1
6669	2
6670	0
6671	0
6672	3
6673	2
6674	2
6675	2
6676	0
6677	2
6678	2
6679	2
6680	2
6681	0
6682	3
6683	1
6684	0
6685	3
6686	1
6687	2
6688	2
6689	2
6690	1
6691	2
6692	3
6693	2
6694	3
6695	3
6696	2
6697	0
6698	2
6699	3
6700	3
6701	0
6702	2
6703	2
6704	3
6705	0
6706	3
6707	2
6708	3
6709	3
6710	2
6711	2
6712	3
6713	2
6714	2
6715	2
6716	3
6717	2
6718	2
6719	3
6720	2
6721	2
6722	2
6723	3
6724	2
6725	3
6726	2
6727	2
6728	0
6729	2
6730	2
6731	2
6732	3
6733	3
6734	2
6735	2
6736	3
6737	2
6738	2
6739	2
6740	2
6741	2
6742	1
6743	3
6744	0
6745	2
6746	3
6747	3
6748	1
6749	2
6750	2
6751	2
6752	0
6753	2
6754	2
6755	2
6756	2
6757	0
6758	3
6759	2
6760	2
6761	2
6762	2
6763	2
6764	2
6765	3
6766	2
6767	3
6768	2
6769	2
6770	2
6771	3
6772	2
6773	2
6774	2
6775	0
6776	2
6777	0
6778	3
6779	3
6780	2
6781	2
6782	2
6783	2
6784	2
6785	2
6786	3
6787	2
6788	1
6789	3
6790	3
6791	2
6792	2
6793	2
6794	2
6795	2
6796	3
6797	2
6798	2
6799	2
6800	3
6801	2
6802	2
6803	2
6804	2
6805	3
6806	2
6807	2
6808	2
6809	3
6810	3
6811	2
6812	2
6813	2
6814	2
6815	2
6816	2
6817	2
6818	1
6819	0
6820	3
6821	0
6822	1
6823	2
6824	2
6825	2
6826	2
6827	3
6828	2
6829	3
6830	2
6831	3
6832	1
6833	2
6834	3
6835	3
6836	2
6837	3
6838	2
6839	2
6840	0
6841	2
6842	2
6843	2
6844	0
6845	1
6846	0
6847	2
6848	3
6849	3
6850	0
6851	2
6852	2
6853	2
6854	2
6855	0
6856	2
6857	3
6858	2
6859	3
6860	2
6861	2
6862	2
6863	2
6864	3
6865	2
6866	2
6867	0
6868	2
6869	1
6870	0
6871	2
6872	2
6873	3
6874	3
6875	2
6876	2
6877	2
6878	2
6879	2
6880	3
6881	2
6882	0
6883	2
6884	2
6885	0
6886	2
6887	3
6888	2
6889	2
6890	2
6891	2
6892	2
6893	2
6894	2
6895	0
6896	1
6897	3
6898	2
6899	2
6900	0
6901	3
6902	2
6903	2
6904	2
6905	2
6906	0
6907	2
6908	3
6909	3
6910	2
6911	2
6912	2
6913	3
6914	2
6915	2
6916	0
6917	2
6918	2
6919	3
6920	2
6921	2
6922	2
6923	0
6924	2
6925	0
6926	0
6927	2
6928	2
6929	2
6930	2
6931	2
6932	2
6933	0
6934	2
6935	2
6936	2
6937	0
6938	2
6939	2
6940	1
6941	3
6942	2
6943	3
6944	2
6945	2
6946	3
6947	0
6948	3
6949	2
6950	0
6951	2
6952	2
6953	2
6954	2
6955	3
6956	3
6957	2
6958	2
6959	3
6960	2
6961	2
6962	1
6963	2
6964	3
6965	2
6966	3
6967	1
6968	3
6969	2
6970	2
6971	2
6972	0
6973	2
6974	3
6975	2
6976	0
6977	2
6978	2
6979	3
6980	2
6981	2
6982	2
6983	0
6984	3
6985	2
6986	2
6987	2
6988	2
6989	0
6990	2
6991	2
6992	2
6993	2
6994	0
6995	2
6996	0
6997	2
6998	1
6999	3
7000	3
7001	0
7002	2
7003	2
7004	3
7005	1
7006	2
7007	0
7008	0
7009	1
7010	0
7011	2
7012	2
7013	2
7014	2
7015	2
7016	2
7017	2
7018	3
7019	2
7020	2
7021	2
7022	0
7023	1
7024	0
7025	2
7026	2
7027	2
7028	2
7029	2
7030	2
7031	2
7032	3
7033	3
7034	3
7035	3
7036	3
7037	2
7038	2
7039	2
7040	3
7041	2
7042	3
7043	2
7044	2
7045	2
7046	2
7047	2
7048	2
7049	2
7050	2
7051	2
7052	3
7053	3
7054	2
7055	2
7056	3
7057	3
7058	2
7059	2
7060	2
7061	2
7062	2
7063	2
7064	2
7065	3
7066	2
7067	2
7068	2
7069	2
7070	2
7071	2
7072	2
7073	2
7074	2
7075	2
7076	2
7077	2
7078	2
7079	2
7080	0
7081	3
7082	2
7083	2
7084	0
7085	2
7086	3
7087	3
7088	2
7089	2
7090	2
7091	2
7092	2
7093	2
7094	2
7095	2
7096	3
7097	0
7098	2
7099	2
7100	0
7101	2
7102	3
7103	2
7104	2
7105	2
7106	2
7107	2
7108	2
7109	2
7110	2
7111	3
7112	3
7113	3
7114	2
7115	2
7116	2
7117	2
7118	2
7119	0
7120	2
7121	2
7122	2
7123	0
7124	2
7125	0
7126	2
7127	2
7128	2
7129	0
7130	3
7131	0
7132	3
7133	3
7134	0
7135	2
7136	3
7137	3
7138	0
7139	2
7140	3
7141	0
7142	0
7143	2
7144	2
7145	2
7146	2
7147	2
7148	2
7149	1
7150	2
7151	2
7152	3
7153	2
7154	1
7155	2
7156	2
7157	3
7158	2
7159	3
7160	2
7161	2
7162	2
7163	3
7164	3
7165	1
7166	3
7167	2
7168	2
7169	3
7170	2
7171	2
7172	3
7173	2
7174	2
7175	2
7176	2
7177	0
7178	2
7179	2
7180	1
7181	2
7182	0
7183	0
7184	2
7185	2
7186	2
7187	2
7188	2
7189	2
7190	2
7191	2
7192	2
7193	2
7194	1
7195	3
7196	3
7197	3
7198	2
7199	3
7200	3
7201	2
7202	2
7203	2
7204	3
7205	2
7206	1
7207	2
7208	2
7209	2
7210	2
7211	2
7212	3
7213	0
7214	0
7215	2
7216	2
7217	2
7218	2
7219	2
7220	2
7221	2
7222	3
7223	3
7224	2
7225	1
7226	2
7227	2
7228	2
7229	2
7230	3
7231	3
7232	2
7233	2
7234	2
7235	0
7236	2
7237	0
7238	3
7239	2
7240	0
7241	0
7242	3
7243	0
7244	2
7245	3
7246	3
7247	2
7248	2
7249	2
7250	2
7251	0
7252	2
7253	2
7254	3
7255	2
7256	3
7257	2
7258	2
7259	3
7260	2
7261	2
7262	2
7263	2
7264	1
7265	3
7266	2
7267	2
7268	2
7269	2
7270	3
7271	0
7272	3
7273	0
7274	2
7275	2
7276	2
7277	2
7278	2
7279	3
7280	2
7281	2
7282	3
7283	2
7284	2
7285	2
7286	0
7287	0
7288	2
7289	3
7290	1
7291	3
7292	2
7293	2
7294	2
7295	2
7296	2
7297	2
7298	2
7299	2
7300	2
7301	0
7302	2
7303	2
7304	3
7305	0
7306	2
7307	1
7308	2
7309	3
7310	3
7311	2
7312	3
7313	3
7314	2
7315	2
7316	2
7317	2
7318	2
7319	3
7320	2
7321	2
7322	3
7323	2
7324	3
7325	3
7326	2
7327	3
7328	3
7329	2
7330	2
7331	0
7332	2
7333	3
7334	2
7335	0
7336	3
7337	3
7338	2
7339	2
7340	0
7341	2
7342	3
7343	3
7344	2
7345	2
7346	2
7347	2
7348	2
7349	0
7350	2
7351	3
7352	2
7353	2
7354	2
7355	2
7356	2
7357	2
7358	3
7359	2
7360	3
7361	2
7362	3
7363	2
7364	2
7365	2
7366	2
7367	3
7368	1
7369	1
7370	2
7371	3
7372	2
7373	0
7374	3
7375	2
7376	3
7377	2
7378	0
7379	2
7380	3
7381	0
7382	2
7383	2
7384	2
7385	0
7386	2
7387	1
7388	2
7389	2
7390	2
7391	2
7392	2
7393	2
7394	0
7395	1
7396	2
7397	2
7398	3
7399	0
7400	2
7401	2
7402	2
7403	2
7404	2
7405	0
7406	0
7407	2
7408	2
7409	3
7410	0
7411	2
7412	1
7413	3
7414	0
7415	2
7416	3
7417	2
7418	2
7419	1
7420	3
7421	3
7422	2
7423	2
7424	2
7425	3
7426	2
7427	2
7428	2
7429	2
7430	2
7431	3
7432	2
7433	2
7434	2
7435	0
7436	3
7437	2
7438	2
7439	2
7440	2
7441	2
7442	2
7443	0
7444	2
7445	2
7446	2
7447	2
7448	2
7449	2
7450	3
7451	3
7452	2
7453	3
7454	1
7455	3
7456	2
7457	2
7458	3
7459	2
7460	2
7461	2
7462	0
7463	2
7464	2
7465	3
7466	2
7467	2
7468	3
7469	0
7470	3
7471	3
7472	2
7473	2
7474	2
7475	3
7476	2
7477	2
7478	2
7479	3
7480	2
7481	2
7482	2
7483	2
7484	2
7485	2
7486	3
7487	2
7488	2
7489	0
7490	2
7491	2
7492	0
7493	2
7494	0
7495	0
7496	2
7497	2
7498	2
7499	2
7500	2
7501	2
7502	1
7503	3
7504	0
7505	2
7506	2
7507	2
7508	2
7509	2
7510	2
7511	2
7512	2
7513	3
7514	3
7515	2
7516	2
7517	2
7518	2
7519	2
7520	2
7521	3
7522	2
7523	2
7524	2
7525	3
7526	0
7527	3
7528	2
7529	2
7530	2
7531	3
7532	2
7533	2
7534	2
7535	3
7536	2
7537	2
7538	2
7539	2
7540	3
7541	2
7542	1
7543	0
7544	2
7545	2
7546	3
7547	2
7548	3
7549	2
7550	2
7551	2
7552	2
7553	2
7554	3
7555	3
7556	0
7557	3
7558	2
7559	2
7560	2
7561	2
7562	2
7563	0
7564	2
7565	2
7566	2
7567	3
7568	3
7569	3
7570	2
7571	2
7572	2
7573	2
7574	2
7575	2
7576	2
7577	2
7578	3
7579	2
7580	2
7581	2
7582	2
7583	2
7584	0
7585	2
7586	3
7587	2
7588	2
7589	0
7590	3
7591	2
7592	2
7593	2
7594	2
7595	3
7596	0
7597	2
7598	3
7599	3
7600	2
7601	2
7602	2
7603	2
7604	3
7605	0
7606	3
7607	2
7608	2
7609	2
7610	2
7611	2
7612	2
7613	2
7614	2
7615	2
7616	3
7617	2
7618	2
7619	2
7620	2
7621	2
7622	2
7623	2
7624	3
7625	3
7626	2
7627	2
7628	3
7629	2
7630	2
7631	2
7632	2
7633	2
7634	1
7635	2
7636	2
7637	2
7638	2
7639	2
7640	3
7641	2
7642	3
7643	0
7644	2
7645	2
7646	2
7647	2
7648	2
7649	2
7650	2
7651	2
7652	3
7653	2
7654	2
7655	2
7656	2
7657	2
7658	2
7659	2
7660	0
7661	2
7662	3
7663	3
7664	2
7665	2
7666	0
7667	0
7668	2
7669	2
7670	0
7671	3
7672	2
7673	2
7674	2
7675	2
7676	2
7677	2
7678	2
7679	0
7680	2
7681	3
7682	2
7683	2
7684	2
7685	0
7686	2
7687	2
7688	0
7689	0
7690	2
7691	0
7692	0
7693	2
7694	0
7695	0
7696	2
7697	2
7698	2
7699	1
7700	2
7701	2
7702	2
7703	2
7704	0
7705	2
7706	3
7707	3
7708	0
7709	2
7710	2
7711	2
7712	2
7713	2
7714	3
7715	1
7716	2
7717	2
7718	2
7719	3
7720	1
7721	3
7722	2
7723	2
7724	2
7725	2
7726	2
7727	2
7728	2
7729	3
7730	2
7731	2
7732	3
7733	2
7734	2
7735	3
7736	2
7737	2
7738	2
7739	2
7740	2
7741	2
7742	2
7743	2
7744	2
7745	2
7746	2
7747	2
7748	2
7749	2
7750	2
7751	2
7752	3
7753	2
7754	2
7755	3
7756	3
7757	2
7758	2
7759	2
7760	2
7761	2
7762	2
7763	2
7764	2
7765	2
7766	2
7767	3
7768	2
7769	3
7770	3
7771	2
7772	2
7773	2
7774	0
7775	2
7776	3
7777	3
7778	2
7779	2
7780	2
7781	2
7782	3
7783	2
7784	3
7785	2
7786	2
7787	0
7788	2
7789	2
7790	2
7791	3
7792	2
7793	2
7794	2
7795	2
7796	2
7797	2
7798	2
7799	0
7800	3
7801	2
7802	3
7803	3
7804	3
7805	2
7806	0
7807	3
7808	2
7809	2
7810	2
7811	3
7812	0
7813	2
7814	2
7815	2
7816	2
7817	2
7818	2
7819	3
7820	2
7821	2
7822	2
7823	2
7824	3
7825	2
7826	2
7827	2
7828	2
7829	2
7830	2
7831	2
7832	2
7833	2
7834	2
7835	2
7836	2
7837	2
7838	3
7839	2
7840	0
7841	3
7842	2
7843	3
7844	0
7845	2
7846	2
7847	2
7848	2
7849	2
7850	2
7851	2
7852	2
7853	2
7854	2
7855	3
7856	3
7857	2
7858	2
7859	2
7860	2
7861	0
7862	2
7863	2
7864	2
7865	2
7866	2
7867	2
7868	2
7869	2
7870	3
7871	0
7872	3
7873	2
7874	2
7875	2
7876	2
7877	1
7878	2
7879	1
7880	2
7881	0
7882	2
7883	0
7884	3
7885	0
7886	2
7887	2
7888	2
7889	2
7890	2
7891	0
7892	2
7893	2
7894	2
7895	0
7896	2
7897	0
7898	2
7899	0
7900	2
7901	2
7902	2
7903	2
7904	2
7905	2
7906	3
7907	0
7908	2
7909	2
7910	3
7911	2
7912	3
7913	2
7914	2
7915	2
7916	3
7917	2
7918	2
7919	1
7920	1
7921	2
7922	0
7923	2
7924	3
7925	2
7926	2
7927	2
7928	2
7929	0
7930	2
7931	2
7932	3
7933	2
7934	2
7935	2
7936	2
7937	3
7938	2
7939	2
7940	3
7941	2
7942	1
7943	3
7944	2
7945	2
7946	2
7947	0
7948	1
7949	2
7950	2
7951	2
7952	3
7953	2
7954	2
7955	2
7956	2
7957	2
7958	2
7959	2
7960	2
7961	2
7962	3
7963	2
7964	0
7965	3
7966	2
7967	2
7968	3
7969	2
7970	2
7971	1
7972	3
7973	2
7974	2
7975	2
7976	2
7977	3
7978	1
7979	2
7980	3
7981	0
7982	3
7983	2
7984	2
7985	2
7986	2
7987	2
7988	3
7989	3
7990	3
7991	2
7992	3
7993	0
7994	2
7995	2
7996	2
7997	2
7998	3
7999	2
8000	2
8001	2
8002	0
8003	2
8004	0
8005	2
8006	2
8007	3
8008	3
8009	2
8010	1
8011	2
8012	3
8013	2
8014	2
8015	2
8016	2
8017	2
8018	2
8019	2
8020	2
8021	2
8022	3
8023	3
8024	2
8025	2
8026	2
8027	2
8028	2
8029	2
8030	0
8031	2
8032	3
8033	2
8034	2
8035	2
8036	2
8037	2
8038	3
8039	2
8040	2
8041	3
8042	2
8043	3
8044	2
8045	2
8046	0
8047	3
8048	2
8049	2
8050	2
8051	2
8052	2
8053	3
8054	3
8055	0
8056	1
8057	2
8058	2
8059	2
8060	3
8061	2
8062	0
8063	2
8064	2
8065	3
8066	2
8067	3
8068	1
8069	3
8070	2
8071	0
8072	0
8073	3
8074	2
8075	3
8076	2
8077	2
8078	2
8079	2
8080	3
8081	2
8082	2
8083	1
8084	3
8085	2
8086	3
8087	2
8088	2
8089	2
8090	2
8091	2
8092	2
8093	2
8094	1
8095	2
8096	2
8097	2
8098	2
8099	2
8100	2
8101	0
8102	2
8103	1
8104	2
8105	2
8106	2
8107	2
8108	3
8109	2
8110	3
8111	3
8112	2
8113	2
8114	2
8115	2
8116	2
8117	2
8118	2
8119	2
8120	0
8121	2
8122	2
8123	2
8124	0
8125	2
8126	2
8127	2
8128	2
8129	2
8130	2
8131	2
8132	0
8133	3
8134	2
8135	3
8136	2
8137	0
8138	0
8139	3
8140	2
8141	2
8142	2
8143	2
8144	3
8145	2
8146	2
8147	0
8148	0
8149	1
8150	2
8151	2
8152	2
8153	0
8154	3
8155	0
8156	2
8157	2
8158	2
8159	0
8160	2
8161	2
8162	3
8163	2
8164	2
8165	2
8166	2
8167	2
8168	2
8169	0
8170	2
8171	0
8172	2
8173	2
8174	2
8175	0
8176	1
8177	2
8178	0
8179	2
8180	3
8181	0
8182	0
8183	2
8184	3
8185	0
8186	2
8187	2
8188	3
8189	2
8190	2
8191	2
