COMMAND
./sim gshare 11 4 ./proj2-traces/jpeg_trace.txt
OUTPUT
number of predictions:2000000
number of mispredictions:145362
misprediction rate:   7.27%
FINAL GSHARE CONTENTS
0	2
1	2
2	2
3	3
4	2
5	3
6	2
7	3
8	1
9	3
10	0
11	2
12	0
13	3
14	3
15	0
16	3
17	3
18	2
19	3
20	2
21	3
22	2
23	2
24	2
25	0
26	0
27	2
28	0
29	0
30	2
31	0
32	2
33	3
34	0
35	0
36	3
37	3
38	1
39	0
40	2
41	3
42	3
43	2
44	0
45	2
46	0
47	0
48	0
49	0
50	0
51	0
52	3
53	0
54	2
55	0
56	0
57	1
58	3
59	0
60	2
61	0
62	3
63	0
64	0
65	2
66	0
67	2
68	3
69	2
70	3
71	2
72	2
73	0
74	2
75	0
76	3
77	3
78	3
79	2
80	0
81	2
82	2
83	0
84	2
85	0
86	2
87	2
88	2
89	0
90	2
91	0
92	3
93	2
94	3
95	0
96	0
97	3
98	2
99	2
100	2
101	2
102	2
103	2
104	2
105	3
106	2
107	3
108	2
109	0
110	3
111	0
112	3
113	0
114	3
115	0
116	2
117	3
118	2
119	0
120	0
121	2
122	0
123	3
124	2
125	3
126	3
127	3
128	2
129	3
130	0
131	2
132	3
133	3
134	3
135	3
136	2
137	3
138	0
139	0
140	1
141	3
142	3
143	0
144	0
145	2
146	2
147	3
148	3
149	2
150	3
151	3
152	0
153	0
154	3
155	0
156	2
157	3
158	2
159	1
160	3
161	2
162	3
163	3
164	3
165	0
166	0
167	0
168	2
169	2
170	2
171	2
172	3
173	3
174	3
175	3
176	3
177	0
178	3
179	2
180	0
181	2
182	1
183	2
184	2
185	0
186	3
187	2
188	0
189	3
190	3
191	1
192	0
193	2
194	3
195	3
196	3
197	2
198	1
199	0
200	1
201	0
202	2
203	2
204	1
205	3
206	1
207	3
208	0
209	3
210	2
211	0
212	2
213	0
214	3
215	0
216	0
217	2
218	3
219	0
220	0
221	2
222	2
223	0
224	0
225	3
226	0
227	0
228	1
229	2
230	3
231	1
232	2
233	2
234	3
235	0
236	2
237	1
238	0
239	0
240	2
241	3
242	3
243	2
244	3
245	2
246	0
247	1
248	3
249	2
250	0
251	3
252	2
253	2
254	2
255	3
256	2
257	1
258	3
259	1
260	0
261	2
262	0
263	3
264	3
265	2
266	2
267	0
268	0
269	3
270	3
271	1
272	3
273	3
274	2
275	0
276	3
277	2
278	3
279	2
280	3
281	3
282	0
283	0
284	2
285	0
286	3
287	0
288	3
289	3
290	3
291	0
292	3
293	0
294	0
295	3
296	3
297	3
298	3
299	3
300	0
301	0
302	0
303	3
304	2
305	0
306	2
307	3
308	3
309	3
310	2
311	2
312	2
313	1
314	3
315	0
316	0
317	3
318	3
319	2
320	0
321	2
322	0
323	0
324	3
325	2
326	3
327	3
328	3
329	0
330	3
331	3
332	2
333	3
334	2
335	2
336	2
337	3
338	2
339	0
340	2
341	1
342	2
343	0
344	2
345	3
346	3
347	1
348	3
349	0
350	3
351	2
352	3
353	2
354	0
355	0
356	2
357	3
358	3
359	0
360	1
361	3
362	0
363	0
364	0
365	0
366	2
367	2
368	2
369	3
370	0
371	0
372	3
373	3
374	0
375	0
376	2
377	2
378	0
379	3
380	2
381	2
382	3
383	2
384	3
385	0
386	2
387	2
388	0
389	3
390	2
391	2
392	3
393	2
394	3
395	0
396	0
397	1
398	3
399	0
400	0
401	2
402	2
403	1
404	0
405	3
406	3
407	2
408	2
409	0
410	3
411	0
412	3
413	3
414	2
415	0
416	0
417	2
418	3
419	0
420	1
421	0
422	3
423	2
424	0
425	3
426	3
427	2
428	3
429	3
430	2
431	3
432	3
433	0
434	0
435	2
436	3
437	2
438	2
439	2
440	2
441	0
442	3
443	2
444	0
445	3
446	3
447	3
448	1
449	0
450	2
451	3
452	3
453	0
454	1
455	2
456	1
457	0
458	3
459	3
460	2
461	0
462	2
463	2
464	0
465	2
466	2
467	0
468	2
469	0
470	3
471	1
472	1
473	3
474	2
475	0
476	3
477	0
478	0
479	3
480	1
481	2
482	0
483	0
484	0
485	2
486	0
487	3
488	1
489	2
490	0
491	3
492	0
493	2
494	0
495	3
496	3
497	3
498	3
499	0
500	3
501	3
502	3
503	0
504	3
505	0
506	0
507	3
508	3
509	3
510	2
511	0
512	2
513	3
514	0
515	2
516	0
517	3
518	3
519	3
520	3
521	3
522	2
523	0
524	0
525	3
526	2
527	2
528	3
529	2
530	2
531	2
532	0
533	3
534	3
535	2
536	3
537	3
538	3
539	2
540	3
541	0
542	3
543	0
544	0
545	3
546	3
547	2
548	3
549	1
550	1
551	2
552	0
553	2
554	2
555	3
556	2
557	0
558	3
559	3
560	3
561	3
562	0
563	3
564	3
565	3
566	0
567	3
568	0
569	0
570	2
571	0
572	3
573	3
574	3
575	1
576	0
577	3
578	2
579	1
580	0
581	0
582	2
583	0
584	2
585	3
586	3
587	3
588	3
589	0
590	0
591	3
592	3
593	0
594	0
595	2
596	2
597	2
598	3
599	2
600	0
601	0
602	2
603	2
604	3
605	3
606	0
607	3
608	1
609	3
610	2
611	2
612	2
613	2
614	0
615	2
616	0
617	2
618	0
619	2
620	0
621	0
622	0
623	2
624	3
625	0
626	0
627	2
628	3
629	3
630	0
631	3
632	1
633	3
634	3
635	2
636	0
637	1
638	3
639	2
640	2
641	3
642	3
643	2
644	0
645	3
646	3
647	3
648	0
649	2
650	3
651	0
652	1
653	0
654	2
655	2
656	1
657	2
658	3
659	3
660	0
661	2
662	2
663	2
664	3
665	0
666	3
667	3
668	0
669	3
670	3
671	0
672	0
673	3
674	2
675	3
676	2
677	2
678	3
679	3
680	2
681	3
682	2
683	3
684	3
685	0
686	3
687	0
688	3
689	2
690	1
691	3
692	3
693	2
694	2
695	2
696	0
697	0
698	2
699	3
700	0
701	3
702	3
703	1
704	3
705	2
706	2
707	2
708	2
709	3
710	3
711	3
712	3
713	0
714	1
715	3
716	3
717	0
718	2
719	0
720	3
721	3
722	2
723	3
724	2
725	3
726	2
727	2
728	3
729	3
730	3
731	3
732	0
733	0
734	2
735	0
736	2
737	3
738	0
739	1
740	3
741	3
742	3
743	2
744	2
745	2
746	0
747	0
748	0
749	1
750	1
751	3
752	2
753	2
754	0
755	0
756	0
757	3
758	0
759	0
760	0
761	2
762	3
763	3
764	1
765	3
766	3
767	3
768	2
769	0
770	3
771	2
772	0
773	2
774	2
775	3
776	3
777	3
778	0
779	1
780	1
781	2
782	0
783	1
784	2
785	2
786	3
787	1
788	0
789	0
790	3
791	2
792	2
793	0
794	3
795	3
796	0
797	0
798	1
799	0
800	0
801	0
802	2
803	0
804	2
805	0
806	2
807	3
808	1
809	3
810	0
811	2
812	0
813	0
814	3
815	3
816	2
817	1
818	0
819	3
820	3
821	2
822	2
823	0
824	3
825	2
826	2
827	1
828	3
829	3
830	3
831	1
832	1
833	2
834	2
835	3
836	2
837	2
838	3
839	3
840	1
841	1
842	2
843	1
844	3
845	1
846	2
847	0
848	3
849	2
850	2
851	3
852	1
853	3
854	0
855	0
856	2
857	0
858	3
859	2
860	0
861	2
862	2
863	3
864	2
865	2
866	1
867	2
868	2
869	2
870	1
871	3
872	2
873	2
874	3
875	2
876	2
877	2
878	2
879	2
880	1
881	2
882	1
883	0
884	3
885	3
886	2
887	0
888	2
889	0
890	2
891	2
892	0
893	3
894	2
895	2
896	0
897	3
898	0
899	2
900	0
901	0
902	3
903	3
904	2
905	3
906	3
907	3
908	2
909	2
910	3
911	2
912	3
913	2
914	3
915	1
916	2
917	2
918	0
919	3
920	3
921	0
922	3
923	0
924	0
925	3
926	3
927	0
928	2
929	3
930	3
931	0
932	3
933	0
934	3
935	2
936	2
937	3
938	3
939	3
940	3
941	0
942	2
943	3
944	2
945	3
946	0
947	0
948	3
949	3
950	2
951	3
952	0
953	2
954	3
955	3
956	0
957	3
958	3
959	0
960	3
961	3
962	2
963	3
964	2
965	2
966	3
967	2
968	2
969	3
970	2
971	0
972	2
973	2
974	2
975	0
976	2
977	2
978	2
979	0
980	0
981	2
982	2
983	2
984	0
985	0
986	3
987	0
988	1
989	2
990	0
991	0
992	2
993	3
994	0
995	2
996	1
997	1
998	1
999	3
1000	2
1001	2
1002	2
1003	3
1004	0
1005	0
1006	0
1007	2
1008	1
1009	2
1010	2
1011	3
1012	1
1013	3
1014	3
1015	0
1016	3
1017	3
1018	3
1019	2
1020	1
1021	2
1022	2
1023	2
1024	3
1025	3
1026	2
1027	3
1028	2
1029	1
1030	2
1031	3
1032	2
1033	0
1034	3
1035	0
1036	2
1037	2
1038	3
1039	1
1040	3
1041	3
1042	2
1043	3
1044	3
1045	0
1046	2
1047	3
1048	2
1049	2
1050	3
1051	2
1052	0
1053	3
1054	1
1055	3
1056	0
1057	2
1058	2
1059	1
1060	0
1061	3
1062	3
1063	2
1064	2
1065	3
1066	3
1067	2
1068	3
1069	3
1070	3
1071	3
1072	3
1073	3
1074	0
1075	3
1076	3
1077	0
1078	3
1079	3
1080	0
1081	3
1082	3
1083	2
1084	2
1085	2
1086	2
1087	2
1088	3
1089	0
1090	3
1091	0
1092	1
1093	0
1094	0
1095	2
1096	3
1097	3
1098	0
1099	3
1100	0
1101	3
1102	3
1103	2
1104	0
1105	2
1106	2
1107	3
1108	3
1109	0
1110	2
1111	0
1112	0
1113	2
1114	3
1115	0
1116	0
1117	2
1118	2
1119	1
1120	3
1121	2
1122	3
1123	0
1124	0
1125	3
1126	3
1127	2
1128	2
1129	3
1130	2
1131	0
1132	0
1133	2
1134	2
1135	1
1136	2
1137	2
1138	2
1139	2
1140	3
1141	0
1142	0
1143	0
1144	3
1145	3
1146	3
1147	3
1148	3
1149	3
1150	3
1151	0
1152	3
1153	0
1154	3
1155	0
1156	3
1157	2
1158	3
1159	3
1160	2
1161	3
1162	3
1163	3
1164	0
1165	2
1166	2
1167	0
1168	3
1169	3
1170	2
1171	2
1172	1
1173	2
1174	3
1175	0
1176	0
1177	0
1178	3
1179	2
1180	2
1181	2
1182	3
1183	3
1184	3
1185	3
1186	0
1187	0
1188	2
1189	0
1190	0
1191	3
1192	3
1193	1
1194	2
1195	3
1196	3
1197	0
1198	3
1199	2
1200	3
1201	2
1202	3
1203	2
1204	3
1205	3
1206	3
1207	3
1208	3
1209	2
1210	1
1211	3
1212	3
1213	3
1214	3
1215	2
1216	3
1217	2
1218	0
1219	3
1220	0
1221	2
1222	2
1223	3
1224	3
1225	3
1226	3
1227	3
1228	2
1229	0
1230	2
1231	2
1232	2
1233	2
1234	2
1235	3
1236	0
1237	0
1238	2
1239	0
1240	3
1241	3
1242	2
1243	0
1244	1
1245	2
1246	0
1247	2
1248	3
1249	0
1250	3
1251	0
1252	2
1253	1
1254	1
1255	3
1256	2
1257	2
1258	3
1259	2
1260	2
1261	0
1262	0
1263	3
1264	0
1265	2
1266	3
1267	2
1268	3
1269	3
1270	1
1271	0
1272	1
1273	0
1274	3
1275	2
1276	0
1277	3
1278	2
1279	0
1280	3
1281	0
1282	3
1283	3
1284	3
1285	0
1286	3
1287	3
1288	3
1289	2
1290	3
1291	1
1292	1
1293	2
1294	3
1295	0
1296	3
1297	3
1298	3
1299	1
1300	1
1301	0
1302	3
1303	3
1304	2
1305	3
1306	3
1307	2
1308	1
1309	3
1310	2
1311	3
1312	0
1313	0
1314	2
1315	0
1316	2
1317	0
1318	3
1319	2
1320	3
1321	3
1322	3
1323	2
1324	2
1325	3
1326	3
1327	2
1328	2
1329	2
1330	0
1331	0
1332	3
1333	0
1334	3
1335	0
1336	2
1337	2
1338	2
1339	2
1340	3
1341	2
1342	3
1343	0
1344	3
1345	3
1346	0
1347	0
1348	2
1349	3
1350	2
1351	2
1352	3
1353	2
1354	2
1355	1
1356	3
1357	3
1358	2
1359	0
1360	0
1361	2
1362	2
1363	0
1364	3
1365	0
1366	2
1367	3
1368	3
1369	2
1370	2
1371	3
1372	1
1373	2
1374	2
1375	0
1376	3
1377	2
1378	0
1379	0
1380	1
1381	3
1382	3
1383	3
1384	2
1385	2
1386	3
1387	3
1388	2
1389	2
1390	3
1391	2
1392	0
1393	2
1394	3
1395	0
1396	0
1397	1
1398	0
1399	2
1400	2
1401	2
1402	3
1403	3
1404	0
1405	3
1406	0
1407	0
1408	3
1409	2
1410	1
1411	2
1412	3
1413	2
1414	3
1415	0
1416	3
1417	2
1418	2
1419	0
1420	0
1421	2
1422	2
1423	2
1424	3
1425	3
1426	3
1427	1
1428	2
1429	2
1430	2
1431	3
1432	2
1433	2
1434	0
1435	2
1436	3
1437	3
1438	2
1439	3
1440	3
1441	0
1442	2
1443	0
1444	2
1445	0
1446	1
1447	0
1448	2
1449	2
1450	2
1451	3
1452	3
1453	3
1454	2
1455	0
1456	2
1457	3
1458	0
1459	3
1460	3
1461	3
1462	3
1463	3
1464	0
1465	2
1466	2
1467	3
1468	0
1469	2
1470	3
1471	3
1472	2
1473	0
1474	2
1475	0
1476	0
1477	3
1478	2
1479	0
1480	3
1481	3
1482	3
1483	3
1484	3
1485	3
1486	3
1487	0
1488	2
1489	0
1490	1
1491	3
1492	0
1493	0
1494	3
1495	0
1496	3
1497	3
1498	2
1499	2
1500	2
1501	2
1502	2
1503	0
1504	0
1505	2
1506	2
1507	2
1508	2
1509	2
1510	3
1511	3
1512	2
1513	2
1514	0
1515	2
1516	2
1517	0
1518	2
1519	0
1520	1
1521	1
1522	3
1523	2
1524	1
1525	0
1526	2
1527	0
1528	3
1529	0
1530	3
1531	0
1532	1
1533	3
1534	1
1535	0
1536	2
1537	3
1538	0
1539	3
1540	0
1541	0
1542	3
1543	3
1544	2
1545	2
1546	0
1547	0
1548	0
1549	2
1550	2
1551	0
1552	3
1553	3
1554	2
1555	3
1556	0
1557	2
1558	3
1559	3
1560	2
1561	3
1562	3
1563	0
1564	2
1565	3
1566	2
1567	3
1568	2
1569	1
1570	3
1571	3
1572	3
1573	0
1574	3
1575	3
1576	3
1577	3
1578	0
1579	2
1580	3
1581	0
1582	2
1583	3
1584	2
1585	3
1586	0
1587	3
1588	0
1589	0
1590	0
1591	3
1592	3
1593	2
1594	2
1595	2
1596	2
1597	3
1598	3
1599	2
1600	2
1601	2
1602	3
1603	0
1604	2
1605	3
1606	2
1607	0
1608	2
1609	0
1610	2
1611	3
1612	3
1613	1
1614	2
1615	0
1616	3
1617	2
1618	2
1619	2
1620	3
1621	2
1622	2
1623	1
1624	1
1625	0
1626	3
1627	0
1628	0
1629	2
1630	2
1631	3
1632	0
1633	3
1634	3
1635	2
1636	2
1637	3
1638	3
1639	0
1640	2
1641	3
1642	2
1643	0
1644	3
1645	1
1646	3
1647	0
1648	3
1649	2
1650	3
1651	2
1652	3
1653	0
1654	0
1655	0
1656	3
1657	0
1658	0
1659	2
1660	3
1661	1
1662	0
1663	0
1664	2
1665	2
1666	3
1667	2
1668	2
1669	3
1670	2
1671	2
1672	3
1673	0
1674	3
1675	3
1676	1
1677	0
1678	3
1679	0
1680	3
1681	2
1682	1
1683	3
1684	2
1685	3
1686	3
1687	3
1688	2
1689	2
1690	3
1691	3
1692	3
1693	2
1694	3
1695	2
1696	0
1697	3
1698	3
1699	3
1700	2
1701	0
1702	2
1703	3
1704	2
1705	3
1706	0
1707	3
1708	2
1709	0
1710	3
1711	3
1712	2
1713	3
1714	2
1715	2
1716	2
1717	0
1718	3
1719	2
1720	3
1721	3
1722	2
1723	3
1724	2
1725	1
1726	3
1727	2
1728	3
1729	3
1730	3
1731	0
1732	2
1733	2
1734	2
1735	3
1736	3
1737	2
1738	0
1739	2
1740	3
1741	2
1742	2
1743	0
1744	3
1745	2
1746	2
1747	2
1748	3
1749	0
1750	0
1751	3
1752	2
1753	3
1754	2
1755	3
1756	3
1757	3
1758	2
1759	2
1760	3
1761	2
1762	3
1763	2
1764	3
1765	1
1766	3
1767	3
1768	3
1769	2
1770	0
1771	0
1772	3
1773	2
1774	2
1775	2
1776	0
1777	0
1778	0
1779	2
1780	3
1781	2
1782	0
1783	1
1784	3
1785	0
1786	3
1787	2
1788	3
1789	3
1790	3
1791	0
1792	0
1793	1
1794	0
1795	2
1796	0
1797	3
1798	1
1799	3
1800	3
1801	0
1802	3
1803	3
1804	3
1805	2
1806	3
1807	2
1808	3
1809	3
1810	0
1811	3
1812	3
1813	2
1814	3
1815	2
1816	3
1817	1
1818	3
1819	3
1820	2
1821	1
1822	2
1823	2
1824	3
1825	0
1826	3
1827	0
1828	2
1829	2
1830	3
1831	2
1832	2
1833	3
1834	2
1835	1
1836	3
1837	0
1838	3
1839	3
1840	2
1841	0
1842	2
1843	3
1844	3
1845	2
1846	3
1847	3
1848	2
1849	3
1850	0
1851	3
1852	0
1853	0
1854	3
1855	0
1856	2
1857	0
1858	3
1859	3
1860	0
1861	3
1862	2
1863	3
1864	3
1865	3
1866	2
1867	3
1868	3
1869	3
1870	2
1871	2
1872	3
1873	3
1874	3
1875	3
1876	2
1877	2
1878	0
1879	2
1880	2
1881	0
1882	2
1883	3
1884	2
1885	2
1886	1
1887	2
1888	1
1889	3
1890	3
1891	0
1892	2
1893	2
1894	3
1895	3
1896	3
1897	0
1898	3
1899	2
1900	2
1901	0
1902	3
1903	2
1904	3
1905	0
1906	1
1907	0
1908	0
1909	3
1910	2
1911	1
1912	3
1913	0
1914	3
1915	1
1916	3
1917	3
1918	3
1919	3
1920	2
1921	2
1922	0
1923	3
1924	2
1925	2
1926	2
1927	3
1928	3
1929	3
1930	2
1931	2
1932	3
1933	3
1934	3
1935	3
1936	3
1937	3
1938	2
1939	3
1940	1
1941	3
1942	2
1943	2
1944	2
1945	3
1946	3
1947	3
1948	3
1949	3
1950	2
1951	2
1952	2
1953	2
1954	2
1955	2
1956	3
1957	0
1958	3
1959	2
1960	2
1961	3
1962	3
1963	2
1964	1
1965	3
1966	2
1967	3
1968	3
1969	3
1970	1
1971	2
1972	3
1973	3
1974	3
1975	2
1976	0
1977	0
1978	2
1979	3
1980	0
1981	2
1982	3
1983	0
1984	3
1985	3
1986	3
1987	0
1988	0
1989	3
1990	1
1991	3
1992	2
1993	3
1994	2
1995	3
1996	2
1997	3
1998	3
1999	1
2000	3
2001	1
2002	0
2003	2
2004	0
2005	0
2006	1
2007	3
2008	0
2009	1
2010	2
2011	2
2012	3
2013	2
2014	2
2015	0
2016	3
2017	3
2018	2
2019	0
2020	0
2021	2
2022	2
2023	3
2024	3
2025	3
2026	2
2027	0
2028	0
2029	0
2030	3
2031	3
2032	0
2033	3
2034	0
2035	2
2036	3
2037	3
2038	2
2039	1
2040	2
2041	2
2042	2
2043	1
2044	0
2045	1
2046	3
2047	1
