COMMAND
./sim gshare 12 11 ./proj2-traces/perl_trace.txt
OUTPUT
number of predictions:2000000
number of mispredictions:134553
misprediction rate:   6.73%
FINAL GSHARE CONTENTS
0	3
1	3
2	3
3	3
4	1
5	2
6	0
7	3
8	3
9	3
10	3
11	3
12	0
13	3
14	3
15	2
16	2
17	0
18	3
19	0
20	3
21	0
22	3
23	3
24	3
25	3
26	3
27	3
28	3
29	3
30	3
31	0
32	3
33	2
34	0
35	1
36	3
37	3
38	3
39	3
40	3
41	2
42	3
43	3
44	3
45	0
46	0
47	2
48	1
49	3
50	3
51	0
52	3
53	3
54	0
55	0
56	3
57	3
58	1
59	2
60	2
61	3
62	2
63	1
64	3
65	3
66	3
67	3
68	2
69	2
70	3
71	3
72	3
73	3
74	2
75	3
76	3
77	0
78	3
79	3
80	2
81	3
82	0
83	0
84	3
85	3
86	3
87	3
88	3
89	3
90	3
91	3
92	2
93	3
94	0
95	3
96	3
97	0
98	0
99	3
100	0
101	3
102	3
103	0
104	3
105	0
106	0
107	0
108	0
109	1
110	3
111	3
112	1
113	3
114	0
115	3
116	0
117	3
118	0
119	3
120	2
121	3
122	2
123	3
124	2
125	2
126	3
127	0
128	0
129	0
130	0
131	0
132	1
133	0
134	0
135	1
136	2
137	2
138	0
139	0
140	3
141	2
142	2
143	3
144	2
145	3
146	3
147	3
148	0
149	3
150	3
151	3
152	0
153	3
154	3
155	0
156	0
157	0
158	0
159	1
160	2
161	3
162	3
163	2
164	2
165	0
166	3
167	0
168	2
169	1
170	0
171	3
172	3
173	0
174	0
175	1
176	2
177	1
178	3
179	3
180	3
181	3
182	2
183	0
184	0
185	1
186	3
187	3
188	3
189	1
190	3
191	1
192	2
193	3
194	0
195	3
196	3
197	0
198	0
199	3
200	3
201	1
202	1
203	0
204	0
205	3
206	0
207	0
208	3
209	3
210	3
211	0
212	3
213	3
214	3
215	2
216	2
217	1
218	3
219	3
220	0
221	3
222	3
223	2
224	3
225	0
226	0
227	3
228	3
229	1
230	3
231	0
232	2
233	0
234	2
235	0
236	3
237	3
238	2
239	0
240	2
241	2
242	3
243	1
244	3
245	0
246	2
247	3
248	2
249	0
250	0
251	2
252	3
253	0
254	3
255	2
256	3
257	3
258	3
259	1
260	2
261	3
262	3
263	3
264	3
265	0
266	3
267	3
268	3
269	0
270	2
271	0
272	3
273	3
274	0
275	0
276	3
277	3
278	3
279	3
280	3
281	3
282	2
283	0
284	3
285	0
286	3
287	0
288	1
289	0
290	2
291	2
292	0
293	0
294	3
295	0
296	3
297	0
298	3
299	0
300	1
301	3
302	3
303	0
304	3
305	3
306	2
307	3
308	3
309	0
310	2
311	0
312	2
313	1
314	3
315	0
316	3
317	3
318	2
319	0
320	3
321	2
322	1
323	1
324	3
325	3
326	3
327	3
328	3
329	0
330	3
331	0
332	3
333	3
334	3
335	3
336	0
337	3
338	3
339	2
340	3
341	1
342	3
343	0
344	3
345	3
346	0
347	3
348	3
349	3
350	1
351	2
352	3
353	3
354	3
355	1
356	0
357	0
358	3
359	3
360	0
361	2
362	2
363	3
364	2
365	0
366	3
367	3
368	3
369	2
370	3
371	0
372	3
373	3
374	3
375	0
376	3
377	0
378	2
379	3
380	0
381	2
382	3
383	1
384	3
385	0
386	3
387	1
388	1
389	0
390	3
391	3
392	0
393	0
394	1
395	2
396	0
397	0
398	3
399	0
400	3
401	0
402	2
403	0
404	3
405	2
406	3
407	0
408	3
409	0
410	2
411	0
412	2
413	0
414	3
415	0
416	3
417	3
418	2
419	1
420	1
421	3
422	2
423	3
424	3
425	0
426	3
427	3
428	3
429	0
430	3
431	3
432	3
433	3
434	2
435	3
436	1
437	0
438	0
439	0
440	2
441	2
442	2
443	2
444	2
445	2
446	2
447	3
448	3
449	0
450	3
451	2
452	0
453	3
454	1
455	3
456	0
457	0
458	3
459	2
460	3
461	1
462	0
463	0
464	3
465	3
466	2
467	3
468	3
469	0
470	3
471	0
472	3
473	2
474	3
475	0
476	1
477	3
478	0
479	2
480	1
481	3
482	2
483	0
484	1
485	3
486	3
487	0
488	2
489	3
490	3
491	3
492	3
493	3
494	3
495	3
496	1
497	0
498	3
499	3
500	3
501	0
502	3
503	0
504	0
505	1
506	3
507	2
508	2
509	3
510	3
511	3
512	2
513	2
514	2
515	0
516	3
517	0
518	0
519	1
520	3
521	1
522	1
523	0
524	3
525	0
526	0
527	0
528	0
529	2
530	0
531	0
532	3
533	3
534	0
535	0
536	1
537	3
538	3
539	0
540	2
541	3
542	0
543	2
544	3
545	0
546	0
547	2
548	3
549	0
550	3
551	0
552	3
553	0
554	0
555	0
556	3
557	0
558	2
559	3
560	2
561	3
562	3
563	0
564	0
565	3
566	2
567	3
568	3
569	2
570	3
571	2
572	3
573	3
574	3
575	3
576	3
577	0
578	3
579	0
580	0
581	2
582	1
583	0
584	2
585	0
586	0
587	0
588	0
589	0
590	0
591	0
592	1
593	3
594	1
595	1
596	3
597	0
598	2
599	2
600	3
601	1
602	3
603	0
604	3
605	0
606	3
607	1
608	2
609	0
610	2
611	0
612	3
613	0
614	1
615	0
616	2
617	0
618	3
619	0
620	2
621	0
622	2
623	0
624	2
625	3
626	3
627	0
628	3
629	2
630	3
631	3
632	0
633	0
634	3
635	0
636	3
637	0
638	0
639	0
640	0
641	0
642	2
643	0
644	3
645	3
646	3
647	1
648	0
649	3
650	0
651	3
652	0
653	3
654	0
655	2
656	3
657	3
658	2
659	0
660	2
661	3
662	2
663	0
664	0
665	3
666	0
667	3
668	0
669	3
670	2
671	3
672	0
673	1
674	0
675	3
676	3
677	0
678	0
679	1
680	3
681	3
682	3
683	0
684	0
685	3
686	3
687	3
688	3
689	3
690	2
691	0
692	3
693	3
694	0
695	3
696	0
697	2
698	2
699	0
700	1
701	3
702	1
703	1
704	3
705	0
706	0
707	3
708	3
709	0
710	3
711	0
712	3
713	3
714	0
715	3
716	2
717	2
718	2
719	3
720	3
721	3
722	2
723	0
724	0
725	0
726	0
727	3
728	0
729	0
730	3
731	1
732	0
733	3
734	0
735	0
736	0
737	0
738	3
739	0
740	1
741	0
742	2
743	3
744	0
745	3
746	0
747	0
748	2
749	0
750	3
751	3
752	1
753	0
754	3
755	3
756	3
757	3
758	2
759	3
760	3
761	3
762	3
763	3
764	0
765	0
766	0
767	0
768	3
769	0
770	3
771	0
772	2
773	0
774	0
775	2
776	3
777	2
778	3
779	3
780	0
781	1
782	3
783	3
784	0
785	0
786	2
787	0
788	3
789	3
790	3
791	3
792	0
793	0
794	0
795	0
796	2
797	0
798	3
799	0
800	3
801	1
802	2
803	1
804	3
805	3
806	3
807	0
808	2
809	0
810	3
811	0
812	3
813	0
814	3
815	0
816	0
817	3
818	2
819	3
820	3
821	0
822	0
823	0
824	0
825	2
826	0
827	2
828	0
829	0
830	0
831	3
832	3
833	1
834	2
835	2
836	2
837	0
838	0
839	3
840	0
841	2
842	3
843	0
844	3
845	0
846	3
847	0
848	2
849	0
850	2
851	0
852	3
853	0
854	0
855	0
856	0
857	3
858	1
859	3
860	3
861	0
862	3
863	2
864	2
865	3
866	1
867	0
868	0
869	0
870	1
871	0
872	3
873	3
874	0
875	3
876	1
877	0
878	0
879	0
880	0
881	3
882	0
883	1
884	0
885	2
886	0
887	3
888	0
889	1
890	2
891	0
892	3
893	3
894	1
895	3
896	0
897	3
898	3
899	0
900	0
901	2
902	3
903	3
904	1
905	1
906	3
907	3
908	3
909	2
910	3
911	0
912	2
913	0
914	1
915	0
916	3
917	2
918	2
919	0
920	3
921	0
922	3
923	1
924	2
925	0
926	1
927	0
928	3
929	3
930	2
931	2
932	2
933	3
934	0
935	3
936	3
937	0
938	3
939	0
940	3
941	3
942	0
943	3
944	3
945	3
946	2
947	3
948	1
949	2
950	2
951	1
952	0
953	2
954	3
955	3
956	3
957	2
958	3
959	0
960	3
961	3
962	3
963	0
964	3
965	3
966	2
967	2
968	3
969	0
970	0
971	3
972	3
973	1
974	2
975	0
976	3
977	1
978	3
979	0
980	0
981	1
982	1
983	2
984	2
985	0
986	0
987	2
988	1
989	3
990	3
991	2
992	0
993	0
994	0
995	3
996	1
997	3
998	0
999	2
1000	3
1001	3
1002	2
1003	2
1004	3
1005	3
1006	0
1007	3
1008	3
1009	3
1010	0
1011	3
1012	3
1013	0
1014	1
1015	3
1016	0
1017	1
1018	3
1019	1
1020	3
1021	3
1022	3
1023	0
1024	0
1025	3
1026	3
1027	0
1028	3
1029	1
1030	2
1031	3
1032	3
1033	3
1034	3
1035	3
1036	3
1037	0
1038	2
1039	0
1040	3
1041	1
1042	3
1043	0
1044	1
1045	3
1046	3
1047	0
1048	3
1049	3
1050	2
1051	2
1052	2
1053	0
1054	3
1055	2
1056	3
1057	2
1058	3
1059	3
1060	2
1061	3
1062	3
1063	3
1064	3
1065	3
1066	3
1067	1
1068	3
1069	0
1070	3
1071	0
1072	3
1073	0
1074	0
1075	2
1076	3
1077	2
1078	0
1079	1
1080	3
1081	3
1082	3
1083	3
1084	3
1085	3
1086	3
1087	1
1088	2
1089	2
1090	0
1091	3
1092	3
1093	0
1094	0
1095	1
1096	0
1097	0
1098	2
1099	3
1100	0
1101	0
1102	0
1103	0
1104	3
1105	3
1106	3
1107	2
1108	2
1109	3
1110	3
1111	2
1112	3
1113	0
1114	3
1115	0
1116	3
1117	2
1118	3
1119	0
1120	3
1121	1
1122	3
1123	1
1124	2
1125	0
1126	2
1127	0
1128	3
1129	3
1130	0
1131	3
1132	2
1133	0
1134	3
1135	0
1136	3
1137	1
1138	1
1139	1
1140	3
1141	3
1142	3
1143	3
1144	3
1145	3
1146	0
1147	0
1148	0
1149	0
1150	1
1151	3
1152	3
1153	0
1154	0
1155	1
1156	3
1157	1
1158	3
1159	0
1160	3
1161	2
1162	3
1163	3
1164	0
1165	0
1166	0
1167	3
1168	3
1169	3
1170	0
1171	3
1172	3
1173	3
1174	0
1175	0
1176	0
1177	0
1178	3
1179	0
1180	0
1181	0
1182	0
1183	0
1184	3
1185	2
1186	0
1187	2
1188	0
1189	3
1190	0
1191	0
1192	3
1193	1
1194	3
1195	0
1196	2
1197	3
1198	1
1199	0
1200	0
1201	3
1202	1
1203	0
1204	2
1205	2
1206	3
1207	0
1208	0
1209	0
1210	0
1211	3
1212	2
1213	0
1214	3
1215	1
1216	2
1217	0
1218	2
1219	0
1220	3
1221	0
1222	3
1223	0
1224	3
1225	0
1226	0
1227	0
1228	3
1229	0
1230	3
1231	0
1232	3
1233	3
1234	3
1235	0
1236	0
1237	2
1238	1
1239	0
1240	2
1241	0
1242	3
1243	3
1244	3
1245	1
1246	3
1247	3
1248	1
1249	3
1250	3
1251	2
1252	3
1253	0
1254	3
1255	2
1256	0
1257	0
1258	0
1259	3
1260	3
1261	0
1262	3
1263	0
1264	1
1265	3
1266	2
1267	2
1268	2
1269	3
1270	3
1271	2
1272	0
1273	0
1274	3
1275	0
1276	1
1277	0
1278	2
1279	2
1280	3
1281	0
1282	0
1283	3
1284	3
1285	0
1286	0
1287	3
1288	3
1289	3
1290	1
1291	3
1292	0
1293	3
1294	3
1295	0
1296	3
1297	0
1298	0
1299	0
1300	2
1301	0
1302	0
1303	0
1304	1
1305	1
1306	1
1307	3
1308	3
1309	3
1310	3
1311	1
1312	0
1313	2
1314	0
1315	3
1316	0
1317	3
1318	3
1319	3
1320	0
1321	2
1322	1
1323	0
1324	1
1325	3
1326	1
1327	0
1328	0
1329	2
1330	0
1331	0
1332	3
1333	2
1334	3
1335	0
1336	0
1337	3
1338	0
1339	3
1340	2
1341	3
1342	0
1343	3
1344	3
1345	3
1346	3
1347	0
1348	1
1349	0
1350	0
1351	0
1352	3
1353	1
1354	0
1355	0
1356	0
1357	3
1358	3
1359	3
1360	3
1361	3
1362	3
1363	2
1364	0
1365	0
1366	3
1367	0
1368	0
1369	3
1370	1
1371	3
1372	1
1373	0
1374	0
1375	0
1376	3
1377	0
1378	2
1379	2
1380	0
1381	3
1382	3
1383	3
1384	2
1385	3
1386	3
1387	3
1388	2
1389	0
1390	0
1391	3
1392	0
1393	3
1394	0
1395	0
1396	1
1397	3
1398	0
1399	3
1400	2
1401	3
1402	2
1403	2
1404	3
1405	2
1406	1
1407	3
1408	3
1409	1
1410	2
1411	3
1412	3
1413	2
1414	3
1415	3
1416	3
1417	0
1418	0
1419	0
1420	3
1421	1
1422	1
1423	1
1424	3
1425	3
1426	0
1427	3
1428	3
1429	3
1430	3
1431	0
1432	2
1433	2
1434	0
1435	3
1436	3
1437	1
1438	2
1439	3
1440	0
1441	0
1442	3
1443	0
1444	3
1445	3
1446	3
1447	0
1448	3
1449	0
1450	1
1451	1
1452	3
1453	0
1454	3
1455	3
1456	3
1457	2
1458	3
1459	0
1460	3
1461	2
1462	3
1463	0
1464	3
1465	3
1466	0
1467	3
1468	3
1469	3
1470	0
1471	3
1472	0
1473	3
1474	0
1475	3
1476	3
1477	3
1478	3
1479	0
1480	1
1481	3
1482	2
1483	3
1484	2
1485	3
1486	3
1487	3
1488	2
1489	3
1490	1
1491	0
1492	3
1493	0
1494	3
1495	3
1496	1
1497	0
1498	0
1499	2
1500	1
1501	3
1502	3
1503	3
1504	2
1505	3
1506	0
1507	1
1508	1
1509	3
1510	1
1511	3
1512	3
1513	1
1514	0
1515	1
1516	1
1517	1
1518	3
1519	3
1520	3
1521	3
1522	3
1523	2
1524	2
1525	2
1526	3
1527	3
1528	2
1529	3
1530	3
1531	3
1532	0
1533	3
1534	0
1535	3
1536	3
1537	0
1538	3
1539	3
1540	3
1541	2
1542	3
1543	3
1544	3
1545	2
1546	3
1547	3
1548	3
1549	0
1550	3
1551	0
1552	1
1553	0
1554	3
1555	0
1556	3
1557	0
1558	2
1559	3
1560	3
1561	3
1562	3
1563	2
1564	3
1565	3
1566	3
1567	0
1568	3
1569	2
1570	3
1571	0
1572	0
1573	0
1574	0
1575	3
1576	3
1577	0
1578	3
1579	0
1580	2
1581	0
1582	3
1583	3
1584	0
1585	2
1586	2
1587	0
1588	3
1589	2
1590	3
1591	3
1592	3
1593	0
1594	3
1595	3
1596	3
1597	1
1598	3
1599	0
1600	3
1601	1
1602	1
1603	3
1604	3
1605	0
1606	2
1607	0
1608	0
1609	3
1610	3
1611	3
1612	2
1613	3
1614	3
1615	3
1616	1
1617	3
1618	3
1619	0
1620	1
1621	2
1622	3
1623	1
1624	0
1625	2
1626	0
1627	3
1628	3
1629	3
1630	3
1631	3
1632	2
1633	0
1634	0
1635	3
1636	3
1637	1
1638	2
1639	3
1640	3
1641	3
1642	0
1643	3
1644	0
1645	3
1646	0
1647	3
1648	2
1649	3
1650	3
1651	1
1652	3
1653	0
1654	3
1655	3
1656	0
1657	0
1658	1
1659	2
1660	0
1661	3
1662	1
1663	3
1664	0
1665	3
1666	0
1667	3
1668	3
1669	3
1670	0
1671	3
1672	0
1673	2
1674	0
1675	0
1676	1
1677	2
1678	0
1679	3
1680	1
1681	3
1682	2
1683	3
1684	2
1685	3
1686	3
1687	1
1688	0
1689	3
1690	3
1691	3
1692	3
1693	3
1694	3
1695	1
1696	3
1697	1
1698	3
1699	2
1700	2
1701	0
1702	3
1703	0
1704	2
1705	3
1706	3
1707	0
1708	1
1709	3
1710	1
1711	2
1712	3
1713	1
1714	3
1715	2
1716	3
1717	3
1718	3
1719	0
1720	3
1721	2
1722	3
1723	0
1724	3
1725	2
1726	3
1727	0
1728	0
1729	0
1730	3
1731	0
1732	3
1733	0
1734	2
1735	0
1736	2
1737	3
1738	2
1739	0
1740	3
1741	1
1742	0
1743	0
1744	3
1745	3
1746	3
1747	3
1748	3
1749	3
1750	0
1751	1
1752	3
1753	3
1754	3
1755	3
1756	3
1757	1
1758	0
1759	3
1760	1
1761	3
1762	3
1763	3
1764	2
1765	3
1766	3
1767	0
1768	2
1769	1
1770	0
1771	3
1772	3
1773	1
1774	3
1775	0
1776	3
1777	1
1778	3
1779	3
1780	3
1781	3
1782	0
1783	3
1784	0
1785	3
1786	3
1787	3
1788	3
1789	0
1790	0
1791	3
1792	3
1793	2
1794	3
1795	0
1796	0
1797	2
1798	3
1799	3
1800	1
1801	2
1802	3
1803	0
1804	3
1805	2
1806	2
1807	1
1808	0
1809	1
1810	0
1811	3
1812	2
1813	3
1814	3
1815	3
1816	0
1817	0
1818	0
1819	2
1820	0
1821	0
1822	3
1823	0
1824	3
1825	0
1826	0
1827	3
1828	3
1829	3
1830	3
1831	0
1832	3
1833	3
1834	3
1835	0
1836	3
1837	0
1838	1
1839	3
1840	3
1841	3
1842	3
1843	0
1844	3
1845	3
1846	3
1847	3
1848	2
1849	3
1850	0
1851	3
1852	0
1853	2
1854	3
1855	3
1856	0
1857	3
1858	3
1859	0
1860	3
1861	3
1862	3
1863	3
1864	3
1865	2
1866	3
1867	0
1868	2
1869	3
1870	0
1871	3
1872	3
1873	3
1874	0
1875	1
1876	0
1877	0
1878	3
1879	3
1880	3
1881	0
1882	0
1883	0
1884	0
1885	0
1886	3
1887	3
1888	3
1889	3
1890	3
1891	0
1892	3
1893	2
1894	3
1895	3
1896	3
1897	3
1898	3
1899	1
1900	3
1901	3
1902	3
1903	3
1904	3
1905	3
1906	1
1907	3
1908	3
1909	3
1910	0
1911	3
1912	3
1913	3
1914	3
1915	3
1916	3
1917	3
1918	3
1919	2
1920	3
1921	3
1922	3
1923	3
1924	3
1925	3
1926	1
1927	3
1928	3
1929	3
1930	3
1931	0
1932	2
1933	3
1934	3
1935	3
1936	3
1937	3
1938	3
1939	1
1940	3
1941	1
1942	3
1943	0
1944	3
1945	1
1946	3
1947	3
1948	2
1949	2
1950	3
1951	3
1952	3
1953	3
1954	3
1955	3
1956	2
1957	1
1958	0
1959	0
1960	3
1961	1
1962	1
1963	1
1964	0
1965	3
1966	0
1967	3
1968	2
1969	0
1970	2
1971	2
1972	2
1973	1
1974	2
1975	0
1976	3
1977	3
1978	3
1979	0
1980	0
1981	3
1982	3
1983	3
1984	3
1985	1
1986	2
1987	0
1988	3
1989	3
1990	1
1991	0
1992	0
1993	0
1994	1
1995	2
1996	0
1997	2
1998	0
1999	2
2000	0
2001	0
2002	0
2003	0
2004	0
2005	0
2006	3
2007	0
2008	0
2009	1
2010	0
2011	0
2012	1
2013	0
2014	2
2015	3
2016	3
2017	1
2018	3
2019	0
2020	3
2021	0
2022	3
2023	0
2024	3
2025	0
2026	3
2027	0
2028	3
2029	0
2030	3
2031	0
2032	2
2033	0
2034	3
2035	1
2036	3
2037	0
2038	3
2039	0
2040	3
2041	0
2042	3
2043	3
2044	1
2045	0
2046	3
2047	0
2048	3
2049	0
2050	3
2051	2
2052	3
2053	0
2054	0
2055	3
2056	3
2057	0
2058	3
2059	3
2060	3
2061	1
2062	3
2063	0
2064	3
2065	0
2066	0
2067	3
2068	3
2069	1
2070	3
2071	1
2072	2
2073	3
2074	0
2075	2
2076	0
2077	3
2078	3
2079	3
2080	3
2081	3
2082	0
2083	3
2084	0
2085	1
2086	3
2087	3
2088	3
2089	1
2090	3
2091	3
2092	3
2093	3
2094	3
2095	0
2096	0
2097	0
2098	1
2099	0
2100	0
2101	0
2102	0
2103	0
2104	0
2105	3
2106	0
2107	0
2108	0
2109	0
2110	0
2111	0
2112	0
2113	0
2114	1
2115	3
2116	3
2117	0
2118	0
2119	0
2120	0
2121	3
2122	0
2123	0
2124	0
2125	0
2126	0
2127	1
2128	2
2129	0
2130	3
2131	3
2132	0
2133	3
2134	0
2135	3
2136	0
2137	1
2138	0
2139	0
2140	3
2141	2
2142	2
2143	0
2144	0
2145	0
2146	3
2147	0
2148	3
2149	3
2150	0
2151	0
2152	3
2153	3
2154	3
2155	0
2156	3
2157	0
2158	3
2159	0
2160	3
2161	1
2162	3
2163	0
2164	3
2165	0
2166	3
2167	0
2168	2
2169	0
2170	3
2171	0
2172	3
2173	1
2174	0
2175	0
2176	3
2177	0
2178	3
2179	0
2180	3
2181	1
2182	3
2183	0
2184	3
2185	0
2186	3
2187	0
2188	3
2189	3
2190	2
2191	0
2192	3
2193	0
2194	2
2195	2
2196	0
2197	2
2198	3
2199	0
2200	2
2201	0
2202	3
2203	0
2204	2
2205	2
2206	2
2207	0
2208	3
2209	0
2210	2
2211	0
2212	3
2213	0
2214	3
2215	2
2216	1
2217	1
2218	3
2219	2
2220	3
2221	3
2222	3
2223	3
2224	3
2225	0
2226	3
2227	0
2228	3
2229	3
2230	3
2231	1
2232	0
2233	0
2234	1
2235	3
2236	3
2237	3
2238	3
2239	0
2240	3
2241	3
2242	1
2243	0
2244	3
2245	2
2246	3
2247	2
2248	3
2249	0
2250	0
2251	0
2252	3
2253	1
2254	3
2255	3
2256	0
2257	3
2258	3
2259	3
2260	3
2261	1
2262	2
2263	3
2264	3
2265	1
2266	3
2267	2
2268	1
2269	3
2270	0
2271	3
2272	2
2273	3
2274	2
2275	3
2276	2
2277	3
2278	1
2279	3
2280	2
2281	3
2282	0
2283	2
2284	3
2285	3
2286	3
2287	3
2288	0
2289	3
2290	3
2291	3
2292	1
2293	1
2294	0
2295	3
2296	0
2297	0
2298	3
2299	3
2300	0
2301	2
2302	3
2303	2
2304	2
2305	0
2306	3
2307	3
2308	3
2309	0
2310	3
2311	3
2312	3
2313	0
2314	3
2315	3
2316	3
2317	0
2318	3
2319	1
2320	3
2321	0
2322	3
2323	2
2324	3
2325	0
2326	3
2327	0
2328	3
2329	3
2330	3
2331	0
2332	3
2333	3
2334	3
2335	3
2336	3
2337	0
2338	3
2339	2
2340	3
2341	0
2342	3
2343	3
2344	3
2345	3
2346	3
2347	0
2348	2
2349	3
2350	3
2351	2
2352	3
2353	0
2354	3
2355	0
2356	0
2357	0
2358	3
2359	0
2360	3
2361	1
2362	3
2363	0
2364	3
2365	1
2366	3
2367	3
2368	3
2369	0
2370	3
2371	2
2372	3
2373	2
2374	3
2375	0
2376	3
2377	0
2378	2
2379	0
2380	3
2381	1
2382	3
2383	1
2384	0
2385	0
2386	3
2387	3
2388	3
2389	1
2390	3
2391	0
2392	3
2393	0
2394	3
2395	0
2396	3
2397	0
2398	3
2399	0
2400	3
2401	2
2402	3
2403	3
2404	3
2405	1
2406	3
2407	3
2408	2
2409	1
2410	3
2411	0
2412	3
2413	3
2414	1
2415	1
2416	0
2417	0
2418	3
2419	0
2420	3
2421	0
2422	2
2423	1
2424	3
2425	3
2426	3
2427	0
2428	0
2429	2
2430	0
2431	0
2432	3
2433	3
2434	3
2435	3
2436	1
2437	3
2438	3
2439	3
2440	3
2441	2
2442	1
2443	3
2444	2
2445	2
2446	3
2447	0
2448	1
2449	3
2450	3
2451	3
2452	3
2453	3
2454	3
2455	3
2456	3
2457	1
2458	2
2459	2
2460	3
2461	0
2462	3
2463	0
2464	2
2465	0
2466	0
2467	3
2468	3
2469	0
2470	1
2471	3
2472	2
2473	3
2474	3
2475	2
2476	0
2477	3
2478	3
2479	0
2480	3
2481	3
2482	3
2483	1
2484	2
2485	3
2486	3
2487	1
2488	3
2489	3
2490	3
2491	2
2492	3
2493	3
2494	3
2495	1
2496	3
2497	0
2498	3
2499	3
2500	0
2501	0
2502	0
2503	1
2504	3
2505	3
2506	1
2507	1
2508	0
2509	0
2510	3
2511	0
2512	3
2513	2
2514	3
2515	3
2516	3
2517	3
2518	3
2519	2
2520	0
2521	0
2522	0
2523	1
2524	3
2525	3
2526	0
2527	3
2528	3
2529	3
2530	1
2531	3
2532	0
2533	0
2534	3
2535	3
2536	3
2537	3
2538	3
2539	1
2540	3
2541	2
2542	0
2543	1
2544	1
2545	0
2546	0
2547	3
2548	0
2549	0
2550	1
2551	3
2552	3
2553	2
2554	3
2555	0
2556	3
2557	3
2558	3
2559	3
2560	3
2561	3
2562	1
2563	3
2564	0
2565	0
2566	0
2567	1
2568	0
2569	0
2570	3
2571	0
2572	0
2573	0
2574	3
2575	0
2576	3
2577	3
2578	3
2579	3
2580	0
2581	3
2582	0
2583	2
2584	0
2585	0
2586	2
2587	0
2588	0
2589	3
2590	2
2591	0
2592	0
2593	0
2594	0
2595	0
2596	3
2597	3
2598	0
2599	0
2600	3
2601	0
2602	1
2603	3
2604	3
2605	1
2606	3
2607	0
2608	1
2609	0
2610	3
2611	0
2612	3
2613	0
2614	3
2615	0
2616	3
2617	3
2618	1
2619	0
2620	2
2621	0
2622	3
2623	3
2624	3
2625	0
2626	3
2627	3
2628	0
2629	0
2630	3
2631	0
2632	0
2633	3
2634	3
2635	0
2636	3
2637	3
2638	3
2639	3
2640	0
2641	2
2642	2
2643	3
2644	3
2645	3
2646	0
2647	3
2648	2
2649	3
2650	0
2651	3
2652	3
2653	3
2654	0
2655	3
2656	2
2657	3
2658	3
2659	0
2660	0
2661	3
2662	3
2663	3
2664	0
2665	0
2666	3
2667	3
2668	3
2669	3
2670	3
2671	1
2672	0
2673	2
2674	0
2675	0
2676	3
2677	3
2678	0
2679	0
2680	0
2681	1
2682	0
2683	0
2684	0
2685	2
2686	0
2687	0
2688	3
2689	3
2690	0
2691	1
2692	0
2693	0
2694	0
2695	0
2696	3
2697	0
2698	3
2699	0
2700	1
2701	3
2702	0
2703	1
2704	3
2705	3
2706	1
2707	3
2708	3
2709	2
2710	1
2711	2
2712	0
2713	0
2714	0
2715	0
2716	0
2717	3
2718	0
2719	1
2720	1
2721	2
2722	0
2723	2
2724	2
2725	1
2726	3
2727	0
2728	3
2729	1
2730	1
2731	3
2732	3
2733	0
2734	3
2735	0
2736	3
2737	1
2738	3
2739	2
2740	0
2741	1
2742	3
2743	0
2744	0
2745	3
2746	3
2747	0
2748	0
2749	3
2750	3
2751	2
2752	3
2753	0
2754	3
2755	3
2756	3
2757	3
2758	3
2759	0
2760	0
2761	3
2762	3
2763	0
2764	2
2765	3
2766	2
2767	1
2768	3
2769	0
2770	0
2771	3
2772	3
2773	3
2774	3
2775	0
2776	1
2777	3
2778	0
2779	3
2780	0
2781	0
2782	0
2783	3
2784	0
2785	3
2786	0
2787	0
2788	0
2789	3
2790	0
2791	0
2792	1
2793	0
2794	0
2795	1
2796	3
2797	2
2798	3
2799	0
2800	3
2801	1
2802	3
2803	3
2804	0
2805	2
2806	1
2807	3
2808	3
2809	0
2810	0
2811	0
2812	0
2813	1
2814	3
2815	3
2816	0
2817	3
2818	1
2819	3
2820	1
2821	0
2822	2
2823	3
2824	2
2825	3
2826	3
2827	3
2828	3
2829	3
2830	3
2831	3
2832	2
2833	3
2834	0
2835	3
2836	2
2837	2
2838	3
2839	3
2840	0
2841	0
2842	0
2843	0
2844	3
2845	0
2846	3
2847	3
2848	3
2849	3
2850	2
2851	3
2852	1
2853	3
2854	0
2855	2
2856	3
2857	0
2858	2
2859	2
2860	0
2861	3
2862	3
2863	3
2864	3
2865	1
2866	3
2867	0
2868	3
2869	2
2870	3
2871	0
2872	3
2873	0
2874	0
2875	3
2876	0
2877	0
2878	1
2879	3
2880	3
2881	3
2882	3
2883	3
2884	2
2885	0
2886	0
2887	3
2888	0
2889	3
2890	3
2891	3
2892	3
2893	3
2894	2
2895	0
2896	0
2897	2
2898	0
2899	0
2900	3
2901	1
2902	2
2903	0
2904	0
2905	1
2906	0
2907	2
2908	3
2909	1
2910	3
2911	0
2912	2
2913	0
2914	3
2915	3
2916	1
2917	3
2918	0
2919	1
2920	3
2921	0
2922	3
2923	0
2924	3
2925	3
2926	3
2927	3
2928	0
2929	1
2930	3
2931	3
2932	1
2933	3
2934	3
2935	0
2936	0
2937	0
2938	1
2939	0
2940	3
2941	0
2942	0
2943	3
2944	3
2945	0
2946	3
2947	0
2948	0
2949	1
2950	3
2951	3
2952	3
2953	0
2954	3
2955	3
2956	3
2957	3
2958	3
2959	2
2960	0
2961	0
2962	1
2963	0
2964	0
2965	2
2966	3
2967	2
2968	0
2969	3
2970	0
2971	3
2972	0
2973	0
2974	0
2975	0
2976	3
2977	1
2978	0
2979	3
2980	0
2981	0
2982	0
2983	1
2984	2
2985	3
2986	3
2987	0
2988	2
2989	1
2990	0
2991	0
2992	3
2993	1
2994	0
2995	1
2996	2
2997	0
2998	3
2999	0
3000	3
3001	0
3002	1
3003	3
3004	3
3005	3
3006	0
3007	2
3008	3
3009	0
3010	3
3011	3
3012	0
3013	0
3014	0
3015	0
3016	0
3017	3
3018	0
3019	3
3020	0
3021	3
3022	2
3023	0
3024	3
3025	3
3026	1
3027	3
3028	0
3029	0
3030	3
3031	2
3032	0
3033	0
3034	0
3035	3
3036	3
3037	2
3038	0
3039	2
3040	3
3041	3
3042	2
3043	0
3044	0
3045	2
3046	0
3047	0
3048	3
3049	2
3050	0
3051	3
3052	3
3053	3
3054	3
3055	0
3056	1
3057	3
3058	0
3059	0
3060	0
3061	2
3062	3
3063	3
3064	3
3065	0
3066	0
3067	0
3068	3
3069	1
3070	3
3071	2
3072	0
3073	0
3074	3
3075	3
3076	0
3077	0
3078	3
3079	0
3080	1
3081	3
3082	3
3083	1
3084	3
3085	1
3086	3
3087	1
3088	3
3089	0
3090	3
3091	2
3092	3
3093	3
3094	3
3095	0
3096	2
3097	0
3098	3
3099	0
3100	3
3101	3
3102	3
3103	0
3104	1
3105	3
3106	1
3107	0
3108	3
3109	2
3110	3
3111	0
3112	2
3113	1
3114	0
3115	2
3116	2
3117	2
3118	3
3119	3
3120	3
3121	0
3122	3
3123	3
3124	2
3125	3
3126	0
3127	0
3128	3
3129	0
3130	3
3131	3
3132	0
3133	2
3134	2
3135	3
3136	3
3137	3
3138	3
3139	3
3140	0
3141	3
3142	3
3143	0
3144	0
3145	3
3146	1
3147	1
3148	3
3149	0
3150	1
3151	2
3152	3
3153	1
3154	3
3155	1
3156	3
3157	0
3158	3
3159	3
3160	3
3161	3
3162	0
3163	1
3164	3
3165	3
3166	3
3167	0
3168	3
3169	2
3170	2
3171	0
3172	0
3173	1
3174	1
3175	0
3176	3
3177	3
3178	2
3179	0
3180	3
3181	1
3182	3
3183	0
3184	0
3185	3
3186	0
3187	2
3188	3
3189	3
3190	3
3191	2
3192	3
3193	0
3194	2
3195	2
3196	3
3197	0
3198	3
3199	0
3200	3
3201	0
3202	3
3203	1
3204	0
3205	3
3206	3
3207	0
3208	3
3209	1
3210	3
3211	3
3212	3
3213	0
3214	3
3215	3
3216	3
3217	1
3218	3
3219	3
3220	3
3221	0
3222	2
3223	3
3224	3
3225	0
3226	3
3227	3
3228	3
3229	1
3230	3
3231	3
3232	2
3233	0
3234	3
3235	0
3236	0
3237	3
3238	0
3239	0
3240	3
3241	3
3242	3
3243	3
3244	2
3245	2
3246	3
3247	0
3248	3
3249	2
3250	0
3251	3
3252	2
3253	0
3254	0
3255	3
3256	0
3257	0
3258	3
3259	0
3260	0
3261	3
3262	0
3263	3
3264	3
3265	3
3266	0
3267	0
3268	0
3269	1
3270	3
3271	3
3272	2
3273	2
3274	3
3275	3
3276	1
3277	0
3278	3
3279	2
3280	0
3281	3
3282	0
3283	3
3284	0
3285	0
3286	0
3287	0
3288	0
3289	1
3290	3
3291	0
3292	2
3293	0
3294	2
3295	0
3296	0
3297	0
3298	0
3299	2
3300	3
3301	0
3302	0
3303	3
3304	0
3305	3
3306	0
3307	2
3308	3
3309	3
3310	0
3311	0
3312	3
3313	0
3314	3
3315	0
3316	0
3317	3
3318	2
3319	3
3320	1
3321	0
3322	3
3323	3
3324	2
3325	0
3326	2
3327	0
3328	0
3329	0
3330	3
3331	2
3332	0
3333	1
3334	2
3335	0
3336	2
3337	0
3338	1
3339	0
3340	2
3341	3
3342	0
3343	0
3344	1
3345	3
3346	0
3347	1
3348	0
3349	2
3350	3
3351	0
3352	0
3353	3
3354	0
3355	2
3356	0
3357	2
3358	3
3359	1
3360	2
3361	2
3362	3
3363	3
3364	0
3365	3
3366	2
3367	0
3368	3
3369	1
3370	3
3371	2
3372	3
3373	3
3374	1
3375	3
3376	2
3377	0
3378	3
3379	0
3380	3
3381	0
3382	3
3383	3
3384	0
3385	0
3386	3
3387	0
3388	2
3389	0
3390	0
3391	3
3392	0
3393	3
3394	1
3395	1
3396	3
3397	3
3398	2
3399	3
3400	2
3401	0
3402	3
3403	0
3404	0
3405	1
3406	3
3407	2
3408	2
3409	0
3410	0
3411	1
3412	3
3413	0
3414	0
3415	3
3416	1
3417	3
3418	2
3419	3
3420	0
3421	0
3422	0
3423	3
3424	0
3425	0
3426	0
3427	0
3428	0
3429	3
3430	3
3431	0
3432	3
3433	0
3434	1
3435	3
3436	3
3437	0
3438	3
3439	3
3440	0
3441	0
3442	0
3443	3
3444	2
3445	2
3446	0
3447	3
3448	2
3449	0
3450	3
3451	2
3452	0
3453	1
3454	3
3455	1
3456	1
3457	0
3458	3
3459	0
3460	0
3461	0
3462	1
3463	0
3464	2
3465	1
3466	3
3467	0
3468	0
3469	2
3470	2
3471	0
3472	0
3473	1
3474	1
3475	2
3476	0
3477	3
3478	3
3479	3
3480	3
3481	0
3482	3
3483	0
3484	3
3485	3
3486	3
3487	3
3488	3
3489	3
3490	1
3491	3
3492	0
3493	3
3494	0
3495	3
3496	0
3497	3
3498	0
3499	0
3500	2
3501	2
3502	2
3503	2
3504	3
3505	1
3506	2
3507	3
3508	3
3509	0
3510	1
3511	2
3512	0
3513	3
3514	0
3515	1
3516	3
3517	1
3518	0
3519	3
3520	0
3521	0
3522	3
3523	3
3524	3
3525	1
3526	3
3527	2
3528	0
3529	3
3530	3
3531	3
3532	3
3533	0
3534	3
3535	0
3536	1
3537	3
3538	2
3539	3
3540	0
3541	3
3542	3
3543	3
3544	3
3545	0
3546	1
3547	0
3548	2
3549	0
3550	0
3551	0
3552	0
3553	0
3554	3
3555	3
3556	2
3557	2
3558	1
3559	1
3560	3
3561	3
3562	3
3563	0
3564	3
3565	2
3566	2
3567	1
3568	3
3569	0
3570	2
3571	2
3572	3
3573	0
3574	3
3575	3
3576	3
3577	3
3578	3
3579	3
3580	3
3581	2
3582	0
3583	3
3584	3
3585	2
3586	1
3587	0
3588	0
3589	3
3590	3
3591	2
3592	2
3593	3
3594	0
3595	1
3596	3
3597	0
3598	0
3599	0
3600	2
3601	3
3602	2
3603	2
3604	0
3605	3
3606	3
3607	1
3608	0
3609	3
3610	3
3611	3
3612	1
3613	2
3614	0
3615	3
3616	3
3617	2
3618	3
3619	0
3620	3
3621	3
3622	3
3623	3
3624	3
3625	3
3626	1
3627	0
3628	3
3629	1
3630	0
3631	3
3632	3
3633	3
3634	3
3635	1
3636	3
3637	3
3638	3
3639	0
3640	2
3641	3
3642	1
3643	3
3644	3
3645	1
3646	3
3647	3
3648	3
3649	0
3650	3
3651	3
3652	0
3653	2
3654	3
3655	3
3656	2
3657	0
3658	3
3659	0
3660	1
3661	2
3662	2
3663	0
3664	3
3665	0
3666	0
3667	3
3668	3
3669	1
3670	3
3671	3
3672	3
3673	2
3674	0
3675	3
3676	3
3677	3
3678	3
3679	3
3680	2
3681	3
3682	3
3683	3
3684	3
3685	0
3686	1
3687	3
3688	2
3689	2
3690	0
3691	3
3692	3
3693	3
3694	3
3695	3
3696	3
3697	1
3698	3
3699	1
3700	3
3701	3
3702	3
3703	3
3704	3
3705	0
3706	0
3707	2
3708	3
3709	1
3710	3
3711	3
3712	1
3713	2
3714	2
3715	2
3716	3
3717	1
3718	3
3719	3
3720	3
3721	1
3722	3
3723	2
3724	3
3725	3
3726	0
3727	3
3728	3
3729	3
3730	0
3731	2
3732	1
3733	0
3734	3
3735	2
3736	1
3737	3
3738	0
3739	2
3740	3
3741	2
3742	0
3743	3
3744	3
3745	3
3746	0
3747	0
3748	0
3749	3
3750	3
3751	3
3752	1
3753	3
3754	3
3755	2
3756	0
3757	3
3758	2
3759	3
3760	3
3761	1
3762	0
3763	3
3764	2
3765	1
3766	3
3767	0
3768	3
3769	2
3770	3
3771	2
3772	3
3773	1
3774	3
3775	3
3776	2
3777	3
3778	3
3779	0
3780	0
3781	3
3782	2
3783	0
3784	3
3785	3
3786	0
3787	1
3788	0
3789	3
3790	3
3791	3
3792	3
3793	3
3794	1
3795	3
3796	3
3797	2
3798	3
3799	3
3800	3
3801	0
3802	3
3803	3
3804	3
3805	1
3806	3
3807	1
3808	2
3809	3
3810	3
3811	2
3812	3
3813	3
3814	0
3815	3
3816	3
3817	2
3818	3
3819	0
3820	0
3821	2
3822	3
3823	0
3824	3
3825	3
3826	3
3827	0
3828	2
3829	0
3830	3
3831	0
3832	3
3833	2
3834	2
3835	1
3836	0
3837	0
3838	2
3839	0
3840	3
3841	3
3842	0
3843	1
3844	0
3845	0
3846	0
3847	2
3848	1
3849	0
3850	1
3851	0
3852	1
3853	0
3854	0
3855	0
3856	0
3857	1
3858	0
3859	2
3860	0
3861	2
3862	3
3863	1
3864	0
3865	3
3866	0
3867	3
3868	2
3869	3
3870	0
3871	0
3872	3
3873	3
3874	1
3875	3
3876	0
3877	0
3878	0
3879	3
3880	0
3881	3
3882	3
3883	0
3884	0
3885	0
3886	3
3887	0
3888	0
3889	0
3890	0
3891	0
3892	0
3893	0
3894	3
3895	2
3896	0
3897	0
3898	2
3899	0
3900	3
3901	0
3902	2
3903	2
3904	1
3905	0
3906	0
3907	0
3908	2
3909	2
3910	0
3911	0
3912	0
3913	1
3914	1
3915	0
3916	2
3917	2
3918	0
3919	3
3920	2
3921	3
3922	3
3923	3
3924	0
3925	3
3926	0
3927	1
3928	2
3929	1
3930	0
3931	3
3932	1
3933	1
3934	3
3935	0
3936	1
3937	3
3938	2
3939	2
3940	2
3941	3
3942	0
3943	3
3944	1
3945	3
3946	1
3947	0
3948	3
3949	0
3950	3
3951	0
3952	3
3953	0
3954	0
3955	1
3956	3
3957	0
3958	3
3959	0
3960	0
3961	2
3962	3
3963	0
3964	3
3965	3
3966	3
3967	0
3968	0
3969	2
3970	3
3971	3
3972	1
3973	2
3974	3
3975	1
3976	3
3977	0
3978	3
3979	2
3980	0
3981	0
3982	3
3983	3
3984	3
3985	2
3986	0
3987	0
3988	3
3989	0
3990	0
3991	2
3992	1
3993	2
3994	3
3995	3
3996	0
3997	3
3998	0
3999	0
4000	1
4001	3
4002	0
4003	3
4004	2
4005	0
4006	1
4007	3
4008	0
4009	0
4010	3
4011	3
4012	0
4013	3
4014	3
4015	3
4016	3
4017	0
4018	3
4019	0
4020	2
4021	0
4022	3
4023	0
4024	2
4025	0
4026	3
4027	0
4028	3
4029	0
4030	3
4031	2
4032	0
4033	0
4034	0
4035	1
4036	2
4037	3
4038	3
4039	2
4040	3
4041	0
4042	2
4043	3
4044	0
4045	3
4046	1
4047	3
4048	0
4049	3
4050	0
4051	0
4052	3
4053	0
4054	3
4055	2
4056	2
4057	1
4058	3
4059	3
4060	3
4061	2
4062	3
4063	0
4064	1
4065	3
4066	0
4067	3
4068	0
4069	0
4070	2
4071	3
4072	0
4073	3
4074	1
4075	3
4076	3
4077	3
4078	3
4079	3
4080	3
4081	0
4082	3
4083	0
4084	3
4085	2
4086	0
4087	0
4088	0
4089	0
4090	3
4091	0
4092	3
4093	3
4094	1
4095	0
