COMMAND
./sim gshare 12 2 ./proj2-traces/jpeg_trace.txt
OUTPUT
number of predictions:2000000
number of mispredictions:148835
misprediction rate:   7.44%
FINAL GSHARE CONTENTS
0	2
1	2
2	2
3	2
4	2
5	3
6	2
7	2
8	2
9	3
10	2
11	3
12	0
13	0
14	2
15	3
16	2
17	2
18	3
19	3
20	2
21	3
22	2
23	0
24	2
25	0
26	2
27	0
28	2
29	1
30	2
31	2
32	1
33	2
34	0
35	2
36	2
37	2
38	0
39	3
40	2
41	0
42	3
43	0
44	2
45	2
46	3
47	3
48	3
49	2
50	1
51	0
52	0
53	2
54	0
55	0
56	0
57	1
58	2
59	0
60	0
61	3
62	3
63	0
64	2
65	3
66	0
67	0
68	0
69	2
70	3
71	2
72	3
73	1
74	2
75	2
76	2
77	3
78	2
79	0
80	3
81	3
82	0
83	3
84	0
85	2
86	2
87	3
88	2
89	2
90	2
91	2
92	3
93	2
94	2
95	2
96	3
97	3
98	3
99	2
100	2
101	0
102	2
103	2
104	2
105	2
106	3
107	2
108	3
109	0
110	2
111	2
112	0
113	2
114	2
115	3
116	3
117	2
118	0
119	0
120	3
121	2
122	2
123	2
124	0
125	3
126	2
127	2
128	2
129	2
130	2
131	2
132	2
133	3
134	2
135	2
136	0
137	0
138	2
139	2
140	2
141	2
142	2
143	2
144	2
145	2
146	2
147	2
148	2
149	2
150	3
151	2
152	3
153	2
154	2
155	2
156	2
157	2
158	2
159	0
160	0
161	0
162	3
163	0
164	1
165	0
166	2
167	0
168	2
169	3
170	2
171	2
172	2
173	2
174	0
175	3
176	3
177	2
178	2
179	0
180	2
181	0
182	0
183	2
184	2
185	2
186	0
187	2
188	2
189	2
190	0
191	2
192	2
193	2
194	2
195	2
196	2
197	3
198	2
199	3
200	2
201	3
202	2
203	2
204	3
205	2
206	2
207	2
208	3
209	2
210	0
211	2
212	3
213	0
214	2
215	3
216	3
217	2
218	3
219	2
220	2
221	2
222	2
223	2
224	3
225	2
226	3
227	2
228	2
229	2
230	1
231	2
232	3
233	2
234	2
235	2
236	3
237	2
238	3
239	2
240	3
241	2
242	2
243	2
244	2
245	2
246	3
247	2
248	2
249	0
250	1
251	3
252	2
253	2
254	2
255	0
256	2
257	2
258	0
259	3
260	0
261	2
262	2
263	3
264	2
265	2
266	0
267	0
268	2
269	0
270	0
271	0
272	2
273	2
274	2
275	2
276	2
277	2
278	0
279	2
280	2
281	0
282	2
283	1
284	3
285	3
286	2
287	0
288	3
289	2
290	0
291	2
292	2
293	2
294	3
295	2
296	2
297	1
298	2
299	2
300	1
301	0
302	3
303	3
304	2
305	0
306	0
307	2
308	0
309	2
310	3
311	2
312	3
313	2
314	3
315	3
316	2
317	3
318	2
319	0
320	0
321	2
322	2
323	3
324	0
325	2
326	1
327	3
328	1
329	2
330	3
331	2
332	0
333	0
334	3
335	3
336	2
337	2
338	2
339	3
340	0
341	2
342	2
343	0
344	2
345	0
346	3
347	2
348	1
349	2
350	2
351	2
352	0
353	2
354	2
355	2
356	2
357	2
358	0
359	2
360	0
361	0
362	2
363	0
364	2
365	0
366	2
367	3
368	0
369	2
370	0
371	2
372	2
373	0
374	2
375	2
376	0
377	0
378	2
379	3
380	2
381	0
382	2
383	0
384	3
385	0
386	2
387	3
388	1
389	2
390	0
391	2
392	2
393	2
394	2
395	2
396	2
397	2
398	2
399	2
400	2
401	2
402	2
403	2
404	2
405	2
406	2
407	3
408	0
409	2
410	2
411	2
412	3
413	2
414	3
415	3
416	3
417	2
418	2
419	2
420	0
421	2
422	2
423	2
424	2
425	2
426	2
427	2
428	3
429	0
430	2
431	2
432	2
433	2
434	2
435	2
436	2
437	2
438	2
439	2
440	0
441	2
442	2
443	2
444	2
445	0
446	2
447	2
448	3
449	2
450	2
451	2
452	2
453	2
454	2
455	2
456	2
457	0
458	2
459	0
460	2
461	2
462	2
463	2
464	2
465	2
466	2
467	0
468	3
469	2
470	2
471	2
472	2
473	2
474	2
475	0
476	2
477	0
478	2
479	2
480	2
481	2
482	2
483	0
484	2
485	2
486	2
487	3
488	2
489	2
490	3
491	2
492	2
493	0
494	3
495	0
496	2
497	2
498	0
499	0
500	3
501	3
502	2
503	0
504	2
505	2
506	2
507	2
508	3
509	3
510	2
511	2
512	2
513	3
514	2
515	2
516	2
517	0
518	2
519	2
520	0
521	2
522	3
523	3
524	2
525	1
526	3
527	2
528	2
529	2
530	2
531	2
532	2
533	2
534	2
535	2
536	3
537	1
538	2
539	2
540	2
541	2
542	3
543	2
544	2
545	2
546	2
547	2
548	2
549	3
550	2
551	2
552	2
553	3
554	2
555	2
556	0
557	2
558	2
559	3
560	2
561	3
562	0
563	2
564	2
565	2
566	2
567	2
568	2
569	2
570	2
571	2
572	3
573	3
574	2
575	2
576	2
577	2
578	2
579	3
580	3
581	2
582	2
583	2
584	2
585	2
586	2
587	2
588	3
589	2
590	2
591	3
592	2
593	2
594	2
595	2
596	2
597	3
598	2
599	2
600	3
601	2
602	2
603	0
604	2
605	2
606	3
607	2
608	2
609	2
610	0
611	2
612	0
613	3
614	1
615	2
616	2
617	2
618	2
619	2
620	2
621	2
622	2
623	0
624	1
625	0
626	3
627	2
628	3
629	2
630	1
631	2
632	0
633	2
634	3
635	2
636	2
637	2
638	2
639	2
640	2
641	2
642	2
643	3
644	2
645	3
646	3
647	2
648	2
649	0
650	3
651	1
652	2
653	2
654	2
655	2
656	2
657	2
658	2
659	0
660	2
661	3
662	2
663	3
664	2
665	2
666	2
667	2
668	3
669	3
670	3
671	2
672	3
673	2
674	2
675	2
676	2
677	3
678	0
679	0
680	2
681	2
682	3
683	2
684	2
685	0
686	3
687	2
688	2
689	2
690	3
691	2
692	3
693	2
694	2
695	2
696	2
697	0
698	2
699	2
700	2
701	2
702	1
703	2
704	3
705	2
706	3
707	3
708	3
709	2
710	2
711	2
712	3
713	2
714	2
715	0
716	3
717	0
718	2
719	0
720	0
721	2
722	2
723	0
724	0
725	3
726	2
727	2
728	3
729	3
730	2
731	2
732	3
733	2
734	2
735	0
736	2
737	2
738	0
739	3
740	2
741	2
742	2
743	2
744	2
745	3
746	2
747	0
748	0
749	2
750	3
751	2
752	0
753	2
754	1
755	0
756	2
757	2
758	2
759	3
760	0
761	2
762	2
763	0
764	2
765	0
766	2
767	1
768	0
769	0
770	2
771	2
772	2
773	2
774	2
775	2
776	2
777	1
778	2
779	2
780	2
781	2
782	3
783	2
784	2
785	2
786	2
787	3
788	2
789	0
790	3
791	2
792	2
793	2
794	2
795	2
796	2
797	2
798	2
799	2
800	2
801	3
802	2
803	2
804	0
805	2
806	2
807	0
808	0
809	2
810	2
811	2
812	3
813	3
814	2
815	2
816	2
817	2
818	0
819	2
820	2
821	2
822	3
823	2
824	2
825	3
826	3
827	2
828	2
829	3
830	2
831	2
832	2
833	3
834	2
835	2
836	3
837	2
838	2
839	3
840	2
841	2
842	2
843	2
844	2
845	2
846	2
847	0
848	2
849	0
850	2
851	2
852	0
853	2
854	3
855	3
856	2
857	0
858	2
859	2
860	2
861	2
862	2
863	0
864	1
865	2
866	0
867	2
868	2
869	3
870	3
871	2
872	2
873	3
874	2
875	2
876	2
877	2
878	2
879	2
880	2
881	2
882	2
883	2
884	3
885	2
886	2
887	0
888	0
889	0
890	2
891	3
892	2
893	2
894	1
895	2
896	2
897	2
898	2
899	3
900	2
901	2
902	2
903	2
904	2
905	0
906	2
907	2
908	2
909	0
910	2
911	2
912	3
913	3
914	2
915	1
916	3
917	1
918	3
919	2
920	3
921	2
922	3
923	0
924	2
925	2
926	2
927	3
928	0
929	2
930	2
931	3
932	2
933	2
934	3
935	3
936	2
937	3
938	0
939	2
940	2
941	2
942	2
943	3
944	3
945	0
946	2
947	2
948	2
949	2
950	2
951	3
952	0
953	2
954	2
955	2
956	3
957	0
958	3
959	3
960	2
961	2
962	2
963	3
964	2
965	2
966	2
967	1
968	1
969	3
970	0
971	3
972	3
973	2
974	3
975	3
976	2
977	2
978	2
979	2
980	2
981	2
982	2
983	2
984	0
985	0
986	3
987	0
988	2
989	2
990	3
991	2
992	2
993	2
994	3
995	2
996	0
997	3
998	2
999	2
1000	3
1001	3
1002	2
1003	2
1004	2
1005	2
1006	2
1007	3
1008	3
1009	0
1010	3
1011	2
1012	3
1013	2
1014	2
1015	3
1016	3
1017	2
1018	2
1019	2
1020	2
1021	1
1022	3
1023	2
1024	2
1025	2
1026	2
1027	2
1028	2
1029	3
1030	2
1031	2
1032	3
1033	2
1034	3
1035	2
1036	0
1037	0
1038	2
1039	3
1040	2
1041	2
1042	2
1043	3
1044	2
1045	2
1046	2
1047	2
1048	2
1049	2
1050	2
1051	2
1052	2
1053	2
1054	0
1055	2
1056	3
1057	2
1058	1
1059	2
1060	1
1061	2
1062	2
1063	2
1064	3
1065	2
1066	3
1067	2
1068	2
1069	2
1070	3
1071	2
1072	3
1073	2
1074	2
1075	2
1076	2
1077	1
1078	2
1079	2
1080	2
1081	2
1082	2
1083	2
1084	0
1085	3
1086	3
1087	2
1088	2
1089	2
1090	2
1091	0
1092	2
1093	2
1094	1
1095	3
1096	3
1097	2
1098	2
1099	2
1100	3
1101	2
1102	3
1103	2
1104	3
1105	2
1106	0
1107	3
1108	0
1109	2
1110	2
1111	0
1112	2
1113	2
1114	3
1115	2
1116	2
1117	2
1118	2
1119	2
1120	3
1121	2
1122	2
1123	0
1124	0
1125	2
1126	3
1127	2
1128	2
1129	2
1130	2
1131	0
1132	2
1133	2
1134	3
1135	2
1136	2
1137	3
1138	2
1139	2
1140	3
1141	2
1142	0
1143	0
1144	3
1145	2
1146	3
1147	2
1148	3
1149	3
1150	2
1151	0
1152	2
1153	2
1154	0
1155	1
1156	2
1157	3
1158	2
1159	2
1160	3
1161	3
1162	2
1163	2
1164	2
1165	2
1166	2
1167	2
1168	3
1169	2
1170	0
1171	2
1172	2
1173	2
1174	3
1175	2
1176	0
1177	3
1178	2
1179	3
1180	2
1181	2
1182	2
1183	2
1184	2
1185	3
1186	2
1187	2
1188	2
1189	0
1190	2
1191	0
1192	0
1193	2
1194	1
1195	3
1196	2
1197	2
1198	2
1199	2
1200	2
1201	3
1202	2
1203	3
1204	2
1205	0
1206	3
1207	2
1208	3
1209	2
1210	3
1211	3
1212	2
1213	2
1214	3
1215	2
1216	3
1217	2
1218	0
1219	0
1220	2
1221	2
1222	2
1223	2
1224	3
1225	0
1226	2
1227	3
1228	2
1229	2
1230	2
1231	2
1232	2
1233	2
1234	2
1235	2
1236	1
1237	0
1238	2
1239	0
1240	3
1241	0
1242	2
1243	2
1244	2
1245	2
1246	1
1247	2
1248	3
1249	3
1250	2
1251	2
1252	2
1253	2
1254	2
1255	2
1256	2
1257	2
1258	2
1259	3
1260	2
1261	2
1262	2
1263	2
1264	2
1265	2
1266	3
1267	2
1268	1
1269	3
1270	3
1271	2
1272	2
1273	0
1274	3
1275	2
1276	2
1277	0
1278	3
1279	2
1280	3
1281	1
1282	2
1283	2
1284	2
1285	2
1286	2
1287	2
1288	2
1289	2
1290	2
1291	0
1292	2
1293	2
1294	0
1295	0
1296	2
1297	2
1298	2
1299	0
1300	0
1301	0
1302	2
1303	0
1304	2
1305	0
1306	3
1307	0
1308	0
1309	0
1310	2
1311	3
1312	3
1313	0
1314	3
1315	0
1316	3
1317	0
1318	3
1319	2
1320	3
1321	3
1322	2
1323	0
1324	3
1325	0
1326	2
1327	2
1328	2
1329	3
1330	2
1331	2
1332	2
1333	2
1334	3
1335	3
1336	0
1337	2
1338	2
1339	3
1340	2
1341	2
1342	2
1343	3
1344	0
1345	1
1346	2
1347	2
1348	0
1349	3
1350	2
1351	2
1352	2
1353	2
1354	3
1355	2
1356	0
1357	2
1358	2
1359	3
1360	2
1361	2
1362	2
1363	2
1364	2
1365	2
1366	2
1367	2
1368	2
1369	2
1370	0
1371	2
1372	0
1373	2
1374	0
1375	0
1376	0
1377	3
1378	2
1379	2
1380	2
1381	2
1382	2
1383	2
1384	2
1385	2
1386	3
1387	3
1388	0
1389	2
1390	3
1391	3
1392	2
1393	2
1394	2
1395	2
1396	2
1397	1
1398	2
1399	0
1400	2
1401	2
1402	0
1403	0
1404	0
1405	2
1406	3
1407	3
1408	2
1409	2
1410	0
1411	2
1412	2
1413	2
1414	2
1415	2
1416	2
1417	2
1418	2
1419	2
1420	3
1421	1
1422	2
1423	2
1424	0
1425	2
1426	2
1427	3
1428	2
1429	2
1430	2
1431	2
1432	2
1433	2
1434	0
1435	2
1436	2
1437	2
1438	2
1439	2
1440	2
1441	2
1442	2
1443	0
1444	2
1445	3
1446	2
1447	0
1448	2
1449	2
1450	2
1451	2
1452	2
1453	2
1454	2
1455	0
1456	2
1457	2
1458	0
1459	2
1460	3
1461	2
1462	2
1463	2
1464	3
1465	0
1466	2
1467	2
1468	2
1469	1
1470	3
1471	0
1472	2
1473	2
1474	2
1475	2
1476	2
1477	0
1478	2
1479	2
1480	2
1481	2
1482	2
1483	3
1484	2
1485	0
1486	2
1487	2
1488	2
1489	2
1490	2
1491	0
1492	2
1493	2
1494	0
1495	2
1496	2
1497	2
1498	2
1499	1
1500	0
1501	2
1502	0
1503	2
1504	2
1505	2
1506	2
1507	0
1508	2
1509	0
1510	3
1511	3
1512	2
1513	2
1514	2
1515	2
1516	2
1517	2
1518	2
1519	2
1520	2
1521	0
1522	2
1523	0
1524	2
1525	3
1526	0
1527	2
1528	3
1529	0
1530	2
1531	2
1532	3
1533	2
1534	3
1535	2
1536	2
1537	3
1538	2
1539	2
1540	3
1541	2
1542	3
1543	2
1544	1
1545	2
1546	0
1547	0
1548	2
1549	2
1550	3
1551	0
1552	2
1553	2
1554	2
1555	0
1556	2
1557	2
1558	2
1559	2
1560	2
1561	1
1562	2
1563	3
1564	3
1565	2
1566	3
1567	2
1568	2
1569	2
1570	2
1571	2
1572	2
1573	3
1574	2
1575	2
1576	2
1577	2
1578	2
1579	2
1580	2
1581	2
1582	2
1583	2
1584	2
1585	3
1586	0
1587	2
1588	2
1589	3
1590	2
1591	2
1592	2
1593	2
1594	3
1595	2
1596	2
1597	2
1598	2
1599	2
1600	3
1601	0
1602	2
1603	2
1604	2
1605	2
1606	0
1607	2
1608	3
1609	2
1610	2
1611	2
1612	2
1613	2
1614	2
1615	0
1616	2
1617	2
1618	2
1619	2
1620	2
1621	2
1622	2
1623	2
1624	0
1625	2
1626	2
1627	2
1628	3
1629	2
1630	2
1631	0
1632	2
1633	2
1634	0
1635	2
1636	3
1637	2
1638	0
1639	2
1640	2
1641	2
1642	2
1643	2
1644	0
1645	2
1646	2
1647	0
1648	2
1649	0
1650	3
1651	3
1652	2
1653	2
1654	0
1655	2
1656	1
1657	2
1658	3
1659	2
1660	2
1661	3
1662	2
1663	2
1664	2
1665	2
1666	3
1667	0
1668	0
1669	0
1670	3
1671	2
1672	1
1673	2
1674	2
1675	1
1676	3
1677	2
1678	2
1679	0
1680	2
1681	2
1682	2
1683	1
1684	2
1685	2
1686	2
1687	2
1688	1
1689	3
1690	2
1691	2
1692	2
1693	2
1694	2
1695	2
1696	2
1697	2
1698	3
1699	3
1700	2
1701	2
1702	2
1703	3
1704	2
1705	2
1706	2
1707	2
1708	3
1709	2
1710	2
1711	0
1712	2
1713	1
1714	0
1715	3
1716	3
1717	3
1718	3
1719	0
1720	2
1721	2
1722	2
1723	2
1724	2
1725	2
1726	2
1727	0
1728	3
1729	2
1730	3
1731	2
1732	0
1733	2
1734	2
1735	2
1736	2
1737	3
1738	2
1739	3
1740	3
1741	3
1742	2
1743	2
1744	2
1745	2
1746	2
1747	3
1748	3
1749	3
1750	2
1751	2
1752	3
1753	2
1754	2
1755	0
1756	0
1757	2
1758	2
1759	3
1760	2
1761	2
1762	0
1763	2
1764	2
1765	0
1766	2
1767	2
1768	2
1769	2
1770	2
1771	2
1772	0
1773	0
1774	2
1775	2
1776	3
1777	1
1778	0
1779	2
1780	2
1781	3
1782	2
1783	2
1784	3
1785	0
1786	2
1787	2
1788	3
1789	2
1790	3
1791	0
1792	2
1793	0
1794	2
1795	2
1796	0
1797	2
1798	2
1799	2
1800	3
1801	2
1802	3
1803	2
1804	2
1805	2
1806	3
1807	2
1808	2
1809	2
1810	2
1811	3
1812	2
1813	0
1814	2
1815	2
1816	2
1817	2
1818	2
1819	2
1820	2
1821	0
1822	2
1823	3
1824	2
1825	3
1826	2
1827	2
1828	3
1829	0
1830	2
1831	1
1832	1
1833	3
1834	2
1835	3
1836	0
1837	2
1838	2
1839	3
1840	2
1841	2
1842	3
1843	2
1844	3
1845	2
1846	3
1847	2
1848	2
1849	2
1850	2
1851	2
1852	2
1853	3
1854	2
1855	2
1856	2
1857	2
1858	2
1859	2
1860	2
1861	2
1862	2
1863	0
1864	3
1865	2
1866	2
1867	3
1868	2
1869	0
1870	2
1871	2
1872	0
1873	2
1874	2
1875	2
1876	2
1877	2
1878	2
1879	2
1880	2
1881	1
1882	2
1883	2
1884	2
1885	2
1886	2
1887	2
1888	2
1889	2
1890	2
1891	0
1892	2
1893	2
1894	2
1895	2
1896	2
1897	3
1898	0
1899	2
1900	3
1901	2
1902	2
1903	2
1904	2
1905	2
1906	2
1907	3
1908	3
1909	2
1910	2
1911	2
1912	2
1913	2
1914	2
1915	2
1916	2
1917	3
1918	2
1919	2
1920	2
1921	2
1922	2
1923	2
1924	3
1925	2
1926	2
1927	2
1928	2
1929	2
1930	2
1931	2
1932	3
1933	2
1934	3
1935	2
1936	2
1937	3
1938	0
1939	0
1940	2
1941	2
1942	2
1943	2
1944	2
1945	2
1946	3
1947	2
1948	2
1949	2
1950	2
1951	3
1952	2
1953	3
1954	2
1955	3
1956	2
1957	2
1958	3
1959	2
1960	2
1961	2
1962	2
1963	2
1964	2
1965	2
1966	2
1967	0
1968	2
1969	2
1970	2
1971	2
1972	0
1973	2
1974	2
1975	0
1976	2
1977	0
1978	2
1979	2
1980	2
1981	2
1982	3
1983	2
1984	2
1985	3
1986	2
1987	2
1988	2
1989	0
1990	2
1991	0
1992	2
1993	3
1994	2
1995	3
1996	1
1997	3
1998	3
1999	2
2000	2
2001	2
2002	2
2003	2
2004	2
2005	2
2006	2
2007	2
2008	0
2009	0
2010	3
2011	0
2012	2
2013	2
2014	3
2015	2
2016	2
2017	2
2018	3
2019	2
2020	0
2021	0
2022	3
2023	2
2024	1
2025	2
2026	2
2027	2
2028	2
2029	0
2030	2
2031	2
2032	2
2033	2
2034	2
2035	2
2036	0
2037	2
2038	2
2039	3
2040	3
2041	2
2042	3
2043	2
2044	0
2045	2
2046	2
2047	3
2048	2
2049	2
2050	2
2051	2
2052	2
2053	2
2054	2
2055	2
2056	3
2057	2
2058	2
2059	2
2060	2
2061	2
2062	2
2063	3
2064	3
2065	2
2066	2
2067	1
2068	2
2069	2
2070	2
2071	2
2072	2
2073	2
2074	2
2075	3
2076	3
2077	3
2078	2
2079	2
2080	2
2081	2
2082	2
2083	3
2084	3
2085	2
2086	0
2087	2
2088	2
2089	2
2090	0
2091	2
2092	2
2093	2
2094	2
2095	2
2096	3
2097	3
2098	1
2099	3
2100	2
2101	3
2102	2
2103	1
2104	3
2105	2
2106	2
2107	2
2108	0
2109	2
2110	1
2111	0
2112	1
2113	2
2114	2
2115	2
2116	2
2117	2
2118	2
2119	3
2120	2
2121	2
2122	1
2123	2
2124	3
2125	2
2126	0
2127	3
2128	2
2129	2
2130	3
2131	2
2132	2
2133	0
2134	0
2135	0
2136	2
2137	2
2138	2
2139	2
2140	3
2141	2
2142	2
2143	0
2144	2
2145	3
2146	2
2147	2
2148	1
2149	2
2150	0
2151	2
2152	2
2153	2
2154	0
2155	0
2156	0
2157	2
2158	0
2159	0
2160	2
2161	3
2162	2
2163	2
2164	2
2165	2
2166	0
2167	2
2168	3
2169	2
2170	2
2171	3
2172	3
2173	2
2174	2
2175	3
2176	2
2177	3
2178	2
2179	2
2180	2
2181	2
2182	2
2183	2
2184	0
2185	3
2186	3
2187	2
2188	2
2189	3
2190	2
2191	2
2192	3
2193	2
2194	2
2195	2
2196	2
2197	2
2198	3
2199	3
2200	2
2201	3
2202	2
2203	0
2204	2
2205	2
2206	3
2207	0
2208	0
2209	2
2210	2
2211	2
2212	2
2213	0
2214	0
2215	2
2216	2
2217	2
2218	0
2219	2
2220	3
2221	2
2222	2
2223	3
2224	2
2225	3
2226	2
2227	3
2228	2
2229	2
2230	2
2231	2
2232	0
2233	3
2234	2
2235	2
2236	2
2237	3
2238	2
2239	2
2240	2
2241	2
2242	3
2243	2
2244	2
2245	2
2246	3
2247	3
2248	3
2249	0
2250	2
2251	2
2252	2
2253	2
2254	3
2255	2
2256	2
2257	2
2258	2
2259	2
2260	2
2261	0
2262	3
2263	3
2264	0
2265	3
2266	2
2267	3
2268	2
2269	3
2270	2
2271	3
2272	3
2273	2
2274	2
2275	1
2276	0
2277	2
2278	1
2279	0
2280	2
2281	2
2282	2
2283	1
2284	3
2285	2
2286	2
2287	2
2288	2
2289	3
2290	3
2291	2
2292	0
2293	2
2294	0
2295	2
2296	2
2297	3
2298	2
2299	2
2300	0
2301	3
2302	2
2303	2
2304	2
2305	3
2306	0
2307	2
2308	0
2309	2
2310	3
2311	3
2312	0
2313	2
2314	0
2315	0
2316	2
2317	2
2318	0
2319	2
2320	2
2321	2
2322	2
2323	3
2324	0
2325	2
2326	3
2327	3
2328	0
2329	0
2330	3
2331	3
2332	0
2333	0
2334	2
2335	3
2336	0
2337	0
2338	0
2339	0
2340	2
2341	2
2342	3
2343	2
2344	2
2345	2
2346	2
2347	3
2348	3
2349	0
2350	2
2351	2
2352	3
2353	3
2354	0
2355	2
2356	3
2357	2
2358	2
2359	0
2360	2
2361	2
2362	2
2363	2
2364	3
2365	3
2366	2
2367	2
2368	2
2369	2
2370	3
2371	0
2372	2
2373	3
2374	3
2375	2
2376	2
2377	0
2378	2
2379	3
2380	2
2381	0
2382	2
2383	0
2384	3
2385	3
2386	1
2387	2
2388	2
2389	2
2390	2
2391	2
2392	3
2393	2
2394	1
2395	3
2396	2
2397	0
2398	2
2399	2
2400	0
2401	2
2402	0
2403	2
2404	2
2405	2
2406	3
2407	0
2408	2
2409	2
2410	3
2411	2
2412	0
2413	3
2414	2
2415	3
2416	2
2417	2
2418	2
2419	2
2420	2
2421	2
2422	3
2423	0
2424	0
2425	2
2426	0
2427	3
2428	1
2429	2
2430	2
2431	2
2432	2
2433	2
2434	3
2435	2
2436	0
2437	3
2438	3
2439	2
2440	2
2441	3
2442	2
2443	2
2444	2
2445	2
2446	3
2447	2
2448	3
2449	2
2450	2
2451	2
2452	2
2453	2
2454	2
2455	2
2456	3
2457	3
2458	2
2459	2
2460	3
2461	1
2462	2
2463	2
2464	2
2465	2
2466	3
2467	2
2468	2
2469	2
2470	2
2471	2
2472	3
2473	3
2474	2
2475	2
2476	2
2477	3
2478	2
2479	2
2480	2
2481	2
2482	2
2483	2
2484	3
2485	0
2486	2
2487	0
2488	2
2489	2
2490	2
2491	2
2492	2
2493	0
2494	2
2495	0
2496	3
2497	3
2498	2
2499	2
2500	2
2501	2
2502	2
2503	2
2504	2
2505	0
2506	2
2507	3
2508	2
2509	0
2510	2
2511	2
2512	3
2513	1
2514	2
2515	2
2516	2
2517	2
2518	2
2519	3
2520	2
2521	2
2522	2
2523	2
2524	2
2525	2
2526	2
2527	0
2528	2
2529	2
2530	2
2531	0
2532	2
2533	2
2534	2
2535	3
2536	2
2537	0
2538	3
2539	0
2540	2
2541	0
2542	2
2543	2
2544	2
2545	2
2546	2
2547	2
2548	3
2549	2
2550	0
2551	3
2552	2
2553	2
2554	2
2555	2
2556	3
2557	2
2558	2
2559	3
2560	3
2561	0
2562	2
2563	2
2564	2
2565	2
2566	3
2567	1
2568	2
2569	2
2570	2
2571	3
2572	2
2573	2
2574	3
2575	2
2576	2
2577	1
2578	2
2579	3
2580	2
2581	2
2582	2
2583	2
2584	2
2585	2
2586	2
2587	2
2588	2
2589	2
2590	3
2591	2
2592	2
2593	2
2594	2
2595	3
2596	0
2597	2
2598	2
2599	2
2600	2
2601	3
2602	0
2603	2
2604	2
2605	2
2606	2
2607	2
2608	2
2609	3
2610	0
2611	3
2612	2
2613	2
2614	3
2615	2
2616	2
2617	2
2618	2
2619	2
2620	2
2621	2
2622	2
2623	2
2624	2
2625	0
2626	2
2627	2
2628	2
2629	2
2630	0
2631	2
2632	2
2633	3
2634	2
2635	2
2636	2
2637	2
2638	2
2639	2
2640	1
2641	0
2642	2
2643	2
2644	2
2645	0
2646	0
2647	2
2648	2
2649	1
2650	2
2651	2
2652	0
2653	3
2654	2
2655	2
2656	3
2657	2
2658	2
2659	2
2660	2
2661	1
2662	0
2663	2
2664	2
2665	2
2666	2
2667	2
2668	3
2669	2
2670	0
2671	2
2672	0
2673	3
2674	2
2675	0
2676	3
2677	2
2678	0
2679	3
2680	0
2681	3
2682	3
2683	2
2684	2
2685	2
2686	2
2687	2
2688	2
2689	2
2690	3
2691	2
2692	2
2693	2
2694	0
2695	0
2696	2
2697	3
2698	2
2699	0
2700	2
2701	3
2702	2
2703	2
2704	3
2705	3
2706	2
2707	2
2708	2
2709	2
2710	2
2711	2
2712	2
2713	2
2714	2
2715	3
2716	2
2717	0
2718	2
2719	2
2720	2
2721	0
2722	2
2723	0
2724	2
2725	2
2726	0
2727	2
2728	2
2729	3
2730	2
2731	1
2732	0
2733	0
2734	3
2735	2
2736	3
2737	2
2738	0
2739	2
2740	2
2741	0
2742	2
2743	2
2744	2
2745	0
2746	2
2747	2
2748	0
2749	2
2750	2
2751	2
2752	3
2753	1
2754	2
2755	2
2756	0
2757	2
2758	2
2759	3
2760	2
2761	1
2762	2
2763	3
2764	2
2765	2
2766	3
2767	0
2768	3
2769	2
2770	2
2771	2
2772	2
2773	3
2774	2
2775	2
2776	2
2777	3
2778	3
2779	2
2780	3
2781	2
2782	2
2783	2
2784	2
2785	2
2786	2
2787	3
2788	0
2789	3
2790	2
2791	3
2792	2
2793	2
2794	2
2795	0
2796	2
2797	3
2798	2
2799	2
2800	3
2801	3
2802	2
2803	2
2804	2
2805	0
2806	2
2807	2
2808	1
2809	2
2810	3
2811	0
2812	2
2813	1
2814	2
2815	2
2816	0
2817	2
2818	2
2819	2
2820	2
2821	2
2822	2
2823	2
2824	2
2825	2
2826	2
2827	0
2828	2
2829	2
2830	3
2831	2
2832	2
2833	3
2834	2
2835	3
2836	2
2837	0
2838	2
2839	2
2840	2
2841	2
2842	2
2843	2
2844	2
2845	2
2846	2
2847	2
2848	2
2849	2
2850	2
2851	2
2852	2
2853	3
2854	0
2855	2
2856	2
2857	2
2858	3
2859	3
2860	3
2861	3
2862	2
2863	3
2864	2
2865	2
2866	3
2867	2
2868	2
2869	2
2870	3
2871	2
2872	2
2873	2
2874	1
2875	0
2876	2
2877	2
2878	2
2879	0
2880	2
2881	3
2882	2
2883	0
2884	2
2885	2
2886	2
2887	2
2888	2
2889	2
2890	2
2891	2
2892	0
2893	2
2894	3
2895	0
2896	2
2897	2
2898	2
2899	0
2900	2
2901	2
2902	3
2903	3
2904	2
2905	2
2906	2
2907	3
2908	2
2909	2
2910	2
2911	0
2912	2
2913	3
2914	2
2915	2
2916	2
2917	2
2918	0
2919	0
2920	2
2921	2
2922	2
2923	2
2924	2
2925	0
2926	3
2927	2
2928	0
2929	2
2930	3
2931	2
2932	2
2933	3
2934	2
2935	3
2936	2
2937	2
2938	2
2939	2
2940	2
2941	2
2942	3
2943	3
2944	2
2945	2
2946	2
2947	2
2948	2
2949	3
2950	2
2951	2
2952	1
2953	2
2954	2
2955	1
2956	2
2957	2
2958	2
2959	3
2960	2
2961	2
2962	2
2963	2
2964	2
2965	2
2966	2
2967	3
2968	2
2969	2
2970	2
2971	2
2972	2
2973	2
2974	1
2975	2
2976	1
2977	2
2978	2
2979	2
2980	2
2981	2
2982	1
2983	3
2984	3
2985	2
2986	2
2987	2
2988	3
2989	2
2990	2
2991	2
2992	3
2993	2
2994	3
2995	3
2996	2
2997	2
2998	2
2999	2
3000	2
3001	2
3002	2
3003	1
3004	2
3005	2
3006	3
3007	0
3008	2
3009	2
3010	3
3011	2
3012	2
3013	2
3014	2
3015	0
3016	3
3017	2
3018	2
3019	2
3020	2
3021	2
3022	2
3023	2
3024	2
3025	2
3026	0
3027	2
3028	0
3029	2
3030	0
3031	2
3032	0
3033	2
3034	3
3035	0
3036	2
3037	2
3038	0
3039	2
3040	0
3041	3
3042	0
3043	0
3044	3
3045	2
3046	0
3047	0
3048	2
3049	3
3050	3
3051	2
3052	2
3053	1
3054	3
3055	2
3056	2
3057	3
3058	2
3059	2
3060	2
3061	2
3062	2
3063	1
3064	2
3065	2
3066	2
3067	2
3068	2
3069	3
3070	2
3071	2
3072	2
3073	2
3074	2
3075	2
3076	2
3077	2
3078	2
3079	0
3080	2
3081	2
3082	2
3083	2
3084	0
3085	2
3086	2
3087	2
3088	0
3089	2
3090	2
3091	3
3092	2
3093	3
3094	2
3095	2
3096	3
3097	2
3098	0
3099	3
3100	2
3101	3
3102	2
3103	2
3104	3
3105	2
3106	2
3107	2
3108	2
3109	2
3110	2
3111	3
3112	2
3113	2
3114	3
3115	2
3116	0
3117	2
3118	3
3119	0
3120	3
3121	2
3122	2
3123	3
3124	3
3125	2
3126	2
3127	3
3128	2
3129	2
3130	3
3131	2
3132	0
3133	2
3134	0
3135	2
3136	0
3137	3
3138	0
3139	3
3140	2
3141	0
3142	2
3143	2
3144	3
3145	2
3146	2
3147	0
3148	2
3149	3
3150	1
3151	2
3152	0
3153	3
3154	2
3155	2
3156	2
3157	2
3158	3
3159	0
3160	2
3161	2
3162	2
3163	3
3164	2
3165	2
3166	2
3167	0
3168	3
3169	3
3170	2
3171	0
3172	2
3173	2
3174	3
3175	2
3176	0
3177	2
3178	0
3179	0
3180	2
3181	2
3182	2
3183	3
3184	2
3185	2
3186	2
3187	2
3188	2
3189	3
3190	0
3191	2
3192	2
3193	2
3194	2
3195	2
3196	0
3197	3
3198	2
3199	0
3200	3
3201	1
3202	3
3203	2
3204	3
3205	3
3206	2
3207	3
3208	0
3209	2
3210	2
3211	3
3212	2
3213	2
3214	3
3215	2
3216	3
3217	2
3218	3
3219	2
3220	3
3221	2
3222	3
3223	2
3224	0
3225	2
3226	2
3227	2
3228	2
3229	2
3230	2
3231	0
3232	2
3233	2
3234	3
3235	2
3236	3
3237	0
3238	1
3239	0
3240	2
3241	3
3242	0
3243	2
3244	2
3245	2
3246	2
3247	2
3248	2
3249	0
3250	3
3251	3
3252	2
3253	2
3254	0
3255	2
3256	2
3257	2
3258	2
3259	2
3260	2
3261	3
3262	3
3263	2
3264	2
3265	2
3266	2
3267	2
3268	0
3269	2
3270	3
3271	2
3272	2
3273	2
3274	2
3275	2
3276	3
3277	2
3278	2
3279	2
3280	2
3281	2
3282	2
3283	3
3284	2
3285	0
3286	2
3287	0
3288	3
3289	3
3290	2
3291	0
3292	2
3293	2
3294	2
3295	3
3296	0
3297	3
3298	3
3299	2
3300	3
3301	3
3302	0
3303	2
3304	2
3305	0
3306	0
3307	1
3308	0
3309	2
3310	0
3311	2
3312	2
3313	0
3314	2
3315	0
3316	0
3317	3
3318	2
3319	2
3320	2
3321	0
3322	2
3323	3
3324	2
3325	1
3326	2
3327	3
3328	2
3329	0
3330	2
3331	2
3332	2
3333	3
3334	2
3335	3
3336	0
3337	1
3338	1
3339	2
3340	2
3341	2
3342	2
3343	0
3344	2
3345	2
3346	3
3347	1
3348	0
3349	2
3350	2
3351	2
3352	3
3353	0
3354	3
3355	2
3356	0
3357	2
3358	2
3359	2
3360	3
3361	2
3362	3
3363	0
3364	2
3365	2
3366	2
3367	2
3368	2
3369	2
3370	3
3371	3
3372	2
3373	3
3374	2
3375	2
3376	2
3377	3
3378	2
3379	2
3380	3
3381	3
3382	2
3383	1
3384	3
3385	2
3386	2
3387	3
3388	2
3389	2
3390	2
3391	1
3392	2
3393	2
3394	2
3395	3
3396	2
3397	2
3398	2
3399	1
3400	2
3401	2
3402	2
3403	3
3404	0
3405	1
3406	2
3407	2
3408	3
3409	3
3410	2
3411	2
3412	2
3413	2
3414	2
3415	3
3416	2
3417	3
3418	3
3419	2
3420	2
3421	1
3422	0
3423	3
3424	0
3425	2
3426	2
3427	2
3428	2
3429	3
3430	2
3431	2
3432	3
3433	2
3434	3
3435	3
3436	0
3437	2
3438	1
3439	2
3440	3
3441	2
3442	3
3443	2
3444	2
3445	2
3446	2
3447	0
3448	2
3449	2
3450	3
3451	3
3452	2
3453	2
3454	2
3455	2
3456	2
3457	2
3458	3
3459	3
3460	0
3461	3
3462	2
3463	1
3464	2
3465	3
3466	2
3467	3
3468	1
3469	2
3470	2
3471	2
3472	2
3473	3
3474	2
3475	2
3476	2
3477	2
3478	2
3479	2
3480	2
3481	1
3482	2
3483	2
3484	2
3485	3
3486	2
3487	2
3488	2
3489	2
3490	3
3491	0
3492	2
3493	2
3494	2
3495	2
3496	2
3497	2
3498	2
3499	3
3500	3
3501	2
3502	1
3503	2
3504	0
3505	2
3506	2
3507	2
3508	2
3509	2
3510	2
3511	2
3512	2
3513	0
3514	2
3515	2
3516	2
3517	2
3518	2
3519	0
3520	3
3521	2
3522	2
3523	0
3524	2
3525	2
3526	2
3527	2
3528	2
3529	0
3530	2
3531	3
3532	2
3533	0
3534	2
3535	2
3536	0
3537	2
3538	2
3539	0
3540	2
3541	3
3542	2
3543	2
3544	2
3545	2
3546	2
3547	2
3548	0
3549	2
3550	2
3551	0
3552	2
3553	2
3554	2
3555	0
3556	3
3557	3
3558	2
3559	2
3560	2
3561	2
3562	2
3563	2
3564	2
3565	0
3566	2
3567	0
3568	2
3569	3
3570	3
3571	0
3572	3
3573	2
3574	0
3575	2
3576	2
3577	0
3578	2
3579	2
3580	3
3581	2
3582	2
3583	0
3584	3
3585	0
3586	1
3587	2
3588	3
3589	2
3590	3
3591	0
3592	2
3593	2
3594	2
3595	0
3596	2
3597	2
3598	2
3599	0
3600	2
3601	2
3602	2
3603	3
3604	2
3605	2
3606	2
3607	2
3608	2
3609	3
3610	2
3611	3
3612	0
3613	2
3614	2
3615	2
3616	2
3617	2
3618	2
3619	2
3620	2
3621	2
3622	2
3623	2
3624	2
3625	2
3626	3
3627	2
3628	2
3629	2
3630	2
3631	2
3632	2
3633	2
3634	2
3635	2
3636	2
3637	3
3638	3
3639	2
3640	2
3641	2
3642	2
3643	2
3644	2
3645	2
3646	2
3647	2
3648	2
3649	0
3650	2
3651	2
3652	2
3653	2
3654	2
3655	2
3656	3
3657	2
3658	2
3659	2
3660	2
3661	3
3662	2
3663	2
3664	0
3665	2
3666	2
3667	2
3668	2
3669	0
3670	3
3671	2
3672	0
3673	3
3674	2
3675	3
3676	1
3677	0
3678	2
3679	2
3680	2
3681	2
3682	3
3683	2
3684	2
3685	3
3686	0
3687	2
3688	2
3689	2
3690	2
3691	2
3692	2
3693	2
3694	0
3695	2
3696	2
3697	2
3698	3
3699	1
3700	2
3701	2
3702	1
3703	0
3704	0
3705	3
3706	3
3707	3
3708	0
3709	2
3710	2
3711	2
3712	2
3713	0
3714	2
3715	2
3716	2
3717	1
3718	2
3719	2
3720	0
3721	2
3722	2
3723	3
3724	2
3725	3
3726	2
3727	2
3728	3
3729	2
3730	2
3731	2
3732	2
3733	2
3734	2
3735	2
3736	2
3737	2
3738	0
3739	2
3740	0
3741	0
3742	2
3743	3
3744	3
3745	2
3746	3
3747	2
3748	2
3749	2
3750	3
3751	0
3752	2
3753	2
3754	2
3755	2
3756	3
3757	0
3758	2
3759	2
3760	2
3761	3
3762	0
3763	0
3764	3
3765	3
3766	3
3767	2
3768	0
3769	1
3770	2
3771	0
3772	0
3773	2
3774	2
3775	2
3776	0
3777	2
3778	2
3779	3
3780	0
3781	3
3782	2
3783	3
3784	2
3785	2
3786	2
3787	0
3788	2
3789	1
3790	0
3791	2
3792	2
3793	0
3794	2
3795	2
3796	2
3797	2
3798	2
3799	2
3800	2
3801	2
3802	3
3803	3
3804	2
3805	2
3806	2
3807	2
3808	2
3809	0
3810	2
3811	2
3812	2
3813	2
3814	3
3815	3
3816	2
3817	2
3818	0
3819	0
3820	2
3821	2
3822	2
3823	3
3824	3
3825	0
3826	2
3827	0
3828	2
3829	0
3830	2
3831	2
3832	3
3833	2
3834	2
3835	2
3836	3
3837	2
3838	3
3839	0
3840	2
3841	2
3842	2
3843	2
3844	3
3845	2
3846	2
3847	1
3848	3
3849	2
3850	2
3851	2
3852	2
3853	2
3854	3
3855	2
3856	2
3857	2
3858	2
3859	2
3860	2
3861	2
3862	3
3863	2
3864	2
3865	2
3866	2
3867	2
3868	2
3869	2
3870	3
3871	3
3872	3
3873	3
3874	2
3875	2
3876	3
3877	2
3878	2
3879	2
3880	2
3881	3
3882	0
3883	1
3884	3
3885	3
3886	2
3887	2
3888	2
3889	2
3890	2
3891	2
3892	2
3893	2
3894	2
3895	3
3896	2
3897	2
3898	2
3899	2
3900	3
3901	0
3902	2
3903	2
3904	2
3905	2
3906	2
3907	2
3908	2
3909	2
3910	2
3911	3
3912	3
3913	2
3914	3
3915	2
3916	2
3917	2
3918	2
3919	2
3920	2
3921	2
3922	2
3923	0
3924	2
3925	2
3926	2
3927	2
3928	3
3929	2
3930	2
3931	2
3932	2
3933	2
3934	2
3935	2
3936	2
3937	0
3938	2
3939	2
3940	2
3941	2
3942	2
3943	3
3944	2
3945	2
3946	2
3947	2
3948	3
3949	2
3950	2
3951	2
3952	2
3953	2
3954	0
3955	2
3956	2
3957	3
3958	2
3959	0
3960	2
3961	2
3962	2
3963	2
3964	2
3965	2
3966	2
3967	2
3968	2
3969	2
3970	2
3971	2
3972	2
3973	2
3974	2
3975	2
3976	2
3977	3
3978	2
3979	3
3980	3
3981	2
3982	2
3983	2
3984	0
3985	3
3986	2
3987	3
3988	2
3989	3
3990	3
3991	3
3992	2
3993	2
3994	3
3995	2
3996	2
3997	3
3998	2
3999	3
4000	2
4001	3
4002	2
4003	3
4004	2
4005	3
4006	3
4007	2
4008	2
4009	2
4010	2
4011	2
4012	2
4013	2
4014	3
4015	3
4016	2
4017	2
4018	2
4019	2
4020	2
4021	0
4022	3
4023	3
4024	2
4025	2
4026	2
4027	0
4028	3
4029	2
4030	3
4031	0
4032	2
4033	2
4034	3
4035	3
4036	2
4037	2
4038	2
4039	0
4040	2
4041	2
4042	3
4043	3
4044	2
4045	3
4046	2
4047	0
4048	3
4049	2
4050	2
4051	2
4052	2
4053	0
4054	2
4055	2
4056	2
4057	0
4058	2
4059	2
4060	2
4061	2
4062	3
4063	2
4064	2
4065	2
4066	2
4067	2
4068	2
4069	2
4070	3
4071	2
4072	2
4073	3
4074	2
4075	2
4076	2
4077	2
4078	2
4079	2
4080	3
4081	0
4082	3
4083	2
4084	2
4085	2
4086	2
4087	2
4088	3
4089	2
4090	0
4091	2
4092	3
4093	3
4094	2
4095	2
