COMMAND
./sim gshare 12 5 ./proj2-traces/perl_trace.txt
OUTPUT
number of predictions:2000000
number of mispredictions:156585
misprediction rate:   7.83%
FINAL GSHARE CONTENTS
0	3
1	2
2	2
3	2
4	2
5	2
6	3
7	3
8	3
9	0
10	3
11	3
12	1
13	2
14	2
15	3
16	3
17	2
18	2
19	0
20	2
21	2
22	1
23	2
24	1
25	0
26	2
27	3
28	0
29	3
30	1
31	3
32	2
33	2
34	0
35	3
36	2
37	1
38	0
39	0
40	2
41	3
42	3
43	3
44	2
45	2
46	3
47	2
48	2
49	3
50	0
51	0
52	2
53	2
54	2
55	3
56	2
57	2
58	2
59	2
60	3
61	2
62	2
63	0
64	1
65	2
66	1
67	0
68	2
69	3
70	2
71	0
72	2
73	2
74	0
75	0
76	2
77	3
78	3
79	1
80	2
81	2
82	2
83	2
84	3
85	3
86	2
87	2
88	3
89	3
90	1
91	1
92	2
93	3
94	0
95	3
96	3
97	3
98	2
99	2
100	2
101	2
102	1
103	2
104	0
105	0
106	0
107	3
108	2
109	2
110	2
111	2
112	2
113	0
114	2
115	0
116	3
117	2
118	1
119	2
120	0
121	1
122	3
123	3
124	2
125	2
126	3
127	2
128	3
129	2
130	2
131	1
132	3
133	0
134	0
135	0
136	0
137	2
138	0
139	2
140	2
141	3
142	3
143	3
144	2
145	3
146	2
147	2
148	2
149	0
150	2
151	0
152	3
153	3
154	3
155	1
156	0
157	0
158	3
159	2
160	2
161	3
162	0
163	3
164	2
165	2
166	2
167	2
168	2
169	2
170	3
171	0
172	3
173	2
174	0
175	2
176	0
177	2
178	3
179	0
180	3
181	3
182	0
183	0
184	2
185	3
186	2
187	1
188	3
189	2
190	3
191	0
192	0
193	3
194	3
195	3
196	1
197	3
198	2
199	0
200	2
201	2
202	2
203	2
204	3
205	3
206	2
207	0
208	3
209	3
210	2
211	2
212	0
213	3
214	0
215	2
216	3
217	2
218	2
219	0
220	3
221	2
222	0
223	0
224	2
225	3
226	0
227	2
228	3
229	0
230	0
231	3
232	0
233	3
234	2
235	0
236	0
237	2
238	3
239	0
240	2
241	2
242	3
243	3
244	0
245	2
246	2
247	0
248	0
249	3
250	1
251	3
252	3
253	3
254	2
255	1
256	0
257	2
258	2
259	1
260	3
261	3
262	2
263	3
264	0
265	3
266	3
267	3
268	3
269	1
270	2
271	3
272	1
273	0
274	2
275	0
276	2
277	3
278	2
279	3
280	2
281	0
282	2
283	0
284	0
285	2
286	3
287	3
288	2
289	3
290	0
291	3
292	2
293	2
294	1
295	2
296	1
297	2
298	3
299	0
300	3
301	2
302	3
303	2
304	3
305	2
306	3
307	0
308	2
309	2
310	3
311	0
312	2
313	1
314	2
315	2
316	2
317	2
318	0
319	0
320	3
321	0
322	2
323	1
324	1
325	3
326	2
327	0
328	2
329	0
330	0
331	2
332	3
333	2
334	3
335	2
336	1
337	3
338	0
339	2
340	3
341	0
342	2
343	0
344	3
345	2
346	1
347	1
348	2
349	3
350	2
351	3
352	0
353	2
354	2
355	0
356	2
357	0
358	3
359	1
360	3
361	1
362	3
363	0
364	2
365	0
366	2
367	3
368	2
369	3
370	1
371	0
372	2
373	2
374	1
375	0
376	3
377	2
378	2
379	2
380	3
381	3
382	2
383	2
384	2
385	1
386	1
387	0
388	3
389	0
390	1
391	0
392	3
393	3
394	0
395	3
396	0
397	0
398	3
399	3
400	2
401	3
402	3
403	2
404	2
405	1
406	2
407	2
408	0
409	0
410	3
411	2
412	0
413	2
414	2
415	3
416	3
417	0
418	3
419	3
420	2
421	2
422	3
423	1
424	3
425	1
426	3
427	1
428	3
429	2
430	3
431	2
432	3
433	2
434	1
435	0
436	2
437	1
438	2
439	0
440	3
441	2
442	2
443	3
444	3
445	2
446	2
447	0
448	3
449	2
450	2
451	2
452	2
453	3
454	2
455	2
456	2
457	3
458	0
459	2
460	3
461	3
462	3
463	1
464	3
465	3
466	0
467	2
468	1
469	0
470	2
471	3
472	3
473	3
474	2
475	0
476	2
477	3
478	3
479	3
480	0
481	2
482	2
483	2
484	2
485	0
486	0
487	2
488	2
489	3
490	2
491	3
492	0
493	2
494	0
495	1
496	2
497	3
498	0
499	3
500	3
501	0
502	0
503	0
504	2
505	3
506	2
507	0
508	3
509	3
510	2
511	2
512	2
513	3
514	2
515	0
516	3
517	3
518	2
519	3
520	0
521	3
522	2
523	3
524	2
525	3
526	0
527	3
528	2
529	2
530	2
531	3
532	2
533	2
534	2
535	0
536	2
537	0
538	2
539	0
540	1
541	3
542	2
543	2
544	0
545	3
546	2
547	0
548	3
549	2
550	0
551	2
552	1
553	2
554	3
555	3
556	2
557	0
558	2
559	0
560	3
561	2
562	3
563	1
564	3
565	0
566	2
567	1
568	2
569	0
570	3
571	3
572	3
573	1
574	2
575	2
576	0
577	0
578	1
579	3
580	2
581	2
582	0
583	3
584	0
585	3
586	0
587	3
588	1
589	2
590	3
591	2
592	3
593	2
594	3
595	3
596	2
597	0
598	1
599	0
600	3
601	0
602	0
603	2
604	3
605	0
606	0
607	0
608	3
609	2
610	2
611	3
612	2
613	0
614	3
615	2
616	3
617	1
618	2
619	0
620	3
621	2
622	3
623	1
624	3
625	2
626	1
627	3
628	3
629	2
630	0
631	2
632	0
633	3
634	2
635	0
636	3
637	0
638	2
639	2
640	3
641	1
642	2
643	2
644	3
645	2
646	0
647	3
648	0
649	2
650	3
651	2
652	2
653	0
654	0
655	3
656	2
657	0
658	2
659	2
660	2
661	2
662	3
663	0
664	2
665	0
666	3
667	1
668	0
669	0
670	3
671	3
672	0
673	3
674	1
675	3
676	2
677	0
678	3
679	3
680	0
681	3
682	3
683	0
684	3
685	0
686	3
687	3
688	2
689	2
690	0
691	2
692	2
693	3
694	3
695	0
696	2
697	2
698	2
699	3
700	2
701	2
702	3
703	0
704	0
705	3
706	2
707	2
708	0
709	3
710	0
711	3
712	0
713	3
714	1
715	3
716	3
717	2
718	3
719	2
720	3
721	2
722	3
723	2
724	2
725	0
726	0
727	3
728	3
729	0
730	2
731	2
732	2
733	1
734	0
735	0
736	2
737	3
738	2
739	2
740	2
741	0
742	0
743	2
744	2
745	2
746	2
747	0
748	2
749	0
750	1
751	3
752	0
753	2
754	0
755	2
756	2
757	2
758	0
759	0
760	3
761	3
762	3
763	2
764	3
765	0
766	1
767	2
768	3
769	3
770	3
771	1
772	3
773	2
774	2
775	0
776	2
777	2
778	0
779	2
780	3
781	3
782	0
783	3
784	2
785	3
786	2
787	2
788	3
789	2
790	3
791	0
792	2
793	0
794	2
795	2
796	2
797	2
798	2
799	2
800	2
801	3
802	0
803	2
804	2
805	0
806	3
807	2
808	3
809	3
810	2
811	2
812	2
813	3
814	0
815	2
816	2
817	3
818	2
819	0
820	1
821	2
822	2
823	0
824	2
825	2
826	2
827	0
828	3
829	2
830	1
831	0
832	2
833	0
834	2
835	2
836	0
837	0
838	1
839	3
840	1
841	3
842	0
843	0
844	3
845	2
846	2
847	3
848	3
849	2
850	0
851	3
852	2
853	1
854	2
855	0
856	2
857	2
858	0
859	0
860	3
861	2
862	3
863	3
864	1
865	3
866	2
867	2
868	2
869	3
870	2
871	2
872	3
873	0
874	0
875	2
876	0
877	0
878	2
879	3
880	2
881	3
882	3
883	0
884	2
885	3
886	3
887	2
888	2
889	2
890	2
891	1
892	3
893	0
894	2
895	2
896	2
897	3
898	2
899	0
900	0
901	1
902	2
903	0
904	3
905	3
906	3
907	2
908	2
909	2
910	1
911	3
912	2
913	2
914	2
915	0
916	3
917	2
918	1
919	0
920	0
921	3
922	2
923	3
924	2
925	3
926	2
927	2
928	2
929	0
930	0
931	3
932	2
933	2
934	3
935	2
936	2
937	2
938	3
939	3
940	3
941	2
942	2
943	0
944	2
945	2
946	3
947	0
948	3
949	3
950	2
951	1
952	2
953	2
954	2
955	0
956	0
957	2
958	3
959	0
960	1
961	0
962	2
963	1
964	1
965	3
966	2
967	3
968	2
969	2
970	0
971	3
972	3
973	3
974	3
975	3
976	2
977	3
978	0
979	2
980	2
981	0
982	2
983	3
984	3
985	2
986	0
987	2
988	3
989	2
990	3
991	3
992	0
993	3
994	2
995	0
996	0
997	0
998	3
999	2
1000	1
1001	2
1002	0
1003	3
1004	2
1005	2
1006	3
1007	3
1008	1
1009	3
1010	2
1011	3
1012	0
1013	2
1014	2
1015	0
1016	2
1017	2
1018	2
1019	2
1020	3
1021	1
1022	2
1023	2
1024	3
1025	0
1026	0
1027	0
1028	3
1029	2
1030	1
1031	3
1032	3
1033	3
1034	3
1035	1
1036	2
1037	3
1038	0
1039	0
1040	2
1041	3
1042	2
1043	2
1044	2
1045	3
1046	3
1047	2
1048	2
1049	0
1050	2
1051	0
1052	3
1053	0
1054	3
1055	2
1056	3
1057	0
1058	1
1059	2
1060	2
1061	0
1062	3
1063	1
1064	2
1065	0
1066	1
1067	0
1068	3
1069	3
1070	0
1071	2
1072	3
1073	2
1074	3
1075	2
1076	3
1077	1
1078	0
1079	2
1080	0
1081	2
1082	2
1083	2
1084	0
1085	2
1086	1
1087	0
1088	1
1089	0
1090	1
1091	2
1092	2
1093	3
1094	2
1095	2
1096	3
1097	1
1098	0
1099	1
1100	3
1101	3
1102	3
1103	2
1104	0
1105	3
1106	3
1107	2
1108	2
1109	2
1110	2
1111	2
1112	2
1113	3
1114	2
1115	2
1116	2
1117	0
1118	3
1119	2
1120	3
1121	2
1122	1
1123	0
1124	1
1125	0
1126	3
1127	2
1128	2
1129	0
1130	3
1131	2
1132	2
1133	2
1134	3
1135	2
1136	3
1137	2
1138	0
1139	3
1140	1
1141	2
1142	2
1143	2
1144	2
1145	0
1146	2
1147	3
1148	2
1149	1
1150	0
1151	3
1152	3
1153	3
1154	0
1155	0
1156	3
1157	1
1158	0
1159	0
1160	3
1161	3
1162	1
1163	3
1164	2
1165	2
1166	2
1167	3
1168	2
1169	3
1170	3
1171	3
1172	0
1173	0
1174	2
1175	2
1176	2
1177	0
1178	2
1179	2
1180	2
1181	0
1182	2
1183	2
1184	1
1185	1
1186	1
1187	3
1188	2
1189	0
1190	3
1191	3
1192	3
1193	3
1194	0
1195	0
1196	0
1197	3
1198	3
1199	3
1200	0
1201	2
1202	3
1203	0
1204	2
1205	0
1206	2
1207	0
1208	2
1209	2
1210	2
1211	0
1212	0
1213	3
1214	0
1215	0
1216	0
1217	0
1218	2
1219	3
1220	2
1221	3
1222	2
1223	2
1224	0
1225	3
1226	0
1227	2
1228	3
1229	3
1230	0
1231	3
1232	0
1233	2
1234	2
1235	0
1236	3
1237	3
1238	3
1239	0
1240	3
1241	3
1242	1
1243	1
1244	2
1245	0
1246	3
1247	2
1248	0
1249	3
1250	0
1251	0
1252	0
1253	3
1254	3
1255	2
1256	0
1257	2
1258	3
1259	2
1260	2
1261	1
1262	3
1263	3
1264	2
1265	1
1266	0
1267	0
1268	2
1269	2
1270	3
1271	0
1272	1
1273	0
1274	2
1275	2
1276	1
1277	1
1278	3
1279	2
1280	0
1281	3
1282	0
1283	0
1284	2
1285	2
1286	2
1287	0
1288	2
1289	2
1290	2
1291	2
1292	0
1293	3
1294	2
1295	1
1296	3
1297	2
1298	2
1299	2
1300	2
1301	1
1302	3
1303	2
1304	1
1305	0
1306	2
1307	2
1308	2
1309	3
1310	2
1311	3
1312	0
1313	2
1314	0
1315	3
1316	3
1317	1
1318	3
1319	0
1320	3
1321	2
1322	2
1323	0
1324	1
1325	2
1326	3
1327	2
1328	3
1329	1
1330	1
1331	2
1332	2
1333	2
1334	1
1335	0
1336	0
1337	2
1338	2
1339	0
1340	0
1341	1
1342	2
1343	0
1344	1
1345	1
1346	2
1347	0
1348	0
1349	3
1350	2
1351	1
1352	0
1353	2
1354	3
1355	1
1356	2
1357	1
1358	2
1359	2
1360	2
1361	2
1362	0
1363	1
1364	2
1365	1
1366	2
1367	3
1368	1
1369	3
1370	2
1371	2
1372	1
1373	2
1374	3
1375	3
1376	2
1377	3
1378	2
1379	2
1380	1
1381	3
1382	0
1383	3
1384	2
1385	2
1386	2
1387	2
1388	1
1389	2
1390	2
1391	3
1392	0
1393	2
1394	0
1395	3
1396	2
1397	0
1398	1
1399	2
1400	3
1401	0
1402	3
1403	2
1404	2
1405	2
1406	3
1407	2
1408	3
1409	2
1410	0
1411	0
1412	3
1413	2
1414	0
1415	0
1416	3
1417	2
1418	0
1419	2
1420	0
1421	2
1422	3
1423	0
1424	2
1425	2
1426	2
1427	2
1428	2
1429	1
1430	3
1431	2
1432	1
1433	1
1434	2
1435	0
1436	0
1437	2
1438	2
1439	3
1440	0
1441	3
1442	0
1443	3
1444	2
1445	0
1446	1
1447	2
1448	3
1449	2
1450	3
1451	3
1452	0
1453	3
1454	3
1455	1
1456	3
1457	2
1458	0
1459	0
1460	2
1461	3
1462	3
1463	3
1464	1
1465	2
1466	2
1467	3
1468	1
1469	3
1470	2
1471	0
1472	0
1473	1
1474	2
1475	0
1476	2
1477	3
1478	1
1479	1
1480	3
1481	1
1482	2
1483	2
1484	2
1485	2
1486	0
1487	2
1488	3
1489	3
1490	3
1491	0
1492	3
1493	3
1494	2
1495	3
1496	2
1497	2
1498	3
1499	3
1500	1
1501	3
1502	2
1503	3
1504	1
1505	3
1506	2
1507	3
1508	0
1509	0
1510	2
1511	2
1512	3
1513	2
1514	3
1515	2
1516	3
1517	3
1518	1
1519	3
1520	3
1521	3
1522	2
1523	3
1524	3
1525	0
1526	3
1527	0
1528	0
1529	0
1530	3
1531	3
1532	3
1533	3
1534	3
1535	3
1536	3
1537	2
1538	1
1539	0
1540	3
1541	3
1542	1
1543	3
1544	2
1545	3
1546	0
1547	2
1548	2
1549	2
1550	1
1551	0
1552	0
1553	1
1554	3
1555	2
1556	3
1557	2
1558	3
1559	0
1560	3
1561	2
1562	2
1563	1
1564	0
1565	0
1566	2
1567	2
1568	2
1569	3
1570	2
1571	2
1572	2
1573	0
1574	3
1575	3
1576	2
1577	0
1578	2
1579	0
1580	3
1581	3
1582	2
1583	3
1584	2
1585	2
1586	0
1587	2
1588	3
1589	2
1590	3
1591	3
1592	3
1593	2
1594	2
1595	0
1596	0
1597	1
1598	3
1599	0
1600	1
1601	2
1602	2
1603	0
1604	3
1605	3
1606	2
1607	2
1608	1
1609	2
1610	2
1611	0
1612	2
1613	2
1614	3
1615	0
1616	3
1617	2
1618	0
1619	0
1620	2
1621	3
1622	0
1623	2
1624	3
1625	2
1626	1
1627	2
1628	3
1629	0
1630	2
1631	3
1632	3
1633	3
1634	2
1635	0
1636	1
1637	1
1638	2
1639	2
1640	0
1641	3
1642	3
1643	0
1644	0
1645	2
1646	1
1647	3
1648	0
1649	3
1650	1
1651	3
1652	1
1653	1
1654	2
1655	2
1656	2
1657	0
1658	3
1659	3
1660	3
1661	2
1662	3
1663	2
1664	3
1665	2
1666	0
1667	1
1668	3
1669	3
1670	0
1671	2
1672	0
1673	0
1674	3
1675	3
1676	2
1677	2
1678	3
1679	3
1680	2
1681	2
1682	2
1683	2
1684	3
1685	2
1686	3
1687	1
1688	3
1689	0
1690	3
1691	2
1692	2
1693	3
1694	1
1695	2
1696	0
1697	3
1698	0
1699	3
1700	0
1701	0
1702	2
1703	3
1704	1
1705	3
1706	3
1707	3
1708	1
1709	2
1710	3
1711	2
1712	3
1713	2
1714	3
1715	3
1716	0
1717	0
1718	0
1719	2
1720	3
1721	2
1722	1
1723	0
1724	2
1725	3
1726	3
1727	0
1728	3
1729	2
1730	3
1731	0
1732	3
1733	3
1734	3
1735	2
1736	1
1737	2
1738	2
1739	0
1740	3
1741	3
1742	3
1743	2
1744	2
1745	3
1746	3
1747	2
1748	3
1749	0
1750	2
1751	0
1752	3
1753	0
1754	0
1755	2
1756	3
1757	2
1758	2
1759	2
1760	0
1761	3
1762	0
1763	2
1764	3
1765	0
1766	2
1767	3
1768	3
1769	3
1770	2
1771	0
1772	0
1773	2
1774	0
1775	2
1776	2
1777	1
1778	2
1779	0
1780	0
1781	0
1782	2
1783	3
1784	0
1785	3
1786	2
1787	3
1788	1
1789	3
1790	3
1791	1
1792	3
1793	2
1794	3
1795	1
1796	2
1797	2
1798	1
1799	2
1800	0
1801	2
1802	3
1803	2
1804	3
1805	2
1806	2
1807	1
1808	2
1809	2
1810	1
1811	3
1812	3
1813	0
1814	1
1815	0
1816	2
1817	2
1818	0
1819	2
1820	0
1821	2
1822	0
1823	2
1824	2
1825	3
1826	0
1827	3
1828	3
1829	2
1830	3
1831	2
1832	2
1833	3
1834	3
1835	2
1836	2
1837	3
1838	0
1839	1
1840	3
1841	2
1842	2
1843	3
1844	3
1845	0
1846	3
1847	0
1848	1
1849	3
1850	2
1851	0
1852	3
1853	3
1854	2
1855	0
1856	1
1857	0
1858	2
1859	2
1860	2
1861	3
1862	2
1863	0
1864	2
1865	3
1866	2
1867	2
1868	3
1869	2
1870	2
1871	3
1872	3
1873	0
1874	0
1875	1
1876	2
1877	0
1878	2
1879	2
1880	0
1881	0
1882	1
1883	2
1884	2
1885	2
1886	3
1887	3
1888	2
1889	0
1890	2
1891	3
1892	1
1893	2
1894	2
1895	3
1896	3
1897	2
1898	1
1899	0
1900	3
1901	2
1902	3
1903	3
1904	3
1905	0
1906	3
1907	0
1908	2
1909	3
1910	2
1911	0
1912	0
1913	0
1914	2
1915	3
1916	0
1917	3
1918	3
1919	1
1920	3
1921	3
1922	3
1923	1
1924	2
1925	0
1926	0
1927	2
1928	0
1929	1
1930	3
1931	2
1932	2
1933	0
1934	1
1935	2
1936	2
1937	1
1938	2
1939	0
1940	3
1941	1
1942	3
1943	2
1944	0
1945	0
1946	0
1947	2
1948	2
1949	3
1950	2
1951	1
1952	3
1953	3
1954	2
1955	3
1956	1
1957	2
1958	3
1959	3
1960	0
1961	2
1962	3
1963	0
1964	2
1965	3
1966	0
1967	2
1968	1
1969	2
1970	3
1971	0
1972	3
1973	3
1974	0
1975	0
1976	3
1977	2
1978	1
1979	1
1980	0
1981	3
1982	2
1983	0
1984	0
1985	0
1986	2
1987	2
1988	3
1989	2
1990	3
1991	2
1992	2
1993	2
1994	2
1995	2
1996	3
1997	2
1998	3
1999	2
2000	3
2001	2
2002	1
2003	3
2004	3
2005	0
2006	1
2007	2
2008	2
2009	2
2010	3
2011	2
2012	3
2013	2
2014	3
2015	2
2016	2
2017	3
2018	0
2019	1
2020	2
2021	3
2022	2
2023	3
2024	0
2025	2
2026	3
2027	0
2028	2
2029	0
2030	3
2031	0
2032	2
2033	2
2034	3
2035	2
2036	2
2037	2
2038	3
2039	0
2040	0
2041	0
2042	2
2043	3
2044	3
2045	1
2046	2
2047	3
2048	2
2049	3
2050	3
2051	3
2052	2
2053	3
2054	0
2055	1
2056	2
2057	3
2058	3
2059	3
2060	3
2061	0
2062	3
2063	2
2064	2
2065	0
2066	1
2067	0
2068	1
2069	0
2070	2
2071	3
2072	2
2073	3
2074	2
2075	2
2076	3
2077	2
2078	0
2079	3
2080	3
2081	0
2082	0
2083	2
2084	3
2085	2
2086	2
2087	2
2088	3
2089	2
2090	3
2091	3
2092	2
2093	1
2094	1
2095	1
2096	2
2097	2
2098	0
2099	2
2100	2
2101	2
2102	2
2103	3
2104	0
2105	0
2106	3
2107	1
2108	0
2109	3
2110	2
2111	3
2112	2
2113	0
2114	3
2115	0
2116	3
2117	0
2118	2
2119	3
2120	2
2121	3
2122	2
2123	3
2124	0
2125	0
2126	0
2127	2
2128	3
2129	2
2130	3
2131	3
2132	1
2133	0
2134	0
2135	3
2136	1
2137	3
2138	2
2139	2
2140	2
2141	3
2142	0
2143	2
2144	2
2145	0
2146	3
2147	2
2148	1
2149	0
2150	3
2151	3
2152	0
2153	2
2154	2
2155	2
2156	1
2157	3
2158	3
2159	3
2160	2
2161	0
2162	0
2163	0
2164	3
2165	0
2166	2
2167	1
2168	3
2169	2
2170	3
2171	3
2172	2
2173	1
2174	2
2175	2
2176	2
2177	3
2178	1
2179	1
2180	3
2181	3
2182	0
2183	3
2184	1
2185	3
2186	3
2187	3
2188	1
2189	0
2190	2
2191	1
2192	3
2193	0
2194	2
2195	0
2196	0
2197	3
2198	2
2199	3
2200	1
2201	1
2202	3
2203	0
2204	2
2205	2
2206	0
2207	2
2208	2
2209	3
2210	0
2211	3
2212	3
2213	0
2214	3
2215	0
2216	3
2217	3
2218	3
2219	3
2220	2
2221	3
2222	1
2223	2
2224	3
2225	2
2226	0
2227	2
2228	2
2229	0
2230	0
2231	2
2232	2
2233	2
2234	3
2235	2
2236	3
2237	2
2238	3
2239	2
2240	2
2241	3
2242	2
2243	1
2244	2
2245	3
2246	0
2247	2
2248	2
2249	3
2250	2
2251	3
2252	2
2253	0
2254	3
2255	2
2256	3
2257	2
2258	2
2259	2
2260	1
2261	0
2262	2
2263	2
2264	3
2265	2
2266	0
2267	0
2268	3
2269	2
2270	2
2271	0
2272	3
2273	0
2274	2
2275	2
2276	0
2277	3
2278	0
2279	2
2280	0
2281	0
2282	3
2283	2
2284	3
2285	1
2286	2
2287	2
2288	3
2289	3
2290	2
2291	2
2292	2
2293	0
2294	3
2295	2
2296	3
2297	2
2298	1
2299	0
2300	3
2301	1
2302	2
2303	3
2304	3
2305	3
2306	0
2307	0
2308	3
2309	0
2310	3
2311	3
2312	2
2313	3
2314	3
2315	3
2316	3
2317	0
2318	3
2319	1
2320	0
2321	0
2322	3
2323	0
2324	2
2325	2
2326	2
2327	2
2328	0
2329	2
2330	3
2331	2
2332	1
2333	3
2334	1
2335	3
2336	3
2337	0
2338	0
2339	3
2340	3
2341	0
2342	3
2343	3
2344	3
2345	2
2346	3
2347	2
2348	2
2349	2
2350	3
2351	2
2352	3
2353	2
2354	0
2355	2
2356	1
2357	2
2358	2
2359	2
2360	2
2361	1
2362	3
2363	1
2364	2
2365	1
2366	3
2367	1
2368	0
2369	3
2370	2
2371	0
2372	3
2373	1
2374	2
2375	3
2376	2
2377	0
2378	2
2379	1
2380	3
2381	0
2382	3
2383	3
2384	2
2385	3
2386	3
2387	2
2388	3
2389	0
2390	3
2391	0
2392	3
2393	2
2394	3
2395	0
2396	3
2397	3
2398	2
2399	3
2400	3
2401	3
2402	2
2403	2
2404	1
2405	2
2406	2
2407	3
2408	1
2409	2
2410	3
2411	3
2412	3
2413	0
2414	3
2415	3
2416	2
2417	3
2418	3
2419	3
2420	3
2421	0
2422	2
2423	2
2424	3
2425	2
2426	0
2427	0
2428	3
2429	1
2430	2
2431	0
2432	3
2433	3
2434	1
2435	3
2436	3
2437	3
2438	2
2439	3
2440	2
2441	3
2442	0
2443	3
2444	2
2445	0
2446	3
2447	3
2448	2
2449	2
2450	2
2451	0
2452	3
2453	1
2454	2
2455	3
2456	2
2457	3
2458	2
2459	0
2460	3
2461	3
2462	0
2463	3
2464	0
2465	0
2466	0
2467	3
2468	3
2469	2
2470	3
2471	2
2472	3
2473	1
2474	3
2475	2
2476	2
2477	3
2478	2
2479	1
2480	3
2481	2
2482	0
2483	0
2484	2
2485	2
2486	1
2487	2
2488	2
2489	3
2490	3
2491	3
2492	0
2493	2
2494	2
2495	2
2496	2
2497	3
2498	3
2499	0
2500	3
2501	0
2502	2
2503	2
2504	2
2505	0
2506	2
2507	2
2508	0
2509	0
2510	0
2511	2
2512	2
2513	3
2514	3
2515	1
2516	3
2517	2
2518	3
2519	3
2520	0
2521	3
2522	3
2523	0
2524	2
2525	1
2526	0
2527	3
2528	2
2529	2
2530	2
2531	1
2532	3
2533	3
2534	2
2535	2
2536	1
2537	3
2538	3
2539	3
2540	2
2541	0
2542	1
2543	3
2544	3
2545	2
2546	0
2547	3
2548	3
2549	1
2550	2
2551	0
2552	3
2553	2
2554	3
2555	2
2556	3
2557	1
2558	3
2559	0
2560	3
2561	2
2562	3
2563	3
2564	2
2565	2
2566	2
2567	3
2568	2
2569	3
2570	3
2571	2
2572	3
2573	3
2574	2
2575	0
2576	1
2577	2
2578	0
2579	1
2580	2
2581	2
2582	3
2583	0
2584	2
2585	3
2586	1
2587	0
2588	3
2589	3
2590	0
2591	2
2592	3
2593	0
2594	0
2595	3
2596	3
2597	2
2598	0
2599	3
2600	3
2601	2
2602	3
2603	3
2604	2
2605	2
2606	3
2607	3
2608	0
2609	3
2610	0
2611	1
2612	3
2613	0
2614	2
2615	3
2616	2
2617	0
2618	2
2619	2
2620	3
2621	2
2622	2
2623	2
2624	2
2625	0
2626	0
2627	3
2628	2
2629	2
2630	2
2631	2
2632	3
2633	3
2634	0
2635	3
2636	0
2637	0
2638	0
2639	2
2640	0
2641	2
2642	3
2643	1
2644	0
2645	0
2646	3
2647	3
2648	3
2649	0
2650	2
2651	2
2652	3
2653	3
2654	2
2655	0
2656	2
2657	3
2658	3
2659	3
2660	0
2661	0
2662	2
2663	3
2664	2
2665	2
2666	0
2667	3
2668	2
2669	2
2670	2
2671	1
2672	2
2673	3
2674	2
2675	3
2676	1
2677	0
2678	3
2679	2
2680	3
2681	2
2682	3
2683	2
2684	2
2685	1
2686	1
2687	3
2688	2
2689	0
2690	0
2691	2
2692	2
2693	2
2694	1
2695	0
2696	3
2697	2
2698	3
2699	3
2700	3
2701	0
2702	3
2703	1
2704	3
2705	2
2706	2
2707	3
2708	2
2709	2
2710	2
2711	1
2712	2
2713	3
2714	2
2715	2
2716	2
2717	2
2718	0
2719	1
2720	3
2721	0
2722	0
2723	3
2724	3
2725	2
2726	3
2727	3
2728	1
2729	0
2730	3
2731	3
2732	3
2733	2
2734	3
2735	3
2736	3
2737	3
2738	0
2739	3
2740	3
2741	2
2742	3
2743	2
2744	2
2745	3
2746	3
2747	0
2748	1
2749	2
2750	3
2751	2
2752	0
2753	3
2754	3
2755	0
2756	1
2757	0
2758	0
2759	2
2760	1
2761	3
2762	0
2763	1
2764	2
2765	0
2766	1
2767	2
2768	0
2769	0
2770	0
2771	3
2772	1
2773	2
2774	0
2775	2
2776	3
2777	0
2778	0
2779	2
2780	2
2781	2
2782	2
2783	0
2784	0
2785	3
2786	2
2787	2
2788	2
2789	3
2790	3
2791	1
2792	0
2793	1
2794	2
2795	3
2796	3
2797	3
2798	1
2799	3
2800	3
2801	3
2802	0
2803	3
2804	3
2805	0
2806	3
2807	2
2808	3
2809	2
2810	3
2811	2
2812	2
2813	2
2814	2
2815	3
2816	3
2817	2
2818	0
2819	3
2820	0
2821	2
2822	3
2823	1
2824	1
2825	3
2826	0
2827	0
2828	0
2829	0
2830	3
2831	0
2832	2
2833	0
2834	2
2835	3
2836	2
2837	3
2838	3
2839	2
2840	2
2841	2
2842	2
2843	0
2844	2
2845	3
2846	0
2847	2
2848	3
2849	2
2850	0
2851	3
2852	3
2853	2
2854	2
2855	2
2856	3
2857	2
2858	3
2859	2
2860	2
2861	3
2862	0
2863	1
2864	3
2865	3
2866	1
2867	2
2868	2
2869	0
2870	2
2871	2
2872	2
2873	2
2874	3
2875	2
2876	2
2877	3
2878	3
2879	0
2880	2
2881	0
2882	2
2883	0
2884	3
2885	2
2886	0
2887	0
2888	3
2889	3
2890	2
2891	1
2892	2
2893	3
2894	0
2895	3
2896	0
2897	0
2898	3
2899	3
2900	2
2901	0
2902	3
2903	2
2904	3
2905	3
2906	2
2907	3
2908	2
2909	3
2910	2
2911	2
2912	2
2913	2
2914	2
2915	0
2916	2
2917	3
2918	2
2919	3
2920	0
2921	1
2922	2
2923	0
2924	2
2925	2
2926	3
2927	2
2928	2
2929	0
2930	1
2931	0
2932	2
2933	2
2934	2
2935	2
2936	0
2937	2
2938	2
2939	2
2940	3
2941	2
2942	3
2943	0
2944	2
2945	2
2946	3
2947	2
2948	2
2949	3
2950	2
2951	2
2952	2
2953	3
2954	0
2955	3
2956	3
2957	0
2958	3
2959	0
2960	0
2961	2
2962	0
2963	3
2964	2
2965	2
2966	1
2967	2
2968	2
2969	3
2970	2
2971	0
2972	3
2973	3
2974	0
2975	1
2976	0
2977	0
2978	0
2979	3
2980	3
2981	2
2982	3
2983	3
2984	1
2985	3
2986	3
2987	3
2988	3
2989	2
2990	3
2991	2
2992	3
2993	3
2994	0
2995	2
2996	3
2997	0
2998	2
2999	2
3000	3
3001	2
3002	3
3003	2
3004	1
3005	2
3006	3
3007	0
3008	2
3009	3
3010	2
3011	1
3012	2
3013	2
3014	0
3015	0
3016	3
3017	2
3018	3
3019	0
3020	0
3021	2
3022	0
3023	0
3024	3
3025	3
3026	3
3027	0
3028	2
3029	1
3030	3
3031	2
3032	3
3033	1
3034	1
3035	3
3036	2
3037	3
3038	2
3039	0
3040	0
3041	3
3042	3
3043	0
3044	2
3045	1
3046	1
3047	3
3048	0
3049	2
3050	0
3051	1
3052	1
3053	2
3054	2
3055	2
3056	3
3057	2
3058	2
3059	1
3060	3
3061	2
3062	1
3063	2
3064	3
3065	2
3066	2
3067	2
3068	3
3069	0
3070	1
3071	3
3072	0
3073	0
3074	2
3075	2
3076	2
3077	3
3078	3
3079	3
3080	2
3081	3
3082	0
3083	3
3084	3
3085	0
3086	2
3087	3
3088	2
3089	3
3090	2
3091	2
3092	0
3093	2
3094	2
3095	3
3096	0
3097	0
3098	2
3099	2
3100	2
3101	3
3102	3
3103	2
3104	3
3105	1
3106	0
3107	2
3108	3
3109	2
3110	0
3111	0
3112	3
3113	0
3114	3
3115	3
3116	0
3117	0
3118	3
3119	3
3120	3
3121	3
3122	0
3123	2
3124	0
3125	2
3126	2
3127	3
3128	3
3129	3
3130	3
3131	2
3132	0
3133	3
3134	2
3135	0
3136	2
3137	0
3138	0
3139	3
3140	3
3141	2
3142	2
3143	0
3144	2
3145	2
3146	3
3147	2
3148	2
3149	2
3150	3
3151	2
3152	3
3153	2
3154	2
3155	0
3156	2
3157	0
3158	3
3159	3
3160	3
3161	2
3162	3
3163	2
3164	3
3165	0
3166	0
3167	2
3168	3
3169	3
3170	2
3171	0
3172	3
3173	2
3174	2
3175	3
3176	2
3177	3
3178	2
3179	0
3180	2
3181	0
3182	2
3183	3
3184	3
3185	2
3186	0
3187	2
3188	2
3189	1
3190	3
3191	2
3192	0
3193	1
3194	2
3195	1
3196	3
3197	2
3198	0
3199	3
3200	1
3201	0
3202	3
3203	2
3204	2
3205	3
3206	2
3207	3
3208	3
3209	3
3210	0
3211	2
3212	1
3213	0
3214	3
3215	3
3216	2
3217	3
3218	2
3219	0
3220	3
3221	2
3222	2
3223	3
3224	1
3225	0
3226	2
3227	2
3228	1
3229	1
3230	3
3231	2
3232	2
3233	3
3234	0
3235	3
3236	3
3237	3
3238	0
3239	0
3240	3
3241	0
3242	3
3243	1
3244	0
3245	0
3246	2
3247	0
3248	3
3249	3
3250	0
3251	1
3252	3
3253	2
3254	3
3255	1
3256	2
3257	3
3258	2
3259	2
3260	3
3261	3
3262	3
3263	0
3264	2
3265	2
3266	0
3267	2
3268	2
3269	2
3270	2
3271	0
3272	2
3273	1
3274	1
3275	2
3276	3
3277	0
3278	2
3279	2
3280	3
3281	2
3282	2
3283	0
3284	3
3285	0
3286	3
3287	2
3288	1
3289	2
3290	3
3291	2
3292	2
3293	3
3294	2
3295	1
3296	0
3297	3
3298	3
3299	2
3300	3
3301	3
3302	3
3303	0
3304	3
3305	1
3306	2
3307	0
3308	1
3309	2
3310	2
3311	0
3312	3
3313	3
3314	0
3315	3
3316	2
3317	1
3318	2
3319	0
3320	3
3321	2
3322	3
3323	2
3324	2
3325	0
3326	2
3327	3
3328	2
3329	2
3330	0
3331	2
3332	2
3333	3
3334	2
3335	3
3336	2
3337	3
3338	0
3339	2
3340	1
3341	1
3342	2
3343	3
3344	2
3345	2
3346	3
3347	1
3348	2
3349	0
3350	2
3351	3
3352	2
3353	0
3354	2
3355	0
3356	1
3357	2
3358	3
3359	3
3360	0
3361	0
3362	0
3363	3
3364	3
3365	2
3366	0
3367	0
3368	2
3369	2
3370	3
3371	3
3372	0
3373	0
3374	1
3375	2
3376	3
3377	0
3378	0
3379	0
3380	0
3381	2
3382	2
3383	1
3384	2
3385	2
3386	2
3387	3
3388	3
3389	3
3390	3
3391	2
3392	2
3393	0
3394	0
3395	1
3396	2
3397	2
3398	2
3399	0
3400	2
3401	3
3402	3
3403	2
3404	2
3405	0
3406	3
3407	2
3408	2
3409	2
3410	3
3411	1
3412	3
3413	3
3414	2
3415	2
3416	2
3417	3
3418	2
3419	1
3420	3
3421	3
3422	2
3423	2
3424	0
3425	3
3426	2
3427	2
3428	2
3429	0
3430	3
3431	3
3432	2
3433	2
3434	2
3435	3
3436	2
3437	1
3438	2
3439	3
3440	2
3441	3
3442	2
3443	3
3444	3
3445	0
3446	0
3447	0
3448	3
3449	2
3450	3
3451	0
3452	1
3453	2
3454	3
3455	3
3456	3
3457	0
3458	0
3459	2
3460	3
3461	2
3462	2
3463	3
3464	2
3465	3
3466	3
3467	3
3468	3
3469	1
3470	3
3471	3
3472	2
3473	0
3474	2
3475	0
3476	2
3477	0
3478	2
3479	3
3480	2
3481	2
3482	3
3483	0
3484	2
3485	0
3486	0
3487	2
3488	2
3489	3
3490	0
3491	0
3492	3
3493	3
3494	3
3495	0
3496	3
3497	2
3498	0
3499	3
3500	2
3501	0
3502	3
3503	0
3504	3
3505	3
3506	3
3507	0
3508	3
3509	3
3510	3
3511	2
3512	2
3513	3
3514	2
3515	3
3516	0
3517	2
3518	3
3519	0
3520	1
3521	0
3522	0
3523	3
3524	3
3525	3
3526	2
3527	3
3528	2
3529	3
3530	3
3531	2
3532	2
3533	0
3534	3
3535	0
3536	2
3537	3
3538	3
3539	0
3540	3
3541	1
3542	2
3543	2
3544	2
3545	2
3546	2
3547	2
3548	2
3549	3
3550	1
3551	3
3552	0
3553	2
3554	3
3555	0
3556	2
3557	1
3558	2
3559	2
3560	2
3561	0
3562	2
3563	2
3564	1
3565	2
3566	3
3567	3
3568	2
3569	2
3570	2
3571	3
3572	3
3573	2
3574	3
3575	0
3576	0
3577	2
3578	1
3579	2
3580	0
3581	2
3582	0
3583	2
3584	2
3585	1
3586	3
3587	3
3588	3
3589	0
3590	3
3591	1
3592	1
3593	3
3594	3
3595	2
3596	2
3597	0
3598	3
3599	3
3600	1
3601	2
3602	2
3603	0
3604	2
3605	0
3606	3
3607	1
3608	2
3609	0
3610	3
3611	2
3612	3
3613	2
3614	3
3615	2
3616	2
3617	0
3618	0
3619	3
3620	3
3621	2
3622	3
3623	2
3624	2
3625	2
3626	2
3627	2
3628	2
3629	0
3630	3
3631	0
3632	3
3633	2
3634	0
3635	3
3636	3
3637	2
3638	1
3639	2
3640	3
3641	0
3642	0
3643	2
3644	3
3645	3
3646	3
3647	2
3648	2
3649	0
3650	3
3651	2
3652	2
3653	2
3654	0
3655	3
3656	2
3657	2
3658	1
3659	3
3660	2
3661	0
3662	3
3663	2
3664	2
3665	0
3666	3
3667	0
3668	0
3669	2
3670	2
3671	2
3672	2
3673	3
3674	2
3675	3
3676	3
3677	3
3678	0
3679	3
3680	2
3681	3
3682	3
3683	3
3684	2
3685	3
3686	3
3687	2
3688	0
3689	0
3690	3
3691	0
3692	0
3693	0
3694	3
3695	3
3696	2
3697	2
3698	3
3699	3
3700	2
3701	3
3702	3
3703	0
3704	2
3705	2
3706	3
3707	1
3708	3
3709	1
3710	2
3711	0
3712	2
3713	2
3714	0
3715	3
3716	2
3717	2
3718	3
3719	3
3720	2
3721	3
3722	3
3723	3
3724	2
3725	0
3726	3
3727	3
3728	2
3729	3
3730	2
3731	1
3732	3
3733	1
3734	2
3735	2
3736	2
3737	0
3738	3
3739	2
3740	3
3741	3
3742	3
3743	2
3744	0
3745	2
3746	3
3747	3
3748	2
3749	0
3750	3
3751	3
3752	2
3753	3
3754	3
3755	3
3756	2
3757	0
3758	3
3759	3
3760	3
3761	2
3762	0
3763	2
3764	0
3765	0
3766	2
3767	3
3768	3
3769	3
3770	2
3771	3
3772	3
3773	2
3774	3
3775	2
3776	2
3777	0
3778	0
3779	2
3780	2
3781	0
3782	1
3783	3
3784	3
3785	3
3786	0
3787	2
3788	3
3789	0
3790	3
3791	2
3792	3
3793	1
3794	1
3795	0
3796	2
3797	0
3798	3
3799	2
3800	3
3801	1
3802	3
3803	0
3804	2
3805	2
3806	1
3807	2
3808	0
3809	3
3810	3
3811	2
3812	3
3813	3
3814	3
3815	3
3816	2
3817	0
3818	3
3819	1
3820	2
3821	3
3822	2
3823	0
3824	0
3825	2
3826	0
3827	2
3828	2
3829	2
3830	3
3831	0
3832	3
3833	1
3834	3
3835	0
3836	1
3837	3
3838	3
3839	2
3840	3
3841	3
3842	2
3843	2
3844	2
3845	3
3846	3
3847	2
3848	3
3849	3
3850	3
3851	0
3852	2
3853	3
3854	2
3855	3
3856	3
3857	0
3858	3
3859	3
3860	2
3861	2
3862	2
3863	3
3864	2
3865	2
3866	0
3867	2
3868	2
3869	2
3870	3
3871	2
3872	1
3873	3
3874	0
3875	3
3876	3
3877	3
3878	2
3879	0
3880	2
3881	0
3882	0
3883	3
3884	2
3885	1
3886	2
3887	2
3888	3
3889	3
3890	0
3891	2
3892	2
3893	2
3894	2
3895	2
3896	3
3897	3
3898	0
3899	1
3900	0
3901	2
3902	3
3903	0
3904	2
3905	0
3906	0
3907	2
3908	2
3909	0
3910	0
3911	0
3912	0
3913	3
3914	2
3915	2
3916	3
3917	0
3918	3
3919	0
3920	2
3921	3
3922	3
3923	0
3924	2
3925	0
3926	2
3927	2
3928	3
3929	3
3930	0
3931	1
3932	2
3933	2
3934	2
3935	0
3936	0
3937	3
3938	3
3939	3
3940	3
3941	2
3942	0
3943	2
3944	3
3945	2
3946	2
3947	0
3948	0
3949	2
3950	3
3951	1
3952	2
3953	0
3954	0
3955	3
3956	3
3957	2
3958	2
3959	1
3960	1
3961	2
3962	2
3963	3
3964	0
3965	3
3966	2
3967	1
3968	2
3969	3
3970	0
3971	3
3972	3
3973	1
3974	2
3975	3
3976	2
3977	3
3978	0
3979	1
3980	3
3981	3
3982	3
3983	3
3984	3
3985	0
3986	2
3987	1
3988	3
3989	2
3990	2
3991	2
3992	2
3993	0
3994	3
3995	2
3996	0
3997	2
3998	3
3999	0
4000	1
4001	3
4002	0
4003	3
4004	2
4005	2
4006	3
4007	3
4008	2
4009	2
4010	3
4011	3
4012	3
4013	2
4014	0
4015	2
4016	3
4017	3
4018	0
4019	2
4020	0
4021	3
4022	2
4023	2
4024	2
4025	3
4026	3
4027	1
4028	0
4029	2
4030	3
4031	2
4032	2
4033	0
4034	0
4035	0
4036	2
4037	0
4038	0
4039	0
4040	2
4041	2
4042	1
4043	2
4044	2
4045	0
4046	3
4047	0
4048	2
4049	3
4050	3
4051	0
4052	3
4053	0
4054	2
4055	1
4056	2
4057	3
4058	1
4059	1
4060	2
4061	2
4062	2
4063	3
4064	2
4065	1
4066	3
4067	1
4068	3
4069	3
4070	2
4071	2
4072	3
4073	2
4074	3
4075	2
4076	3
4077	2
4078	0
4079	3
4080	2
4081	0
4082	2
4083	3
4084	3
4085	3
4086	2
4087	0
4088	3
4089	1
4090	2
4091	1
4092	0
4093	1
4094	3
4095	0
