COMMAND
./sim gshare 13 10 ./proj2-traces/perl_trace.txt
OUTPUT
number of predictions:2000000
number of mispredictions:98492
misprediction rate:   4.92%
FINAL GSHARE CONTENTS
0	3
1	0
2	3
3	3
4	1
5	1
6	1
7	2
8	2
9	0
10	3
11	3
12	1
13	2
14	0
15	2
16	0
17	0
18	1
19	3
20	0
21	0
22	3
23	2
24	3
25	2
26	0
27	2
28	1
29	0
30	3
31	3
32	0
33	2
34	3
35	2
36	0
37	2
38	2
39	3
40	3
41	3
42	3
43	1
44	0
45	1
46	3
47	1
48	2
49	3
50	0
51	3
52	1
53	1
54	3
55	3
56	2
57	1
58	3
59	3
60	0
61	0
62	3
63	1
64	2
65	2
66	3
67	3
68	2
69	3
70	3
71	0
72	3
73	3
74	3
75	2
76	3
77	3
78	2
79	1
80	2
81	3
82	2
83	1
84	3
85	0
86	2
87	2
88	0
89	3
90	1
91	2
92	3
93	2
94	2
95	0
96	2
97	3
98	3
99	2
100	3
101	2
102	0
103	3
104	3
105	2
106	3
107	3
108	3
109	0
110	3
111	3
112	3
113	2
114	3
115	0
116	3
117	0
118	3
119	0
120	2
121	2
122	3
123	0
124	3
125	2
126	3
127	0
128	0
129	0
130	2
131	2
132	2
133	3
134	2
135	2
136	0
137	3
138	1
139	2
140	2
141	3
142	2
143	3
144	2
145	2
146	3
147	2
148	3
149	2
150	0
151	3
152	3
153	3
154	3
155	2
156	2
157	3
158	1
159	3
160	3
161	3
162	0
163	0
164	2
165	1
166	3
167	3
168	2
169	3
170	3
171	0
172	2
173	0
174	2
175	3
176	3
177	1
178	3
179	2
180	1
181	1
182	3
183	0
184	1
185	0
186	1
187	1
188	2
189	2
190	3
191	0
192	3
193	3
194	2
195	2
196	2
197	3
198	3
199	0
200	2
201	1
202	3
203	3
204	2
205	2
206	0
207	3
208	3
209	0
210	0
211	2
212	2
213	0
214	3
215	1
216	0
217	0
218	3
219	2
220	2
221	1
222	3
223	3
224	3
225	3
226	0
227	2
228	0
229	3
230	3
231	0
232	2
233	3
234	0
235	2
236	2
237	2
238	0
239	0
240	3
241	3
242	3
243	2
244	3
245	2
246	3
247	1
248	3
249	3
250	3
251	2
252	0
253	3
254	2
255	1
256	3
257	2
258	2
259	2
260	2
261	3
262	0
263	3
264	3
265	2
266	3
267	2
268	1
269	3
270	2
271	2
272	3
273	2
274	0
275	2
276	3
277	2
278	3
279	0
280	3
281	2
282	3
283	1
284	2
285	1
286	3
287	3
288	3
289	3
290	3
291	2
292	3
293	3
294	3
295	3
296	3
297	2
298	1
299	0
300	2
301	3
302	2
303	2
304	3
305	2
306	3
307	1
308	2
309	3
310	3
311	0
312	2
313	1
314	3
315	0
316	3
317	3
318	0
319	2
320	3
321	2
322	3
323	0
324	3
325	3
326	3
327	1
328	3
329	2
330	3
331	1
332	1
333	3
334	2
335	2
336	1
337	2
338	0
339	0
340	1
341	1
342	0
343	1
344	3
345	0
346	3
347	0
348	2
349	2
350	2
351	3
352	0
353	2
354	2
355	1
356	2
357	3
358	2
359	3
360	3
361	2
362	2
363	0
364	2
365	3
366	2
367	1
368	2
369	2
370	2
371	3
372	2
373	3
374	2
375	3
376	0
377	2
378	2
379	2
380	2
381	1
382	0
383	2
384	3
385	3
386	3
387	2
388	2
389	2
390	3
391	1
392	3
393	2
394	2
395	3
396	2
397	2
398	3
399	0
400	3
401	2
402	3
403	2
404	2
405	2
406	0
407	2
408	3
409	2
410	2
411	2
412	1
413	2
414	2
415	3
416	3
417	3
418	3
419	2
420	2
421	1
422	2
423	1
424	3
425	0
426	2
427	1
428	2
429	3
430	3
431	2
432	3
433	2
434	2
435	2
436	2
437	2
438	3
439	0
440	2
441	1
442	2
443	2
444	3
445	2
446	3
447	1
448	3
449	0
450	1
451	3
452	3
453	3
454	0
455	3
456	3
457	2
458	3
459	0
460	0
461	2
462	3
463	0
464	3
465	2
466	2
467	0
468	3
469	3
470	0
471	1
472	3
473	1
474	3
475	0
476	2
477	3
478	2
479	0
480	2
481	2
482	2
483	2
484	2
485	3
486	0
487	0
488	2
489	0
490	3
491	2
492	2
493	0
494	0
495	2
496	1
497	2
498	3
499	0
500	2
501	3
502	0
503	3
504	3
505	1
506	3
507	2
508	2
509	2
510	2
511	1
512	2
513	3
514	3
515	1
516	3
517	3
518	3
519	3
520	0
521	2
522	2
523	3
524	3
525	0
526	3
527	0
528	1
529	2
530	3
531	3
532	3
533	3
534	3
535	3
536	3
537	3
538	3
539	3
540	1
541	0
542	3
543	2
544	2
545	0
546	2
547	0
548	3
549	3
550	3
551	0
552	2
553	3
554	3
555	2
556	3
557	3
558	3
559	2
560	2
561	3
562	1
563	0
564	0
565	0
566	3
567	2
568	2
569	2
570	2
571	0
572	2
573	2
574	3
575	3
576	0
577	3
578	2
579	2
580	3
581	3
582	3
583	3
584	2
585	0
586	2
587	3
588	1
589	3
590	3
591	3
592	2
593	3
594	3
595	2
596	2
597	3
598	3
599	2
600	1
601	0
602	2
603	1
604	3
605	3
606	3
607	2
608	1
609	3
610	3
611	3
612	0
613	3
614	3
615	3
616	2
617	2
618	2
619	2
620	0
621	1
622	3
623	2
624	3
625	2
626	3
627	3
628	2
629	3
630	3
631	3
632	2
633	2
634	2
635	3
636	0
637	3
638	2
639	2
640	2
641	0
642	0
643	2
644	0
645	3
646	3
647	3
648	2
649	1
650	1
651	3
652	2
653	0
654	3
655	0
656	2
657	3
658	0
659	1
660	0
661	3
662	3
663	3
664	3
665	3
666	3
667	0
668	2
669	3
670	3
671	1
672	0
673	0
674	3
675	0
676	2
677	3
678	3
679	3
680	2
681	0
682	3
683	0
684	3
685	2
686	2
687	3
688	1
689	2
690	3
691	0
692	2
693	1
694	3
695	2
696	2
697	1
698	3
699	0
700	1
701	3
702	3
703	0
704	1
705	3
706	3
707	0
708	0
709	3
710	3
711	3
712	2
713	0
714	3
715	0
716	3
717	0
718	2
719	0
720	2
721	2
722	3
723	0
724	1
725	3
726	2
727	3
728	2
729	3
730	3
731	0
732	0
733	2
734	3
735	3
736	1
737	0
738	1
739	2
740	1
741	2
742	0
743	0
744	2
745	2
746	3
747	0
748	3
749	2
750	2
751	2
752	0
753	3
754	3
755	2
756	2
757	2
758	3
759	0
760	0
761	2
762	3
763	0
764	3
765	1
766	2
767	3
768	2
769	2
770	3
771	2
772	3
773	3
774	3
775	3
776	1
777	3
778	3
779	0
780	3
781	2
782	3
783	3
784	1
785	1
786	2
787	3
788	3
789	3
790	3
791	0
792	2
793	2
794	3
795	2
796	2
797	1
798	3
799	0
800	2
801	2
802	3
803	3
804	2
805	2
806	3
807	2
808	3
809	3
810	3
811	3
812	2
813	1
814	3
815	3
816	2
817	3
818	3
819	3
820	2
821	2
822	3
823	3
824	2
825	3
826	3
827	2
828	2
829	3
830	3
831	2
832	3
833	3
834	2
835	3
836	3
837	3
838	0
839	0
840	2
841	3
842	2
843	3
844	2
845	2
846	3
847	3
848	0
849	3
850	3
851	3
852	3
853	2
854	3
855	0
856	2
857	0
858	3
859	1
860	3
861	2
862	3
863	2
864	2
865	0
866	3
867	2
868	2
869	3
870	2
871	0
872	0
873	1
874	2
875	2
876	3
877	1
878	2
879	2
880	2
881	2
882	3
883	3
884	2
885	3
886	3
887	0
888	2
889	2
890	3
891	2
892	2
893	2
894	3
895	0
896	2
897	3
898	3
899	1
900	2
901	2
902	2
903	0
904	1
905	0
906	0
907	2
908	2
909	2
910	3
911	0
912	3
913	1
914	3
915	2
916	3
917	0
918	2
919	3
920	1
921	2
922	3
923	2
924	2
925	3
926	3
927	3
928	2
929	0
930	3
931	2
932	2
933	1
934	3
935	3
936	3
937	3
938	3
939	2
940	3
941	3
942	2
943	0
944	2
945	2
946	3
947	2
948	2
949	2
950	3
951	0
952	3
953	2
954	2
955	1
956	2
957	3
958	3
959	0
960	2
961	3
962	3
963	2
964	3
965	2
966	3
967	3
968	3
969	3
970	3
971	0
972	2
973	2
974	3
975	3
976	3
977	2
978	2
979	1
980	2
981	1
982	3
983	1
984	3
985	2
986	3
987	1
988	0
989	3
990	2
991	0
992	2
993	2
994	3
995	1
996	1
997	3
998	3
999	0
1000	0
1001	3
1002	3
1003	0
1004	2
1005	2
1006	3
1007	0
1008	2
1009	3
1010	3
1011	2
1012	1
1013	3
1014	2
1015	3
1016	2
1017	3
1018	2
1019	2
1020	2
1021	2
1022	3
1023	2
1024	2
1025	2
1026	3
1027	1
1028	1
1029	3
1030	2
1031	3
1032	0
1033	1
1034	0
1035	3
1036	3
1037	1
1038	3
1039	0
1040	1
1041	2
1042	2
1043	3
1044	3
1045	3
1046	3
1047	2
1048	0
1049	1
1050	3
1051	3
1052	0
1053	1
1054	2
1055	3
1056	1
1057	3
1058	3
1059	2
1060	3
1061	3
1062	2
1063	1
1064	0
1065	2
1066	0
1067	3
1068	0
1069	3
1070	3
1071	3
1072	0
1073	2
1074	3
1075	3
1076	0
1077	3
1078	3
1079	0
1080	1
1081	3
1082	3
1083	0
1084	3
1085	3
1086	3
1087	0
1088	3
1089	2
1090	3
1091	3
1092	0
1093	3
1094	2
1095	2
1096	3
1097	2
1098	3
1099	3
1100	3
1101	3
1102	2
1103	1
1104	1
1105	1
1106	2
1107	3
1108	3
1109	1
1110	2
1111	2
1112	0
1113	1
1114	3
1115	0
1116	1
1117	3
1118	2
1119	2
1120	3
1121	2
1122	3
1123	0
1124	0
1125	3
1126	3
1127	0
1128	3
1129	1
1130	3
1131	0
1132	2
1133	2
1134	2
1135	0
1136	3
1137	3
1138	3
1139	0
1140	0
1141	3
1142	3
1143	1
1144	2
1145	3
1146	3
1147	3
1148	3
1149	3
1150	2
1151	3
1152	2
1153	2
1154	2
1155	1
1156	2
1157	3
1158	0
1159	0
1160	2
1161	3
1162	3
1163	1
1164	1
1165	2
1166	3
1167	3
1168	0
1169	2
1170	2
1171	3
1172	2
1173	2
1174	0
1175	0
1176	3
1177	2
1178	2
1179	3
1180	0
1181	2
1182	3
1183	3
1184	2
1185	0
1186	1
1187	2
1188	2
1189	0
1190	3
1191	0
1192	3
1193	0
1194	3
1195	3
1196	3
1197	3
1198	1
1199	1
1200	0
1201	2
1202	2
1203	3
1204	2
1205	2
1206	3
1207	3
1208	1
1209	3
1210	3
1211	1
1212	3
1213	2
1214	2
1215	0
1216	3
1217	3
1218	3
1219	1
1220	0
1221	3
1222	3
1223	3
1224	1
1225	2
1226	3
1227	1
1228	2
1229	3
1230	3
1231	2
1232	3
1233	0
1234	3
1235	3
1236	3
1237	2
1238	3
1239	0
1240	2
1241	2
1242	3
1243	3
1244	2
1245	3
1246	3
1247	1
1248	0
1249	0
1250	2
1251	3
1252	0
1253	3
1254	2
1255	0
1256	2
1257	0
1258	3
1259	1
1260	2
1261	2
1262	3
1263	2
1264	2
1265	2
1266	3
1267	2
1268	3
1269	2
1270	2
1271	2
1272	3
1273	0
1274	3
1275	1
1276	2
1277	2
1278	2
1279	2
1280	1
1281	2
1282	0
1283	2
1284	3
1285	2
1286	3
1287	3
1288	2
1289	3
1290	2
1291	2
1292	3
1293	2
1294	3
1295	2
1296	2
1297	2
1298	1
1299	1
1300	3
1301	1
1302	3
1303	0
1304	3
1305	3
1306	3
1307	2
1308	3
1309	3
1310	3
1311	0
1312	1
1313	2
1314	3
1315	2
1316	3
1317	2
1318	2
1319	0
1320	3
1321	2
1322	2
1323	3
1324	3
1325	2
1326	3
1327	1
1328	2
1329	2
1330	3
1331	2
1332	3
1333	2
1334	0
1335	3
1336	3
1337	2
1338	2
1339	2
1340	3
1341	0
1342	3
1343	0
1344	2
1345	2
1346	3
1347	2
1348	2
1349	2
1350	3
1351	2
1352	2
1353	2
1354	3
1355	3
1356	3
1357	3
1358	3
1359	0
1360	1
1361	3
1362	2
1363	3
1364	2
1365	0
1366	2
1367	2
1368	2
1369	3
1370	2
1371	3
1372	3
1373	3
1374	2
1375	3
1376	3
1377	0
1378	2
1379	2
1380	2
1381	3
1382	2
1383	2
1384	3
1385	2
1386	3
1387	2
1388	2
1389	0
1390	2
1391	0
1392	3
1393	3
1394	3
1395	2
1396	3
1397	1
1398	3
1399	3
1400	0
1401	0
1402	3
1403	2
1404	3
1405	2
1406	1
1407	3
1408	3
1409	2
1410	2
1411	3
1412	2
1413	0
1414	1
1415	2
1416	2
1417	3
1418	2
1419	2
1420	3
1421	0
1422	2
1423	1
1424	1
1425	2
1426	3
1427	1
1428	3
1429	2
1430	3
1431	2
1432	3
1433	0
1434	0
1435	2
1436	2
1437	2
1438	3
1439	3
1440	3
1441	2
1442	3
1443	2
1444	3
1445	2
1446	2
1447	0
1448	3
1449	3
1450	3
1451	2
1452	3
1453	0
1454	3
1455	0
1456	2
1457	0
1458	2
1459	2
1460	2
1461	2
1462	3
1463	1
1464	3
1465	2
1466	2
1467	3
1468	3
1469	0
1470	1
1471	0
1472	0
1473	2
1474	3
1475	3
1476	3
1477	2
1478	3
1479	3
1480	1
1481	2
1482	0
1483	2
1484	2
1485	1
1486	2
1487	3
1488	1
1489	2
1490	0
1491	3
1492	0
1493	1
1494	3
1495	0
1496	1
1497	2
1498	1
1499	2
1500	2
1501	0
1502	2
1503	0
1504	3
1505	1
1506	2
1507	2
1508	3
1509	3
1510	1
1511	2
1512	3
1513	3
1514	2
1515	2
1516	3
1517	3
1518	3
1519	3
1520	3
1521	3
1522	3
1523	2
1524	3
1525	2
1526	2
1527	2
1528	3
1529	2
1530	3
1531	2
1532	3
1533	3
1534	3
1535	2
1536	3
1537	3
1538	3
1539	2
1540	3
1541	0
1542	3
1543	3
1544	3
1545	2
1546	2
1547	2
1548	2
1549	3
1550	3
1551	3
1552	3
1553	2
1554	3
1555	2
1556	2
1557	1
1558	3
1559	2
1560	3
1561	1
1562	2
1563	3
1564	1
1565	3
1566	2
1567	0
1568	3
1569	2
1570	3
1571	0
1572	2
1573	1
1574	3
1575	3
1576	3
1577	2
1578	0
1579	2
1580	2
1581	2
1582	0
1583	3
1584	3
1585	1
1586	3
1587	2
1588	2
1589	3
1590	3
1591	3
1592	3
1593	1
1594	3
1595	3
1596	2
1597	2
1598	3
1599	3
1600	3
1601	3
1602	2
1603	3
1604	1
1605	3
1606	2
1607	2
1608	3
1609	1
1610	2
1611	3
1612	3
1613	3
1614	3
1615	3
1616	2
1617	2
1618	1
1619	2
1620	2
1621	0
1622	2
1623	3
1624	2
1625	3
1626	0
1627	2
1628	2
1629	0
1630	3
1631	1
1632	0
1633	2
1634	0
1635	0
1636	2
1637	0
1638	3
1639	3
1640	3
1641	0
1642	2
1643	2
1644	3
1645	0
1646	2
1647	3
1648	2
1649	2
1650	0
1651	2
1652	2
1653	2
1654	3
1655	3
1656	3
1657	3
1658	2
1659	3
1660	3
1661	0
1662	1
1663	3
1664	3
1665	0
1666	3
1667	3
1668	2
1669	3
1670	3
1671	3
1672	0
1673	2
1674	3
1675	2
1676	2
1677	0
1678	1
1679	3
1680	1
1681	1
1682	3
1683	3
1684	2
1685	0
1686	3
1687	3
1688	3
1689	0
1690	3
1691	0
1692	3
1693	3
1694	3
1695	3
1696	2
1697	1
1698	3
1699	3
1700	3
1701	3
1702	0
1703	3
1704	2
1705	1
1706	3
1707	3
1708	2
1709	2
1710	1
1711	2
1712	3
1713	2
1714	2
1715	0
1716	2
1717	0
1718	3
1719	2
1720	0
1721	2
1722	3
1723	3
1724	3
1725	2
1726	3
1727	2
1728	0
1729	2
1730	3
1731	2
1732	2
1733	3
1734	3
1735	3
1736	2
1737	2
1738	3
1739	2
1740	3
1741	2
1742	3
1743	3
1744	3
1745	2
1746	3
1747	0
1748	1
1749	2
1750	3
1751	1
1752	2
1753	3
1754	2
1755	1
1756	3
1757	2
1758	3
1759	2
1760	2
1761	2
1762	0
1763	3
1764	3
1765	3
1766	3
1767	3
1768	0
1769	3
1770	3
1771	0
1772	3
1773	2
1774	3
1775	3
1776	2
1777	0
1778	0
1779	1
1780	2
1781	0
1782	3
1783	1
1784	3
1785	0
1786	2
1787	3
1788	2
1789	2
1790	0
1791	0
1792	0
1793	2
1794	1
1795	1
1796	0
1797	3
1798	2
1799	0
1800	3
1801	2
1802	2
1803	0
1804	3
1805	3
1806	3
1807	0
1808	1
1809	2
1810	3
1811	3
1812	3
1813	1
1814	1
1815	0
1816	2
1817	3
1818	2
1819	3
1820	3
1821	1
1822	3
1823	0
1824	1
1825	0
1826	3
1827	2
1828	2
1829	3
1830	0
1831	0
1832	3
1833	3
1834	2
1835	2
1836	2
1837	2
1838	3
1839	0
1840	2
1841	2
1842	0
1843	0
1844	2
1845	2
1846	2
1847	0
1848	0
1849	0
1850	3
1851	3
1852	3
1853	2
1854	0
1855	0
1856	1
1857	0
1858	1
1859	3
1860	0
1861	0
1862	3
1863	0
1864	2
1865	0
1866	2
1867	2
1868	2
1869	0
1870	3
1871	0
1872	0
1873	0
1874	0
1875	1
1876	2
1877	0
1878	2
1879	0
1880	2
1881	0
1882	2
1883	2
1884	2
1885	0
1886	3
1887	0
1888	0
1889	0
1890	0
1891	0
1892	1
1893	0
1894	0
1895	2
1896	3
1897	1
1898	0
1899	2
1900	2
1901	0
1902	1
1903	0
1904	3
1905	0
1906	3
1907	1
1908	2
1909	0
1910	2
1911	0
1912	0
1913	0
1914	2
1915	0
1916	3
1917	0
1918	1
1919	1
1920	0
1921	2
1922	3
1923	2
1924	0
1925	1
1926	0
1927	2
1928	3
1929	2
1930	0
1931	0
1932	2
1933	2
1934	2
1935	3
1936	0
1937	1
1938	3
1939	2
1940	2
1941	0
1942	3
1943	3
1944	2
1945	3
1946	0
1947	2
1948	2
1949	2
1950	0
1951	2
1952	0
1953	2
1954	2
1955	2
1956	0
1957	3
1958	2
1959	2
1960	0
1961	2
1962	0
1963	2
1964	1
1965	3
1966	3
1967	2
1968	0
1969	3
1970	3
1971	3
1972	2
1973	3
1974	2
1975	2
1976	0
1977	2
1978	0
1979	0
1980	2
1981	2
1982	3
1983	2
1984	0
1985	2
1986	1
1987	1
1988	2
1989	0
1990	2
1991	3
1992	2
1993	0
1994	0
1995	3
1996	2
1997	3
1998	2
1999	0
2000	0
2001	0
2002	1
2003	1
2004	2
2005	0
2006	2
2007	1
2008	3
2009	2
2010	2
2011	3
2012	1
2013	2
2014	2
2015	3
2016	0
2017	2
2018	2
2019	2
2020	2
2021	3
2022	0
2023	2
2024	1
2025	2
2026	3
2027	1
2028	2
2029	3
2030	2
2031	3
2032	0
2033	2
2034	0
2035	2
2036	2
2037	2
2038	1
2039	2
2040	3
2041	0
2042	3
2043	0
2044	2
2045	0
2046	3
2047	2
2048	3
2049	2
2050	0
2051	0
2052	2
2053	3
2054	0
2055	1
2056	2
2057	2
2058	1
2059	2
2060	0
2061	2
2062	3
2063	1
2064	3
2065	0
2066	3
2067	0
2068	3
2069	0
2070	3
2071	3
2072	3
2073	2
2074	0
2075	3
2076	3
2077	0
2078	1
2079	2
2080	3
2081	2
2082	3
2083	3
2084	2
2085	0
2086	3
2087	0
2088	3
2089	2
2090	3
2091	3
2092	3
2093	0
2094	3
2095	1
2096	3
2097	0
2098	3
2099	0
2100	3
2101	2
2102	3
2103	2
2104	3
2105	0
2106	1
2107	2
2108	3
2109	1
2110	2
2111	3
2112	2
2113	2
2114	3
2115	0
2116	3
2117	3
2118	3
2119	2
2120	3
2121	0
2122	3
2123	0
2124	3
2125	3
2126	3
2127	3
2128	0
2129	1
2130	3
2131	0
2132	3
2133	1
2134	3
2135	3
2136	2
2137	1
2138	3
2139	0
2140	3
2141	1
2142	0
2143	3
2144	3
2145	0
2146	3
2147	0
2148	2
2149	0
2150	3
2151	3
2152	3
2153	1
2154	2
2155	0
2156	2
2157	0
2158	3
2159	2
2160	3
2161	1
2162	0
2163	0
2164	3
2165	1
2166	2
2167	3
2168	3
2169	2
2170	3
2171	1
2172	3
2173	3
2174	0
2175	2
2176	0
2177	3
2178	3
2179	2
2180	2
2181	1
2182	2
2183	0
2184	3
2185	3
2186	3
2187	0
2188	3
2189	1
2190	2
2191	2
2192	2
2193	1
2194	3
2195	3
2196	3
2197	1
2198	2
2199	2
2200	1
2201	1
2202	0
2203	3
2204	2
2205	0
2206	3
2207	3
2208	3
2209	0
2210	0
2211	0
2212	3
2213	1
2214	3
2215	3
2216	1
2217	0
2218	0
2219	3
2220	1
2221	2
2222	3
2223	3
2224	3
2225	3
2226	3
2227	3
2228	3
2229	0
2230	3
2231	3
2232	3
2233	0
2234	3
2235	0
2236	2
2237	3
2238	3
2239	2
2240	3
2241	3
2242	3
2243	3
2244	0
2245	2
2246	0
2247	2
2248	3
2249	2
2250	3
2251	2
2252	2
2253	0
2254	3
2255	1
2256	2
2257	0
2258	0
2259	2
2260	2
2261	0
2262	3
2263	1
2264	3
2265	2
2266	1
2267	1
2268	3
2269	0
2270	3
2271	3
2272	3
2273	0
2274	3
2275	1
2276	3
2277	3
2278	3
2279	2
2280	3
2281	3
2282	0
2283	2
2284	2
2285	3
2286	3
2287	3
2288	3
2289	3
2290	2
2291	0
2292	1
2293	1
2294	3
2295	2
2296	3
2297	0
2298	3
2299	0
2300	3
2301	2
2302	0
2303	2
2304	2
2305	2
2306	3
2307	2
2308	3
2309	2
2310	3
2311	2
2312	3
2313	3
2314	0
2315	2
2316	3
2317	0
2318	3
2319	2
2320	0
2321	1
2322	3
2323	2
2324	1
2325	0
2326	0
2327	0
2328	0
2329	3
2330	3
2331	2
2332	1
2333	0
2334	3
2335	1
2336	3
2337	2
2338	3
2339	0
2340	2
2341	2
2342	3
2343	0
2344	1
2345	2
2346	3
2347	0
2348	0
2349	3
2350	0
2351	0
2352	3
2353	3
2354	3
2355	2
2356	0
2357	3
2358	0
2359	0
2360	3
2361	2
2362	3
2363	3
2364	1
2365	1
2366	1
2367	2
2368	2
2369	3
2370	3
2371	3
2372	2
2373	2
2374	3
2375	3
2376	3
2377	3
2378	3
2379	3
2380	3
2381	1
2382	2
2383	2
2384	1
2385	2
2386	0
2387	3
2388	3
2389	1
2390	0
2391	1
2392	3
2393	3
2394	3
2395	3
2396	2
2397	2
2398	2
2399	2
2400	3
2401	3
2402	3
2403	3
2404	2
2405	2
2406	0
2407	2
2408	3
2409	2
2410	3
2411	3
2412	0
2413	0
2414	0
2415	3
2416	2
2417	2
2418	0
2419	3
2420	3
2421	3
2422	3
2423	1
2424	2
2425	2
2426	0
2427	3
2428	3
2429	2
2430	2
2431	2
2432	2
2433	2
2434	2
2435	1
2436	2
2437	2
2438	2
2439	0
2440	1
2441	3
2442	1
2443	3
2444	2
2445	1
2446	0
2447	0
2448	3
2449	2
2450	3
2451	3
2452	2
2453	0
2454	3
2455	2
2456	2
2457	2
2458	3
2459	0
2460	3
2461	3
2462	2
2463	3
2464	2
2465	3
2466	3
2467	1
2468	2
2469	3
2470	3
2471	1
2472	3
2473	3
2474	3
2475	0
2476	3
2477	0
2478	3
2479	1
2480	3
2481	3
2482	3
2483	3
2484	3
2485	0
2486	3
2487	3
2488	2
2489	3
2490	3
2491	2
2492	1
2493	3
2494	3
2495	3
2496	1
2497	2
2498	3
2499	3
2500	1
2501	0
2502	1
2503	1
2504	3
2505	2
2506	0
2507	2
2508	3
2509	0
2510	3
2511	1
2512	0
2513	2
2514	3
2515	2
2516	2
2517	0
2518	3
2519	1
2520	2
2521	2
2522	0
2523	3
2524	3
2525	0
2526	2
2527	0
2528	2
2529	3
2530	3
2531	3
2532	0
2533	0
2534	3
2535	1
2536	3
2537	0
2538	3
2539	0
2540	2
2541	3
2542	3
2543	3
2544	3
2545	3
2546	3
2547	0
2548	1
2549	1
2550	3
2551	0
2552	2
2553	3
2554	0
2555	3
2556	1
2557	2
2558	0
2559	0
2560	2
2561	0
2562	0
2563	2
2564	2
2565	0
2566	3
2567	2
2568	3
2569	0
2570	2
2571	2
2572	2
2573	2
2574	3
2575	3
2576	3
2577	2
2578	0
2579	0
2580	2
2581	2
2582	3
2583	1
2584	1
2585	0
2586	0
2587	0
2588	2
2589	3
2590	3
2591	1
2592	1
2593	1
2594	2
2595	0
2596	2
2597	0
2598	3
2599	2
2600	0
2601	0
2602	1
2603	0
2604	3
2605	0
2606	0
2607	0
2608	3
2609	1
2610	3
2611	0
2612	3
2613	1
2614	3
2615	1
2616	3
2617	3
2618	3
2619	2
2620	3
2621	2
2622	3
2623	3
2624	3
2625	3
2626	3
2627	2
2628	2
2629	2
2630	3
2631	3
2632	2
2633	0
2634	3
2635	2
2636	2
2637	2
2638	2
2639	2
2640	2
2641	1
2642	0
2643	0
2644	2
2645	3
2646	3
2647	3
2648	1
2649	0
2650	3
2651	0
2652	2
2653	3
2654	3
2655	2
2656	3
2657	0
2658	3
2659	0
2660	3
2661	0
2662	3
2663	0
2664	2
2665	0
2666	3
2667	3
2668	3
2669	1
2670	3
2671	0
2672	0
2673	0
2674	3
2675	2
2676	3
2677	2
2678	1
2679	0
2680	3
2681	0
2682	3
2683	0
2684	3
2685	0
2686	3
2687	1
2688	1
2689	0
2690	3
2691	1
2692	2
2693	0
2694	0
2695	3
2696	2
2697	0
2698	3
2699	2
2700	2
2701	3
2702	3
2703	3
2704	2
2705	0
2706	3
2707	0
2708	1
2709	1
2710	3
2711	3
2712	2
2713	0
2714	0
2715	0
2716	2
2717	2
2718	3
2719	3
2720	0
2721	0
2722	0
2723	0
2724	3
2725	3
2726	3
2727	3
2728	2
2729	0
2730	3
2731	0
2732	2
2733	0
2734	3
2735	3
2736	0
2737	3
2738	0
2739	2
2740	3
2741	2
2742	3
2743	3
2744	1
2745	0
2746	3
2747	0
2748	3
2749	3
2750	3
2751	3
2752	0
2753	0
2754	3
2755	2
2756	2
2757	1
2758	3
2759	2
2760	2
2761	0
2762	3
2763	2
2764	2
2765	2
2766	2
2767	3
2768	2
2769	1
2770	3
2771	3
2772	3
2773	3
2774	3
2775	3
2776	3
2777	3
2778	2
2779	2
2780	3
2781	2
2782	3
2783	3
2784	2
2785	0
2786	2
2787	2
2788	2
2789	3
2790	3
2791	0
2792	0
2793	0
2794	3
2795	2
2796	3
2797	3
2798	2
2799	3
2800	3
2801	0
2802	3
2803	2
2804	2
2805	3
2806	3
2807	3
2808	3
2809	0
2810	0
2811	3
2812	2
2813	1
2814	2
2815	0
2816	3
2817	0
2818	3
2819	1
2820	1
2821	3
2822	3
2823	2
2824	2
2825	1
2826	0
2827	3
2828	2
2829	3
2830	3
2831	3
2832	1
2833	3
2834	2
2835	3
2836	2
2837	0
2838	3
2839	2
2840	2
2841	1
2842	3
2843	2
2844	0
2845	3
2846	0
2847	3
2848	2
2849	0
2850	1
2851	0
2852	2
2853	3
2854	3
2855	2
2856	2
2857	2
2858	3
2859	2
2860	0
2861	3
2862	3
2863	2
2864	3
2865	0
2866	0
2867	1
2868	2
2869	3
2870	0
2871	3
2872	2
2873	3
2874	2
2875	1
2876	2
2877	0
2878	0
2879	3
2880	3
2881	0
2882	3
2883	3
2884	2
2885	3
2886	0
2887	3
2888	3
2889	2
2890	3
2891	0
2892	3
2893	3
2894	0
2895	3
2896	2
2897	3
2898	3
2899	3
2900	3
2901	3
2902	1
2903	3
2904	3
2905	0
2906	3
2907	3
2908	0
2909	3
2910	3
2911	2
2912	2
2913	0
2914	3
2915	0
2916	3
2917	3
2918	2
2919	1
2920	2
2921	0
2922	3
2923	0
2924	2
2925	3
2926	3
2927	2
2928	3
2929	3
2930	3
2931	0
2932	1
2933	3
2934	0
2935	2
2936	2
2937	1
2938	3
2939	0
2940	3
2941	0
2942	3
2943	3
2944	0
2945	3
2946	0
2947	3
2948	3
2949	3
2950	3
2951	3
2952	3
2953	1
2954	0
2955	3
2956	3
2957	2
2958	3
2959	2
2960	0
2961	3
2962	3
2963	2
2964	3
2965	3
2966	3
2967	3
2968	0
2969	3
2970	0
2971	3
2972	3
2973	2
2974	3
2975	3
2976	0
2977	2
2978	0
2979	3
2980	3
2981	3
2982	0
2983	1
2984	1
2985	3
2986	3
2987	0
2988	3
2989	0
2990	3
2991	3
2992	3
2993	1
2994	3
2995	0
2996	2
2997	3
2998	3
2999	2
3000	3
3001	2
3002	0
3003	1
3004	3
3005	0
3006	0
3007	1
3008	0
3009	0
3010	3
3011	0
3012	2
3013	0
3014	3
3015	2
3016	3
3017	1
3018	3
3019	0
3020	2
3021	0
3022	3
3023	2
3024	2
3025	2
3026	3
3027	0
3028	2
3029	2
3030	3
3031	2
3032	2
3033	0
3034	3
3035	0
3036	3
3037	3
3038	0
3039	2
3040	0
3041	0
3042	3
3043	0
3044	2
3045	3
3046	3
3047	3
3048	2
3049	0
3050	3
3051	2
3052	2
3053	3
3054	3
3055	0
3056	2
3057	1
3058	0
3059	1
3060	3
3061	3
3062	3
3063	0
3064	2
3065	0
3066	0
3067	3
3068	0
3069	3
3070	3
3071	3
3072	0
3073	3
3074	3
3075	2
3076	1
3077	1
3078	0
3079	2
3080	3
3081	0
3082	3
3083	1
3084	3
3085	1
3086	3
3087	3
3088	3
3089	3
3090	2
3091	2
3092	2
3093	1
3094	2
3095	2
3096	3
3097	3
3098	2
3099	1
3100	2
3101	2
3102	0
3103	3
3104	2
3105	2
3106	2
3107	2
3108	2
3109	2
3110	1
3111	1
3112	3
3113	0
3114	0
3115	3
3116	3
3117	3
3118	0
3119	2
3120	3
3121	2
3122	3
3123	2
3124	3
3125	0
3126	0
3127	3
3128	3
3129	2
3130	3
3131	3
3132	3
3133	1
3134	0
3135	0
3136	2
3137	3
3138	3
3139	0
3140	3
3141	3
3142	0
3143	3
3144	2
3145	3
3146	2
3147	3
3148	2
3149	1
3150	1
3151	1
3152	2
3153	3
3154	3
3155	3
3156	3
3157	2
3158	3
3159	1
3160	3
3161	3
3162	3
3163	3
3164	0
3165	3
3166	0
3167	0
3168	2
3169	2
3170	3
3171	1
3172	3
3173	2
3174	0
3175	2
3176	2
3177	0
3178	3
3179	1
3180	2
3181	0
3182	0
3183	1
3184	3
3185	3
3186	1
3187	3
3188	3
3189	2
3190	1
3191	2
3192	3
3193	3
3194	3
3195	2
3196	3
3197	2
3198	3
3199	2
3200	2
3201	2
3202	3
3203	3
3204	2
3205	3
3206	3
3207	1
3208	3
3209	2
3210	1
3211	1
3212	3
3213	2
3214	3
3215	3
3216	0
3217	3
3218	0
3219	0
3220	1
3221	0
3222	1
3223	0
3224	2
3225	2
3226	0
3227	1
3228	2
3229	0
3230	3
3231	0
3232	2
3233	1
3234	2
3235	2
3236	3
3237	3
3238	0
3239	0
3240	0
3241	1
3242	0
3243	3
3244	3
3245	0
3246	3
3247	0
3248	2
3249	2
3250	0
3251	2
3252	0
3253	1
3254	3
3255	1
3256	0
3257	0
3258	3
3259	2
3260	2
3261	1
3262	3
3263	2
3264	0
3265	3
3266	2
3267	2
3268	3
3269	2
3270	3
3271	2
3272	0
3273	3
3274	0
3275	3
3276	2
3277	0
3278	3
3279	2
3280	0
3281	3
3282	0
3283	0
3284	2
3285	2
3286	2
3287	3
3288	3
3289	3
3290	1
3291	2
3292	0
3293	2
3294	3
3295	2
3296	3
3297	2
3298	0
3299	1
3300	3
3301	0
3302	2
3303	3
3304	2
3305	1
3306	0
3307	3
3308	3
3309	3
3310	2
3311	2
3312	1
3313	2
3314	1
3315	1
3316	0
3317	0
3318	3
3319	0
3320	0
3321	0
3322	2
3323	2
3324	1
3325	2
3326	3
3327	3
3328	3
3329	3
3330	3
3331	3
3332	0
3333	2
3334	2
3335	3
3336	2
3337	2
3338	3
3339	2
3340	0
3341	0
3342	3
3343	2
3344	3
3345	2
3346	3
3347	0
3348	3
3349	2
3350	3
3351	1
3352	3
3353	3
3354	3
3355	3
3356	0
3357	2
3358	0
3359	1
3360	0
3361	3
3362	0
3363	1
3364	2
3365	2
3366	2
3367	3
3368	2
3369	1
3370	3
3371	3
3372	3
3373	0
3374	3
3375	3
3376	3
3377	2
3378	3
3379	3
3380	3
3381	0
3382	3
3383	3
3384	0
3385	3
3386	1
3387	2
3388	3
3389	2
3390	3
3391	1
3392	2
3393	2
3394	3
3395	1
3396	2
3397	2
3398	0
3399	2
3400	2
3401	1
3402	2
3403	3
3404	2
3405	0
3406	3
3407	3
3408	2
3409	0
3410	3
3411	0
3412	2
3413	1
3414	3
3415	3
3416	1
3417	0
3418	3
3419	3
3420	2
3421	3
3422	1
3423	3
3424	0
3425	2
3426	3
3427	2
3428	2
3429	0
3430	3
3431	3
3432	2
3433	3
3434	3
3435	3
3436	3
3437	3
3438	3
3439	3
3440	3
3441	3
3442	2
3443	3
3444	3
3445	2
3446	0
3447	0
3448	0
3449	1
3450	3
3451	2
3452	0
3453	1
3454	3
3455	3
3456	3
3457	3
3458	3
3459	2
3460	3
3461	2
3462	2
3463	0
3464	2
3465	0
3466	0
3467	2
3468	3
3469	0
3470	3
3471	0
3472	0
3473	0
3474	3
3475	2
3476	3
3477	0
3478	2
3479	0
3480	0
3481	2
3482	2
3483	2
3484	0
3485	0
3486	2
3487	3
3488	2
3489	3
3490	3
3491	2
3492	2
3493	2
3494	0
3495	2
3496	2
3497	1
3498	3
3499	3
3500	2
3501	0
3502	0
3503	3
3504	1
3505	2
3506	1
3507	2
3508	2
3509	3
3510	3
3511	3
3512	2
3513	1
3514	1
3515	3
3516	3
3517	1
3518	2
3519	0
3520	3
3521	3
3522	3
3523	3
3524	2
3525	0
3526	3
3527	3
3528	2
3529	3
3530	3
3531	3
3532	3
3533	0
3534	3
3535	1
3536	3
3537	2
3538	3
3539	3
3540	3
3541	2
3542	3
3543	0
3544	2
3545	3
3546	2
3547	3
3548	3
3549	1
3550	3
3551	3
3552	3
3553	2
3554	3
3555	2
3556	3
3557	2
3558	2
3559	0
3560	0
3561	0
3562	3
3563	2
3564	2
3565	0
3566	3
3567	3
3568	0
3569	2
3570	3
3571	2
3572	2
3573	0
3574	3
3575	2
3576	0
3577	0
3578	3
3579	3
3580	2
3581	2
3582	2
3583	3
3584	3
3585	1
3586	0
3587	3
3588	3
3589	0
3590	3
3591	3
3592	0
3593	0
3594	0
3595	3
3596	1
3597	3
3598	2
3599	2
3600	3
3601	0
3602	3
3603	1
3604	2
3605	2
3606	0
3607	2
3608	2
3609	0
3610	0
3611	2
3612	3
3613	0
3614	2
3615	3
3616	0
3617	3
3618	3
3619	3
3620	1
3621	1
3622	3
3623	2
3624	1
3625	3
3626	3
3627	3
3628	2
3629	2
3630	2
3631	2
3632	0
3633	2
3634	3
3635	3
3636	3
3637	2
3638	3
3639	2
3640	0
3641	3
3642	3
3643	3
3644	3
3645	2
3646	0
3647	0
3648	3
3649	2
3650	2
3651	3
3652	0
3653	2
3654	0
3655	0
3656	1
3657	2
3658	2
3659	2
3660	3
3661	1
3662	1
3663	2
3664	1
3665	1
3666	2
3667	0
3668	1
3669	2
3670	3
3671	2
3672	1
3673	3
3674	3
3675	3
3676	1
3677	2
3678	3
3679	3
3680	1
3681	2
3682	0
3683	0
3684	3
3685	1
3686	3
3687	2
3688	1
3689	2
3690	3
3691	3
3692	3
3693	2
3694	2
3695	3
3696	3
3697	0
3698	3
3699	3
3700	0
3701	1
3702	0
3703	0
3704	3
3705	3
3706	0
3707	3
3708	0
3709	2
3710	2
3711	0
3712	2
3713	3
3714	3
3715	1
3716	1
3717	0
3718	2
3719	3
3720	2
3721	2
3722	3
3723	2
3724	2
3725	0
3726	3
3727	2
3728	0
3729	0
3730	1
3731	3
3732	3
3733	3
3734	2
3735	3
3736	2
3737	1
3738	3
3739	3
3740	2
3741	0
3742	3
3743	0
3744	1
3745	2
3746	3
3747	2
3748	0
3749	2
3750	3
3751	2
3752	1
3753	2
3754	3
3755	3
3756	1
3757	2
3758	3
3759	3
3760	0
3761	3
3762	3
3763	0
3764	1
3765	2
3766	1
3767	2
3768	3
3769	2
3770	2
3771	3
3772	3
3773	2
3774	2
3775	0
3776	2
3777	0
3778	0
3779	0
3780	0
3781	1
3782	1
3783	2
3784	0
3785	0
3786	3
3787	0
3788	2
3789	0
3790	3
3791	1
3792	2
3793	0
3794	2
3795	0
3796	3
3797	0
3798	3
3799	1
3800	3
3801	3
3802	1
3803	3
3804	2
3805	0
3806	1
3807	2
3808	3
3809	1
3810	2
3811	2
3812	2
3813	3
3814	0
3815	0
3816	1
3817	1
3818	3
3819	0
3820	2
3821	0
3822	0
3823	2
3824	3
3825	2
3826	3
3827	0
3828	2
3829	2
3830	3
3831	0
3832	3
3833	2
3834	3
3835	0
3836	0
3837	2
3838	1
3839	1
3840	3
3841	3
3842	0
3843	3
3844	3
3845	2
3846	0
3847	2
3848	2
3849	3
3850	3
3851	2
3852	3
3853	2
3854	1
3855	3
3856	3
3857	3
3858	2
3859	3
3860	2
3861	2
3862	2
3863	0
3864	0
3865	3
3866	3
3867	2
3868	2
3869	2
3870	3
3871	0
3872	0
3873	2
3874	3
3875	1
3876	3
3877	3
3878	2
3879	0
3880	3
3881	2
3882	3
3883	1
3884	3
3885	2
3886	3
3887	1
3888	0
3889	2
3890	2
3891	1
3892	3
3893	3
3894	0
3895	3
3896	2
3897	3
3898	3
3899	3
3900	3
3901	2
3902	0
3903	2
3904	2
3905	2
3906	3
3907	1
3908	0
3909	2
3910	2
3911	1
3912	2
3913	2
3914	3
3915	0
3916	0
3917	2
3918	3
3919	2
3920	1
3921	0
3922	3
3923	3
3924	0
3925	0
3926	0
3927	0
3928	2
3929	0
3930	3
3931	2
3932	2
3933	2
3934	2
3935	0
3936	3
3937	0
3938	2
3939	1
3940	0
3941	2
3942	0
3943	0
3944	0
3945	0
3946	2
3947	0
3948	2
3949	1
3950	0
3951	3
3952	0
3953	0
3954	3
3955	3
3956	3
3957	2
3958	0
3959	2
3960	2
3961	0
3962	2
3963	3
3964	3
3965	2
3966	0
3967	2
3968	0
3969	2
3970	3
3971	1
3972	3
3973	1
3974	0
3975	3
3976	1
3977	2
3978	0
3979	3
3980	3
3981	2
3982	3
3983	3
3984	2
3985	2
3986	1
3987	3
3988	3
3989	2
3990	3
3991	2
3992	0
3993	2
3994	2
3995	3
3996	1
3997	2
3998	0
3999	2
4000	2
4001	3
4002	0
4003	1
4004	2
4005	1
4006	3
4007	3
4008	0
4009	3
4010	3
4011	2
4012	3
4013	2
4014	3
4015	3
4016	0
4017	0
4018	0
4019	3
4020	1
4021	2
4022	2
4023	3
4024	3
4025	3
4026	2
4027	1
4028	3
4029	2
4030	1
4031	3
4032	2
4033	1
4034	0
4035	2
4036	3
4037	3
4038	0
4039	2
4040	0
4041	3
4042	2
4043	2
4044	2
4045	2
4046	0
4047	3
4048	3
4049	2
4050	0
4051	3
4052	3
4053	0
4054	0
4055	3
4056	2
4057	3
4058	3
4059	2
4060	2
4061	0
4062	0
4063	0
4064	0
4065	1
4066	0
4067	3
4068	3
4069	3
4070	3
4071	3
4072	2
4073	3
4074	3
4075	3
4076	3
4077	2
4078	0
4079	3
4080	3
4081	0
4082	2
4083	3
4084	3
4085	3
4086	3
4087	2
4088	2
4089	3
4090	2
4091	3
4092	0
4093	0
4094	1
4095	3
4096	1
4097	2
4098	2
4099	1
4100	2
4101	3
4102	0
4103	0
4104	1
4105	3
4106	2
4107	3
4108	2
4109	3
4110	0
4111	0
4112	0
4113	2
4114	1
4115	2
4116	3
4117	3
4118	2
4119	0
4120	2
4121	3
4122	1
4123	3
4124	2
4125	3
4126	2
4127	0
4128	3
4129	0
4130	0
4131	2
4132	2
4133	0
4134	2
4135	2
4136	2
4137	3
4138	1
4139	0
4140	2
4141	3
4142	1
4143	1
4144	2
4145	0
4146	0
4147	3
4148	2
4149	3
4150	3
4151	2
4152	3
4153	0
4154	2
4155	2
4156	2
4157	3
4158	1
4159	0
4160	0
4161	2
4162	0
4163	2
4164	2
4165	2
4166	3
4167	2
4168	3
4169	0
4170	0
4171	2
4172	2
4173	3
4174	3
4175	2
4176	3
4177	3
4178	2
4179	2
4180	3
4181	3
4182	2
4183	1
4184	0
4185	1
4186	2
4187	3
4188	1
4189	0
4190	2
4191	3
4192	3
4193	2
4194	2
4195	0
4196	2
4197	3
4198	0
4199	2
4200	0
4201	2
4202	0
4203	2
4204	2
4205	3
4206	2
4207	1
4208	1
4209	3
4210	2
4211	2
4212	1
4213	3
4214	2
4215	1
4216	2
4217	2
4218	0
4219	1
4220	2
4221	3
4222	2
4223	3
4224	1
4225	0
4226	0
4227	1
4228	2
4229	0
4230	2
4231	0
4232	3
4233	1
4234	0
4235	2
4236	2
4237	3
4238	2
4239	3
4240	3
4241	0
4242	0
4243	3
4244	2
4245	0
4246	3
4247	3
4248	3
4249	1
4250	1
4251	3
4252	3
4253	2
4254	1
4255	3
4256	3
4257	0
4258	2
4259	0
4260	3
4261	3
4262	2
4263	3
4264	1
4265	1
4266	0
4267	0
4268	0
4269	2
4270	3
4271	2
4272	0
4273	0
4274	2
4275	3
4276	3
4277	3
4278	0
4279	3
4280	2
4281	3
4282	0
4283	3
4284	2
4285	2
4286	0
4287	0
4288	0
4289	3
4290	2
4291	2
4292	2
4293	2
4294	2
4295	0
4296	3
4297	2
4298	0
4299	2
4300	2
4301	2
4302	2
4303	3
4304	2
4305	0
4306	0
4307	2
4308	3
4309	3
4310	2
4311	3
4312	3
4313	2
4314	2
4315	2
4316	2
4317	3
4318	1
4319	3
4320	2
4321	0
4322	2
4323	1
4324	3
4325	2
4326	0
4327	3
4328	2
4329	1
4330	0
4331	3
4332	3
4333	0
4334	0
4335	3
4336	2
4337	2
4338	2
4339	2
4340	2
4341	3
4342	1
4343	0
4344	3
4345	0
4346	3
4347	1
4348	2
4349	1
4350	2
4351	3
4352	0
4353	1
4354	3
4355	0
4356	0
4357	0
4358	2
4359	0
4360	0
4361	3
4362	3
4363	0
4364	2
4365	0
4366	2
4367	2
4368	0
4369	0
4370	3
4371	0
4372	2
4373	0
4374	2
4375	0
4376	0
4377	1
4378	2
4379	0
4380	2
4381	1
4382	3
4383	0
4384	0
4385	0
4386	3
4387	2
4388	2
4389	0
4390	2
4391	3
4392	1
4393	0
4394	2
4395	0
4396	0
4397	0
4398	2
4399	2
4400	2
4401	3
4402	3
4403	3
4404	2
4405	1
4406	2
4407	3
4408	0
4409	2
4410	3
4411	2
4412	3
4413	2
4414	3
4415	2
4416	2
4417	0
4418	0
4419	2
4420	0
4421	2
4422	2
4423	3
4424	3
4425	3
4426	0
4427	0
4428	2
4429	2
4430	2
4431	3
4432	0
4433	3
4434	0
4435	3
4436	1
4437	0
4438	2
4439	2
4440	1
4441	3
4442	0
4443	3
4444	1
4445	2
4446	2
4447	3
4448	2
4449	3
4450	0
4451	0
4452	0
4453	3
4454	3
4455	0
4456	2
4457	3
4458	2
4459	0
4460	3
4461	0
4462	3
4463	3
4464	3
4465	3
4466	0
4467	2
4468	0
4469	2
4470	2
4471	3
4472	2
4473	3
4474	3
4475	2
4476	2
4477	3
4478	3
4479	3
4480	0
4481	1
4482	3
4483	0
4484	0
4485	0
4486	0
4487	0
4488	0
4489	2
4490	3
4491	0
4492	1
4493	2
4494	1
4495	0
4496	0
4497	2
4498	2
4499	0
4500	2
4501	0
4502	0
4503	3
4504	1
4505	3
4506	2
4507	0
4508	0
4509	2
4510	3
4511	0
4512	2
4513	0
4514	2
4515	0
4516	1
4517	3
4518	2
4519	2
4520	3
4521	0
4522	3
4523	0
4524	2
4525	2
4526	3
4527	3
4528	2
4529	0
4530	2
4531	2
4532	2
4533	1
4534	2
4535	0
4536	2
4537	0
4538	2
4539	0
4540	0
4541	0
4542	0
4543	0
4544	1
4545	2
4546	2
4547	1
4548	3
4549	0
4550	3
4551	0
4552	2
4553	0
4554	1
4555	2
4556	2
4557	0
4558	2
4559	0
4560	0
4561	0
4562	2
4563	2
4564	2
4565	3
4566	1
4567	3
4568	2
4569	0
4570	2
4571	2
4572	2
4573	2
4574	2
4575	3
4576	2
4577	0
4578	0
4579	1
4580	3
4581	3
4582	2
4583	0
4584	2
4585	0
4586	2
4587	1
4588	3
4589	2
4590	0
4591	0
4592	0
4593	0
4594	3
4595	0
4596	2
4597	3
4598	2
4599	3
4600	2
4601	0
4602	0
4603	1
4604	2
4605	2
4606	0
4607	0
4608	3
4609	0
4610	2
4611	2
4612	2
4613	0
4614	3
4615	3
4616	3
4617	1
4618	3
4619	0
4620	2
4621	0
4622	3
4623	0
4624	3
4625	3
4626	0
4627	3
4628	2
4629	0
4630	2
4631	0
4632	3
4633	3
4634	1
4635	3
4636	2
4637	0
4638	3
4639	0
4640	3
4641	3
4642	3
4643	0
4644	0
4645	0
4646	2
4647	0
4648	3
4649	0
4650	3
4651	3
4652	2
4653	1
4654	2
4655	1
4656	3
4657	2
4658	3
4659	3
4660	2
4661	3
4662	2
4663	3
4664	3
4665	3
4666	3
4667	3
4668	3
4669	1
4670	3
4671	3
4672	3
4673	3
4674	2
4675	2
4676	3
4677	0
4678	1
4679	2
4680	3
4681	0
4682	3
4683	3
4684	1
4685	2
4686	2
4687	0
4688	3
4689	3
4690	3
4691	3
4692	3
4693	3
4694	2
4695	2
4696	3
4697	3
4698	3
4699	1
4700	3
4701	3
4702	3
4703	2
4704	3
4705	3
4706	3
4707	1
4708	0
4709	3
4710	0
4711	3
4712	2
4713	0
4714	3
4715	0
4716	0
4717	2
4718	0
4719	1
4720	3
4721	3
4722	3
4723	0
4724	2
4725	2
4726	3
4727	0
4728	3
4729	0
4730	3
4731	0
4732	3
4733	0
4734	2
4735	3
4736	0
4737	3
4738	1
4739	3
4740	2
4741	0
4742	0
4743	2
4744	2
4745	3
4746	2
4747	3
4748	3
4749	1
4750	3
4751	3
4752	3
4753	0
4754	0
4755	0
4756	2
4757	0
4758	3
4759	2
4760	2
4761	2
4762	2
4763	0
4764	3
4765	0
4766	3
4767	1
4768	3
4769	2
4770	2
4771	3
4772	2
4773	1
4774	0
4775	0
4776	0
4777	2
4778	0
4779	3
4780	0
4781	0
4782	0
4783	2
4784	3
4785	3
4786	3
4787	2
4788	2
4789	2
4790	0
4791	1
4792	3
4793	0
4794	3
4795	3
4796	0
4797	2
4798	1
4799	3
4800	2
4801	3
4802	0
4803	1
4804	0
4805	2
4806	3
4807	1
4808	0
4809	3
4810	2
4811	2
4812	0
4813	2
4814	0
4815	2
4816	3
4817	2
4818	2
4819	0
4820	2
4821	3
4822	3
4823	2
4824	0
4825	0
4826	2
4827	1
4828	0
4829	1
4830	3
4831	3
4832	2
4833	0
4834	0
4835	0
4836	0
4837	3
4838	3
4839	3
4840	2
4841	2
4842	1
4843	0
4844	1
4845	3
4846	2
4847	1
4848	0
4849	0
4850	0
4851	3
4852	0
4853	2
4854	0
4855	3
4856	3
4857	0
4858	0
4859	0
4860	3
4861	0
4862	2
4863	3
4864	1
4865	0
4866	0
4867	0
4868	3
4869	0
4870	3
4871	2
4872	3
4873	0
4874	2
4875	0
4876	2
4877	0
4878	0
4879	1
4880	0
4881	3
4882	0
4883	0
4884	1
4885	1
4886	3
4887	2
4888	1
4889	3
4890	1
4891	0
4892	3
4893	0
4894	0
4895	0
4896	3
4897	3
4898	3
4899	2
4900	2
4901	0
4902	3
4903	2
4904	0
4905	2
4906	0
4907	3
4908	2
4909	0
4910	2
4911	2
4912	3
4913	2
4914	0
4915	2
4916	3
4917	0
4918	2
4919	1
4920	3
4921	0
4922	0
4923	3
4924	0
4925	0
4926	3
4927	0
4928	2
4929	1
4930	0
4931	2
4932	2
4933	1
4934	2
4935	3
4936	2
4937	3
4938	0
4939	3
4940	1
4941	0
4942	2
4943	2
4944	2
4945	3
4946	2
4947	3
4948	2
4949	3
4950	2
4951	2
4952	3
4953	0
4954	0
4955	0
4956	3
4957	1
4958	2
4959	2
4960	3
4961	2
4962	0
4963	3
4964	1
4965	0
4966	0
4967	2
4968	3
4969	0
4970	0
4971	2
4972	0
4973	2
4974	3
4975	1
4976	0
4977	3
4978	1
4979	3
4980	2
4981	2
4982	3
4983	0
4984	3
4985	3
4986	0
4987	2
4988	2
4989	2
4990	3
4991	2
4992	0
4993	3
4994	3
4995	2
4996	2
4997	0
4998	2
4999	3
5000	1
5001	3
5002	3
5003	0
5004	2
5005	2
5006	3
5007	2
5008	2
5009	2
5010	0
5011	3
5012	2
5013	2
5014	0
5015	0
5016	3
5017	2
5018	1
5019	1
5020	1
5021	3
5022	0
5023	2
5024	3
5025	0
5026	1
5027	1
5028	2
5029	1
5030	1
5031	2
5032	3
5033	0
5034	0
5035	2
5036	0
5037	2
5038	0
5039	0
5040	3
5041	3
5042	1
5043	0
5044	3
5045	2
5046	2
5047	3
5048	2
5049	0
5050	0
5051	2
5052	3
5053	2
5054	3
5055	2
5056	3
5057	1
5058	0
5059	3
5060	2
5061	0
5062	2
5063	0
5064	3
5065	3
5066	3
5067	3
5068	3
5069	0
5070	3
5071	2
5072	3
5073	3
5074	0
5075	3
5076	3
5077	3
5078	3
5079	2
5080	3
5081	2
5082	2
5083	3
5084	2
5085	3
5086	2
5087	0
5088	3
5089	2
5090	2
5091	0
5092	3
5093	3
5094	2
5095	1
5096	3
5097	3
5098	0
5099	3
5100	2
5101	2
5102	3
5103	2
5104	3
5105	2
5106	1
5107	1
5108	2
5109	0
5110	2
5111	0
5112	3
5113	3
5114	3
5115	2
5116	2
5117	3
5118	3
5119	3
5120	3
5121	3
5122	1
5123	0
5124	3
5125	0
5126	0
5127	3
5128	3
5129	1
5130	2
5131	3
5132	3
5133	3
5134	0
5135	3
5136	2
5137	2
5138	0
5139	3
5140	3
5141	0
5142	2
5143	3
5144	0
5145	0
5146	0
5147	2
5148	3
5149	0
5150	2
5151	1
5152	3
5153	3
5154	0
5155	0
5156	3
5157	0
5158	2
5159	3
5160	1
5161	1
5162	2
5163	3
5164	3
5165	2
5166	2
5167	3
5168	1
5169	1
5170	2
5171	3
5172	2
5173	2
5174	1
5175	0
5176	1
5177	3
5178	1
5179	3
5180	2
5181	3
5182	0
5183	0
5184	3
5185	2
5186	2
5187	3
5188	2
5189	2
5190	2
5191	0
5192	3
5193	3
5194	2
5195	0
5196	2
5197	2
5198	3
5199	0
5200	3
5201	1
5202	2
5203	3
5204	2
5205	2
5206	3
5207	3
5208	3
5209	0
5210	0
5211	3
5212	3
5213	1
5214	2
5215	2
5216	2
5217	0
5218	1
5219	3
5220	3
5221	0
5222	0
5223	2
5224	2
5225	0
5226	1
5227	3
5228	3
5229	3
5230	0
5231	2
5232	0
5233	3
5234	0
5235	0
5236	3
5237	3
5238	2
5239	2
5240	3
5241	3
5242	3
5243	0
5244	2
5245	0
5246	3
5247	2
5248	3
5249	3
5250	2
5251	2
5252	2
5253	1
5254	2
5255	2
5256	2
5257	0
5258	3
5259	2
5260	3
5261	0
5262	2
5263	0
5264	2
5265	3
5266	0
5267	0
5268	3
5269	2
5270	3
5271	1
5272	2
5273	2
5274	0
5275	3
5276	2
5277	3
5278	3
5279	0
5280	3
5281	0
5282	0
5283	0
5284	2
5285	0
5286	1
5287	3
5288	0
5289	0
5290	0
5291	0
5292	3
5293	3
5294	0
5295	0
5296	0
5297	3
5298	0
5299	3
5300	2
5301	0
5302	2
5303	3
5304	0
5305	3
5306	3
5307	3
5308	3
5309	0
5310	0
5311	2
5312	2
5313	2
5314	1
5315	0
5316	3
5317	3
5318	2
5319	2
5320	2
5321	1
5322	1
5323	0
5324	2
5325	1
5326	1
5327	0
5328	2
5329	3
5330	0
5331	3
5332	3
5333	2
5334	3
5335	3
5336	2
5337	3
5338	1
5339	1
5340	3
5341	3
5342	3
5343	2
5344	1
5345	3
5346	1
5347	3
5348	2
5349	1
5350	2
5351	2
5352	1
5353	3
5354	2
5355	3
5356	2
5357	0
5358	2
5359	2
5360	0
5361	3
5362	0
5363	3
5364	3
5365	2
5366	2
5367	3
5368	2
5369	0
5370	0
5371	0
5372	3
5373	2
5374	2
5375	0
5376	2
5377	3
5378	2
5379	3
5380	2
5381	2
5382	2
5383	0
5384	3
5385	0
5386	2
5387	3
5388	2
5389	3
5390	3
5391	1
5392	2
5393	2
5394	0
5395	0
5396	3
5397	1
5398	0
5399	2
5400	2
5401	1
5402	0
5403	3
5404	0
5405	2
5406	3
5407	2
5408	2
5409	3
5410	2
5411	2
5412	1
5413	1
5414	0
5415	3
5416	3
5417	3
5418	0
5419	3
5420	3
5421	2
5422	0
5423	2
5424	2
5425	3
5426	0
5427	2
5428	3
5429	3
5430	3
5431	3
5432	2
5433	3
5434	2
5435	3
5436	3
5437	2
5438	2
5439	3
5440	2
5441	3
5442	0
5443	3
5444	2
5445	2
5446	0
5447	2
5448	2
5449	3
5450	1
5451	3
5452	3
5453	3
5454	2
5455	2
5456	0
5457	3
5458	1
5459	0
5460	2
5461	3
5462	2
5463	3
5464	2
5465	2
5466	2
5467	3
5468	2
5469	3
5470	3
5471	3
5472	3
5473	0
5474	2
5475	0
5476	2
5477	3
5478	3
5479	3
5480	2
5481	1
5482	1
5483	0
5484	3
5485	3
5486	2
5487	3
5488	3
5489	3
5490	0
5491	0
5492	3
5493	0
5494	3
5495	3
5496	3
5497	1
5498	3
5499	0
5500	3
5501	2
5502	1
5503	3
5504	1
5505	2
5506	3
5507	3
5508	2
5509	2
5510	0
5511	0
5512	3
5513	2
5514	3
5515	3
5516	3
5517	0
5518	3
5519	3
5520	1
5521	2
5522	3
5523	3
5524	3
5525	3
5526	0
5527	1
5528	3
5529	2
5530	3
5531	3
5532	2
5533	2
5534	2
5535	3
5536	0
5537	0
5538	0
5539	2
5540	2
5541	3
5542	2
5543	2
5544	2
5545	2
5546	3
5547	2
5548	2
5549	2
5550	1
5551	2
5552	0
5553	0
5554	0
5555	3
5556	3
5557	3
5558	2
5559	3
5560	2
5561	1
5562	0
5563	3
5564	3
5565	3
5566	1
5567	2
5568	2
5569	3
5570	2
5571	2
5572	1
5573	0
5574	3
5575	1
5576	3
5577	2
5578	1
5579	3
5580	1
5581	2
5582	0
5583	3
5584	0
5585	3
5586	0
5587	3
5588	2
5589	2
5590	3
5591	0
5592	2
5593	1
5594	1
5595	3
5596	2
5597	2
5598	2
5599	0
5600	2
5601	1
5602	1
5603	0
5604	2
5605	3
5606	3
5607	1
5608	2
5609	3
5610	1
5611	2
5612	2
5613	0
5614	0
5615	0
5616	2
5617	1
5618	0
5619	2
5620	2
5621	0
5622	2
5623	0
5624	2
5625	2
5626	3
5627	2
5628	2
5629	2
5630	2
5631	1
5632	3
5633	0
5634	3
5635	3
5636	0
5637	0
5638	0
5639	2
5640	3
5641	3
5642	0
5643	1
5644	2
5645	3
5646	2
5647	0
5648	3
5649	2
5650	3
5651	1
5652	2
5653	2
5654	2
5655	2
5656	3
5657	3
5658	0
5659	3
5660	3
5661	2
5662	1
5663	2
5664	2
5665	2
5666	0
5667	0
5668	2
5669	3
5670	3
5671	1
5672	2
5673	2
5674	3
5675	3
5676	2
5677	2
5678	2
5679	3
5680	3
5681	2
5682	0
5683	0
5684	3
5685	2
5686	0
5687	3
5688	3
5689	0
5690	0
5691	2
5692	3
5693	2
5694	2
5695	2
5696	2
5697	3
5698	2
5699	2
5700	3
5701	2
5702	3
5703	3
5704	3
5705	2
5706	2
5707	3
5708	3
5709	0
5710	2
5711	2
5712	2
5713	0
5714	0
5715	3
5716	3
5717	3
5718	1
5719	2
5720	3
5721	1
5722	1
5723	1
5724	3
5725	0
5726	2
5727	2
5728	1
5729	3
5730	2
5731	3
5732	2
5733	3
5734	1
5735	2
5736	3
5737	2
5738	0
5739	2
5740	3
5741	3
5742	3
5743	2
5744	2
5745	3
5746	0
5747	2
5748	3
5749	2
5750	2
5751	2
5752	3
5753	2
5754	2
5755	0
5756	2
5757	3
5758	3
5759	0
5760	2
5761	3
5762	2
5763	0
5764	3
5765	0
5766	0
5767	3
5768	2
5769	1
5770	0
5771	0
5772	3
5773	3
5774	2
5775	0
5776	0
5777	1
5778	0
5779	0
5780	3
5781	0
5782	2
5783	0
5784	0
5785	3
5786	0
5787	0
5788	3
5789	0
5790	0
5791	0
5792	1
5793	2
5794	0
5795	0
5796	2
5797	3
5798	3
5799	3
5800	0
5801	3
5802	0
5803	0
5804	0
5805	2
5806	2
5807	0
5808	1
5809	2
5810	0
5811	2
5812	2
5813	2
5814	3
5815	2
5816	2
5817	3
5818	0
5819	2
5820	2
5821	3
5822	3
5823	0
5824	2
5825	1
5826	0
5827	0
5828	2
5829	3
5830	0
5831	0
5832	3
5833	1
5834	0
5835	0
5836	2
5837	3
5838	2
5839	0
5840	3
5841	1
5842	0
5843	3
5844	2
5845	3
5846	2
5847	0
5848	3
5849	3
5850	0
5851	0
5852	2
5853	3
5854	2
5855	0
5856	2
5857	3
5858	0
5859	1
5860	1
5861	1
5862	2
5863	0
5864	2
5865	3
5866	0
5867	0
5868	2
5869	3
5870	2
5871	0
5872	2
5873	3
5874	3
5875	3
5876	2
5877	3
5878	3
5879	1
5880	2
5881	1
5882	0
5883	0
5884	3
5885	0
5886	2
5887	0
5888	2
5889	2
5890	0
5891	3
5892	2
5893	2
5894	3
5895	2
5896	3
5897	2
5898	0
5899	0
5900	2
5901	2
5902	3
5903	3
5904	2
5905	3
5906	0
5907	3
5908	3
5909	3
5910	2
5911	2
5912	2
5913	2
5914	0
5915	3
5916	2
5917	3
5918	3
5919	2
5920	2
5921	2
5922	1
5923	0
5924	3
5925	1
5926	2
5927	2
5928	1
5929	2
5930	3
5931	0
5932	2
5933	3
5934	2
5935	3
5936	1
5937	2
5938	0
5939	0
5940	2
5941	2
5942	2
5943	3
5944	1
5945	3
5946	0
5947	3
5948	2
5949	3
5950	2
5951	3
5952	2
5953	2
5954	0
5955	2
5956	3
5957	3
5958	2
5959	2
5960	0
5961	3
5962	0
5963	0
5964	3
5965	3
5966	2
5967	2
5968	2
5969	0
5970	2
5971	0
5972	2
5973	3
5974	2
5975	2
5976	2
5977	3
5978	0
5979	0
5980	3
5981	0
5982	2
5983	3
5984	0
5985	1
5986	0
5987	0
5988	2
5989	3
5990	3
5991	0
5992	2
5993	2
5994	2
5995	0
5996	2
5997	3
5998	2
5999	0
6000	0
6001	0
6002	0
6003	0
6004	3
6005	3
6006	3
6007	2
6008	2
6009	2
6010	3
6011	0
6012	2
6013	3
6014	2
6015	0
6016	2
6017	3
6018	0
6019	3
6020	0
6021	2
6022	2
6023	0
6024	3
6025	1
6026	0
6027	3
6028	2
6029	2
6030	2
6031	1
6032	2
6033	2
6034	3
6035	3
6036	2
6037	2
6038	0
6039	0
6040	3
6041	3
6042	2
6043	2
6044	2
6045	3
6046	0
6047	3
6048	1
6049	1
6050	0
6051	1
6052	3
6053	3
6054	3
6055	3
6056	2
6057	2
6058	0
6059	2
6060	3
6061	2
6062	1
6063	3
6064	0
6065	3
6066	0
6067	0
6068	2
6069	2
6070	2
6071	2
6072	0
6073	1
6074	0
6075	1
6076	2
6077	3
6078	3
6079	1
6080	2
6081	2
6082	0
6083	2
6084	2
6085	2
6086	2
6087	0
6088	3
6089	3
6090	3
6091	1
6092	2
6093	3
6094	2
6095	2
6096	3
6097	2
6098	0
6099	0
6100	3
6101	3
6102	1
6103	0
6104	2
6105	2
6106	3
6107	2
6108	3
6109	2
6110	1
6111	1
6112	2
6113	2
6114	3
6115	2
6116	2
6117	3
6118	1
6119	0
6120	3
6121	2
6122	2
6123	2
6124	3
6125	1
6126	2
6127	0
6128	0
6129	2
6130	0
6131	2
6132	0
6133	0
6134	2
6135	0
6136	3
6137	2
6138	0
6139	2
6140	2
6141	0
6142	3
6143	0
6144	3
6145	3
6146	2
6147	0
6148	3
6149	1
6150	2
6151	2
6152	0
6153	3
6154	0
6155	0
6156	0
6157	2
6158	2
6159	2
6160	2
6161	3
6162	2
6163	3
6164	2
6165	1
6166	2
6167	2
6168	0
6169	3
6170	3
6171	3
6172	0
6173	0
6174	2
6175	2
6176	3
6177	0
6178	2
6179	2
6180	2
6181	3
6182	2
6183	1
6184	0
6185	3
6186	2
6187	2
6188	0
6189	2
6190	0
6191	2
6192	3
6193	2
6194	0
6195	3
6196	2
6197	2
6198	0
6199	2
6200	0
6201	2
6202	2
6203	3
6204	0
6205	0
6206	0
6207	3
6208	3
6209	3
6210	2
6211	3
6212	1
6213	3
6214	0
6215	2
6216	3
6217	3
6218	2
6219	0
6220	3
6221	0
6222	2
6223	0
6224	0
6225	2
6226	3
6227	1
6228	1
6229	0
6230	1
6231	2
6232	3
6233	2
6234	3
6235	2
6236	0
6237	0
6238	0
6239	3
6240	2
6241	0
6242	0
6243	2
6244	2
6245	3
6246	0
6247	1
6248	3
6249	3
6250	2
6251	3
6252	0
6253	3
6254	1
6255	3
6256	2
6257	0
6258	2
6259	0
6260	3
6261	3
6262	1
6263	2
6264	3
6265	0
6266	2
6267	0
6268	0
6269	3
6270	0
6271	0
6272	3
6273	3
6274	2
6275	3
6276	2
6277	3
6278	1
6279	2
6280	0
6281	3
6282	3
6283	0
6284	0
6285	0
6286	0
6287	1
6288	3
6289	3
6290	0
6291	3
6292	2
6293	3
6294	2
6295	1
6296	2
6297	3
6298	2
6299	0
6300	2
6301	0
6302	2
6303	2
6304	3
6305	3
6306	3
6307	2
6308	0
6309	3
6310	0
6311	2
6312	3
6313	0
6314	3
6315	0
6316	3
6317	3
6318	2
6319	0
6320	2
6321	1
6322	2
6323	0
6324	3
6325	3
6326	1
6327	2
6328	3
6329	3
6330	2
6331	0
6332	2
6333	0
6334	0
6335	0
6336	3
6337	0
6338	0
6339	0
6340	2
6341	2
6342	2
6343	3
6344	2
6345	1
6346	0
6347	1
6348	1
6349	2
6350	0
6351	3
6352	0
6353	2
6354	2
6355	0
6356	2
6357	2
6358	0
6359	2
6360	2
6361	1
6362	2
6363	3
6364	3
6365	3
6366	1
6367	1
6368	3
6369	3
6370	0
6371	3
6372	1
6373	0
6374	0
6375	0
6376	3
6377	0
6378	2
6379	0
6380	1
6381	3
6382	2
6383	3
6384	3
6385	3
6386	2
6387	3
6388	2
6389	3
6390	2
6391	2
6392	3
6393	1
6394	2
6395	3
6396	2
6397	3
6398	2
6399	2
6400	3
6401	3
6402	2
6403	1
6404	2
6405	0
6406	0
6407	3
6408	3
6409	3
6410	2
6411	0
6412	3
6413	0
6414	3
6415	1
6416	2
6417	0
6418	0
6419	1
6420	3
6421	0
6422	2
6423	3
6424	2
6425	3
6426	2
6427	1
6428	1
6429	0
6430	3
6431	0
6432	1
6433	1
6434	2
6435	2
6436	3
6437	3
6438	0
6439	2
6440	2
6441	3
6442	0
6443	3
6444	2
6445	2
6446	3
6447	1
6448	2
6449	1
6450	2
6451	3
6452	3
6453	1
6454	0
6455	1
6456	0
6457	3
6458	3
6459	0
6460	3
6461	2
6462	3
6463	2
6464	3
6465	2
6466	2
6467	0
6468	2
6469	3
6470	3
6471	2
6472	2
6473	2
6474	2
6475	0
6476	2
6477	0
6478	2
6479	0
6480	1
6481	2
6482	3
6483	2
6484	3
6485	0
6486	0
6487	2
6488	1
6489	1
6490	0
6491	3
6492	2
6493	0
6494	2
6495	1
6496	0
6497	3
6498	2
6499	2
6500	0
6501	3
6502	2
6503	2
6504	2
6505	3
6506	2
6507	2
6508	2
6509	2
6510	2
6511	3
6512	3
6513	3
6514	3
6515	0
6516	0
6517	1
6518	3
6519	2
6520	3
6521	3
6522	2
6523	3
6524	2
6525	1
6526	2
6527	3
6528	2
6529	0
6530	2
6531	3
6532	2
6533	0
6534	3
6535	1
6536	3
6537	2
6538	0
6539	1
6540	2
6541	2
6542	3
6543	3
6544	3
6545	2
6546	0
6547	1
6548	2
6549	3
6550	3
6551	2
6552	2
6553	3
6554	0
6555	2
6556	1
6557	0
6558	2
6559	2
6560	3
6561	3
6562	0
6563	3
6564	3
6565	3
6566	2
6567	3
6568	2
6569	3
6570	3
6571	0
6572	3
6573	2
6574	3
6575	2
6576	2
6577	2
6578	2
6579	3
6580	3
6581	2
6582	3
6583	2
6584	0
6585	3
6586	3
6587	3
6588	1
6589	0
6590	3
6591	0
6592	0
6593	1
6594	3
6595	3
6596	2
6597	0
6598	3
6599	3
6600	0
6601	3
6602	2
6603	0
6604	1
6605	3
6606	1
6607	0
6608	0
6609	2
6610	2
6611	3
6612	2
6613	3
6614	2
6615	0
6616	2
6617	2
6618	3
6619	3
6620	2
6621	2
6622	0
6623	2
6624	1
6625	3
6626	3
6627	3
6628	0
6629	0
6630	1
6631	3
6632	3
6633	1
6634	2
6635	2
6636	2
6637	0
6638	3
6639	2
6640	0
6641	2
6642	0
6643	3
6644	2
6645	1
6646	0
6647	3
6648	1
6649	3
6650	0
6651	0
6652	2
6653	0
6654	3
6655	2
6656	3
6657	2
6658	0
6659	3
6660	3
6661	0
6662	2
6663	3
6664	3
6665	3
6666	3
6667	2
6668	3
6669	0
6670	2
6671	3
6672	1
6673	1
6674	0
6675	1
6676	3
6677	0
6678	2
6679	0
6680	1
6681	0
6682	3
6683	1
6684	3
6685	0
6686	0
6687	3
6688	2
6689	0
6690	0
6691	3
6692	3
6693	3
6694	0
6695	0
6696	3
6697	3
6698	2
6699	2
6700	3
6701	0
6702	0
6703	0
6704	2
6705	0
6706	0
6707	3
6708	0
6709	0
6710	0
6711	2
6712	1
6713	1
6714	3
6715	3
6716	0
6717	0
6718	0
6719	3
6720	3
6721	0
6722	3
6723	3
6724	2
6725	0
6726	3
6727	3
6728	2
6729	0
6730	3
6731	3
6732	2
6733	0
6734	3
6735	2
6736	3
6737	2
6738	2
6739	0
6740	3
6741	0
6742	2
6743	2
6744	1
6745	0
6746	2
6747	3
6748	2
6749	0
6750	3
6751	0
6752	0
6753	2
6754	2
6755	3
6756	3
6757	0
6758	0
6759	3
6760	3
6761	0
6762	2
6763	0
6764	2
6765	0
6766	0
6767	2
6768	2
6769	0
6770	2
6771	0
6772	3
6773	0
6774	2
6775	2
6776	1
6777	2
6778	2
6779	2
6780	2
6781	0
6782	2
6783	3
6784	3
6785	3
6786	3
6787	2
6788	2
6789	0
6790	3
6791	0
6792	1
6793	1
6794	3
6795	0
6796	3
6797	0
6798	1
6799	2
6800	0
6801	0
6802	2
6803	1
6804	3
6805	0
6806	2
6807	0
6808	3
6809	0
6810	2
6811	3
6812	1
6813	0
6814	3
6815	3
6816	3
6817	0
6818	0
6819	3
6820	2
6821	0
6822	2
6823	3
6824	2
6825	0
6826	2
6827	2
6828	0
6829	0
6830	3
6831	1
6832	3
6833	0
6834	2
6835	0
6836	2
6837	0
6838	2
6839	2
6840	0
6841	0
6842	2
6843	3
6844	3
6845	0
6846	3
6847	2
6848	2
6849	3
6850	2
6851	3
6852	2
6853	3
6854	2
6855	0
6856	1
6857	0
6858	0
6859	0
6860	3
6861	1
6862	3
6863	3
6864	3
6865	3
6866	0
6867	3
6868	2
6869	0
6870	2
6871	0
6872	3
6873	0
6874	2
6875	3
6876	2
6877	0
6878	3
6879	3
6880	3
6881	0
6882	2
6883	0
6884	2
6885	0
6886	3
6887	2
6888	0
6889	0
6890	2
6891	3
6892	3
6893	0
6894	2
6895	0
6896	2
6897	3
6898	0
6899	1
6900	2
6901	0
6902	2
6903	0
6904	0
6905	0
6906	2
6907	3
6908	2
6909	0
6910	3
6911	0
6912	1
6913	2
6914	3
6915	2
6916	3
6917	1
6918	2
6919	2
6920	3
6921	2
6922	1
6923	3
6924	3
6925	1
6926	3
6927	2
6928	3
6929	3
6930	0
6931	3
6932	3
6933	2
6934	3
6935	2
6936	3
6937	2
6938	3
6939	0
6940	3
6941	3
6942	0
6943	1
6944	0
6945	1
6946	2
6947	2
6948	3
6949	0
6950	0
6951	2
6952	2
6953	0
6954	1
6955	2
6956	3
6957	2
6958	2
6959	2
6960	0
6961	0
6962	0
6963	2
6964	3
6965	2
6966	2
6967	3
6968	2
6969	0
6970	2
6971	3
6972	1
6973	2
6974	3
6975	2
6976	0
6977	3
6978	0
6979	3
6980	1
6981	2
6982	2
6983	2
6984	0
6985	3
6986	0
6987	3
6988	3
6989	3
6990	3
6991	2
6992	0
6993	2
6994	1
6995	3
6996	3
6997	3
6998	2
6999	2
7000	2
7001	2
7002	0
7003	3
7004	2
7005	1
7006	3
7007	2
7008	0
7009	3
7010	0
7011	3
7012	2
7013	0
7014	1
7015	0
7016	2
7017	3
7018	0
7019	3
7020	1
7021	3
7022	2
7023	0
7024	0
7025	0
7026	1
7027	2
7028	3
7029	0
7030	2
7031	3
7032	2
7033	2
7034	0
7035	3
7036	3
7037	1
7038	2
7039	3
7040	0
7041	2
7042	1
7043	2
7044	3
7045	3
7046	0
7047	0
7048	1
7049	2
7050	1
7051	2
7052	3
7053	1
7054	3
7055	2
7056	2
7057	0
7058	3
7059	0
7060	0
7061	3
7062	0
7063	1
7064	0
7065	3
7066	2
7067	3
7068	3
7069	0
7070	3
7071	3
7072	2
7073	3
7074	2
7075	3
7076	3
7077	2
7078	3
7079	3
7080	2
7081	3
7082	0
7083	2
7084	3
7085	3
7086	3
7087	3
7088	0
7089	3
7090	1
7091	3
7092	3
7093	3
7094	3
7095	0
7096	1
7097	3
7098	0
7099	3
7100	3
7101	3
7102	3
7103	3
7104	1
7105	3
7106	0
7107	3
7108	2
7109	0
7110	2
7111	1
7112	3
7113	3
7114	2
7115	3
7116	3
7117	0
7118	1
7119	2
7120	1
7121	3
7122	3
7123	3
7124	2
7125	3
7126	2
7127	2
7128	0
7129	2
7130	0
7131	3
7132	1
7133	2
7134	3
7135	0
7136	2
7137	3
7138	0
7139	3
7140	3
7141	1
7142	3
7143	2
7144	0
7145	3
7146	2
7147	3
7148	3
7149	1
7150	0
7151	3
7152	3
7153	3
7154	0
7155	3
7156	2
7157	0
7158	3
7159	3
7160	3
7161	3
7162	3
7163	3
7164	2
7165	0
7166	3
7167	2
7168	3
7169	3
7170	3
7171	2
7172	0
7173	3
7174	1
7175	2
7176	2
7177	2
7178	3
7179	3
7180	0
7181	2
7182	2
7183	0
7184	2
7185	2
7186	2
7187	3
7188	3
7189	0
7190	3
7191	0
7192	3
7193	2
7194	3
7195	0
7196	2
7197	2
7198	3
7199	1
7200	1
7201	2
7202	3
7203	0
7204	2
7205	1
7206	0
7207	2
7208	3
7209	3
7210	3
7211	3
7212	2
7213	2
7214	3
7215	3
7216	3
7217	2
7218	1
7219	0
7220	2
7221	0
7222	0
7223	2
7224	3
7225	0
7226	2
7227	3
7228	2
7229	0
7230	2
7231	2
7232	3
7233	2
7234	3
7235	0
7236	2
7237	2
7238	0
7239	2
7240	2
7241	3
7242	0
7243	3
7244	2
7245	2
7246	3
7247	0
7248	3
7249	2
7250	2
7251	3
7252	0
7253	2
7254	1
7255	1
7256	3
7257	3
7258	2
7259	3
7260	3
7261	2
7262	2
7263	3
7264	3
7265	2
7266	0
7267	0
7268	0
7269	1
7270	0
7271	0
7272	3
7273	2
7274	2
7275	3
7276	2
7277	0
7278	2
7279	0
7280	3
7281	3
7282	2
7283	1
7284	2
7285	0
7286	2
7287	2
7288	3
7289	2
7290	1
7291	3
7292	3
7293	0
7294	0
7295	0
7296	0
7297	3
7298	2
7299	2
7300	3
7301	0
7302	0
7303	2
7304	2
7305	2
7306	2
7307	1
7308	2
7309	2
7310	0
7311	2
7312	3
7313	0
7314	0
7315	3
7316	2
7317	1
7318	0
7319	3
7320	0
7321	3
7322	0
7323	2
7324	2
7325	0
7326	0
7327	0
7328	2
7329	2
7330	0
7331	3
7332	3
7333	0
7334	0
7335	3
7336	3
7337	2
7338	0
7339	3
7340	3
7341	2
7342	2
7343	0
7344	2
7345	2
7346	0
7347	3
7348	2
7349	0
7350	3
7351	2
7352	2
7353	2
7354	1
7355	3
7356	3
7357	0
7358	2
7359	0
7360	3
7361	2
7362	2
7363	0
7364	3
7365	1
7366	0
7367	0
7368	3
7369	2
7370	2
7371	0
7372	3
7373	0
7374	2
7375	2
7376	3
7377	0
7378	1
7379	0
7380	3
7381	3
7382	2
7383	3
7384	2
7385	3
7386	2
7387	3
7388	3
7389	1
7390	2
7391	2
7392	2
7393	2
7394	3
7395	3
7396	3
7397	2
7398	1
7399	0
7400	3
7401	1
7402	0
7403	0
7404	3
7405	0
7406	2
7407	2
7408	3
7409	2
7410	3
7411	3
7412	3
7413	2
7414	2
7415	0
7416	2
7417	1
7418	2
7419	3
7420	3
7421	2
7422	3
7423	0
7424	3
7425	2
7426	3
7427	3
7428	0
7429	0
7430	2
7431	2
7432	3
7433	2
7434	3
7435	3
7436	3
7437	0
7438	2
7439	1
7440	3
7441	3
7442	1
7443	1
7444	2
7445	0
7446	2
7447	0
7448	3
7449	3
7450	2
7451	0
7452	2
7453	0
7454	2
7455	1
7456	3
7457	2
7458	0
7459	0
7460	2
7461	2
7462	3
7463	0
7464	0
7465	1
7466	2
7467	1
7468	2
7469	3
7470	2
7471	1
7472	3
7473	2
7474	1
7475	0
7476	2
7477	0
7478	0
7479	3
7480	3
7481	2
7482	2
7483	0
7484	3
7485	0
7486	0
7487	3
7488	3
7489	0
7490	0
7491	3
7492	3
7493	2
7494	0
7495	0
7496	2
7497	3
7498	3
7499	3
7500	3
7501	2
7502	2
7503	3
7504	2
7505	2
7506	0
7507	3
7508	3
7509	2
7510	2
7511	0
7512	1
7513	3
7514	2
7515	3
7516	0
7517	2
7518	2
7519	2
7520	3
7521	0
7522	1
7523	3
7524	2
7525	2
7526	0
7527	0
7528	0
7529	2
7530	2
7531	3
7532	2
7533	2
7534	2
7535	3
7536	0
7537	1
7538	2
7539	3
7540	2
7541	3
7542	2
7543	3
7544	2
7545	1
7546	0
7547	3
7548	3
7549	3
7550	0
7551	0
7552	2
7553	2
7554	3
7555	0
7556	3
7557	3
7558	3
7559	0
7560	3
7561	2
7562	3
7563	3
7564	1
7565	3
7566	2
7567	0
7568	3
7569	1
7570	0
7571	2
7572	3
7573	3
7574	3
7575	2
7576	3
7577	2
7578	3
7579	0
7580	2
7581	1
7582	3
7583	0
7584	2
7585	1
7586	3
7587	2
7588	2
7589	0
7590	1
7591	1
7592	3
7593	3
7594	3
7595	0
7596	2
7597	2
7598	0
7599	2
7600	0
7601	3
7602	2
7603	0
7604	3
7605	3
7606	2
7607	2
7608	0
7609	2
7610	1
7611	0
7612	3
7613	2
7614	2
7615	2
7616	0
7617	3
7618	3
7619	2
7620	3
7621	1
7622	2
7623	1
7624	0
7625	1
7626	3
7627	0
7628	3
7629	3
7630	2
7631	1
7632	0
7633	0
7634	3
7635	0
7636	3
7637	3
7638	2
7639	2
7640	3
7641	0
7642	3
7643	2
7644	3
7645	2
7646	3
7647	1
7648	2
7649	3
7650	3
7651	2
7652	3
7653	1
7654	2
7655	1
7656	0
7657	2
7658	3
7659	0
7660	2
7661	0
7662	2
7663	2
7664	0
7665	3
7666	3
7667	3
7668	3
7669	3
7670	2
7671	3
7672	2
7673	3
7674	3
7675	3
7676	3
7677	3
7678	1
7679	1
7680	3
7681	2
7682	2
7683	3
7684	2
7685	2
7686	2
7687	1
7688	2
7689	3
7690	2
7691	3
7692	3
7693	0
7694	2
7695	3
7696	3
7697	0
7698	2
7699	1
7700	3
7701	1
7702	3
7703	3
7704	0
7705	0
7706	3
7707	2
7708	2
7709	0
7710	2
7711	2
7712	2
7713	3
7714	2
7715	3
7716	0
7717	1
7718	3
7719	3
7720	3
7721	0
7722	3
7723	0
7724	0
7725	1
7726	0
7727	3
7728	3
7729	0
7730	2
7731	2
7732	2
7733	2
7734	3
7735	3
7736	1
7737	3
7738	2
7739	3
7740	2
7741	2
7742	0
7743	3
7744	3
7745	1
7746	2
7747	3
7748	3
7749	3
7750	2
7751	3
7752	2
7753	2
7754	2
7755	3
7756	2
7757	3
7758	0
7759	2
7760	3
7761	3
7762	1
7763	0
7764	3
7765	0
7766	3
7767	2
7768	2
7769	2
7770	2
7771	0
7772	2
7773	1
7774	3
7775	1
7776	3
7777	3
7778	2
7779	0
7780	3
7781	1
7782	0
7783	1
7784	0
7785	2
7786	0
7787	3
7788	3
7789	1
7790	1
7791	2
7792	2
7793	2
7794	2
7795	2
7796	1
7797	2
7798	3
7799	3
7800	3
7801	2
7802	2
7803	0
7804	3
7805	2
7806	0
7807	3
7808	2
7809	2
7810	2
7811	0
7812	3
7813	0
7814	2
7815	1
7816	2
7817	0
7818	1
7819	0
7820	3
7821	0
7822	2
7823	0
7824	2
7825	0
7826	1
7827	2
7828	3
7829	0
7830	0
7831	2
7832	2
7833	2
7834	3
7835	2
7836	3
7837	0
7838	2
7839	3
7840	3
7841	3
7842	0
7843	1
7844	2
7845	1
7846	2
7847	2
7848	3
7849	3
7850	0
7851	3
7852	2
7853	0
7854	0
7855	1
7856	3
7857	3
7858	2
7859	3
7860	2
7861	0
7862	3
7863	0
7864	3
7865	1
7866	0
7867	3
7868	3
7869	3
7870	2
7871	3
7872	1
7873	1
7874	2
7875	3
7876	3
7877	0
7878	2
7879	0
7880	3
7881	1
7882	2
7883	1
7884	1
7885	0
7886	2
7887	2
7888	2
7889	1
7890	3
7891	3
7892	0
7893	0
7894	2
7895	2
7896	2
7897	3
7898	2
7899	3
7900	3
7901	0
7902	2
7903	3
7904	3
7905	3
7906	3
7907	2
7908	3
7909	0
7910	0
7911	3
7912	3
7913	0
7914	0
7915	1
7916	0
7917	0
7918	3
7919	2
7920	3
7921	3
7922	3
7923	3
7924	3
7925	0
7926	0
7927	2
7928	2
7929	3
7930	3
7931	3
7932	1
7933	0
7934	3
7935	0
7936	2
7937	2
7938	3
7939	0
7940	3
7941	3
7942	1
7943	0
7944	1
7945	0
7946	2
7947	3
7948	3
7949	2
7950	2
7951	3
7952	2
7953	1
7954	0
7955	1
7956	3
7957	2
7958	0
7959	3
7960	0
7961	3
7962	0
7963	0
7964	2
7965	3
7966	0
7967	3
7968	0
7969	3
7970	3
7971	3
7972	3
7973	3
7974	0
7975	3
7976	3
7977	2
7978	0
7979	2
7980	3
7981	0
7982	2
7983	3
7984	0
7985	2
7986	1
7987	0
7988	3
7989	1
7990	2
7991	3
7992	2
7993	2
7994	3
7995	3
7996	3
7997	2
7998	1
7999	2
8000	3
8001	3
8002	0
8003	3
8004	3
8005	2
8006	0
8007	2
8008	1
8009	3
8010	0
8011	1
8012	2
8013	3
8014	2
8015	3
8016	3
8017	0
8018	1
8019	3
8020	3
8021	3
8022	3
8023	1
8024	2
8025	3
8026	3
8027	3
8028	3
8029	2
8030	3
8031	1
8032	2
8033	3
8034	0
8035	2
8036	0
8037	3
8038	2
8039	0
8040	2
8041	3
8042	2
8043	3
8044	2
8045	3
8046	2
8047	3
8048	2
8049	3
8050	2
8051	3
8052	2
8053	1
8054	1
8055	3
8056	1
8057	3
8058	2
8059	0
8060	3
8061	2
8062	0
8063	3
8064	2
8065	2
8066	3
8067	0
8068	2
8069	2
8070	3
8071	0
8072	1
8073	3
8074	0
8075	1
8076	3
8077	2
8078	2
8079	2
8080	3
8081	0
8082	3
8083	1
8084	0
8085	0
8086	2
8087	0
8088	2
8089	3
8090	2
8091	2
8092	3
8093	1
8094	1
8095	0
8096	2
8097	2
8098	0
8099	2
8100	3
8101	3
8102	3
8103	1
8104	2
8105	3
8106	0
8107	0
8108	1
8109	2
8110	2
8111	2
8112	1
8113	2
8114	0
8115	2
8116	3
8117	2
8118	0
8119	1
8120	3
8121	2
8122	3
8123	1
8124	2
8125	3
8126	1
8127	2
8128	0
8129	0
8130	3
8131	3
8132	2
8133	0
8134	0
8135	3
8136	0
8137	0
8138	2
8139	3
8140	2
8141	2
8142	0
8143	1
8144	3
8145	0
8146	2
8147	3
8148	2
8149	2
8150	0
8151	2
8152	2
8153	1
8154	1
8155	0
8156	3
8157	2
8158	3
8159	2
8160	2
8161	3
8162	3
8163	2
8164	2
8165	3
8166	3
8167	0
8168	3
8169	0
8170	1
8171	3
8172	1
8173	2
8174	1
8175	0
8176	3
8177	1
8178	3
8179	0
8180	0
8181	2
8182	0
8183	3
8184	2
8185	3
8186	0
8187	1
8188	3
8189	0
8190	0
8191	0
