COMMAND
./sim gshare 13 5 ./proj2-traces/gcc_trace.txt
OUTPUT
number of predictions:2000000
number of mispredictions:212862
misprediction rate:   10.64%
FINAL GSHARE CONTENTS
0	3
1	3
2	3
3	2
4	3
5	0
6	3
7	0
8	1
9	3
10	3
11	0
12	1
13	3
14	0
15	0
16	1
17	0
18	3
19	0
20	3
21	3
22	3
23	3
24	0
25	3
26	0
27	0
28	0
29	3
30	2
31	2
32	0
33	1
34	1
35	3
36	3
37	0
38	0
39	0
40	1
41	3
42	0
43	0
44	3
45	0
46	0
47	3
48	3
49	2
50	2
51	3
52	3
53	3
54	0
55	2
56	0
57	0
58	3
59	1
60	3
61	0
62	2
63	0
64	0
65	3
66	2
67	3
68	1
69	1
70	0
71	0
72	0
73	0
74	2
75	3
76	0
77	1
78	3
79	0
80	3
81	0
82	0
83	0
84	3
85	3
86	0
87	0
88	3
89	0
90	0
91	0
92	0
93	3
94	1
95	3
96	0
97	3
98	3
99	0
100	3
101	3
102	2
103	3
104	0
105	3
106	3
107	0
108	0
109	3
110	2
111	0
112	1
113	0
114	3
115	3
116	0
117	0
118	3
119	3
120	0
121	0
122	0
123	0
124	2
125	3
126	3
127	3
128	0
129	3
130	3
131	0
132	0
133	2
134	0
135	0
136	3
137	0
138	3
139	1
140	3
141	3
142	3
143	3
144	2
145	3
146	3
147	0
148	3
149	2
150	0
151	3
152	0
153	0
154	3
155	0
156	3
157	0
158	3
159	0
160	3
161	3
162	0
163	3
164	0
165	0
166	0
167	2
168	3
169	0
170	1
171	2
172	3
173	0
174	3
175	0
176	3
177	3
178	0
179	3
180	0
181	0
182	0
183	3
184	0
185	3
186	2
187	0
188	3
189	3
190	3
191	0
192	0
193	1
194	0
195	0
196	0
197	3
198	0
199	0
200	0
201	0
202	0
203	0
204	0
205	2
206	3
207	1
208	0
209	0
210	3
211	0
212	1
213	0
214	2
215	2
216	3
217	0
218	3
219	0
220	3
221	3
222	1
223	3
224	3
225	3
226	0
227	2
228	2
229	3
230	3
231	3
232	3
233	3
234	0
235	3
236	2
237	3
238	0
239	0
240	3
241	0
242	1
243	3
244	3
245	3
246	0
247	0
248	3
249	3
250	3
251	0
252	0
253	0
254	3
255	3
256	3
257	3
258	3
259	0
260	3
261	1
262	3
263	0
264	1
265	0
266	3
267	3
268	3
269	0
270	2
271	3
272	3
273	3
274	2
275	1
276	3
277	3
278	3
279	0
280	0
281	0
282	0
283	3
284	3
285	3
286	0
287	3
288	0
289	3
290	0
291	0
292	0
293	0
294	0
295	2
296	0
297	0
298	0
299	0
300	3
301	0
302	3
303	0
304	0
305	3
306	3
307	2
308	3
309	3
310	0
311	2
312	0
313	0
314	0
315	3
316	3
317	0
318	3
319	3
320	3
321	3
322	3
323	0
324	3
325	2
326	3
327	3
328	0
329	0
330	3
331	3
332	3
333	3
334	3
335	3
336	3
337	3
338	3
339	0
340	0
341	3
342	3
343	1
344	3
345	0
346	3
347	0
348	3
349	3
350	3
351	0
352	0
353	0
354	3
355	3
356	3
357	3
358	1
359	1
360	0
361	2
362	3
363	3
364	3
365	0
366	3
367	0
368	0
369	3
370	3
371	0
372	2
373	0
374	3
375	0
376	3
377	3
378	3
379	3
380	3
381	0
382	1
383	1
384	3
385	3
386	3
387	0
388	3
389	0
390	0
391	3
392	1
393	1
394	0
395	0
396	3
397	3
398	3
399	3
400	0
401	3
402	3
403	0
404	2
405	1
406	0
407	3
408	3
409	0
410	0
411	0
412	0
413	3
414	0
415	0
416	3
417	3
418	3
419	1
420	0
421	2
422	0
423	3
424	0
425	3
426	0
427	3
428	0
429	0
430	3
431	3
432	3
433	3
434	3
435	0
436	0
437	3
438	2
439	3
440	0
441	3
442	1
443	3
444	3
445	3
446	3
447	3
448	0
449	3
450	0
451	0
452	0
453	0
454	0
455	0
456	0
457	3
458	0
459	0
460	2
461	3
462	3
463	0
464	2
465	0
466	0
467	0
468	3
469	1
470	2
471	0
472	3
473	0
474	3
475	0
476	0
477	0
478	0
479	3
480	2
481	2
482	0
483	0
484	0
485	1
486	0
487	2
488	2
489	0
490	3
491	3
492	2
493	3
494	3
495	3
496	3
497	0
498	2
499	2
500	0
501	3
502	0
503	0
504	0
505	0
506	3
507	1
508	3
509	3
510	3
511	0
512	3
513	1
514	3
515	3
516	3
517	0
518	0
519	2
520	0
521	0
522	3
523	0
524	1
525	2
526	0
527	0
528	0
529	3
530	3
531	0
532	1
533	3
534	0
535	3
536	0
537	1
538	3
539	3
540	3
541	3
542	0
543	0
544	0
545	3
546	3
547	0
548	2
549	3
550	3
551	3
552	3
553	0
554	3
555	2
556	3
557	0
558	0
559	0
560	0
561	3
562	3
563	3
564	3
565	3
566	0
567	3
568	3
569	0
570	0
571	3
572	3
573	2
574	2
575	0
576	0
577	0
578	3
579	0
580	2
581	0
582	3
583	3
584	0
585	3
586	3
587	0
588	1
589	3
590	3
591	3
592	3
593	3
594	3
595	0
596	3
597	3
598	0
599	2
600	2
601	3
602	3
603	0
604	3
605	3
606	3
607	0
608	0
609	0
610	1
611	0
612	3
613	3
614	0
615	0
616	0
617	2
618	1
619	3
620	3
621	0
622	1
623	0
624	2
625	0
626	0
627	3
628	3
629	3
630	1
631	0
632	3
633	0
634	0
635	3
636	0
637	3
638	0
639	2
640	3
641	0
642	1
643	0
644	2
645	1
646	0
647	3
648	0
649	1
650	3
651	0
652	3
653	0
654	3
655	3
656	0
657	3
658	0
659	0
660	2
661	3
662	0
663	3
664	1
665	0
666	0
667	3
668	0
669	0
670	3
671	0
672	3
673	0
674	3
675	0
676	0
677	3
678	0
679	0
680	3
681	3
682	3
683	3
684	3
685	0
686	2
687	2
688	3
689	3
690	0
691	1
692	2
693	0
694	2
695	0
696	3
697	0
698	1
699	0
700	0
701	2
702	3
703	2
704	0
705	0
706	3
707	0
708	0
709	3
710	3
711	3
712	0
713	0
714	2
715	3
716	0
717	3
718	2
719	0
720	3
721	0
722	3
723	0
724	3
725	3
726	0
727	1
728	3
729	0
730	3
731	3
732	3
733	3
734	0
735	3
736	1
737	2
738	0
739	0
740	0
741	2
742	3
743	0
744	0
745	2
746	3
747	3
748	0
749	3
750	3
751	3
752	3
753	3
754	3
755	0
756	3
757	2
758	1
759	3
760	2
761	3
762	0
763	2
764	0
765	3
766	3
767	0
768	3
769	3
770	3
771	3
772	0
773	2
774	3
775	3
776	2
777	3
778	0
779	3
780	3
781	3
782	0
783	0
784	3
785	3
786	0
787	3
788	2
789	3
790	3
791	0
792	3
793	0
794	0
795	3
796	0
797	2
798	3
799	3
800	3
801	3
802	3
803	0
804	1
805	3
806	3
807	3
808	3
809	3
810	0
811	0
812	3
813	1
814	0
815	3
816	0
817	3
818	1
819	0
820	2
821	3
822	0
823	0
824	3
825	0
826	1
827	3
828	3
829	0
830	1
831	0
832	0
833	3
834	0
835	0
836	1
837	3
838	0
839	0
840	0
841	3
842	3
843	0
844	2
845	3
846	3
847	3
848	2
849	3
850	0
851	1
852	2
853	3
854	0
855	3
856	0
857	3
858	3
859	0
860	3
861	3
862	0
863	0
864	0
865	0
866	0
867	3
868	0
869	3
870	0
871	3
872	0
873	2
874	2
875	3
876	3
877	1
878	2
879	2
880	2
881	3
882	3
883	3
884	3
885	0
886	1
887	1
888	0
889	2
890	3
891	3
892	1
893	3
894	0
895	2
896	0
897	3
898	0
899	3
900	3
901	0
902	0
903	0
904	0
905	1
906	3
907	0
908	0
909	3
910	0
911	3
912	0
913	3
914	0
915	1
916	2
917	3
918	3
919	2
920	3
921	0
922	3
923	3
924	0
925	0
926	3
927	0
928	0
929	0
930	2
931	3
932	0
933	0
934	0
935	3
936	0
937	0
938	0
939	3
940	3
941	0
942	3
943	0
944	3
945	2
946	3
947	0
948	1
949	3
950	3
951	1
952	1
953	3
954	3
955	0
956	3
957	2
958	3
959	3
960	0
961	0
962	3
963	3
964	1
965	0
966	3
967	0
968	1
969	3
970	3
971	0
972	0
973	2
974	1
975	0
976	0
977	2
978	0
979	0
980	2
981	3
982	1
983	3
984	0
985	3
986	3
987	0
988	3
989	3
990	3
991	0
992	3
993	0
994	2
995	0
996	0
997	0
998	0
999	2
1000	3
1001	0
1002	3
1003	3
1004	0
1005	3
1006	2
1007	3
1008	3
1009	3
1010	2
1011	3
1012	0
1013	0
1014	0
1015	3
1016	0
1017	3
1018	0
1019	0
1020	3
1021	0
1022	0
1023	1
1024	3
1025	3
1026	3
1027	1
1028	0
1029	1
1030	3
1031	0
1032	3
1033	3
1034	3
1035	3
1036	3
1037	0
1038	3
1039	0
1040	3
1041	1
1042	0
1043	3
1044	3
1045	3
1046	2
1047	0
1048	0
1049	3
1050	0
1051	0
1052	3
1053	3
1054	0
1055	3
1056	3
1057	0
1058	3
1059	1
1060	0
1061	0
1062	0
1063	0
1064	0
1065	0
1066	0
1067	2
1068	2
1069	0
1070	0
1071	0
1072	3
1073	0
1074	3
1075	3
1076	2
1077	3
1078	3
1079	0
1080	3
1081	3
1082	3
1083	0
1084	3
1085	3
1086	2
1087	2
1088	0
1089	3
1090	0
1091	0
1092	0
1093	0
1094	0
1095	0
1096	0
1097	0
1098	0
1099	3
1100	3
1101	2
1102	0
1103	3
1104	0
1105	0
1106	1
1107	0
1108	3
1109	3
1110	0
1111	3
1112	3
1113	0
1114	3
1115	0
1116	3
1117	3
1118	0
1119	0
1120	1
1121	0
1122	0
1123	0
1124	3
1125	2
1126	0
1127	0
1128	0
1129	3
1130	1
1131	3
1132	3
1133	0
1134	0
1135	2
1136	2
1137	3
1138	0
1139	0
1140	3
1141	0
1142	0
1143	1
1144	0
1145	0
1146	3
1147	0
1148	0
1149	3
1150	2
1151	3
1152	3
1153	0
1154	0
1155	0
1156	3
1157	0
1158	0
1159	0
1160	1
1161	0
1162	2
1163	3
1164	0
1165	3
1166	3
1167	3
1168	2
1169	0
1170	3
1171	3
1172	2
1173	0
1174	0
1175	0
1176	0
1177	0
1178	3
1179	0
1180	0
1181	0
1182	2
1183	1
1184	1
1185	0
1186	0
1187	0
1188	0
1189	1
1190	0
1191	1
1192	3
1193	3
1194	0
1195	3
1196	0
1197	0
1198	3
1199	3
1200	0
1201	0
1202	0
1203	0
1204	0
1205	0
1206	2
1207	3
1208	0
1209	3
1210	0
1211	0
1212	3
1213	3
1214	3
1215	3
1216	3
1217	3
1218	3
1219	0
1220	3
1221	0
1222	0
1223	3
1224	0
1225	0
1226	0
1227	0
1228	3
1229	3
1230	3
1231	3
1232	0
1233	0
1234	0
1235	0
1236	3
1237	0
1238	3
1239	1
1240	0
1241	3
1242	3
1243	3
1244	0
1245	2
1246	2
1247	3
1248	3
1249	0
1250	0
1251	0
1252	0
1253	3
1254	0
1255	2
1256	3
1257	0
1258	2
1259	3
1260	0
1261	0
1262	1
1263	3
1264	3
1265	3
1266	0
1267	3
1268	0
1269	0
1270	3
1271	0
1272	3
1273	3
1274	3
1275	3
1276	3
1277	0
1278	3
1279	0
1280	2
1281	0
1282	0
1283	2
1284	0
1285	0
1286	3
1287	3
1288	3
1289	0
1290	3
1291	3
1292	3
1293	0
1294	3
1295	0
1296	3
1297	0
1298	0
1299	2
1300	3
1301	3
1302	3
1303	1
1304	3
1305	0
1306	2
1307	3
1308	0
1309	3
1310	2
1311	3
1312	0
1313	3
1314	3
1315	0
1316	0
1317	0
1318	3
1319	0
1320	2
1321	0
1322	0
1323	1
1324	0
1325	0
1326	0
1327	3
1328	0
1329	3
1330	3
1331	0
1332	3
1333	3
1334	2
1335	2
1336	0
1337	3
1338	3
1339	3
1340	3
1341	0
1342	2
1343	3
1344	2
1345	2
1346	3
1347	3
1348	0
1349	3
1350	0
1351	0
1352	3
1353	2
1354	1
1355	2
1356	3
1357	2
1358	0
1359	0
1360	0
1361	3
1362	0
1363	0
1364	3
1365	3
1366	0
1367	1
1368	3
1369	0
1370	0
1371	3
1372	0
1373	3
1374	0
1375	0
1376	2
1377	0
1378	3
1379	0
1380	3
1381	3
1382	0
1383	0
1384	0
1385	3
1386	3
1387	3
1388	3
1389	3
1390	0
1391	0
1392	2
1393	3
1394	3
1395	3
1396	2
1397	0
1398	0
1399	3
1400	0
1401	2
1402	3
1403	0
1404	0
1405	3
1406	3
1407	3
1408	3
1409	3
1410	0
1411	3
1412	3
1413	3
1414	0
1415	0
1416	3
1417	3
1418	3
1419	0
1420	0
1421	0
1422	0
1423	3
1424	0
1425	0
1426	3
1427	3
1428	0
1429	3
1430	3
1431	2
1432	3
1433	0
1434	1
1435	3
1436	0
1437	0
1438	1
1439	1
1440	2
1441	0
1442	3
1443	3
1444	0
1445	2
1446	0
1447	3
1448	3
1449	3
1450	2
1451	2
1452	2
1453	2
1454	3
1455	0
1456	0
1457	0
1458	2
1459	3
1460	0
1461	3
1462	3
1463	0
1464	3
1465	3
1466	0
1467	0
1468	3
1469	3
1470	0
1471	3
1472	3
1473	3
1474	0
1475	3
1476	0
1477	0
1478	0
1479	0
1480	0
1481	0
1482	0
1483	1
1484	3
1485	2
1486	3
1487	3
1488	0
1489	1
1490	3
1491	3
1492	3
1493	3
1494	0
1495	0
1496	3
1497	0
1498	3
1499	0
1500	2
1501	3
1502	0
1503	3
1504	3
1505	2
1506	2
1507	3
1508	0
1509	3
1510	0
1511	0
1512	1
1513	0
1514	2
1515	2
1516	2
1517	3
1518	2
1519	1
1520	0
1521	0
1522	0
1523	3
1524	3
1525	0
1526	0
1527	3
1528	3
1529	2
1530	3
1531	2
1532	0
1533	3
1534	3
1535	1
1536	3
1537	1
1538	3
1539	2
1540	1
1541	0
1542	3
1543	3
1544	3
1545	3
1546	1
1547	3
1548	3
1549	3
1550	3
1551	0
1552	1
1553	0
1554	0
1555	3
1556	3
1557	3
1558	3
1559	0
1560	0
1561	0
1562	3
1563	3
1564	0
1565	3
1566	1
1567	3
1568	3
1569	0
1570	1
1571	3
1572	3
1573	3
1574	0
1575	3
1576	0
1577	3
1578	0
1579	3
1580	0
1581	3
1582	0
1583	3
1584	3
1585	3
1586	3
1587	2
1588	3
1589	0
1590	0
1591	0
1592	1
1593	0
1594	0
1595	0
1596	0
1597	1
1598	3
1599	2
1600	0
1601	0
1602	0
1603	0
1604	0
1605	3
1606	0
1607	0
1608	3
1609	3
1610	0
1611	3
1612	1
1613	3
1614	3
1615	0
1616	0
1617	3
1618	0
1619	0
1620	3
1621	2
1622	3
1623	3
1624	0
1625	0
1626	0
1627	3
1628	3
1629	3
1630	0
1631	0
1632	0
1633	1
1634	1
1635	3
1636	3
1637	2
1638	3
1639	0
1640	2
1641	3
1642	3
1643	3
1644	3
1645	0
1646	0
1647	3
1648	3
1649	0
1650	3
1651	0
1652	3
1653	0
1654	3
1655	0
1656	2
1657	0
1658	3
1659	3
1660	1
1661	3
1662	2
1663	0
1664	3
1665	0
1666	0
1667	0
1668	1
1669	3
1670	0
1671	3
1672	3
1673	2
1674	0
1675	0
1676	0
1677	1
1678	3
1679	0
1680	3
1681	3
1682	3
1683	3
1684	3
1685	3
1686	0
1687	3
1688	0
1689	3
1690	0
1691	3
1692	0
1693	1
1694	2
1695	0
1696	0
1697	0
1698	3
1699	0
1700	2
1701	3
1702	0
1703	0
1704	3
1705	0
1706	3
1707	3
1708	3
1709	0
1710	3
1711	0
1712	3
1713	2
1714	0
1715	3
1716	0
1717	0
1718	3
1719	0
1720	0
1721	2
1722	3
1723	1
1724	0
1725	3
1726	3
1727	0
1728	2
1729	3
1730	0
1731	0
1732	2
1733	0
1734	0
1735	0
1736	1
1737	0
1738	0
1739	0
1740	0
1741	2
1742	0
1743	3
1744	0
1745	0
1746	0
1747	3
1748	0
1749	3
1750	2
1751	0
1752	3
1753	0
1754	3
1755	0
1756	3
1757	3
1758	0
1759	3
1760	3
1761	2
1762	0
1763	0
1764	0
1765	3
1766	0
1767	2
1768	3
1769	3
1770	0
1771	3
1772	0
1773	3
1774	0
1775	0
1776	1
1777	3
1778	0
1779	3
1780	0
1781	3
1782	3
1783	1
1784	3
1785	0
1786	0
1787	0
1788	2
1789	0
1790	3
1791	2
1792	3
1793	0
1794	1
1795	3
1796	1
1797	0
1798	3
1799	3
1800	2
1801	3
1802	0
1803	2
1804	0
1805	3
1806	0
1807	2
1808	0
1809	0
1810	0
1811	3
1812	3
1813	3
1814	3
1815	0
1816	1
1817	0
1818	2
1819	3
1820	0
1821	3
1822	3
1823	3
1824	0
1825	2
1826	3
1827	1
1828	0
1829	3
1830	0
1831	0
1832	0
1833	3
1834	0
1835	2
1836	0
1837	2
1838	0
1839	2
1840	3
1841	3
1842	1
1843	3
1844	0
1845	0
1846	2
1847	0
1848	0
1849	3
1850	0
1851	1
1852	0
1853	0
1854	0
1855	0
1856	2
1857	2
1858	0
1859	0
1860	2
1861	3
1862	3
1863	0
1864	3
1865	3
1866	0
1867	3
1868	3
1869	2
1870	3
1871	0
1872	1
1873	0
1874	3
1875	0
1876	3
1877	1
1878	3
1879	2
1880	2
1881	1
1882	1
1883	0
1884	1
1885	3
1886	0
1887	0
1888	0
1889	3
1890	2
1891	3
1892	0
1893	3
1894	3
1895	3
1896	0
1897	3
1898	0
1899	1
1900	3
1901	0
1902	0
1903	2
1904	3
1905	2
1906	3
1907	0
1908	3
1909	3
1910	3
1911	0
1912	0
1913	0
1914	3
1915	0
1916	0
1917	2
1918	3
1919	3
1920	3
1921	0
1922	0
1923	0
1924	0
1925	1
1926	0
1927	0
1928	3
1929	3
1930	1
1931	0
1932	3
1933	2
1934	3
1935	0
1936	3
1937	3
1938	1
1939	0
1940	0
1941	3
1942	3
1943	3
1944	3
1945	0
1946	0
1947	0
1948	0
1949	0
1950	3
1951	0
1952	2
1953	0
1954	3
1955	2
1956	2
1957	0
1958	0
1959	3
1960	3
1961	0
1962	3
1963	2
1964	0
1965	2
1966	3
1967	0
1968	3
1969	0
1970	1
1971	0
1972	0
1973	0
1974	3
1975	3
1976	3
1977	0
1978	0
1979	0
1980	3
1981	3
1982	3
1983	3
1984	3
1985	1
1986	0
1987	3
1988	1
1989	0
1990	3
1991	3
1992	1
1993	0
1994	1
1995	0
1996	0
1997	0
1998	1
1999	0
2000	0
2001	3
2002	3
2003	3
2004	0
2005	0
2006	2
2007	0
2008	3
2009	0
2010	3
2011	0
2012	0
2013	2
2014	0
2015	3
2016	0
2017	0
2018	0
2019	0
2020	0
2021	3
2022	0
2023	0
2024	3
2025	3
2026	0
2027	3
2028	0
2029	0
2030	1
2031	3
2032	0
2033	1
2034	0
2035	0
2036	0
2037	0
2038	0
2039	0
2040	2
2041	1
2042	0
2043	1
2044	0
2045	0
2046	3
2047	2
2048	0
2049	3
2050	0
2051	0
2052	3
2053	0
2054	3
2055	0
2056	0
2057	1
2058	3
2059	3
2060	0
2061	0
2062	3
2063	0
2064	0
2065	0
2066	3
2067	0
2068	2
2069	3
2070	3
2071	0
2072	0
2073	0
2074	1
2075	1
2076	0
2077	0
2078	3
2079	3
2080	3
2081	3
2082	0
2083	0
2084	0
2085	0
2086	3
2087	3
2088	0
2089	0
2090	0
2091	3
2092	3
2093	2
2094	0
2095	3
2096	0
2097	3
2098	0
2099	0
2100	2
2101	0
2102	0
2103	1
2104	3
2105	0
2106	3
2107	3
2108	0
2109	0
2110	1
2111	0
2112	3
2113	3
2114	1
2115	0
2116	0
2117	0
2118	2
2119	0
2120	0
2121	0
2122	0
2123	0
2124	3
2125	0
2126	0
2127	0
2128	0
2129	0
2130	1
2131	0
2132	0
2133	0
2134	3
2135	3
2136	0
2137	2
2138	3
2139	3
2140	0
2141	3
2142	3
2143	3
2144	1
2145	3
2146	2
2147	3
2148	1
2149	3
2150	0
2151	0
2152	0
2153	0
2154	0
2155	3
2156	0
2157	3
2158	3
2159	0
2160	1
2161	0
2162	3
2163	3
2164	3
2165	0
2166	3
2167	0
2168	3
2169	0
2170	0
2171	0
2172	0
2173	3
2174	3
2175	3
2176	3
2177	2
2178	1
2179	3
2180	0
2181	1
2182	2
2183	3
2184	0
2185	3
2186	0
2187	3
2188	0
2189	3
2190	1
2191	0
2192	0
2193	1
2194	0
2195	1
2196	1
2197	0
2198	1
2199	1
2200	0
2201	0
2202	3
2203	3
2204	0
2205	3
2206	0
2207	0
2208	0
2209	0
2210	0
2211	0
2212	0
2213	0
2214	0
2215	0
2216	0
2217	3
2218	0
2219	3
2220	3
2221	0
2222	3
2223	0
2224	3
2225	0
2226	0
2227	0
2228	3
2229	3
2230	3
2231	0
2232	0
2233	2
2234	0
2235	0
2236	0
2237	3
2238	3
2239	3
2240	1
2241	3
2242	1
2243	3
2244	0
2245	2
2246	2
2247	3
2248	0
2249	0
2250	0
2251	3
2252	3
2253	0
2254	3
2255	0
2256	0
2257	3
2258	0
2259	1
2260	3
2261	0
2262	0
2263	0
2264	0
2265	2
2266	3
2267	0
2268	3
2269	1
2270	0
2271	3
2272	3
2273	0
2274	0
2275	0
2276	0
2277	1
2278	0
2279	0
2280	3
2281	0
2282	3
2283	3
2284	0
2285	3
2286	2
2287	0
2288	2
2289	0
2290	0
2291	0
2292	1
2293	0
2294	3
2295	0
2296	0
2297	3
2298	0
2299	3
2300	0
2301	2
2302	3
2303	3
2304	1
2305	3
2306	3
2307	0
2308	3
2309	2
2310	0
2311	0
2312	0
2313	3
2314	0
2315	0
2316	0
2317	0
2318	0
2319	3
2320	0
2321	0
2322	2
2323	0
2324	1
2325	3
2326	3
2327	0
2328	0
2329	0
2330	2
2331	3
2332	0
2333	3
2334	0
2335	3
2336	0
2337	1
2338	2
2339	3
2340	3
2341	3
2342	3
2343	3
2344	1
2345	2
2346	0
2347	2
2348	3
2349	0
2350	3
2351	0
2352	0
2353	0
2354	3
2355	0
2356	3
2357	3
2358	0
2359	1
2360	3
2361	0
2362	0
2363	0
2364	0
2365	0
2366	0
2367	0
2368	0
2369	3
2370	3
2371	0
2372	3
2373	0
2374	0
2375	0
2376	0
2377	0
2378	2
2379	3
2380	3
2381	1
2382	3
2383	0
2384	0
2385	0
2386	0
2387	3
2388	0
2389	3
2390	0
2391	3
2392	0
2393	0
2394	3
2395	0
2396	0
2397	2
2398	3
2399	0
2400	0
2401	3
2402	3
2403	3
2404	0
2405	0
2406	0
2407	0
2408	0
2409	3
2410	3
2411	3
2412	3
2413	3
2414	3
2415	2
2416	0
2417	1
2418	3
2419	3
2420	3
2421	0
2422	1
2423	0
2424	3
2425	0
2426	0
2427	0
2428	1
2429	3
2430	3
2431	3
2432	2
2433	1
2434	3
2435	2
2436	3
2437	0
2438	3
2439	1
2440	0
2441	0
2442	0
2443	3
2444	3
2445	0
2446	3
2447	0
2448	0
2449	3
2450	3
2451	0
2452	3
2453	0
2454	3
2455	0
2456	3
2457	0
2458	3
2459	3
2460	3
2461	0
2462	3
2463	0
2464	0
2465	3
2466	2
2467	0
2468	0
2469	0
2470	0
2471	1
2472	3
2473	3
2474	0
2475	3
2476	3
2477	0
2478	3
2479	3
2480	0
2481	0
2482	1
2483	2
2484	0
2485	3
2486	3
2487	3
2488	3
2489	0
2490	1
2491	3
2492	0
2493	3
2494	3
2495	2
2496	0
2497	1
2498	0
2499	3
2500	3
2501	0
2502	0
2503	0
2504	0
2505	2
2506	2
2507	3
2508	3
2509	3
2510	0
2511	2
2512	0
2513	3
2514	0
2515	3
2516	0
2517	0
2518	0
2519	0
2520	0
2521	0
2522	3
2523	0
2524	2
2525	2
2526	0
2527	3
2528	0
2529	0
2530	1
2531	0
2532	0
2533	3
2534	0
2535	0
2536	3
2537	0
2538	0
2539	3
2540	0
2541	3
2542	2
2543	0
2544	0
2545	0
2546	3
2547	3
2548	3
2549	3
2550	2
2551	3
2552	0
2553	3
2554	0
2555	3
2556	3
2557	3
2558	3
2559	3
2560	3
2561	3
2562	3
2563	0
2564	1
2565	0
2566	1
2567	0
2568	2
2569	3
2570	3
2571	0
2572	0
2573	3
2574	3
2575	0
2576	3
2577	3
2578	0
2579	3
2580	3
2581	3
2582	3
2583	0
2584	0
2585	0
2586	3
2587	3
2588	0
2589	0
2590	3
2591	3
2592	0
2593	0
2594	3
2595	3
2596	2
2597	0
2598	0
2599	3
2600	3
2601	3
2602	0
2603	0
2604	1
2605	0
2606	0
2607	1
2608	0
2609	1
2610	1
2611	0
2612	3
2613	1
2614	0
2615	3
2616	0
2617	0
2618	1
2619	3
2620	0
2621	2
2622	0
2623	0
2624	3
2625	3
2626	0
2627	0
2628	3
2629	0
2630	3
2631	3
2632	0
2633	0
2634	3
2635	0
2636	2
2637	3
2638	1
2639	3
2640	0
2641	1
2642	0
2643	3
2644	0
2645	2
2646	0
2647	3
2648	0
2649	0
2650	0
2651	3
2652	0
2653	3
2654	0
2655	0
2656	0
2657	2
2658	3
2659	3
2660	0
2661	0
2662	0
2663	0
2664	3
2665	0
2666	2
2667	3
2668	3
2669	1
2670	3
2671	0
2672	0
2673	0
2674	0
2675	0
2676	1
2677	1
2678	3
2679	0
2680	3
2681	0
2682	3
2683	0
2684	0
2685	3
2686	0
2687	0
2688	2
2689	0
2690	0
2691	0
2692	3
2693	2
2694	3
2695	2
2696	0
2697	0
2698	2
2699	2
2700	0
2701	3
2702	0
2703	3
2704	2
2705	2
2706	3
2707	0
2708	1
2709	0
2710	0
2711	3
2712	0
2713	0
2714	0
2715	0
2716	0
2717	3
2718	3
2719	0
2720	3
2721	0
2722	3
2723	0
2724	0
2725	0
2726	0
2727	3
2728	3
2729	1
2730	3
2731	3
2732	0
2733	1
2734	3
2735	0
2736	3
2737	3
2738	0
2739	3
2740	0
2741	0
2742	1
2743	3
2744	0
2745	0
2746	2
2747	0
2748	0
2749	0
2750	3
2751	0
2752	3
2753	2
2754	1
2755	3
2756	2
2757	0
2758	0
2759	3
2760	0
2761	3
2762	0
2763	1
2764	3
2765	3
2766	0
2767	3
2768	3
2769	3
2770	3
2771	3
2772	1
2773	0
2774	3
2775	0
2776	3
2777	3
2778	3
2779	2
2780	2
2781	0
2782	0
2783	3
2784	3
2785	3
2786	3
2787	0
2788	0
2789	3
2790	0
2791	0
2792	3
2793	3
2794	0
2795	3
2796	0
2797	3
2798	0
2799	0
2800	0
2801	3
2802	1
2803	3
2804	0
2805	0
2806	0
2807	0
2808	2
2809	3
2810	3
2811	3
2812	3
2813	3
2814	3
2815	1
2816	0
2817	3
2818	0
2819	0
2820	0
2821	0
2822	3
2823	0
2824	1
2825	3
2826	1
2827	3
2828	0
2829	0
2830	3
2831	0
2832	0
2833	0
2834	2
2835	0
2836	0
2837	3
2838	3
2839	0
2840	1
2841	3
2842	2
2843	3
2844	3
2845	0
2846	3
2847	3
2848	0
2849	0
2850	2
2851	0
2852	3
2853	3
2854	0
2855	0
2856	0
2857	3
2858	0
2859	3
2860	1
2861	2
2862	1
2863	0
2864	0
2865	0
2866	0
2867	1
2868	1
2869	3
2870	0
2871	0
2872	2
2873	2
2874	2
2875	3
2876	0
2877	0
2878	3
2879	0
2880	0
2881	0
2882	0
2883	2
2884	3
2885	0
2886	0
2887	3
2888	0
2889	0
2890	0
2891	0
2892	0
2893	0
2894	0
2895	3
2896	0
2897	3
2898	0
2899	0
2900	2
2901	0
2902	0
2903	3
2904	2
2905	0
2906	0
2907	0
2908	1
2909	3
2910	0
2911	0
2912	0
2913	0
2914	3
2915	3
2916	1
2917	3
2918	0
2919	0
2920	0
2921	3
2922	3
2923	3
2924	3
2925	2
2926	3
2927	0
2928	0
2929	0
2930	0
2931	3
2932	2
2933	3
2934	0
2935	0
2936	3
2937	0
2938	3
2939	1
2940	3
2941	3
2942	0
2943	0
2944	3
2945	0
2946	3
2947	0
2948	2
2949	1
2950	1
2951	0
2952	0
2953	0
2954	3
2955	3
2956	0
2957	0
2958	0
2959	1
2960	3
2961	2
2962	3
2963	3
2964	0
2965	0
2966	0
2967	0
2968	0
2969	0
2970	0
2971	3
2972	1
2973	3
2974	3
2975	3
2976	1
2977	1
2978	3
2979	0
2980	0
2981	0
2982	0
2983	3
2984	3
2985	3
2986	0
2987	3
2988	3
2989	0
2990	3
2991	0
2992	3
2993	3
2994	3
2995	1
2996	0
2997	0
2998	2
2999	0
3000	0
3001	3
3002	1
3003	0
3004	0
3005	3
3006	3
3007	3
3008	0
3009	3
3010	2
3011	0
3012	1
3013	0
3014	2
3015	3
3016	0
3017	0
3018	3
3019	3
3020	3
3021	2
3022	0
3023	1
3024	0
3025	0
3026	3
3027	0
3028	0
3029	0
3030	0
3031	3
3032	1
3033	3
3034	3
3035	3
3036	2
3037	0
3038	0
3039	3
3040	3
3041	1
3042	3
3043	0
3044	0
3045	2
3046	2
3047	0
3048	3
3049	0
3050	0
3051	1
3052	0
3053	3
3054	0
3055	3
3056	2
3057	3
3058	0
3059	3
3060	0
3061	0
3062	3
3063	2
3064	3
3065	3
3066	0
3067	3
3068	0
3069	3
3070	3
3071	3
3072	0
3073	3
3074	0
3075	0
3076	0
3077	0
3078	3
3079	0
3080	2
3081	3
3082	3
3083	0
3084	3
3085	3
3086	3
3087	0
3088	2
3089	3
3090	3
3091	3
3092	3
3093	3
3094	0
3095	0
3096	0
3097	0
3098	1
3099	2
3100	0
3101	0
3102	3
3103	3
3104	3
3105	0
3106	0
3107	0
3108	3
3109	1
3110	2
3111	3
3112	0
3113	0
3114	0
3115	1
3116	3
3117	0
3118	0
3119	0
3120	3
3121	3
3122	1
3123	3
3124	0
3125	0
3126	0
3127	3
3128	1
3129	3
3130	0
3131	0
3132	0
3133	0
3134	0
3135	3
3136	3
3137	0
3138	0
3139	3
3140	3
3141	3
3142	2
3143	0
3144	0
3145	3
3146	2
3147	0
3148	2
3149	0
3150	0
3151	3
3152	0
3153	0
3154	1
3155	3
3156	3
3157	0
3158	0
3159	0
3160	0
3161	0
3162	3
3163	3
3164	0
3165	0
3166	0
3167	0
3168	0
3169	3
3170	3
3171	3
3172	0
3173	3
3174	3
3175	0
3176	0
3177	0
3178	0
3179	3
3180	2
3181	3
3182	3
3183	3
3184	3
3185	1
3186	3
3187	2
3188	0
3189	0
3190	2
3191	3
3192	1
3193	2
3194	0
3195	3
3196	0
3197	3
3198	0
3199	1
3200	1
3201	0
3202	3
3203	0
3204	0
3205	3
3206	0
3207	0
3208	0
3209	0
3210	0
3211	2
3212	0
3213	0
3214	0
3215	0
3216	0
3217	3
3218	0
3219	3
3220	3
3221	0
3222	0
3223	0
3224	3
3225	3
3226	0
3227	3
3228	3
3229	0
3230	0
3231	0
3232	3
3233	0
3234	2
3235	3
3236	0
3237	3
3238	0
3239	0
3240	0
3241	3
3242	0
3243	3
3244	3
3245	0
3246	2
3247	2
3248	3
3249	3
3250	0
3251	0
3252	2
3253	1
3254	3
3255	3
3256	3
3257	0
3258	1
3259	0
3260	3
3261	0
3262	0
3263	0
3264	3
3265	0
3266	0
3267	3
3268	2
3269	0
3270	0
3271	3
3272	0
3273	0
3274	3
3275	3
3276	3
3277	2
3278	2
3279	3
3280	2
3281	3
3282	3
3283	0
3284	0
3285	0
3286	0
3287	1
3288	0
3289	0
3290	2
3291	3
3292	3
3293	3
3294	0
3295	3
3296	0
3297	1
3298	0
3299	0
3300	0
3301	3
3302	3
3303	1
3304	0
3305	3
3306	0
3307	1
3308	0
3309	1
3310	1
3311	0
3312	0
3313	3
3314	0
3315	3
3316	3
3317	0
3318	0
3319	0
3320	0
3321	2
3322	0
3323	0
3324	0
3325	3
3326	2
3327	0
3328	3
3329	0
3330	0
3331	2
3332	0
3333	0
3334	0
3335	3
3336	3
3337	2
3338	0
3339	2
3340	0
3341	2
3342	0
3343	0
3344	2
3345	1
3346	3
3347	0
3348	3
3349	0
3350	0
3351	1
3352	0
3353	3
3354	0
3355	3
3356	3
3357	3
3358	0
3359	0
3360	0
3361	3
3362	0
3363	3
3364	2
3365	3
3366	0
3367	3
3368	3
3369	0
3370	0
3371	0
3372	0
3373	0
3374	3
3375	1
3376	0
3377	0
3378	0
3379	0
3380	2
3381	1
3382	0
3383	3
3384	2
3385	0
3386	0
3387	1
3388	3
3389	0
3390	1
3391	3
3392	1
3393	0
3394	0
3395	1
3396	3
3397	3
3398	3
3399	1
3400	3
3401	0
3402	3
3403	0
3404	3
3405	0
3406	0
3407	1
3408	1
3409	3
3410	0
3411	0
3412	1
3413	3
3414	0
3415	1
3416	0
3417	3
3418	3
3419	3
3420	0
3421	1
3422	0
3423	0
3424	0
3425	3
3426	2
3427	1
3428	0
3429	3
3430	0
3431	0
3432	2
3433	3
3434	2
3435	2
3436	3
3437	3
3438	3
3439	0
3440	0
3441	0
3442	3
3443	0
3444	0
3445	0
3446	0
3447	2
3448	0
3449	0
3450	0
3451	0
3452	3
3453	0
3454	3
3455	1
3456	1
3457	3
3458	3
3459	3
3460	0
3461	3
3462	0
3463	0
3464	3
3465	3
3466	0
3467	0
3468	0
3469	1
3470	3
3471	0
3472	1
3473	3
3474	3
3475	3
3476	3
3477	1
3478	0
3479	3
3480	3
3481	0
3482	1
3483	3
3484	0
3485	3
3486	0
3487	3
3488	0
3489	0
3490	3
3491	0
3492	0
3493	2
3494	2
3495	0
3496	3
3497	0
3498	0
3499	0
3500	0
3501	0
3502	2
3503	0
3504	2
3505	3
3506	3
3507	0
3508	0
3509	3
3510	3
3511	3
3512	0
3513	3
3514	0
3515	0
3516	0
3517	0
3518	3
3519	3
3520	2
3521	0
3522	0
3523	0
3524	2
3525	0
3526	0
3527	1
3528	2
3529	1
3530	0
3531	2
3532	3
3533	0
3534	3
3535	3
3536	3
3537	3
3538	3
3539	0
3540	0
3541	0
3542	1
3543	0
3544	0
3545	2
3546	3
3547	3
3548	3
3549	3
3550	0
3551	3
3552	0
3553	1
3554	1
3555	0
3556	0
3557	3
3558	0
3559	3
3560	3
3561	3
3562	0
3563	2
3564	0
3565	3
3566	0
3567	0
3568	3
3569	3
3570	3
3571	3
3572	0
3573	0
3574	3
3575	3
3576	1
3577	0
3578	0
3579	0
3580	3
3581	3
3582	0
3583	0
3584	2
3585	0
3586	3
3587	3
3588	0
3589	0
3590	3
3591	0
3592	3
3593	0
3594	1
3595	3
3596	3
3597	3
3598	2
3599	0
3600	0
3601	3
3602	3
3603	3
3604	3
3605	3
3606	3
3607	0
3608	0
3609	3
3610	3
3611	3
3612	3
3613	1
3614	3
3615	3
3616	3
3617	1
3618	0
3619	3
3620	3
3621	0
3622	2
3623	3
3624	3
3625	0
3626	0
3627	3
3628	2
3629	0
3630	1
3631	1
3632	2
3633	0
3634	3
3635	2
3636	0
3637	3
3638	0
3639	0
3640	1
3641	0
3642	0
3643	0
3644	1
3645	0
3646	3
3647	3
3648	3
3649	0
3650	0
3651	3
3652	3
3653	0
3654	3
3655	0
3656	0
3657	0
3658	0
3659	3
3660	3
3661	0
3662	0
3663	3
3664	3
3665	3
3666	0
3667	0
3668	0
3669	3
3670	3
3671	0
3672	1
3673	0
3674	3
3675	3
3676	0
3677	1
3678	0
3679	0
3680	0
3681	3
3682	0
3683	3
3684	1
3685	2
3686	2
3687	3
3688	0
3689	0
3690	1
3691	3
3692	3
3693	0
3694	0
3695	0
3696	0
3697	0
3698	3
3699	3
3700	2
3701	3
3702	0
3703	1
3704	2
3705	0
3706	0
3707	1
3708	3
3709	3
3710	3
3711	0
3712	3
3713	3
3714	3
3715	0
3716	1
3717	3
3718	0
3719	0
3720	0
3721	0
3722	0
3723	0
3724	0
3725	1
3726	3
3727	0
3728	0
3729	3
3730	3
3731	0
3732	2
3733	1
3734	0
3735	3
3736	3
3737	3
3738	0
3739	3
3740	3
3741	3
3742	3
3743	3
3744	3
3745	0
3746	0
3747	3
3748	3
3749	3
3750	2
3751	3
3752	3
3753	0
3754	3
3755	3
3756	3
3757	3
3758	3
3759	3
3760	3
3761	2
3762	3
3763	3
3764	0
3765	0
3766	3
3767	0
3768	0
3769	3
3770	0
3771	3
3772	3
3773	0
3774	3
3775	0
3776	3
3777	3
3778	0
3779	0
3780	0
3781	0
3782	0
3783	0
3784	0
3785	3
3786	0
3787	1
3788	0
3789	3
3790	3
3791	1
3792	0
3793	2
3794	3
3795	1
3796	1
3797	0
3798	0
3799	0
3800	0
3801	2
3802	3
3803	0
3804	3
3805	0
3806	0
3807	3
3808	2
3809	0
3810	0
3811	0
3812	0
3813	3
3814	0
3815	0
3816	3
3817	0
3818	3
3819	3
3820	1
3821	3
3822	0
3823	3
3824	3
3825	2
3826	3
3827	3
3828	3
3829	2
3830	0
3831	0
3832	0
3833	0
3834	1
3835	3
3836	0
3837	3
3838	3
3839	1
3840	2
3841	0
3842	3
3843	1
3844	0
3845	0
3846	1
3847	0
3848	0
3849	1
3850	3
3851	0
3852	0
3853	3
3854	0
3855	0
3856	2
3857	3
3858	3
3859	2
3860	3
3861	3
3862	0
3863	0
3864	0
3865	3
3866	3
3867	3
3868	0
3869	0
3870	3
3871	1
3872	1
3873	0
3874	0
3875	0
3876	3
3877	3
3878	3
3879	3
3880	3
3881	0
3882	0
3883	3
3884	0
3885	0
3886	3
3887	0
3888	0
3889	3
3890	1
3891	2
3892	0
3893	0
3894	0
3895	0
3896	0
3897	0
3898	0
3899	3
3900	1
3901	0
3902	3
3903	2
3904	3
3905	1
3906	0
3907	3
3908	3
3909	0
3910	2
3911	3
3912	2
3913	0
3914	0
3915	3
3916	0
3917	0
3918	0
3919	0
3920	2
3921	2
3922	3
3923	3
3924	0
3925	3
3926	0
3927	3
3928	0
3929	0
3930	3
3931	3
3932	3
3933	0
3934	0
3935	0
3936	1
3937	0
3938	3
3939	0
3940	0
3941	3
3942	0
3943	3
3944	0
3945	0
3946	0
3947	3
3948	3
3949	0
3950	3
3951	0
3952	0
3953	3
3954	3
3955	3
3956	2
3957	0
3958	3
3959	2
3960	0
3961	3
3962	0
3963	0
3964	3
3965	0
3966	0
3967	0
3968	0
3969	0
3970	2
3971	2
3972	2
3973	3
3974	0
3975	0
3976	0
3977	0
3978	0
3979	0
3980	0
3981	0
3982	0
3983	2
3984	0
3985	0
3986	0
3987	2
3988	0
3989	0
3990	2
3991	0
3992	3
3993	0
3994	3
3995	0
3996	0
3997	1
3998	0
3999	0
4000	2
4001	0
4002	0
4003	3
4004	0
4005	3
4006	3
4007	2
4008	3
4009	0
4010	2
4011	2
4012	2
4013	3
4014	2
4015	1
4016	3
4017	0
4018	0
4019	0
4020	3
4021	3
4022	3
4023	3
4024	1
4025	0
4026	3
4027	3
4028	0
4029	1
4030	3
4031	0
4032	1
4033	3
4034	0
4035	3
4036	2
4037	0
4038	0
4039	3
4040	0
4041	3
4042	3
4043	3
4044	3
4045	3
4046	0
4047	3
4048	3
4049	2
4050	3
4051	0
4052	0
4053	0
4054	0
4055	3
4056	0
4057	1
4058	3
4059	0
4060	2
4061	0
4062	0
4063	3
4064	3
4065	0
4066	0
4067	0
4068	0
4069	0
4070	0
4071	2
4072	3
4073	3
4074	0
4075	3
4076	0
4077	3
4078	2
4079	0
4080	0
4081	2
4082	0
4083	3
4084	0
4085	3
4086	2
4087	3
4088	3
4089	3
4090	3
4091	0
4092	1
4093	1
4094	0
4095	3
4096	2
4097	3
4098	3
4099	3
4100	3
4101	0
4102	2
4103	0
4104	3
4105	3
4106	3
4107	3
4108	3
4109	3
4110	3
4111	3
4112	3
4113	3
4114	3
4115	0
4116	3
4117	2
4118	0
4119	0
4120	3
4121	1
4122	1
4123	3
4124	3
4125	1
4126	3
4127	3
4128	0
4129	1
4130	3
4131	1
4132	3
4133	3
4134	0
4135	3
4136	0
4137	0
4138	1
4139	0
4140	3
4141	3
4142	0
4143	3
4144	3
4145	0
4146	3
4147	0
4148	0
4149	0
4150	0
4151	0
4152	3
4153	0
4154	0
4155	0
4156	1
4157	3
4158	0
4159	3
4160	3
4161	2
4162	0
4163	3
4164	3
4165	3
4166	1
4167	3
4168	0
4169	3
4170	0
4171	0
4172	3
4173	3
4174	3
4175	0
4176	0
4177	0
4178	0
4179	3
4180	0
4181	1
4182	1
4183	3
4184	3
4185	2
4186	3
4187	0
4188	3
4189	3
4190	2
4191	3
4192	0
4193	0
4194	3
4195	3
4196	0
4197	3
4198	0
4199	1
4200	0
4201	0
4202	0
4203	0
4204	0
4205	0
4206	3
4207	3
4208	0
4209	3
4210	1
4211	3
4212	3
4213	3
4214	0
4215	0
4216	1
4217	0
4218	0
4219	0
4220	0
4221	1
4222	3
4223	1
4224	3
4225	1
4226	3
4227	3
4228	3
4229	3
4230	0
4231	3
4232	1
4233	0
4234	0
4235	0
4236	3
4237	3
4238	3
4239	0
4240	3
4241	3
4242	0
4243	1
4244	3
4245	0
4246	2
4247	0
4248	3
4249	3
4250	0
4251	0
4252	1
4253	3
4254	0
4255	0
4256	3
4257	3
4258	3
4259	3
4260	3
4261	0
4262	0
4263	3
4264	0
4265	0
4266	3
4267	2
4268	0
4269	3
4270	0
4271	3
4272	3
4273	0
4274	3
4275	0
4276	2
4277	3
4278	0
4279	0
4280	3
4281	1
4282	0
4283	3
4284	0
4285	3
4286	3
4287	2
4288	2
4289	1
4290	0
4291	0
4292	0
4293	0
4294	2
4295	3
4296	0
4297	0
4298	3
4299	3
4300	0
4301	3
4302	3
4303	0
4304	0
4305	1
4306	0
4307	0
4308	0
4309	3
4310	0
4311	2
4312	0
4313	0
4314	3
4315	0
4316	0
4317	3
4318	1
4319	3
4320	2
4321	3
4322	1
4323	0
4324	0
4325	3
4326	2
4327	3
4328	3
4329	2
4330	1
4331	3
4332	1
4333	0
4334	1
4335	3
4336	0
4337	2
4338	0
4339	0
4340	1
4341	3
4342	0
4343	0
4344	0
4345	0
4346	0
4347	3
4348	0
4349	3
4350	3
4351	0
4352	0
4353	3
4354	3
4355	0
4356	3
4357	3
4358	3
4359	0
4360	0
4361	3
4362	2
4363	0
4364	2
4365	3
4366	0
4367	3
4368	3
4369	0
4370	3
4371	0
4372	0
4373	3
4374	0
4375	3
4376	2
4377	3
4378	0
4379	3
4380	3
4381	3
4382	2
4383	3
4384	0
4385	3
4386	0
4387	0
4388	3
4389	2
4390	3
4391	0
4392	2
4393	3
4394	0
4395	0
4396	3
4397	2
4398	0
4399	0
4400	2
4401	0
4402	2
4403	0
4404	0
4405	1
4406	0
4407	0
4408	3
4409	0
4410	2
4411	1
4412	3
4413	3
4414	0
4415	3
4416	3
4417	3
4418	0
4419	0
4420	0
4421	2
4422	3
4423	0
4424	3
4425	0
4426	2
4427	0
4428	3
4429	3
4430	2
4431	0
4432	0
4433	0
4434	2
4435	3
4436	0
4437	3
4438	0
4439	3
4440	3
4441	0
4442	0
4443	3
4444	0
4445	3
4446	0
4447	0
4448	3
4449	0
4450	3
4451	3
4452	3
4453	3
4454	3
4455	0
4456	0
4457	0
4458	0
4459	0
4460	1
4461	0
4462	3
4463	3
4464	2
4465	3
4466	1
4467	3
4468	1
4469	3
4470	3
4471	0
4472	3
4473	3
4474	3
4475	2
4476	0
4477	0
4478	3
4479	0
4480	3
4481	0
4482	0
4483	2
4484	1
4485	0
4486	0
4487	2
4488	3
4489	3
4490	2
4491	0
4492	3
4493	1
4494	3
4495	0
4496	0
4497	3
4498	0
4499	3
4500	1
4501	0
4502	3
4503	3
4504	3
4505	0
4506	2
4507	3
4508	3
4509	0
4510	0
4511	3
4512	1
4513	3
4514	0
4515	2
4516	0
4517	0
4518	0
4519	3
4520	3
4521	0
4522	0
4523	0
4524	0
4525	0
4526	0
4527	2
4528	3
4529	0
4530	3
4531	3
4532	0
4533	3
4534	0
4535	3
4536	3
4537	3
4538	3
4539	3
4540	0
4541	3
4542	3
4543	3
4544	2
4545	0
4546	3
4547	3
4548	1
4549	1
4550	1
4551	2
4552	3
4553	0
4554	0
4555	0
4556	3
4557	3
4558	3
4559	0
4560	3
4561	3
4562	3
4563	3
4564	0
4565	0
4566	3
4567	3
4568	0
4569	3
4570	0
4571	2
4572	2
4573	0
4574	0
4575	3
4576	0
4577	3
4578	0
4579	0
4580	0
4581	3
4582	0
4583	0
4584	3
4585	2
4586	2
4587	1
4588	1
4589	3
4590	3
4591	0
4592	0
4593	0
4594	0
4595	0
4596	3
4597	0
4598	2
4599	3
4600	3
4601	0
4602	0
4603	3
4604	3
4605	0
4606	3
4607	3
4608	0
4609	2
4610	3
4611	3
4612	0
4613	3
4614	2
4615	3
4616	0
4617	3
4618	1
4619	0
4620	2
4621	3
4622	3
4623	0
4624	0
4625	0
4626	3
4627	0
4628	0
4629	3
4630	1
4631	1
4632	0
4633	2
4634	0
4635	2
4636	0
4637	0
4638	3
4639	3
4640	0
4641	3
4642	2
4643	0
4644	3
4645	0
4646	3
4647	3
4648	1
4649	3
4650	3
4651	3
4652	2
4653	0
4654	3
4655	1
4656	0
4657	0
4658	3
4659	0
4660	3
4661	3
4662	0
4663	1
4664	3
4665	3
4666	0
4667	0
4668	0
4669	3
4670	0
4671	0
4672	3
4673	0
4674	0
4675	1
4676	2
4677	2
4678	0
4679	3
4680	0
4681	3
4682	0
4683	0
4684	3
4685	0
4686	3
4687	3
4688	3
4689	0
4690	0
4691	3
4692	2
4693	0
4694	3
4695	2
4696	3
4697	3
4698	0
4699	0
4700	3
4701	3
4702	3
4703	0
4704	3
4705	1
4706	3
4707	3
4708	3
4709	0
4710	3
4711	2
4712	3
4713	3
4714	0
4715	0
4716	3
4717	3
4718	3
4719	0
4720	3
4721	0
4722	3
4723	3
4724	2
4725	3
4726	3
4727	1
4728	0
4729	3
4730	0
4731	0
4732	3
4733	3
4734	0
4735	3
4736	2
4737	0
4738	0
4739	0
4740	2
4741	1
4742	0
4743	1
4744	0
4745	0
4746	3
4747	0
4748	0
4749	2
4750	3
4751	0
4752	0
4753	0
4754	3
4755	3
4756	0
4757	0
4758	0
4759	0
4760	3
4761	0
4762	3
4763	0
4764	3
4765	3
4766	0
4767	0
4768	3
4769	3
4770	2
4771	3
4772	0
4773	0
4774	3
4775	0
4776	3
4777	1
4778	0
4779	3
4780	3
4781	0
4782	0
4783	3
4784	0
4785	2
4786	3
4787	0
4788	2
4789	3
4790	3
4791	3
4792	0
4793	3
4794	0
4795	0
4796	0
4797	3
4798	3
4799	0
4800	0
4801	3
4802	0
4803	0
4804	3
4805	0
4806	3
4807	3
4808	0
4809	0
4810	3
4811	0
4812	3
4813	0
4814	0
4815	0
4816	3
4817	0
4818	1
4819	3
4820	1
4821	0
4822	3
4823	0
4824	0
4825	1
4826	1
4827	0
4828	3
4829	0
4830	0
4831	0
4832	3
4833	3
4834	0
4835	0
4836	0
4837	0
4838	0
4839	3
4840	3
4841	0
4842	3
4843	3
4844	3
4845	3
4846	0
4847	0
4848	0
4849	1
4850	0
4851	3
4852	3
4853	0
4854	0
4855	0
4856	1
4857	0
4858	3
4859	0
4860	0
4861	1
4862	3
4863	0
4864	3
4865	1
4866	3
4867	3
4868	3
4869	3
4870	0
4871	3
4872	2
4873	3
4874	2
4875	1
4876	0
4877	0
4878	3
4879	3
4880	2
4881	0
4882	0
4883	3
4884	3
4885	0
4886	0
4887	3
4888	0
4889	3
4890	0
4891	3
4892	1
4893	3
4894	3
4895	0
4896	1
4897	3
4898	3
4899	0
4900	3
4901	3
4902	3
4903	0
4904	0
4905	2
4906	2
4907	0
4908	0
4909	0
4910	3
4911	1
4912	0
4913	0
4914	0
4915	0
4916	0
4917	0
4918	0
4919	1
4920	3
4921	0
4922	0
4923	3
4924	0
4925	3
4926	0
4927	3
4928	0
4929	0
4930	0
4931	0
4932	3
4933	1
4934	0
4935	3
4936	0
4937	2
4938	3
4939	2
4940	3
4941	3
4942	0
4943	3
4944	0
4945	0
4946	0
4947	3
4948	3
4949	0
4950	0
4951	3
4952	2
4953	0
4954	3
4955	3
4956	3
4957	2
4958	0
4959	2
4960	3
4961	1
4962	3
4963	1
4964	0
4965	3
4966	3
4967	3
4968	0
4969	3
4970	1
4971	3
4972	2
4973	0
4974	0
4975	0
4976	0
4977	1
4978	3
4979	1
4980	3
4981	0
4982	3
4983	0
4984	1
4985	3
4986	0
4987	0
4988	0
4989	3
4990	0
4991	0
4992	0
4993	0
4994	3
4995	0
4996	3
4997	3
4998	3
4999	3
5000	0
5001	3
5002	3
5003	3
5004	2
5005	0
5006	3
5007	3
5008	0
5009	0
5010	2
5011	0
5012	3
5013	3
5014	0
5015	3
5016	3
5017	2
5018	0
5019	0
5020	3
5021	2
5022	0
5023	3
5024	0
5025	3
5026	0
5027	0
5028	0
5029	2
5030	0
5031	2
5032	3
5033	0
5034	3
5035	0
5036	2
5037	0
5038	3
5039	0
5040	1
5041	0
5042	2
5043	0
5044	3
5045	2
5046	0
5047	0
5048	0
5049	3
5050	0
5051	3
5052	0
5053	3
5054	3
5055	0
5056	3
5057	0
5058	1
5059	3
5060	0
5061	0
5062	0
5063	0
5064	0
5065	3
5066	2
5067	3
5068	3
5069	1
5070	3
5071	0
5072	3
5073	3
5074	3
5075	1
5076	0
5077	2
5078	0
5079	3
5080	0
5081	3
5082	3
5083	2
5084	0
5085	2
5086	0
5087	0
5088	3
5089	3
5090	3
5091	2
5092	3
5093	1
5094	0
5095	3
5096	2
5097	3
5098	3
5099	3
5100	3
5101	3
5102	3
5103	3
5104	3
5105	0
5106	0
5107	3
5108	1
5109	2
5110	3
5111	2
5112	0
5113	0
5114	3
5115	0
5116	1
5117	0
5118	0
5119	0
5120	3
5121	0
5122	0
5123	2
5124	1
5125	0
5126	3
5127	0
5128	3
5129	1
5130	0
5131	3
5132	1
5133	0
5134	0
5135	3
5136	3
5137	2
5138	3
5139	3
5140	0
5141	3
5142	0
5143	2
5144	3
5145	3
5146	1
5147	0
5148	0
5149	0
5150	0
5151	3
5152	0
5153	0
5154	1
5155	2
5156	0
5157	3
5158	0
5159	0
5160	0
5161	0
5162	2
5163	0
5164	3
5165	3
5166	3
5167	3
5168	3
5169	2
5170	0
5171	3
5172	3
5173	2
5174	2
5175	0
5176	1
5177	0
5178	0
5179	3
5180	0
5181	0
5182	3
5183	0
5184	0
5185	3
5186	0
5187	3
5188	3
5189	3
5190	0
5191	3
5192	0
5193	0
5194	0
5195	3
5196	3
5197	3
5198	2
5199	3
5200	0
5201	3
5202	0
5203	3
5204	2
5205	3
5206	0
5207	0
5208	3
5209	2
5210	0
5211	1
5212	3
5213	1
5214	0
5215	0
5216	0
5217	3
5218	1
5219	0
5220	3
5221	3
5222	0
5223	0
5224	3
5225	2
5226	2
5227	0
5228	3
5229	0
5230	1
5231	0
5232	3
5233	0
5234	0
5235	3
5236	0
5237	0
5238	3
5239	2
5240	3
5241	0
5242	0
5243	0
5244	0
5245	1
5246	3
5247	0
5248	3
5249	3
5250	0
5251	0
5252	3
5253	3
5254	0
5255	3
5256	3
5257	0
5258	3
5259	3
5260	3
5261	0
5262	3
5263	2
5264	0
5265	0
5266	0
5267	0
5268	1
5269	3
5270	3
5271	3
5272	3
5273	3
5274	3
5275	0
5276	1
5277	0
5278	2
5279	0
5280	3
5281	3
5282	3
5283	3
5284	1
5285	0
5286	3
5287	0
5288	2
5289	0
5290	3
5291	0
5292	3
5293	0
5294	0
5295	3
5296	0
5297	0
5298	0
5299	0
5300	0
5301	3
5302	2
5303	1
5304	0
5305	0
5306	3
5307	3
5308	3
5309	3
5310	3
5311	0
5312	0
5313	3
5314	0
5315	3
5316	3
5317	0
5318	3
5319	3
5320	1
5321	3
5322	3
5323	0
5324	3
5325	3
5326	0
5327	0
5328	3
5329	0
5330	0
5331	1
5332	0
5333	0
5334	3
5335	0
5336	0
5337	3
5338	0
5339	0
5340	3
5341	0
5342	0
5343	3
5344	0
5345	3
5346	0
5347	0
5348	0
5349	3
5350	2
5351	1
5352	0
5353	0
5354	3
5355	0
5356	0
5357	0
5358	0
5359	2
5360	2
5361	3
5362	0
5363	0
5364	3
5365	0
5366	2
5367	3
5368	3
5369	3
5370	0
5371	0
5372	0
5373	0
5374	1
5375	3
5376	3
5377	0
5378	3
5379	3
5380	0
5381	0
5382	3
5383	0
5384	3
5385	3
5386	3
5387	3
5388	3
5389	3
5390	0
5391	3
5392	3
5393	0
5394	3
5395	0
5396	0
5397	3
5398	0
5399	1
5400	3
5401	1
5402	1
5403	0
5404	3
5405	0
5406	1
5407	2
5408	3
5409	0
5410	0
5411	3
5412	3
5413	3
5414	3
5415	0
5416	0
5417	3
5418	3
5419	0
5420	0
5421	0
5422	0
5423	2
5424	3
5425	3
5426	3
5427	3
5428	0
5429	2
5430	1
5431	0
5432	0
5433	2
5434	3
5435	3
5436	0
5437	0
5438	0
5439	0
5440	0
5441	2
5442	3
5443	0
5444	3
5445	3
5446	0
5447	3
5448	0
5449	0
5450	0
5451	2
5452	0
5453	0
5454	3
5455	2
5456	0
5457	3
5458	1
5459	0
5460	3
5461	2
5462	3
5463	3
5464	3
5465	0
5466	0
5467	1
5468	3
5469	3
5470	0
5471	3
5472	0
5473	0
5474	0
5475	2
5476	3
5477	3
5478	3
5479	3
5480	3
5481	3
5482	0
5483	0
5484	3
5485	3
5486	1
5487	0
5488	3
5489	3
5490	3
5491	3
5492	2
5493	3
5494	3
5495	1
5496	3
5497	0
5498	0
5499	0
5500	0
5501	1
5502	0
5503	0
5504	3
5505	3
5506	0
5507	0
5508	3
5509	3
5510	0
5511	3
5512	3
5513	3
5514	0
5515	0
5516	0
5517	0
5518	3
5519	1
5520	0
5521	3
5522	0
5523	3
5524	0
5525	3
5526	0
5527	0
5528	0
5529	2
5530	0
5531	0
5532	0
5533	0
5534	0
5535	1
5536	3
5537	3
5538	0
5539	0
5540	3
5541	2
5542	2
5543	0
5544	3
5545	0
5546	3
5547	1
5548	2
5549	0
5550	0
5551	3
5552	0
5553	0
5554	0
5555	0
5556	0
5557	3
5558	3
5559	3
5560	3
5561	3
5562	2
5563	3
5564	0
5565	3
5566	3
5567	0
5568	3
5569	3
5570	3
5571	3
5572	0
5573	3
5574	1
5575	3
5576	3
5577	3
5578	0
5579	3
5580	3
5581	3
5582	1
5583	0
5584	0
5585	0
5586	0
5587	0
5588	0
5589	0
5590	3
5591	3
5592	0
5593	3
5594	3
5595	3
5596	0
5597	3
5598	3
5599	3
5600	0
5601	0
5602	0
5603	0
5604	3
5605	0
5606	0
5607	0
5608	0
5609	2
5610	0
5611	3
5612	0
5613	3
5614	1
5615	3
5616	1
5617	1
5618	0
5619	3
5620	3
5621	3
5622	3
5623	3
5624	0
5625	3
5626	0
5627	3
5628	0
5629	2
5630	0
5631	3
5632	0
5633	3
5634	0
5635	3
5636	3
5637	3
5638	3
5639	1
5640	0
5641	3
5642	3
5643	3
5644	0
5645	3
5646	2
5647	3
5648	3
5649	0
5650	1
5651	0
5652	2
5653	3
5654	3
5655	0
5656	3
5657	3
5658	0
5659	3
5660	3
5661	0
5662	0
5663	3
5664	0
5665	2
5666	0
5667	3
5668	3
5669	3
5670	0
5671	2
5672	0
5673	0
5674	0
5675	2
5676	0
5677	1
5678	3
5679	0
5680	0
5681	0
5682	3
5683	0
5684	0
5685	3
5686	1
5687	2
5688	3
5689	3
5690	0
5691	3
5692	0
5693	0
5694	0
5695	0
5696	1
5697	0
5698	0
5699	2
5700	0
5701	0
5702	1
5703	3
5704	0
5705	0
5706	0
5707	3
5708	3
5709	3
5710	0
5711	2
5712	0
5713	2
5714	0
5715	3
5716	0
5717	1
5718	1
5719	0
5720	3
5721	3
5722	2
5723	2
5724	3
5725	3
5726	0
5727	0
5728	0
5729	3
5730	3
5731	2
5732	0
5733	0
5734	1
5735	3
5736	3
5737	2
5738	2
5739	3
5740	0
5741	2
5742	0
5743	0
5744	3
5745	3
5746	0
5747	2
5748	3
5749	0
5750	0
5751	0
5752	2
5753	2
5754	0
5755	1
5756	3
5757	0
5758	0
5759	3
5760	2
5761	2
5762	0
5763	3
5764	3
5765	0
5766	3
5767	2
5768	0
5769	0
5770	0
5771	2
5772	0
5773	0
5774	3
5775	3
5776	0
5777	3
5778	3
5779	1
5780	0
5781	0
5782	0
5783	3
5784	0
5785	3
5786	0
5787	2
5788	0
5789	0
5790	0
5791	3
5792	3
5793	0
5794	3
5795	0
5796	2
5797	3
5798	3
5799	0
5800	3
5801	0
5802	3
5803	0
5804	0
5805	3
5806	0
5807	0
5808	3
5809	0
5810	3
5811	0
5812	0
5813	2
5814	2
5815	3
5816	0
5817	1
5818	0
5819	0
5820	0
5821	3
5822	3
5823	0
5824	0
5825	3
5826	0
5827	3
5828	3
5829	3
5830	3
5831	3
5832	2
5833	0
5834	3
5835	3
5836	2
5837	3
5838	1
5839	1
5840	2
5841	0
5842	0
5843	3
5844	0
5845	2
5846	1
5847	3
5848	0
5849	0
5850	0
5851	0
5852	3
5853	0
5854	0
5855	1
5856	3
5857	0
5858	3
5859	0
5860	0
5861	1
5862	0
5863	3
5864	1
5865	1
5866	3
5867	3
5868	1
5869	3
5870	0
5871	0
5872	0
5873	0
5874	0
5875	0
5876	2
5877	3
5878	0
5879	0
5880	3
5881	2
5882	0
5883	3
5884	3
5885	0
5886	3
5887	3
5888	0
5889	1
5890	0
5891	1
5892	3
5893	3
5894	3
5895	3
5896	0
5897	3
5898	3
5899	2
5900	0
5901	0
5902	0
5903	0
5904	0
5905	0
5906	1
5907	0
5908	0
5909	0
5910	0
5911	0
5912	1
5913	3
5914	3
5915	2
5916	3
5917	3
5918	3
5919	0
5920	0
5921	3
5922	0
5923	3
5924	0
5925	3
5926	3
5927	0
5928	0
5929	0
5930	0
5931	0
5932	0
5933	0
5934	0
5935	3
5936	2
5937	0
5938	1
5939	0
5940	3
5941	3
5942	0
5943	0
5944	0
5945	3
5946	0
5947	3
5948	2
5949	0
5950	3
5951	1
5952	0
5953	1
5954	0
5955	3
5956	2
5957	3
5958	2
5959	2
5960	0
5961	0
5962	3
5963	0
5964	3
5965	3
5966	1
5967	1
5968	0
5969	3
5970	0
5971	3
5972	0
5973	3
5974	3
5975	0
5976	0
5977	3
5978	0
5979	0
5980	1
5981	0
5982	3
5983	0
5984	0
5985	2
5986	3
5987	3
5988	3
5989	0
5990	1
5991	3
5992	0
5993	0
5994	0
5995	3
5996	3
5997	0
5998	0
5999	0
6000	3
6001	3
6002	1
6003	3
6004	2
6005	0
6006	3
6007	3
6008	3
6009	2
6010	1
6011	0
6012	0
6013	0
6014	0
6015	2
6016	3
6017	0
6018	0
6019	0
6020	0
6021	2
6022	3
6023	3
6024	0
6025	2
6026	0
6027	3
6028	3
6029	0
6030	2
6031	3
6032	0
6033	0
6034	0
6035	0
6036	1
6037	0
6038	0
6039	1
6040	3
6041	3
6042	1
6043	1
6044	3
6045	0
6046	0
6047	3
6048	0
6049	3
6050	0
6051	3
6052	0
6053	1
6054	0
6055	0
6056	3
6057	3
6058	3
6059	1
6060	0
6061	0
6062	0
6063	3
6064	0
6065	0
6066	1
6067	3
6068	3
6069	3
6070	3
6071	3
6072	3
6073	3
6074	0
6075	3
6076	0
6077	0
6078	3
6079	3
6080	2
6081	0
6082	0
6083	2
6084	0
6085	1
6086	0
6087	3
6088	3
6089	1
6090	0
6091	3
6092	2
6093	2
6094	0
6095	0
6096	2
6097	0
6098	3
6099	0
6100	0
6101	0
6102	3
6103	0
6104	0
6105	3
6106	3
6107	0
6108	3
6109	0
6110	0
6111	3
6112	2
6113	0
6114	3
6115	0
6116	0
6117	3
6118	0
6119	3
6120	0
6121	0
6122	3
6123	0
6124	3
6125	3
6126	2
6127	0
6128	0
6129	3
6130	0
6131	3
6132	3
6133	0
6134	2
6135	3
6136	3
6137	0
6138	0
6139	2
6140	0
6141	1
6142	0
6143	0
6144	0
6145	3
6146	0
6147	2
6148	0
6149	0
6150	0
6151	3
6152	3
6153	3
6154	2
6155	3
6156	3
6157	3
6158	0
6159	0
6160	3
6161	0
6162	3
6163	0
6164	0
6165	0
6166	2
6167	1
6168	3
6169	3
6170	3
6171	0
6172	3
6173	3
6174	0
6175	0
6176	3
6177	2
6178	2
6179	3
6180	3
6181	3
6182	0
6183	3
6184	0
6185	0
6186	3
6187	3
6188	0
6189	1
6190	0
6191	3
6192	3
6193	3
6194	3
6195	3
6196	2
6197	2
6198	3
6199	2
6200	0
6201	0
6202	0
6203	0
6204	0
6205	2
6206	0
6207	1
6208	3
6209	3
6210	0
6211	0
6212	0
6213	3
6214	3
6215	2
6216	0
6217	3
6218	0
6219	0
6220	3
6221	3
6222	0
6223	1
6224	0
6225	0
6226	0
6227	0
6228	2
6229	3
6230	1
6231	3
6232	0
6233	3
6234	3
6235	2
6236	3
6237	0
6238	3
6239	3
6240	3
6241	3
6242	3
6243	3
6244	3
6245	3
6246	3
6247	0
6248	3
6249	3
6250	0
6251	3
6252	0
6253	3
6254	3
6255	0
6256	2
6257	0
6258	3
6259	3
6260	3
6261	0
6262	0
6263	0
6264	0
6265	1
6266	3
6267	3
6268	0
6269	2
6270	0
6271	3
6272	0
6273	3
6274	3
6275	2
6276	3
6277	3
6278	0
6279	3
6280	2
6281	0
6282	3
6283	0
6284	2
6285	3
6286	3
6287	0
6288	0
6289	0
6290	0
6291	3
6292	0
6293	0
6294	0
6295	0
6296	0
6297	3
6298	3
6299	2
6300	3
6301	0
6302	0
6303	0
6304	0
6305	0
6306	3
6307	3
6308	3
6309	0
6310	0
6311	0
6312	3
6313	0
6314	1
6315	0
6316	0
6317	1
6318	0
6319	3
6320	3
6321	0
6322	3
6323	3
6324	3
6325	3
6326	0
6327	0
6328	0
6329	0
6330	0
6331	1
6332	0
6333	1
6334	0
6335	2
6336	2
6337	0
6338	0
6339	3
6340	0
6341	1
6342	3
6343	1
6344	3
6345	0
6346	3
6347	3
6348	3
6349	3
6350	3
6351	0
6352	0
6353	0
6354	0
6355	3
6356	0
6357	0
6358	3
6359	0
6360	3
6361	0
6362	0
6363	0
6364	3
6365	0
6366	0
6367	3
6368	3
6369	3
6370	1
6371	3
6372	1
6373	0
6374	0
6375	0
6376	2
6377	3
6378	0
6379	0
6380	3
6381	1
6382	3
6383	0
6384	0
6385	0
6386	3
6387	0
6388	0
6389	0
6390	0
6391	2
6392	2
6393	0
6394	0
6395	2
6396	3
6397	2
6398	0
6399	3
6400	3
6401	3
6402	0
6403	1
6404	3
6405	0
6406	3
6407	2
6408	0
6409	3
6410	0
6411	1
6412	3
6413	3
6414	1
6415	0
6416	3
6417	0
6418	3
6419	0
6420	2
6421	3
6422	3
6423	3
6424	0
6425	3
6426	0
6427	0
6428	3
6429	3
6430	2
6431	0
6432	3
6433	0
6434	3
6435	0
6436	0
6437	1
6438	1
6439	3
6440	3
6441	0
6442	3
6443	0
6444	3
6445	3
6446	0
6447	2
6448	0
6449	0
6450	3
6451	3
6452	2
6453	0
6454	0
6455	0
6456	2
6457	0
6458	1
6459	0
6460	0
6461	3
6462	3
6463	3
6464	3
6465	3
6466	0
6467	3
6468	3
6469	0
6470	3
6471	1
6472	0
6473	0
6474	0
6475	0
6476	3
6477	0
6478	3
6479	0
6480	0
6481	0
6482	0
6483	3
6484	2
6485	2
6486	3
6487	0
6488	3
6489	2
6490	0
6491	3
6492	0
6493	0
6494	3
6495	0
6496	3
6497	3
6498	3
6499	3
6500	3
6501	3
6502	0
6503	1
6504	3
6505	3
6506	0
6507	3
6508	3
6509	0
6510	3
6511	0
6512	1
6513	0
6514	0
6515	3
6516	0
6517	0
6518	3
6519	0
6520	0
6521	3
6522	0
6523	0
6524	0
6525	0
6526	3
6527	3
6528	0
6529	3
6530	0
6531	0
6532	0
6533	3
6534	3
6535	0
6536	1
6537	0
6538	3
6539	0
6540	3
6541	1
6542	3
6543	3
6544	3
6545	1
6546	3
6547	2
6548	0
6549	0
6550	3
6551	3
6552	0
6553	3
6554	3
6555	3
6556	1
6557	0
6558	0
6559	0
6560	0
6561	0
6562	0
6563	0
6564	3
6565	2
6566	0
6567	0
6568	3
6569	0
6570	0
6571	0
6572	0
6573	2
6574	0
6575	0
6576	0
6577	0
6578	3
6579	0
6580	0
6581	3
6582	3
6583	0
6584	3
6585	3
6586	3
6587	0
6588	3
6589	2
6590	2
6591	3
6592	0
6593	3
6594	0
6595	0
6596	3
6597	0
6598	0
6599	3
6600	0
6601	0
6602	3
6603	2
6604	0
6605	3
6606	3
6607	0
6608	0
6609	0
6610	0
6611	3
6612	0
6613	2
6614	1
6615	0
6616	3
6617	3
6618	3
6619	0
6620	0
6621	3
6622	1
6623	3
6624	2
6625	3
6626	0
6627	2
6628	1
6629	1
6630	0
6631	0
6632	0
6633	0
6634	0
6635	2
6636	0
6637	3
6638	0
6639	0
6640	3
6641	3
6642	0
6643	0
6644	3
6645	0
6646	0
6647	0
6648	1
6649	0
6650	0
6651	3
6652	3
6653	2
6654	0
6655	3
6656	3
6657	3
6658	3
6659	0
6660	3
6661	0
6662	0
6663	3
6664	0
6665	3
6666	0
6667	0
6668	3
6669	0
6670	2
6671	0
6672	1
6673	3
6674	3
6675	3
6676	0
6677	3
6678	0
6679	0
6680	0
6681	3
6682	3
6683	0
6684	3
6685	2
6686	0
6687	0
6688	0
6689	3
6690	0
6691	3
6692	0
6693	0
6694	1
6695	3
6696	3
6697	1
6698	0
6699	2
6700	2
6701	3
6702	0
6703	3
6704	3
6705	3
6706	1
6707	1
6708	3
6709	3
6710	1
6711	0
6712	3
6713	0
6714	0
6715	3
6716	0
6717	3
6718	3
6719	3
6720	3
6721	0
6722	0
6723	3
6724	3
6725	3
6726	3
6727	1
6728	0
6729	3
6730	0
6731	3
6732	3
6733	3
6734	0
6735	3
6736	3
6737	3
6738	0
6739	0
6740	0
6741	2
6742	3
6743	3
6744	1
6745	3
6746	0
6747	3
6748	0
6749	3
6750	3
6751	2
6752	3
6753	1
6754	0
6755	1
6756	0
6757	2
6758	1
6759	3
6760	3
6761	3
6762	0
6763	0
6764	3
6765	3
6766	3
6767	0
6768	0
6769	0
6770	3
6771	2
6772	0
6773	0
6774	2
6775	0
6776	2
6777	0
6778	3
6779	0
6780	3
6781	0
6782	3
6783	1
6784	2
6785	0
6786	2
6787	0
6788	3
6789	0
6790	1
6791	0
6792	1
6793	3
6794	3
6795	0
6796	3
6797	3
6798	3
6799	0
6800	0
6801	0
6802	3
6803	0
6804	2
6805	2
6806	3
6807	3
6808	1
6809	3
6810	1
6811	3
6812	0
6813	3
6814	0
6815	3
6816	3
6817	3
6818	0
6819	0
6820	3
6821	3
6822	1
6823	0
6824	3
6825	0
6826	3
6827	0
6828	3
6829	0
6830	0
6831	3
6832	0
6833	0
6834	3
6835	0
6836	3
6837	3
6838	2
6839	3
6840	3
6841	3
6842	0
6843	2
6844	3
6845	3
6846	3
6847	0
6848	0
6849	3
6850	0
6851	0
6852	3
6853	0
6854	2
6855	2
6856	0
6857	0
6858	0
6859	3
6860	0
6861	3
6862	2
6863	0
6864	0
6865	0
6866	1
6867	0
6868	0
6869	1
6870	3
6871	3
6872	3
6873	3
6874	3
6875	1
6876	2
6877	0
6878	3
6879	2
6880	3
6881	0
6882	0
6883	2
6884	0
6885	0
6886	0
6887	3
6888	3
6889	3
6890	3
6891	0
6892	2
6893	3
6894	3
6895	0
6896	3
6897	3
6898	2
6899	0
6900	3
6901	2
6902	3
6903	3
6904	0
6905	0
6906	0
6907	3
6908	3
6909	0
6910	0
6911	3
6912	0
6913	0
6914	0
6915	3
6916	3
6917	3
6918	3
6919	3
6920	2
6921	3
6922	0
6923	3
6924	3
6925	3
6926	1
6927	0
6928	3
6929	1
6930	3
6931	0
6932	1
6933	3
6934	3
6935	0
6936	3
6937	3
6938	0
6939	0
6940	2
6941	3
6942	3
6943	0
6944	3
6945	1
6946	0
6947	2
6948	3
6949	0
6950	0
6951	0
6952	0
6953	0
6954	0
6955	3
6956	3
6957	0
6958	0
6959	0
6960	0
6961	0
6962	3
6963	0
6964	0
6965	3
6966	0
6967	1
6968	2
6969	0
6970	0
6971	0
6972	3
6973	0
6974	3
6975	0
6976	3
6977	0
6978	0
6979	3
6980	3
6981	3
6982	2
6983	0
6984	0
6985	0
6986	2
6987	3
6988	3
6989	3
6990	2
6991	2
6992	0
6993	0
6994	0
6995	3
6996	0
6997	3
6998	0
6999	0
7000	3
7001	0
7002	3
7003	0
7004	0
7005	0
7006	0
7007	0
7008	0
7009	0
7010	3
7011	1
7012	0
7013	3
7014	0
7015	3
7016	3
7017	3
7018	0
7019	0
7020	0
7021	0
7022	2
7023	0
7024	3
7025	0
7026	3
7027	0
7028	3
7029	0
7030	1
7031	0
7032	2
7033	0
7034	0
7035	0
7036	3
7037	0
7038	3
7039	0
7040	0
7041	1
7042	1
7043	2
7044	2
7045	2
7046	0
7047	3
7048	0
7049	3
7050	3
7051	3
7052	3
7053	3
7054	3
7055	0
7056	1
7057	0
7058	0
7059	0
7060	0
7061	0
7062	0
7063	0
7064	0
7065	3
7066	0
7067	3
7068	0
7069	0
7070	0
7071	3
7072	0
7073	3
7074	2
7075	1
7076	3
7077	3
7078	0
7079	3
7080	3
7081	3
7082	0
7083	1
7084	0
7085	0
7086	0
7087	3
7088	3
7089	0
7090	3
7091	0
7092	3
7093	3
7094	3
7095	1
7096	3
7097	0
7098	3
7099	0
7100	3
7101	3
7102	1
7103	1
7104	3
7105	0
7106	0
7107	0
7108	3
7109	0
7110	3
7111	0
7112	0
7113	3
7114	3
7115	3
7116	3
7117	3
7118	3
7119	3
7120	0
7121	1
7122	0
7123	0
7124	0
7125	0
7126	3
7127	3
7128	3
7129	3
7130	3
7131	3
7132	3
7133	3
7134	1
7135	3
7136	2
7137	0
7138	0
7139	3
7140	3
7141	3
7142	3
7143	0
7144	3
7145	3
7146	1
7147	0
7148	0
7149	3
7150	0
7151	3
7152	1
7153	3
7154	0
7155	0
7156	0
7157	0
7158	3
7159	0
7160	3
7161	0
7162	3
7163	3
7164	3
7165	0
7166	3
7167	2
7168	2
7169	2
7170	2
7171	0
7172	3
7173	3
7174	3
7175	3
7176	0
7177	3
7178	3
7179	3
7180	1
7181	3
7182	3
7183	0
7184	0
7185	3
7186	3
7187	3
7188	0
7189	3
7190	0
7191	1
7192	0
7193	3
7194	3
7195	1
7196	0
7197	1
7198	2
7199	3
7200	3
7201	3
7202	2
7203	3
7204	0
7205	0
7206	3
7207	3
7208	3
7209	3
7210	0
7211	3
7212	3
7213	0
7214	2
7215	3
7216	0
7217	3
7218	0
7219	3
7220	3
7221	0
7222	0
7223	0
7224	0
7225	0
7226	3
7227	0
7228	0
7229	0
7230	0
7231	0
7232	3
7233	0
7234	0
7235	0
7236	3
7237	3
7238	0
7239	3
7240	0
7241	0
7242	0
7243	3
7244	1
7245	0
7246	0
7247	0
7248	3
7249	2
7250	0
7251	3
7252	0
7253	3
7254	0
7255	1
7256	0
7257	2
7258	3
7259	3
7260	3
7261	0
7262	3
7263	0
7264	0
7265	1
7266	0
7267	3
7268	1
7269	0
7270	0
7271	3
7272	3
7273	2
7274	3
7275	3
7276	3
7277	3
7278	3
7279	0
7280	0
7281	3
7282	3
7283	0
7284	0
7285	0
7286	3
7287	3
7288	0
7289	0
7290	0
7291	0
7292	0
7293	2
7294	0
7295	0
7296	0
7297	1
7298	0
7299	3
7300	3
7301	3
7302	1
7303	1
7304	3
7305	0
7306	3
7307	0
7308	2
7309	1
7310	3
7311	3
7312	0
7313	3
7314	0
7315	3
7316	0
7317	0
7318	3
7319	2
7320	3
7321	3
7322	3
7323	3
7324	0
7325	2
7326	0
7327	0
7328	0
7329	2
7330	0
7331	0
7332	0
7333	3
7334	1
7335	0
7336	3
7337	0
7338	3
7339	0
7340	0
7341	1
7342	3
7343	3
7344	0
7345	3
7346	3
7347	0
7348	0
7349	3
7350	2
7351	3
7352	3
7353	0
7354	0
7355	3
7356	0
7357	1
7358	3
7359	0
7360	3
7361	0
7362	3
7363	0
7364	2
7365	0
7366	0
7367	0
7368	0
7369	0
7370	3
7371	0
7372	0
7373	3
7374	0
7375	3
7376	3
7377	0
7378	0
7379	0
7380	0
7381	0
7382	0
7383	0
7384	3
7385	0
7386	0
7387	3
7388	3
7389	3
7390	1
7391	3
7392	3
7393	3
7394	3
7395	3
7396	3
7397	0
7398	2
7399	0
7400	3
7401	2
7402	1
7403	3
7404	0
7405	3
7406	3
7407	1
7408	0
7409	0
7410	0
7411	3
7412	0
7413	0
7414	3
7415	0
7416	0
7417	3
7418	0
7419	3
7420	0
7421	0
7422	1
7423	3
7424	0
7425	3
7426	0
7427	3
7428	3
7429	0
7430	0
7431	0
7432	3
7433	3
7434	0
7435	3
7436	0
7437	0
7438	3
7439	0
7440	2
7441	3
7442	0
7443	1
7444	0
7445	3
7446	0
7447	3
7448	1
7449	0
7450	3
7451	0
7452	3
7453	3
7454	3
7455	1
7456	0
7457	3
7458	1
7459	2
7460	0
7461	2
7462	3
7463	3
7464	3
7465	3
7466	0
7467	3
7468	3
7469	1
7470	3
7471	1
7472	0
7473	0
7474	3
7475	0
7476	0
7477	0
7478	2
7479	3
7480	3
7481	0
7482	3
7483	0
7484	3
7485	3
7486	0
7487	3
7488	0
7489	1
7490	0
7491	3
7492	0
7493	0
7494	3
7495	1
7496	0
7497	0
7498	1
7499	0
7500	1
7501	3
7502	0
7503	3
7504	3
7505	3
7506	0
7507	0
7508	0
7509	0
7510	0
7511	3
7512	3
7513	3
7514	3
7515	0
7516	0
7517	2
7518	0
7519	0
7520	0
7521	3
7522	0
7523	2
7524	0
7525	1
7526	3
7527	0
7528	2
7529	3
7530	3
7531	0
7532	0
7533	1
7534	2
7535	0
7536	3
7537	3
7538	3
7539	3
7540	3
7541	2
7542	3
7543	2
7544	2
7545	3
7546	1
7547	0
7548	0
7549	0
7550	3
7551	0
7552	1
7553	0
7554	2
7555	2
7556	0
7557	3
7558	0
7559	0
7560	3
7561	0
7562	0
7563	2
7564	0
7565	0
7566	3
7567	0
7568	3
7569	0
7570	1
7571	0
7572	0
7573	3
7574	0
7575	0
7576	3
7577	3
7578	1
7579	3
7580	0
7581	3
7582	0
7583	0
7584	0
7585	0
7586	3
7587	0
7588	0
7589	2
7590	2
7591	0
7592	3
7593	2
7594	0
7595	1
7596	2
7597	0
7598	2
7599	3
7600	3
7601	2
7602	3
7603	3
7604	3
7605	3
7606	3
7607	3
7608	3
7609	0
7610	3
7611	3
7612	0
7613	1
7614	0
7615	0
7616	3
7617	3
7618	0
7619	0
7620	3
7621	0
7622	3
7623	0
7624	0
7625	3
7626	3
7627	3
7628	1
7629	3
7630	0
7631	3
7632	0
7633	0
7634	3
7635	0
7636	0
7637	0
7638	2
7639	0
7640	3
7641	1
7642	0
7643	0
7644	0
7645	0
7646	0
7647	3
7648	3
7649	3
7650	2
7651	0
7652	0
7653	2
7654	0
7655	3
7656	2
7657	2
7658	0
7659	0
7660	3
7661	3
7662	3
7663	0
7664	3
7665	3
7666	3
7667	3
7668	0
7669	0
7670	1
7671	3
7672	3
7673	0
7674	0
7675	3
7676	0
7677	0
7678	0
7679	3
7680	0
7681	3
7682	3
7683	0
7684	3
7685	0
7686	3
7687	3
7688	0
7689	3
7690	0
7691	2
7692	3
7693	3
7694	3
7695	0
7696	0
7697	3
7698	3
7699	3
7700	0
7701	3
7702	0
7703	2
7704	3
7705	3
7706	3
7707	0
7708	0
7709	0
7710	0
7711	1
7712	0
7713	0
7714	0
7715	1
7716	0
7717	0
7718	0
7719	3
7720	0
7721	0
7722	3
7723	2
7724	1
7725	0
7726	0
7727	3
7728	3
7729	0
7730	3
7731	0
7732	3
7733	0
7734	3
7735	3
7736	1
7737	0
7738	3
7739	2
7740	0
7741	0
7742	0
7743	2
7744	2
7745	1
7746	0
7747	3
7748	3
7749	3
7750	0
7751	2
7752	0
7753	0
7754	0
7755	3
7756	3
7757	0
7758	0
7759	3
7760	1
7761	2
7762	0
7763	0
7764	2
7765	3
7766	0
7767	3
7768	0
7769	0
7770	3
7771	3
7772	2
7773	1
7774	0
7775	0
7776	0
7777	3
7778	3
7779	2
7780	1
7781	0
7782	0
7783	0
7784	0
7785	3
7786	3
7787	3
7788	0
7789	0
7790	0
7791	3
7792	3
7793	2
7794	3
7795	1
7796	3
7797	0
7798	3
7799	3
7800	0
7801	3
7802	0
7803	3
7804	3
7805	1
7806	0
7807	0
7808	0
7809	0
7810	3
7811	3
7812	0
7813	3
7814	3
7815	3
7816	1
7817	3
7818	3
7819	0
7820	1
7821	0
7822	3
7823	0
7824	3
7825	0
7826	0
7827	0
7828	3
7829	3
7830	1
7831	3
7832	3
7833	3
7834	0
7835	3
7836	0
7837	0
7838	0
7839	3
7840	0
7841	3
7842	1
7843	0
7844	0
7845	0
7846	0
7847	0
7848	3
7849	1
7850	0
7851	0
7852	0
7853	1
7854	0
7855	0
7856	1
7857	3
7858	3
7859	3
7860	0
7861	3
7862	3
7863	0
7864	3
7865	3
7866	3
7867	0
7868	2
7869	3
7870	0
7871	0
7872	0
7873	1
7874	0
7875	0
7876	0
7877	2
7878	2
7879	3
7880	3
7881	0
7882	2
7883	3
7884	0
7885	3
7886	2
7887	0
7888	0
7889	0
7890	3
7891	0
7892	3
7893	0
7894	3
7895	0
7896	3
7897	3
7898	3
7899	0
7900	0
7901	3
7902	0
7903	0
7904	0
7905	0
7906	0
7907	3
7908	0
7909	1
7910	0
7911	3
7912	0
7913	3
7914	0
7915	3
7916	0
7917	0
7918	2
7919	3
7920	0
7921	0
7922	0
7923	3
7924	0
7925	0
7926	3
7927	3
7928	3
7929	0
7930	0
7931	3
7932	0
7933	0
7934	3
7935	2
7936	2
7937	0
7938	0
7939	3
7940	3
7941	1
7942	3
7943	2
7944	0
7945	3
7946	3
7947	3
7948	3
7949	0
7950	0
7951	0
7952	3
7953	0
7954	3
7955	3
7956	0
7957	3
7958	0
7959	2
7960	3
7961	1
7962	3
7963	0
7964	0
7965	0
7966	0
7967	0
7968	0
7969	3
7970	0
7971	3
7972	2
7973	0
7974	3
7975	3
7976	0
7977	3
7978	3
7979	2
7980	3
7981	0
7982	0
7983	3
7984	0
7985	3
7986	0
7987	1
7988	2
7989	0
7990	3
7991	3
7992	0
7993	0
7994	3
7995	1
7996	0
7997	3
7998	1
7999	3
8000	0
8001	3
8002	0
8003	2
8004	3
8005	3
8006	3
8007	3
8008	3
8009	3
8010	0
8011	3
8012	3
8013	3
8014	1
8015	3
8016	3
8017	0
8018	0
8019	3
8020	3
8021	2
8022	0
8023	2
8024	0
8025	2
8026	3
8027	3
8028	0
8029	3
8030	0
8031	0
8032	0
8033	3
8034	0
8035	1
8036	0
8037	0
8038	1
8039	0
8040	3
8041	3
8042	3
8043	3
8044	1
8045	3
8046	3
8047	0
8048	3
8049	0
8050	3
8051	3
8052	3
8053	3
8054	3
8055	0
8056	3
8057	2
8058	0
8059	0
8060	2
8061	0
8062	0
8063	0
8064	3
8065	0
8066	0
8067	3
8068	0
8069	3
8070	0
8071	0
8072	3
8073	2
8074	0
8075	3
8076	0
8077	3
8078	3
8079	0
8080	3
8081	0
8082	0
8083	0
8084	3
8085	0
8086	0
8087	0
8088	3
8089	3
8090	0
8091	0
8092	0
8093	3
8094	0
8095	1
8096	1
8097	0
8098	2
8099	0
8100	3
8101	3
8102	0
8103	0
8104	3
8105	1
8106	0
8107	3
8108	3
8109	0
8110	0
8111	3
8112	1
8113	0
8114	1
8115	3
8116	3
8117	3
8118	0
8119	2
8120	3
8121	0
8122	0
8123	3
8124	3
8125	3
8126	1
8127	3
8128	0
8129	3
8130	0
8131	3
8132	0
8133	0
8134	0
8135	3
8136	0
8137	0
8138	0
8139	0
8140	0
8141	2
8142	3
8143	0
8144	0
8145	0
8146	0
8147	0
8148	0
8149	0
8150	1
8151	0
8152	3
8153	0
8154	0
8155	3
8156	0
8157	3
8158	0
8159	3
8160	3
8161	0
8162	0
8163	2
8164	1
8165	0
8166	3
8167	3
8168	0
8169	2
8170	3
8171	0
8172	2
8173	0
8174	2
8175	3
8176	2
8177	3
8178	0
8179	2
8180	3
8181	0
8182	0
8183	3
8184	0
8185	0
8186	0
8187	3
8188	0
8189	0
8190	3
8191	3
