COMMAND
./sim gshare 13 13 ./proj2-traces/perl_trace.txt
OUTPUT
number of predictions:2000000
number of mispredictions:95462
misprediction rate:   4.77%
FINAL GSHARE CONTENTS
0	1
1	3
2	3
3	2
4	0
5	3
6	2
7	2
8	3
9	0
10	2
11	2
12	2
13	0
14	1
15	0
16	3
17	3
18	0
19	1
20	3
21	0
22	2
23	3
24	0
25	2
26	0
27	3
28	2
29	2
30	3
31	3
32	2
33	3
34	0
35	3
36	0
37	3
38	3
39	0
40	2
41	2
42	0
43	3
44	3
45	3
46	2
47	0
48	0
49	3
50	2
51	3
52	1
53	1
54	3
55	0
56	0
57	0
58	0
59	3
60	2
61	0
62	3
63	1
64	3
65	3
66	3
67	3
68	3
69	3
70	3
71	3
72	3
73	3
74	1
75	3
76	1
77	2
78	3
79	3
80	3
81	2
82	3
83	2
84	3
85	1
86	1
87	3
88	0
89	3
90	3
91	3
92	2
93	2
94	3
95	2
96	3
97	3
98	3
99	2
100	3
101	2
102	2
103	3
104	3
105	2
106	3
107	3
108	2
109	3
110	3
111	1
112	2
113	1
114	0
115	0
116	3
117	3
118	0
119	3
120	0
121	3
122	2
123	3
124	3
125	3
126	2
127	0
128	3
129	1
130	0
131	0
132	1
133	3
134	2
135	0
136	3
137	1
138	2
139	3
140	3
141	3
142	3
143	2
144	0
145	3
146	3
147	3
148	2
149	3
150	2
151	0
152	3
153	2
154	3
155	3
156	3
157	3
158	3
159	0
160	1
161	3
162	3
163	0
164	3
165	2
166	2
167	3
168	2
169	2
170	3
171	1
172	0
173	3
174	3
175	3
176	0
177	3
178	0
179	3
180	1
181	3
182	2
183	2
184	2
185	0
186	0
187	0
188	3
189	2
190	1
191	2
192	0
193	2
194	0
195	1
196	2
197	2
198	2
199	3
200	2
201	2
202	3
203	3
204	3
205	3
206	0
207	2
208	0
209	2
210	3
211	2
212	1
213	0
214	2
215	1
216	3
217	3
218	0
219	1
220	3
221	3
222	3
223	2
224	3
225	3
226	3
227	3
228	2
229	3
230	0
231	0
232	2
233	1
234	2
235	3
236	2
237	0
238	0
239	0
240	3
241	3
242	3
243	3
244	2
245	0
246	2
247	3
248	3
249	2
250	3
251	3
252	3
253	3
254	2
255	2
256	3
257	2
258	2
259	2
260	3
261	0
262	3
263	2
264	3
265	2
266	3
267	2
268	3
269	2
270	0
271	3
272	2
273	3
274	3
275	0
276	3
277	3
278	3
279	2
280	3
281	3
282	3
283	3
284	2
285	3
286	2
287	3
288	3
289	3
290	3
291	3
292	3
293	3
294	3
295	3
296	3
297	3
298	3
299	0
300	2
301	2
302	2
303	1
304	3
305	3
306	3
307	0
308	3
309	2
310	2
311	2
312	2
313	3
314	3
315	2
316	3
317	3
318	0
319	0
320	2
321	2
322	2
323	3
324	3
325	3
326	3
327	3
328	1
329	1
330	3
331	2
332	3
333	2
334	3
335	0
336	0
337	0
338	2
339	3
340	3
341	0
342	1
343	3
344	1
345	2
346	3
347	0
348	0
349	3
350	2
351	3
352	2
353	2
354	0
355	3
356	0
357	0
358	1
359	2
360	2
361	2
362	0
363	0
364	2
365	3
366	3
367	0
368	3
369	2
370	2
371	2
372	3
373	2
374	2
375	2
376	0
377	1
378	2
379	2
380	0
381	2
382	2
383	1
384	3
385	3
386	3
387	3
388	3
389	3
390	3
391	0
392	0
393	1
394	3
395	0
396	3
397	2
398	1
399	3
400	3
401	2
402	2
403	0
404	2
405	3
406	3
407	3
408	2
409	3
410	3
411	3
412	1
413	0
414	3
415	3
416	1
417	2
418	3
419	2
420	2
421	3
422	3
423	2
424	2
425	0
426	2
427	3
428	3
429	0
430	2
431	2
432	2
433	1
434	0
435	3
436	3
437	2
438	2
439	2
440	3
441	2
442	3
443	3
444	2
445	2
446	3
447	3
448	0
449	2
450	0
451	0
452	3
453	3
454	0
455	3
456	0
457	0
458	3
459	0
460	0
461	3
462	3
463	3
464	3
465	2
466	3
467	1
468	3
469	0
470	0
471	2
472	1
473	3
474	3
475	0
476	2
477	0
478	2
479	2
480	2
481	3
482	3
483	3
484	0
485	0
486	3
487	2
488	1
489	3
490	3
491	3
492	0
493	3
494	1
495	3
496	3
497	3
498	3
499	3
500	0
501	1
502	2
503	2
504	2
505	3
506	3
507	1
508	0
509	0
510	1
511	3
512	0
513	3
514	3
515	3
516	2
517	3
518	3
519	3
520	1
521	3
522	0
523	2
524	0
525	3
526	3
527	1
528	2
529	2
530	3
531	1
532	3
533	3
534	3
535	3
536	3
537	2
538	2
539	1
540	3
541	3
542	3
543	2
544	3
545	1
546	3
547	3
548	2
549	2
550	0
551	2
552	3
553	3
554	2
555	3
556	3
557	3
558	3
559	3
560	1
561	3
562	3
563	3
564	2
565	1
566	2
567	0
568	3
569	0
570	2
571	3
572	3
573	3
574	2
575	3
576	3
577	3
578	3
579	3
580	0
581	3
582	2
583	2
584	3
585	2
586	3
587	2
588	0
589	0
590	3
591	2
592	3
593	3
594	2
595	3
596	3
597	3
598	3
599	3
600	0
601	2
602	1
603	0
604	2
605	2
606	2
607	3
608	0
609	3
610	3
611	3
612	3
613	1
614	3
615	3
616	3
617	2
618	1
619	2
620	0
621	0
622	2
623	3
624	3
625	3
626	2
627	3
628	2
629	3
630	3
631	3
632	3
633	2
634	3
635	2
636	3
637	0
638	2
639	0
640	3
641	2
642	3
643	0
644	3
645	3
646	3
647	3
648	2
649	3
650	3
651	0
652	3
653	0
654	0
655	3
656	3
657	3
658	3
659	3
660	3
661	3
662	3
663	0
664	3
665	3
666	2
667	3
668	3
669	3
670	0
671	3
672	0
673	1
674	2
675	3
676	0
677	3
678	1
679	3
680	3
681	3
682	3
683	0
684	2
685	0
686	2
687	3
688	0
689	1
690	3
691	3
692	2
693	3
694	1
695	3
696	0
697	2
698	3
699	3
700	1
701	3
702	2
703	3
704	2
705	3
706	3
707	1
708	3
709	3
710	3
711	1
712	0
713	2
714	2
715	3
716	0
717	1
718	1
719	3
720	3
721	3
722	3
723	1
724	0
725	3
726	3
727	0
728	3
729	3
730	2
731	3
732	2
733	3
734	0
735	0
736	3
737	2
738	2
739	0
740	0
741	0
742	1
743	3
744	1
745	3
746	2
747	3
748	3
749	1
750	0
751	2
752	0
753	3
754	3
755	3
756	0
757	3
758	2
759	1
760	2
761	1
762	3
763	1
764	0
765	2
766	1
767	0
768	3
769	2
770	3
771	0
772	3
773	3
774	2
775	3
776	3
777	3
778	2
779	0
780	3
781	2
782	2
783	3
784	3
785	3
786	3
787	2
788	1
789	0
790	2
791	0
792	2
793	2
794	2
795	2
796	3
797	1
798	2
799	0
800	3
801	3
802	0
803	2
804	2
805	2
806	1
807	3
808	2
809	3
810	3
811	3
812	3
813	3
814	2
815	3
816	3
817	3
818	3
819	0
820	3
821	0
822	3
823	3
824	2
825	3
826	3
827	1
828	1
829	3
830	3
831	3
832	0
833	2
834	0
835	3
836	0
837	2
838	2
839	2
840	1
841	3
842	2
843	1
844	3
845	3
846	3
847	3
848	0
849	3
850	1
851	3
852	2
853	3
854	3
855	3
856	3
857	1
858	1
859	2
860	3
861	3
862	0
863	1
864	0
865	3
866	2
867	0
868	0
869	2
870	2
871	2
872	0
873	3
874	0
875	1
876	3
877	2
878	2
879	1
880	3
881	0
882	0
883	3
884	1
885	3
886	2
887	3
888	3
889	3
890	3
891	1
892	2
893	3
894	3
895	0
896	3
897	3
898	0
899	1
900	2
901	3
902	0
903	3
904	2
905	2
906	2
907	2
908	0
909	3
910	0
911	0
912	3
913	3
914	3
915	3
916	2
917	1
918	3
919	2
920	0
921	1
922	3
923	3
924	3
925	3
926	2
927	3
928	3
929	3
930	3
931	3
932	2
933	0
934	3
935	3
936	2
937	3
938	0
939	2
940	3
941	3
942	3
943	3
944	0
945	2
946	2
947	3
948	2
949	3
950	2
951	3
952	0
953	3
954	0
955	0
956	3
957	0
958	3
959	3
960	2
961	3
962	3
963	3
964	3
965	1
966	2
967	2
968	3
969	2
970	3
971	3
972	3
973	0
974	1
975	3
976	3
977	2
978	0
979	3
980	2
981	2
982	3
983	3
984	2
985	3
986	3
987	1
988	1
989	3
990	3
991	0
992	0
993	2
994	3
995	3
996	3
997	0
998	1
999	1
1000	2
1001	0
1002	3
1003	1
1004	2
1005	3
1006	0
1007	2
1008	3
1009	2
1010	0
1011	3
1012	3
1013	3
1014	2
1015	3
1016	2
1017	3
1018	1
1019	0
1020	2
1021	1
1022	2
1023	3
1024	2
1025	3
1026	3
1027	3
1028	2
1029	1
1030	3
1031	2
1032	3
1033	0
1034	3
1035	2
1036	0
1037	0
1038	3
1039	0
1040	3
1041	3
1042	0
1043	2
1044	2
1045	0
1046	3
1047	3
1048	2
1049	3
1050	2
1051	0
1052	2
1053	3
1054	1
1055	0
1056	2
1057	1
1058	3
1059	2
1060	2
1061	2
1062	3
1063	3
1064	3
1065	2
1066	3
1067	3
1068	1
1069	0
1070	0
1071	3
1072	2
1073	3
1074	2
1075	0
1076	0
1077	3
1078	2
1079	0
1080	3
1081	2
1082	3
1083	0
1084	3
1085	2
1086	3
1087	1
1088	2
1089	3
1090	2
1091	2
1092	2
1093	0
1094	3
1095	3
1096	3
1097	3
1098	3
1099	2
1100	3
1101	3
1102	2
1103	3
1104	0
1105	0
1106	3
1107	3
1108	0
1109	2
1110	3
1111	2
1112	0
1113	0
1114	2
1115	2
1116	0
1117	0
1118	3
1119	0
1120	3
1121	3
1122	0
1123	0
1124	2
1125	2
1126	3
1127	3
1128	0
1129	0
1130	3
1131	3
1132	0
1133	3
1134	2
1135	3
1136	1
1137	0
1138	3
1139	3
1140	3
1141	0
1142	3
1143	2
1144	3
1145	3
1146	3
1147	3
1148	2
1149	3
1150	2
1151	3
1152	0
1153	2
1154	2
1155	0
1156	0
1157	0
1158	1
1159	2
1160	2
1161	3
1162	2
1163	3
1164	3
1165	3
1166	2
1167	2
1168	2
1169	3
1170	0
1171	2
1172	2
1173	0
1174	2
1175	0
1176	3
1177	2
1178	3
1179	3
1180	2
1181	3
1182	2
1183	3
1184	3
1185	2
1186	0
1187	3
1188	3
1189	0
1190	0
1191	2
1192	2
1193	2
1194	3
1195	3
1196	1
1197	3
1198	3
1199	2
1200	3
1201	1
1202	2
1203	0
1204	0
1205	3
1206	0
1207	3
1208	0
1209	3
1210	3
1211	2
1212	0
1213	2
1214	3
1215	3
1216	3
1217	3
1218	0
1219	3
1220	3
1221	2
1222	3
1223	3
1224	3
1225	3
1226	3
1227	3
1228	3
1229	2
1230	2
1231	3
1232	3
1233	3
1234	3
1235	0
1236	2
1237	2
1238	3
1239	3
1240	2
1241	3
1242	2
1243	3
1244	3
1245	2
1246	2
1247	3
1248	0
1249	0
1250	0
1251	0
1252	3
1253	2
1254	1
1255	3
1256	2
1257	2
1258	1
1259	2
1260	3
1261	3
1262	2
1263	0
1264	2
1265	2
1266	2
1267	2
1268	2
1269	3
1270	3
1271	3
1272	3
1273	3
1274	2
1275	3
1276	3
1277	0
1278	3
1279	3
1280	0
1281	3
1282	3
1283	3
1284	3
1285	3
1286	3
1287	1
1288	3
1289	3
1290	3
1291	3
1292	2
1293	2
1294	2
1295	2
1296	3
1297	3
1298	1
1299	2
1300	2
1301	0
1302	3
1303	1
1304	0
1305	2
1306	3
1307	3
1308	3
1309	0
1310	2
1311	3
1312	3
1313	2
1314	3
1315	2
1316	3
1317	0
1318	2
1319	2
1320	3
1321	1
1322	2
1323	2
1324	2
1325	3
1326	3
1327	3
1328	3
1329	3
1330	3
1331	3
1332	3
1333	3
1334	2
1335	0
1336	3
1337	3
1338	0
1339	2
1340	3
1341	0
1342	3
1343	3
1344	2
1345	3
1346	3
1347	3
1348	3
1349	2
1350	3
1351	3
1352	2
1353	3
1354	3
1355	3
1356	2
1357	2
1358	3
1359	0
1360	2
1361	2
1362	3
1363	2
1364	0
1365	2
1366	3
1367	0
1368	3
1369	0
1370	2
1371	3
1372	3
1373	3
1374	3
1375	3
1376	3
1377	2
1378	0
1379	2
1380	2
1381	3
1382	3
1383	3
1384	1
1385	2
1386	2
1387	2
1388	3
1389	3
1390	3
1391	0
1392	3
1393	3
1394	3
1395	3
1396	3
1397	2
1398	3
1399	3
1400	3
1401	3
1402	2
1403	3
1404	2
1405	2
1406	0
1407	2
1408	0
1409	0
1410	3
1411	1
1412	1
1413	0
1414	3
1415	2
1416	0
1417	2
1418	0
1419	0
1420	3
1421	3
1422	2
1423	2
1424	3
1425	3
1426	2
1427	2
1428	2
1429	3
1430	2
1431	3
1432	0
1433	0
1434	3
1435	0
1436	2
1437	3
1438	2
1439	0
1440	0
1441	1
1442	3
1443	3
1444	0
1445	1
1446	2
1447	0
1448	1
1449	3
1450	0
1451	0
1452	3
1453	2
1454	3
1455	1
1456	0
1457	0
1458	3
1459	2
1460	2
1461	2
1462	2
1463	3
1464	0
1465	0
1466	1
1467	2
1468	3
1469	0
1470	0
1471	3
1472	2
1473	3
1474	3
1475	3
1476	3
1477	3
1478	3
1479	3
1480	3
1481	0
1482	0
1483	1
1484	2
1485	3
1486	3
1487	2
1488	2
1489	0
1490	2
1491	0
1492	0
1493	0
1494	3
1495	0
1496	0
1497	1
1498	1
1499	0
1500	1
1501	1
1502	1
1503	2
1504	3
1505	3
1506	2
1507	3
1508	3
1509	1
1510	1
1511	0
1512	3
1513	3
1514	2
1515	3
1516	2
1517	3
1518	3
1519	3
1520	2
1521	3
1522	3
1523	0
1524	2
1525	3
1526	3
1527	2
1528	3
1529	2
1530	3
1531	3
1532	3
1533	3
1534	3
1535	2
1536	3
1537	3
1538	3
1539	3
1540	3
1541	3
1542	1
1543	3
1544	3
1545	1
1546	3
1547	3
1548	2
1549	3
1550	0
1551	3
1552	3
1553	1
1554	3
1555	2
1556	3
1557	0
1558	2
1559	3
1560	3
1561	0
1562	3
1563	3
1564	3
1565	3
1566	3
1567	3
1568	3
1569	3
1570	3
1571	0
1572	3
1573	3
1574	2
1575	3
1576	2
1577	3
1578	3
1579	0
1580	3
1581	3
1582	0
1583	3
1584	3
1585	3
1586	2
1587	0
1588	3
1589	3
1590	3
1591	3
1592	2
1593	3
1594	3
1595	3
1596	3
1597	3
1598	3
1599	3
1600	3
1601	2
1602	1
1603	2
1604	2
1605	3
1606	3
1607	3
1608	3
1609	2
1610	3
1611	3
1612	2
1613	3
1614	3
1615	3
1616	3
1617	0
1618	2
1619	3
1620	2
1621	2
1622	1
1623	2
1624	2
1625	2
1626	1
1627	2
1628	2
1629	0
1630	3
1631	3
1632	0
1633	0
1634	3
1635	2
1636	0
1637	0
1638	3
1639	2
1640	1
1641	3
1642	0
1643	3
1644	0
1645	0
1646	3
1647	3
1648	3
1649	1
1650	0
1651	2
1652	2
1653	0
1654	3
1655	1
1656	1
1657	3
1658	2
1659	2
1660	0
1661	2
1662	3
1663	3
1664	3
1665	3
1666	0
1667	3
1668	3
1669	3
1670	3
1671	1
1672	0
1673	2
1674	0
1675	2
1676	3
1677	2
1678	0
1679	3
1680	3
1681	0
1682	3
1683	3
1684	3
1685	3
1686	1
1687	3
1688	3
1689	0
1690	3
1691	3
1692	2
1693	3
1694	1
1695	3
1696	3
1697	0
1698	3
1699	3
1700	3
1701	2
1702	0
1703	3
1704	2
1705	0
1706	2
1707	2
1708	3
1709	0
1710	3
1711	3
1712	0
1713	2
1714	3
1715	1
1716	1
1717	1
1718	3
1719	0
1720	2
1721	1
1722	3
1723	0
1724	3
1725	1
1726	1
1727	3
1728	3
1729	3
1730	3
1731	3
1732	3
1733	3
1734	3
1735	3
1736	2
1737	2
1738	2
1739	3
1740	2
1741	3
1742	3
1743	3
1744	2
1745	3
1746	0
1747	3
1748	3
1749	3
1750	2
1751	3
1752	1
1753	3
1754	3
1755	3
1756	3
1757	3
1758	2
1759	2
1760	2
1761	3
1762	0
1763	2
1764	3
1765	2
1766	3
1767	3
1768	1
1769	2
1770	3
1771	0
1772	3
1773	0
1774	2
1775	3
1776	2
1777	0
1778	0
1779	1
1780	2
1781	1
1782	2
1783	2
1784	0
1785	3
1786	0
1787	3
1788	0
1789	0
1790	0
1791	0
1792	3
1793	3
1794	2
1795	2
1796	0
1797	0
1798	0
1799	1
1800	0
1801	0
1802	2
1803	0
1804	3
1805	3
1806	2
1807	2
1808	0
1809	2
1810	3
1811	3
1812	2
1813	3
1814	3
1815	0
1816	2
1817	3
1818	2
1819	0
1820	2
1821	3
1822	3
1823	2
1824	2
1825	1
1826	0
1827	2
1828	3
1829	2
1830	0
1831	1
1832	2
1833	3
1834	2
1835	3
1836	2
1837	1
1838	2
1839	3
1840	2
1841	2
1842	2
1843	0
1844	1
1845	0
1846	2
1847	2
1848	0
1849	0
1850	0
1851	0
1852	0
1853	3
1854	3
1855	3
1856	0
1857	3
1858	2
1859	0
1860	0
1861	0
1862	1
1863	0
1864	0
1865	1
1866	2
1867	3
1868	0
1869	0
1870	0
1871	0
1872	3
1873	0
1874	0
1875	0
1876	0
1877	0
1878	0
1879	0
1880	1
1881	0
1882	2
1883	0
1884	1
1885	2
1886	0
1887	2
1888	0
1889	0
1890	1
1891	0
1892	0
1893	3
1894	0
1895	2
1896	2
1897	0
1898	2
1899	1
1900	0
1901	3
1902	0
1903	1
1904	3
1905	3
1906	0
1907	0
1908	3
1909	3
1910	0
1911	0
1912	0
1913	0
1914	0
1915	3
1916	1
1917	0
1918	3
1919	0
1920	0
1921	0
1922	3
1923	0
1924	0
1925	2
1926	0
1927	2
1928	3
1929	0
1930	3
1931	3
1932	0
1933	3
1934	2
1935	1
1936	3
1937	3
1938	2
1939	0
1940	2
1941	2
1942	0
1943	3
1944	2
1945	2
1946	1
1947	0
1948	2
1949	3
1950	2
1951	3
1952	3
1953	1
1954	3
1955	0
1956	0
1957	0
1958	0
1959	0
1960	2
1961	2
1962	3
1963	3
1964	3
1965	0
1966	0
1967	1
1968	0
1969	2
1970	1
1971	2
1972	3
1973	3
1974	3
1975	1
1976	2
1977	3
1978	2
1979	0
1980	2
1981	1
1982	0
1983	0
1984	2
1985	1
1986	3
1987	0
1988	0
1989	0
1990	1
1991	1
1992	2
1993	1
1994	1
1995	2
1996	0
1997	2
1998	3
1999	0
2000	0
2001	0
2002	0
2003	0
2004	2
2005	2
2006	0
2007	0
2008	2
2009	3
2010	3
2011	3
2012	3
2013	3
2014	3
2015	1
2016	3
2017	2
2018	3
2019	2
2020	3
2021	1
2022	0
2023	0
2024	3
2025	0
2026	3
2027	2
2028	2
2029	2
2030	3
2031	2
2032	3
2033	2
2034	3
2035	3
2036	1
2037	3
2038	2
2039	0
2040	0
2041	3
2042	1
2043	3
2044	3
2045	3
2046	0
2047	2
2048	0
2049	2
2050	3
2051	2
2052	0
2053	0
2054	0
2055	0
2056	2
2057	3
2058	1
2059	3
2060	1
2061	2
2062	2
2063	1
2064	2
2065	3
2066	2
2067	1
2068	3
2069	3
2070	0
2071	3
2072	3
2073	3
2074	2
2075	0
2076	0
2077	3
2078	3
2079	0
2080	2
2081	3
2082	0
2083	3
2084	3
2085	2
2086	3
2087	3
2088	2
2089	3
2090	3
2091	2
2092	3
2093	3
2094	2
2095	2
2096	3
2097	3
2098	3
2099	3
2100	3
2101	3
2102	3
2103	3
2104	3
2105	3
2106	3
2107	3
2108	3
2109	3
2110	3
2111	3
2112	3
2113	3
2114	1
2115	1
2116	3
2117	1
2118	3
2119	0
2120	3
2121	0
2122	1
2123	0
2124	3
2125	0
2126	3
2127	0
2128	0
2129	1
2130	3
2131	3
2132	0
2133	3
2134	0
2135	2
2136	3
2137	3
2138	0
2139	1
2140	0
2141	3
2142	3
2143	1
2144	1
2145	0
2146	3
2147	2
2148	3
2149	0
2150	2
2151	2
2152	3
2153	0
2154	3
2155	1
2156	2
2157	3
2158	3
2159	3
2160	3
2161	2
2162	3
2163	1
2164	2
2165	0
2166	3
2167	3
2168	3
2169	0
2170	3
2171	3
2172	3
2173	2
2174	0
2175	3
2176	1
2177	2
2178	1
2179	0
2180	3
2181	0
2182	0
2183	0
2184	3
2185	3
2186	3
2187	3
2188	3
2189	3
2190	3
2191	3
2192	1
2193	0
2194	3
2195	0
2196	3
2197	2
2198	2
2199	3
2200	3
2201	2
2202	1
2203	1
2204	0
2205	2
2206	1
2207	0
2208	2
2209	0
2210	3
2211	0
2212	0
2213	0
2214	1
2215	0
2216	3
2217	3
2218	3
2219	0
2220	0
2221	2
2222	0
2223	2
2224	0
2225	3
2226	2
2227	0
2228	3
2229	3
2230	2
2231	3
2232	3
2233	0
2234	3
2235	2
2236	1
2237	3
2238	0
2239	1
2240	2
2241	3
2242	3
2243	3
2244	0
2245	1
2246	3
2247	3
2248	3
2249	3
2250	2
2251	3
2252	0
2253	2
2254	3
2255	1
2256	1
2257	0
2258	3
2259	0
2260	2
2261	0
2262	0
2263	3
2264	0
2265	0
2266	3
2267	3
2268	3
2269	3
2270	3
2271	3
2272	0
2273	3
2274	3
2275	1
2276	3
2277	3
2278	3
2279	3
2280	3
2281	3
2282	3
2283	3
2284	3
2285	2
2286	0
2287	2
2288	0
2289	3
2290	3
2291	3
2292	0
2293	1
2294	0
2295	3
2296	0
2297	0
2298	1
2299	0
2300	3
2301	0
2302	3
2303	0
2304	3
2305	2
2306	2
2307	3
2308	1
2309	3
2310	2
2311	2
2312	3
2313	3
2314	3
2315	2
2316	0
2317	3
2318	3
2319	2
2320	1
2321	3
2322	0
2323	0
2324	3
2325	3
2326	0
2327	0
2328	0
2329	0
2330	0
2331	0
2332	1
2333	0
2334	0
2335	0
2336	2
2337	0
2338	1
2339	3
2340	0
2341	3
2342	0
2343	0
2344	3
2345	0
2346	0
2347	2
2348	3
2349	3
2350	0
2351	0
2352	0
2353	2
2354	3
2355	2
2356	2
2357	3
2358	3
2359	3
2360	3
2361	0
2362	0
2363	3
2364	2
2365	3
2366	3
2367	1
2368	3
2369	3
2370	3
2371	3
2372	3
2373	0
2374	3
2375	3
2376	3
2377	1
2378	0
2379	3
2380	1
2381	3
2382	3
2383	3
2384	0
2385	0
2386	0
2387	3
2388	3
2389	0
2390	3
2391	3
2392	3
2393	3
2394	3
2395	3
2396	3
2397	3
2398	3
2399	3
2400	3
2401	3
2402	0
2403	0
2404	3
2405	3
2406	3
2407	3
2408	2
2409	0
2410	3
2411	3
2412	3
2413	0
2414	1
2415	1
2416	3
2417	0
2418	2
2419	2
2420	3
2421	3
2422	2
2423	3
2424	3
2425	3
2426	3
2427	3
2428	2
2429	3
2430	0
2431	2
2432	0
2433	2
2434	3
2435	2
2436	3
2437	0
2438	1
2439	3
2440	0
2441	1
2442	3
2443	0
2444	0
2445	0
2446	1
2447	3
2448	0
2449	3
2450	3
2451	0
2452	3
2453	2
2454	3
2455	3
2456	3
2457	3
2458	3
2459	1
2460	3
2461	2
2462	3
2463	3
2464	3
2465	0
2466	3
2467	2
2468	0
2469	3
2470	1
2471	3
2472	1
2473	3
2474	2
2475	3
2476	3
2477	0
2478	3
2479	3
2480	3
2481	3
2482	1
2483	0
2484	2
2485	3
2486	3
2487	3
2488	0
2489	0
2490	1
2491	1
2492	1
2493	1
2494	3
2495	3
2496	0
2497	0
2498	1
2499	3
2500	3
2501	1
2502	0
2503	3
2504	0
2505	1
2506	2
2507	1
2508	0
2509	1
2510	2
2511	3
2512	0
2513	3
2514	0
2515	1
2516	3
2517	0
2518	3
2519	3
2520	2
2521	3
2522	1
2523	3
2524	3
2525	0
2526	3
2527	2
2528	0
2529	3
2530	1
2531	1
2532	2
2533	0
2534	3
2535	3
2536	3
2537	0
2538	3
2539	3
2540	1
2541	2
2542	0
2543	2
2544	2
2545	1
2546	3
2547	2
2548	3
2549	3
2550	3
2551	0
2552	3
2553	3
2554	0
2555	3
2556	1
2557	0
2558	0
2559	0
2560	0
2561	0
2562	0
2563	0
2564	2
2565	0
2566	0
2567	0
2568	3
2569	2
2570	3
2571	3
2572	0
2573	0
2574	0
2575	0
2576	1
2577	3
2578	3
2579	0
2580	0
2581	2
2582	2
2583	0
2584	0
2585	0
2586	0
2587	3
2588	0
2589	3
2590	0
2591	3
2592	3
2593	1
2594	1
2595	1
2596	3
2597	2
2598	3
2599	0
2600	0
2601	2
2602	0
2603	0
2604	2
2605	0
2606	0
2607	0
2608	3
2609	0
2610	0
2611	3
2612	3
2613	3
2614	3
2615	1
2616	2
2617	0
2618	0
2619	3
2620	2
2621	1
2622	3
2623	0
2624	3
2625	3
2626	3
2627	3
2628	3
2629	3
2630	3
2631	3
2632	3
2633	3
2634	2
2635	2
2636	0
2637	3
2638	2
2639	3
2640	3
2641	3
2642	0
2643	2
2644	2
2645	3
2646	2
2647	3
2648	3
2649	3
2650	2
2651	3
2652	3
2653	3
2654	2
2655	3
2656	0
2657	3
2658	0
2659	0
2660	2
2661	0
2662	0
2663	3
2664	3
2665	3
2666	0
2667	3
2668	3
2669	3
2670	3
2671	0
2672	0
2673	0
2674	2
2675	3
2676	3
2677	3
2678	1
2679	3
2680	0
2681	3
2682	0
2683	0
2684	3
2685	3
2686	3
2687	1
2688	2
2689	2
2690	0
2691	1
2692	0
2693	0
2694	0
2695	2
2696	3
2697	3
2698	3
2699	1
2700	1
2701	0
2702	1
2703	3
2704	1
2705	3
2706	1
2707	3
2708	3
2709	0
2710	1
2711	0
2712	3
2713	0
2714	3
2715	1
2716	3
2717	0
2718	0
2719	1
2720	0
2721	0
2722	3
2723	0
2724	3
2725	0
2726	3
2727	3
2728	3
2729	3
2730	3
2731	3
2732	0
2733	3
2734	3
2735	1
2736	3
2737	0
2738	3
2739	3
2740	1
2741	2
2742	3
2743	3
2744	3
2745	0
2746	3
2747	0
2748	2
2749	3
2750	3
2751	2
2752	3
2753	0
2754	3
2755	3
2756	1
2757	3
2758	0
2759	0
2760	2
2761	1
2762	3
2763	0
2764	3
2765	3
2766	3
2767	2
2768	3
2769	3
2770	3
2771	1
2772	1
2773	2
2774	3
2775	3
2776	3
2777	3
2778	1
2779	0
2780	3
2781	3
2782	3
2783	1
2784	0
2785	1
2786	3
2787	1
2788	3
2789	2
2790	0
2791	1
2792	2
2793	3
2794	2
2795	1
2796	0
2797	3
2798	1
2799	3
2800	3
2801	0
2802	3
2803	1
2804	3
2805	3
2806	3
2807	1
2808	0
2809	3
2810	3
2811	3
2812	2
2813	2
2814	1
2815	3
2816	3
2817	0
2818	3
2819	2
2820	0
2821	0
2822	0
2823	0
2824	3
2825	3
2826	3
2827	3
2828	0
2829	2
2830	3
2831	3
2832	3
2833	3
2834	3
2835	3
2836	2
2837	0
2838	2
2839	0
2840	2
2841	3
2842	2
2843	1
2844	0
2845	3
2846	0
2847	3
2848	3
2849	2
2850	1
2851	2
2852	3
2853	0
2854	0
2855	0
2856	3
2857	2
2858	3
2859	2
2860	3
2861	3
2862	3
2863	3
2864	0
2865	0
2866	3
2867	0
2868	0
2869	3
2870	1
2871	0
2872	3
2873	3
2874	3
2875	0
2876	3
2877	3
2878	3
2879	0
2880	0
2881	0
2882	3
2883	3
2884	3
2885	3
2886	3
2887	3
2888	0
2889	3
2890	1
2891	0
2892	2
2893	2
2894	0
2895	1
2896	3
2897	3
2898	3
2899	1
2900	3
2901	2
2902	3
2903	2
2904	3
2905	3
2906	3
2907	3
2908	3
2909	2
2910	0
2911	3
2912	2
2913	0
2914	2
2915	3
2916	0
2917	0
2918	0
2919	1
2920	3
2921	3
2922	3
2923	3
2924	3
2925	3
2926	1
2927	3
2928	0
2929	2
2930	3
2931	2
2932	2
2933	3
2934	3
2935	3
2936	1
2937	3
2938	1
2939	0
2940	2
2941	3
2942	0
2943	1
2944	3
2945	3
2946	0
2947	1
2948	0
2949	3
2950	2
2951	3
2952	1
2953	0
2954	3
2955	3
2956	3
2957	2
2958	3
2959	1
2960	3
2961	0
2962	3
2963	3
2964	3
2965	3
2966	3
2967	3
2968	2
2969	2
2970	0
2971	1
2972	3
2973	3
2974	2
2975	3
2976	3
2977	2
2978	2
2979	3
2980	3
2981	0
2982	0
2983	3
2984	1
2985	3
2986	3
2987	3
2988	3
2989	3
2990	3
2991	1
2992	3
2993	2
2994	1
2995	0
2996	3
2997	3
2998	0
2999	3
3000	3
3001	1
3002	1
3003	0
3004	0
3005	2
3006	3
3007	0
3008	3
3009	0
3010	3
3011	0
3012	0
3013	0
3014	3
3015	3
3016	2
3017	1
3018	2
3019	0
3020	3
3021	3
3022	3
3023	3
3024	3
3025	2
3026	3
3027	3
3028	1
3029	0
3030	3
3031	3
3032	2
3033	3
3034	3
3035	3
3036	0
3037	3
3038	3
3039	3
3040	2
3041	3
3042	0
3043	3
3044	3
3045	0
3046	0
3047	2
3048	2
3049	0
3050	3
3051	1
3052	0
3053	3
3054	2
3055	3
3056	3
3057	3
3058	0
3059	3
3060	3
3061	0
3062	0
3063	3
3064	0
3065	3
3066	0
3067	2
3068	3
3069	1
3070	3
3071	3
3072	1
3073	3
3074	1
3075	0
3076	0
3077	0
3078	3
3079	3
3080	1
3081	2
3082	3
3083	0
3084	1
3085	3
3086	3
3087	3
3088	3
3089	3
3090	3
3091	3
3092	3
3093	3
3094	3
3095	3
3096	3
3097	0
3098	0
3099	3
3100	3
3101	3
3102	0
3103	0
3104	2
3105	2
3106	2
3107	2
3108	2
3109	0
3110	2
3111	2
3112	0
3113	3
3114	3
3115	1
3116	0
3117	3
3118	0
3119	3
3120	0
3121	3
3122	0
3123	3
3124	1
3125	1
3126	3
3127	3
3128	0
3129	3
3130	2
3131	1
3132	3
3133	0
3134	1
3135	3
3136	3
3137	0
3138	3
3139	1
3140	0
3141	0
3142	2
3143	3
3144	2
3145	2
3146	2
3147	3
3148	0
3149	3
3150	2
3151	3
3152	3
3153	3
3154	2
3155	0
3156	3
3157	3
3158	3
3159	3
3160	2
3161	0
3162	2
3163	3
3164	0
3165	3
3166	2
3167	0
3168	2
3169	2
3170	0
3171	3
3172	1
3173	1
3174	2
3175	0
3176	2
3177	0
3178	1
3179	1
3180	0
3181	0
3182	0
3183	3
3184	3
3185	2
3186	2
3187	0
3188	1
3189	3
3190	3
3191	3
3192	3
3193	3
3194	1
3195	3
3196	2
3197	2
3198	3
3199	2
3200	3
3201	3
3202	3
3203	2
3204	3
3205	3
3206	2
3207	0
3208	1
3209	3
3210	3
3211	3
3212	1
3213	2
3214	2
3215	1
3216	0
3217	0
3218	3
3219	0
3220	1
3221	0
3222	3
3223	0
3224	3
3225	1
3226	3
3227	0
3228	1
3229	0
3230	0
3231	2
3232	1
3233	2
3234	0
3235	3
3236	0
3237	3
3238	1
3239	2
3240	0
3241	1
3242	1
3243	0
3244	1
3245	0
3246	0
3247	0
3248	1
3249	0
3250	0
3251	0
3252	3
3253	0
3254	2
3255	1
3256	1
3257	0
3258	0
3259	1
3260	1
3261	1
3262	1
3263	0
3264	1
3265	0
3266	3
3267	0
3268	3
3269	3
3270	3
3271	3
3272	0
3273	0
3274	0
3275	2
3276	0
3277	0
3278	2
3279	0
3280	0
3281	1
3282	2
3283	2
3284	0
3285	1
3286	2
3287	3
3288	3
3289	0
3290	1
3291	1
3292	2
3293	3
3294	3
3295	2
3296	1
3297	0
3298	1
3299	0
3300	0
3301	1
3302	2
3303	2
3304	2
3305	2
3306	3
3307	2
3308	1
3309	2
3310	2
3311	2
3312	2
3313	0
3314	3
3315	1
3316	1
3317	0
3318	1
3319	0
3320	0
3321	2
3322	2
3323	2
3324	1
3325	2
3326	3
3327	2
3328	2
3329	2
3330	3
3331	0
3332	2
3333	3
3334	3
3335	2
3336	3
3337	0
3338	1
3339	3
3340	3
3341	2
3342	3
3343	3
3344	2
3345	3
3346	1
3347	0
3348	2
3349	3
3350	3
3351	3
3352	3
3353	2
3354	0
3355	0
3356	3
3357	1
3358	2
3359	0
3360	3
3361	0
3362	0
3363	1
3364	1
3365	0
3366	3
3367	0
3368	2
3369	3
3370	3
3371	3
3372	3
3373	3
3374	3
3375	0
3376	3
3377	3
3378	3
3379	3
3380	3
3381	0
3382	3
3383	2
3384	3
3385	0
3386	2
3387	3
3388	3
3389	3
3390	1
3391	1
3392	2
3393	3
3394	1
3395	3
3396	2
3397	2
3398	3
3399	2
3400	3
3401	3
3402	3
3403	2
3404	1
3405	0
3406	2
3407	2
3408	0
3409	2
3410	2
3411	3
3412	3
3413	3
3414	0
3415	3
3416	2
3417	2
3418	1
3419	3
3420	0
3421	3
3422	3
3423	0
3424	3
3425	3
3426	2
3427	0
3428	0
3429	3
3430	3
3431	1
3432	2
3433	3
3434	3
3435	3
3436	3
3437	3
3438	2
3439	3
3440	3
3441	3
3442	3
3443	2
3444	0
3445	1
3446	3
3447	2
3448	3
3449	3
3450	0
3451	2
3452	3
3453	0
3454	2
3455	3
3456	1
3457	2
3458	3
3459	3
3460	3
3461	2
3462	1
3463	3
3464	3
3465	3
3466	0
3467	0
3468	2
3469	0
3470	0
3471	0
3472	2
3473	2
3474	0
3475	0
3476	0
3477	3
3478	0
3479	0
3480	2
3481	0
3482	0
3483	1
3484	3
3485	2
3486	2
3487	0
3488	2
3489	2
3490	3
3491	1
3492	2
3493	0
3494	3
3495	2
3496	3
3497	3
3498	0
3499	0
3500	3
3501	2
3502	1
3503	0
3504	3
3505	3
3506	3
3507	1
3508	0
3509	3
3510	2
3511	3
3512	0
3513	2
3514	3
3515	2
3516	1
3517	3
3518	3
3519	2
3520	3
3521	3
3522	0
3523	0
3524	3
3525	3
3526	3
3527	3
3528	3
3529	3
3530	0
3531	0
3532	2
3533	3
3534	2
3535	3
3536	3
3537	0
3538	3
3539	0
3540	0
3541	3
3542	3
3543	2
3544	3
3545	3
3546	3
3547	3
3548	2
3549	3
3550	3
3551	2
3552	3
3553	2
3554	3
3555	0
3556	1
3557	3
3558	3
3559	3
3560	2
3561	0
3562	2
3563	0
3564	0
3565	0
3566	0
3567	0
3568	3
3569	0
3570	0
3571	3
3572	3
3573	3
3574	3
3575	3
3576	0
3577	0
3578	2
3579	0
3580	3
3581	0
3582	0
3583	1
3584	3
3585	3
3586	1
3587	3
3588	3
3589	3
3590	2
3591	3
3592	0
3593	3
3594	1
3595	0
3596	2
3597	2
3598	0
3599	0
3600	0
3601	3
3602	0
3603	3
3604	0
3605	2
3606	2
3607	0
3608	3
3609	0
3610	2
3611	3
3612	0
3613	1
3614	0
3615	3
3616	1
3617	3
3618	2
3619	2
3620	3
3621	1
3622	2
3623	0
3624	3
3625	3
3626	3
3627	3
3628	3
3629	3
3630	3
3631	3
3632	3
3633	3
3634	0
3635	3
3636	2
3637	3
3638	3
3639	0
3640	3
3641	3
3642	3
3643	1
3644	0
3645	1
3646	3
3647	3
3648	0
3649	0
3650	3
3651	2
3652	3
3653	3
3654	3
3655	3
3656	2
3657	0
3658	3
3659	3
3660	2
3661	3
3662	2
3663	3
3664	2
3665	2
3666	3
3667	3
3668	1
3669	2
3670	0
3671	3
3672	3
3673	3
3674	1
3675	3
3676	3
3677	2
3678	3
3679	1
3680	0
3681	3
3682	3
3683	3
3684	1
3685	0
3686	1
3687	0
3688	3
3689	3
3690	2
3691	3
3692	3
3693	3
3694	3
3695	2
3696	2
3697	1
3698	3
3699	1
3700	1
3701	3
3702	0
3703	3
3704	1
3705	0
3706	3
3707	0
3708	0
3709	0
3710	3
3711	3
3712	3
3713	3
3714	2
3715	0
3716	2
3717	3
3718	2
3719	0
3720	3
3721	2
3722	3
3723	2
3724	2
3725	2
3726	3
3727	2
3728	2
3729	2
3730	3
3731	1
3732	0
3733	0
3734	0
3735	0
3736	0
3737	0
3738	3
3739	0
3740	2
3741	1
3742	0
3743	2
3744	3
3745	3
3746	3
3747	0
3748	0
3749	0
3750	0
3751	0
3752	3
3753	3
3754	3
3755	2
3756	2
3757	3
3758	3
3759	3
3760	1
3761	1
3762	2
3763	2
3764	2
3765	0
3766	3
3767	3
3768	3
3769	3
3770	0
3771	3
3772	0
3773	2
3774	3
3775	2
3776	1
3777	2
3778	2
3779	2
3780	0
3781	0
3782	0
3783	3
3784	0
3785	0
3786	0
3787	0
3788	2
3789	0
3790	0
3791	2
3792	2
3793	3
3794	0
3795	0
3796	3
3797	3
3798	0
3799	0
3800	0
3801	3
3802	0
3803	3
3804	3
3805	3
3806	0
3807	1
3808	2
3809	0
3810	2
3811	2
3812	3
3813	0
3814	2
3815	3
3816	0
3817	0
3818	0
3819	2
3820	2
3821	3
3822	0
3823	1
3824	3
3825	3
3826	2
3827	0
3828	0
3829	0
3830	0
3831	3
3832	0
3833	1
3834	0
3835	0
3836	0
3837	3
3838	3
3839	0
3840	0
3841	0
3842	3
3843	0
3844	3
3845	0
3846	3
3847	0
3848	3
3849	2
3850	3
3851	2
3852	2
3853	3
3854	3
3855	3
3856	1
3857	1
3858	3
3859	0
3860	3
3861	2
3862	3
3863	2
3864	2
3865	0
3866	0
3867	3
3868	3
3869	3
3870	0
3871	3
3872	3
3873	3
3874	0
3875	1
3876	1
3877	0
3878	3
3879	3
3880	2
3881	3
3882	3
3883	2
3884	2
3885	1
3886	2
3887	3
3888	3
3889	0
3890	0
3891	0
3892	2
3893	3
3894	3
3895	0
3896	2
3897	2
3898	2
3899	3
3900	2
3901	0
3902	3
3903	3
3904	0
3905	2
3906	2
3907	3
3908	2
3909	0
3910	2
3911	2
3912	3
3913	0
3914	3
3915	3
3916	2
3917	0
3918	0
3919	0
3920	3
3921	2
3922	3
3923	0
3924	0
3925	0
3926	0
3927	2
3928	3
3929	0
3930	3
3931	2
3932	3
3933	3
3934	0
3935	3
3936	0
3937	0
3938	0
3939	0
3940	0
3941	2
3942	2
3943	0
3944	3
3945	2
3946	0
3947	3
3948	0
3949	2
3950	1
3951	3
3952	3
3953	3
3954	0
3955	0
3956	3
3957	2
3958	0
3959	3
3960	3
3961	3
3962	1
3963	0
3964	1
3965	2
3966	0
3967	0
3968	3
3969	2
3970	3
3971	0
3972	0
3973	2
3974	3
3975	2
3976	3
3977	2
3978	1
3979	3
3980	3
3981	1
3982	2
3983	2
3984	3
3985	2
3986	2
3987	2
3988	3
3989	0
3990	3
3991	3
3992	3
3993	2
3994	2
3995	1
3996	0
3997	2
3998	1
3999	1
4000	3
4001	2
4002	3
4003	3
4004	3
4005	3
4006	1
4007	3
4008	3
4009	0
4010	3
4011	3
4012	3
4013	3
4014	3
4015	3
4016	3
4017	0
4018	0
4019	2
4020	0
4021	0
4022	3
4023	0
4024	3
4025	3
4026	0
4027	3
4028	3
4029	3
4030	3
4031	3
4032	2
4033	3
4034	2
4035	1
4036	0
4037	1
4038	3
4039	3
4040	3
4041	3
4042	3
4043	3
4044	3
4045	0
4046	2
4047	2
4048	2
4049	1
4050	0
4051	0
4052	2
4053	0
4054	1
4055	3
4056	3
4057	0
4058	0
4059	3
4060	0
4061	1
4062	3
4063	0
4064	2
4065	3
4066	0
4067	3
4068	3
4069	2
4070	0
4071	1
4072	3
4073	2
4074	3
4075	0
4076	3
4077	3
4078	3
4079	3
4080	0
4081	3
4082	1
4083	2
4084	2
4085	3
4086	3
4087	3
4088	2
4089	2
4090	0
4091	0
4092	3
4093	0
4094	0
4095	2
4096	2
4097	0
4098	0
4099	2
4100	3
4101	2
4102	0
4103	1
4104	2
4105	2
4106	1
4107	0
4108	2
4109	2
4110	3
4111	1
4112	2
4113	3
4114	0
4115	2
4116	2
4117	2
4118	3
4119	1
4120	0
4121	2
4122	0
4123	2
4124	2
4125	0
4126	3
4127	0
4128	0
4129	0
4130	2
4131	2
4132	2
4133	0
4134	2
4135	2
4136	1
4137	0
4138	0
4139	1
4140	1
4141	2
4142	3
4143	0
4144	2
4145	0
4146	3
4147	2
4148	1
4149	2
4150	0
4151	0
4152	0
4153	3
4154	1
4155	2
4156	3
4157	2
4158	1
4159	3
4160	2
4161	3
4162	0
4163	2
4164	3
4165	3
4166	0
4167	0
4168	2
4169	1
4170	3
4171	2
4172	2
4173	2
4174	1
4175	3
4176	2
4177	3
4178	3
4179	2
4180	3
4181	3
4182	2
4183	3
4184	0
4185	2
4186	3
4187	1
4188	0
4189	1
4190	2
4191	3
4192	3
4193	0
4194	2
4195	1
4196	3
4197	3
4198	3
4199	3
4200	0
4201	2
4202	2
4203	2
4204	2
4205	1
4206	2
4207	3
4208	3
4209	2
4210	3
4211	2
4212	2
4213	3
4214	1
4215	3
4216	3
4217	3
4218	2
4219	3
4220	1
4221	1
4222	3
4223	0
4224	0
4225	2
4226	0
4227	0
4228	0
4229	0
4230	3
4231	0
4232	2
4233	2
4234	0
4235	1
4236	3
4237	3
4238	0
4239	3
4240	0
4241	0
4242	0
4243	3
4244	0
4245	0
4246	0
4247	3
4248	3
4249	3
4250	3
4251	2
4252	0
4253	3
4254	3
4255	1
4256	3
4257	0
4258	0
4259	0
4260	0
4261	0
4262	2
4263	0
4264	0
4265	0
4266	0
4267	0
4268	3
4269	2
4270	0
4271	0
4272	0
4273	0
4274	3
4275	0
4276	0
4277	2
4278	0
4279	2
4280	2
4281	2
4282	3
4283	1
4284	0
4285	0
4286	0
4287	2
4288	1
4289	3
4290	2
4291	2
4292	3
4293	1
4294	3
4295	3
4296	3
4297	0
4298	3
4299	3
4300	0
4301	2
4302	3
4303	2
4304	1
4305	3
4306	2
4307	3
4308	1
4309	0
4310	3
4311	2
4312	1
4313	3
4314	1
4315	3
4316	3
4317	2
4318	2
4319	3
4320	0
4321	3
4322	1
4323	0
4324	3
4325	3
4326	3
4327	3
4328	0
4329	0
4330	0
4331	2
4332	3
4333	2
4334	3
4335	0
4336	0
4337	0
4338	1
4339	0
4340	3
4341	0
4342	2
4343	2
4344	2
4345	3
4346	0
4347	2
4348	3
4349	3
4350	3
4351	3
4352	0
4353	0
4354	0
4355	0
4356	0
4357	3
4358	3
4359	1
4360	0
4361	2
4362	3
4363	2
4364	2
4365	2
4366	2
4367	1
4368	2
4369	0
4370	0
4371	3
4372	3
4373	3
4374	2
4375	0
4376	1
4377	2
4378	0
4379	2
4380	2
4381	0
4382	2
4383	0
4384	2
4385	2
4386	0
4387	3
4388	0
4389	0
4390	1
4391	0
4392	2
4393	2
4394	0
4395	0
4396	3
4397	0
4398	0
4399	0
4400	2
4401	3
4402	3
4403	3
4404	3
4405	2
4406	1
4407	2
4408	2
4409	2
4410	3
4411	2
4412	3
4413	3
4414	0
4415	3
4416	3
4417	2
4418	0
4419	1
4420	0
4421	3
4422	3
4423	0
4424	3
4425	3
4426	0
4427	1
4428	2
4429	2
4430	3
4431	2
4432	1
4433	3
4434	3
4435	0
4436	0
4437	0
4438	0
4439	0
4440	3
4441	2
4442	3
4443	2
4444	2
4445	0
4446	1
4447	3
4448	2
4449	2
4450	2
4451	1
4452	1
4453	2
4454	0
4455	3
4456	0
4457	3
4458	2
4459	0
4460	0
4461	0
4462	2
4463	0
4464	2
4465	3
4466	3
4467	3
4468	1
4469	1
4470	0
4471	3
4472	0
4473	1
4474	3
4475	3
4476	2
4477	2
4478	3
4479	3
4480	0
4481	1
4482	3
4483	2
4484	0
4485	0
4486	3
4487	0
4488	0
4489	3
4490	0
4491	0
4492	0
4493	1
4494	1
4495	1
4496	3
4497	0
4498	3
4499	2
4500	0
4501	3
4502	2
4503	0
4504	0
4505	1
4506	3
4507	0
4508	0
4509	2
4510	0
4511	3
4512	0
4513	0
4514	1
4515	3
4516	0
4517	0
4518	0
4519	3
4520	0
4521	3
4522	2
4523	2
4524	0
4525	2
4526	0
4527	0
4528	2
4529	1
4530	0
4531	2
4532	2
4533	0
4534	2
4535	0
4536	2
4537	0
4538	0
4539	0
4540	0
4541	2
4542	0
4543	0
4544	3
4545	3
4546	2
4547	0
4548	2
4549	0
4550	1
4551	2
4552	0
4553	0
4554	0
4555	3
4556	3
4557	0
4558	0
4559	0
4560	3
4561	0
4562	3
4563	1
4564	1
4565	2
4566	0
4567	1
4568	2
4569	2
4570	2
4571	2
4572	0
4573	0
4574	0
4575	0
4576	2
4577	3
4578	1
4579	0
4580	0
4581	0
4582	1
4583	2
4584	0
4585	1
4586	0
4587	0
4588	1
4589	0
4590	3
4591	2
4592	0
4593	0
4594	3
4595	3
4596	0
4597	0
4598	1
4599	0
4600	2
4601	0
4602	0
4603	3
4604	0
4605	2
4606	0
4607	1
4608	0
4609	0
4610	2
4611	3
4612	0
4613	3
4614	3
4615	3
4616	3
4617	3
4618	1
4619	2
4620	3
4621	3
4622	2
4623	3
4624	3
4625	3
4626	3
4627	3
4628	2
4629	3
4630	3
4631	0
4632	3
4633	3
4634	3
4635	3
4636	3
4637	3
4638	0
4639	3
4640	3
4641	0
4642	0
4643	0
4644	0
4645	3
4646	3
4647	3
4648	0
4649	0
4650	3
4651	3
4652	3
4653	3
4654	3
4655	3
4656	0
4657	3
4658	3
4659	3
4660	3
4661	3
4662	3
4663	3
4664	3
4665	3
4666	3
4667	1
4668	3
4669	3
4670	3
4671	3
4672	2
4673	0
4674	2
4675	1
4676	3
4677	2
4678	1
4679	2
4680	3
4681	3
4682	2
4683	2
4684	0
4685	0
4686	3
4687	2
4688	3
4689	3
4690	3
4691	3
4692	3
4693	3
4694	3
4695	3
4696	3
4697	2
4698	3
4699	3
4700	3
4701	3
4702	3
4703	3
4704	0
4705	2
4706	3
4707	1
4708	2
4709	3
4710	0
4711	3
4712	3
4713	0
4714	2
4715	3
4716	1
4717	2
4718	2
4719	3
4720	3
4721	0
4722	2
4723	3
4724	2
4725	3
4726	1
4727	3
4728	0
4729	3
4730	2
4731	0
4732	0
4733	2
4734	0
4735	0
4736	3
4737	2
4738	0
4739	0
4740	3
4741	2
4742	2
4743	1
4744	3
4745	3
4746	3
4747	3
4748	3
4749	3
4750	3
4751	3
4752	2
4753	1
4754	3
4755	0
4756	3
4757	2
4758	0
4759	0
4760	1
4761	3
4762	0
4763	0
4764	3
4765	3
4766	3
4767	2
4768	3
4769	3
4770	0
4771	2
4772	0
4773	3
4774	1
4775	3
4776	0
4777	2
4778	0
4779	1
4780	1
4781	0
4782	3
4783	3
4784	1
4785	2
4786	3
4787	2
4788	3
4789	3
4790	2
4791	0
4792	3
4793	3
4794	3
4795	0
4796	2
4797	3
4798	3
4799	1
4800	0
4801	0
4802	3
4803	3
4804	2
4805	1
4806	0
4807	0
4808	2
4809	1
4810	0
4811	2
4812	2
4813	3
4814	2
4815	0
4816	2
4817	3
4818	3
4819	3
4820	0
4821	0
4822	0
4823	0
4824	3
4825	0
4826	0
4827	2
4828	2
4829	0
4830	0
4831	2
4832	2
4833	0
4834	1
4835	1
4836	0
4837	0
4838	0
4839	3
4840	3
4841	3
4842	0
4843	2
4844	3
4845	0
4846	2
4847	2
4848	0
4849	1
4850	3
4851	0
4852	2
4853	0
4854	2
4855	0
4856	2
4857	3
4858	3
4859	3
4860	0
4861	0
4862	3
4863	0
4864	0
4865	0
4866	0
4867	0
4868	0
4869	1
4870	0
4871	0
4872	3
4873	3
4874	0
4875	3
4876	2
4877	0
4878	3
4879	3
4880	1
4881	3
4882	0
4883	0
4884	2
4885	3
4886	3
4887	0
4888	3
4889	3
4890	0
4891	3
4892	2
4893	0
4894	1
4895	0
4896	3
4897	0
4898	1
4899	2
4900	2
4901	2
4902	3
4903	3
4904	0
4905	0
4906	0
4907	0
4908	3
4909	3
4910	0
4911	2
4912	2
4913	0
4914	3
4915	3
4916	3
4917	0
4918	2
4919	3
4920	0
4921	0
4922	0
4923	0
4924	3
4925	1
4926	0
4927	0
4928	2
4929	2
4930	2
4931	1
4932	1
4933	2
4934	3
4935	2
4936	1
4937	2
4938	2
4939	2
4940	3
4941	3
4942	2
4943	1
4944	0
4945	2
4946	3
4947	2
4948	1
4949	3
4950	2
4951	3
4952	2
4953	2
4954	0
4955	3
4956	2
4957	3
4958	2
4959	2
4960	3
4961	3
4962	3
4963	0
4964	3
4965	0
4966	3
4967	3
4968	0
4969	0
4970	0
4971	2
4972	2
4973	0
4974	3
4975	3
4976	0
4977	2
4978	1
4979	0
4980	0
4981	0
4982	0
4983	0
4984	1
4985	1
4986	0
4987	0
4988	1
4989	1
4990	0
4991	3
4992	3
4993	0
4994	3
4995	3
4996	3
4997	2
4998	0
4999	3
5000	0
5001	3
5002	2
5003	2
5004	3
5005	1
5006	1
5007	0
5008	0
5009	3
5010	0
5011	0
5012	2
5013	0
5014	0
5015	1
5016	2
5017	3
5018	3
5019	1
5020	1
5021	2
5022	1
5023	0
5024	2
5025	2
5026	2
5027	3
5028	0
5029	2
5030	2
5031	0
5032	0
5033	0
5034	2
5035	1
5036	2
5037	0
5038	1
5039	0
5040	3
5041	0
5042	2
5043	3
5044	0
5045	3
5046	2
5047	2
5048	0
5049	3
5050	0
5051	0
5052	3
5053	3
5054	3
5055	1
5056	0
5057	3
5058	2
5059	3
5060	3
5061	0
5062	0
5063	2
5064	2
5065	0
5066	0
5067	3
5068	3
5069	0
5070	3
5071	3
5072	3
5073	1
5074	3
5075	3
5076	3
5077	1
5078	2
5079	0
5080	2
5081	0
5082	2
5083	3
5084	3
5085	3
5086	2
5087	3
5088	0
5089	3
5090	1
5091	3
5092	1
5093	3
5094	1
5095	2
5096	3
5097	3
5098	3
5099	2
5100	2
5101	1
5102	2
5103	2
5104	3
5105	3
5106	0
5107	3
5108	1
5109	2
5110	1
5111	2
5112	3
5113	2
5114	2
5115	3
5116	3
5117	3
5118	0
5119	3
5120	0
5121	3
5122	0
5123	2
5124	0
5125	3
5126	3
5127	3
5128	3
5129	0
5130	3
5131	2
5132	3
5133	0
5134	3
5135	3
5136	1
5137	0
5138	3
5139	3
5140	3
5141	3
5142	0
5143	2
5144	2
5145	0
5146	0
5147	0
5148	3
5149	1
5150	0
5151	3
5152	1
5153	3
5154	0
5155	2
5156	0
5157	3
5158	3
5159	0
5160	3
5161	2
5162	2
5163	3
5164	2
5165	3
5166	1
5167	2
5168	3
5169	2
5170	3
5171	3
5172	2
5173	0
5174	3
5175	1
5176	0
5177	3
5178	1
5179	3
5180	3
5181	3
5182	3
5183	0
5184	3
5185	0
5186	3
5187	3
5188	2
5189	0
5190	1
5191	3
5192	3
5193	3
5194	0
5195	1
5196	3
5197	0
5198	2
5199	3
5200	3
5201	3
5202	3
5203	3
5204	3
5205	0
5206	1
5207	3
5208	0
5209	3
5210	3
5211	3
5212	3
5213	3
5214	1
5215	3
5216	0
5217	0
5218	3
5219	0
5220	2
5221	1
5222	0
5223	0
5224	1
5225	3
5226	0
5227	0
5228	0
5229	3
5230	2
5231	1
5232	3
5233	1
5234	0
5235	1
5236	2
5237	2
5238	0
5239	3
5240	1
5241	0
5242	1
5243	1
5244	3
5245	3
5246	1
5247	3
5248	3
5249	3
5250	2
5251	1
5252	2
5253	1
5254	2
5255	3
5256	0
5257	3
5258	0
5259	2
5260	0
5261	3
5262	0
5263	2
5264	3
5265	0
5266	3
5267	3
5268	1
5269	1
5270	1
5271	0
5272	3
5273	1
5274	3
5275	2
5276	2
5277	1
5278	0
5279	1
5280	2
5281	0
5282	3
5283	0
5284	2
5285	0
5286	0
5287	3
5288	2
5289	0
5290	0
5291	2
5292	3
5293	3
5294	0
5295	0
5296	1
5297	1
5298	1
5299	0
5300	0
5301	0
5302	0
5303	3
5304	3
5305	2
5306	3
5307	3
5308	0
5309	0
5310	3
5311	0
5312	2
5313	0
5314	2
5315	0
5316	3
5317	0
5318	3
5319	3
5320	2
5321	1
5322	3
5323	2
5324	3
5325	1
5326	0
5327	3
5328	2
5329	3
5330	0
5331	0
5332	2
5333	3
5334	3
5335	3
5336	3
5337	1
5338	3
5339	3
5340	3
5341	3
5342	3
5343	3
5344	3
5345	1
5346	0
5347	0
5348	2
5349	3
5350	3
5351	2
5352	2
5353	3
5354	2
5355	0
5356	2
5357	0
5358	0
5359	2
5360	3
5361	3
5362	0
5363	3
5364	3
5365	1
5366	3
5367	3
5368	3
5369	3
5370	0
5371	3
5372	0
5373	0
5374	3
5375	3
5376	2
5377	3
5378	0
5379	2
5380	2
5381	2
5382	3
5383	2
5384	3
5385	3
5386	3
5387	2
5388	0
5389	0
5390	3
5391	3
5392	1
5393	0
5394	3
5395	0
5396	1
5397	3
5398	2
5399	0
5400	1
5401	1
5402	3
5403	1
5404	0
5405	2
5406	3
5407	2
5408	3
5409	3
5410	3
5411	3
5412	2
5413	0
5414	1
5415	3
5416	2
5417	0
5418	3
5419	3
5420	3
5421	1
5422	3
5423	0
5424	0
5425	3
5426	3
5427	3
5428	3
5429	3
5430	3
5431	3
5432	1
5433	3
5434	3
5435	1
5436	2
5437	3
5438	3
5439	3
5440	0
5441	1
5442	3
5443	3
5444	0
5445	2
5446	2
5447	3
5448	3
5449	2
5450	3
5451	3
5452	3
5453	3
5454	3
5455	3
5456	2
5457	0
5458	3
5459	0
5460	3
5461	3
5462	0
5463	0
5464	3
5465	3
5466	3
5467	3
5468	3
5469	2
5470	2
5471	3
5472	3
5473	1
5474	1
5475	2
5476	3
5477	3
5478	3
5479	3
5480	3
5481	0
5482	3
5483	1
5484	3
5485	2
5486	3
5487	3
5488	3
5489	1
5490	0
5491	3
5492	3
5493	0
5494	3
5495	2
5496	1
5497	3
5498	2
5499	2
5500	3
5501	3
5502	0
5503	0
5504	2
5505	3
5506	2
5507	3
5508	0
5509	0
5510	0
5511	3
5512	3
5513	3
5514	3
5515	3
5516	2
5517	0
5518	2
5519	3
5520	3
5521	2
5522	3
5523	1
5524	0
5525	3
5526	2
5527	2
5528	3
5529	3
5530	3
5531	2
5532	2
5533	3
5534	2
5535	3
5536	0
5537	3
5538	3
5539	0
5540	3
5541	2
5542	3
5543	0
5544	1
5545	2
5546	3
5547	3
5548	2
5549	3
5550	3
5551	1
5552	0
5553	0
5554	3
5555	3
5556	3
5557	3
5558	3
5559	3
5560	0
5561	3
5562	3
5563	3
5564	3
5565	3
5566	3
5567	3
5568	2
5569	3
5570	0
5571	3
5572	0
5573	3
5574	2
5575	0
5576	2
5577	2
5578	0
5579	3
5580	3
5581	0
5582	1
5583	2
5584	0
5585	0
5586	1
5587	3
5588	3
5589	3
5590	0
5591	0
5592	2
5593	3
5594	2
5595	2
5596	2
5597	2
5598	2
5599	0
5600	2
5601	3
5602	0
5603	0
5604	3
5605	1
5606	1
5607	0
5608	0
5609	2
5610	0
5611	2
5612	1
5613	0
5614	3
5615	3
5616	0
5617	3
5618	2
5619	0
5620	2
5621	2
5622	0
5623	0
5624	1
5625	1
5626	2
5627	3
5628	2
5629	3
5630	2
5631	2
5632	0
5633	2
5634	0
5635	0
5636	0
5637	3
5638	2
5639	3
5640	3
5641	2
5642	0
5643	0
5644	3
5645	2
5646	0
5647	2
5648	2
5649	1
5650	2
5651	1
5652	3
5653	3
5654	3
5655	3
5656	1
5657	2
5658	2
5659	0
5660	1
5661	3
5662	3
5663	3
5664	2
5665	0
5666	1
5667	3
5668	0
5669	0
5670	2
5671	0
5672	2
5673	2
5674	3
5675	3
5676	2
5677	2
5678	2
5679	0
5680	3
5681	3
5682	3
5683	3
5684	1
5685	1
5686	3
5687	2
5688	2
5689	1
5690	0
5691	0
5692	0
5693	0
5694	0
5695	3
5696	3
5697	3
5698	2
5699	3
5700	3
5701	3
5702	3
5703	2
5704	0
5705	2
5706	3
5707	3
5708	2
5709	3
5710	3
5711	0
5712	2
5713	1
5714	0
5715	3
5716	2
5717	0
5718	3
5719	3
5720	3
5721	2
5722	3
5723	0
5724	2
5725	0
5726	2
5727	3
5728	1
5729	1
5730	2
5731	3
5732	3
5733	1
5734	2
5735	3
5736	3
5737	3
5738	0
5739	2
5740	3
5741	2
5742	3
5743	3
5744	1
5745	2
5746	3
5747	3
5748	2
5749	2
5750	3
5751	2
5752	2
5753	1
5754	2
5755	2
5756	3
5757	1
5758	2
5759	1
5760	2
5761	2
5762	0
5763	3
5764	1
5765	0
5766	1
5767	1
5768	0
5769	0
5770	0
5771	0
5772	0
5773	0
5774	0
5775	0
5776	3
5777	0
5778	0
5779	0
5780	2
5781	1
5782	0
5783	0
5784	0
5785	1
5786	3
5787	0
5788	0
5789	0
5790	1
5791	0
5792	0
5793	2
5794	0
5795	2
5796	3
5797	3
5798	3
5799	3
5800	0
5801	1
5802	2
5803	0
5804	0
5805	1
5806	0
5807	0
5808	0
5809	0
5810	3
5811	3
5812	2
5813	1
5814	3
5815	2
5816	3
5817	0
5818	3
5819	2
5820	2
5821	0
5822	0
5823	0
5824	0
5825	1
5826	0
5827	0
5828	3
5829	2
5830	0
5831	0
5832	0
5833	0
5834	0
5835	0
5836	3
5837	2
5838	3
5839	0
5840	3
5841	2
5842	3
5843	3
5844	1
5845	1
5846	0
5847	3
5848	0
5849	3
5850	3
5851	1
5852	2
5853	3
5854	3
5855	1
5856	2
5857	2
5858	3
5859	0
5860	2
5861	1
5862	3
5863	2
5864	0
5865	0
5866	0
5867	2
5868	0
5869	3
5870	1
5871	3
5872	3
5873	2
5874	3
5875	1
5876	2
5877	3
5878	3
5879	1
5880	0
5881	0
5882	3
5883	0
5884	0
5885	2
5886	0
5887	2
5888	0
5889	3
5890	3
5891	2
5892	3
5893	2
5894	3
5895	0
5896	1
5897	3
5898	2
5899	3
5900	0
5901	1
5902	0
5903	3
5904	2
5905	2
5906	2
5907	2
5908	3
5909	1
5910	3
5911	3
5912	3
5913	2
5914	2
5915	1
5916	3
5917	2
5918	3
5919	0
5920	0
5921	2
5922	2
5923	3
5924	2
5925	1
5926	2
5927	1
5928	2
5929	2
5930	0
5931	3
5932	2
5933	2
5934	3
5935	3
5936	1
5937	2
5938	2
5939	2
5940	0
5941	0
5942	0
5943	3
5944	3
5945	1
5946	3
5947	1
5948	1
5949	2
5950	3
5951	3
5952	2
5953	2
5954	1
5955	3
5956	3
5957	3
5958	0
5959	0
5960	0
5961	0
5962	2
5963	2
5964	0
5965	3
5966	3
5967	3
5968	2
5969	2
5970	3
5971	0
5972	1
5973	1
5974	2
5975	0
5976	1
5977	2
5978	1
5979	0
5980	2
5981	2
5982	0
5983	0
5984	3
5985	3
5986	2
5987	0
5988	0
5989	2
5990	0
5991	3
5992	2
5993	3
5994	3
5995	3
5996	0
5997	2
5998	2
5999	2
6000	3
6001	1
6002	0
6003	0
6004	0
6005	3
6006	0
6007	2
6008	2
6009	2
6010	0
6011	0
6012	0
6013	0
6014	3
6015	0
6016	2
6017	0
6018	0
6019	0
6020	3
6021	0
6022	2
6023	0
6024	1
6025	3
6026	1
6027	1
6028	1
6029	3
6030	3
6031	3
6032	0
6033	1
6034	2
6035	2
6036	3
6037	2
6038	3
6039	2
6040	3
6041	2
6042	3
6043	2
6044	3
6045	2
6046	2
6047	0
6048	0
6049	3
6050	2
6051	1
6052	0
6053	1
6054	3
6055	0
6056	1
6057	3
6058	3
6059	2
6060	1
6061	3
6062	0
6063	2
6064	0
6065	0
6066	2
6067	0
6068	2
6069	2
6070	0
6071	2
6072	1
6073	3
6074	0
6075	0
6076	3
6077	2
6078	3
6079	1
6080	0
6081	2
6082	3
6083	3
6084	0
6085	2
6086	0
6087	2
6088	2
6089	2
6090	3
6091	2
6092	3
6093	3
6094	3
6095	3
6096	0
6097	0
6098	2
6099	0
6100	1
6101	3
6102	3
6103	3
6104	3
6105	3
6106	2
6107	3
6108	2
6109	3
6110	2
6111	3
6112	0
6113	0
6114	0
6115	3
6116	0
6117	0
6118	1
6119	3
6120	0
6121	1
6122	0
6123	1
6124	0
6125	3
6126	1
6127	0
6128	2
6129	0
6130	3
6131	0
6132	0
6133	2
6134	0
6135	0
6136	0
6137	2
6138	2
6139	0
6140	0
6141	3
6142	3
6143	2
6144	3
6145	3
6146	3
6147	0
6148	3
6149	3
6150	0
6151	2
6152	0
6153	3
6154	2
6155	3
6156	0
6157	0
6158	3
6159	0
6160	3
6161	3
6162	3
6163	2
6164	2
6165	3
6166	0
6167	3
6168	2
6169	2
6170	3
6171	0
6172	3
6173	2
6174	3
6175	3
6176	3
6177	3
6178	3
6179	3
6180	3
6181	0
6182	0
6183	2
6184	0
6185	3
6186	3
6187	2
6188	0
6189	1
6190	0
6191	0
6192	2
6193	2
6194	2
6195	1
6196	2
6197	0
6198	1
6199	0
6200	3
6201	3
6202	0
6203	3
6204	0
6205	3
6206	1
6207	3
6208	3
6209	3
6210	0
6211	2
6212	2
6213	0
6214	2
6215	3
6216	1
6217	1
6218	3
6219	2
6220	0
6221	0
6222	3
6223	1
6224	0
6225	0
6226	1
6227	0
6228	3
6229	0
6230	0
6231	0
6232	0
6233	0
6234	3
6235	3
6236	3
6237	3
6238	0
6239	0
6240	1
6241	1
6242	0
6243	0
6244	1
6245	0
6246	1
6247	0
6248	3
6249	1
6250	0
6251	2
6252	3
6253	3
6254	3
6255	3
6256	3
6257	2
6258	0
6259	0
6260	3
6261	1
6262	0
6263	0
6264	3
6265	3
6266	0
6267	1
6268	2
6269	0
6270	0
6271	1
6272	3
6273	3
6274	3
6275	3
6276	2
6277	3
6278	3
6279	0
6280	0
6281	0
6282	0
6283	3
6284	2
6285	1
6286	1
6287	3
6288	0
6289	2
6290	3
6291	1
6292	3
6293	3
6294	3
6295	2
6296	3
6297	2
6298	2
6299	3
6300	1
6301	1
6302	3
6303	0
6304	3
6305	3
6306	0
6307	3
6308	0
6309	0
6310	1
6311	2
6312	3
6313	3
6314	2
6315	1
6316	3
6317	0
6318	3
6319	1
6320	3
6321	1
6322	2
6323	1
6324	2
6325	2
6326	2
6327	3
6328	2
6329	3
6330	2
6331	0
6332	1
6333	2
6334	1
6335	0
6336	3
6337	0
6338	3
6339	0
6340	0
6341	1
6342	0
6343	0
6344	3
6345	0
6346	0
6347	3
6348	0
6349	0
6350	2
6351	0
6352	3
6353	2
6354	0
6355	2
6356	0
6357	0
6358	0
6359	2
6360	2
6361	1
6362	2
6363	3
6364	2
6365	3
6366	3
6367	3
6368	0
6369	0
6370	0
6371	3
6372	3
6373	0
6374	1
6375	0
6376	3
6377	0
6378	3
6379	3
6380	0
6381	3
6382	3
6383	3
6384	2
6385	3
6386	3
6387	3
6388	3
6389	2
6390	3
6391	2
6392	1
6393	3
6394	2
6395	3
6396	3
6397	2
6398	3
6399	2
6400	2
6401	0
6402	3
6403	0
6404	3
6405	2
6406	2
6407	2
6408	3
6409	2
6410	3
6411	3
6412	2
6413	1
6414	2
6415	1
6416	0
6417	0
6418	0
6419	0
6420	3
6421	2
6422	3
6423	1
6424	0
6425	0
6426	2
6427	2
6428	1
6429	1
6430	1
6431	0
6432	2
6433	1
6434	3
6435	1
6436	3
6437	3
6438	3
6439	3
6440	3
6441	3
6442	2
6443	2
6444	3
6445	2
6446	3
6447	3
6448	0
6449	1
6450	0
6451	3
6452	0
6453	0
6454	3
6455	0
6456	3
6457	3
6458	3
6459	2
6460	3
6461	1
6462	3
6463	2
6464	2
6465	2
6466	2
6467	3
6468	2
6469	2
6470	2
6471	1
6472	0
6473	2
6474	2
6475	2
6476	3
6477	3
6478	0
6479	0
6480	3
6481	2
6482	3
6483	0
6484	0
6485	3
6486	3
6487	3
6488	1
6489	3
6490	0
6491	3
6492	1
6493	2
6494	2
6495	2
6496	2
6497	2
6498	3
6499	1
6500	3
6501	0
6502	0
6503	3
6504	3
6505	0
6506	2
6507	3
6508	3
6509	2
6510	1
6511	3
6512	0
6513	3
6514	3
6515	0
6516	3
6517	3
6518	3
6519	3
6520	3
6521	3
6522	2
6523	2
6524	2
6525	3
6526	1
6527	3
6528	0
6529	3
6530	0
6531	0
6532	2
6533	2
6534	2
6535	3
6536	1
6537	3
6538	2
6539	3
6540	2
6541	2
6542	2
6543	2
6544	0
6545	3
6546	3
6547	2
6548	3
6549	3
6550	3
6551	2
6552	0
6553	1
6554	2
6555	1
6556	1
6557	3
6558	2
6559	2
6560	3
6561	3
6562	3
6563	3
6564	1
6565	3
6566	2
6567	2
6568	3
6569	3
6570	0
6571	3
6572	3
6573	2
6574	3
6575	3
6576	3
6577	3
6578	3
6579	3
6580	2
6581	3
6582	3
6583	3
6584	3
6585	3
6586	1
6587	3
6588	1
6589	3
6590	3
6591	1
6592	3
6593	2
6594	0
6595	0
6596	3
6597	0
6598	0
6599	0
6600	3
6601	2
6602	0
6603	0
6604	0
6605	2
6606	1
6607	0
6608	2
6609	3
6610	2
6611	0
6612	3
6613	3
6614	3
6615	0
6616	3
6617	0
6618	1
6619	0
6620	2
6621	3
6622	3
6623	2
6624	2
6625	0
6626	0
6627	2
6628	0
6629	3
6630	2
6631	3
6632	3
6633	0
6634	3
6635	2
6636	3
6637	0
6638	3
6639	0
6640	0
6641	0
6642	2
6643	3
6644	3
6645	3
6646	0
6647	3
6648	3
6649	2
6650	3
6651	3
6652	1
6653	3
6654	3
6655	0
6656	1
6657	0
6658	1
6659	3
6660	1
6661	3
6662	3
6663	2
6664	3
6665	3
6666	2
6667	3
6668	0
6669	1
6670	0
6671	0
6672	0
6673	1
6674	0
6675	0
6676	0
6677	1
6678	3
6679	0
6680	2
6681	0
6682	3
6683	2
6684	2
6685	0
6686	3
6687	1
6688	0
6689	0
6690	1
6691	0
6692	0
6693	0
6694	0
6695	0
6696	1
6697	2
6698	0
6699	1
6700	0
6701	3
6702	2
6703	3
6704	0
6705	0
6706	0
6707	0
6708	0
6709	0
6710	0
6711	0
6712	2
6713	1
6714	0
6715	3
6716	0
6717	1
6718	0
6719	0
6720	3
6721	0
6722	1
6723	3
6724	3
6725	0
6726	3
6727	1
6728	1
6729	3
6730	3
6731	3
6732	0
6733	3
6734	0
6735	2
6736	3
6737	0
6738	0
6739	2
6740	3
6741	3
6742	2
6743	0
6744	3
6745	2
6746	0
6747	1
6748	0
6749	0
6750	0
6751	0
6752	0
6753	0
6754	0
6755	0
6756	0
6757	0
6758	0
6759	0
6760	2
6761	3
6762	0
6763	3
6764	0
6765	3
6766	2
6767	2
6768	1
6769	0
6770	0
6771	0
6772	3
6773	3
6774	0
6775	0
6776	1
6777	1
6778	2
6779	0
6780	1
6781	2
6782	1
6783	3
6784	0
6785	3
6786	0
6787	0
6788	0
6789	2
6790	3
6791	3
6792	0
6793	0
6794	3
6795	1
6796	0
6797	0
6798	3
6799	0
6800	0
6801	0
6802	0
6803	1
6804	0
6805	0
6806	0
6807	0
6808	3
6809	0
6810	3
6811	3
6812	0
6813	3
6814	0
6815	0
6816	0
6817	3
6818	0
6819	0
6820	3
6821	0
6822	2
6823	0
6824	2
6825	2
6826	0
6827	1
6828	1
6829	0
6830	1
6831	3
6832	0
6833	1
6834	0
6835	0
6836	0
6837	0
6838	0
6839	0
6840	0
6841	2
6842	3
6843	3
6844	3
6845	0
6846	2
6847	0
6848	1
6849	3
6850	1
6851	0
6852	2
6853	1
6854	1
6855	3
6856	0
6857	2
6858	3
6859	0
6860	3
6861	0
6862	0
6863	1
6864	3
6865	0
6866	0
6867	2
6868	3
6869	1
6870	3
6871	2
6872	0
6873	3
6874	0
6875	0
6876	2
6877	0
6878	3
6879	3
6880	3
6881	3
6882	0
6883	0
6884	1
6885	1
6886	3
6887	3
6888	0
6889	1
6890	0
6891	2
6892	0
6893	1
6894	0
6895	0
6896	0
6897	0
6898	0
6899	2
6900	3
6901	2
6902	0
6903	2
6904	0
6905	3
6906	2
6907	3
6908	0
6909	1
6910	3
6911	0
6912	3
6913	1
6914	3
6915	3
6916	0
6917	2
6918	1
6919	3
6920	2
6921	2
6922	3
6923	1
6924	1
6925	3
6926	1
6927	2
6928	3
6929	3
6930	3
6931	3
6932	2
6933	0
6934	2
6935	0
6936	2
6937	0
6938	3
6939	2
6940	2
6941	1
6942	3
6943	3
6944	0
6945	2
6946	3
6947	0
6948	2
6949	2
6950	0
6951	3
6952	1
6953	2
6954	3
6955	3
6956	3
6957	3
6958	0
6959	0
6960	2
6961	3
6962	0
6963	0
6964	2
6965	2
6966	3
6967	1
6968	2
6969	1
6970	3
6971	2
6972	3
6973	2
6974	3
6975	1
6976	3
6977	3
6978	2
6979	0
6980	0
6981	0
6982	0
6983	3
6984	0
6985	2
6986	1
6987	3
6988	1
6989	0
6990	3
6991	0
6992	2
6993	3
6994	3
6995	3
6996	3
6997	2
6998	0
6999	3
7000	3
7001	3
7002	3
7003	0
7004	3
7005	3
7006	2
7007	3
7008	0
7009	0
7010	3
7011	2
7012	3
7013	0
7014	3
7015	0
7016	3
7017	3
7018	0
7019	2
7020	2
7021	0
7022	2
7023	1
7024	3
7025	0
7026	3
7027	0
7028	3
7029	2
7030	0
7031	1
7032	3
7033	1
7034	0
7035	0
7036	3
7037	3
7038	0
7039	0
7040	2
7041	2
7042	0
7043	0
7044	2
7045	1
7046	2
7047	3
7048	3
7049	2
7050	2
7051	3
7052	1
7053	3
7054	2
7055	0
7056	0
7057	0
7058	3
7059	1
7060	2
7061	3
7062	0
7063	0
7064	0
7065	0
7066	0
7067	0
7068	0
7069	1
7070	0
7071	1
7072	3
7073	3
7074	2
7075	3
7076	2
7077	3
7078	3
7079	3
7080	3
7081	3
7082	1
7083	3
7084	3
7085	3
7086	3
7087	0
7088	3
7089	3
7090	3
7091	1
7092	1
7093	3
7094	3
7095	1
7096	3
7097	3
7098	2
7099	3
7100	1
7101	2
7102	3
7103	3
7104	3
7105	0
7106	0
7107	0
7108	3
7109	0
7110	3
7111	1
7112	3
7113	3
7114	3
7115	3
7116	3
7117	1
7118	0
7119	3
7120	3
7121	2
7122	3
7123	3
7124	2
7125	3
7126	3
7127	3
7128	0
7129	3
7130	3
7131	2
7132	2
7133	2
7134	3
7135	1
7136	2
7137	3
7138	3
7139	0
7140	3
7141	3
7142	3
7143	3
7144	3
7145	3
7146	3
7147	3
7148	0
7149	0
7150	0
7151	0
7152	1
7153	0
7154	0
7155	3
7156	0
7157	3
7158	3
7159	2
7160	3
7161	0
7162	3
7163	3
7164	3
7165	3
7166	0
7167	3
7168	2
7169	3
7170	0
7171	3
7172	3
7173	2
7174	3
7175	3
7176	3
7177	0
7178	1
7179	0
7180	3
7181	3
7182	2
7183	0
7184	2
7185	0
7186	3
7187	3
7188	0
7189	3
7190	1
7191	3
7192	0
7193	2
7194	3
7195	2
7196	3
7197	0
7198	1
7199	2
7200	2
7201	3
7202	0
7203	3
7204	0
7205	1
7206	0
7207	2
7208	3
7209	3
7210	1
7211	3
7212	1
7213	3
7214	3
7215	3
7216	0
7217	0
7218	2
7219	0
7220	3
7221	1
7222	2
7223	0
7224	1
7225	0
7226	1
7227	3
7228	3
7229	0
7230	1
7231	3
7232	3
7233	0
7234	3
7235	3
7236	3
7237	0
7238	2
7239	0
7240	1
7241	2
7242	3
7243	0
7244	3
7245	3
7246	0
7247	3
7248	3
7249	2
7250	3
7251	2
7252	3
7253	3
7254	3
7255	3
7256	3
7257	2
7258	3
7259	3
7260	3
7261	3
7262	3
7263	2
7264	1
7265	0
7266	2
7267	0
7268	0
7269	0
7270	3
7271	1
7272	3
7273	2
7274	0
7275	0
7276	1
7277	0
7278	0
7279	3
7280	3
7281	1
7282	3
7283	1
7284	2
7285	3
7286	0
7287	3
7288	3
7289	0
7290	0
7291	2
7292	0
7293	2
7294	3
7295	3
7296	3
7297	0
7298	2
7299	3
7300	2
7301	2
7302	2
7303	3
7304	2
7305	2
7306	2
7307	2
7308	0
7309	3
7310	0
7311	2
7312	1
7313	0
7314	2
7315	2
7316	3
7317	0
7318	3
7319	0
7320	3
7321	0
7322	3
7323	0
7324	3
7325	0
7326	0
7327	0
7328	3
7329	3
7330	3
7331	1
7332	3
7333	3
7334	1
7335	1
7336	3
7337	0
7338	0
7339	3
7340	3
7341	3
7342	3
7343	3
7344	2
7345	0
7346	2
7347	0
7348	1
7349	0
7350	3
7351	3
7352	0
7353	3
7354	0
7355	0
7356	3
7357	0
7358	3
7359	0
7360	2
7361	0
7362	2
7363	3
7364	0
7365	0
7366	0
7367	0
7368	2
7369	1
7370	2
7371	3
7372	0
7373	3
7374	0
7375	0
7376	3
7377	3
7378	1
7379	3
7380	2
7381	2
7382	3
7383	3
7384	0
7385	3
7386	3
7387	3
7388	3
7389	3
7390	3
7391	2
7392	3
7393	3
7394	3
7395	2
7396	3
7397	0
7398	3
7399	2
7400	3
7401	0
7402	2
7403	1
7404	1
7405	3
7406	0
7407	3
7408	0
7409	3
7410	3
7411	3
7412	2
7413	3
7414	3
7415	3
7416	3
7417	3
7418	3
7419	3
7420	3
7421	3
7422	3
7423	0
7424	1
7425	3
7426	0
7427	0
7428	3
7429	3
7430	0
7431	2
7432	3
7433	3
7434	1
7435	0
7436	2
7437	2
7438	2
7439	1
7440	1
7441	0
7442	0
7443	0
7444	3
7445	0
7446	0
7447	3
7448	2
7449	1
7450	0
7451	0
7452	3
7453	3
7454	0
7455	0
7456	1
7457	0
7458	2
7459	1
7460	0
7461	0
7462	3
7463	3
7464	0
7465	2
7466	1
7467	3
7468	3
7469	2
7470	3
7471	2
7472	3
7473	3
7474	3
7475	2
7476	2
7477	2
7478	2
7479	0
7480	2
7481	3
7482	0
7483	3
7484	2
7485	1
7486	0
7487	2
7488	0
7489	3
7490	3
7491	3
7492	3
7493	2
7494	2
7495	0
7496	3
7497	3
7498	3
7499	3
7500	3
7501	3
7502	3
7503	3
7504	3
7505	0
7506	2
7507	3
7508	3
7509	0
7510	0
7511	2
7512	3
7513	3
7514	3
7515	3
7516	2
7517	0
7518	3
7519	2
7520	0
7521	0
7522	0
7523	0
7524	0
7525	1
7526	3
7527	2
7528	2
7529	2
7530	2
7531	1
7532	0
7533	2
7534	3
7535	3
7536	2
7537	3
7538	3
7539	3
7540	1
7541	0
7542	0
7543	0
7544	0
7545	3
7546	3
7547	2
7548	0
7549	0
7550	1
7551	0
7552	0
7553	3
7554	3
7555	3
7556	0
7557	3
7558	0
7559	3
7560	3
7561	2
7562	3
7563	3
7564	2
7565	2
7566	0
7567	2
7568	2
7569	3
7570	3
7571	1
7572	3
7573	3
7574	3
7575	2
7576	3
7577	3
7578	2
7579	0
7580	0
7581	2
7582	3
7583	1
7584	0
7585	2
7586	2
7587	0
7588	3
7589	3
7590	2
7591	1
7592	0
7593	0
7594	3
7595	2
7596	1
7597	2
7598	3
7599	2
7600	3
7601	2
7602	3
7603	3
7604	1
7605	1
7606	0
7607	3
7608	1
7609	1
7610	2
7611	2
7612	0
7613	1
7614	2
7615	2
7616	0
7617	2
7618	1
7619	3
7620	2
7621	3
7622	3
7623	3
7624	1
7625	0
7626	1
7627	3
7628	0
7629	0
7630	0
7631	1
7632	2
7633	0
7634	3
7635	0
7636	0
7637	2
7638	0
7639	0
7640	3
7641	3
7642	3
7643	3
7644	3
7645	3
7646	2
7647	0
7648	1
7649	3
7650	3
7651	3
7652	0
7653	3
7654	0
7655	3
7656	1
7657	0
7658	0
7659	0
7660	3
7661	1
7662	2
7663	0
7664	3
7665	3
7666	2
7667	3
7668	3
7669	3
7670	0
7671	0
7672	3
7673	3
7674	3
7675	3
7676	2
7677	2
7678	3
7679	3
7680	1
7681	2
7682	2
7683	3
7684	3
7685	2
7686	2
7687	3
7688	2
7689	2
7690	1
7691	0
7692	3
7693	2
7694	3
7695	3
7696	1
7697	2
7698	3
7699	0
7700	3
7701	3
7702	3
7703	0
7704	2
7705	1
7706	0
7707	2
7708	3
7709	3
7710	3
7711	3
7712	0
7713	2
7714	3
7715	2
7716	3
7717	3
7718	3
7719	1
7720	0
7721	2
7722	3
7723	2
7724	0
7725	1
7726	0
7727	3
7728	2
7729	3
7730	3
7731	3
7732	2
7733	1
7734	1
7735	2
7736	2
7737	3
7738	2
7739	3
7740	2
7741	0
7742	2
7743	3
7744	3
7745	3
7746	3
7747	3
7748	2
7749	2
7750	3
7751	3
7752	0
7753	0
7754	3
7755	2
7756	3
7757	3
7758	1
7759	2
7760	3
7761	2
7762	2
7763	0
7764	3
7765	3
7766	2
7767	1
7768	2
7769	3
7770	0
7771	2
7772	0
7773	3
7774	0
7775	3
7776	3
7777	3
7778	1
7779	2
7780	0
7781	0
7782	3
7783	3
7784	0
7785	1
7786	2
7787	1
7788	2
7789	3
7790	2
7791	0
7792	1
7793	3
7794	2
7795	3
7796	0
7797	3
7798	3
7799	1
7800	3
7801	2
7802	0
7803	0
7804	3
7805	3
7806	1
7807	2
7808	2
7809	0
7810	1
7811	1
7812	1
7813	1
7814	3
7815	2
7816	0
7817	0
7818	1
7819	0
7820	2
7821	0
7822	3
7823	0
7824	0
7825	0
7826	3
7827	0
7828	0
7829	1
7830	3
7831	0
7832	2
7833	0
7834	2
7835	0
7836	0
7837	2
7838	1
7839	1
7840	2
7841	3
7842	0
7843	1
7844	3
7845	3
7846	3
7847	0
7848	3
7849	0
7850	3
7851	0
7852	3
7853	3
7854	0
7855	3
7856	1
7857	3
7858	3
7859	1
7860	2
7861	2
7862	3
7863	0
7864	2
7865	0
7866	1
7867	0
7868	0
7869	0
7870	2
7871	3
7872	0
7873	1
7874	1
7875	0
7876	2
7877	2
7878	2
7879	2
7880	1
7881	0
7882	0
7883	0
7884	2
7885	0
7886	2
7887	3
7888	2
7889	2
7890	0
7891	0
7892	3
7893	2
7894	2
7895	0
7896	3
7897	3
7898	0
7899	3
7900	0
7901	3
7902	3
7903	2
7904	3
7905	2
7906	3
7907	3
7908	2
7909	3
7910	3
7911	0
7912	0
7913	0
7914	2
7915	2
7916	1
7917	0
7918	3
7919	0
7920	0
7921	3
7922	3
7923	3
7924	0
7925	0
7926	3
7927	0
7928	1
7929	2
7930	3
7931	2
7932	2
7933	3
7934	0
7935	0
7936	3
7937	3
7938	0
7939	2
7940	3
7941	2
7942	3
7943	1
7944	3
7945	3
7946	0
7947	0
7948	3
7949	1
7950	3
7951	3
7952	0
7953	0
7954	3
7955	3
7956	3
7957	3
7958	3
7959	0
7960	2
7961	0
7962	2
7963	2
7964	3
7965	2
7966	2
7967	2
7968	3
7969	0
7970	3
7971	3
7972	1
7973	2
7974	0
7975	0
7976	3
7977	3
7978	3
7979	0
7980	1
7981	2
7982	1
7983	0
7984	3
7985	3
7986	1
7987	0
7988	0
7989	3
7990	0
7991	3
7992	3
7993	2
7994	3
7995	3
7996	2
7997	2
7998	3
7999	3
8000	3
8001	3
8002	2
8003	3
8004	0
8005	0
8006	3
8007	3
8008	2
8009	2
8010	2
8011	3
8012	2
8013	3
8014	3
8015	0
8016	3
8017	2
8018	3
8019	3
8020	3
8021	0
8022	2
8023	3
8024	0
8025	3
8026	3
8027	3
8028	0
8029	3
8030	0
8031	3
8032	2
8033	3
8034	1
8035	0
8036	3
8037	2
8038	0
8039	0
8040	3
8041	2
8042	3
8043	3
8044	3
8045	2
8046	2
8047	2
8048	1
8049	3
8050	3
8051	3
8052	3
8053	2
8054	3
8055	2
8056	3
8057	3
8058	2
8059	2
8060	3
8061	2
8062	2
8063	0
8064	0
8065	3
8066	1
8067	2
8068	2
8069	0
8070	3
8071	2
8072	0
8073	2
8074	2
8075	1
8076	3
8077	3
8078	3
8079	3
8080	1
8081	3
8082	0
8083	3
8084	2
8085	0
8086	0
8087	0
8088	0
8089	2
8090	2
8091	3
8092	3
8093	2
8094	0
8095	2
8096	0
8097	3
8098	2
8099	3
8100	2
8101	3
8102	2
8103	1
8104	2
8105	2
8106	3
8107	0
8108	3
8109	2
8110	0
8111	2
8112	2
8113	2
8114	1
8115	0
8116	1
8117	2
8118	1
8119	2
8120	2
8121	3
8122	3
8123	3
8124	2
8125	3
8126	3
8127	3
8128	2
8129	3
8130	0
8131	0
8132	3
8133	3
8134	0
8135	3
8136	1
8137	2
8138	2
8139	1
8140	3
8141	3
8142	0
8143	3
8144	2
8145	2
8146	1
8147	3
8148	2
8149	2
8150	2
8151	0
8152	1
8153	1
8154	2
8155	2
8156	3
8157	0
8158	1
8159	2
8160	0
8161	0
8162	0
8163	0
8164	3
8165	0
8166	3
8167	3
8168	3
8169	0
8170	2
8171	0
8172	3
8173	3
8174	1
8175	3
8176	3
8177	0
8178	2
8179	0
8180	3
8181	2
8182	1
8183	0
8184	1
8185	0
8186	0
8187	0
8188	3
8189	3
8190	1
8191	0
