COMMAND
./sim gshare 11 2 ./proj2-traces/perl_trace.txt
OUTPUT
number of predictions:2000000
number of mispredictions:202126
misprediction rate:   10.11%
FINAL GSHARE CONTENTS
0	3
1	0
2	2
3	3
4	3
5	3
6	3
7	3
8	3
9	2
10	3
11	3
12	3
13	0
14	3
15	1
16	2
17	3
18	3
19	0
20	2
21	3
22	2
23	0
24	2
25	0
26	3
27	0
28	0
29	2
30	2
31	2
32	2
33	3
34	0
35	3
36	1
37	2
38	3
39	0
40	3
41	2
42	3
43	2
44	2
45	2
46	3
47	2
48	3
49	3
50	3
51	3
52	2
53	2
54	2
55	2
56	1
57	3
58	3
59	3
60	0
61	2
62	0
63	1
64	1
65	0
66	3
67	3
68	3
69	2
70	1
71	2
72	2
73	3
74	0
75	2
76	3
77	0
78	2
79	2
80	2
81	3
82	1
83	3
84	2
85	0
86	3
87	0
88	3
89	1
90	1
91	0
92	3
93	3
94	0
95	3
96	2
97	3
98	3
99	2
100	0
101	0
102	2
103	3
104	2
105	2
106	3
107	0
108	3
109	3
110	3
111	3
112	0
113	3
114	3
115	3
116	3
117	1
118	1
119	0
120	0
121	3
122	2
123	0
124	1
125	1
126	2
127	2
128	1
129	0
130	3
131	0
132	3
133	0
134	1
135	3
136	2
137	2
138	3
139	2
140	0
141	3
142	0
143	3
144	0
145	0
146	0
147	3
148	0
149	3
150	2
151	2
152	1
153	3
154	2
155	2
156	0
157	2
158	3
159	2
160	0
161	0
162	0
163	3
164	3
165	2
166	3
167	0
168	2
169	0
170	3
171	3
172	3
173	0
174	2
175	2
176	2
177	2
178	0
179	2
180	3
181	2
182	2
183	3
184	3
185	3
186	2
187	3
188	2
189	0
190	2
191	0
192	2
193	3
194	2
195	0
196	0
197	2
198	2
199	3
200	0
201	3
202	2
203	2
204	3
205	3
206	2
207	3
208	1
209	2
210	0
211	0
212	0
213	0
214	3
215	0
216	0
217	0
218	0
219	3
220	2
221	3
222	3
223	0
224	2
225	3
226	0
227	1
228	0
229	3
230	3
231	2
232	0
233	3
234	3
235	0
236	2
237	0
238	3
239	2
240	1
241	3
242	3
243	0
244	2
245	2
246	2
247	0
248	3
249	3
250	3
251	3
252	0
253	2
254	3
255	3
256	3
257	3
258	1
259	2
260	3
261	3
262	2
263	3
264	0
265	3
266	0
267	3
268	3
269	3
270	3
271	3
272	3
273	3
274	1
275	0
276	0
277	2
278	3
279	3
280	3
281	0
282	3
283	3
284	1
285	2
286	3
287	3
288	0
289	0
290	0
291	2
292	3
293	3
294	3
295	1
296	3
297	0
298	3
299	3
300	1
301	3
302	3
303	1
304	2
305	3
306	3
307	0
308	3
309	2
310	1
311	3
312	0
313	2
314	2
315	3
316	3
317	2
318	3
319	0
320	0
321	3
322	2
323	0
324	3
325	3
326	0
327	0
328	1
329	0
330	2
331	3
332	2
333	3
334	0
335	3
336	0
337	3
338	0
339	0
340	3
341	0
342	0
343	0
344	0
345	3
346	2
347	3
348	0
349	2
350	2
351	2
352	3
353	0
354	3
355	0
356	2
357	2
358	3
359	2
360	3
361	0
362	3
363	3
364	3
365	0
366	2
367	3
368	3
369	2
370	1
371	0
372	0
373	0
374	3
375	0
376	0
377	0
378	3
379	2
380	3
381	3
382	2
383	2
384	1
385	2
386	1
387	1
388	0
389	3
390	0
391	3
392	2
393	0
394	2
395	2
396	3
397	2
398	2
399	2
400	2
401	1
402	2
403	3
404	3
405	1
406	2
407	0
408	2
409	0
410	2
411	0
412	0
413	3
414	3
415	3
416	3
417	1
418	3
419	0
420	0
421	0
422	3
423	3
424	2
425	2
426	3
427	2
428	2
429	0
430	2
431	3
432	2
433	2
434	0
435	3
436	2
437	3
438	3
439	2
440	2
441	2
442	3
443	3
444	0
445	2
446	2
447	2
448	2
449	2
450	2
451	2
452	1
453	0
454	0
455	2
456	2
457	3
458	0
459	2
460	3
461	3
462	3
463	2
464	3
465	0
466	3
467	3
468	2
469	0
470	0
471	2
472	3
473	1
474	2
475	2
476	3
477	2
478	3
479	2
480	2
481	2
482	2
483	2
484	3
485	1
486	3
487	3
488	0
489	2
490	2
491	0
492	0
493	3
494	3
495	2
496	2
497	3
498	0
499	0
500	3
501	2
502	2
503	0
504	3
505	2
506	3
507	3
508	0
509	3
510	1
511	3
512	2
513	1
514	1
515	1
516	3
517	1
518	3
519	0
520	3
521	1
522	3
523	2
524	2
525	3
526	3
527	1
528	2
529	3
530	3
531	0
532	3
533	0
534	2
535	0
536	2
537	1
538	2
539	0
540	2
541	2
542	3
543	2
544	2
545	3
546	0
547	3
548	2
549	2
550	2
551	0
552	2
553	3
554	2
555	3
556	0
557	1
558	0
559	1
560	3
561	3
562	0
563	3
564	2
565	2
566	2
567	2
568	0
569	2
570	2
571	0
572	0
573	2
574	3
575	3
576	0
577	0
578	0
579	3
580	3
581	2
582	0
583	2
584	3
585	3
586	0
587	3
588	3
589	0
590	0
591	2
592	0
593	0
594	1
595	1
596	0
597	0
598	2
599	2
600	3
601	3
602	0
603	0
604	2
605	3
606	0
607	3
608	0
609	3
610	3
611	3
612	2
613	3
614	2
615	2
616	1
617	0
618	3
619	2
620	1
621	1
622	0
623	3
624	0
625	1
626	0
627	3
628	3
629	0
630	3
631	0
632	3
633	3
634	2
635	3
636	3
637	2
638	2
639	0
640	3
641	0
642	0
643	1
644	3
645	2
646	3
647	3
648	3
649	3
650	2
651	1
652	2
653	0
654	0
655	1
656	0
657	2
658	1
659	3
660	2
661	2
662	3
663	0
664	2
665	0
666	2
667	2
668	3
669	3
670	2
671	2
672	0
673	3
674	0
675	0
676	3
677	3
678	3
679	1
680	3
681	0
682	3
683	3
684	0
685	1
686	2
687	2
688	2
689	2
690	0
691	2
692	1
693	2
694	3
695	3
696	3
697	2
698	3
699	0
700	2
701	3
702	3
703	1
704	1
705	0
706	2
707	2
708	2
709	0
710	0
711	2
712	2
713	1
714	1
715	0
716	3
717	2
718	3
719	0
720	1
721	3
722	0
723	0
724	0
725	2
726	2
727	2
728	0
729	2
730	0
731	2
732	3
733	3
734	2
735	0
736	2
737	3
738	0
739	2
740	2
741	0
742	3
743	2
744	2
745	2
746	0
747	0
748	2
749	2
750	3
751	3
752	0
753	0
754	0
755	3
756	3
757	0
758	2
759	2
760	2
761	2
762	2
763	3
764	3
765	2
766	3
767	0
768	2
769	0
770	3
771	3
772	3
773	3
774	3
775	1
776	0
777	3
778	0
779	2
780	2
781	3
782	2
783	3
784	3
785	3
786	1
787	1
788	3
789	3
790	3
791	0
792	0
793	2
794	3
795	3
796	0
797	3
798	1
799	2
800	1
801	3
802	0
803	2
804	2
805	0
806	1
807	3
808	0
809	2
810	2
811	0
812	0
813	3
814	3
815	2
816	3
817	3
818	3
819	2
820	3
821	0
822	1
823	3
824	2
825	3
826	2
827	2
828	2
829	3
830	0
831	0
832	2
833	3
834	2
835	0
836	0
837	3
838	2
839	0
840	0
841	2
842	3
843	2
844	2
845	3
846	0
847	2
848	3
849	3
850	0
851	2
852	2
853	3
854	2
855	3
856	0
857	1
858	2
859	2
860	3
861	3
862	0
863	3
864	0
865	3
866	2
867	3
868	0
869	3
870	0
871	2
872	3
873	0
874	3
875	3
876	3
877	2
878	2
879	3
880	0
881	2
882	3
883	0
884	2
885	0
886	0
887	0
888	0
889	0
890	0
891	1
892	3
893	0
894	2
895	2
896	3
897	2
898	2
899	3
900	2
901	3
902	3
903	2
904	0
905	3
906	0
907	2
908	2
909	2
910	3
911	3
912	2
913	2
914	3
915	2
916	2
917	2
918	2
919	0
920	3
921	1
922	2
923	0
924	3
925	2
926	3
927	1
928	2
929	3
930	0
931	0
932	0
933	0
934	3
935	3
936	2
937	3
938	1
939	2
940	3
941	2
942	2
943	0
944	3
945	3
946	0
947	2
948	3
949	3
950	3
951	3
952	0
953	0
954	3
955	3
956	3
957	3
958	2
959	3
960	2
961	0
962	3
963	3
964	0
965	2
966	0
967	1
968	3
969	2
970	0
971	2
972	2
973	2
974	3
975	3
976	3
977	0
978	3
979	2
980	1
981	0
982	2
983	1
984	2
985	0
986	0
987	1
988	3
989	2
990	3
991	3
992	2
993	3
994	2
995	2
996	3
997	1
998	0
999	3
1000	2
1001	0
1002	0
1003	3
1004	3
1005	1
1006	1
1007	3
1008	3
1009	2
1010	0
1011	0
1012	3
1013	0
1014	1
1015	2
1016	3
1017	2
1018	3
1019	3
1020	3
1021	0
1022	2
1023	1
1024	1
1025	2
1026	3
1027	3
1028	2
1029	0
1030	2
1031	2
1032	3
1033	3
1034	3
1035	3
1036	1
1037	3
1038	1
1039	3
1040	3
1041	2
1042	0
1043	1
1044	3
1045	2
1046	0
1047	3
1048	0
1049	2
1050	3
1051	3
1052	3
1053	0
1054	2
1055	3
1056	2
1057	0
1058	2
1059	3
1060	2
1061	0
1062	3
1063	3
1064	3
1065	2
1066	3
1067	2
1068	3
1069	1
1070	3
1071	0
1072	3
1073	2
1074	2
1075	0
1076	3
1077	1
1078	3
1079	0
1080	3
1081	0
1082	2
1083	3
1084	0
1085	2
1086	2
1087	1
1088	1
1089	0
1090	2
1091	2
1092	2
1093	0
1094	3
1095	2
1096	3
1097	3
1098	3
1099	2
1100	3
1101	2
1102	3
1103	2
1104	0
1105	3
1106	2
1107	2
1108	2
1109	1
1110	3
1111	3
1112	3
1113	2
1114	3
1115	0
1116	2
1117	0
1118	0
1119	0
1120	2
1121	3
1122	2
1123	1
1124	3
1125	0
1126	2
1127	2
1128	2
1129	2
1130	0
1131	0
1132	3
1133	3
1134	3
1135	3
1136	0
1137	3
1138	1
1139	3
1140	3
1141	3
1142	0
1143	0
1144	3
1145	3
1146	2
1147	2
1148	2
1149	2
1150	2
1151	1
1152	3
1153	2
1154	0
1155	1
1156	3
1157	2
1158	0
1159	3
1160	3
1161	3
1162	2
1163	3
1164	3
1165	2
1166	0
1167	3
1168	1
1169	0
1170	3
1171	0
1172	2
1173	2
1174	3
1175	3
1176	0
1177	3
1178	3
1179	2
1180	0
1181	3
1182	0
1183	2
1184	0
1185	0
1186	0
1187	3
1188	1
1189	0
1190	2
1191	3
1192	2
1193	3
1194	3
1195	3
1196	3
1197	2
1198	0
1199	2
1200	3
1201	2
1202	1
1203	0
1204	1
1205	2
1206	2
1207	2
1208	2
1209	3
1210	2
1211	3
1212	2
1213	3
1214	2
1215	1
1216	3
1217	0
1218	2
1219	2
1220	2
1221	0
1222	3
1223	0
1224	3
1225	3
1226	2
1227	1
1228	0
1229	0
1230	3
1231	0
1232	2
1233	3
1234	3
1235	3
1236	2
1237	2
1238	2
1239	2
1240	1
1241	3
1242	0
1243	0
1244	2
1245	3
1246	3
1247	1
1248	3
1249	3
1250	3
1251	0
1252	2
1253	0
1254	3
1255	3
1256	1
1257	1
1258	2
1259	0
1260	2
1261	0
1262	3
1263	3
1264	2
1265	3
1266	2
1267	3
1268	2
1269	2
1270	2
1271	1
1272	3
1273	2
1274	2
1275	3
1276	3
1277	0
1278	3
1279	2
1280	2
1281	2
1282	3
1283	3
1284	2
1285	1
1286	3
1287	1
1288	0
1289	3
1290	0
1291	2
1292	2
1293	0
1294	2
1295	3
1296	2
1297	0
1298	2
1299	1
1300	3
1301	0
1302	0
1303	3
1304	1
1305	0
1306	3
1307	2
1308	3
1309	2
1310	0
1311	3
1312	3
1313	3
1314	0
1315	2
1316	2
1317	1
1318	2
1319	3
1320	3
1321	3
1322	3
1323	2
1324	2
1325	2
1326	1
1327	2
1328	3
1329	2
1330	2
1331	0
1332	0
1333	0
1334	1
1335	2
1336	2
1337	3
1338	2
1339	0
1340	2
1341	2
1342	3
1343	0
1344	0
1345	3
1346	3
1347	1
1348	2
1349	3
1350	3
1351	2
1352	2
1353	3
1354	1
1355	1
1356	2
1357	0
1358	1
1359	0
1360	3
1361	2
1362	1
1363	2
1364	3
1365	2
1366	3
1367	0
1368	1
1369	3
1370	3
1371	3
1372	3
1373	0
1374	3
1375	2
1376	0
1377	3
1378	0
1379	0
1380	2
1381	0
1382	3
1383	3
1384	0
1385	2
1386	3
1387	1
1388	0
1389	2
1390	1
1391	2
1392	2
1393	2
1394	3
1395	3
1396	3
1397	2
1398	3
1399	0
1400	0
1401	2
1402	3
1403	1
1404	3
1405	3
1406	2
1407	2
1408	3
1409	3
1410	2
1411	0
1412	3
1413	0
1414	2
1415	2
1416	3
1417	0
1418	2
1419	1
1420	2
1421	2
1422	3
1423	1
1424	3
1425	3
1426	2
1427	3
1428	2
1429	0
1430	2
1431	2
1432	1
1433	2
1434	2
1435	0
1436	0
1437	2
1438	2
1439	1
1440	0
1441	3
1442	3
1443	3
1444	3
1445	1
1446	0
1447	1
1448	2
1449	3
1450	2
1451	2
1452	2
1453	3
1454	3
1455	2
1456	0
1457	2
1458	0
1459	2
1460	2
1461	0
1462	3
1463	3
1464	3
1465	2
1466	1
1467	2
1468	2
1469	0
1470	2
1471	1
1472	3
1473	2
1474	3
1475	3
1476	2
1477	2
1478	1
1479	3
1480	0
1481	2
1482	2
1483	2
1484	2
1485	2
1486	3
1487	3
1488	2
1489	1
1490	2
1491	2
1492	3
1493	0
1494	2
1495	3
1496	3
1497	3
1498	2
1499	0
1500	3
1501	0
1502	2
1503	3
1504	3
1505	3
1506	2
1507	1
1508	2
1509	0
1510	0
1511	0
1512	3
1513	0
1514	0
1515	0
1516	0
1517	2
1518	3
1519	3
1520	3
1521	0
1522	2
1523	0
1524	2
1525	3
1526	3
1527	0
1528	0
1529	2
1530	3
1531	3
1532	0
1533	1
1534	3
1535	0
1536	2
1537	3
1538	1
1539	2
1540	2
1541	1
1542	2
1543	3
1544	3
1545	3
1546	3
1547	2
1548	3
1549	3
1550	3
1551	1
1552	2
1553	1
1554	0
1555	0
1556	2
1557	1
1558	3
1559	1
1560	0
1561	3
1562	0
1563	2
1564	2
1565	3
1566	3
1567	0
1568	0
1569	2
1570	2
1571	3
1572	2
1573	0
1574	3
1575	3
1576	2
1577	2
1578	2
1579	3
1580	3
1581	2
1582	3
1583	1
1584	3
1585	1
1586	2
1587	0
1588	2
1589	2
1590	0
1591	2
1592	3
1593	3
1594	2
1595	3
1596	0
1597	2
1598	3
1599	2
1600	0
1601	0
1602	0
1603	2
1604	2
1605	2
1606	0
1607	3
1608	2
1609	3
1610	0
1611	2
1612	3
1613	0
1614	2
1615	3
1616	3
1617	3
1618	0
1619	3
1620	2
1621	2
1622	3
1623	1
1624	2
1625	3
1626	3
1627	2
1628	3
1629	3
1630	0
1631	1
1632	0
1633	2
1634	3
1635	2
1636	3
1637	0
1638	0
1639	3
1640	2
1641	2
1642	1
1643	0
1644	2
1645	0
1646	1
1647	1
1648	0
1649	0
1650	3
1651	3
1652	2
1653	0
1654	3
1655	0
1656	2
1657	0
1658	0
1659	3
1660	3
1661	2
1662	3
1663	2
1664	3
1665	3
1666	0
1667	3
1668	1
1669	2
1670	3
1671	3
1672	0
1673	3
1674	0
1675	3
1676	0
1677	2
1678	2
1679	3
1680	2
1681	2
1682	2
1683	0
1684	3
1685	0
1686	2
1687	0
1688	3
1689	0
1690	0
1691	2
1692	3
1693	0
1694	3
1695	3
1696	0
1697	2
1698	0
1699	2
1700	2
1701	2
1702	3
1703	0
1704	0
1705	3
1706	2
1707	1
1708	0
1709	0
1710	3
1711	2
1712	3
1713	0
1714	3
1715	0
1716	1
1717	2
1718	2
1719	3
1720	2
1721	3
1722	2
1723	3
1724	3
1725	3
1726	1
1727	0
1728	3
1729	0
1730	2
1731	2
1732	0
1733	0
1734	2
1735	3
1736	0
1737	2
1738	2
1739	3
1740	3
1741	2
1742	0
1743	2
1744	2
1745	3
1746	3
1747	3
1748	3
1749	3
1750	2
1751	3
1752	2
1753	2
1754	0
1755	2
1756	3
1757	2
1758	3
1759	2
1760	2
1761	1
1762	2
1763	0
1764	2
1765	3
1766	2
1767	3
1768	3
1769	2
1770	3
1771	0
1772	0
1773	0
1774	2
1775	1
1776	2
1777	3
1778	0
1779	3
1780	2
1781	2
1782	3
1783	0
1784	0
1785	0
1786	2
1787	0
1788	2
1789	1
1790	0
1791	2
1792	2
1793	2
1794	2
1795	0
1796	2
1797	0
1798	0
1799	0
1800	0
1801	3
1802	0
1803	3
1804	3
1805	3
1806	0
1807	3
1808	3
1809	0
1810	3
1811	0
1812	2
1813	0
1814	1
1815	3
1816	2
1817	0
1818	2
1819	1
1820	1
1821	2
1822	3
1823	3
1824	3
1825	3
1826	0
1827	2
1828	3
1829	3
1830	3
1831	2
1832	3
1833	1
1834	3
1835	2
1836	3
1837	3
1838	3
1839	2
1840	3
1841	3
1842	0
1843	0
1844	0
1845	0
1846	2
1847	2
1848	2
1849	2
1850	2
1851	3
1852	0
1853	2
1854	3
1855	0
1856	2
1857	0
1858	3
1859	1
1860	3
1861	1
1862	3
1863	0
1864	2
1865	3
1866	1
1867	2
1868	2
1869	3
1870	0
1871	3
1872	3
1873	2
1874	3
1875	2
1876	3
1877	1
1878	3
1879	3
1880	2
1881	1
1882	2
1883	2
1884	2
1885	1
1886	0
1887	2
1888	0
1889	3
1890	3
1891	2
1892	0
1893	3
1894	0
1895	2
1896	3
1897	2
1898	3
1899	2
1900	0
1901	0
1902	3
1903	2
1904	2
1905	0
1906	0
1907	2
1908	2
1909	0
1910	3
1911	0
1912	2
1913	2
1914	2
1915	0
1916	3
1917	3
1918	2
1919	0
1920	1
1921	2
1922	2
1923	0
1924	2
1925	3
1926	2
1927	2
1928	2
1929	1
1930	3
1931	1
1932	3
1933	3
1934	0
1935	2
1936	2
1937	1
1938	2
1939	2
1940	3
1941	1
1942	2
1943	2
1944	3
1945	1
1946	3
1947	0
1948	0
1949	3
1950	2
1951	3
1952	0
1953	2
1954	3
1955	3
1956	3
1957	0
1958	3
1959	1
1960	3
1961	3
1962	1
1963	0
1964	3
1965	0
1966	0
1967	3
1968	2
1969	2
1970	3
1971	0
1972	2
1973	3
1974	1
1975	1
1976	2
1977	2
1978	2
1979	3
1980	2
1981	2
1982	2
1983	2
1984	3
1985	0
1986	3
1987	2
1988	2
1989	2
1990	2
1991	3
1992	2
1993	2
1994	1
1995	0
1996	3
1997	1
1998	3
1999	2
2000	3
2001	0
2002	2
2003	2
2004	2
2005	3
2006	3
2007	2
2008	3
2009	0
2010	3
2011	0
2012	3
2013	0
2014	0
2015	0
2016	2
2017	2
2018	1
2019	0
2020	2
2021	0
2022	1
2023	1
2024	3
2025	1
2026	2
2027	0
2028	0
2029	2
2030	3
2031	0
2032	3
2033	2
2034	0
2035	0
2036	1
2037	2
2038	2
2039	0
2040	1
2041	0
2042	3
2043	3
2044	3
2045	2
2046	3
2047	0
