COMMAND
./sim gshare 12 4 ./proj2-traces/gcc_trace.txt
OUTPUT
number of predictions:2000000
number of mispredictions:244675
misprediction rate:   12.23%
FINAL GSHARE CONTENTS
0	0
1	0
2	3
3	3
4	3
5	0
6	3
7	1
8	0
9	3
10	3
11	0
12	0
13	0
14	0
15	0
16	2
17	0
18	2
19	1
20	0
21	3
22	3
23	1
24	0
25	3
26	3
27	0
28	0
29	3
30	0
31	0
32	2
33	1
34	2
35	3
36	3
37	3
38	3
39	2
40	3
41	3
42	1
43	2
44	3
45	0
46	0
47	3
48	3
49	0
50	0
51	0
52	2
53	3
54	0
55	3
56	0
57	0
58	3
59	3
60	3
61	0
62	0
63	3
64	0
65	1
66	2
67	3
68	0
69	2
70	3
71	0
72	0
73	0
74	2
75	0
76	1
77	2
78	3
79	3
80	0
81	1
82	0
83	0
84	2
85	3
86	1
87	3
88	0
89	0
90	2
91	0
92	0
93	3
94	3
95	0
96	0
97	0
98	3
99	3
100	3
101	3
102	0
103	0
104	0
105	3
106	0
107	3
108	3
109	0
110	0
111	0
112	3
113	3
114	3
115	3
116	0
117	0
118	3
119	3
120	3
121	2
122	0
123	0
124	3
125	0
126	0
127	0
128	3
129	0
130	1
131	0
132	3
133	0
134	0
135	3
136	0
137	0
138	3
139	1
140	0
141	3
142	0
143	3
144	0
145	3
146	3
147	3
148	0
149	3
150	3
151	0
152	0
153	3
154	2
155	2
156	0
157	1
158	3
159	0
160	0
161	1
162	3
163	3
164	0
165	0
166	0
167	3
168	3
169	0
170	2
171	3
172	3
173	0
174	0
175	0
176	3
177	0
178	3
179	0
180	3
181	3
182	3
183	0
184	3
185	2
186	3
187	3
188	3
189	3
190	2
191	0
192	3
193	3
194	0
195	1
196	3
197	2
198	3
199	1
200	2
201	0
202	3
203	3
204	2
205	0
206	0
207	0
208	1
209	0
210	3
211	1
212	3
213	0
214	0
215	3
216	3
217	2
218	3
219	0
220	0
221	2
222	0
223	3
224	3
225	0
226	3
227	0
228	0
229	3
230	3
231	0
232	3
233	0
234	0
235	3
236	3
237	3
238	0
239	0
240	0
241	3
242	3
243	3
244	0
245	0
246	0
247	3
248	0
249	3
250	3
251	3
252	3
253	2
254	0
255	0
256	3
257	2
258	3
259	0
260	0
261	3
262	3
263	0
264	0
265	2
266	3
267	1
268	3
269	0
270	0
271	2
272	1
273	0
274	3
275	0
276	0
277	3
278	0
279	0
280	0
281	3
282	0
283	0
284	0
285	3
286	2
287	0
288	3
289	0
290	0
291	3
292	3
293	3
294	0
295	2
296	3
297	0
298	0
299	3
300	3
301	0
302	0
303	0
304	3
305	2
306	1
307	2
308	3
309	3
310	1
311	0
312	2
313	0
314	2
315	0
316	3
317	1
318	2
319	0
320	2
321	3
322	3
323	0
324	0
325	2
326	0
327	3
328	0
329	0
330	0
331	0
332	3
333	0
334	3
335	3
336	0
337	0
338	0
339	0
340	3
341	3
342	3
343	0
344	3
345	0
346	3
347	0
348	3
349	3
350	3
351	0
352	0
353	0
354	3
355	0
356	0
357	3
358	0
359	0
360	0
361	3
362	3
363	0
364	3
365	3
366	3
367	0
368	3
369	3
370	3
371	3
372	2
373	0
374	3
375	3
376	0
377	0
378	3
379	3
380	3
381	0
382	0
383	0
384	3
385	0
386	0
387	0
388	3
389	1
390	3
391	1
392	0
393	0
394	0
395	1
396	3
397	3
398	3
399	3
400	0
401	3
402	3
403	1
404	0
405	0
406	3
407	3
408	3
409	3
410	2
411	0
412	3
413	0
414	0
415	0
416	0
417	0
418	2
419	3
420	0
421	3
422	0
423	0
424	0
425	0
426	0
427	3
428	3
429	0
430	3
431	0
432	3
433	0
434	1
435	0
436	0
437	3
438	0
439	3
440	0
441	1
442	1
443	2
444	3
445	2
446	3
447	0
448	3
449	3
450	0
451	3
452	0
453	0
454	3
455	3
456	0
457	0
458	3
459	3
460	1
461	0
462	3
463	0
464	3
465	1
466	3
467	3
468	0
469	0
470	0
471	3
472	3
473	3
474	3
475	0
476	0
477	1
478	0
479	0
480	3
481	0
482	0
483	0
484	0
485	3
486	0
487	0
488	1
489	0
490	0
491	1
492	2
493	0
494	3
495	0
496	0
497	2
498	0
499	3
500	0
501	0
502	2
503	0
504	0
505	0
506	0
507	0
508	0
509	0
510	3
511	0
512	3
513	3
514	3
515	0
516	0
517	0
518	2
519	3
520	0
521	3
522	3
523	2
524	3
525	3
526	0
527	2
528	2
529	0
530	3
531	2
532	0
533	3
534	3
535	0
536	0
537	1
538	0
539	0
540	0
541	0
542	3
543	0
544	0
545	3
546	1
547	0
548	0
549	3
550	2
551	3
552	2
553	3
554	0
555	2
556	3
557	0
558	0
559	0
560	3
561	0
562	0
563	2
564	3
565	2
566	0
567	3
568	3
569	3
570	0
571	3
572	3
573	3
574	0
575	0
576	3
577	0
578	0
579	3
580	0
581	1
582	0
583	1
584	0
585	1
586	1
587	0
588	3
589	3
590	1
591	0
592	3
593	0
594	0
595	0
596	0
597	3
598	3
599	3
600	3
601	0
602	3
603	1
604	2
605	0
606	0
607	0
608	0
609	3
610	0
611	0
612	0
613	3
614	0
615	0
616	0
617	3
618	0
619	3
620	3
621	1
622	0
623	0
624	0
625	2
626	1
627	0
628	3
629	3
630	0
631	2
632	0
633	1
634	1
635	2
636	0
637	3
638	0
639	3
640	2
641	3
642	0
643	0
644	3
645	0
646	3
647	0
648	0
649	0
650	2
651	0
652	3
653	3
654	3
655	0
656	0
657	2
658	0
659	3
660	0
661	0
662	0
663	3
664	3
665	3
666	0
667	3
668	3
669	3
670	3
671	0
672	3
673	3
674	3
675	0
676	0
677	3
678	0
679	0
680	3
681	0
682	3
683	3
684	0
685	0
686	3
687	0
688	0
689	0
690	3
691	0
692	0
693	3
694	3
695	3
696	1
697	0
698	0
699	0
700	3
701	3
702	3
703	3
704	0
705	1
706	3
707	0
708	0
709	0
710	0
711	1
712	0
713	0
714	1
715	0
716	0
717	3
718	0
719	0
720	3
721	1
722	3
723	3
724	0
725	3
726	2
727	0
728	3
729	0
730	0
731	3
732	2
733	0
734	0
735	3
736	0
737	1
738	2
739	3
740	0
741	0
742	0
743	2
744	3
745	3
746	3
747	3
748	0
749	3
750	1
751	0
752	2
753	0
754	0
755	3
756	3
757	0
758	3
759	3
760	3
761	0
762	0
763	3
764	3
765	3
766	2
767	3
768	0
769	3
770	3
771	0
772	1
773	3
774	0
775	0
776	3
777	3
778	3
779	3
780	1
781	0
782	0
783	0
784	0
785	1
786	0
787	3
788	0
789	3
790	0
791	0
792	0
793	0
794	2
795	1
796	0
797	3
798	3
799	3
800	3
801	0
802	3
803	0
804	3
805	0
806	3
807	3
808	3
809	0
810	0
811	3
812	3
813	3
814	0
815	0
816	0
817	0
818	3
819	0
820	0
821	2
822	0
823	1
824	0
825	0
826	0
827	3
828	3
829	3
830	0
831	3
832	0
833	3
834	2
835	3
836	0
837	0
838	3
839	0
840	0
841	3
842	3
843	3
844	3
845	0
846	0
847	3
848	3
849	3
850	2
851	3
852	0
853	1
854	0
855	0
856	3
857	0
858	3
859	3
860	2
861	3
862	0
863	3
864	0
865	3
866	2
867	0
868	3
869	3
870	2
871	0
872	0
873	3
874	0
875	3
876	3
877	3
878	3
879	0
880	3
881	3
882	3
883	3
884	3
885	3
886	3
887	0
888	3
889	0
890	0
891	0
892	0
893	3
894	2
895	0
896	3
897	0
898	2
899	0
900	3
901	3
902	2
903	0
904	3
905	2
906	3
907	0
908	2
909	3
910	3
911	1
912	3
913	0
914	3
915	0
916	0
917	0
918	0
919	0
920	0
921	3
922	0
923	3
924	0
925	2
926	0
927	0
928	2
929	0
930	3
931	3
932	0
933	3
934	0
935	0
936	2
937	0
938	3
939	3
940	3
941	0
942	3
943	3
944	3
945	0
946	0
947	3
948	3
949	3
950	3
951	3
952	0
953	3
954	2
955	0
956	3
957	3
958	3
959	0
960	1
961	2
962	0
963	3
964	0
965	0
966	0
967	0
968	0
969	0
970	0
971	0
972	3
973	3
974	3
975	0
976	3
977	3
978	0
979	0
980	0
981	0
982	0
983	3
984	3
985	0
986	0
987	0
988	3
989	0
990	0
991	3
992	0
993	0
994	1
995	2
996	0
997	3
998	0
999	3
1000	3
1001	0
1002	0
1003	3
1004	3
1005	3
1006	0
1007	2
1008	0
1009	3
1010	0
1011	3
1012	0
1013	3
1014	1
1015	3
1016	3
1017	3
1018	0
1019	2
1020	1
1021	0
1022	0
1023	3
1024	0
1025	2
1026	2
1027	3
1028	3
1029	0
1030	3
1031	0
1032	2
1033	3
1034	1
1035	3
1036	1
1037	2
1038	0
1039	3
1040	0
1041	3
1042	1
1043	2
1044	0
1045	3
1046	0
1047	1
1048	0
1049	3
1050	3
1051	0
1052	0
1053	3
1054	0
1055	3
1056	0
1057	1
1058	0
1059	3
1060	2
1061	3
1062	0
1063	3
1064	0
1065	3
1066	3
1067	2
1068	1
1069	3
1070	0
1071	0
1072	0
1073	3
1074	0
1075	0
1076	0
1077	1
1078	3
1079	0
1080	0
1081	3
1082	2
1083	3
1084	0
1085	0
1086	0
1087	0
1088	2
1089	3
1090	0
1091	0
1092	3
1093	0
1094	0
1095	2
1096	0
1097	3
1098	0
1099	3
1100	2
1101	3
1102	0
1103	0
1104	3
1105	0
1106	0
1107	0
1108	2
1109	1
1110	2
1111	3
1112	0
1113	0
1114	3
1115	3
1116	0
1117	3
1118	3
1119	0
1120	0
1121	3
1122	3
1123	3
1124	1
1125	3
1126	3
1127	3
1128	0
1129	3
1130	0
1131	3
1132	3
1133	0
1134	3
1135	0
1136	0
1137	3
1138	3
1139	3
1140	2
1141	0
1142	3
1143	3
1144	3
1145	2
1146	0
1147	1
1148	3
1149	0
1150	0
1151	0
1152	3
1153	0
1154	3
1155	0
1156	0
1157	0
1158	0
1159	3
1160	0
1161	3
1162	1
1163	3
1164	3
1165	3
1166	3
1167	3
1168	0
1169	3
1170	0
1171	3
1172	3
1173	0
1174	0
1175	0
1176	0
1177	0
1178	0
1179	3
1180	0
1181	0
1182	0
1183	0
1184	3
1185	0
1186	0
1187	3
1188	0
1189	2
1190	0
1191	0
1192	3
1193	3
1194	3
1195	0
1196	0
1197	3
1198	3
1199	0
1200	3
1201	3
1202	0
1203	3
1204	0
1205	3
1206	3
1207	3
1208	3
1209	2
1210	2
1211	0
1212	0
1213	2
1214	0
1215	3
1216	0
1217	3
1218	3
1219	0
1220	0
1221	0
1222	2
1223	3
1224	0
1225	3
1226	3
1227	1
1228	0
1229	0
1230	0
1231	3
1232	3
1233	0
1234	3
1235	2
1236	1
1237	1
1238	3
1239	0
1240	0
1241	0
1242	3
1243	3
1244	0
1245	3
1246	0
1247	2
1248	1
1249	0
1250	0
1251	0
1252	2
1253	3
1254	0
1255	0
1256	3
1257	0
1258	0
1259	3
1260	0
1261	1
1262	0
1263	3
1264	0
1265	3
1266	0
1267	3
1268	0
1269	0
1270	0
1271	0
1272	0
1273	0
1274	0
1275	0
1276	3
1277	3
1278	3
1279	1
1280	0
1281	1
1282	0
1283	3
1284	3
1285	3
1286	3
1287	3
1288	3
1289	3
1290	3
1291	3
1292	2
1293	0
1294	3
1295	3
1296	3
1297	3
1298	3
1299	2
1300	0
1301	3
1302	3
1303	0
1304	0
1305	1
1306	0
1307	3
1308	3
1309	3
1310	0
1311	3
1312	2
1313	3
1314	0
1315	0
1316	1
1317	0
1318	3
1319	0
1320	0
1321	3
1322	3
1323	0
1324	3
1325	0
1326	0
1327	0
1328	0
1329	3
1330	3
1331	2
1332	0
1333	0
1334	2
1335	2
1336	0
1337	0
1338	0
1339	3
1340	0
1341	0
1342	1
1343	0
1344	0
1345	3
1346	3
1347	0
1348	3
1349	0
1350	3
1351	3
1352	0
1353	3
1354	0
1355	0
1356	3
1357	1
1358	1
1359	3
1360	3
1361	0
1362	0
1363	0
1364	1
1365	1
1366	3
1367	2
1368	0
1369	3
1370	3
1371	3
1372	0
1373	0
1374	3
1375	0
1376	0
1377	3
1378	3
1379	2
1380	0
1381	3
1382	0
1383	3
1384	0
1385	3
1386	0
1387	3
1388	2
1389	0
1390	0
1391	0
1392	3
1393	3
1394	3
1395	3
1396	3
1397	0
1398	3
1399	2
1400	3
1401	0
1402	0
1403	0
1404	0
1405	0
1406	2
1407	0
1408	3
1409	0
1410	3
1411	0
1412	2
1413	3
1414	2
1415	0
1416	3
1417	2
1418	3
1419	0
1420	0
1421	0
1422	0
1423	3
1424	3
1425	3
1426	3
1427	1
1428	3
1429	0
1430	3
1431	0
1432	3
1433	0
1434	0
1435	3
1436	0
1437	0
1438	0
1439	0
1440	3
1441	3
1442	3
1443	3
1444	3
1445	0
1446	0
1447	0
1448	3
1449	0
1450	3
1451	3
1452	2
1453	1
1454	3
1455	1
1456	3
1457	0
1458	0
1459	0
1460	3
1461	3
1462	0
1463	0
1464	0
1465	0
1466	0
1467	2
1468	0
1469	3
1470	0
1471	3
1472	0
1473	3
1474	0
1475	3
1476	2
1477	0
1478	3
1479	3
1480	0
1481	0
1482	3
1483	0
1484	0
1485	3
1486	3
1487	2
1488	2
1489	1
1490	2
1491	3
1492	0
1493	2
1494	1
1495	0
1496	2
1497	2
1498	3
1499	0
1500	0
1501	3
1502	1
1503	3
1504	0
1505	3
1506	0
1507	0
1508	2
1509	0
1510	0
1511	0
1512	0
1513	3
1514	0
1515	0
1516	3
1517	0
1518	0
1519	2
1520	0
1521	1
1522	3
1523	0
1524	0
1525	0
1526	2
1527	1
1528	1
1529	0
1530	3
1531	2
1532	3
1533	0
1534	0
1535	3
1536	0
1537	3
1538	3
1539	2
1540	0
1541	1
1542	3
1543	0
1544	3
1545	3
1546	0
1547	1
1548	3
1549	3
1550	3
1551	0
1552	0
1553	1
1554	0
1555	3
1556	2
1557	3
1558	3
1559	1
1560	3
1561	2
1562	0
1563	3
1564	2
1565	3
1566	0
1567	2
1568	2
1569	3
1570	3
1571	3
1572	1
1573	1
1574	0
1575	2
1576	0
1577	3
1578	3
1579	0
1580	0
1581	0
1582	0
1583	0
1584	3
1585	3
1586	3
1587	2
1588	1
1589	1
1590	3
1591	0
1592	2
1593	3
1594	0
1595	0
1596	0
1597	2
1598	0
1599	3
1600	3
1601	1
1602	0
1603	3
1604	3
1605	0
1606	0
1607	0
1608	0
1609	0
1610	0
1611	3
1612	3
1613	0
1614	0
1615	3
1616	3
1617	0
1618	0
1619	1
1620	3
1621	0
1622	1
1623	2
1624	3
1625	3
1626	3
1627	3
1628	3
1629	3
1630	1
1631	0
1632	0
1633	3
1634	0
1635	0
1636	3
1637	3
1638	0
1639	3
1640	2
1641	2
1642	3
1643	1
1644	3
1645	0
1646	3
1647	0
1648	0
1649	3
1650	3
1651	3
1652	2
1653	0
1654	3
1655	0
1656	1
1657	3
1658	1
1659	3
1660	3
1661	3
1662	3
1663	0
1664	3
1665	3
1666	3
1667	0
1668	3
1669	0
1670	3
1671	0
1672	3
1673	1
1674	3
1675	0
1676	1
1677	0
1678	3
1679	3
1680	0
1681	3
1682	3
1683	3
1684	3
1685	1
1686	0
1687	3
1688	0
1689	0
1690	0
1691	0
1692	3
1693	3
1694	0
1695	0
1696	2
1697	3
1698	3
1699	0
1700	1
1701	3
1702	0
1703	3
1704	3
1705	0
1706	0
1707	3
1708	3
1709	0
1710	2
1711	3
1712	3
1713	3
1714	1
1715	2
1716	0
1717	1
1718	3
1719	0
1720	0
1721	3
1722	3
1723	0
1724	0
1725	3
1726	3
1727	3
1728	0
1729	3
1730	3
1731	0
1732	1
1733	0
1734	0
1735	0
1736	0
1737	3
1738	3
1739	0
1740	0
1741	3
1742	3
1743	0
1744	0
1745	0
1746	3
1747	0
1748	0
1749	3
1750	0
1751	0
1752	0
1753	0
1754	0
1755	0
1756	3
1757	3
1758	0
1759	3
1760	0
1761	0
1762	0
1763	0
1764	0
1765	3
1766	0
1767	0
1768	0
1769	0
1770	0
1771	3
1772	0
1773	0
1774	0
1775	0
1776	0
1777	2
1778	1
1779	3
1780	3
1781	0
1782	0
1783	3
1784	0
1785	0
1786	0
1787	0
1788	3
1789	2
1790	0
1791	0
1792	3
1793	2
1794	0
1795	1
1796	3
1797	1
1798	0
1799	0
1800	3
1801	3
1802	1
1803	3
1804	1
1805	3
1806	3
1807	0
1808	3
1809	2
1810	3
1811	3
1812	0
1813	1
1814	3
1815	0
1816	3
1817	3
1818	0
1819	3
1820	0
1821	3
1822	3
1823	3
1824	3
1825	0
1826	3
1827	3
1828	1
1829	0
1830	0
1831	0
1832	0
1833	0
1834	3
1835	2
1836	3
1837	0
1838	0
1839	0
1840	1
1841	3
1842	1
1843	3
1844	0
1845	1
1846	0
1847	0
1848	1
1849	2
1850	3
1851	3
1852	0
1853	0
1854	3
1855	3
1856	3
1857	0
1858	0
1859	3
1860	0
1861	0
1862	0
1863	0
1864	3
1865	0
1866	0
1867	3
1868	2
1869	3
1870	0
1871	0
1872	0
1873	2
1874	1
1875	0
1876	2
1877	2
1878	0
1879	3
1880	3
1881	0
1882	1
1883	2
1884	0
1885	3
1886	0
1887	3
1888	0
1889	1
1890	3
1891	0
1892	0
1893	2
1894	0
1895	0
1896	1
1897	3
1898	0
1899	3
1900	3
1901	0
1902	0
1903	0
1904	2
1905	1
1906	3
1907	0
1908	3
1909	0
1910	2
1911	0
1912	2
1913	0
1914	3
1915	3
1916	3
1917	0
1918	3
1919	0
1920	1
1921	0
1922	3
1923	0
1924	1
1925	0
1926	0
1927	2
1928	3
1929	0
1930	3
1931	0
1932	0
1933	2
1934	3
1935	0
1936	0
1937	3
1938	0
1939	0
1940	3
1941	3
1942	3
1943	0
1944	0
1945	0
1946	0
1947	3
1948	0
1949	3
1950	1
1951	3
1952	1
1953	0
1954	3
1955	3
1956	0
1957	3
1958	3
1959	0
1960	3
1961	0
1962	3
1963	3
1964	0
1965	0
1966	3
1967	0
1968	3
1969	0
1970	0
1971	3
1972	1
1973	0
1974	3
1975	1
1976	0
1977	0
1978	0
1979	0
1980	0
1981	3
1982	0
1983	3
1984	1
1985	0
1986	0
1987	3
1988	0
1989	0
1990	0
1991	0
1992	2
1993	3
1994	2
1995	0
1996	0
1997	0
1998	3
1999	0
2000	0
2001	2
2002	3
2003	0
2004	0
2005	0
2006	0
2007	0
2008	0
2009	1
2010	3
2011	0
2012	2
2013	0
2014	0
2015	3
2016	3
2017	0
2018	0
2019	0
2020	0
2021	0
2022	1
2023	0
2024	3
2025	1
2026	1
2027	3
2028	0
2029	3
2030	0
2031	0
2032	0
2033	3
2034	0
2035	3
2036	0
2037	0
2038	0
2039	3
2040	0
2041	3
2042	0
2043	3
2044	3
2045	3
2046	2
2047	1
2048	0
2049	0
2050	0
2051	3
2052	3
2053	0
2054	0
2055	2
2056	0
2057	3
2058	0
2059	3
2060	3
2061	3
2062	0
2063	3
2064	1
2065	0
2066	0
2067	0
2068	3
2069	3
2070	2
2071	0
2072	1
2073	3
2074	2
2075	0
2076	0
2077	2
2078	1
2079	3
2080	3
2081	1
2082	3
2083	2
2084	0
2085	3
2086	0
2087	3
2088	3
2089	0
2090	0
2091	0
2092	0
2093	3
2094	2
2095	0
2096	0
2097	2
2098	2
2099	0
2100	0
2101	0
2102	0
2103	0
2104	3
2105	1
2106	3
2107	0
2108	3
2109	0
2110	3
2111	0
2112	0
2113	0
2114	0
2115	3
2116	0
2117	3
2118	1
2119	3
2120	0
2121	0
2122	0
2123	0
2124	3
2125	3
2126	1
2127	0
2128	0
2129	3
2130	0
2131	3
2132	3
2133	3
2134	0
2135	3
2136	0
2137	0
2138	1
2139	0
2140	0
2141	0
2142	3
2143	0
2144	0
2145	0
2146	3
2147	3
2148	0
2149	3
2150	2
2151	3
2152	3
2153	0
2154	3
2155	3
2156	0
2157	3
2158	0
2159	0
2160	2
2161	1
2162	3
2163	0
2164	3
2165	0
2166	1
2167	2
2168	3
2169	0
2170	0
2171	0
2172	0
2173	3
2174	0
2175	0
2176	3
2177	3
2178	0
2179	0
2180	0
2181	3
2182	0
2183	3
2184	0
2185	0
2186	0
2187	0
2188	1
2189	3
2190	3
2191	3
2192	0
2193	0
2194	0
2195	0
2196	0
2197	0
2198	0
2199	0
2200	0
2201	0
2202	3
2203	3
2204	0
2205	0
2206	3
2207	1
2208	3
2209	0
2210	0
2211	0
2212	0
2213	0
2214	0
2215	3
2216	1
2217	0
2218	0
2219	1
2220	0
2221	0
2222	0
2223	3
2224	3
2225	1
2226	3
2227	3
2228	0
2229	3
2230	0
2231	0
2232	0
2233	0
2234	3
2235	0
2236	3
2237	3
2238	3
2239	0
2240	3
2241	0
2242	0
2243	3
2244	1
2245	0
2246	2
2247	3
2248	0
2249	3
2250	0
2251	3
2252	2
2253	0
2254	3
2255	3
2256	0
2257	0
2258	3
2259	0
2260	3
2261	0
2262	2
2263	0
2264	0
2265	0
2266	1
2267	1
2268	3
2269	0
2270	0
2271	3
2272	1
2273	3
2274	3
2275	0
2276	0
2277	3
2278	3
2279	0
2280	3
2281	0
2282	0
2283	0
2284	0
2285	3
2286	3
2287	0
2288	0
2289	0
2290	0
2291	3
2292	3
2293	3
2294	0
2295	3
2296	0
2297	3
2298	1
2299	3
2300	0
2301	2
2302	3
2303	0
2304	3
2305	3
2306	3
2307	3
2308	1
2309	0
2310	0
2311	3
2312	3
2313	0
2314	0
2315	1
2316	3
2317	3
2318	2
2319	1
2320	2
2321	0
2322	0
2323	0
2324	3
2325	3
2326	0
2327	0
2328	0
2329	0
2330	3
2331	0
2332	0
2333	0
2334	0
2335	3
2336	3
2337	0
2338	0
2339	0
2340	0
2341	0
2342	1
2343	0
2344	2
2345	0
2346	0
2347	0
2348	1
2349	0
2350	2
2351	2
2352	3
2353	0
2354	0
2355	0
2356	0
2357	0
2358	0
2359	0
2360	3
2361	0
2362	1
2363	0
2364	3
2365	3
2366	0
2367	3
2368	3
2369	2
2370	2
2371	3
2372	3
2373	3
2374	0
2375	2
2376	0
2377	0
2378	3
2379	0
2380	3
2381	3
2382	0
2383	0
2384	0
2385	3
2386	3
2387	0
2388	3
2389	0
2390	0
2391	3
2392	0
2393	3
2394	0
2395	0
2396	0
2397	0
2398	0
2399	1
2400	0
2401	3
2402	3
2403	3
2404	0
2405	1
2406	2
2407	0
2408	0
2409	2
2410	3
2411	0
2412	2
2413	0
2414	3
2415	3
2416	1
2417	3
2418	3
2419	0
2420	0
2421	0
2422	3
2423	3
2424	0
2425	0
2426	3
2427	0
2428	0
2429	0
2430	3
2431	0
2432	3
2433	0
2434	0
2435	3
2436	0
2437	3
2438	0
2439	3
2440	1
2441	3
2442	0
2443	3
2444	0
2445	0
2446	3
2447	0
2448	0
2449	0
2450	0
2451	3
2452	3
2453	3
2454	0
2455	3
2456	3
2457	0
2458	0
2459	1
2460	3
2461	0
2462	3
2463	0
2464	0
2465	3
2466	0
2467	0
2468	0
2469	0
2470	0
2471	0
2472	3
2473	1
2474	0
2475	0
2476	3
2477	0
2478	0
2479	0
2480	0
2481	0
2482	0
2483	0
2484	0
2485	3
2486	3
2487	3
2488	3
2489	0
2490	3
2491	0
2492	3
2493	3
2494	3
2495	3
2496	1
2497	0
2498	0
2499	3
2500	1
2501	0
2502	3
2503	3
2504	0
2505	2
2506	0
2507	3
2508	3
2509	3
2510	1
2511	0
2512	0
2513	0
2514	0
2515	0
2516	3
2517	0
2518	1
2519	0
2520	0
2521	0
2522	3
2523	0
2524	3
2525	0
2526	1
2527	3
2528	3
2529	3
2530	2
2531	3
2532	0
2533	0
2534	1
2535	3
2536	3
2537	0
2538	3
2539	0
2540	0
2541	3
2542	3
2543	3
2544	1
2545	0
2546	0
2547	3
2548	3
2549	0
2550	3
2551	0
2552	3
2553	3
2554	0
2555	3
2556	3
2557	3
2558	3
2559	0
2560	0
2561	0
2562	0
2563	0
2564	3
2565	0
2566	3
2567	0
2568	0
2569	3
2570	3
2571	3
2572	0
2573	3
2574	3
2575	0
2576	0
2577	0
2578	3
2579	1
2580	2
2581	3
2582	0
2583	0
2584	0
2585	2
2586	0
2587	0
2588	0
2589	0
2590	2
2591	0
2592	0
2593	3
2594	3
2595	0
2596	3
2597	0
2598	3
2599	2
2600	3
2601	3
2602	0
2603	0
2604	0
2605	0
2606	0
2607	3
2608	0
2609	3
2610	3
2611	3
2612	3
2613	0
2614	0
2615	3
2616	0
2617	0
2618	2
2619	0
2620	3
2621	0
2622	0
2623	3
2624	0
2625	3
2626	0
2627	0
2628	3
2629	3
2630	2
2631	2
2632	0
2633	3
2634	3
2635	0
2636	3
2637	3
2638	2
2639	3
2640	3
2641	0
2642	0
2643	1
2644	0
2645	2
2646	0
2647	3
2648	3
2649	0
2650	0
2651	3
2652	0
2653	3
2654	0
2655	0
2656	3
2657	3
2658	3
2659	3
2660	0
2661	3
2662	3
2663	3
2664	3
2665	0
2666	0
2667	0
2668	3
2669	3
2670	3
2671	0
2672	0
2673	3
2674	3
2675	0
2676	0
2677	3
2678	3
2679	0
2680	2
2681	0
2682	3
2683	0
2684	0
2685	3
2686	0
2687	3
2688	2
2689	0
2690	0
2691	0
2692	1
2693	3
2694	3
2695	0
2696	0
2697	3
2698	0
2699	0
2700	1
2701	3
2702	3
2703	3
2704	0
2705	3
2706	3
2707	3
2708	2
2709	0
2710	3
2711	3
2712	1
2713	2
2714	0
2715	0
2716	0
2717	2
2718	0
2719	3
2720	3
2721	3
2722	0
2723	0
2724	0
2725	3
2726	0
2727	0
2728	3
2729	3
2730	3
2731	3
2732	3
2733	0
2734	0
2735	0
2736	0
2737	3
2738	2
2739	0
2740	2
2741	0
2742	3
2743	2
2744	3
2745	3
2746	3
2747	3
2748	0
2749	2
2750	3
2751	0
2752	2
2753	2
2754	0
2755	0
2756	1
2757	0
2758	3
2759	0
2760	1
2761	3
2762	0
2763	3
2764	0
2765	3
2766	3
2767	2
2768	0
2769	0
2770	0
2771	0
2772	0
2773	0
2774	0
2775	3
2776	0
2777	2
2778	3
2779	3
2780	3
2781	0
2782	0
2783	3
2784	3
2785	3
2786	0
2787	0
2788	0
2789	0
2790	3
2791	3
2792	3
2793	3
2794	0
2795	3
2796	3
2797	0
2798	0
2799	0
2800	0
2801	1
2802	0
2803	3
2804	3
2805	0
2806	3
2807	0
2808	3
2809	0
2810	0
2811	1
2812	1
2813	0
2814	3
2815	0
2816	3
2817	1
2818	0
2819	3
2820	3
2821	0
2822	3
2823	0
2824	0
2825	3
2826	0
2827	0
2828	3
2829	0
2830	0
2831	3
2832	3
2833	0
2834	0
2835	0
2836	2
2837	3
2838	0
2839	0
2840	0
2841	3
2842	3
2843	0
2844	3
2845	3
2846	3
2847	2
2848	0
2849	0
2850	0
2851	0
2852	3
2853	0
2854	0
2855	0
2856	3
2857	0
2858	0
2859	3
2860	3
2861	0
2862	3
2863	3
2864	0
2865	1
2866	1
2867	0
2868	3
2869	0
2870	1
2871	0
2872	1
2873	0
2874	3
2875	3
2876	3
2877	0
2878	0
2879	0
2880	1
2881	3
2882	0
2883	0
2884	3
2885	0
2886	3
2887	3
2888	3
2889	0
2890	0
2891	0
2892	3
2893	3
2894	3
2895	1
2896	0
2897	3
2898	0
2899	0
2900	1
2901	3
2902	0
2903	3
2904	1
2905	3
2906	0
2907	0
2908	3
2909	0
2910	3
2911	0
2912	0
2913	0
2914	3
2915	3
2916	0
2917	3
2918	0
2919	3
2920	0
2921	0
2922	0
2923	0
2924	0
2925	0
2926	3
2927	0
2928	2
2929	2
2930	2
2931	3
2932	1
2933	2
2934	0
2935	0
2936	0
2937	3
2938	0
2939	0
2940	0
2941	3
2942	0
2943	0
2944	0
2945	3
2946	0
2947	0
2948	3
2949	0
2950	0
2951	0
2952	2
2953	2
2954	3
2955	0
2956	0
2957	0
2958	0
2959	3
2960	0
2961	0
2962	3
2963	0
2964	3
2965	0
2966	3
2967	3
2968	3
2969	3
2970	0
2971	3
2972	0
2973	2
2974	0
2975	0
2976	0
2977	3
2978	3
2979	1
2980	0
2981	0
2982	0
2983	0
2984	3
2985	3
2986	0
2987	0
2988	0
2989	0
2990	0
2991	2
2992	0
2993	3
2994	1
2995	0
2996	0
2997	0
2998	3
2999	0
3000	3
3001	3
3002	0
3003	3
3004	0
3005	0
3006	3
3007	0
3008	0
3009	0
3010	0
3011	3
3012	0
3013	0
3014	0
3015	3
3016	0
3017	0
3018	0
3019	0
3020	3
3021	3
3022	3
3023	0
3024	0
3025	0
3026	1
3027	0
3028	0
3029	0
3030	3
3031	3
3032	3
3033	2
3034	3
3035	0
3036	3
3037	0
3038	0
3039	0
3040	3
3041	0
3042	0
3043	0
3044	3
3045	3
3046	0
3047	3
3048	1
3049	3
3050	0
3051	3
3052	0
3053	1
3054	2
3055	3
3056	0
3057	0
3058	0
3059	0
3060	1
3061	3
3062	0
3063	0
3064	3
3065	2
3066	0
3067	0
3068	3
3069	0
3070	0
3071	3
3072	3
3073	0
3074	2
3075	0
3076	3
3077	3
3078	3
3079	3
3080	0
3081	3
3082	3
3083	0
3084	3
3085	3
3086	0
3087	0
3088	0
3089	0
3090	0
3091	0
3092	3
3093	2
3094	0
3095	2
3096	3
3097	3
3098	3
3099	3
3100	1
3101	3
3102	1
3103	3
3104	0
3105	1
3106	2
3107	3
3108	3
3109	0
3110	0
3111	3
3112	3
3113	2
3114	0
3115	2
3116	3
3117	1
3118	2
3119	3
3120	0
3121	0
3122	0
3123	3
3124	0
3125	2
3126	0
3127	1
3128	0
3129	0
3130	0
3131	3
3132	3
3133	0
3134	1
3135	0
3136	0
3137	3
3138	0
3139	0
3140	3
3141	0
3142	3
3143	3
3144	0
3145	0
3146	0
3147	0
3148	3
3149	3
3150	2
3151	1
3152	0
3153	0
3154	0
3155	3
3156	2
3157	2
3158	0
3159	3
3160	0
3161	1
3162	3
3163	3
3164	3
3165	2
3166	0
3167	0
3168	0
3169	3
3170	0
3171	2
3172	3
3173	0
3174	0
3175	3
3176	0
3177	3
3178	2
3179	3
3180	3
3181	0
3182	3
3183	1
3184	0
3185	3
3186	0
3187	0
3188	3
3189	0
3190	3
3191	0
3192	0
3193	2
3194	0
3195	0
3196	0
3197	1
3198	3
3199	3
3200	0
3201	3
3202	0
3203	0
3204	2
3205	0
3206	3
3207	1
3208	3
3209	0
3210	0
3211	3
3212	0
3213	3
3214	2
3215	0
3216	0
3217	2
3218	0
3219	0
3220	3
3221	0
3222	3
3223	0
3224	3
3225	3
3226	0
3227	3
3228	0
3229	3
3230	0
3231	0
3232	0
3233	2
3234	0
3235	3
3236	3
3237	2
3238	0
3239	3
3240	3
3241	0
3242	3
3243	2
3244	3
3245	1
3246	3
3247	3
3248	3
3249	0
3250	0
3251	0
3252	2
3253	3
3254	2
3255	3
3256	0
3257	0
3258	1
3259	3
3260	3
3261	1
3262	3
3263	0
3264	0
3265	3
3266	0
3267	3
3268	3
3269	2
3270	0
3271	3
3272	3
3273	0
3274	1
3275	3
3276	1
3277	3
3278	3
3279	0
3280	0
3281	0
3282	0
3283	1
3284	0
3285	0
3286	3
3287	0
3288	0
3289	3
3290	3
3291	0
3292	3
3293	0
3294	0
3295	3
3296	2
3297	3
3298	0
3299	0
3300	0
3301	3
3302	0
3303	2
3304	3
3305	3
3306	0
3307	1
3308	0
3309	0
3310	1
3311	2
3312	3
3313	3
3314	3
3315	1
3316	3
3317	3
3318	0
3319	0
3320	0
3321	0
3322	0
3323	0
3324	0
3325	0
3326	2
3327	2
3328	3
3329	2
3330	3
3331	3
3332	3
3333	3
3334	2
3335	0
3336	0
3337	3
3338	0
3339	3
3340	3
3341	2
3342	3
3343	3
3344	0
3345	0
3346	3
3347	2
3348	3
3349	3
3350	0
3351	0
3352	0
3353	0
3354	3
3355	2
3356	0
3357	3
3358	0
3359	1
3360	3
3361	3
3362	0
3363	1
3364	0
3365	1
3366	3
3367	3
3368	0
3369	3
3370	2
3371	2
3372	1
3373	0
3374	0
3375	0
3376	3
3377	0
3378	0
3379	0
3380	1
3381	0
3382	0
3383	3
3384	3
3385	0
3386	0
3387	2
3388	0
3389	2
3390	0
3391	0
3392	0
3393	2
3394	0
3395	0
3396	3
3397	3
3398	3
3399	3
3400	0
3401	0
3402	0
3403	3
3404	3
3405	0
3406	0
3407	0
3408	3
3409	3
3410	0
3411	3
3412	3
3413	3
3414	0
3415	3
3416	0
3417	3
3418	0
3419	3
3420	3
3421	3
3422	0
3423	0
3424	3
3425	1
3426	1
3427	0
3428	3
3429	3
3430	3
3431	0
3432	0
3433	0
3434	3
3435	0
3436	3
3437	0
3438	3
3439	0
3440	3
3441	3
3442	3
3443	3
3444	2
3445	0
3446	3
3447	3
3448	2
3449	0
3450	0
3451	0
3452	0
3453	1
3454	0
3455	3
3456	3
3457	0
3458	0
3459	3
3460	1
3461	0
3462	0
3463	3
3464	0
3465	0
3466	0
3467	0
3468	0
3469	3
3470	3
3471	0
3472	0
3473	0
3474	3
3475	0
3476	0
3477	3
3478	0
3479	0
3480	3
3481	3
3482	3
3483	1
3484	0
3485	3
3486	0
3487	3
3488	1
3489	0
3490	3
3491	3
3492	1
3493	1
3494	3
3495	0
3496	3
3497	1
3498	0
3499	0
3500	0
3501	1
3502	3
3503	1
3504	3
3505	0
3506	3
3507	3
3508	3
3509	3
3510	3
3511	3
3512	0
3513	0
3514	0
3515	3
3516	3
3517	3
3518	0
3519	0
3520	0
3521	0
3522	1
3523	3
3524	2
3525	0
3526	0
3527	3
3528	1
3529	2
3530	0
3531	0
3532	3
3533	3
3534	3
3535	1
3536	0
3537	3
3538	0
3539	3
3540	3
3541	0
3542	1
3543	0
3544	0
3545	3
3546	2
3547	0
3548	3
3549	0
3550	3
3551	3
3552	3
3553	0
3554	1
3555	0
3556	0
3557	3
3558	3
3559	2
3560	3
3561	0
3562	0
3563	3
3564	0
3565	3
3566	3
3567	3
3568	3
3569	0
3570	2
3571	3
3572	1
3573	0
3574	2
3575	3
3576	3
3577	3
3578	0
3579	3
3580	0
3581	2
3582	3
3583	0
3584	3
3585	2
3586	2
3587	0
3588	3
3589	1
3590	3
3591	3
3592	0
3593	3
3594	0
3595	3
3596	0
3597	3
3598	3
3599	0
3600	3
3601	0
3602	3
3603	3
3604	3
3605	3
3606	0
3607	0
3608	0
3609	2
3610	3
3611	0
3612	0
3613	0
3614	0
3615	0
3616	0
3617	2
3618	0
3619	2
3620	3
3621	3
3622	0
3623	3
3624	0
3625	3
3626	0
3627	0
3628	0
3629	3
3630	0
3631	3
3632	0
3633	0
3634	2
3635	0
3636	2
3637	0
3638	0
3639	2
3640	0
3641	3
3642	0
3643	0
3644	0
3645	0
3646	1
3647	0
3648	2
3649	0
3650	0
3651	0
3652	3
3653	3
3654	0
3655	3
3656	0
3657	2
3658	0
3659	0
3660	3
3661	2
3662	0
3663	0
3664	0
3665	0
3666	0
3667	0
3668	3
3669	3
3670	1
3671	0
3672	0
3673	3
3674	0
3675	0
3676	3
3677	3
3678	3
3679	1
3680	0
3681	3
3682	3
3683	0
3684	3
3685	1
3686	0
3687	0
3688	0
3689	3
3690	3
3691	1
3692	3
3693	3
3694	2
3695	0
3696	3
3697	0
3698	0
3699	3
3700	0
3701	0
3702	3
3703	0
3704	0
3705	0
3706	0
3707	0
3708	0
3709	3
3710	0
3711	2
3712	0
3713	0
3714	2
3715	3
3716	3
3717	3
3718	0
3719	2
3720	0
3721	0
3722	0
3723	1
3724	1
3725	0
3726	3
3727	0
3728	0
3729	0
3730	0
3731	1
3732	2
3733	3
3734	0
3735	0
3736	3
3737	3
3738	3
3739	3
3740	3
3741	0
3742	0
3743	3
3744	3
3745	0
3746	1
3747	0
3748	3
3749	0
3750	0
3751	0
3752	3
3753	3
3754	3
3755	3
3756	3
3757	0
3758	3
3759	0
3760	3
3761	0
3762	1
3763	0
3764	3
3765	3
3766	3
3767	3
3768	3
3769	0
3770	0
3771	0
3772	0
3773	0
3774	0
3775	3
3776	0
3777	1
3778	0
3779	0
3780	0
3781	0
3782	0
3783	0
3784	0
3785	0
3786	0
3787	2
3788	3
3789	3
3790	3
3791	0
3792	0
3793	0
3794	1
3795	0
3796	3
3797	0
3798	2
3799	3
3800	0
3801	0
3802	3
3803	3
3804	0
3805	3
3806	3
3807	3
3808	3
3809	3
3810	2
3811	0
3812	0
3813	3
3814	3
3815	3
3816	2
3817	3
3818	2
3819	1
3820	0
3821	3
3822	2
3823	0
3824	0
3825	3
3826	2
3827	3
3828	3
3829	0
3830	0
3831	3
3832	3
3833	0
3834	3
3835	2
3836	0
3837	3
3838	3
3839	2
3840	2
3841	2
3842	3
3843	0
3844	3
3845	1
3846	3
3847	0
3848	0
3849	3
3850	3
3851	3
3852	3
3853	0
3854	0
3855	2
3856	3
3857	2
3858	3
3859	3
3860	3
3861	3
3862	3
3863	0
3864	0
3865	3
3866	0
3867	2
3868	0
3869	3
3870	0
3871	0
3872	3
3873	0
3874	0
3875	3
3876	3
3877	3
3878	0
3879	0
3880	3
3881	0
3882	0
3883	3
3884	0
3885	0
3886	0
3887	2
3888	0
3889	0
3890	0
3891	0
3892	3
3893	0
3894	0
3895	2
3896	2
3897	3
3898	0
3899	3
3900	0
3901	0
3902	3
3903	0
3904	1
3905	2
3906	0
3907	1
3908	3
3909	1
3910	3
3911	3
3912	3
3913	0
3914	3
3915	0
3916	1
3917	3
3918	0
3919	3
3920	3
3921	3
3922	3
3923	3
3924	3
3925	0
3926	3
3927	0
3928	0
3929	3
3930	0
3931	1
3932	2
3933	1
3934	0
3935	2
3936	3
3937	3
3938	3
3939	3
3940	0
3941	3
3942	3
3943	3
3944	0
3945	0
3946	0
3947	3
3948	3
3949	1
3950	3
3951	0
3952	0
3953	3
3954	0
3955	3
3956	3
3957	0
3958	0
3959	0
3960	3
3961	3
3962	1
3963	0
3964	0
3965	3
3966	3
3967	3
3968	0
3969	0
3970	3
3971	3
3972	0
3973	3
3974	3
3975	0
3976	0
3977	3
3978	0
3979	0
3980	0
3981	0
3982	3
3983	0
3984	0
3985	0
3986	0
3987	0
3988	0
3989	3
3990	0
3991	1
3992	3
3993	3
3994	3
3995	0
3996	0
3997	1
3998	1
3999	3
4000	2
4001	0
4002	3
4003	2
4004	1
4005	1
4006	1
4007	2
4008	3
4009	0
4010	0
4011	3
4012	2
4013	0
4014	3
4015	2
4016	2
4017	0
4018	0
4019	0
4020	0
4021	0
4022	3
4023	3
4024	3
4025	3
4026	0
4027	3
4028	0
4029	3
4030	2
4031	0
4032	0
4033	0
4034	0
4035	0
4036	2
4037	0
4038	0
4039	3
4040	0
4041	1
4042	3
4043	3
4044	2
4045	3
4046	0
4047	1
4048	3
4049	0
4050	3
4051	3
4052	0
4053	0
4054	2
4055	0
4056	1
4057	0
4058	3
4059	0
4060	2
4061	3
4062	1
4063	3
4064	3
4065	3
4066	0
4067	0
4068	0
4069	2
4070	3
4071	0
4072	0
4073	0
4074	3
4075	0
4076	3
4077	3
4078	0
4079	0
4080	3
4081	3
4082	0
4083	2
4084	0
4085	0
4086	3
4087	0
4088	0
4089	3
4090	3
4091	2
4092	0
4093	2
4094	0
4095	3
