COMMAND
./sim gshare 12 6 ./proj2-traces/perl_trace.txt
OUTPUT
number of predictions:2000000
number of mispredictions:149959
misprediction rate:   7.50%
FINAL GSHARE CONTENTS
0	3
1	2
2	3
3	0
4	2
5	2
6	2
7	3
8	3
9	0
10	3
11	3
12	1
13	2
14	3
15	3
16	2
17	2
18	2
19	0
20	3
21	3
22	1
23	2
24	3
25	3
26	1
27	0
28	2
29	3
30	3
31	3
32	3
33	3
34	0
35	3
36	2
37	2
38	0
39	0
40	0
41	3
42	3
43	3
44	2
45	2
46	2
47	1
48	3
49	2
50	1
51	0
52	3
53	2
54	2
55	3
56	0
57	1
58	3
59	3
60	2
61	3
62	2
63	0
64	1
65	2
66	0
67	0
68	2
69	2
70	3
71	0
72	2
73	2
74	0
75	2
76	2
77	3
78	2
79	2
80	3
81	2
82	2
83	2
84	3
85	2
86	3
87	2
88	3
89	0
90	2
91	3
92	0
93	2
94	0
95	3
96	1
97	2
98	0
99	1
100	2
101	1
102	0
103	3
104	0
105	0
106	3
107	3
108	2
109	1
110	3
111	2
112	2
113	3
114	0
115	0
116	3
117	2
118	1
119	3
120	2
121	2
122	2
123	3
124	3
125	2
126	3
127	0
128	0
129	3
130	2
131	0
132	3
133	0
134	3
135	0
136	0
137	2
138	0
139	2
140	2
141	3
142	3
143	1
144	2
145	2
146	2
147	3
148	0
149	3
150	1
151	0
152	3
153	2
154	2
155	1
156	3
157	1
158	0
159	0
160	2
161	3
162	0
163	3
164	3
165	0
166	0
167	2
168	0
169	2
170	3
171	1
172	0
173	1
174	0
175	0
176	2
177	2
178	3
179	0
180	3
181	3
182	2
183	0
184	3
185	2
186	2
187	2
188	3
189	3
190	2
191	0
192	3
193	2
194	3
195	3
196	2
197	2
198	0
199	0
200	3
201	3
202	2
203	2
204	3
205	3
206	2
207	0
208	2
209	3
210	2
211	0
212	0
213	0
214	2
215	2
216	3
217	3
218	3
219	0
220	0
221	1
222	1
223	0
224	2
225	3
226	0
227	3
228	3
229	2
230	3
231	3
232	0
233	3
234	3
235	0
236	3
237	3
238	3
239	2
240	0
241	2
242	2
243	3
244	0
245	3
246	0
247	0
248	0
249	3
250	1
251	3
252	3
253	3
254	3
255	0
256	3
257	0
258	2
259	1
260	2
261	2
262	2
263	0
264	0
265	3
266	0
267	3
268	3
269	2
270	3
271	3
272	0
273	3
274	0
275	0
276	3
277	1
278	3
279	2
280	3
281	0
282	1
283	0
284	0
285	3
286	3
287	3
288	1
289	2
290	1
291	2
292	2
293	0
294	1
295	1
296	3
297	1
298	3
299	0
300	3
301	0
302	3
303	3
304	2
305	3
306	3
307	0
308	2
309	2
310	3
311	0
312	2
313	3
314	2
315	2
316	3
317	3
318	0
319	2
320	0
321	0
322	2
323	1
324	3
325	3
326	2
327	3
328	2
329	0
330	3
331	2
332	3
333	1
334	2
335	3
336	2
337	3
338	3
339	0
340	3
341	3
342	2
343	2
344	3
345	2
346	2
347	1
348	0
349	2
350	2
351	3
352	0
353	3
354	0
355	3
356	2
357	0
358	3
359	2
360	1
361	0
362	3
363	2
364	3
365	2
366	2
367	3
368	3
369	2
370	3
371	0
372	2
373	2
374	3
375	0
376	3
377	1
378	2
379	2
380	2
381	0
382	2
383	0
384	3
385	2
386	2
387	2
388	3
389	3
390	1
391	0
392	2
393	3
394	0
395	3
396	3
397	3
398	3
399	3
400	2
401	3
402	0
403	1
404	1
405	0
406	3
407	3
408	3
409	0
410	2
411	2
412	1
413	3
414	3
415	3
416	1
417	0
418	3
419	2
420	2
421	0
422	1
423	2
424	2
425	3
426	3
427	1
428	0
429	2
430	3
431	2
432	3
433	2
434	0
435	0
436	2
437	1
438	2
439	0
440	3
441	3
442	2
443	0
444	3
445	3
446	2
447	0
448	1
449	1
450	1
451	0
452	3
453	3
454	2
455	2
456	3
457	3
458	0
459	3
460	0
461	0
462	3
463	3
464	3
465	3
466	1
467	3
468	2
469	3
470	0
471	2
472	0
473	0
474	3
475	0
476	0
477	0
478	2
479	3
480	0
481	3
482	2
483	3
484	2
485	0
486	0
487	1
488	3
489	1
490	3
491	3
492	0
493	2
494	1
495	1
496	3
497	3
498	3
499	0
500	3
501	0
502	1
503	0
504	2
505	2
506	2
507	2
508	2
509	3
510	2
511	2
512	0
513	0
514	1
515	3
516	3
517	3
518	0
519	3
520	0
521	3
522	0
523	3
524	1
525	2
526	0
527	3
528	3
529	2
530	3
531	3
532	2
533	0
534	2
535	0
536	3
537	0
538	0
539	0
540	2
541	0
542	1
543	0
544	3
545	3
546	2
547	0
548	3
549	1
550	3
551	2
552	0
553	2
554	1
555	0
556	3
557	3
558	2
559	1
560	3
561	2
562	3
563	3
564	3
565	0
566	2
567	2
568	3
569	2
570	3
571	3
572	3
573	2
574	2
575	2
576	0
577	3
578	2
579	3
580	3
581	2
582	3
583	3
584	0
585	3
586	0
587	3
588	2
589	3
590	0
591	0
592	3
593	3
594	3
595	3
596	2
597	2
598	1
599	0
600	3
601	0
602	2
603	0
604	1
605	0
606	1
607	2
608	0
609	3
610	2
611	3
612	2
613	0
614	0
615	2
616	3
617	1
618	3
619	3
620	2
621	0
622	3
623	0
624	3
625	3
626	2
627	2
628	2
629	2
630	0
631	1
632	0
633	3
634	2
635	0
636	3
637	0
638	2
639	2
640	1
641	1
642	2
643	0
644	3
645	2
646	0
647	3
648	0
649	3
650	3
651	2
652	0
653	2
654	0
655	3
656	3
657	1
658	3
659	2
660	2
661	0
662	3
663	0
664	2
665	0
666	3
667	1
668	3
669	0
670	2
671	3
672	3
673	3
674	3
675	3
676	3
677	0
678	3
679	3
680	0
681	2
682	3
683	0
684	2
685	0
686	3
687	3
688	0
689	2
690	0
691	2
692	2
693	3
694	0
695	0
696	3
697	3
698	3
699	3
700	2
701	2
702	2
703	1
704	0
705	3
706	2
707	3
708	3
709	3
710	0
711	3
712	0
713	1
714	0
715	3
716	3
717	0
718	0
719	2
720	3
721	0
722	2
723	2
724	2
725	2
726	0
727	0
728	3
729	0
730	2
731	2
732	0
733	1
734	2
735	3
736	2
737	1
738	0
739	3
740	1
741	0
742	3
743	2
744	1
745	3
746	2
747	0
748	3
749	0
750	3
751	2
752	2
753	2
754	0
755	2
756	2
757	3
758	3
759	0
760	3
761	2
762	2
763	3
764	3
765	0
766	2
767	0
768	3
769	0
770	3
771	0
772	3
773	0
774	2
775	0
776	2
777	2
778	0
779	0
780	3
781	3
782	0
783	2
784	3
785	3
786	0
787	2
788	2
789	1
790	3
791	0
792	2
793	3
794	0
795	2
796	2
797	3
798	3
799	3
800	0
801	3
802	0
803	2
804	3
805	0
806	0
807	2
808	3
809	3
810	0
811	2
812	1
813	0
814	2
815	3
816	2
817	2
818	3
819	0
820	2
821	0
822	2
823	2
824	2
825	3
826	2
827	1
828	3
829	0
830	0
831	0
832	0
833	0
834	2
835	3
836	0
837	0
838	1
839	0
840	1
841	3
842	3
843	0
844	3
845	3
846	2
847	3
848	2
849	2
850	2
851	3
852	3
853	2
854	2
855	2
856	2
857	0
858	0
859	0
860	3
861	2
862	3
863	3
864	3
865	3
866	0
867	2
868	2
869	3
870	3
871	2
872	3
873	0
874	0
875	2
876	0
877	0
878	0
879	2
880	2
881	3
882	3
883	0
884	1
885	3
886	3
887	0
888	2
889	1
890	2
891	0
892	3
893	2
894	3
895	0
896	3
897	0
898	2
899	0
900	0
901	1
902	3
903	0
904	3
905	2
906	0
907	3
908	3
909	2
910	2
911	3
912	2
913	2
914	0
915	0
916	3
917	0
918	3
919	0
920	3
921	2
922	2
923	3
924	3
925	3
926	3
927	1
928	0
929	3
930	2
931	2
932	0
933	0
934	2
935	2
936	1
937	2
938	1
939	3
940	2
941	2
942	3
943	3
944	2
945	3
946	2
947	2
948	2
949	1
950	2
951	0
952	2
953	2
954	2
955	2
956	2
957	3
958	3
959	0
960	0
961	0
962	2
963	0
964	1
965	3
966	1
967	0
968	2
969	3
970	0
971	3
972	3
973	2
974	2
975	3
976	2
977	3
978	2
979	2
980	2
981	2
982	1
983	2
984	1
985	3
986	0
987	2
988	2
989	3
990	3
991	3
992	3
993	1
994	0
995	3
996	1
997	2
998	3
999	2
1000	2
1001	2
1002	3
1003	1
1004	3
1005	2
1006	2
1007	0
1008	1
1009	3
1010	3
1011	1
1012	1
1013	3
1014	2
1015	3
1016	2
1017	2
1018	2
1019	0
1020	0
1021	0
1022	3
1023	0
1024	3
1025	0
1026	0
1027	0
1028	2
1029	3
1030	1
1031	3
1032	2
1033	0
1034	0
1035	1
1036	2
1037	3
1038	1
1039	0
1040	0
1041	3
1042	2
1043	3
1044	2
1045	1
1046	3
1047	2
1048	2
1049	0
1050	1
1051	1
1052	2
1053	1
1054	3
1055	3
1056	3
1057	3
1058	3
1059	0
1060	2
1061	0
1062	3
1063	1
1064	2
1065	0
1066	3
1067	3
1068	3
1069	3
1070	0
1071	0
1072	3
1073	2
1074	3
1075	3
1076	3
1077	0
1078	1
1079	1
1080	2
1081	0
1082	2
1083	3
1084	0
1085	2
1086	0
1087	0
1088	3
1089	0
1090	0
1091	1
1092	3
1093	3
1094	2
1095	2
1096	3
1097	3
1098	2
1099	1
1100	3
1101	3
1102	3
1103	1
1104	0
1105	2
1106	3
1107	2
1108	2
1109	3
1110	2
1111	2
1112	2
1113	0
1114	3
1115	1
1116	3
1117	0
1118	3
1119	2
1120	2
1121	0
1122	1
1123	2
1124	1
1125	2
1126	3
1127	3
1128	2
1129	0
1130	2
1131	0
1132	2
1133	2
1134	1
1135	3
1136	3
1137	2
1138	3
1139	2
1140	3
1141	3
1142	0
1143	2
1144	0
1145	0
1146	2
1147	2
1148	3
1149	2
1150	1
1151	0
1152	0
1153	0
1154	0
1155	0
1156	2
1157	2
1158	0
1159	2
1160	0
1161	3
1162	0
1163	2
1164	3
1165	3
1166	0
1167	2
1168	0
1169	1
1170	3
1171	3
1172	2
1173	3
1174	3
1175	0
1176	3
1177	0
1178	1
1179	2
1180	2
1181	0
1182	3
1183	3
1184	0
1185	2
1186	1
1187	0
1188	2
1189	0
1190	3
1191	3
1192	3
1193	2
1194	3
1195	0
1196	0
1197	2
1198	3
1199	2
1200	2
1201	3
1202	0
1203	0
1204	2
1205	2
1206	3
1207	0
1208	1
1209	0
1210	2
1211	0
1212	0
1213	3
1214	3
1215	0
1216	3
1217	2
1218	1
1219	0
1220	3
1221	3
1222	1
1223	0
1224	3
1225	3
1226	0
1227	3
1228	3
1229	3
1230	2
1231	3
1232	0
1233	3
1234	3
1235	0
1236	0
1237	2
1238	2
1239	2
1240	2
1241	0
1242	2
1243	1
1244	2
1245	0
1246	0
1247	2
1248	2
1249	1
1250	0
1251	3
1252	0
1253	3
1254	3
1255	3
1256	0
1257	3
1258	0
1259	0
1260	2
1261	3
1262	3
1263	3
1264	3
1265	0
1266	3
1267	0
1268	2
1269	2
1270	3
1271	0
1272	2
1273	2
1274	2
1275	0
1276	0
1277	0
1278	0
1279	0
1280	1
1281	2
1282	0
1283	0
1284	0
1285	3
1286	2
1287	0
1288	0
1289	2
1290	3
1291	0
1292	3
1293	3
1294	2
1295	1
1296	0
1297	2
1298	0
1299	2
1300	2
1301	2
1302	2
1303	3
1304	1
1305	0
1306	2
1307	2
1308	2
1309	2
1310	3
1311	3
1312	3
1313	2
1314	3
1315	2
1316	3
1317	0
1318	3
1319	0
1320	2
1321	2
1322	2
1323	0
1324	1
1325	2
1326	2
1327	3
1328	3
1329	2
1330	0
1331	2
1332	2
1333	0
1334	1
1335	2
1336	0
1337	0
1338	3
1339	0
1340	1
1341	0
1342	3
1343	0
1344	0
1345	2
1346	0
1347	0
1348	2
1349	3
1350	2
1351	2
1352	1
1353	2
1354	1
1355	3
1356	0
1357	3
1358	2
1359	2
1360	3
1361	2
1362	2
1363	1
1364	2
1365	1
1366	3
1367	2
1368	1
1369	0
1370	2
1371	2
1372	1
1373	3
1374	0
1375	3
1376	0
1377	3
1378	0
1379	3
1380	3
1381	3
1382	0
1383	2
1384	3
1385	2
1386	2
1387	2
1388	1
1389	2
1390	3
1391	3
1392	0
1393	1
1394	1
1395	3
1396	2
1397	2
1398	3
1399	0
1400	3
1401	2
1402	2
1403	2
1404	0
1405	3
1406	3
1407	0
1408	3
1409	1
1410	0
1411	0
1412	3
1413	3
1414	0
1415	0
1416	3
1417	2
1418	0
1419	2
1420	0
1421	2
1422	0
1423	0
1424	3
1425	3
1426	2
1427	0
1428	3
1429	3
1430	3
1431	3
1432	2
1433	1
1434	3
1435	3
1436	3
1437	3
1438	2
1439	3
1440	0
1441	2
1442	0
1443	3
1444	1
1445	0
1446	2
1447	2
1448	3
1449	2
1450	3
1451	3
1452	2
1453	3
1454	1
1455	3
1456	1
1457	3
1458	0
1459	3
1460	2
1461	0
1462	3
1463	1
1464	1
1465	0
1466	3
1467	3
1468	2
1469	2
1470	3
1471	0
1472	0
1473	2
1474	0
1475	0
1476	0
1477	3
1478	1
1479	0
1480	2
1481	1
1482	0
1483	3
1484	0
1485	2
1486	2
1487	2
1488	3
1489	2
1490	3
1491	3
1492	2
1493	1
1494	2
1495	2
1496	1
1497	2
1498	2
1499	0
1500	0
1501	3
1502	2
1503	3
1504	0
1505	3
1506	0
1507	3
1508	0
1509	0
1510	1
1511	3
1512	3
1513	2
1514	3
1515	2
1516	3
1517	3
1518	3
1519	2
1520	3
1521	3
1522	0
1523	0
1524	3
1525	2
1526	3
1527	1
1528	0
1529	2
1530	2
1531	3
1532	3
1533	3
1534	2
1535	0
1536	3
1537	2
1538	3
1539	0
1540	3
1541	3
1542	1
1543	3
1544	1
1545	2
1546	2
1547	0
1548	2
1549	2
1550	3
1551	0
1552	3
1553	1
1554	2
1555	3
1556	2
1557	2
1558	3
1559	0
1560	2
1561	1
1562	2
1563	2
1564	1
1565	0
1566	2
1567	2
1568	3
1569	3
1570	3
1571	2
1572	1
1573	0
1574	2
1575	3
1576	0
1577	3
1578	3
1579	0
1580	0
1581	3
1582	2
1583	3
1584	0
1585	3
1586	0
1587	2
1588	1
1589	2
1590	2
1591	3
1592	3
1593	0
1594	3
1595	2
1596	0
1597	2
1598	3
1599	0
1600	3
1601	2
1602	0
1603	0
1604	3
1605	3
1606	2
1607	2
1608	2
1609	3
1610	0
1611	3
1612	2
1613	2
1614	0
1615	3
1616	0
1617	2
1618	0
1619	1
1620	3
1621	3
1622	3
1623	2
1624	3
1625	3
1626	1
1627	1
1628	0
1629	3
1630	2
1631	3
1632	3
1633	0
1634	1
1635	0
1636	2
1637	2
1638	3
1639	2
1640	1
1641	0
1642	3
1643	0
1644	3
1645	3
1646	1
1647	3
1648	2
1649	3
1650	1
1651	3
1652	3
1653	1
1654	3
1655	3
1656	2
1657	0
1658	2
1659	3
1660	3
1661	1
1662	3
1663	0
1664	3
1665	2
1666	2
1667	0
1668	3
1669	3
1670	3
1671	2
1672	1
1673	0
1674	2
1675	0
1676	3
1677	2
1678	3
1679	3
1680	2
1681	3
1682	3
1683	2
1684	0
1685	0
1686	2
1687	0
1688	3
1689	0
1690	3
1691	2
1692	3
1693	3
1694	2
1695	1
1696	0
1697	0
1698	2
1699	3
1700	0
1701	0
1702	2
1703	3
1704	3
1705	3
1706	3
1707	0
1708	0
1709	3
1710	0
1711	2
1712	3
1713	1
1714	3
1715	2
1716	0
1717	0
1718	1
1719	0
1720	3
1721	2
1722	2
1723	0
1724	3
1725	3
1726	3
1727	2
1728	3
1729	2
1730	0
1731	2
1732	3
1733	2
1734	3
1735	2
1736	0
1737	1
1738	3
1739	1
1740	3
1741	3
1742	3
1743	3
1744	2
1745	2
1746	3
1747	2
1748	3
1749	0
1750	3
1751	0
1752	3
1753	0
1754	0
1755	2
1756	2
1757	3
1758	1
1759	3
1760	1
1761	3
1762	0
1763	3
1764	3
1765	0
1766	2
1767	3
1768	2
1769	3
1770	2
1771	0
1772	1
1773	2
1774	3
1775	2
1776	2
1777	1
1778	0
1779	3
1780	0
1781	2
1782	2
1783	3
1784	0
1785	3
1786	1
1787	3
1788	2
1789	3
1790	3
1791	0
1792	3
1793	0
1794	0
1795	2
1796	0
1797	3
1798	0
1799	0
1800	3
1801	3
1802	3
1803	2
1804	3
1805	2
1806	2
1807	2
1808	3
1809	2
1810	3
1811	2
1812	0
1813	0
1814	2
1815	0
1816	0
1817	0
1818	1
1819	2
1820	1
1821	3
1822	3
1823	3
1824	3
1825	3
1826	0
1827	3
1828	2
1829	2
1830	3
1831	2
1832	2
1833	2
1834	3
1835	0
1836	2
1837	3
1838	3
1839	3
1840	3
1841	0
1842	3
1843	3
1844	3
1845	0
1846	3
1847	0
1848	0
1849	0
1850	2
1851	1
1852	1
1853	3
1854	3
1855	0
1856	0
1857	2
1858	3
1859	1
1860	3
1861	2
1862	2
1863	2
1864	0
1865	3
1866	3
1867	2
1868	3
1869	2
1870	2
1871	3
1872	1
1873	0
1874	0
1875	2
1876	3
1877	1
1878	1
1879	0
1880	2
1881	2
1882	0
1883	2
1884	0
1885	1
1886	0
1887	3
1888	0
1889	3
1890	3
1891	2
1892	2
1893	2
1894	3
1895	3
1896	3
1897	3
1898	3
1899	0
1900	3
1901	3
1902	3
1903	2
1904	3
1905	2
1906	2
1907	0
1908	3
1909	3
1910	1
1911	1
1912	0
1913	2
1914	2
1915	3
1916	3
1917	3
1918	3
1919	0
1920	3
1921	0
1922	3
1923	1
1924	3
1925	0
1926	3
1927	2
1928	2
1929	1
1930	2
1931	2
1932	3
1933	2
1934	3
1935	2
1936	3
1937	2
1938	1
1939	0
1940	3
1941	0
1942	2
1943	3
1944	0
1945	0
1946	2
1947	2
1948	2
1949	3
1950	3
1951	2
1952	3
1953	3
1954	2
1955	0
1956	2
1957	2
1958	2
1959	3
1960	2
1961	2
1962	3
1963	0
1964	2
1965	3
1966	1
1967	2
1968	3
1969	2
1970	3
1971	3
1972	2
1973	2
1974	3
1975	0
1976	2
1977	0
1978	2
1979	3
1980	3
1981	3
1982	2
1983	0
1984	3
1985	1
1986	2
1987	2
1988	3
1989	2
1990	0
1991	2
1992	0
1993	2
1994	3
1995	2
1996	3
1997	0
1998	1
1999	2
2000	0
2001	1
2002	2
2003	2
2004	3
2005	0
2006	3
2007	1
2008	2
2009	2
2010	0
2011	2
2012	2
2013	2
2014	2
2015	1
2016	1
2017	0
2018	0
2019	3
2020	1
2021	3
2022	3
2023	3
2024	0
2025	2
2026	3
2027	0
2028	2
2029	1
2030	3
2031	0
2032	0
2033	2
2034	3
2035	0
2036	3
2037	3
2038	3
2039	0
2040	0
2041	0
2042	1
2043	3
2044	0
2045	3
2046	3
2047	0
2048	2
2049	0
2050	3
2051	0
2052	2
2053	0
2054	0
2055	2
2056	2
2057	3
2058	3
2059	3
2060	3
2061	0
2062	0
2063	2
2064	0
2065	0
2066	3
2067	0
2068	2
2069	0
2070	2
2071	3
2072	1
2073	2
2074	2
2075	2
2076	3
2077	3
2078	0
2079	0
2080	2
2081	0
2082	0
2083	2
2084	0
2085	2
2086	3
2087	3
2088	0
2089	2
2090	3
2091	3
2092	2
2093	2
2094	0
2095	3
2096	3
2097	1
2098	0
2099	1
2100	0
2101	0
2102	2
2103	2
2104	3
2105	0
2106	3
2107	2
2108	0
2109	3
2110	2
2111	3
2112	2
2113	0
2114	2
2115	0
2116	3
2117	0
2118	2
2119	3
2120	2
2121	3
2122	3
2123	3
2124	0
2125	0
2126	0
2127	2
2128	3
2129	0
2130	3
2131	0
2132	0
2133	0
2134	0
2135	3
2136	3
2137	3
2138	2
2139	2
2140	2
2141	1
2142	0
2143	3
2144	3
2145	0
2146	0
2147	2
2148	3
2149	0
2150	2
2151	1
2152	2
2153	2
2154	2
2155	2
2156	1
2157	3
2158	3
2159	0
2160	0
2161	0
2162	0
2163	0
2164	3
2165	0
2166	2
2167	3
2168	3
2169	2
2170	3
2171	2
2172	2
2173	0
2174	2
2175	2
2176	2
2177	2
2178	2
2179	1
2180	2
2181	3
2182	2
2183	0
2184	2
2185	3
2186	0
2187	3
2188	3
2189	0
2190	0
2191	2
2192	3
2193	2
2194	3
2195	0
2196	1
2197	0
2198	2
2199	3
2200	3
2201	1
2202	0
2203	0
2204	3
2205	2
2206	2
2207	0
2208	3
2209	1
2210	0
2211	3
2212	1
2213	0
2214	3
2215	2
2216	3
2217	0
2218	3
2219	3
2220	3
2221	3
2222	2
2223	2
2224	3
2225	2
2226	0
2227	1
2228	2
2229	0
2230	1
2231	2
2232	1
2233	3
2234	1
2235	0
2236	2
2237	1
2238	2
2239	3
2240	2
2241	3
2242	1
2243	2
2244	3
2245	3
2246	0
2247	3
2248	1
2249	3
2250	3
2251	2
2252	0
2253	0
2254	3
2255	0
2256	3
2257	0
2258	0
2259	3
2260	0
2261	3
2262	3
2263	3
2264	2
2265	1
2266	3
2267	0
2268	3
2269	2
2270	0
2271	3
2272	2
2273	3
2274	0
2275	3
2276	2
2277	2
2278	3
2279	0
2280	2
2281	3
2282	3
2283	3
2284	2
2285	1
2286	1
2287	2
2288	3
2289	3
2290	0
2291	3
2292	2
2293	0
2294	2
2295	2
2296	3
2297	1
2298	2
2299	2
2300	3
2301	2
2302	3
2303	2
2304	0
2305	3
2306	1
2307	0
2308	3
2309	1
2310	3
2311	2
2312	2
2313	0
2314	3
2315	2
2316	2
2317	0
2318	3
2319	2
2320	0
2321	3
2322	3
2323	0
2324	3
2325	0
2326	3
2327	1
2328	3
2329	2
2330	3
2331	0
2332	0
2333	3
2334	3
2335	3
2336	3
2337	3
2338	1
2339	3
2340	3
2341	2
2342	3
2343	3
2344	3
2345	2
2346	3
2347	0
2348	3
2349	0
2350	3
2351	3
2352	3
2353	3
2354	0
2355	3
2356	3
2357	0
2358	2
2359	2
2360	3
2361	2
2362	0
2363	0
2364	3
2365	1
2366	3
2367	3
2368	0
2369	2
2370	0
2371	0
2372	3
2373	0
2374	2
2375	3
2376	2
2377	3
2378	3
2379	2
2380	3
2381	1
2382	3
2383	2
2384	2
2385	0
2386	3
2387	0
2388	3
2389	0
2390	3
2391	2
2392	0
2393	2
2394	2
2395	2
2396	3
2397	1
2398	1
2399	3
2400	3
2401	0
2402	0
2403	3
2404	3
2405	1
2406	3
2407	3
2408	3
2409	2
2410	3
2411	3
2412	0
2413	2
2414	3
2415	3
2416	3
2417	3
2418	3
2419	3
2420	1
2421	1
2422	2
2423	2
2424	3
2425	1
2426	3
2427	1
2428	2
2429	1
2430	2
2431	0
2432	3
2433	2
2434	2
2435	2
2436	3
2437	0
2438	2
2439	2
2440	2
2441	2
2442	3
2443	3
2444	3
2445	2
2446	3
2447	3
2448	2
2449	3
2450	3
2451	1
2452	3
2453	0
2454	2
2455	3
2456	3
2457	3
2458	3
2459	0
2460	3
2461	3
2462	0
2463	3
2464	0
2465	0
2466	0
2467	1
2468	3
2469	3
2470	3
2471	1
2472	2
2473	1
2474	3
2475	3
2476	2
2477	1
2478	1
2479	3
2480	3
2481	2
2482	0
2483	3
2484	3
2485	2
2486	1
2487	1
2488	3
2489	3
2490	3
2491	3
2492	3
2493	1
2494	3
2495	2
2496	2
2497	3
2498	2
2499	1
2500	2
2501	3
2502	2
2503	3
2504	2
2505	0
2506	0
2507	2
2508	0
2509	0
2510	1
2511	2
2512	2
2513	2
2514	3
2515	0
2516	0
2517	2
2518	3
2519	0
2520	0
2521	3
2522	2
2523	0
2524	3
2525	3
2526	0
2527	2
2528	2
2529	0
2530	2
2531	3
2532	3
2533	0
2534	2
2535	3
2536	3
2537	3
2538	3
2539	3
2540	2
2541	0
2542	2
2543	1
2544	3
2545	2
2546	0
2547	2
2548	3
2549	1
2550	2
2551	0
2552	1
2553	2
2554	3
2555	2
2556	0
2557	2
2558	3
2559	0
2560	3
2561	0
2562	3
2563	2
2564	2
2565	2
2566	2
2567	2
2568	3
2569	3
2570	3
2571	3
2572	0
2573	0
2574	0
2575	0
2576	0
2577	2
2578	0
2579	0
2580	1
2581	3
2582	3
2583	0
2584	3
2585	0
2586	2
2587	2
2588	2
2589	3
2590	2
2591	0
2592	2
2593	3
2594	0
2595	3
2596	3
2597	0
2598	3
2599	3
2600	0
2601	2
2602	3
2603	3
2604	2
2605	2
2606	2
2607	1
2608	0
2609	2
2610	0
2611	1
2612	3
2613	0
2614	2
2615	3
2616	3
2617	1
2618	3
2619	2
2620	3
2621	2
2622	3
2623	2
2624	3
2625	2
2626	2
2627	3
2628	2
2629	2
2630	2
2631	3
2632	2
2633	2
2634	3
2635	3
2636	3
2637	0
2638	0
2639	2
2640	0
2641	2
2642	3
2643	3
2644	1
2645	0
2646	3
2647	2
2648	3
2649	2
2650	1
2651	0
2652	3
2653	3
2654	0
2655	1
2656	3
2657	2
2658	0
2659	3
2660	3
2661	0
2662	0
2663	3
2664	2
2665	2
2666	1
2667	2
2668	2
2669	2
2670	3
2671	3
2672	3
2673	3
2674	2
2675	3
2676	2
2677	0
2678	3
2679	3
2680	3
2681	0
2682	2
2683	2
2684	2
2685	1
2686	2
2687	3
2688	0
2689	3
2690	0
2691	1
2692	2
2693	0
2694	1
2695	0
2696	2
2697	3
2698	0
2699	0
2700	3
2701	1
2702	0
2703	2
2704	0
2705	0
2706	0
2707	3
2708	0
2709	3
2710	0
2711	2
2712	3
2713	0
2714	2
2715	2
2716	2
2717	2
2718	0
2719	1
2720	3
2721	1
2722	0
2723	0
2724	3
2725	2
2726	2
2727	0
2728	1
2729	0
2730	3
2731	2
2732	2
2733	2
2734	1
2735	3
2736	3
2737	3
2738	0
2739	3
2740	3
2741	1
2742	3
2743	2
2744	1
2745	3
2746	3
2747	1
2748	3
2749	2
2750	3
2751	3
2752	2
2753	2
2754	3
2755	0
2756	1
2757	2
2758	0
2759	0
2760	3
2761	3
2762	0
2763	3
2764	2
2765	0
2766	3
2767	1
2768	0
2769	2
2770	3
2771	3
2772	3
2773	0
2774	3
2775	1
2776	3
2777	3
2778	0
2779	2
2780	2
2781	2
2782	3
2783	0
2784	0
2785	3
2786	1
2787	3
2788	3
2789	3
2790	3
2791	3
2792	0
2793	3
2794	3
2795	3
2796	3
2797	3
2798	3
2799	3
2800	3
2801	3
2802	0
2803	3
2804	2
2805	0
2806	3
2807	2
2808	3
2809	2
2810	3
2811	0
2812	0
2813	2
2814	3
2815	2
2816	2
2817	0
2818	2
2819	0
2820	1
2821	2
2822	0
2823	0
2824	3
2825	3
2826	3
2827	0
2828	0
2829	0
2830	0
2831	2
2832	0
2833	0
2834	3
2835	3
2836	2
2837	3
2838	3
2839	2
2840	3
2841	2
2842	2
2843	2
2844	2
2845	3
2846	3
2847	2
2848	3
2849	1
2850	0
2851	0
2852	3
2853	3
2854	3
2855	2
2856	0
2857	2
2858	3
2859	0
2860	2
2861	3
2862	3
2863	0
2864	3
2865	0
2866	1
2867	0
2868	2
2869	2
2870	2
2871	3
2872	2
2873	2
2874	3
2875	2
2876	1
2877	3
2878	3
2879	0
2880	3
2881	2
2882	1
2883	0
2884	3
2885	2
2886	2
2887	1
2888	2
2889	3
2890	0
2891	3
2892	2
2893	0
2894	0
2895	0
2896	0
2897	2
2898	3
2899	3
2900	2
2901	0
2902	2
2903	2
2904	3
2905	3
2906	2
2907	3
2908	2
2909	3
2910	0
2911	2
2912	3
2913	2
2914	0
2915	0
2916	3
2917	2
2918	1
2919	3
2920	0
2921	1
2922	3
2923	2
2924	2
2925	2
2926	2
2927	3
2928	3
2929	2
2930	1
2931	0
2932	2
2933	0
2934	2
2935	1
2936	0
2937	2
2938	2
2939	2
2940	3
2941	2
2942	3
2943	0
2944	2
2945	2
2946	3
2947	1
2948	2
2949	2
2950	0
2951	0
2952	3
2953	2
2954	2
2955	0
2956	2
2957	0
2958	0
2959	0
2960	3
2961	0
2962	3
2963	3
2964	2
2965	2
2966	3
2967	2
2968	3
2969	3
2970	3
2971	0
2972	3
2973	3
2974	0
2975	2
2976	0
2977	1
2978	0
2979	0
2980	2
2981	3
2982	3
2983	3
2984	2
2985	3
2986	0
2987	2
2988	3
2989	2
2990	3
2991	2
2992	0
2993	2
2994	0
2995	0
2996	3
2997	0
2998	0
2999	2
3000	3
3001	2
3002	2
3003	3
3004	3
3005	2
3006	3
3007	3
3008	2
3009	3
3010	3
3011	1
3012	2
3013	3
3014	0
3015	2
3016	2
3017	3
3018	0
3019	1
3020	0
3021	0
3022	0
3023	0
3024	1
3025	3
3026	0
3027	3
3028	2
3029	1
3030	3
3031	2
3032	2
3033	3
3034	0
3035	3
3036	2
3037	3
3038	0
3039	0
3040	2
3041	0
3042	3
3043	0
3044	3
3045	0
3046	3
3047	2
3048	0
3049	2
3050	3
3051	2
3052	1
3053	2
3054	2
3055	2
3056	3
3057	2
3058	2
3059	3
3060	3
3061	2
3062	1
3063	2
3064	3
3065	2
3066	3
3067	1
3068	1
3069	0
3070	3
3071	0
3072	1
3073	0
3074	0
3075	3
3076	3
3077	3
3078	3
3079	3
3080	2
3081	3
3082	0
3083	3
3084	3
3085	0
3086	3
3087	3
3088	3
3089	3
3090	2
3091	0
3092	2
3093	2
3094	2
3095	3
3096	2
3097	0
3098	3
3099	2
3100	3
3101	1
3102	1
3103	2
3104	3
3105	2
3106	3
3107	0
3108	3
3109	2
3110	0
3111	3
3112	3
3113	3
3114	2
3115	1
3116	0
3117	0
3118	2
3119	3
3120	3
3121	3
3122	0
3123	1
3124	3
3125	2
3126	3
3127	0
3128	3
3129	0
3130	3
3131	2
3132	0
3133	3
3134	0
3135	0
3136	1
3137	0
3138	0
3139	2
3140	2
3141	3
3142	2
3143	0
3144	2
3145	3
3146	3
3147	1
3148	2
3149	2
3150	3
3151	3
3152	2
3153	3
3154	1
3155	2
3156	0
3157	0
3158	3
3159	3
3160	3
3161	2
3162	0
3163	2
3164	1
3165	2
3166	1
3167	2
3168	0
3169	1
3170	0
3171	2
3172	3
3173	2
3174	0
3175	1
3176	2
3177	0
3178	0
3179	0
3180	2
3181	0
3182	3
3183	2
3184	3
3185	2
3186	0
3187	2
3188	0
3189	1
3190	2
3191	3
3192	2
3193	3
3194	2
3195	1
3196	3
3197	2
3198	2
3199	3
3200	2
3201	2
3202	3
3203	2
3204	2
3205	3
3206	2
3207	0
3208	2
3209	2
3210	0
3211	2
3212	2
3213	0
3214	3
3215	3
3216	3
3217	2
3218	3
3219	0
3220	3
3221	1
3222	2
3223	3
3224	3
3225	0
3226	3
3227	2
3228	2
3229	3
3230	3
3231	3
3232	3
3233	3
3234	0
3235	3
3236	3
3237	2
3238	0
3239	0
3240	3
3241	0
3242	3
3243	0
3244	0
3245	0
3246	2
3247	0
3248	3
3249	3
3250	1
3251	3
3252	3
3253	2
3254	3
3255	0
3256	3
3257	0
3258	2
3259	2
3260	3
3261	0
3262	3
3263	2
3264	1
3265	0
3266	1
3267	2
3268	2
3269	2
3270	2
3271	1
3272	3
3273	3
3274	1
3275	2
3276	2
3277	0
3278	2
3279	3
3280	2
3281	3
3282	2
3283	0
3284	3
3285	0
3286	3
3287	3
3288	1
3289	0
3290	2
3291	2
3292	1
3293	0
3294	2
3295	0
3296	0
3297	3
3298	0
3299	2
3300	3
3301	3
3302	0
3303	0
3304	3
3305	0
3306	2
3307	3
3308	0
3309	1
3310	2
3311	0
3312	3
3313	3
3314	0
3315	3
3316	3
3317	1
3318	2
3319	0
3320	0
3321	3
3322	3
3323	3
3324	3
3325	3
3326	2
3327	0
3328	1
3329	0
3330	0
3331	2
3332	2
3333	2
3334	2
3335	0
3336	2
3337	3
3338	0
3339	2
3340	2
3341	0
3342	3
3343	3
3344	2
3345	2
3346	3
3347	2
3348	3
3349	2
3350	2
3351	2
3352	2
3353	1
3354	2
3355	1
3356	2
3357	2
3358	3
3359	3
3360	0
3361	3
3362	0
3363	3
3364	3
3365	0
3366	3
3367	0
3368	2
3369	2
3370	2
3371	3
3372	2
3373	3
3374	1
3375	3
3376	3
3377	1
3378	2
3379	3
3380	0
3381	0
3382	2
3383	1
3384	0
3385	1
3386	3
3387	3
3388	0
3389	2
3390	3
3391	3
3392	3
3393	2
3394	0
3395	1
3396	2
3397	3
3398	2
3399	0
3400	2
3401	3
3402	3
3403	2
3404	1
3405	1
3406	3
3407	3
3408	2
3409	2
3410	2
3411	0
3412	2
3413	2
3414	2
3415	3
3416	2
3417	1
3418	2
3419	0
3420	2
3421	3
3422	1
3423	2
3424	0
3425	0
3426	2
3427	3
3428	3
3429	2
3430	0
3431	3
3432	2
3433	2
3434	3
3435	3
3436	0
3437	0
3438	2
3439	2
3440	2
3441	0
3442	0
3443	1
3444	3
3445	0
3446	0
3447	0
3448	3
3449	2
3450	0
3451	0
3452	1
3453	3
3454	3
3455	2
3456	3
3457	0
3458	0
3459	2
3460	3
3461	3
3462	2
3463	0
3464	2
3465	3
3466	3
3467	3
3468	2
3469	0
3470	0
3471	2
3472	2
3473	3
3474	2
3475	1
3476	3
3477	0
3478	2
3479	2
3480	2
3481	2
3482	3
3483	1
3484	2
3485	3
3486	1
3487	2
3488	0
3489	3
3490	3
3491	0
3492	3
3493	3
3494	2
3495	0
3496	2
3497	0
3498	3
3499	3
3500	2
3501	2
3502	2
3503	3
3504	3
3505	3
3506	2
3507	3
3508	3
3509	2
3510	3
3511	1
3512	0
3513	2
3514	1
3515	3
3516	0
3517	2
3518	3
3519	0
3520	2
3521	0
3522	0
3523	3
3524	2
3525	0
3526	2
3527	3
3528	2
3529	3
3530	3
3531	2
3532	3
3533	2
3534	3
3535	2
3536	2
3537	0
3538	3
3539	0
3540	3
3541	2
3542	2
3543	3
3544	2
3545	2
3546	3
3547	1
3548	2
3549	3
3550	0
3551	3
3552	0
3553	2
3554	0
3555	2
3556	2
3557	1
3558	3
3559	3
3560	3
3561	1
3562	0
3563	3
3564	1
3565	0
3566	3
3567	0
3568	3
3569	3
3570	3
3571	3
3572	3
3573	3
3574	3
3575	1
3576	1
3577	3
3578	2
3579	3
3580	0
3581	2
3582	3
3583	2
3584	2
3585	0
3586	3
3587	3
3588	2
3589	2
3590	0
3591	3
3592	1
3593	3
3594	3
3595	3
3596	2
3597	0
3598	3
3599	3
3600	2
3601	0
3602	2
3603	0
3604	0
3605	2
3606	3
3607	2
3608	1
3609	3
3610	2
3611	3
3612	3
3613	2
3614	0
3615	1
3616	2
3617	3
3618	0
3619	3
3620	2
3621	3
3622	3
3623	1
3624	0
3625	0
3626	2
3627	0
3628	3
3629	0
3630	3
3631	2
3632	3
3633	2
3634	0
3635	0
3636	0
3637	3
3638	3
3639	0
3640	2
3641	0
3642	0
3643	3
3644	3
3645	3
3646	2
3647	0
3648	2
3649	0
3650	2
3651	2
3652	3
3653	0
3654	3
3655	0
3656	2
3657	3
3658	0
3659	2
3660	2
3661	0
3662	3
3663	3
3664	1
3665	2
3666	3
3667	0
3668	2
3669	0
3670	2
3671	1
3672	3
3673	0
3674	3
3675	3
3676	3
3677	2
3678	0
3679	3
3680	2
3681	3
3682	0
3683	3
3684	3
3685	3
3686	3
3687	3
3688	2
3689	2
3690	3
3691	0
3692	0
3693	0
3694	3
3695	0
3696	3
3697	2
3698	3
3699	3
3700	3
3701	3
3702	3
3703	3
3704	3
3705	3
3706	3
3707	0
3708	3
3709	2
3710	3
3711	0
3712	2
3713	0
3714	0
3715	3
3716	2
3717	0
3718	3
3719	3
3720	3
3721	3
3722	0
3723	3
3724	3
3725	0
3726	3
3727	3
3728	3
3729	2
3730	1
3731	1
3732	3
3733	0
3734	3
3735	1
3736	2
3737	0
3738	3
3739	0
3740	3
3741	3
3742	1
3743	3
3744	2
3745	3
3746	3
3747	2
3748	2
3749	2
3750	3
3751	3
3752	2
3753	2
3754	3
3755	3
3756	2
3757	1
3758	2
3759	3
3760	3
3761	2
3762	0
3763	2
3764	0
3765	3
3766	3
3767	3
3768	3
3769	3
3770	2
3771	1
3772	1
3773	2
3774	3
3775	0
3776	2
3777	2
3778	0
3779	3
3780	2
3781	2
3782	1
3783	3
3784	2
3785	3
3786	3
3787	2
3788	2
3789	0
3790	3
3791	0
3792	2
3793	2
3794	2
3795	0
3796	2
3797	1
3798	2
3799	3
3800	3
3801	0
3802	3
3803	0
3804	2
3805	2
3806	3
3807	1
3808	0
3809	3
3810	3
3811	3
3812	3
3813	0
3814	3
3815	3
3816	2
3817	0
3818	3
3819	3
3820	2
3821	3
3822	3
3823	0
3824	2
3825	2
3826	0
3827	2
3828	2
3829	1
3830	3
3831	0
3832	3
3833	3
3834	3
3835	0
3836	3
3837	3
3838	3
3839	3
3840	2
3841	0
3842	0
3843	2
3844	2
3845	0
3846	0
3847	0
3848	0
3849	3
3850	3
3851	2
3852	3
3853	3
3854	3
3855	3
3856	2
3857	3
3858	3
3859	0
3860	2
3861	0
3862	2
3863	3
3864	3
3865	3
3866	0
3867	1
3868	2
3869	2
3870	3
3871	3
3872	0
3873	3
3874	0
3875	3
3876	3
3877	2
3878	0
3879	1
3880	3
3881	2
3882	0
3883	0
3884	2
3885	2
3886	3
3887	2
3888	3
3889	3
3890	0
3891	1
3892	2
3893	2
3894	2
3895	1
3896	0
3897	2
3898	0
3899	2
3900	0
3901	3
3902	3
3903	2
3904	3
3905	0
3906	0
3907	2
3908	2
3909	2
3910	3
3911	0
3912	0
3913	2
3914	2
3915	2
3916	3
3917	1
3918	3
3919	0
3920	3
3921	0
3922	3
3923	0
3924	2
3925	2
3926	2
3927	3
3928	2
3929	3
3930	0
3931	2
3932	2
3933	2
3934	2
3935	0
3936	2
3937	1
3938	0
3939	2
3940	2
3941	3
3942	0
3943	0
3944	3
3945	0
3946	2
3947	3
3948	0
3949	1
3950	2
3951	1
3952	3
3953	0
3954	0
3955	3
3956	3
3957	3
3958	2
3959	2
3960	3
3961	3
3962	2
3963	2
3964	0
3965	2
3966	3
3967	0
3968	2
3969	0
3970	0
3971	2
3972	2
3973	0
3974	2
3975	2
3976	2
3977	3
3978	0
3979	1
3980	3
3981	0
3982	2
3983	3
3984	3
3985	2
3986	3
3987	1
3988	3
3989	3
3990	2
3991	3
3992	2
3993	2
3994	2
3995	2
3996	0
3997	2
3998	3
3999	2
4000	3
4001	3
4002	0
4003	3
4004	3
4005	3
4006	2
4007	2
4008	2
4009	2
4010	3
4011	3
4012	3
4013	2
4014	0
4015	2
4016	3
4017	3
4018	0
4019	3
4020	0
4021	3
4022	2
4023	0
4024	3
4025	3
4026	3
4027	1
4028	0
4029	1
4030	3
4031	0
4032	2
4033	0
4034	0
4035	0
4036	3
4037	0
4038	0
4039	0
4040	2
4041	3
4042	1
4043	2
4044	2
4045	2
4046	3
4047	3
4048	2
4049	0
4050	2
4051	0
4052	3
4053	0
4054	2
4055	0
4056	2
4057	1
4058	0
4059	1
4060	2
4061	2
4062	2
4063	1
4064	2
4065	1
4066	0
4067	3
4068	2
4069	3
4070	3
4071	3
4072	3
4073	2
4074	3
4075	0
4076	3
4077	2
4078	2
4079	3
4080	3
4081	0
4082	2
4083	3
4084	3
4085	3
4086	2
4087	0
4088	3
4089	3
4090	0
4091	1
4092	0
4093	2
4094	3
4095	1
