COMMAND
./sim gshare 12 10 ./proj2-traces/perl_trace.txt
OUTPUT
number of predictions:2000000
number of mispredictions:134202
misprediction rate:   6.71%
FINAL GSHARE CONTENTS
0	3
1	3
2	3
3	3
4	2
5	3
6	0
7	1
8	3
9	3
10	3
11	3
12	3
13	2
14	1
15	3
16	2
17	3
18	3
19	0
20	3
21	3
22	2
23	0
24	3
25	3
26	3
27	3
28	3
29	1
30	3
31	3
32	0
33	1
34	3
35	2
36	3
37	3
38	3
39	1
40	3
41	3
42	2
43	2
44	2
45	0
46	3
47	0
48	1
49	3
50	3
51	0
52	2
53	3
54	0
55	0
56	2
57	1
58	2
59	3
60	2
61	2
62	3
63	3
64	3
65	3
66	3
67	3
68	2
69	2
70	3
71	3
72	3
73	2
74	2
75	3
76	3
77	2
78	3
79	0
80	2
81	0
82	0
83	3
84	2
85	3
86	3
87	3
88	3
89	3
90	3
91	3
92	3
93	3
94	0
95	3
96	0
97	0
98	0
99	0
100	0
101	3
102	3
103	0
104	3
105	0
106	3
107	0
108	3
109	2
110	1
111	1
112	2
113	3
114	0
115	3
116	0
117	3
118	0
119	3
120	3
121	0
122	1
123	3
124	2
125	2
126	3
127	0
128	0
129	3
130	0
131	0
132	1
133	3
134	3
135	0
136	0
137	3
138	0
139	2
140	2
141	3
142	3
143	0
144	2
145	2
146	2
147	3
148	3
149	3
150	0
151	3
152	0
153	0
154	3
155	3
156	0
157	1
158	0
159	0
160	3
161	2
162	1
163	3
164	3
165	0
166	3
167	0
168	2
169	0
170	0
171	3
172	2
173	0
174	0
175	1
176	3
177	3
178	2
179	1
180	3
181	3
182	1
183	0
184	0
185	3
186	0
187	3
188	0
189	2
190	3
191	0
192	0
193	3
194	0
195	3
196	2
197	2
198	2
199	0
200	1
201	3
202	3
203	0
204	0
205	2
206	0
207	3
208	2
209	2
210	3
211	1
212	2
213	3
214	3
215	2
216	3
217	3
218	3
219	0
220	0
221	3
222	3
223	3
224	0
225	3
226	3
227	0
228	3
229	3
230	2
231	0
232	1
233	3
234	3
235	0
236	3
237	2
238	2
239	1
240	3
241	2
242	1
243	0
244	3
245	3
246	2
247	0
248	2
249	3
250	0
251	0
252	3
253	3
254	1
255	0
256	2
257	2
258	3
259	1
260	3
261	3
262	2
263	3
264	3
265	3
266	3
267	0
268	1
269	3
270	3
271	0
272	0
273	3
274	3
275	0
276	2
277	3
278	3
279	3
280	2
281	3
282	3
283	1
284	3
285	0
286	3
287	0
288	3
289	0
290	0
291	1
292	3
293	3
294	0
295	0
296	3
297	0
298	2
299	0
300	3
301	3
302	1
303	0
304	3
305	3
306	2
307	3
308	3
309	3
310	3
311	0
312	3
313	0
314	1
315	0
316	2
317	0
318	3
319	2
320	3
321	0
322	3
323	3
324	3
325	1
326	3
327	3
328	0
329	3
330	3
331	0
332	3
333	0
334	3
335	3
336	3
337	3
338	3
339	2
340	3
341	0
342	3
343	0
344	2
345	0
346	0
347	3
348	0
349	3
350	1
351	3
352	3
353	2
354	3
355	2
356	1
357	1
358	3
359	0
360	0
361	2
362	2
363	3
364	3
365	2
366	1
367	2
368	3
369	1
370	3
371	0
372	3
373	0
374	3
375	3
376	3
377	3
378	3
379	1
380	3
381	0
382	0
383	3
384	3
385	1
386	3
387	0
388	3
389	0
390	2
391	3
392	0
393	2
394	3
395	0
396	2
397	0
398	0
399	0
400	2
401	1
402	3
403	0
404	3
405	2
406	3
407	0
408	3
409	0
410	0
411	3
412	3
413	0
414	2
415	0
416	3
417	3
418	2
419	0
420	2
421	3
422	1
423	2
424	2
425	3
426	3
427	1
428	3
429	2
430	3
431	3
432	2
433	3
434	3
435	0
436	3
437	0
438	0
439	0
440	2
441	2
442	2
443	1
444	2
445	2
446	2
447	3
448	3
449	1
450	3
451	0
452	1
453	1
454	0
455	3
456	1
457	3
458	0
459	0
460	3
461	3
462	0
463	0
464	3
465	3
466	2
467	0
468	3
469	0
470	3
471	1
472	3
473	3
474	2
475	0
476	0
477	0
478	2
479	3
480	1
481	3
482	2
483	3
484	1
485	3
486	3
487	1
488	3
489	3
490	3
491	3
492	3
493	3
494	3
495	2
496	3
497	2
498	0
499	0
500	3
501	2
502	3
503	0
504	0
505	0
506	0
507	3
508	3
509	3
510	3
511	3
512	1
513	0
514	3
515	3
516	0
517	0
518	2
519	3
520	3
521	0
522	2
523	3
524	3
525	0
526	2
527	3
528	3
529	0
530	0
531	0
532	0
533	0
534	3
535	1
536	3
537	0
538	1
539	3
540	0
541	0
542	0
543	3
544	0
545	0
546	0
547	1
548	3
549	0
550	3
551	0
552	3
553	0
554	3
555	3
556	3
557	0
558	3
559	3
560	3
561	0
562	1
563	0
564	0
565	0
566	1
567	3
568	3
569	0
570	2
571	3
572	3
573	0
574	2
575	3
576	3
577	3
578	3
579	0
580	2
581	3
582	0
583	1
584	0
585	1
586	2
587	0
588	0
589	0
590	0
591	0
592	2
593	0
594	0
595	3
596	3
597	1
598	3
599	1
600	3
601	0
602	1
603	1
604	3
605	1
606	3
607	0
608	2
609	0
610	2
611	0
612	3
613	0
614	2
615	0
616	3
617	0
618	1
619	0
620	2
621	0
622	2
623	0
624	3
625	3
626	2
627	3
628	3
629	0
630	2
631	3
632	3
633	0
634	1
635	1
636	0
637	0
638	3
639	2
640	3
641	2
642	0
643	0
644	2
645	0
646	3
647	3
648	1
649	3
650	0
651	3
652	3
653	1
654	0
655	3
656	3
657	0
658	2
659	3
660	3
661	3
662	1
663	3
664	3
665	3
666	0
667	3
668	2
669	3
670	0
671	3
672	0
673	0
674	0
675	3
676	0
677	0
678	3
679	0
680	3
681	1
682	3
683	3
684	0
685	3
686	3
687	3
688	2
689	0
690	3
691	0
692	3
693	3
694	0
695	3
696	0
697	0
698	2
699	0
700	2
701	2
702	0
703	2
704	0
705	3
706	3
707	0
708	3
709	1
710	2
711	0
712	0
713	1
714	2
715	3
716	2
717	3
718	2
719	1
720	3
721	0
722	0
723	0
724	3
725	1
726	0
727	0
728	3
729	0
730	0
731	3
732	0
733	0
734	3
735	3
736	3
737	0
738	3
739	0
740	1
741	0
742	2
743	3
744	0
745	0
746	0
747	0
748	3
749	0
750	3
751	1
752	2
753	2
754	0
755	0
756	3
757	3
758	3
759	3
760	3
761	3
762	0
763	3
764	0
765	0
766	2
767	0
768	3
769	2
770	3
771	0
772	3
773	2
774	2
775	0
776	3
777	2
778	3
779	3
780	0
781	2
782	3
783	2
784	1
785	3
786	2
787	0
788	3
789	3
790	3
791	3
792	0
793	0
794	0
795	0
796	3
797	0
798	2
799	0
800	3
801	2
802	3
803	0
804	2
805	3
806	3
807	0
808	3
809	0
810	0
811	0
812	3
813	1
814	0
815	0
816	2
817	3
818	0
819	3
820	1
821	0
822	0
823	0
824	0
825	2
826	0
827	2
828	3
829	0
830	0
831	2
832	3
833	2
834	2
835	0
836	0
837	0
838	3
839	3
840	3
841	0
842	0
843	2
844	3
845	0
846	3
847	0
848	2
849	0
850	2
851	2
852	1
853	0
854	0
855	0
856	0
857	3
858	0
859	0
860	3
861	0
862	3
863	0
864	2
865	0
866	2
867	3
868	0
869	0
870	0
871	0
872	2
873	3
874	3
875	2
876	3
877	1
878	0
879	0
880	0
881	3
882	0
883	1
884	0
885	3
886	2
887	0
888	0
889	3
890	1
891	0
892	2
893	3
894	2
895	3
896	0
897	0
898	0
899	0
900	2
901	3
902	0
903	2
904	2
905	3
906	2
907	1
908	2
909	3
910	3
911	0
912	1
913	0
914	2
915	0
916	2
917	3
918	3
919	0
920	3
921	0
922	3
923	3
924	2
925	0
926	1
927	0
928	2
929	3
930	3
931	1
932	0
933	0
934	2
935	3
936	3
937	0
938	3
939	0
940	0
941	3
942	2
943	1
944	3
945	2
946	3
947	3
948	1
949	2
950	2
951	2
952	3
953	2
954	2
955	3
956	3
957	1
958	2
959	3
960	1
961	3
962	3
963	0
964	3
965	3
966	3
967	2
968	3
969	0
970	0
971	3
972	2
973	0
974	3
975	1
976	3
977	2
978	3
979	0
980	0
981	3
982	1
983	0
984	0
985	2
986	2
987	0
988	1
989	2
990	3
991	2
992	0
993	3
994	0
995	1
996	2
997	3
998	0
999	1
1000	2
1001	2
1002	3
1003	3
1004	0
1005	3
1006	1
1007	3
1008	1
1009	3
1010	3
1011	3
1012	1
1013	3
1014	3
1015	0
1016	1
1017	3
1018	0
1019	1
1020	3
1021	3
1022	2
1023	0
1024	0
1025	3
1026	3
1027	3
1028	2
1029	1
1030	1
1031	1
1032	3
1033	2
1034	3
1035	3
1036	3
1037	0
1038	3
1039	0
1040	3
1041	0
1042	3
1043	1
1044	3
1045	3
1046	3
1047	3
1048	3
1049	2
1050	1
1051	3
1052	3
1053	3
1054	3
1055	0
1056	3
1057	3
1058	3
1059	2
1060	2
1061	3
1062	2
1063	3
1064	3
1065	0
1066	3
1067	3
1068	3
1069	0
1070	3
1071	0
1072	0
1073	2
1074	3
1075	0
1076	0
1077	2
1078	3
1079	1
1080	1
1081	3
1082	3
1083	3
1084	3
1085	1
1086	2
1087	3
1088	0
1089	2
1090	2
1091	0
1092	0
1093	1
1094	2
1095	3
1096	0
1097	3
1098	0
1099	3
1100	0
1101	1
1102	0
1103	0
1104	3
1105	3
1106	3
1107	2
1108	2
1109	3
1110	3
1111	2
1112	3
1113	1
1114	3
1115	0
1116	3
1117	0
1118	3
1119	1
1120	3
1121	0
1122	3
1123	3
1124	3
1125	0
1126	2
1127	0
1128	3
1129	2
1130	1
1131	3
1132	3
1133	0
1134	1
1135	1
1136	3
1137	3
1138	3
1139	0
1140	3
1141	3
1142	3
1143	3
1144	3
1145	0
1146	0
1147	3
1148	3
1149	3
1150	0
1151	3
1152	0
1153	2
1154	3
1155	0
1156	2
1157	3
1158	3
1159	0
1160	3
1161	2
1162	3
1163	3
1164	1
1165	3
1166	0
1167	1
1168	0
1169	3
1170	1
1171	3
1172	3
1173	1
1174	0
1175	1
1176	0
1177	0
1178	3
1179	0
1180	0
1181	0
1182	2
1183	0
1184	3
1185	3
1186	0
1187	0
1188	0
1189	0
1190	3
1191	0
1192	3
1193	0
1194	3
1195	0
1196	1
1197	3
1198	3
1199	0
1200	0
1201	0
1202	3
1203	3
1204	0
1205	1
1206	3
1207	0
1208	0
1209	0
1210	0
1211	3
1212	3
1213	0
1214	0
1215	0
1216	2
1217	0
1218	2
1219	0
1220	3
1221	0
1222	0
1223	0
1224	2
1225	2
1226	3
1227	0
1228	3
1229	0
1230	2
1231	0
1232	0
1233	3
1234	3
1235	0
1236	0
1237	1
1238	1
1239	2
1240	2
1241	0
1242	2
1243	3
1244	3
1245	0
1246	0
1247	3
1248	3
1249	3
1250	0
1251	3
1252	3
1253	0
1254	3
1255	3
1256	0
1257	0
1258	1
1259	0
1260	3
1261	1
1262	0
1263	0
1264	1
1265	3
1266	2
1267	3
1268	3
1269	2
1270	3
1271	3
1272	0
1273	0
1274	3
1275	2
1276	1
1277	0
1278	2
1279	3
1280	3
1281	0
1282	0
1283	0
1284	1
1285	3
1286	1
1287	2
1288	2
1289	2
1290	3
1291	3
1292	2
1293	3
1294	0
1295	0
1296	3
1297	0
1298	0
1299	2
1300	2
1301	0
1302	0
1303	0
1304	3
1305	1
1306	0
1307	3
1308	3
1309	2
1310	0
1311	2
1312	1
1313	3
1314	0
1315	3
1316	2
1317	3
1318	0
1319	3
1320	0
1321	3
1322	3
1323	0
1324	2
1325	3
1326	1
1327	0
1328	0
1329	0
1330	2
1331	0
1332	0
1333	2
1334	3
1335	0
1336	0
1337	3
1338	0
1339	1
1340	3
1341	3
1342	0
1343	3
1344	3
1345	1
1346	1
1347	3
1348	0
1349	3
1350	2
1351	0
1352	0
1353	1
1354	2
1355	0
1356	1
1357	3
1358	3
1359	3
1360	3
1361	3
1362	1
1363	2
1364	3
1365	3
1366	3
1367	0
1368	0
1369	2
1370	2
1371	3
1372	1
1373	3
1374	3
1375	0
1376	2
1377	1
1378	3
1379	1
1380	3
1381	3
1382	0
1383	0
1384	3
1385	3
1386	2
1387	3
1388	1
1389	2
1390	1
1391	0
1392	1
1393	0
1394	0
1395	2
1396	0
1397	3
1398	0
1399	3
1400	2
1401	3
1402	2
1403	0
1404	1
1405	3
1406	3
1407	3
1408	3
1409	1
1410	2
1411	3
1412	2
1413	1
1414	3
1415	3
1416	2
1417	0
1418	0
1419	0
1420	2
1421	0
1422	3
1423	2
1424	2
1425	3
1426	0
1427	3
1428	3
1429	1
1430	2
1431	2
1432	3
1433	3
1434	0
1435	2
1436	3
1437	3
1438	3
1439	2
1440	0
1441	3
1442	3
1443	0
1444	0
1445	3
1446	3
1447	0
1448	3
1449	3
1450	1
1451	0
1452	2
1453	3
1454	3
1455	0
1456	3
1457	0
1458	3
1459	0
1460	3
1461	0
1462	3
1463	2
1464	3
1465	3
1466	1
1467	3
1468	3
1469	3
1470	2
1471	3
1472	2
1473	3
1474	0
1475	0
1476	3
1477	2
1478	3
1479	0
1480	1
1481	2
1482	3
1483	3
1484	2
1485	3
1486	3
1487	3
1488	2
1489	3
1490	1
1491	0
1492	3
1493	0
1494	3
1495	3
1496	1
1497	1
1498	0
1499	0
1500	3
1501	2
1502	1
1503	3
1504	0
1505	3
1506	3
1507	2
1508	0
1509	3
1510	2
1511	1
1512	3
1513	3
1514	3
1515	0
1516	1
1517	3
1518	1
1519	2
1520	1
1521	2
1522	3
1523	3
1524	1
1525	2
1526	3
1527	2
1528	2
1529	3
1530	3
1531	3
1532	0
1533	3
1534	3
1535	3
1536	3
1537	3
1538	3
1539	0
1540	3
1541	3
1542	3
1543	2
1544	3
1545	3
1546	3
1547	0
1548	3
1549	0
1550	1
1551	1
1552	2
1553	3
1554	0
1555	0
1556	3
1557	0
1558	2
1559	0
1560	3
1561	3
1562	3
1563	0
1564	3
1565	3
1566	2
1567	0
1568	3
1569	0
1570	0
1571	3
1572	0
1573	0
1574	1
1575	0
1576	3
1577	0
1578	3
1579	0
1580	3
1581	3
1582	1
1583	2
1584	0
1585	3
1586	2
1587	1
1588	3
1589	0
1590	3
1591	3
1592	3
1593	0
1594	3
1595	2
1596	3
1597	3
1598	3
1599	0
1600	2
1601	0
1602	3
1603	3
1604	2
1605	2
1606	3
1607	0
1608	3
1609	3
1610	0
1611	3
1612	3
1613	3
1614	1
1615	3
1616	2
1617	2
1618	3
1619	3
1620	3
1621	1
1622	1
1623	2
1624	1
1625	2
1626	0
1627	3
1628	3
1629	3
1630	3
1631	3
1632	0
1633	2
1634	0
1635	0
1636	3
1637	3
1638	1
1639	2
1640	0
1641	3
1642	0
1643	3
1644	0
1645	3
1646	2
1647	3
1648	3
1649	0
1650	2
1651	3
1652	3
1653	0
1654	2
1655	0
1656	0
1657	1
1658	0
1659	1
1660	1
1661	2
1662	0
1663	3
1664	0
1665	3
1666	3
1667	3
1668	0
1669	2
1670	3
1671	3
1672	0
1673	1
1674	0
1675	0
1676	0
1677	3
1678	0
1679	1
1680	2
1681	3
1682	1
1683	3
1684	3
1685	0
1686	1
1687	2
1688	3
1689	3
1690	0
1691	3
1692	3
1693	2
1694	3
1695	3
1696	3
1697	0
1698	0
1699	3
1700	3
1701	0
1702	1
1703	0
1704	3
1705	0
1706	2
1707	3
1708	0
1709	3
1710	2
1711	1
1712	3
1713	1
1714	3
1715	2
1716	3
1717	3
1718	3
1719	3
1720	3
1721	0
1722	3
1723	0
1724	3
1725	1
1726	3
1727	0
1728	3
1729	3
1730	1
1731	0
1732	2
1733	3
1734	3
1735	0
1736	3
1737	3
1738	1
1739	0
1740	3
1741	1
1742	0
1743	0
1744	3
1745	3
1746	3
1747	0
1748	3
1749	3
1750	1
1751	0
1752	3
1753	3
1754	3
1755	3
1756	0
1757	3
1758	3
1759	1
1760	3
1761	3
1762	2
1763	3
1764	2
1765	3
1766	3
1767	3
1768	0
1769	3
1770	2
1771	0
1772	3
1773	1
1774	3
1775	0
1776	2
1777	0
1778	3
1779	3
1780	3
1781	3
1782	3
1783	3
1784	3
1785	3
1786	2
1787	2
1788	3
1789	3
1790	0
1791	0
1792	3
1793	0
1794	3
1795	3
1796	0
1797	3
1798	3
1799	2
1800	1
1801	0
1802	2
1803	0
1804	3
1805	3
1806	3
1807	0
1808	0
1809	3
1810	0
1811	1
1812	1
1813	3
1814	3
1815	3
1816	0
1817	2
1818	0
1819	0
1820	0
1821	0
1822	3
1823	1
1824	3
1825	3
1826	0
1827	0
1828	2
1829	0
1830	3
1831	3
1832	2
1833	2
1834	3
1835	2
1836	3
1837	1
1838	0
1839	0
1840	3
1841	0
1842	3
1843	0
1844	3
1845	3
1846	3
1847	3
1848	0
1849	3
1850	2
1851	2
1852	3
1853	3
1854	2
1855	3
1856	3
1857	1
1858	0
1859	3
1860	0
1861	3
1862	3
1863	3
1864	3
1865	0
1866	3
1867	3
1868	0
1869	3
1870	2
1871	3
1872	3
1873	1
1874	0
1875	3
1876	3
1877	3
1878	0
1879	3
1880	0
1881	0
1882	3
1883	0
1884	0
1885	3
1886	3
1887	3
1888	3
1889	2
1890	3
1891	0
1892	3
1893	3
1894	3
1895	0
1896	3
1897	3
1898	3
1899	3
1900	3
1901	3
1902	0
1903	3
1904	3
1905	1
1906	2
1907	3
1908	3
1909	3
1910	0
1911	3
1912	3
1913	0
1914	1
1915	3
1916	3
1917	3
1918	3
1919	0
1920	3
1921	3
1922	3
1923	3
1924	2
1925	2
1926	1
1927	3
1928	3
1929	2
1930	3
1931	0
1932	2
1933	3
1934	3
1935	3
1936	3
1937	1
1938	3
1939	3
1940	3
1941	0
1942	2
1943	0
1944	3
1945	3
1946	3
1947	1
1948	3
1949	3
1950	2
1951	2
1952	3
1953	3
1954	3
1955	0
1956	2
1957	0
1958	0
1959	3
1960	3
1961	2
1962	2
1963	0
1964	3
1965	3
1966	0
1967	3
1968	2
1969	2
1970	2
1971	1
1972	2
1973	1
1974	2
1975	0
1976	3
1977	3
1978	3
1979	0
1980	0
1981	3
1982	1
1983	2
1984	0
1985	1
1986	3
1987	0
1988	0
1989	3
1990	3
1991	0
1992	0
1993	2
1994	0
1995	0
1996	1
1997	2
1998	0
1999	2
2000	0
2001	2
2002	2
2003	0
2004	0
2005	3
2006	3
2007	0
2008	0
2009	0
2010	2
2011	0
2012	2
2013	0
2014	2
2015	3
2016	1
2017	0
2018	3
2019	2
2020	1
2021	0
2022	3
2023	0
2024	3
2025	0
2026	3
2027	2
2028	0
2029	0
2030	3
2031	0
2032	3
2033	0
2034	1
2035	3
2036	1
2037	0
2038	3
2039	0
2040	3
2041	0
2042	3
2043	3
2044	3
2045	0
2046	1
2047	0
2048	3
2049	0
2050	3
2051	0
2052	3
2053	0
2054	0
2055	3
2056	3
2057	3
2058	3
2059	0
2060	2
2061	0
2062	3
2063	1
2064	0
2065	0
2066	0
2067	3
2068	3
2069	1
2070	3
2071	3
2072	3
2073	3
2074	0
2075	3
2076	2
2077	2
2078	0
2079	3
2080	2
2081	3
2082	1
2083	0
2084	3
2085	2
2086	0
2087	1
2088	3
2089	3
2090	3
2091	2
2092	3
2093	0
2094	3
2095	3
2096	0
2097	0
2098	1
2099	1
2100	0
2101	0
2102	0
2103	3
2104	0
2105	1
2106	0
2107	0
2108	1
2109	0
2110	0
2111	0
2112	0
2113	0
2114	2
2115	2
2116	2
2117	0
2118	3
2119	0
2120	0
2121	0
2122	0
2123	2
2124	3
2125	0
2126	0
2127	0
2128	3
2129	3
2130	2
2131	1
2132	2
2133	3
2134	0
2135	1
2136	3
2137	0
2138	0
2139	1
2140	3
2141	0
2142	2
2143	2
2144	3
2145	0
2146	0
2147	3
2148	3
2149	0
2150	0
2151	3
2152	0
2153	0
2154	3
2155	3
2156	3
2157	0
2158	3
2159	3
2160	3
2161	0
2162	3
2163	2
2164	3
2165	1
2166	3
2167	1
2168	3
2169	0
2170	3
2171	1
2172	0
2173	0
2174	3
2175	3
2176	3
2177	0
2178	3
2179	2
2180	3
2181	2
2182	3
2183	0
2184	3
2185	0
2186	3
2187	3
2188	3
2189	3
2190	3
2191	2
2192	3
2193	0
2194	3
2195	1
2196	2
2197	0
2198	0
2199	0
2200	3
2201	0
2202	3
2203	0
2204	3
2205	1
2206	2
2207	0
2208	3
2209	0
2210	2
2211	1
2212	3
2213	0
2214	3
2215	0
2216	3
2217	2
2218	2
2219	1
2220	3
2221	3
2222	3
2223	3
2224	3
2225	0
2226	3
2227	2
2228	3
2229	3
2230	2
2231	2
2232	3
2233	0
2234	0
2235	2
2236	3
2237	0
2238	3
2239	3
2240	3
2241	0
2242	0
2243	1
2244	3
2245	1
2246	3
2247	3
2248	3
2249	0
2250	0
2251	0
2252	3
2253	1
2254	3
2255	3
2256	3
2257	3
2258	3
2259	3
2260	1
2261	2
2262	2
2263	3
2264	3
2265	1
2266	3
2267	3
2268	3
2269	3
2270	0
2271	3
2272	0
2273	3
2274	3
2275	3
2276	2
2277	3
2278	1
2279	1
2280	3
2281	3
2282	0
2283	1
2284	3
2285	3
2286	3
2287	2
2288	3
2289	3
2290	0
2291	2
2292	2
2293	1
2294	0
2295	3
2296	3
2297	1
2298	0
2299	3
2300	2
2301	1
2302	3
2303	2
2304	1
2305	3
2306	3
2307	0
2308	3
2309	3
2310	3
2311	3
2312	3
2313	0
2314	3
2315	2
2316	3
2317	0
2318	3
2319	0
2320	3
2321	2
2322	3
2323	0
2324	3
2325	0
2326	3
2327	0
2328	3
2329	3
2330	3
2331	0
2332	3
2333	3
2334	3
2335	2
2336	3
2337	3
2338	3
2339	0
2340	3
2341	0
2342	3
2343	3
2344	3
2345	1
2346	3
2347	0
2348	3
2349	3
2350	0
2351	0
2352	3
2353	0
2354	3
2355	3
2356	0
2357	0
2358	3
2359	0
2360	3
2361	1
2362	3
2363	0
2364	3
2365	3
2366	3
2367	0
2368	3
2369	0
2370	3
2371	1
2372	3
2373	0
2374	3
2375	3
2376	3
2377	0
2378	2
2379	0
2380	3
2381	0
2382	3
2383	2
2384	3
2385	3
2386	0
2387	2
2388	3
2389	0
2390	3
2391	2
2392	3
2393	0
2394	3
2395	0
2396	3
2397	0
2398	3
2399	0
2400	3
2401	2
2402	3
2403	3
2404	3
2405	3
2406	3
2407	3
2408	2
2409	0
2410	3
2411	1
2412	3
2413	3
2414	3
2415	3
2416	1
2417	0
2418	2
2419	0
2420	2
2421	0
2422	3
2423	3
2424	3
2425	2
2426	3
2427	0
2428	0
2429	0
2430	0
2431	0
2432	3
2433	3
2434	3
2435	3
2436	3
2437	3
2438	1
2439	3
2440	2
2441	2
2442	3
2443	3
2444	0
2445	0
2446	3
2447	3
2448	3
2449	3
2450	0
2451	2
2452	2
2453	2
2454	3
2455	3
2456	3
2457	2
2458	2
2459	0
2460	3
2461	0
2462	3
2463	0
2464	3
2465	3
2466	0
2467	0
2468	2
2469	3
2470	2
2471	0
2472	3
2473	2
2474	2
2475	3
2476	3
2477	3
2478	2
2479	2
2480	3
2481	3
2482	3
2483	3
2484	3
2485	2
2486	3
2487	3
2488	3
2489	3
2490	3
2491	2
2492	3
2493	3
2494	3
2495	0
2496	0
2497	0
2498	3
2499	2
2500	2
2501	0
2502	0
2503	2
2504	3
2505	2
2506	1
2507	3
2508	0
2509	0
2510	3
2511	0
2512	3
2513	3
2514	3
2515	2
2516	2
2517	1
2518	3
2519	3
2520	1
2521	0
2522	0
2523	3
2524	0
2525	3
2526	2
2527	3
2528	2
2529	3
2530	0
2531	3
2532	0
2533	0
2534	3
2535	0
2536	3
2537	3
2538	3
2539	3
2540	3
2541	3
2542	0
2543	0
2544	3
2545	0
2546	0
2547	2
2548	3
2549	3
2550	0
2551	0
2552	3
2553	2
2554	3
2555	1
2556	3
2557	3
2558	3
2559	0
2560	2
2561	3
2562	3
2563	3
2564	1
2565	1
2566	0
2567	0
2568	0
2569	0
2570	0
2571	0
2572	3
2573	1
2574	0
2575	0
2576	0
2577	3
2578	3
2579	3
2580	3
2581	3
2582	0
2583	2
2584	0
2585	0
2586	1
2587	2
2588	3
2589	3
2590	0
2591	0
2592	0
2593	0
2594	0
2595	0
2596	1
2597	0
2598	0
2599	3
2600	3
2601	0
2602	1
2603	3
2604	3
2605	0
2606	2
2607	3
2608	1
2609	0
2610	3
2611	0
2612	0
2613	0
2614	3
2615	0
2616	3
2617	0
2618	1
2619	0
2620	0
2621	0
2622	3
2623	0
2624	3
2625	3
2626	3
2627	3
2628	0
2629	0
2630	3
2631	2
2632	1
2633	1
2634	2
2635	0
2636	3
2637	3
2638	1
2639	3
2640	3
2641	0
2642	0
2643	3
2644	3
2645	0
2646	0
2647	3
2648	3
2649	0
2650	0
2651	3
2652	3
2653	0
2654	0
2655	3
2656	3
2657	2
2658	3
2659	2
2660	3
2661	3
2662	0
2663	3
2664	3
2665	0
2666	3
2667	3
2668	2
2669	1
2670	3
2671	3
2672	2
2673	0
2674	0
2675	3
2676	2
2677	3
2678	2
2679	3
2680	3
2681	0
2682	0
2683	3
2684	3
2685	0
2686	0
2687	3
2688	2
2689	3
2690	0
2691	3
2692	1
2693	0
2694	0
2695	0
2696	3
2697	0
2698	3
2699	1
2700	0
2701	1
2702	0
2703	3
2704	3
2705	0
2706	3
2707	3
2708	3
2709	2
2710	3
2711	3
2712	3
2713	0
2714	0
2715	0
2716	2
2717	3
2718	0
2719	3
2720	3
2721	3
2722	0
2723	2
2724	3
2725	0
2726	3
2727	2
2728	3
2729	3
2730	1
2731	1
2732	3
2733	0
2734	3
2735	2
2736	2
2737	3
2738	3
2739	1
2740	0
2741	0
2742	3
2743	3
2744	0
2745	3
2746	0
2747	0
2748	0
2749	2
2750	2
2751	3
2752	2
2753	0
2754	3
2755	3
2756	3
2757	1
2758	3
2759	3
2760	0
2761	0
2762	3
2763	3
2764	1
2765	3
2766	3
2767	1
2768	3
2769	0
2770	3
2771	3
2772	2
2773	0
2774	3
2775	3
2776	3
2777	3
2778	0
2779	0
2780	0
2781	3
2782	2
2783	3
2784	0
2785	3
2786	0
2787	0
2788	2
2789	3
2790	0
2791	3
2792	0
2793	0
2794	0
2795	0
2796	3
2797	0
2798	3
2799	3
2800	2
2801	0
2802	3
2803	3
2804	3
2805	0
2806	0
2807	3
2808	1
2809	1
2810	0
2811	0
2812	3
2813	3
2814	0
2815	1
2816	1
2817	3
2818	0
2819	0
2820	2
2821	3
2822	1
2823	3
2824	1
2825	3
2826	3
2827	0
2828	3
2829	3
2830	3
2831	3
2832	0
2833	3
2834	0
2835	3
2836	3
2837	3
2838	3
2839	0
2840	3
2841	0
2842	0
2843	0
2844	3
2845	2
2846	3
2847	2
2848	2
2849	3
2850	3
2851	3
2852	0
2853	3
2854	3
2855	2
2856	2
2857	0
2858	3
2859	0
2860	1
2861	3
2862	0
2863	2
2864	2
2865	1
2866	3
2867	0
2868	1
2869	3
2870	3
2871	0
2872	3
2873	3
2874	3
2875	0
2876	0
2877	3
2878	2
2879	0
2880	3
2881	3
2882	3
2883	0
2884	0
2885	3
2886	2
2887	0
2888	1
2889	1
2890	3
2891	3
2892	3
2893	0
2894	3
2895	3
2896	0
2897	1
2898	0
2899	0
2900	3
2901	0
2902	2
2903	0
2904	0
2905	2
2906	0
2907	1
2908	3
2909	2
2910	3
2911	0
2912	1
2913	1
2914	3
2915	3
2916	3
2917	0
2918	0
2919	3
2920	3
2921	0
2922	3
2923	1
2924	3
2925	2
2926	3
2927	3
2928	3
2929	3
2930	0
2931	3
2932	2
2933	0
2934	1
2935	3
2936	1
2937	0
2938	3
2939	0
2940	0
2941	3
2942	0
2943	0
2944	3
2945	2
2946	3
2947	0
2948	2
2949	3
2950	0
2951	3
2952	3
2953	2
2954	3
2955	1
2956	3
2957	3
2958	1
2959	3
2960	3
2961	0
2962	0
2963	0
2964	3
2965	3
2966	3
2967	1
2968	0
2969	3
2970	0
2971	3
2972	0
2973	0
2974	3
2975	2
2976	0
2977	3
2978	0
2979	2
2980	0
2981	0
2982	0
2983	1
2984	3
2985	3
2986	3
2987	0
2988	3
2989	0
2990	0
2991	1
2992	3
2993	2
2994	0
2995	1
2996	2
2997	0
2998	3
2999	0
3000	2
3001	2
3002	1
3003	3
3004	0
3005	2
3006	3
3007	3
3008	2
3009	2
3010	3
3011	0
3012	3
3013	1
3014	0
3015	0
3016	3
3017	2
3018	0
3019	3
3020	0
3021	3
3022	0
3023	0
3024	1
3025	3
3026	3
3027	3
3028	1
3029	0
3030	0
3031	2
3032	0
3033	1
3034	0
3035	2
3036	3
3037	2
3038	0
3039	1
3040	3
3041	3
3042	3
3043	0
3044	3
3045	2
3046	0
3047	0
3048	0
3049	2
3050	0
3051	3
3052	3
3053	0
3054	3
3055	3
3056	3
3057	0
3058	0
3059	0
3060	1
3061	2
3062	0
3063	3
3064	1
3065	0
3066	2
3067	0
3068	1
3069	1
3070	3
3071	3
3072	3
3073	0
3074	0
3075	3
3076	3
3077	0
3078	0
3079	0
3080	3
3081	3
3082	3
3083	3
3084	3
3085	1
3086	3
3087	2
3088	3
3089	0
3090	2
3091	2
3092	3
3093	0
3094	0
3095	0
3096	3
3097	0
3098	2
3099	0
3100	3
3101	0
3102	3
3103	3
3104	2
3105	3
3106	1
3107	1
3108	3
3109	2
3110	3
3111	0
3112	0
3113	1
3114	2
3115	2
3116	2
3117	3
3118	3
3119	3
3120	2
3121	3
3122	3
3123	0
3124	0
3125	1
3126	2
3127	3
3128	3
3129	1
3130	3
3131	0
3132	0
3133	1
3134	2
3135	3
3136	3
3137	3
3138	3
3139	3
3140	2
3141	2
3142	1
3143	1
3144	0
3145	3
3146	1
3147	2
3148	3
3149	1
3150	1
3151	0
3152	3
3153	0
3154	1
3155	2
3156	3
3157	0
3158	3
3159	0
3160	3
3161	3
3162	0
3163	3
3164	3
3165	2
3166	1
3167	0
3168	3
3169	0
3170	3
3171	3
3172	0
3173	0
3174	0
3175	2
3176	2
3177	0
3178	3
3179	0
3180	3
3181	1
3182	3
3183	0
3184	2
3185	3
3186	0
3187	3
3188	3
3189	3
3190	2
3191	2
3192	3
3193	0
3194	2
3195	3
3196	3
3197	0
3198	2
3199	0
3200	3
3201	2
3202	3
3203	0
3204	3
3205	3
3206	0
3207	0
3208	0
3209	0
3210	3
3211	3
3212	3
3213	0
3214	3
3215	0
3216	3
3217	1
3218	3
3219	3
3220	1
3221	1
3222	2
3223	0
3224	3
3225	3
3226	3
3227	0
3228	2
3229	2
3230	3
3231	3
3232	3
3233	1
3234	2
3235	0
3236	3
3237	0
3238	0
3239	0
3240	3
3241	3
3242	3
3243	3
3244	3
3245	2
3246	2
3247	1
3248	3
3249	3
3250	0
3251	3
3252	3
3253	0
3254	0
3255	3
3256	2
3257	0
3258	0
3259	0
3260	1
3261	1
3262	0
3263	3
3264	3
3265	0
3266	0
3267	3
3268	0
3269	2
3270	0
3271	2
3272	2
3273	3
3274	3
3275	1
3276	1
3277	0
3278	3
3279	3
3280	0
3281	3
3282	2
3283	2
3284	0
3285	0
3286	0
3287	0
3288	0
3289	1
3290	3
3291	0
3292	3
3293	0
3294	0
3295	3
3296	0
3297	0
3298	0
3299	1
3300	3
3301	2
3302	3
3303	1
3304	0
3305	0
3306	0
3307	3
3308	0
3309	3
3310	3
3311	1
3312	3
3313	0
3314	3
3315	0
3316	1
3317	3
3318	0
3319	0
3320	2
3321	3
3322	1
3323	0
3324	2
3325	0
3326	3
3327	0
3328	0
3329	0
3330	3
3331	3
3332	0
3333	1
3334	2
3335	2
3336	1
3337	0
3338	3
3339	0
3340	0
3341	0
3342	2
3343	3
3344	2
3345	3
3346	0
3347	3
3348	0
3349	3
3350	3
3351	0
3352	0
3353	3
3354	0
3355	0
3356	3
3357	0
3358	1
3359	3
3360	2
3361	0
3362	3
3363	3
3364	2
3365	0
3366	0
3367	3
3368	3
3369	3
3370	3
3371	1
3372	3
3373	3
3374	3
3375	0
3376	3
3377	0
3378	3
3379	2
3380	3
3381	0
3382	1
3383	3
3384	3
3385	0
3386	0
3387	3
3388	0
3389	0
3390	2
3391	3
3392	1
3393	3
3394	0
3395	1
3396	3
3397	3
3398	3
3399	0
3400	1
3401	0
3402	3
3403	3
3404	3
3405	3
3406	3
3407	0
3408	2
3409	0
3410	1
3411	0
3412	3
3413	0
3414	0
3415	3
3416	3
3417	3
3418	2
3419	3
3420	3
3421	0
3422	0
3423	3
3424	0
3425	0
3426	0
3427	0
3428	3
3429	3
3430	0
3431	1
3432	2
3433	0
3434	3
3435	3
3436	3
3437	0
3438	3
3439	3
3440	0
3441	0
3442	2
3443	3
3444	2
3445	3
3446	0
3447	0
3448	3
3449	2
3450	3
3451	0
3452	0
3453	1
3454	3
3455	0
3456	2
3457	0
3458	0
3459	0
3460	3
3461	0
3462	0
3463	2
3464	3
3465	0
3466	1
3467	0
3468	0
3469	0
3470	2
3471	0
3472	1
3473	1
3474	0
3475	2
3476	0
3477	1
3478	3
3479	3
3480	3
3481	2
3482	0
3483	0
3484	3
3485	3
3486	3
3487	2
3488	2
3489	3
3490	2
3491	3
3492	0
3493	3
3494	0
3495	3
3496	0
3497	0
3498	3
3499	3
3500	0
3501	2
3502	3
3503	2
3504	2
3505	3
3506	3
3507	0
3508	0
3509	1
3510	3
3511	2
3512	0
3513	3
3514	0
3515	2
3516	0
3517	3
3518	3
3519	3
3520	1
3521	0
3522	0
3523	2
3524	1
3525	0
3526	3
3527	3
3528	0
3529	1
3530	1
3531	3
3532	2
3533	1
3534	3
3535	0
3536	1
3537	3
3538	3
3539	3
3540	0
3541	0
3542	3
3543	3
3544	1
3545	2
3546	2
3547	0
3548	0
3549	1
3550	1
3551	0
3552	3
3553	3
3554	0
3555	0
3556	2
3557	1
3558	1
3559	2
3560	3
3561	0
3562	3
3563	3
3564	3
3565	0
3566	2
3567	2
3568	2
3569	1
3570	2
3571	0
3572	2
3573	2
3574	3
3575	0
3576	3
3577	2
3578	3
3579	3
3580	2
3581	3
3582	0
3583	3
3584	2
3585	0
3586	3
3587	2
3588	0
3589	0
3590	0
3591	3
3592	2
3593	2
3594	0
3595	2
3596	2
3597	3
3598	0
3599	0
3600	2
3601	2
3602	1
3603	3
3604	2
3605	0
3606	3
3607	3
3608	3
3609	0
3610	0
3611	3
3612	3
3613	1
3614	0
3615	3
3616	3
3617	2
3618	2
3619	1
3620	3
3621	3
3622	3
3623	3
3624	3
3625	1
3626	3
3627	3
3628	3
3629	1
3630	3
3631	3
3632	3
3633	3
3634	3
3635	2
3636	1
3637	2
3638	3
3639	3
3640	2
3641	3
3642	1
3643	3
3644	0
3645	0
3646	3
3647	3
3648	3
3649	3
3650	3
3651	2
3652	1
3653	3
3654	2
3655	2
3656	1
3657	0
3658	3
3659	0
3660	1
3661	0
3662	2
3663	3
3664	3
3665	0
3666	0
3667	3
3668	3
3669	1
3670	3
3671	3
3672	3
3673	3
3674	0
3675	2
3676	3
3677	1
3678	3
3679	3
3680	3
3681	1
3682	3
3683	3
3684	3
3685	0
3686	2
3687	3
3688	1
3689	3
3690	0
3691	2
3692	3
3693	3
3694	3
3695	3
3696	3
3697	3
3698	3
3699	1
3700	3
3701	3
3702	3
3703	3
3704	0
3705	0
3706	0
3707	1
3708	3
3709	3
3710	3
3711	0
3712	2
3713	0
3714	1
3715	3
3716	3
3717	3
3718	1
3719	3
3720	3
3721	0
3722	0
3723	3
3724	3
3725	3
3726	0
3727	3
3728	3
3729	1
3730	0
3731	3
3732	3
3733	0
3734	3
3735	2
3736	2
3737	1
3738	0
3739	3
3740	3
3741	2
3742	1
3743	3
3744	3
3745	1
3746	0
3747	0
3748	3
3749	1
3750	0
3751	3
3752	3
3753	0
3754	1
3755	3
3756	1
3757	1
3758	1
3759	3
3760	0
3761	3
3762	3
3763	3
3764	3
3765	2
3766	3
3767	0
3768	3
3769	2
3770	3
3771	2
3772	3
3773	0
3774	3
3775	3
3776	3
3777	1
3778	2
3779	0
3780	2
3781	3
3782	1
3783	0
3784	1
3785	2
3786	1
3787	2
3788	2
3789	3
3790	0
3791	2
3792	0
3793	3
3794	3
3795	3
3796	3
3797	3
3798	3
3799	3
3800	0
3801	2
3802	3
3803	1
3804	3
3805	3
3806	0
3807	0
3808	3
3809	0
3810	3
3811	3
3812	0
3813	0
3814	2
3815	3
3816	3
3817	0
3818	3
3819	0
3820	3
3821	0
3822	0
3823	0
3824	3
3825	0
3826	3
3827	3
3828	0
3829	0
3830	3
3831	0
3832	2
3833	2
3834	3
3835	1
3836	2
3837	0
3838	0
3839	1
3840	3
3841	3
3842	0
3843	1
3844	2
3845	2
3846	0
3847	0
3848	1
3849	0
3850	1
3851	0
3852	3
3853	2
3854	0
3855	0
3856	3
3857	0
3858	0
3859	2
3860	1
3861	3
3862	3
3863	0
3864	0
3865	3
3866	0
3867	0
3868	1
3869	0
3870	2
3871	2
3872	3
3873	3
3874	0
3875	3
3876	1
3877	0
3878	0
3879	3
3880	0
3881	0
3882	3
3883	1
3884	0
3885	0
3886	0
3887	0
3888	0
3889	0
3890	0
3891	0
3892	3
3893	0
3894	1
3895	0
3896	0
3897	0
3898	2
3899	0
3900	1
3901	0
3902	2
3903	2
3904	3
3905	0
3906	0
3907	0
3908	0
3909	0
3910	0
3911	0
3912	0
3913	0
3914	3
3915	2
3916	2
3917	1
3918	0
3919	3
3920	3
3921	1
3922	0
3923	3
3924	0
3925	1
3926	0
3927	3
3928	2
3929	3
3930	0
3931	3
3932	0
3933	3
3934	3
3935	1
3936	3
3937	3
3938	0
3939	2
3940	3
3941	3
3942	0
3943	3
3944	1
3945	0
3946	2
3947	0
3948	3
3949	0
3950	3
3951	0
3952	0
3953	0
3954	3
3955	0
3956	3
3957	0
3958	3
3959	0
3960	2
3961	2
3962	3
3963	0
3964	3
3965	0
3966	3
3967	3
3968	3
3969	3
3970	0
3971	3
3972	3
3973	1
3974	1
3975	1
3976	3
3977	1
3978	3
3979	1
3980	3
3981	3
3982	0
3983	0
3984	0
3985	0
3986	0
3987	2
3988	1
3989	3
3990	3
3991	0
3992	3
3993	3
3994	2
3995	1
3996	0
3997	0
3998	3
3999	3
4000	3
4001	3
4002	0
4003	3
4004	1
4005	3
4006	2
4007	0
4008	3
4009	0
4010	0
4011	0
4012	3
4013	3
4014	3
4015	3
4016	3
4017	2
4018	3
4019	0
4020	3
4021	0
4022	2
4023	0
4024	3
4025	0
4026	0
4027	0
4028	3
4029	3
4030	3
4031	0
4032	2
4033	1
4034	0
4035	0
4036	2
4037	2
4038	1
4039	3
4040	3
4041	3
4042	1
4043	2
4044	3
4045	3
4046	0
4047	3
4048	2
4049	3
4050	0
4051	2
4052	3
4053	3
4054	3
4055	0
4056	3
4057	3
4058	2
4059	1
4060	3
4061	3
4062	3
4063	0
4064	1
4065	3
4066	0
4067	0
4068	3
4069	0
4070	0
4071	3
4072	0
4073	3
4074	1
4075	3
4076	3
4077	0
4078	3
4079	3
4080	2
4081	1
4082	3
4083	0
4084	3
4085	3
4086	0
4087	0
4088	0
4089	0
4090	0
4091	0
4092	3
4093	2
4094	3
4095	0
