COMMAND
./sim gshare 10 9 ./proj2-traces/jpeg_trace.txt
OUTPUT
number of predictions:2000000
number of mispredictions:153994
misprediction rate:   7.70%
FINAL GSHARE CONTENTS
0	2
1	3
2	3
3	3
4	3
5	3
6	3
7	3
8	0
9	0
10	3
11	3
12	3
13	0
14	3
15	2
16	3
17	1
18	3
19	3
20	1
21	3
22	2
23	0
24	1
25	3
26	0
27	3
28	3
29	3
30	3
31	3
32	3
33	3
34	0
35	1
36	3
37	3
38	3
39	3
40	3
41	1
42	0
43	3
44	3
45	0
46	0
47	3
48	3
49	3
50	3
51	0
52	3
53	0
54	3
55	3
56	0
57	3
58	0
59	0
60	3
61	2
62	2
63	3
64	3
65	0
66	3
67	0
68	1
69	0
70	3
71	1
72	3
73	1
74	3
75	3
76	3
77	3
78	3
79	0
80	3
81	3
82	3
83	3
84	3
85	3
86	0
87	0
88	3
89	3
90	3
91	3
92	3
93	0
94	3
95	2
96	3
97	3
98	0
99	2
100	3
101	3
102	3
103	3
104	3
105	3
106	0
107	0
108	3
109	3
110	0
111	3
112	3
113	3
114	0
115	1
116	3
117	2
118	2
119	3
120	3
121	1
122	2
123	3
124	0
125	3
126	2
127	1
128	3
129	0
130	3
131	2
132	1
133	2
134	3
135	3
136	3
137	1
138	3
139	3
140	3
141	0
142	2
143	3
144	3
145	0
146	1
147	3
148	0
149	3
150	3
151	0
152	2
153	3
154	3
155	0
156	0
157	3
158	0
159	2
160	3
161	0
162	3
163	1
164	2
165	2
166	3
167	3
168	0
169	0
170	0
171	0
172	0
173	2
174	3
175	2
176	2
177	0
178	3
179	1
180	3
181	0
182	3
183	2
184	0
185	0
186	3
187	3
188	3
189	2
190	0
191	0
192	3
193	0
194	3
195	0
196	3
197	3
198	1
199	1
200	3
201	3
202	3
203	3
204	3
205	3
206	2
207	0
208	0
209	1
210	0
211	0
212	3
213	0
214	3
215	3
216	0
217	3
218	0
219	2
220	3
221	0
222	3
223	2
224	3
225	1
226	3
227	3
228	2
229	3
230	3
231	3
232	0
233	3
234	1
235	3
236	3
237	3
238	3
239	3
240	3
241	3
242	1
243	3
244	2
245	3
246	1
247	3
248	3
249	0
250	3
251	3
252	3
253	0
254	1
255	1
256	3
257	3
258	1
259	0
260	3
261	3
262	3
263	1
264	3
265	3
266	3
267	3
268	3
269	3
270	3
271	3
272	0
273	0
274	1
275	3
276	3
277	3
278	3
279	3
280	0
281	1
282	3
283	2
284	3
285	0
286	3
287	0
288	3
289	0
290	2
291	1
292	3
293	0
294	3
295	3
296	3
297	3
298	3
299	1
300	3
301	3
302	3
303	3
304	2
305	0
306	2
307	3
308	0
309	3
310	3
311	3
312	1
313	3
314	3
315	3
316	0
317	3
318	3
319	1
320	0
321	3
322	0
323	0
324	2
325	2
326	3
327	0
328	3
329	0
330	3
331	0
332	0
333	3
334	1
335	0
336	0
337	2
338	1
339	0
340	3
341	0
342	3
343	3
344	3
345	1
346	0
347	0
348	3
349	2
350	3
351	3
352	3
353	3
354	3
355	1
356	3
357	0
358	2
359	0
360	3
361	0
362	0
363	2
364	3
365	2
366	1
367	2
368	3
369	0
370	3
371	2
372	0
373	3
374	3
375	3
376	3
377	3
378	3
379	1
380	3
381	3
382	3
383	3
384	3
385	3
386	3
387	3
388	1
389	3
390	3
391	3
392	3
393	0
394	3
395	1
396	3
397	3
398	3
399	2
400	1
401	3
402	0
403	3
404	1
405	1
406	1
407	3
408	0
409	3
410	3
411	3
412	3
413	3
414	3
415	3
416	3
417	0
418	3
419	0
420	3
421	3
422	3
423	0
424	3
425	2
426	0
427	0
428	2
429	3
430	1
431	3
432	3
433	0
434	1
435	0
436	3
437	0
438	3
439	3
440	3
441	3
442	3
443	3
444	0
445	3
446	3
447	3
448	3
449	2
450	3
451	3
452	3
453	3
454	3
455	3
456	3
457	2
458	1
459	3
460	1
461	3
462	3
463	3
464	2
465	2
466	2
467	2
468	3
469	0
470	3
471	2
472	3
473	3
474	3
475	3
476	2
477	0
478	3
479	3
480	3
481	3
482	3
483	0
484	3
485	3
486	0
487	3
488	3
489	3
490	3
491	3
492	3
493	0
494	3
495	2
496	3
497	3
498	3
499	3
500	3
501	3
502	3
503	3
504	3
505	3
506	3
507	3
508	3
509	3
510	3
511	3
512	2
513	3
514	1
515	3
516	0
517	3
518	0
519	1
520	0
521	3
522	0
523	3
524	3
525	3
526	3
527	3
528	0
529	3
530	1
531	0
532	0
533	1
534	0
535	3
536	3
537	3
538	3
539	2
540	0
541	1
542	1
543	3
544	0
545	0
546	0
547	0
548	2
549	3
550	2
551	3
552	2
553	3
554	3
555	3
556	1
557	0
558	1
559	0
560	0
561	0
562	0
563	0
564	3
565	2
566	1
567	3
568	0
569	3
570	0
571	3
572	0
573	3
574	0
575	3
576	0
577	3
578	3
579	3
580	0
581	3
582	1
583	0
584	0
585	3
586	2
587	3
588	2
589	3
590	0
591	0
592	1
593	3
594	2
595	3
596	3
597	0
598	0
599	3
600	3
601	3
602	0
603	2
604	0
605	3
606	3
607	3
608	1
609	3
610	1
611	0
612	1
613	2
614	2
615	3
616	3
617	0
618	2
619	0
620	3
621	1
622	3
623	3
624	1
625	3
626	3
627	0
628	1
629	0
630	0
631	0
632	2
633	3
634	1
635	0
636	2
637	3
638	2
639	0
640	3
641	1
642	0
643	0
644	2
645	3
646	3
647	3
648	0
649	3
650	1
651	3
652	2
653	3
654	3
655	0
656	3
657	3
658	3
659	3
660	3
661	0
662	3
663	3
664	0
665	1
666	0
667	3
668	0
669	2
670	3
671	3
672	0
673	3
674	2
675	3
676	3
677	3
678	2
679	3
680	0
681	0
682	1
683	3
684	2
685	3
686	2
687	3
688	3
689	3
690	0
691	3
692	0
693	0
694	0
695	0
696	3
697	3
698	3
699	3
700	3
701	3
702	2
703	2
704	3
705	3
706	1
707	3
708	3
709	3
710	2
711	3
712	3
713	0
714	3
715	2
716	3
717	3
718	3
719	3
720	0
721	3
722	3
723	3
724	3
725	3
726	0
727	3
728	2
729	3
730	3
731	3
732	3
733	3
734	3
735	3
736	3
737	3
738	3
739	3
740	3
741	3
742	2
743	3
744	3
745	3
746	1
747	3
748	2
749	3
750	0
751	1
752	3
753	3
754	2
755	3
756	2
757	1
758	3
759	3
760	1
761	0
762	1
763	0
764	3
765	3
766	2
767	0
768	3
769	3
770	3
771	3
772	1
773	1
774	3
775	3
776	2
777	2
778	1
779	0
780	2
781	3
782	3
783	0
784	2
785	2
786	1
787	0
788	3
789	0
790	3
791	1
792	1
793	1
794	1
795	0
796	3
797	3
798	0
799	0
800	1
801	0
802	1
803	3
804	2
805	3
806	0
807	2
808	3
809	3
810	0
811	3
812	2
813	3
814	3
815	3
816	3
817	2
818	1
819	0
820	3
821	1
822	0
823	1
824	0
825	3
826	3
827	1
828	3
829	0
830	2
831	0
832	0
833	3
834	0
835	0
836	2
837	3
838	0
839	3
840	1
841	0
842	1
843	0
844	3
845	3
846	3
847	0
848	3
849	0
850	2
851	2
852	3
853	3
854	2
855	3
856	0
857	3
858	3
859	3
860	3
861	0
862	1
863	1
864	0
865	0
866	3
867	3
868	0
869	3
870	3
871	1
872	0
873	0
874	0
875	3
876	0
877	0
878	1
879	3
880	0
881	3
882	3
883	3
884	1
885	2
886	2
887	0
888	2
889	2
890	2
891	1
892	0
893	1
894	3
895	2
896	0
897	3
898	2
899	0
900	0
901	1
902	0
903	0
904	0
905	3
906	0
907	3
908	0
909	3
910	0
911	0
912	3
913	0
914	2
915	3
916	0
917	0
918	2
919	0
920	3
921	3
922	0
923	3
924	0
925	3
926	3
927	2
928	3
929	0
930	0
931	2
932	3
933	0
934	3
935	0
936	2
937	0
938	1
939	1
940	0
941	0
942	0
943	1
944	3
945	0
946	3
947	0
948	3
949	0
950	2
951	3
952	3
953	0
954	0
955	0
956	0
957	0
958	0
959	0
960	3
961	3
962	3
963	2
964	2
965	3
966	3
967	3
968	1
969	3
970	1
971	3
972	3
973	3
974	0
975	3
976	3
977	1
978	3
979	3
980	0
981	2
982	0
983	1
984	3
985	3
986	3
987	3
988	0
989	1
990	3
991	0
992	0
993	3
994	2
995	3
996	2
997	3
998	3
999	3
1000	1
1001	3
1002	2
1003	0
1004	3
1005	0
1006	3
1007	3
1008	1
1009	3
1010	3
1011	3
1012	2
1013	0
1014	3
1015	3
1016	2
1017	3
1018	3
1019	0
1020	3
1021	2
1022	3
1023	0
