COMMAND
./sim gshare 13 8 ./proj2-traces/gcc_trace.txt
OUTPUT
number of predictions:2000000
number of mispredictions:219904
misprediction rate:   11.00%
FINAL GSHARE CONTENTS
0	0
1	3
2	3
3	3
4	1
5	0
6	3
7	2
8	1
9	0
10	3
11	3
12	0
13	0
14	3
15	3
16	0
17	0
18	3
19	1
20	0
21	3
22	0
23	1
24	0
25	0
26	3
27	3
28	0
29	0
30	3
31	3
32	0
33	2
34	3
35	3
36	0
37	0
38	0
39	3
40	3
41	0
42	0
43	0
44	0
45	3
46	0
47	0
48	0
49	3
50	3
51	3
52	1
53	3
54	0
55	2
56	2
57	0
58	0
59	0
60	1
61	0
62	3
63	3
64	1
65	2
66	0
67	3
68	0
69	3
70	3
71	1
72	0
73	3
74	0
75	3
76	3
77	0
78	3
79	0
80	0
81	2
82	0
83	0
84	3
85	3
86	0
87	3
88	0
89	3
90	3
91	0
92	0
93	0
94	3
95	3
96	3
97	3
98	3
99	0
100	0
101	3
102	0
103	1
104	3
105	0
106	0
107	3
108	0
109	3
110	0
111	0
112	3
113	3
114	3
115	3
116	3
117	2
118	0
119	3
120	0
121	0
122	0
123	0
124	0
125	3
126	3
127	1
128	0
129	3
130	1
131	0
132	0
133	2
134	0
135	0
136	0
137	0
138	3
139	1
140	3
141	0
142	0
143	1
144	0
145	0
146	3
147	2
148	3
149	3
150	3
151	3
152	0
153	0
154	3
155	3
156	3
157	3
158	3
159	3
160	0
161	2
162	2
163	2
164	2
165	0
166	0
167	2
168	0
169	1
170	2
171	2
172	0
173	1
174	0
175	0
176	0
177	0
178	3
179	2
180	3
181	3
182	3
183	0
184	3
185	3
186	0
187	0
188	2
189	2
190	2
191	3
192	0
193	2
194	0
195	0
196	0
197	3
198	0
199	0
200	0
201	0
202	2
203	3
204	0
205	3
206	0
207	1
208	0
209	3
210	3
211	2
212	3
213	3
214	3
215	0
216	0
217	0
218	3
219	0
220	2
221	0
222	2
223	3
224	3
225	1
226	1
227	0
228	0
229	2
230	3
231	3
232	3
233	3
234	1
235	2
236	1
237	3
238	0
239	3
240	0
241	1
242	0
243	3
244	0
245	0
246	0
247	0
248	3
249	2
250	0
251	0
252	3
253	0
254	3
255	3
256	3
257	3
258	3
259	0
260	2
261	0
262	3
263	3
264	0
265	0
266	0
267	3
268	3
269	3
270	3
271	0
272	3
273	3
274	3
275	0
276	1
277	0
278	1
279	2
280	3
281	2
282	3
283	3
284	3
285	3
286	3
287	3
288	3
289	0
290	3
291	0
292	0
293	0
294	0
295	3
296	0
297	0
298	0
299	0
300	0
301	3
302	0
303	0
304	3
305	3
306	3
307	0
308	0
309	0
310	0
311	3
312	3
313	3
314	0
315	0
316	3
317	3
318	0
319	3
320	3
321	2
322	3
323	0
324	2
325	0
326	0
327	0
328	0
329	3
330	0
331	0
332	3
333	3
334	3
335	3
336	3
337	3
338	3
339	0
340	0
341	3
342	0
343	0
344	2
345	0
346	2
347	3
348	3
349	0
350	3
351	0
352	3
353	3
354	0
355	0
356	3
357	0
358	0
359	1
360	0
361	0
362	0
363	3
364	3
365	3
366	0
367	0
368	2
369	3
370	3
371	1
372	3
373	3
374	3
375	0
376	1
377	3
378	0
379	3
380	3
381	0
382	1
383	3
384	0
385	3
386	3
387	0
388	3
389	0
390	0
391	0
392	0
393	2
394	3
395	0
396	3
397	0
398	3
399	3
400	0
401	1
402	0
403	2
404	3
405	3
406	3
407	0
408	1
409	0
410	1
411	0
412	1
413	3
414	3
415	0
416	0
417	1
418	3
419	3
420	3
421	2
422	0
423	3
424	0
425	0
426	2
427	3
428	3
429	3
430	3
431	3
432	0
433	3
434	1
435	0
436	3
437	3
438	3
439	0
440	0
441	0
442	3
443	3
444	3
445	3
446	3
447	0
448	3
449	3
450	3
451	0
452	0
453	3
454	0
455	3
456	0
457	0
458	3
459	3
460	1
461	3
462	3
463	3
464	0
465	3
466	3
467	0
468	0
469	2
470	0
471	3
472	2
473	2
474	0
475	3
476	3
477	1
478	3
479	3
480	0
481	3
482	0
483	2
484	2
485	0
486	0
487	3
488	3
489	2
490	3
491	0
492	3
493	0
494	3
495	3
496	3
497	3
498	3
499	0
500	0
501	2
502	0
503	1
504	3
505	0
506	3
507	0
508	0
509	0
510	0
511	3
512	2
513	0
514	2
515	3
516	1
517	2
518	0
519	0
520	0
521	3
522	3
523	2
524	3
525	0
526	3
527	1
528	0
529	0
530	3
531	0
532	3
533	0
534	0
535	1
536	1
537	0
538	0
539	3
540	0
541	1
542	0
543	3
544	0
545	2
546	3
547	0
548	1
549	0
550	3
551	0
552	0
553	0
554	0
555	2
556	3
557	0
558	0
559	0
560	0
561	3
562	1
563	0
564	3
565	3
566	3
567	2
568	2
569	0
570	1
571	1
572	1
573	3
574	3
575	0
576	3
577	0
578	3
579	0
580	0
581	0
582	1
583	0
584	0
585	3
586	2
587	0
588	2
589	0
590	0
591	0
592	0
593	1
594	3
595	0
596	3
597	3
598	0
599	3
600	3
601	2
602	0
603	2
604	0
605	0
606	3
607	3
608	0
609	1
610	3
611	3
612	0
613	2
614	0
615	1
616	2
617	3
618	1
619	2
620	3
621	3
622	3
623	0
624	3
625	0
626	0
627	0
628	3
629	2
630	3
631	1
632	1
633	0
634	0
635	1
636	1
637	0
638	3
639	3
640	3
641	1
642	0
643	0
644	0
645	2
646	3
647	0
648	0
649	3
650	3
651	3
652	0
653	0
654	1
655	0
656	3
657	3
658	2
659	3
660	1
661	3
662	0
663	0
664	0
665	3
666	0
667	3
668	0
669	3
670	1
671	1
672	0
673	0
674	1
675	0
676	3
677	3
678	3
679	0
680	3
681	0
682	3
683	3
684	3
685	2
686	0
687	3
688	1
689	2
690	0
691	0
692	3
693	0
694	0
695	3
696	3
697	0
698	0
699	3
700	0
701	3
702	0
703	2
704	0
705	0
706	0
707	1
708	3
709	2
710	0
711	0
712	0
713	1
714	3
715	3
716	2
717	0
718	3
719	3
720	3
721	3
722	3
723	0
724	3
725	3
726	0
727	3
728	3
729	2
730	3
731	0
732	3
733	2
734	3
735	0
736	0
737	0
738	3
739	0
740	3
741	3
742	0
743	0
744	0
745	0
746	0
747	1
748	2
749	0
750	3
751	0
752	3
753	3
754	0
755	0
756	3
757	3
758	1
759	3
760	0
761	0
762	0
763	3
764	3
765	3
766	2
767	3
768	0
769	3
770	3
771	2
772	3
773	3
774	0
775	0
776	3
777	1
778	1
779	0
780	3
781	3
782	1
783	2
784	0
785	3
786	3
787	3
788	3
789	3
790	2
791	0
792	3
793	0
794	0
795	0
796	0
797	0
798	0
799	3
800	2
801	0
802	2
803	1
804	0
805	0
806	0
807	1
808	0
809	3
810	0
811	0
812	3
813	3
814	1
815	0
816	0
817	2
818	0
819	0
820	0
821	3
822	2
823	0
824	0
825	3
826	3
827	0
828	3
829	3
830	3
831	0
832	3
833	2
834	0
835	0
836	0
837	3
838	0
839	2
840	3
841	3
842	0
843	3
844	3
845	3
846	3
847	3
848	3
849	3
850	1
851	0
852	0
853	2
854	3
855	2
856	3
857	0
858	3
859	0
860	0
861	0
862	1
863	0
864	0
865	0
866	3
867	0
868	1
869	0
870	0
871	3
872	0
873	2
874	0
875	3
876	1
877	3
878	0
879	2
880	0
881	3
882	0
883	1
884	0
885	3
886	3
887	0
888	2
889	0
890	0
891	1
892	3
893	0
894	0
895	0
896	0
897	3
898	0
899	3
900	3
901	0
902	0
903	0
904	0
905	3
906	3
907	3
908	3
909	0
910	3
911	3
912	3
913	3
914	0
915	0
916	0
917	1
918	3
919	3
920	0
921	3
922	3
923	1
924	3
925	3
926	3
927	0
928	0
929	3
930	3
931	0
932	0
933	0
934	0
935	0
936	0
937	0
938	1
939	3
940	2
941	3
942	0
943	0
944	0
945	3
946	0
947	0
948	0
949	0
950	3
951	0
952	0
953	3
954	0
955	0
956	3
957	3
958	3
959	3
960	0
961	3
962	0
963	3
964	3
965	3
966	3
967	3
968	2
969	3
970	3
971	1
972	0
973	3
974	3
975	0
976	3
977	3
978	0
979	0
980	0
981	3
982	0
983	3
984	3
985	2
986	3
987	3
988	3
989	0
990	2
991	0
992	0
993	3
994	3
995	2
996	0
997	2
998	0
999	3
1000	0
1001	3
1002	3
1003	3
1004	0
1005	3
1006	0
1007	3
1008	3
1009	2
1010	0
1011	0
1012	0
1013	3
1014	0
1015	3
1016	3
1017	3
1018	3
1019	0
1020	0
1021	3
1022	0
1023	3
1024	2
1025	0
1026	0
1027	2
1028	0
1029	3
1030	0
1031	0
1032	3
1033	2
1034	0
1035	2
1036	0
1037	0
1038	3
1039	3
1040	0
1041	0
1042	0
1043	2
1044	1
1045	0
1046	0
1047	0
1048	0
1049	0
1050	3
1051	0
1052	3
1053	0
1054	2
1055	3
1056	3
1057	0
1058	1
1059	0
1060	3
1061	3
1062	0
1063	0
1064	3
1065	1
1066	1
1067	1
1068	3
1069	0
1070	0
1071	0
1072	1
1073	0
1074	0
1075	2
1076	3
1077	2
1078	0
1079	2
1080	0
1081	0
1082	0
1083	0
1084	3
1085	2
1086	0
1087	3
1088	3
1089	3
1090	3
1091	0
1092	0
1093	0
1094	0
1095	1
1096	3
1097	0
1098	0
1099	2
1100	3
1101	0
1102	1
1103	3
1104	0
1105	0
1106	2
1107	3
1108	2
1109	0
1110	1
1111	2
1112	0
1113	0
1114	3
1115	3
1116	3
1117	0
1118	0
1119	3
1120	0
1121	0
1122	1
1123	3
1124	3
1125	0
1126	0
1127	0
1128	3
1129	1
1130	0
1131	3
1132	0
1133	0
1134	0
1135	3
1136	0
1137	1
1138	0
1139	3
1140	3
1141	3
1142	2
1143	3
1144	0
1145	3
1146	3
1147	0
1148	1
1149	3
1150	0
1151	2
1152	3
1153	0
1154	0
1155	0
1156	0
1157	3
1158	3
1159	0
1160	0
1161	3
1162	0
1163	3
1164	3
1165	0
1166	3
1167	3
1168	0
1169	0
1170	0
1171	3
1172	0
1173	1
1174	1
1175	0
1176	0
1177	3
1178	3
1179	2
1180	3
1181	1
1182	3
1183	0
1184	3
1185	0
1186	0
1187	2
1188	3
1189	3
1190	3
1191	0
1192	3
1193	3
1194	0
1195	3
1196	0
1197	2
1198	1
1199	3
1200	3
1201	0
1202	0
1203	0
1204	0
1205	3
1206	0
1207	0
1208	2
1209	0
1210	3
1211	3
1212	3
1213	3
1214	1
1215	1
1216	3
1217	0
1218	0
1219	0
1220	3
1221	0
1222	0
1223	3
1224	0
1225	3
1226	0
1227	3
1228	1
1229	3
1230	3
1231	3
1232	2
1233	0
1234	2
1235	0
1236	1
1237	3
1238	0
1239	0
1240	0
1241	3
1242	2
1243	1
1244	1
1245	3
1246	3
1247	0
1248	3
1249	0
1250	0
1251	0
1252	3
1253	3
1254	0
1255	2
1256	3
1257	3
1258	0
1259	0
1260	3
1261	0
1262	3
1263	3
1264	3
1265	3
1266	3
1267	3
1268	3
1269	3
1270	1
1271	0
1272	1
1273	3
1274	1
1275	0
1276	0
1277	3
1278	0
1279	0
1280	3
1281	0
1282	0
1283	0
1284	0
1285	3
1286	0
1287	0
1288	0
1289	0
1290	2
1291	0
1292	3
1293	2
1294	3
1295	3
1296	0
1297	0
1298	3
1299	3
1300	3
1301	3
1302	3
1303	3
1304	1
1305	0
1306	2
1307	0
1308	0
1309	3
1310	0
1311	0
1312	0
1313	0
1314	0
1315	3
1316	1
1317	3
1318	0
1319	0
1320	0
1321	3
1322	0
1323	0
1324	3
1325	3
1326	0
1327	0
1328	0
1329	3
1330	0
1331	3
1332	3
1333	3
1334	3
1335	3
1336	0
1337	3
1338	3
1339	0
1340	0
1341	0
1342	3
1343	0
1344	3
1345	2
1346	0
1347	3
1348	2
1349	3
1350	1
1351	1
1352	3
1353	0
1354	1
1355	2
1356	3
1357	0
1358	3
1359	3
1360	0
1361	2
1362	0
1363	3
1364	3
1365	3
1366	0
1367	3
1368	0
1369	0
1370	2
1371	0
1372	0
1373	0
1374	0
1375	2
1376	0
1377	1
1378	0
1379	3
1380	0
1381	3
1382	0
1383	0
1384	3
1385	1
1386	3
1387	3
1388	3
1389	0
1390	0
1391	3
1392	3
1393	3
1394	0
1395	3
1396	3
1397	0
1398	0
1399	0
1400	0
1401	2
1402	3
1403	3
1404	0
1405	0
1406	0
1407	0
1408	3
1409	2
1410	2
1411	3
1412	2
1413	3
1414	0
1415	1
1416	0
1417	3
1418	3
1419	0
1420	0
1421	0
1422	0
1423	0
1424	3
1425	0
1426	0
1427	0
1428	3
1429	3
1430	0
1431	3
1432	3
1433	3
1434	0
1435	1
1436	3
1437	3
1438	0
1439	1
1440	3
1441	0
1442	3
1443	3
1444	0
1445	3
1446	0
1447	0
1448	3
1449	0
1450	1
1451	3
1452	3
1453	2
1454	0
1455	0
1456	0
1457	3
1458	0
1459	3
1460	0
1461	3
1462	0
1463	2
1464	3
1465	0
1466	3
1467	0
1468	3
1469	3
1470	0
1471	3
1472	1
1473	0
1474	0
1475	3
1476	2
1477	1
1478	0
1479	0
1480	0
1481	0
1482	3
1483	1
1484	0
1485	2
1486	3
1487	0
1488	1
1489	3
1490	0
1491	0
1492	3
1493	3
1494	3
1495	1
1496	0
1497	3
1498	2
1499	0
1500	2
1501	3
1502	3
1503	1
1504	3
1505	2
1506	3
1507	0
1508	0
1509	3
1510	0
1511	0
1512	2
1513	1
1514	1
1515	3
1516	3
1517	1
1518	0
1519	0
1520	3
1521	0
1522	3
1523	3
1524	0
1525	3
1526	3
1527	1
1528	1
1529	3
1530	1
1531	3
1532	0
1533	0
1534	3
1535	1
1536	3
1537	2
1538	3
1539	3
1540	0
1541	3
1542	0
1543	3
1544	1
1545	3
1546	0
1547	3
1548	0
1549	0
1550	0
1551	0
1552	0
1553	0
1554	0
1555	3
1556	0
1557	3
1558	0
1559	2
1560	0
1561	3
1562	3
1563	0
1564	2
1565	3
1566	0
1567	3
1568	3
1569	3
1570	0
1571	0
1572	3
1573	3
1574	0
1575	3
1576	0
1577	3
1578	1
1579	0
1580	0
1581	0
1582	3
1583	3
1584	1
1585	3
1586	3
1587	3
1588	3
1589	0
1590	2
1591	0
1592	0
1593	0
1594	3
1595	0
1596	3
1597	0
1598	3
1599	0
1600	2
1601	0
1602	1
1603	3
1604	0
1605	0
1606	3
1607	0
1608	3
1609	3
1610	0
1611	3
1612	0
1613	3
1614	0
1615	0
1616	0
1617	0
1618	0
1619	3
1620	1
1621	2
1622	0
1623	0
1624	0
1625	0
1626	3
1627	3
1628	0
1629	3
1630	3
1631	3
1632	0
1633	1
1634	3
1635	0
1636	3
1637	3
1638	0
1639	0
1640	1
1641	2
1642	0
1643	3
1644	1
1645	0
1646	3
1647	3
1648	0
1649	3
1650	1
1651	3
1652	0
1653	3
1654	1
1655	3
1656	0
1657	3
1658	3
1659	0
1660	0
1661	3
1662	0
1663	3
1664	0
1665	0
1666	0
1667	0
1668	1
1669	1
1670	0
1671	3
1672	3
1673	3
1674	2
1675	3
1676	1
1677	2
1678	0
1679	3
1680	0
1681	0
1682	3
1683	0
1684	3
1685	3
1686	3
1687	0
1688	1
1689	3
1690	0
1691	3
1692	3
1693	3
1694	3
1695	3
1696	0
1697	1
1698	3
1699	0
1700	3
1701	3
1702	2
1703	0
1704	3
1705	3
1706	0
1707	0
1708	0
1709	0
1710	3
1711	0
1712	0
1713	3
1714	0
1715	3
1716	3
1717	3
1718	0
1719	0
1720	0
1721	3
1722	2
1723	3
1724	2
1725	3
1726	3
1727	0
1728	1
1729	0
1730	0
1731	3
1732	0
1733	3
1734	3
1735	2
1736	3
1737	3
1738	0
1739	3
1740	3
1741	3
1742	3
1743	2
1744	3
1745	1
1746	0
1747	2
1748	3
1749	3
1750	3
1751	0
1752	1
1753	3
1754	0
1755	1
1756	3
1757	0
1758	3
1759	0
1760	3
1761	0
1762	3
1763	2
1764	3
1765	3
1766	3
1767	2
1768	3
1769	3
1770	0
1771	3
1772	3
1773	3
1774	3
1775	3
1776	0
1777	0
1778	0
1779	3
1780	3
1781	3
1782	0
1783	3
1784	0
1785	2
1786	0
1787	0
1788	0
1789	3
1790	2
1791	0
1792	0
1793	0
1794	0
1795	3
1796	0
1797	3
1798	3
1799	0
1800	3
1801	3
1802	2
1803	3
1804	3
1805	2
1806	3
1807	2
1808	0
1809	3
1810	0
1811	3
1812	0
1813	0
1814	0
1815	0
1816	0
1817	3
1818	0
1819	0
1820	0
1821	0
1822	3
1823	0
1824	0
1825	0
1826	3
1827	2
1828	1
1829	1
1830	3
1831	0
1832	3
1833	3
1834	0
1835	0
1836	0
1837	0
1838	3
1839	2
1840	3
1841	0
1842	1
1843	2
1844	0
1845	0
1846	1
1847	0
1848	0
1849	2
1850	2
1851	0
1852	0
1853	3
1854	3
1855	3
1856	0
1857	2
1858	0
1859	1
1860	3
1861	0
1862	0
1863	1
1864	0
1865	0
1866	0
1867	3
1868	0
1869	0
1870	1
1871	3
1872	0
1873	3
1874	3
1875	0
1876	0
1877	0
1878	2
1879	0
1880	3
1881	1
1882	0
1883	0
1884	0
1885	3
1886	0
1887	0
1888	2
1889	0
1890	0
1891	0
1892	0
1893	2
1894	0
1895	0
1896	0
1897	3
1898	0
1899	0
1900	0
1901	0
1902	0
1903	0
1904	0
1905	0
1906	0
1907	3
1908	0
1909	0
1910	3
1911	0
1912	0
1913	3
1914	3
1915	3
1916	0
1917	1
1918	3
1919	0
1920	3
1921	0
1922	1
1923	2
1924	0
1925	1
1926	3
1927	3
1928	2
1929	3
1930	1
1931	0
1932	3
1933	0
1934	3
1935	3
1936	0
1937	0
1938	3
1939	0
1940	3
1941	0
1942	3
1943	0
1944	0
1945	0
1946	0
1947	3
1948	0
1949	3
1950	1
1951	0
1952	3
1953	1
1954	2
1955	3
1956	0
1957	3
1958	1
1959	3
1960	2
1961	3
1962	1
1963	2
1964	0
1965	0
1966	3
1967	0
1968	0
1969	0
1970	0
1971	3
1972	0
1973	0
1974	3
1975	3
1976	3
1977	3
1978	3
1979	0
1980	2
1981	3
1982	3
1983	3
1984	3
1985	0
1986	0
1987	1
1988	2
1989	3
1990	0
1991	0
1992	3
1993	3
1994	3
1995	0
1996	0
1997	1
1998	3
1999	3
2000	0
2001	2
2002	0
2003	0
2004	0
2005	0
2006	3
2007	0
2008	0
2009	2
2010	3
2011	0
2012	0
2013	0
2014	3
2015	3
2016	0
2017	2
2018	1
2019	0
2020	1
2021	2
2022	0
2023	3
2024	2
2025	3
2026	1
2027	1
2028	0
2029	3
2030	3
2031	1
2032	3
2033	3
2034	3
2035	3
2036	0
2037	0
2038	2
2039	0
2040	3
2041	3
2042	0
2043	3
2044	0
2045	3
2046	3
2047	3
2048	2
2049	3
2050	2
2051	2
2052	3
2053	0
2054	0
2055	0
2056	0
2057	0
2058	0
2059	3
2060	0
2061	3
2062	0
2063	0
2064	0
2065	3
2066	0
2067	3
2068	3
2069	3
2070	3
2071	0
2072	2
2073	0
2074	0
2075	0
2076	0
2077	2
2078	3
2079	3
2080	3
2081	3
2082	1
2083	3
2084	0
2085	2
2086	3
2087	0
2088	0
2089	3
2090	0
2091	3
2092	3
2093	0
2094	0
2095	0
2096	3
2097	3
2098	0
2099	2
2100	3
2101	0
2102	3
2103	3
2104	0
2105	3
2106	3
2107	1
2108	0
2109	0
2110	3
2111	2
2112	0
2113	0
2114	0
2115	0
2116	0
2117	0
2118	0
2119	3
2120	0
2121	0
2122	1
2123	2
2124	3
2125	3
2126	2
2127	2
2128	0
2129	3
2130	3
2131	3
2132	3
2133	3
2134	0
2135	1
2136	1
2137	2
2138	0
2139	3
2140	0
2141	3
2142	3
2143	3
2144	0
2145	3
2146	0
2147	0
2148	2
2149	0
2150	2
2151	0
2152	0
2153	0
2154	3
2155	3
2156	2
2157	0
2158	0
2159	0
2160	0
2161	3
2162	3
2163	3
2164	3
2165	0
2166	2
2167	0
2168	0
2169	0
2170	3
2171	0
2172	2
2173	3
2174	3
2175	3
2176	3
2177	3
2178	0
2179	1
2180	3
2181	0
2182	2
2183	0
2184	0
2185	0
2186	0
2187	3
2188	0
2189	0
2190	3
2191	1
2192	3
2193	0
2194	0
2195	2
2196	3
2197	3
2198	3
2199	0
2200	0
2201	1
2202	0
2203	3
2204	0
2205	3
2206	3
2207	3
2208	0
2209	3
2210	0
2211	2
2212	2
2213	0
2214	0
2215	3
2216	3
2217	0
2218	0
2219	3
2220	3
2221	0
2222	0
2223	0
2224	0
2225	0
2226	0
2227	0
2228	0
2229	3
2230	3
2231	0
2232	3
2233	0
2234	2
2235	3
2236	0
2237	3
2238	0
2239	0
2240	2
2241	3
2242	0
2243	1
2244	0
2245	0
2246	0
2247	0
2248	0
2249	0
2250	0
2251	2
2252	3
2253	3
2254	3
2255	0
2256	3
2257	3
2258	0
2259	1
2260	3
2261	0
2262	3
2263	0
2264	0
2265	3
2266	2
2267	3
2268	3
2269	3
2270	2
2271	3
2272	2
2273	2
2274	0
2275	0
2276	0
2277	3
2278	0
2279	0
2280	0
2281	0
2282	3
2283	2
2284	3
2285	0
2286	0
2287	3
2288	2
2289	3
2290	0
2291	0
2292	2
2293	2
2294	3
2295	0
2296	3
2297	0
2298	2
2299	3
2300	3
2301	3
2302	3
2303	3
2304	0
2305	0
2306	3
2307	0
2308	3
2309	3
2310	0
2311	0
2312	0
2313	0
2314	0
2315	3
2316	2
2317	3
2318	3
2319	0
2320	0
2321	3
2322	1
2323	2
2324	3
2325	0
2326	0
2327	3
2328	3
2329	1
2330	2
2331	2
2332	0
2333	3
2334	3
2335	3
2336	2
2337	3
2338	0
2339	0
2340	3
2341	1
2342	3
2343	0
2344	0
2345	3
2346	3
2347	0
2348	2
2349	0
2350	0
2351	0
2352	0
2353	0
2354	0
2355	0
2356	3
2357	0
2358	0
2359	0
2360	1
2361	0
2362	0
2363	3
2364	1
2365	3
2366	0
2367	3
2368	2
2369	3
2370	0
2371	0
2372	0
2373	1
2374	0
2375	0
2376	0
2377	3
2378	2
2379	3
2380	3
2381	2
2382	3
2383	0
2384	0
2385	0
2386	3
2387	2
2388	0
2389	0
2390	0
2391	0
2392	3
2393	0
2394	3
2395	3
2396	0
2397	3
2398	3
2399	3
2400	0
2401	2
2402	0
2403	0
2404	3
2405	3
2406	0
2407	3
2408	1
2409	2
2410	0
2411	3
2412	3
2413	3
2414	3
2415	0
2416	0
2417	0
2418	3
2419	2
2420	3
2421	0
2422	0
2423	3
2424	3
2425	3
2426	0
2427	2
2428	0
2429	2
2430	3
2431	3
2432	2
2433	0
2434	3
2435	3
2436	0
2437	0
2438	0
2439	3
2440	3
2441	0
2442	0
2443	3
2444	3
2445	2
2446	3
2447	3
2448	0
2449	0
2450	3
2451	0
2452	3
2453	3
2454	0
2455	0
2456	2
2457	3
2458	0
2459	0
2460	0
2461	3
2462	0
2463	0
2464	3
2465	3
2466	3
2467	1
2468	0
2469	0
2470	0
2471	0
2472	3
2473	0
2474	0
2475	3
2476	3
2477	0
2478	3
2479	1
2480	0
2481	0
2482	0
2483	0
2484	0
2485	3
2486	2
2487	3
2488	3
2489	0
2490	3
2491	3
2492	0
2493	3
2494	0
2495	3
2496	2
2497	0
2498	1
2499	0
2500	0
2501	1
2502	0
2503	0
2504	0
2505	0
2506	0
2507	3
2508	3
2509	3
2510	3
2511	1
2512	2
2513	0
2514	3
2515	3
2516	3
2517	3
2518	3
2519	0
2520	3
2521	0
2522	0
2523	3
2524	3
2525	3
2526	1
2527	3
2528	0
2529	3
2530	1
2531	0
2532	0
2533	3
2534	0
2535	0
2536	3
2537	3
2538	0
2539	3
2540	1
2541	0
2542	3
2543	0
2544	0
2545	0
2546	3
2547	3
2548	3
2549	0
2550	0
2551	3
2552	0
2553	0
2554	0
2555	0
2556	3
2557	2
2558	0
2559	3
2560	2
2561	3
2562	1
2563	0
2564	3
2565	0
2566	3
2567	0
2568	1
2569	0
2570	0
2571	3
2572	3
2573	1
2574	1
2575	2
2576	0
2577	0
2578	0
2579	1
2580	0
2581	3
2582	3
2583	3
2584	0
2585	3
2586	3
2587	0
2588	3
2589	3
2590	0
2591	3
2592	0
2593	3
2594	0
2595	3
2596	3
2597	3
2598	0
2599	3
2600	2
2601	3
2602	3
2603	3
2604	0
2605	3
2606	3
2607	0
2608	0
2609	0
2610	2
2611	3
2612	0
2613	0
2614	0
2615	3
2616	2
2617	0
2618	1
2619	0
2620	0
2621	2
2622	0
2623	2
2624	3
2625	3
2626	3
2627	0
2628	2
2629	3
2630	3
2631	0
2632	3
2633	0
2634	0
2635	0
2636	3
2637	3
2638	0
2639	3
2640	3
2641	2
2642	0
2643	3
2644	0
2645	0
2646	3
2647	3
2648	0
2649	0
2650	0
2651	0
2652	2
2653	3
2654	1
2655	3
2656	0
2657	3
2658	2
2659	0
2660	1
2661	1
2662	1
2663	0
2664	3
2665	0
2666	3
2667	1
2668	3
2669	0
2670	3
2671	0
2672	3
2673	3
2674	0
2675	0
2676	3
2677	0
2678	3
2679	0
2680	0
2681	0
2682	0
2683	0
2684	0
2685	3
2686	0
2687	3
2688	1
2689	3
2690	0
2691	0
2692	3
2693	0
2694	2
2695	0
2696	3
2697	3
2698	0
2699	0
2700	0
2701	0
2702	1
2703	0
2704	0
2705	1
2706	0
2707	0
2708	0
2709	3
2710	3
2711	2
2712	3
2713	0
2714	3
2715	0
2716	0
2717	3
2718	3
2719	2
2720	3
2721	2
2722	0
2723	0
2724	3
2725	3
2726	0
2727	0
2728	2
2729	0
2730	3
2731	3
2732	0
2733	0
2734	2
2735	3
2736	3
2737	3
2738	0
2739	0
2740	0
2741	2
2742	2
2743	0
2744	0
2745	0
2746	3
2747	0
2748	3
2749	3
2750	1
2751	0
2752	0
2753	3
2754	3
2755	0
2756	3
2757	2
2758	3
2759	3
2760	3
2761	0
2762	3
2763	3
2764	0
2765	1
2766	0
2767	0
2768	0
2769	3
2770	2
2771	0
2772	1
2773	3
2774	3
2775	1
2776	0
2777	0
2778	2
2779	0
2780	3
2781	3
2782	0
2783	3
2784	3
2785	3
2786	3
2787	0
2788	3
2789	3
2790	0
2791	0
2792	3
2793	3
2794	0
2795	3
2796	0
2797	0
2798	3
2799	0
2800	0
2801	3
2802	0
2803	3
2804	3
2805	0
2806	0
2807	1
2808	0
2809	0
2810	1
2811	0
2812	3
2813	3
2814	3
2815	3
2816	0
2817	1
2818	2
2819	0
2820	3
2821	0
2822	1
2823	2
2824	0
2825	2
2826	0
2827	0
2828	3
2829	0
2830	0
2831	3
2832	0
2833	3
2834	3
2835	0
2836	0
2837	3
2838	0
2839	3
2840	1
2841	3
2842	0
2843	0
2844	0
2845	3
2846	3
2847	3
2848	0
2849	0
2850	0
2851	0
2852	3
2853	3
2854	0
2855	0
2856	0
2857	3
2858	0
2859	1
2860	3
2861	3
2862	3
2863	3
2864	0
2865	3
2866	3
2867	3
2868	0
2869	0
2870	0
2871	0
2872	3
2873	3
2874	3
2875	3
2876	3
2877	3
2878	0
2879	3
2880	3
2881	3
2882	1
2883	0
2884	3
2885	0
2886	0
2887	0
2888	1
2889	3
2890	1
2891	2
2892	3
2893	1
2894	3
2895	0
2896	2
2897	1
2898	0
2899	3
2900	0
2901	0
2902	0
2903	0
2904	0
2905	0
2906	0
2907	0
2908	3
2909	3
2910	3
2911	3
2912	3
2913	0
2914	2
2915	0
2916	0
2917	2
2918	0
2919	0
2920	0
2921	3
2922	2
2923	3
2924	1
2925	2
2926	0
2927	3
2928	3
2929	3
2930	0
2931	3
2932	3
2933	1
2934	0
2935	0
2936	3
2937	2
2938	0
2939	3
2940	0
2941	3
2942	0
2943	1
2944	3
2945	0
2946	0
2947	3
2948	0
2949	3
2950	1
2951	3
2952	0
2953	3
2954	3
2955	3
2956	1
2957	0
2958	3
2959	0
2960	0
2961	3
2962	0
2963	2
2964	0
2965	3
2966	3
2967	3
2968	1
2969	0
2970	2
2971	0
2972	3
2973	0
2974	3
2975	3
2976	3
2977	3
2978	3
2979	0
2980	2
2981	0
2982	0
2983	0
2984	3
2985	0
2986	0
2987	3
2988	3
2989	3
2990	3
2991	0
2992	0
2993	3
2994	0
2995	3
2996	2
2997	0
2998	2
2999	0
3000	3
3001	3
3002	3
3003	0
3004	0
3005	3
3006	3
3007	3
3008	2
3009	0
3010	0
3011	2
3012	3
3013	0
3014	3
3015	0
3016	3
3017	3
3018	0
3019	3
3020	0
3021	3
3022	0
3023	0
3024	3
3025	0
3026	0
3027	3
3028	0
3029	2
3030	0
3031	3
3032	2
3033	0
3034	3
3035	3
3036	2
3037	3
3038	1
3039	3
3040	0
3041	0
3042	3
3043	0
3044	3
3045	2
3046	3
3047	0
3048	1
3049	0
3050	0
3051	1
3052	3
3053	0
3054	3
3055	0
3056	0
3057	3
3058	0
3059	3
3060	0
3061	0
3062	3
3063	0
3064	0
3065	0
3066	2
3067	3
3068	0
3069	3
3070	3
3071	0
3072	3
3073	3
3074	3
3075	0
3076	0
3077	3
3078	2
3079	0
3080	0
3081	0
3082	0
3083	0
3084	3
3085	3
3086	3
3087	0
3088	3
3089	3
3090	2
3091	0
3092	3
3093	1
3094	0
3095	3
3096	0
3097	0
3098	2
3099	0
3100	3
3101	0
3102	3
3103	3
3104	0
3105	3
3106	3
3107	1
3108	0
3109	3
3110	3
3111	0
3112	3
3113	0
3114	3
3115	0
3116	3
3117	0
3118	3
3119	0
3120	0
3121	0
3122	0
3123	0
3124	1
3125	2
3126	0
3127	3
3128	0
3129	0
3130	3
3131	3
3132	3
3133	0
3134	3
3135	0
3136	0
3137	0
3138	3
3139	0
3140	0
3141	3
3142	0
3143	2
3144	1
3145	2
3146	0
3147	1
3148	1
3149	3
3150	0
3151	2
3152	0
3153	3
3154	3
3155	2
3156	0
3157	0
3158	0
3159	3
3160	0
3161	3
3162	3
3163	0
3164	3
3165	2
3166	0
3167	3
3168	1
3169	3
3170	0
3171	0
3172	0
3173	0
3174	0
3175	1
3176	2
3177	0
3178	0
3179	0
3180	3
3181	0
3182	3
3183	0
3184	3
3185	3
3186	3
3187	3
3188	3
3189	1
3190	0
3191	0
3192	0
3193	0
3194	2
3195	2
3196	1
3197	2
3198	0
3199	2
3200	0
3201	3
3202	3
3203	3
3204	0
3205	3
3206	0
3207	0
3208	3
3209	0
3210	0
3211	3
3212	3
3213	0
3214	0
3215	0
3216	3
3217	3
3218	0
3219	1
3220	3
3221	0
3222	0
3223	0
3224	0
3225	0
3226	3
3227	1
3228	0
3229	0
3230	0
3231	3
3232	0
3233	3
3234	0
3235	0
3236	3
3237	0
3238	0
3239	3
3240	0
3241	1
3242	1
3243	3
3244	3
3245	0
3246	2
3247	3
3248	0
3249	0
3250	0
3251	3
3252	3
3253	2
3254	3
3255	3
3256	3
3257	0
3258	2
3259	3
3260	0
3261	0
3262	0
3263	3
3264	2
3265	0
3266	3
3267	3
3268	0
3269	3
3270	2
3271	3
3272	0
3273	0
3274	0
3275	3
3276	0
3277	0
3278	1
3279	3
3280	2
3281	3
3282	3
3283	1
3284	0
3285	0
3286	0
3287	0
3288	2
3289	0
3290	0
3291	0
3292	0
3293	0
3294	0
3295	0
3296	0
3297	3
3298	3
3299	0
3300	3
3301	3
3302	3
3303	3
3304	0
3305	3
3306	3
3307	2
3308	3
3309	0
3310	3
3311	0
3312	0
3313	3
3314	0
3315	3
3316	3
3317	0
3318	0
3319	1
3320	0
3321	0
3322	0
3323	2
3324	3
3325	0
3326	0
3327	1
3328	0
3329	0
3330	0
3331	0
3332	3
3333	3
3334	0
3335	0
3336	2
3337	0
3338	0
3339	3
3340	3
3341	0
3342	0
3343	0
3344	0
3345	3
3346	3
3347	0
3348	0
3349	0
3350	0
3351	2
3352	0
3353	3
3354	3
3355	3
3356	0
3357	2
3358	0
3359	0
3360	2
3361	0
3362	0
3363	0
3364	2
3365	3
3366	0
3367	3
3368	3
3369	3
3370	0
3371	1
3372	3
3373	3
3374	3
3375	3
3376	2
3377	3
3378	0
3379	0
3380	1
3381	0
3382	0
3383	3
3384	0
3385	0
3386	3
3387	1
3388	1
3389	3
3390	0
3391	3
3392	0
3393	0
3394	0
3395	1
3396	0
3397	3
3398	0
3399	0
3400	0
3401	0
3402	0
3403	3
3404	2
3405	2
3406	3
3407	0
3408	1
3409	3
3410	0
3411	0
3412	3
3413	0
3414	0
3415	0
3416	0
3417	1
3418	3
3419	3
3420	0
3421	3
3422	0
3423	3
3424	1
3425	3
3426	2
3427	0
3428	0
3429	1
3430	1
3431	0
3432	3
3433	0
3434	1
3435	0
3436	3
3437	0
3438	3
3439	0
3440	0
3441	0
3442	3
3443	3
3444	2
3445	0
3446	0
3447	0
3448	2
3449	0
3450	0
3451	3
3452	3
3453	0
3454	0
3455	0
3456	3
3457	3
3458	1
3459	0
3460	0
3461	3
3462	0
3463	3
3464	3
3465	0
3466	3
3467	3
3468	0
3469	1
3470	3
3471	0
3472	0
3473	3
3474	3
3475	0
3476	3
3477	0
3478	0
3479	3
3480	0
3481	0
3482	3
3483	2
3484	3
3485	3
3486	0
3487	0
3488	0
3489	3
3490	3
3491	0
3492	0
3493	3
3494	0
3495	3
3496	3
3497	0
3498	0
3499	0
3500	3
3501	0
3502	0
3503	3
3504	3
3505	0
3506	0
3507	2
3508	3
3509	0
3510	2
3511	3
3512	0
3513	3
3514	0
3515	0
3516	3
3517	3
3518	1
3519	3
3520	3
3521	0
3522	0
3523	2
3524	1
3525	3
3526	0
3527	3
3528	3
3529	0
3530	0
3531	0
3532	3
3533	0
3534	0
3535	0
3536	3
3537	3
3538	3
3539	0
3540	3
3541	0
3542	0
3543	0
3544	0
3545	3
3546	3
3547	3
3548	3
3549	0
3550	0
3551	0
3552	1
3553	3
3554	3
3555	0
3556	3
3557	3
3558	0
3559	3
3560	1
3561	0
3562	0
3563	2
3564	1
3565	0
3566	3
3567	3
3568	3
3569	3
3570	1
3571	0
3572	0
3573	0
3574	0
3575	0
3576	2
3577	3
3578	0
3579	0
3580	3
3581	3
3582	0
3583	3
3584	3
3585	0
3586	0
3587	0
3588	0
3589	2
3590	1
3591	0
3592	3
3593	0
3594	3
3595	0
3596	0
3597	0
3598	0
3599	0
3600	0
3601	1
3602	1
3603	0
3604	2
3605	0
3606	2
3607	3
3608	0
3609	0
3610	3
3611	0
3612	3
3613	1
3614	3
3615	0
3616	1
3617	0
3618	0
3619	3
3620	1
3621	0
3622	0
3623	0
3624	3
3625	0
3626	1
3627	3
3628	0
3629	0
3630	1
3631	0
3632	3
3633	3
3634	0
3635	0
3636	3
3637	0
3638	1
3639	2
3640	3
3641	1
3642	2
3643	3
3644	3
3645	0
3646	2
3647	3
3648	3
3649	0
3650	0
3651	0
3652	3
3653	3
3654	3
3655	2
3656	0
3657	1
3658	0
3659	3
3660	3
3661	0
3662	3
3663	2
3664	0
3665	3
3666	0
3667	3
3668	0
3669	0
3670	0
3671	0
3672	0
3673	0
3674	3
3675	2
3676	0
3677	0
3678	0
3679	3
3680	3
3681	2
3682	0
3683	3
3684	0
3685	3
3686	0
3687	0
3688	1
3689	0
3690	0
3691	0
3692	0
3693	3
3694	3
3695	0
3696	3
3697	0
3698	1
3699	3
3700	0
3701	0
3702	0
3703	0
3704	0
3705	3
3706	0
3707	3
3708	3
3709	3
3710	0
3711	1
3712	3
3713	0
3714	0
3715	0
3716	0
3717	2
3718	2
3719	3
3720	0
3721	0
3722	0
3723	0
3724	3
3725	3
3726	0
3727	1
3728	3
3729	3
3730	0
3731	3
3732	3
3733	2
3734	3
3735	0
3736	0
3737	0
3738	3
3739	3
3740	1
3741	0
3742	3
3743	0
3744	2
3745	0
3746	3
3747	3
3748	0
3749	3
3750	3
3751	0
3752	1
3753	0
3754	0
3755	3
3756	3
3757	3
3758	3
3759	0
3760	3
3761	3
3762	0
3763	3
3764	0
3765	3
3766	0
3767	0
3768	0
3769	0
3770	3
3771	3
3772	3
3773	0
3774	3
3775	3
3776	0
3777	1
3778	3
3779	3
3780	0
3781	0
3782	0
3783	0
3784	3
3785	0
3786	0
3787	0
3788	3
3789	3
3790	3
3791	0
3792	2
3793	3
3794	3
3795	0
3796	3
3797	2
3798	2
3799	0
3800	0
3801	1
3802	3
3803	2
3804	3
3805	3
3806	1
3807	2
3808	3
3809	0
3810	0
3811	2
3812	0
3813	3
3814	0
3815	2
3816	0
3817	0
3818	3
3819	0
3820	3
3821	1
3822	0
3823	0
3824	0
3825	0
3826	1
3827	3
3828	3
3829	0
3830	0
3831	1
3832	0
3833	0
3834	0
3835	0
3836	3
3837	0
3838	3
3839	3
3840	3
3841	1
3842	3
3843	0
3844	0
3845	0
3846	3
3847	0
3848	3
3849	0
3850	2
3851	0
3852	0
3853	3
3854	0
3855	0
3856	1
3857	3
3858	3
3859	0
3860	0
3861	3
3862	0
3863	0
3864	0
3865	3
3866	3
3867	3
3868	1
3869	0
3870	3
3871	0
3872	0
3873	0
3874	0
3875	0
3876	2
3877	3
3878	3
3879	3
3880	3
3881	0
3882	0
3883	3
3884	3
3885	3
3886	3
3887	0
3888	3
3889	3
3890	3
3891	1
3892	0
3893	0
3894	0
3895	2
3896	0
3897	3
3898	3
3899	0
3900	0
3901	0
3902	0
3903	0
3904	0
3905	3
3906	0
3907	3
3908	0
3909	3
3910	0
3911	3
3912	1
3913	0
3914	0
3915	3
3916	3
3917	2
3918	3
3919	0
3920	0
3921	2
3922	0
3923	3
3924	0
3925	0
3926	3
3927	0
3928	0
3929	0
3930	3
3931	0
3932	0
3933	1
3934	0
3935	2
3936	0
3937	0
3938	3
3939	0
3940	1
3941	0
3942	3
3943	0
3944	0
3945	0
3946	0
3947	1
3948	2
3949	3
3950	0
3951	1
3952	0
3953	3
3954	3
3955	3
3956	0
3957	3
3958	3
3959	0
3960	3
3961	0
3962	0
3963	2
3964	0
3965	3
3966	3
3967	3
3968	0
3969	0
3970	3
3971	2
3972	1
3973	1
3974	0
3975	0
3976	0
3977	0
3978	0
3979	0
3980	0
3981	0
3982	3
3983	0
3984	0
3985	3
3986	3
3987	0
3988	0
3989	0
3990	3
3991	3
3992	0
3993	3
3994	2
3995	3
3996	0
3997	0
3998	2
3999	0
4000	2
4001	1
4002	0
4003	3
4004	3
4005	0
4006	0
4007	3
4008	0
4009	0
4010	0
4011	3
4012	2
4013	0
4014	3
4015	3
4016	0
4017	2
4018	0
4019	0
4020	3
4021	0
4022	0
4023	1
4024	3
4025	0
4026	3
4027	3
4028	0
4029	0
4030	0
4031	3
4032	3
4033	2
4034	3
4035	3
4036	1
4037	0
4038	0
4039	3
4040	3
4041	0
4042	3
4043	1
4044	0
4045	3
4046	3
4047	3
4048	0
4049	0
4050	3
4051	0
4052	3
4053	3
4054	0
4055	0
4056	0
4057	0
4058	3
4059	0
4060	3
4061	0
4062	3
4063	0
4064	3
4065	0
4066	0
4067	0
4068	0
4069	1
4070	0
4071	0
4072	1
4073	0
4074	3
4075	3
4076	0
4077	0
4078	3
4079	1
4080	0
4081	0
4082	3
4083	0
4084	0
4085	3
4086	0
4087	0
4088	3
4089	0
4090	0
4091	3
4092	3
4093	0
4094	0
4095	3
4096	3
4097	0
4098	1
4099	3
4100	0
4101	0
4102	0
4103	3
4104	0
4105	0
4106	0
4107	0
4108	0
4109	3
4110	1
4111	1
4112	3
4113	1
4114	3
4115	0
4116	0
4117	1
4118	2
4119	0
4120	3
4121	3
4122	0
4123	0
4124	1
4125	3
4126	3
4127	3
4128	0
4129	3
4130	0
4131	1
4132	0
4133	0
4134	0
4135	3
4136	1
4137	0
4138	3
4139	0
4140	3
4141	1
4142	0
4143	0
4144	3
4145	0
4146	2
4147	0
4148	3
4149	2
4150	3
4151	1
4152	0
4153	0
4154	0
4155	0
4156	0
4157	3
4158	0
4159	0
4160	3
4161	0
4162	2
4163	3
4164	2
4165	2
4166	1
4167	1
4168	0
4169	0
4170	0
4171	0
4172	3
4173	3
4174	0
4175	3
4176	0
4177	0
4178	0
4179	1
4180	0
4181	1
4182	0
4183	0
4184	3
4185	3
4186	0
4187	1
4188	3
4189	0
4190	0
4191	1
4192	0
4193	3
4194	3
4195	0
4196	0
4197	3
4198	0
4199	3
4200	0
4201	0
4202	3
4203	0
4204	3
4205	1
4206	0
4207	0
4208	0
4209	0
4210	0
4211	0
4212	0
4213	3
4214	0
4215	0
4216	3
4217	3
4218	0
4219	3
4220	0
4221	3
4222	0
4223	3
4224	3
4225	3
4226	3
4227	3
4228	3
4229	3
4230	0
4231	3
4232	3
4233	3
4234	0
4235	0
4236	3
4237	3
4238	3
4239	3
4240	2
4241	2
4242	1
4243	3
4244	0
4245	3
4246	0
4247	3
4248	3
4249	0
4250	3
4251	3
4252	0
4253	0
4254	0
4255	3
4256	3
4257	3
4258	3
4259	3
4260	3
4261	3
4262	3
4263	3
4264	3
4265	2
4266	0
4267	0
4268	0
4269	3
4270	3
4271	2
4272	3
4273	3
4274	0
4275	0
4276	3
4277	3
4278	3
4279	0
4280	0
4281	0
4282	2
4283	0
4284	0
4285	3
4286	1
4287	0
4288	3
4289	0
4290	0
4291	0
4292	3
4293	3
4294	0
4295	0
4296	0
4297	3
4298	3
4299	0
4300	3
4301	3
4302	3
4303	0
4304	3
4305	3
4306	0
4307	3
4308	0
4309	2
4310	2
4311	3
4312	3
4313	0
4314	3
4315	0
4316	0
4317	3
4318	3
4319	2
4320	3
4321	3
4322	1
4323	3
4324	0
4325	3
4326	0
4327	3
4328	2
4329	3
4330	0
4331	0
4332	3
4333	0
4334	3
4335	3
4336	3
4337	0
4338	0
4339	3
4340	0
4341	3
4342	3
4343	3
4344	3
4345	3
4346	3
4347	0
4348	0
4349	3
4350	3
4351	2
4352	3
4353	3
4354	3
4355	3
4356	3
4357	0
4358	3
4359	3
4360	0
4361	2
4362	3
4363	0
4364	3
4365	3
4366	0
4367	0
4368	0
4369	0
4370	0
4371	3
4372	0
4373	0
4374	2
4375	3
4376	3
4377	3
4378	0
4379	3
4380	0
4381	3
4382	3
4383	3
4384	3
4385	2
4386	3
4387	0
4388	3
4389	3
4390	0
4391	0
4392	0
4393	3
4394	2
4395	0
4396	3
4397	3
4398	0
4399	3
4400	3
4401	0
4402	3
4403	0
4404	0
4405	2
4406	3
4407	3
4408	1
4409	0
4410	3
4411	3
4412	3
4413	3
4414	3
4415	3
4416	3
4417	3
4418	3
4419	3
4420	0
4421	3
4422	3
4423	0
4424	3
4425	3
4426	0
4427	0
4428	3
4429	0
4430	3
4431	0
4432	0
4433	0
4434	1
4435	3
4436	3
4437	0
4438	0
4439	0
4440	1
4441	3
4442	0
4443	3
4444	3
4445	0
4446	3
4447	0
4448	3
4449	2
4450	3
4451	3
4452	0
4453	3
4454	3
4455	0
4456	0
4457	0
4458	0
4459	3
4460	3
4461	3
4462	1
4463	3
4464	0
4465	3
4466	0
4467	2
4468	0
4469	0
4470	0
4471	3
4472	3
4473	1
4474	0
4475	1
4476	1
4477	1
4478	0
4479	0
4480	3
4481	3
4482	0
4483	0
4484	3
4485	3
4486	0
4487	3
4488	0
4489	3
4490	0
4491	0
4492	2
4493	3
4494	3
4495	0
4496	0
4497	3
4498	0
4499	3
4500	0
4501	3
4502	2
4503	0
4504	3
4505	0
4506	0
4507	3
4508	2
4509	2
4510	0
4511	3
4512	3
4513	2
4514	0
4515	0
4516	0
4517	0
4518	0
4519	0
4520	3
4521	2
4522	0
4523	0
4524	3
4525	3
4526	0
4527	2
4528	2
4529	0
4530	2
4531	0
4532	3
4533	3
4534	3
4535	3
4536	0
4537	0
4538	0
4539	2
4540	3
4541	0
4542	3
4543	3
4544	3
4545	3
4546	0
4547	3
4548	0
4549	3
4550	0
4551	3
4552	0
4553	3
4554	2
4555	0
4556	3
4557	3
4558	0
4559	0
4560	3
4561	0
4562	1
4563	0
4564	1
4565	3
4566	3
4567	0
4568	3
4569	0
4570	3
4571	3
4572	0
4573	1
4574	3
4575	3
4576	3
4577	3
4578	1
4579	0
4580	0
4581	2
4582	2
4583	0
4584	3
4585	3
4586	2
4587	0
4588	0
4589	3
4590	3
4591	0
4592	3
4593	0
4594	3
4595	3
4596	0
4597	0
4598	0
4599	0
4600	0
4601	0
4602	0
4603	3
4604	3
4605	1
4606	3
4607	3
4608	0
4609	3
4610	3
4611	0
4612	0
4613	2
4614	0
4615	3
4616	0
4617	3
4618	0
4619	0
4620	3
4621	3
4622	3
4623	1
4624	0
4625	0
4626	0
4627	3
4628	0
4629	1
4630	3
4631	2
4632	3
4633	0
4634	0
4635	0
4636	0
4637	0
4638	3
4639	3
4640	0
4641	2
4642	2
4643	0
4644	1
4645	3
4646	3
4647	3
4648	2
4649	3
4650	1
4651	3
4652	0
4653	3
4654	2
4655	0
4656	0
4657	0
4658	0
4659	3
4660	0
4661	3
4662	0
4663	3
4664	0
4665	3
4666	0
4667	0
4668	0
4669	3
4670	0
4671	3
4672	3
4673	3
4674	0
4675	0
4676	0
4677	1
4678	0
4679	3
4680	0
4681	0
4682	0
4683	3
4684	0
4685	3
4686	0
4687	3
4688	2
4689	0
4690	0
4691	3
4692	0
4693	0
4694	3
4695	0
4696	3
4697	0
4698	0
4699	2
4700	0
4701	0
4702	0
4703	0
4704	0
4705	0
4706	0
4707	0
4708	0
4709	0
4710	0
4711	3
4712	3
4713	1
4714	1
4715	0
4716	3
4717	2
4718	1
4719	0
4720	3
4721	1
4722	1
4723	3
4724	0
4725	3
4726	0
4727	2
4728	0
4729	1
4730	0
4731	3
4732	3
4733	0
4734	0
4735	0
4736	3
4737	0
4738	0
4739	0
4740	3
4741	0
4742	3
4743	3
4744	0
4745	3
4746	2
4747	2
4748	2
4749	2
4750	3
4751	0
4752	3
4753	0
4754	2
4755	0
4756	0
4757	0
4758	1
4759	3
4760	1
4761	3
4762	1
4763	0
4764	0
4765	0
4766	3
4767	3
4768	3
4769	3
4770	1
4771	0
4772	3
4773	0
4774	2
4775	3
4776	3
4777	3
4778	3
4779	0
4780	3
4781	0
4782	0
4783	0
4784	0
4785	0
4786	0
4787	1
4788	0
4789	3
4790	3
4791	3
4792	0
4793	3
4794	2
4795	3
4796	3
4797	3
4798	3
4799	1
4800	2
4801	0
4802	0
4803	2
4804	0
4805	1
4806	3
4807	3
4808	0
4809	3
4810	0
4811	3
4812	0
4813	3
4814	0
4815	0
4816	2
4817	3
4818	3
4819	2
4820	2
4821	3
4822	1
4823	0
4824	0
4825	0
4826	3
4827	0
4828	0
4829	0
4830	3
4831	3
4832	0
4833	3
4834	1
4835	0
4836	3
4837	0
4838	0
4839	3
4840	3
4841	0
4842	0
4843	0
4844	3
4845	0
4846	3
4847	3
4848	2
4849	0
4850	3
4851	3
4852	3
4853	2
4854	2
4855	0
4856	0
4857	0
4858	3
4859	1
4860	2
4861	3
4862	3
4863	3
4864	0
4865	3
4866	3
4867	0
4868	3
4869	3
4870	0
4871	0
4872	3
4873	3
4874	3
4875	2
4876	3
4877	0
4878	3
4879	3
4880	2
4881	3
4882	0
4883	1
4884	3
4885	0
4886	0
4887	3
4888	3
4889	0
4890	0
4891	0
4892	0
4893	2
4894	0
4895	3
4896	3
4897	3
4898	3
4899	0
4900	3
4901	3
4902	0
4903	3
4904	0
4905	3
4906	3
4907	3
4908	3
4909	0
4910	3
4911	3
4912	0
4913	3
4914	0
4915	3
4916	3
4917	1
4918	0
4919	3
4920	3
4921	3
4922	0
4923	1
4924	0
4925	3
4926	0
4927	0
4928	3
4929	0
4930	1
4931	2
4932	2
4933	0
4934	0
4935	3
4936	0
4937	3
4938	3
4939	3
4940	3
4941	0
4942	1
4943	3
4944	0
4945	0
4946	3
4947	0
4948	0
4949	3
4950	0
4951	0
4952	1
4953	3
4954	3
4955	1
4956	0
4957	0
4958	0
4959	3
4960	2
4961	0
4962	0
4963	3
4964	3
4965	3
4966	1
4967	3
4968	0
4969	0
4970	2
4971	3
4972	3
4973	0
4974	2
4975	0
4976	1
4977	0
4978	3
4979	3
4980	0
4981	3
4982	0
4983	3
4984	3
4985	3
4986	3
4987	0
4988	3
4989	3
4990	1
4991	0
4992	3
4993	1
4994	3
4995	0
4996	3
4997	0
4998	0
4999	3
5000	3
5001	3
5002	0
5003	1
5004	3
5005	3
5006	3
5007	3
5008	3
5009	0
5010	2
5011	3
5012	3
5013	0
5014	0
5015	2
5016	0
5017	0
5018	0
5019	0
5020	3
5021	0
5022	0
5023	0
5024	3
5025	0
5026	0
5027	0
5028	0
5029	0
5030	0
5031	3
5032	3
5033	3
5034	3
5035	0
5036	0
5037	3
5038	3
5039	2
5040	3
5041	0
5042	3
5043	1
5044	0
5045	0
5046	3
5047	3
5048	0
5049	3
5050	0
5051	3
5052	0
5053	3
5054	0
5055	0
5056	0
5057	0
5058	3
5059	3
5060	3
5061	3
5062	3
5063	3
5064	0
5065	3
5066	3
5067	3
5068	3
5069	0
5070	3
5071	1
5072	3
5073	2
5074	3
5075	2
5076	3
5077	0
5078	0
5079	3
5080	0
5081	0
5082	3
5083	0
5084	2
5085	2
5086	3
5087	0
5088	0
5089	3
5090	0
5091	3
5092	3
5093	3
5094	1
5095	3
5096	0
5097	0
5098	2
5099	0
5100	1
5101	3
5102	3
5103	0
5104	1
5105	3
5106	3
5107	3
5108	0
5109	0
5110	0
5111	1
5112	1
5113	3
5114	0
5115	3
5116	0
5117	3
5118	3
5119	3
5120	0
5121	2
5122	0
5123	3
5124	3
5125	3
5126	0
5127	3
5128	0
5129	0
5130	3
5131	3
5132	3
5133	0
5134	0
5135	3
5136	0
5137	1
5138	1
5139	3
5140	0
5141	3
5142	3
5143	3
5144	3
5145	1
5146	3
5147	1
5148	0
5149	0
5150	0
5151	0
5152	0
5153	2
5154	0
5155	0
5156	2
5157	3
5158	2
5159	1
5160	2
5161	0
5162	3
5163	0
5164	3
5165	0
5166	2
5167	3
5168	0
5169	3
5170	0
5171	3
5172	0
5173	3
5174	3
5175	3
5176	0
5177	0
5178	3
5179	3
5180	3
5181	0
5182	0
5183	3
5184	2
5185	3
5186	0
5187	0
5188	2
5189	3
5190	3
5191	1
5192	3
5193	0
5194	2
5195	0
5196	3
5197	3
5198	3
5199	0
5200	3
5201	2
5202	2
5203	3
5204	0
5205	3
5206	0
5207	3
5208	0
5209	0
5210	0
5211	2
5212	0
5213	2
5214	3
5215	3
5216	0
5217	2
5218	0
5219	0
5220	1
5221	0
5222	3
5223	3
5224	3
5225	0
5226	1
5227	3
5228	3
5229	0
5230	1
5231	0
5232	0
5233	0
5234	0
5235	3
5236	3
5237	0
5238	3
5239	3
5240	3
5241	3
5242	0
5243	2
5244	0
5245	0
5246	2
5247	0
5248	0
5249	3
5250	0
5251	0
5252	1
5253	0
5254	3
5255	2
5256	3
5257	0
5258	2
5259	1
5260	3
5261	3
5262	0
5263	3
5264	3
5265	0
5266	0
5267	0
5268	0
5269	3
5270	0
5271	0
5272	2
5273	3
5274	2
5275	2
5276	0
5277	0
5278	3
5279	3
5280	0
5281	0
5282	0
5283	3
5284	0
5285	3
5286	0
5287	0
5288	0
5289	0
5290	3
5291	3
5292	1
5293	1
5294	3
5295	1
5296	3
5297	0
5298	0
5299	3
5300	2
5301	3
5302	2
5303	0
5304	2
5305	3
5306	0
5307	2
5308	0
5309	0
5310	3
5311	0
5312	1
5313	3
5314	0
5315	3
5316	3
5317	0
5318	0
5319	3
5320	3
5321	0
5322	0
5323	3
5324	3
5325	2
5326	0
5327	3
5328	3
5329	3
5330	0
5331	0
5332	1
5333	3
5334	2
5335	0
5336	3
5337	2
5338	0
5339	0
5340	3
5341	2
5342	0
5343	3
5344	1
5345	3
5346	0
5347	3
5348	0
5349	3
5350	0
5351	1
5352	3
5353	0
5354	3
5355	0
5356	0
5357	1
5358	0
5359	3
5360	3
5361	0
5362	0
5363	3
5364	0
5365	3
5366	3
5367	0
5368	3
5369	3
5370	0
5371	0
5372	3
5373	0
5374	0
5375	0
5376	3
5377	0
5378	0
5379	3
5380	3
5381	3
5382	0
5383	3
5384	3
5385	1
5386	0
5387	0
5388	3
5389	3
5390	0
5391	3
5392	2
5393	0
5394	0
5395	3
5396	3
5397	0
5398	3
5399	3
5400	0
5401	3
5402	1
5403	0
5404	3
5405	0
5406	3
5407	3
5408	3
5409	0
5410	3
5411	0
5412	3
5413	3
5414	0
5415	3
5416	0
5417	1
5418	3
5419	3
5420	3
5421	0
5422	0
5423	3
5424	0
5425	0
5426	3
5427	3
5428	3
5429	3
5430	3
5431	1
5432	2
5433	0
5434	2
5435	3
5436	0
5437	3
5438	0
5439	3
5440	3
5441	1
5442	0
5443	0
5444	0
5445	1
5446	1
5447	3
5448	3
5449	0
5450	1
5451	0
5452	0
5453	0
5454	0
5455	3
5456	0
5457	0
5458	1
5459	0
5460	2
5461	0
5462	0
5463	1
5464	3
5465	0
5466	2
5467	0
5468	0
5469	3
5470	3
5471	3
5472	0
5473	3
5474	0
5475	0
5476	0
5477	0
5478	3
5479	3
5480	3
5481	0
5482	0
5483	1
5484	0
5485	0
5486	3
5487	3
5488	3
5489	0
5490	3
5491	3
5492	0
5493	0
5494	1
5495	1
5496	3
5497	3
5498	0
5499	0
5500	0
5501	1
5502	2
5503	3
5504	0
5505	3
5506	0
5507	1
5508	3
5509	1
5510	0
5511	0
5512	2
5513	2
5514	0
5515	3
5516	2
5517	0
5518	1
5519	0
5520	0
5521	2
5522	0
5523	2
5524	3
5525	0
5526	3
5527	3
5528	3
5529	0
5530	0
5531	0
5532	0
5533	0
5534	0
5535	3
5536	0
5537	0
5538	3
5539	3
5540	0
5541	3
5542	0
5543	3
5544	2
5545	3
5546	0
5547	0
5548	3
5549	3
5550	0
5551	0
5552	3
5553	0
5554	0
5555	3
5556	0
5557	3
5558	3
5559	3
5560	0
5561	3
5562	0
5563	3
5564	0
5565	2
5566	3
5567	0
5568	0
5569	1
5570	0
5571	3
5572	3
5573	3
5574	0
5575	0
5576	3
5577	3
5578	0
5579	1
5580	3
5581	0
5582	3
5583	0
5584	3
5585	0
5586	2
5587	3
5588	0
5589	3
5590	3
5591	0
5592	2
5593	3
5594	2
5595	0
5596	0
5597	3
5598	3
5599	3
5600	3
5601	0
5602	0
5603	3
5604	2
5605	3
5606	3
5607	3
5608	3
5609	0
5610	0
5611	3
5612	3
5613	3
5614	0
5615	0
5616	3
5617	0
5618	0
5619	3
5620	0
5621	2
5622	3
5623	0
5624	0
5625	0
5626	0
5627	0
5628	0
5629	2
5630	0
5631	3
5632	0
5633	0
5634	0
5635	3
5636	3
5637	3
5638	0
5639	0
5640	3
5641	0
5642	0
5643	3
5644	3
5645	3
5646	0
5647	0
5648	0
5649	1
5650	3
5651	3
5652	0
5653	3
5654	0
5655	0
5656	0
5657	0
5658	0
5659	2
5660	0
5661	0
5662	0
5663	0
5664	0
5665	0
5666	0
5667	3
5668	3
5669	3
5670	3
5671	0
5672	0
5673	1
5674	0
5675	3
5676	3
5677	3
5678	1
5679	2
5680	0
5681	0
5682	0
5683	3
5684	0
5685	3
5686	0
5687	0
5688	3
5689	3
5690	0
5691	0
5692	0
5693	0
5694	3
5695	2
5696	0
5697	0
5698	1
5699	3
5700	0
5701	3
5702	3
5703	3
5704	0
5705	1
5706	0
5707	3
5708	2
5709	3
5710	0
5711	1
5712	3
5713	1
5714	0
5715	0
5716	0
5717	3
5718	0
5719	0
5720	3
5721	0
5722	2
5723	3
5724	1
5725	2
5726	0
5727	2
5728	0
5729	0
5730	3
5731	1
5732	0
5733	3
5734	0
5735	3
5736	3
5737	2
5738	0
5739	2
5740	3
5741	3
5742	0
5743	0
5744	3
5745	0
5746	0
5747	0
5748	0
5749	0
5750	0
5751	0
5752	0
5753	3
5754	0
5755	3
5756	3
5757	0
5758	3
5759	1
5760	3
5761	1
5762	0
5763	3
5764	3
5765	0
5766	1
5767	3
5768	3
5769	2
5770	3
5771	0
5772	0
5773	3
5774	0
5775	3
5776	0
5777	0
5778	0
5779	3
5780	0
5781	3
5782	0
5783	2
5784	0
5785	3
5786	3
5787	3
5788	3
5789	0
5790	3
5791	3
5792	3
5793	3
5794	0
5795	3
5796	0
5797	3
5798	3
5799	0
5800	0
5801	3
5802	0
5803	0
5804	3
5805	3
5806	2
5807	0
5808	3
5809	0
5810	2
5811	0
5812	0
5813	1
5814	3
5815	3
5816	3
5817	0
5818	0
5819	2
5820	0
5821	0
5822	3
5823	1
5824	0
5825	0
5826	0
5827	2
5828	2
5829	2
5830	1
5831	3
5832	1
5833	3
5834	3
5835	3
5836	0
5837	2
5838	0
5839	3
5840	3
5841	2
5842	0
5843	3
5844	0
5845	3
5846	3
5847	2
5848	3
5849	2
5850	0
5851	0
5852	0
5853	3
5854	3
5855	0
5856	3
5857	3
5858	0
5859	3
5860	0
5861	0
5862	2
5863	1
5864	2
5865	0
5866	3
5867	1
5868	0
5869	0
5870	0
5871	0
5872	0
5873	0
5874	3
5875	3
5876	0
5877	0
5878	0
5879	0
5880	3
5881	0
5882	0
5883	3
5884	3
5885	3
5886	0
5887	0
5888	0
5889	3
5890	0
5891	3
5892	0
5893	2
5894	0
5895	3
5896	3
5897	3
5898	0
5899	0
5900	1
5901	1
5902	0
5903	3
5904	1
5905	3
5906	0
5907	3
5908	0
5909	0
5910	0
5911	0
5912	1
5913	3
5914	2
5915	3
5916	3
5917	2
5918	0
5919	0
5920	0
5921	0
5922	0
5923	2
5924	0
5925	3
5926	0
5927	1
5928	0
5929	3
5930	0
5931	3
5932	0
5933	0
5934	0
5935	0
5936	3
5937	0
5938	3
5939	2
5940	1
5941	3
5942	2
5943	0
5944	0
5945	0
5946	0
5947	3
5948	3
5949	3
5950	2
5951	0
5952	3
5953	3
5954	0
5955	3
5956	3
5957	1
5958	0
5959	3
5960	0
5961	0
5962	0
5963	0
5964	1
5965	0
5966	2
5967	1
5968	0
5969	0
5970	2
5971	2
5972	0
5973	0
5974	0
5975	0
5976	2
5977	3
5978	3
5979	0
5980	0
5981	0
5982	3
5983	0
5984	0
5985	3
5986	0
5987	0
5988	3
5989	3
5990	3
5991	3
5992	0
5993	0
5994	0
5995	3
5996	3
5997	0
5998	0
5999	0
6000	3
6001	0
6002	0
6003	1
6004	0
6005	0
6006	1
6007	0
6008	0
6009	3
6010	3
6011	3
6012	0
6013	3
6014	3
6015	0
6016	0
6017	0
6018	0
6019	0
6020	0
6021	3
6022	1
6023	1
6024	3
6025	3
6026	3
6027	0
6028	2
6029	0
6030	2
6031	3
6032	1
6033	0
6034	3
6035	3
6036	0
6037	0
6038	0
6039	1
6040	0
6041	3
6042	0
6043	0
6044	0
6045	2
6046	3
6047	0
6048	0
6049	3
6050	0
6051	1
6052	0
6053	0
6054	0
6055	3
6056	3
6057	3
6058	3
6059	1
6060	0
6061	0
6062	1
6063	3
6064	1
6065	0
6066	1
6067	0
6068	0
6069	2
6070	0
6071	0
6072	3
6073	3
6074	3
6075	2
6076	0
6077	3
6078	0
6079	3
6080	0
6081	0
6082	0
6083	3
6084	3
6085	3
6086	0
6087	3
6088	1
6089	0
6090	0
6091	0
6092	0
6093	0
6094	3
6095	3
6096	0
6097	0
6098	0
6099	2
6100	0
6101	0
6102	3
6103	0
6104	1
6105	2
6106	3
6107	0
6108	3
6109	0
6110	0
6111	0
6112	0
6113	2
6114	0
6115	0
6116	0
6117	3
6118	0
6119	3
6120	3
6121	0
6122	0
6123	3
6124	0
6125	0
6126	2
6127	3
6128	3
6129	1
6130	0
6131	3
6132	3
6133	0
6134	3
6135	1
6136	3
6137	0
6138	3
6139	0
6140	0
6141	3
6142	0
6143	0
6144	0
6145	0
6146	0
6147	0
6148	2
6149	3
6150	3
6151	3
6152	3
6153	3
6154	0
6155	2
6156	2
6157	3
6158	0
6159	0
6160	3
6161	0
6162	0
6163	3
6164	3
6165	3
6166	0
6167	3
6168	3
6169	0
6170	0
6171	3
6172	3
6173	0
6174	0
6175	3
6176	0
6177	3
6178	0
6179	3
6180	3
6181	0
6182	3
6183	2
6184	0
6185	0
6186	0
6187	0
6188	3
6189	3
6190	3
6191	1
6192	0
6193	0
6194	1
6195	3
6196	3
6197	3
6198	0
6199	2
6200	0
6201	0
6202	3
6203	0
6204	2
6205	0
6206	0
6207	3
6208	0
6209	3
6210	0
6211	3
6212	0
6213	0
6214	0
6215	0
6216	0
6217	0
6218	0
6219	0
6220	3
6221	3
6222	0
6223	3
6224	2
6225	0
6226	0
6227	0
6228	2
6229	3
6230	3
6231	3
6232	0
6233	0
6234	3
6235	2
6236	3
6237	3
6238	3
6239	3
6240	1
6241	0
6242	3
6243	2
6244	0
6245	0
6246	0
6247	0
6248	2
6249	3
6250	3
6251	3
6252	3
6253	3
6254	2
6255	2
6256	0
6257	3
6258	3
6259	3
6260	0
6261	0
6262	0
6263	0
6264	0
6265	3
6266	3
6267	2
6268	2
6269	2
6270	0
6271	3
6272	3
6273	3
6274	0
6275	0
6276	3
6277	3
6278	2
6279	3
6280	0
6281	0
6282	0
6283	1
6284	3
6285	3
6286	0
6287	1
6288	0
6289	0
6290	0
6291	3
6292	1
6293	0
6294	2
6295	2
6296	0
6297	0
6298	3
6299	3
6300	0
6301	0
6302	3
6303	2
6304	0
6305	3
6306	0
6307	3
6308	3
6309	0
6310	3
6311	0
6312	0
6313	0
6314	0
6315	3
6316	3
6317	3
6318	3
6319	0
6320	0
6321	3
6322	0
6323	0
6324	0
6325	3
6326	0
6327	0
6328	0
6329	0
6330	3
6331	0
6332	0
6333	0
6334	0
6335	3
6336	2
6337	3
6338	0
6339	1
6340	3
6341	0
6342	0
6343	0
6344	0
6345	0
6346	2
6347	0
6348	0
6349	3
6350	3
6351	3
6352	0
6353	0
6354	0
6355	0
6356	0
6357	3
6358	0
6359	3
6360	0
6361	1
6362	0
6363	3
6364	3
6365	0
6366	0
6367	3
6368	3
6369	3
6370	0
6371	3
6372	0
6373	3
6374	0
6375	0
6376	3
6377	0
6378	0
6379	0
6380	2
6381	3
6382	3
6383	3
6384	3
6385	0
6386	0
6387	1
6388	0
6389	0
6390	0
6391	3
6392	0
6393	2
6394	0
6395	0
6396	0
6397	2
6398	0
6399	2
6400	3
6401	3
6402	0
6403	3
6404	0
6405	3
6406	3
6407	1
6408	3
6409	0
6410	3
6411	0
6412	1
6413	0
6414	0
6415	0
6416	0
6417	0
6418	0
6419	3
6420	0
6421	0
6422	3
6423	0
6424	0
6425	0
6426	3
6427	0
6428	1
6429	3
6430	0
6431	0
6432	0
6433	0
6434	0
6435	1
6436	3
6437	0
6438	3
6439	3
6440	3
6441	0
6442	0
6443	0
6444	3
6445	2
6446	0
6447	0
6448	0
6449	3
6450	0
6451	0
6452	0
6453	0
6454	2
6455	3
6456	0
6457	3
6458	3
6459	0
6460	0
6461	3
6462	1
6463	0
6464	0
6465	3
6466	2
6467	0
6468	3
6469	2
6470	3
6471	3
6472	0
6473	0
6474	1
6475	0
6476	3
6477	0
6478	3
6479	0
6480	3
6481	0
6482	0
6483	3
6484	0
6485	3
6486	0
6487	3
6488	0
6489	0
6490	3
6491	3
6492	3
6493	0
6494	3
6495	2
6496	0
6497	3
6498	0
6499	1
6500	0
6501	2
6502	0
6503	3
6504	1
6505	0
6506	0
6507	1
6508	3
6509	0
6510	2
6511	3
6512	2
6513	0
6514	1
6515	0
6516	3
6517	0
6518	3
6519	2
6520	0
6521	3
6522	3
6523	2
6524	0
6525	1
6526	0
6527	3
6528	0
6529	3
6530	2
6531	3
6532	3
6533	0
6534	0
6535	2
6536	0
6537	0
6538	0
6539	1
6540	3
6541	3
6542	3
6543	0
6544	3
6545	3
6546	0
6547	0
6548	3
6549	0
6550	3
6551	3
6552	3
6553	3
6554	0
6555	0
6556	3
6557	3
6558	0
6559	0
6560	3
6561	3
6562	0
6563	2
6564	3
6565	0
6566	0
6567	2
6568	3
6569	0
6570	2
6571	0
6572	0
6573	0
6574	0
6575	1
6576	3
6577	0
6578	0
6579	3
6580	2
6581	0
6582	2
6583	3
6584	3
6585	3
6586	3
6587	0
6588	3
6589	3
6590	3
6591	1
6592	0
6593	1
6594	0
6595	0
6596	3
6597	1
6598	3
6599	3
6600	2
6601	0
6602	0
6603	0
6604	0
6605	3
6606	3
6607	0
6608	3
6609	0
6610	1
6611	0
6612	0
6613	3
6614	3
6615	0
6616	3
6617	3
6618	1
6619	0
6620	0
6621	3
6622	0
6623	0
6624	0
6625	3
6626	0
6627	3
6628	3
6629	0
6630	0
6631	3
6632	0
6633	0
6634	0
6635	0
6636	0
6637	3
6638	0
6639	0
6640	3
6641	1
6642	2
6643	0
6644	3
6645	0
6646	3
6647	3
6648	3
6649	3
6650	0
6651	0
6652	0
6653	0
6654	3
6655	3
6656	2
6657	2
6658	1
6659	0
6660	0
6661	0
6662	3
6663	3
6664	0
6665	3
6666	3
6667	0
6668	0
6669	3
6670	2
6671	0
6672	0
6673	3
6674	0
6675	0
6676	0
6677	3
6678	1
6679	3
6680	0
6681	3
6682	0
6683	0
6684	0
6685	3
6686	0
6687	0
6688	0
6689	0
6690	0
6691	2
6692	2
6693	0
6694	3
6695	0
6696	0
6697	0
6698	0
6699	0
6700	2
6701	3
6702	0
6703	0
6704	0
6705	3
6706	3
6707	0
6708	0
6709	3
6710	3
6711	3
6712	0
6713	0
6714	3
6715	0
6716	0
6717	3
6718	1
6719	0
6720	3
6721	3
6722	2
6723	3
6724	0
6725	1
6726	3
6727	3
6728	3
6729	2
6730	0
6731	3
6732	3
6733	0
6734	0
6735	0
6736	1
6737	3
6738	0
6739	0
6740	0
6741	0
6742	0
6743	3
6744	3
6745	0
6746	1
6747	2
6748	3
6749	3
6750	1
6751	0
6752	3
6753	0
6754	0
6755	3
6756	3
6757	2
6758	3
6759	3
6760	3
6761	0
6762	0
6763	0
6764	3
6765	3
6766	0
6767	3
6768	0
6769	0
6770	3
6771	3
6772	0
6773	0
6774	3
6775	3
6776	0
6777	1
6778	1
6779	3
6780	0
6781	3
6782	1
6783	0
6784	0
6785	3
6786	0
6787	2
6788	3
6789	0
6790	0
6791	2
6792	0
6793	0
6794	3
6795	1
6796	3
6797	3
6798	0
6799	0
6800	3
6801	0
6802	1
6803	0
6804	2
6805	0
6806	0
6807	3
6808	0
6809	0
6810	3
6811	0
6812	3
6813	3
6814	3
6815	3
6816	3
6817	3
6818	3
6819	3
6820	0
6821	0
6822	2
6823	3
6824	0
6825	3
6826	2
6827	3
6828	3
6829	0
6830	0
6831	0
6832	0
6833	0
6834	0
6835	3
6836	0
6837	3
6838	0
6839	3
6840	3
6841	0
6842	3
6843	2
6844	0
6845	0
6846	0
6847	3
6848	3
6849	1
6850	3
6851	3
6852	3
6853	3
6854	0
6855	3
6856	3
6857	3
6858	2
6859	0
6860	2
6861	3
6862	3
6863	3
6864	0
6865	3
6866	3
6867	0
6868	0
6869	2
6870	3
6871	3
6872	3
6873	0
6874	3
6875	3
6876	3
6877	3
6878	0
6879	2
6880	3
6881	3
6882	3
6883	3
6884	0
6885	0
6886	3
6887	3
6888	3
6889	3
6890	3
6891	0
6892	3
6893	0
6894	3
6895	0
6896	0
6897	0
6898	2
6899	0
6900	2
6901	0
6902	3
6903	3
6904	3
6905	0
6906	0
6907	1
6908	0
6909	0
6910	3
6911	0
6912	2
6913	0
6914	0
6915	2
6916	3
6917	3
6918	0
6919	2
6920	0
6921	3
6922	0
6923	2
6924	3
6925	3
6926	1
6927	0
6928	3
6929	1
6930	0
6931	0
6932	0
6933	0
6934	3
6935	3
6936	2
6937	3
6938	0
6939	0
6940	0
6941	1
6942	3
6943	1
6944	3
6945	0
6946	0
6947	3
6948	3
6949	3
6950	0
6951	0
6952	3
6953	0
6954	3
6955	3
6956	3
6957	3
6958	0
6959	1
6960	1
6961	3
6962	0
6963	0
6964	3
6965	3
6966	0
6967	0
6968	3
6969	3
6970	0
6971	0
6972	2
6973	1
6974	0
6975	0
6976	2
6977	0
6978	0
6979	2
6980	0
6981	0
6982	3
6983	0
6984	0
6985	3
6986	2
6987	0
6988	3
6989	3
6990	3
6991	3
6992	3
6993	3
6994	0
6995	0
6996	0
6997	0
6998	0
6999	3
7000	3
7001	0
7002	3
7003	3
7004	2
7005	0
7006	0
7007	1
7008	1
7009	1
7010	0
7011	0
7012	3
7013	3
7014	0
7015	3
7016	0
7017	3
7018	0
7019	3
7020	3
7021	0
7022	2
7023	3
7024	0
7025	0
7026	0
7027	0
7028	0
7029	0
7030	3
7031	0
7032	2
7033	0
7034	1
7035	0
7036	3
7037	0
7038	3
7039	3
7040	0
7041	3
7042	0
7043	2
7044	3
7045	3
7046	3
7047	3
7048	0
7049	3
7050	0
7051	3
7052	3
7053	0
7054	3
7055	0
7056	3
7057	0
7058	3
7059	0
7060	1
7061	0
7062	0
7063	3
7064	3
7065	3
7066	3
7067	0
7068	3
7069	0
7070	0
7071	0
7072	0
7073	3
7074	0
7075	3
7076	3
7077	0
7078	3
7079	0
7080	3
7081	3
7082	3
7083	2
7084	3
7085	2
7086	3
7087	2
7088	1
7089	0
7090	3
7091	2
7092	2
7093	0
7094	3
7095	0
7096	3
7097	0
7098	3
7099	0
7100	3
7101	0
7102	3
7103	3
7104	3
7105	0
7106	3
7107	2
7108	2
7109	3
7110	0
7111	3
7112	0
7113	3
7114	3
7115	3
7116	3
7117	1
7118	2
7119	3
7120	0
7121	1
7122	0
7123	0
7124	0
7125	3
7126	3
7127	3
7128	3
7129	1
7130	0
7131	2
7132	3
7133	0
7134	0
7135	2
7136	2
7137	0
7138	0
7139	3
7140	1
7141	3
7142	3
7143	3
7144	0
7145	0
7146	1
7147	0
7148	3
7149	3
7150	3
7151	3
7152	0
7153	0
7154	3
7155	0
7156	0
7157	1
7158	0
7159	0
7160	2
7161	0
7162	0
7163	3
7164	0
7165	3
7166	3
7167	0
7168	2
7169	3
7170	0
7171	0
7172	3
7173	0
7174	3
7175	3
7176	2
7177	3
7178	3
7179	0
7180	2
7181	3
7182	3
7183	1
7184	0
7185	0
7186	3
7187	0
7188	3
7189	3
7190	3
7191	1
7192	3
7193	3
7194	3
7195	2
7196	2
7197	0
7198	1
7199	3
7200	3
7201	2
7202	3
7203	0
7204	2
7205	0
7206	1
7207	2
7208	1
7209	3
7210	3
7211	3
7212	0
7213	1
7214	3
7215	0
7216	0
7217	0
7218	0
7219	2
7220	1
7221	3
7222	3
7223	2
7224	0
7225	0
7226	2
7227	1
7228	3
7229	2
7230	0
7231	0
7232	0
7233	3
7234	2
7235	0
7236	0
7237	0
7238	0
7239	0
7240	3
7241	3
7242	1
7243	3
7244	0
7245	3
7246	3
7247	3
7248	2
7249	0
7250	0
7251	3
7252	3
7253	0
7254	0
7255	0
7256	1
7257	0
7258	2
7259	3
7260	0
7261	3
7262	3
7263	0
7264	0
7265	0
7266	3
7267	3
7268	3
7269	3
7270	3
7271	0
7272	0
7273	0
7274	0
7275	1
7276	0
7277	2
7278	3
7279	0
7280	0
7281	0
7282	0
7283	3
7284	0
7285	0
7286	3
7287	2
7288	0
7289	3
7290	0
7291	3
7292	3
7293	0
7294	2
7295	0
7296	3
7297	3
7298	2
7299	1
7300	3
7301	0
7302	0
7303	2
7304	3
7305	1
7306	3
7307	0
7308	0
7309	3
7310	3
7311	2
7312	0
7313	1
7314	3
7315	3
7316	3
7317	0
7318	3
7319	2
7320	0
7321	3
7322	0
7323	3
7324	0
7325	1
7326	0
7327	3
7328	3
7329	2
7330	0
7331	3
7332	0
7333	0
7334	1
7335	0
7336	3
7337	1
7338	3
7339	0
7340	3
7341	2
7342	3
7343	0
7344	0
7345	3
7346	1
7347	0
7348	0
7349	3
7350	3
7351	0
7352	0
7353	0
7354	0
7355	3
7356	0
7357	0
7358	0
7359	3
7360	1
7361	3
7362	0
7363	2
7364	3
7365	0
7366	0
7367	0
7368	3
7369	0
7370	3
7371	0
7372	0
7373	3
7374	1
7375	3
7376	0
7377	2
7378	3
7379	2
7380	0
7381	0
7382	0
7383	1
7384	1
7385	3
7386	3
7387	3
7388	0
7389	0
7390	2
7391	3
7392	0
7393	3
7394	2
7395	3
7396	3
7397	0
7398	1
7399	0
7400	1
7401	0
7402	3
7403	0
7404	0
7405	3
7406	0
7407	3
7408	0
7409	0
7410	3
7411	1
7412	0
7413	0
7414	0
7415	2
7416	3
7417	0
7418	3
7419	0
7420	3
7421	2
7422	3
7423	3
7424	2
7425	3
7426	3
7427	3
7428	3
7429	2
7430	0
7431	3
7432	0
7433	0
7434	2
7435	0
7436	3
7437	0
7438	3
7439	3
7440	0
7441	0
7442	0
7443	3
7444	0
7445	0
7446	0
7447	1
7448	3
7449	0
7450	0
7451	2
7452	0
7453	0
7454	0
7455	1
7456	0
7457	3
7458	0
7459	0
7460	3
7461	0
7462	3
7463	1
7464	0
7465	0
7466	0
7467	0
7468	2
7469	3
7470	3
7471	0
7472	0
7473	0
7474	0
7475	1
7476	0
7477	0
7478	3
7479	1
7480	3
7481	1
7482	0
7483	0
7484	0
7485	3
7486	0
7487	0
7488	0
7489	1
7490	3
7491	3
7492	2
7493	3
7494	1
7495	0
7496	2
7497	0
7498	0
7499	0
7500	3
7501	1
7502	0
7503	0
7504	3
7505	3
7506	3
7507	2
7508	0
7509	3
7510	0
7511	1
7512	3
7513	0
7514	2
7515	3
7516	0
7517	0
7518	0
7519	2
7520	2
7521	3
7522	1
7523	3
7524	3
7525	0
7526	2
7527	0
7528	3
7529	0
7530	0
7531	3
7532	2
7533	3
7534	2
7535	0
7536	0
7537	2
7538	0
7539	0
7540	3
7541	3
7542	3
7543	3
7544	3
7545	0
7546	0
7547	3
7548	2
7549	0
7550	0
7551	0
7552	1
7553	0
7554	3
7555	0
7556	0
7557	0
7558	0
7559	3
7560	0
7561	3
7562	3
7563	1
7564	1
7565	3
7566	3
7567	0
7568	0
7569	3
7570	3
7571	3
7572	0
7573	0
7574	1
7575	3
7576	3
7577	3
7578	3
7579	0
7580	0
7581	0
7582	0
7583	3
7584	0
7585	3
7586	1
7587	0
7588	0
7589	3
7590	3
7591	3
7592	0
7593	3
7594	0
7595	2
7596	3
7597	0
7598	3
7599	0
7600	1
7601	3
7602	3
7603	0
7604	3
7605	2
7606	0
7607	0
7608	3
7609	0
7610	2
7611	0
7612	0
7613	0
7614	0
7615	3
7616	0
7617	3
7618	0
7619	0
7620	0
7621	0
7622	3
7623	1
7624	3
7625	1
7626	3
7627	0
7628	1
7629	1
7630	3
7631	0
7632	3
7633	3
7634	3
7635	0
7636	0
7637	3
7638	2
7639	2
7640	3
7641	1
7642	3
7643	0
7644	0
7645	0
7646	0
7647	0
7648	0
7649	3
7650	2
7651	3
7652	0
7653	1
7654	0
7655	1
7656	0
7657	0
7658	0
7659	0
7660	2
7661	3
7662	3
7663	0
7664	3
7665	0
7666	3
7667	0
7668	0
7669	0
7670	3
7671	0
7672	3
7673	0
7674	3
7675	0
7676	0
7677	0
7678	0
7679	1
7680	0
7681	2
7682	0
7683	2
7684	0
7685	3
7686	3
7687	2
7688	0
7689	3
7690	0
7691	2
7692	3
7693	2
7694	1
7695	0
7696	0
7697	2
7698	3
7699	0
7700	3
7701	3
7702	0
7703	0
7704	3
7705	0
7706	3
7707	0
7708	3
7709	3
7710	0
7711	2
7712	0
7713	2
7714	3
7715	2
7716	3
7717	3
7718	1
7719	3
7720	0
7721	0
7722	3
7723	1
7724	3
7725	2
7726	2
7727	3
7728	0
7729	3
7730	3
7731	0
7732	3
7733	3
7734	3
7735	0
7736	3
7737	0
7738	0
7739	0
7740	0
7741	2
7742	0
7743	3
7744	1
7745	0
7746	2
7747	0
7748	3
7749	3
7750	2
7751	3
7752	3
7753	3
7754	0
7755	3
7756	3
7757	1
7758	3
7759	0
7760	3
7761	3
7762	0
7763	0
7764	0
7765	0
7766	3
7767	2
7768	3
7769	3
7770	3
7771	3
7772	0
7773	3
7774	0
7775	0
7776	2
7777	3
7778	2
7779	1
7780	2
7781	0
7782	3
7783	3
7784	3
7785	0
7786	0
7787	3
7788	2
7789	0
7790	3
7791	0
7792	0
7793	0
7794	0
7795	0
7796	0
7797	0
7798	3
7799	0
7800	0
7801	3
7802	0
7803	3
7804	1
7805	0
7806	0
7807	3
7808	0
7809	0
7810	3
7811	2
7812	3
7813	0
7814	3
7815	3
7816	1
7817	2
7818	3
7819	0
7820	3
7821	0
7822	3
7823	0
7824	0
7825	0
7826	0
7827	0
7828	3
7829	3
7830	3
7831	3
7832	3
7833	0
7834	3
7835	0
7836	2
7837	0
7838	0
7839	0
7840	0
7841	3
7842	3
7843	0
7844	3
7845	0
7846	0
7847	3
7848	0
7849	3
7850	3
7851	3
7852	3
7853	0
7854	3
7855	3
7856	3
7857	3
7858	0
7859	3
7860	0
7861	3
7862	3
7863	0
7864	3
7865	1
7866	1
7867	0
7868	0
7869	0
7870	0
7871	3
7872	0
7873	3
7874	2
7875	2
7876	3
7877	0
7878	3
7879	3
7880	3
7881	0
7882	0
7883	3
7884	1
7885	0
7886	0
7887	0
7888	0
7889	0
7890	3
7891	3
7892	0
7893	3
7894	2
7895	3
7896	3
7897	0
7898	0
7899	0
7900	0
7901	0
7902	0
7903	0
7904	0
7905	3
7906	3
7907	2
7908	3
7909	2
7910	2
7911	3
7912	3
7913	3
7914	0
7915	3
7916	0
7917	0
7918	2
7919	1
7920	3
7921	0
7922	0
7923	3
7924	2
7925	0
7926	3
7927	0
7928	3
7929	0
7930	3
7931	0
7932	3
7933	3
7934	0
7935	0
7936	3
7937	0
7938	0
7939	3
7940	0
7941	0
7942	3
7943	3
7944	0
7945	3
7946	3
7947	0
7948	3
7949	0
7950	1
7951	2
7952	3
7953	3
7954	0
7955	0
7956	0
7957	3
7958	0
7959	0
7960	0
7961	2
7962	3
7963	0
7964	0
7965	3
7966	0
7967	0
7968	0
7969	0
7970	0
7971	3
7972	0
7973	0
7974	0
7975	0
7976	3
7977	1
7978	0
7979	3
7980	0
7981	3
7982	0
7983	3
7984	3
7985	0
7986	0
7987	0
7988	0
7989	2
7990	1
7991	0
7992	1
7993	3
7994	3
7995	0
7996	3
7997	0
7998	0
7999	3
8000	0
8001	0
8002	1
8003	0
8004	0
8005	0
8006	0
8007	3
8008	0
8009	3
8010	0
8011	3
8012	3
8013	0
8014	3
8015	3
8016	0
8017	0
8018	0
8019	3
8020	2
8021	0
8022	3
8023	3
8024	3
8025	0
8026	0
8027	3
8028	0
8029	0
8030	0
8031	3
8032	0
8033	3
8034	0
8035	3
8036	0
8037	1
8038	0
8039	3
8040	0
8041	0
8042	0
8043	3
8044	3
8045	0
8046	1
8047	3
8048	3
8049	3
8050	0
8051	0
8052	0
8053	0
8054	3
8055	0
8056	0
8057	1
8058	0
8059	0
8060	0
8061	3
8062	2
8063	3
8064	3
8065	0
8066	0
8067	3
8068	3
8069	0
8070	0
8071	3
8072	3
8073	1
8074	0
8075	3
8076	3
8077	0
8078	1
8079	3
8080	0
8081	2
8082	0
8083	0
8084	3
8085	3
8086	0
8087	0
8088	0
8089	0
8090	0
8091	0
8092	2
8093	0
8094	0
8095	0
8096	1
8097	3
8098	2
8099	1
8100	3
8101	0
8102	3
8103	0
8104	0
8105	0
8106	0
8107	0
8108	3
8109	0
8110	2
8111	3
8112	0
8113	1
8114	0
8115	2
8116	3
8117	0
8118	3
8119	0
8120	3
8121	0
8122	2
8123	3
8124	1
8125	1
8126	0
8127	0
8128	0
8129	0
8130	0
8131	3
8132	2
8133	0
8134	3
8135	3
8136	3
8137	0
8138	3
8139	3
8140	0
8141	0
8142	3
8143	3
8144	3
8145	0
8146	3
8147	0
8148	1
8149	0
8150	0
8151	0
8152	0
8153	0
8154	2
8155	0
8156	0
8157	1
8158	0
8159	3
8160	3
8161	3
8162	0
8163	0
8164	3
8165	1
8166	3
8167	3
8168	3
8169	0
8170	0
8171	2
8172	3
8173	0
8174	3
8175	1
8176	1
8177	0
8178	3
8179	0
8180	3
8181	3
8182	0
8183	3
8184	3
8185	0
8186	0
8187	3
8188	0
8189	3
8190	1
8191	3
