COMMAND
./sim gshare 12 12 ./proj2-traces/jpeg_trace.txt
OUTPUT
number of predictions:2000000
number of mispredictions:147072
misprediction rate:   7.35%
FINAL GSHARE CONTENTS
0	3
1	3
2	2
3	3
4	3
5	3
6	3
7	3
8	3
9	3
10	3
11	3
12	3
13	3
14	1
15	3
16	3
17	3
18	1
19	3
20	3
21	0
22	3
23	3
24	2
25	3
26	3
27	3
28	3
29	3
30	3
31	3
32	3
33	3
34	0
35	2
36	3
37	3
38	3
39	3
40	3
41	3
42	3
43	3
44	3
45	3
46	3
47	2
48	0
49	0
50	0
51	3
52	0
53	0
54	3
55	3
56	0
57	2
58	3
59	3
60	2
61	3
62	2
63	3
64	0
65	3
66	1
67	0
68	0
69	0
70	3
71	1
72	2
73	3
74	3
75	3
76	3
77	3
78	2
79	3
80	3
81	3
82	3
83	2
84	3
85	3
86	3
87	3
88	3
89	3
90	3
91	3
92	3
93	1
94	0
95	3
96	3
97	3
98	2
99	3
100	3
101	3
102	3
103	0
104	3
105	3
106	2
107	3
108	3
109	3
110	3
111	2
112	0
113	3
114	1
115	3
116	3
117	3
118	3
119	3
120	3
121	3
122	3
123	3
124	2
125	3
126	3
127	3
128	2
129	3
130	3
131	0
132	1
133	3
134	1
135	3
136	2
137	1
138	3
139	0
140	0
141	3
142	3
143	1
144	0
145	3
146	3
147	3
148	0
149	0
150	1
151	3
152	3
153	0
154	3
155	2
156	3
157	0
158	2
159	2
160	0
161	0
162	3
163	3
164	3
165	3
166	3
167	3
168	3
169	3
170	3
171	3
172	3
173	3
174	3
175	3
176	3
177	3
178	3
179	3
180	3
181	3
182	2
183	3
184	2
185	1
186	0
187	0
188	2
189	1
190	1
191	1
192	3
193	0
194	3
195	3
196	3
197	3
198	3
199	0
200	3
201	3
202	3
203	3
204	3
205	0
206	3
207	2
208	3
209	3
210	3
211	3
212	3
213	3
214	2
215	3
216	3
217	3
218	3
219	1
220	3
221	3
222	3
223	2
224	0
225	3
226	3
227	3
228	3
229	3
230	3
231	3
232	3
233	3
234	3
235	3
236	0
237	3
238	3
239	0
240	0
241	3
242	0
243	3
244	3
245	0
246	3
247	2
248	3
249	3
250	3
251	3
252	3
253	3
254	0
255	0
256	1
257	2
258	3
259	2
260	3
261	2
262	3
263	3
264	2
265	1
266	0
267	0
268	1
269	3
270	2
271	2
272	1
273	3
274	2
275	3
276	1
277	3
278	3
279	2
280	3
281	3
282	3
283	2
284	3
285	3
286	3
287	3
288	2
289	2
290	3
291	3
292	3
293	3
294	3
295	3
296	3
297	3
298	3
299	3
300	1
301	3
302	3
303	0
304	2
305	0
306	0
307	3
308	2
309	3
310	2
311	3
312	3
313	3
314	3
315	2
316	0
317	3
318	3
319	0
320	3
321	3
322	3
323	3
324	3
325	2
326	0
327	1
328	3
329	0
330	3
331	0
332	3
333	3
334	3
335	0
336	3
337	0
338	1
339	2
340	3
341	3
342	3
343	0
344	2
345	2
346	2
347	0
348	3
349	3
350	3
351	3
352	3
353	0
354	2
355	3
356	3
357	0
358	3
359	2
360	0
361	0
362	2
363	3
364	1
365	3
366	0
367	0
368	3
369	3
370	2
371	0
372	3
373	3
374	2
375	3
376	2
377	1
378	1
379	2
380	0
381	3
382	3
383	0
384	2
385	3
386	2
387	3
388	3
389	3
390	0
391	1
392	2
393	0
394	3
395	3
396	3
397	3
398	2
399	2
400	3
401	0
402	2
403	3
404	2
405	2
406	3
407	3
408	2
409	1
410	0
411	1
412	2
413	3
414	0
415	3
416	0
417	0
418	3
419	3
420	3
421	1
422	2
423	0
424	3
425	2
426	2
427	0
428	3
429	3
430	3
431	0
432	0
433	0
434	3
435	0
436	3
437	3
438	3
439	3
440	3
441	3
442	2
443	3
444	1
445	3
446	3
447	0
448	0
449	3
450	3
451	3
452	0
453	3
454	3
455	1
456	3
457	3
458	3
459	2
460	1
461	2
462	3
463	3
464	3
465	3
466	3
467	0
468	3
469	2
470	3
471	3
472	3
473	3
474	0
475	3
476	2
477	3
478	2
479	3
480	3
481	3
482	3
483	3
484	3
485	2
486	3
487	3
488	2
489	3
490	3
491	2
492	3
493	3
494	3
495	0
496	3
497	3
498	3
499	3
500	3
501	3
502	3
503	3
504	3
505	3
506	3
507	3
508	3
509	3
510	0
511	3
512	0
513	3
514	3
515	2
516	3
517	3
518	3
519	3
520	3
521	3
522	3
523	3
524	3
525	3
526	3
527	3
528	2
529	2
530	1
531	3
532	0
533	1
534	0
535	3
536	0
537	3
538	0
539	3
540	3
541	3
542	1
543	2
544	2
545	2
546	2
547	0
548	0
549	3
550	0
551	3
552	3
553	1
554	3
555	3
556	1
557	3
558	3
559	3
560	2
561	3
562	3
563	0
564	3
565	2
566	3
567	3
568	2
569	3
570	3
571	3
572	3
573	2
574	3
575	3
576	0
577	2
578	0
579	3
580	3
581	3
582	3
583	3
584	2
585	3
586	3
587	2
588	3
589	0
590	3
591	0
592	3
593	3
594	3
595	1
596	3
597	3
598	3
599	3
600	3
601	2
602	2
603	3
604	3
605	2
606	1
607	3
608	0
609	2
610	0
611	3
612	0
613	3
614	2
615	3
616	0
617	2
618	3
619	3
620	0
621	2
622	3
623	2
624	0
625	2
626	0
627	3
628	3
629	3
630	3
631	0
632	3
633	3
634	2
635	1
636	3
637	0
638	2
639	2
640	3
641	3
642	3
643	3
644	3
645	0
646	3
647	2
648	3
649	3
650	3
651	3
652	3
653	3
654	0
655	0
656	3
657	3
658	3
659	3
660	3
661	3
662	3
663	3
664	3
665	3
666	3
667	3
668	2
669	2
670	3
671	3
672	3
673	3
674	3
675	3
676	3
677	3
678	3
679	3
680	3
681	3
682	2
683	3
684	2
685	2
686	2
687	3
688	3
689	3
690	3
691	1
692	3
693	3
694	3
695	2
696	3
697	3
698	3
699	3
700	1
701	0
702	2
703	3
704	3
705	0
706	3
707	3
708	3
709	3
710	3
711	1
712	3
713	3
714	3
715	1
716	3
717	0
718	3
719	1
720	3
721	3
722	1
723	3
724	3
725	3
726	3
727	3
728	3
729	3
730	1
731	0
732	3
733	1
734	3
735	3
736	3
737	3
738	3
739	3
740	2
741	3
742	0
743	3
744	3
745	3
746	3
747	2
748	2
749	1
750	3
751	1
752	3
753	3
754	3
755	3
756	3
757	0
758	3
759	3
760	3
761	3
762	2
763	1
764	3
765	2
766	0
767	2
768	3
769	3
770	3
771	3
772	0
773	3
774	1
775	3
776	3
777	3
778	3
779	3
780	0
781	3
782	2
783	3
784	1
785	3
786	3
787	3
788	3
789	3
790	3
791	3
792	3
793	3
794	3
795	3
796	3
797	3
798	3
799	3
800	0
801	3
802	3
803	3
804	3
805	3
806	3
807	3
808	3
809	3
810	3
811	0
812	3
813	0
814	1
815	3
816	3
817	3
818	2
819	3
820	2
821	1
822	3
823	2
824	3
825	3
826	3
827	0
828	3
829	1
830	0
831	3
832	3
833	1
834	3
835	0
836	3
837	3
838	1
839	1
840	1
841	3
842	3
843	2
844	2
845	3
846	0
847	3
848	2
849	3
850	3
851	3
852	3
853	3
854	3
855	0
856	3
857	3
858	3
859	3
860	3
861	1
862	3
863	3
864	1
865	3
866	3
867	1
868	1
869	2
870	1
871	3
872	3
873	0
874	2
875	0
876	3
877	0
878	0
879	3
880	0
881	3
882	1
883	0
884	2
885	3
886	2
887	3
888	3
889	2
890	3
891	0
892	3
893	0
894	0
895	0
896	0
897	3
898	1
899	2
900	0
901	1
902	0
903	0
904	2
905	3
906	3
907	0
908	0
909	2
910	0
911	0
912	0
913	0
914	3
915	0
916	1
917	3
918	2
919	3
920	1
921	0
922	0
923	0
924	0
925	2
926	0
927	0
928	0
929	0
930	0
931	3
932	3
933	3
934	2
935	3
936	2
937	0
938	0
939	0
940	0
941	3
942	3
943	0
944	1
945	0
946	0
947	1
948	2
949	0
950	3
951	3
952	0
953	0
954	3
955	1
956	3
957	2
958	3
959	0
960	0
961	3
962	3
963	1
964	3
965	2
966	0
967	1
968	3
969	3
970	3
971	3
972	3
973	2
974	0
975	0
976	3
977	3
978	3
979	3
980	2
981	3
982	0
983	1
984	3
985	2
986	0
987	3
988	3
989	1
990	0
991	3
992	0
993	0
994	3
995	3
996	3
997	3
998	3
999	0
1000	0
1001	3
1002	1
1003	3
1004	0
1005	0
1006	3
1007	3
1008	0
1009	3
1010	0
1011	0
1012	3
1013	3
1014	3
1015	2
1016	3
1017	3
1018	0
1019	3
1020	3
1021	3
1022	3
1023	3
1024	0
1025	3
1026	3
1027	3
1028	3
1029	3
1030	3
1031	3
1032	0
1033	3
1034	3
1035	3
1036	3
1037	2
1038	3
1039	2
1040	3
1041	3
1042	2
1043	3
1044	0
1045	2
1046	1
1047	2
1048	3
1049	2
1050	3
1051	3
1052	3
1053	0
1054	2
1055	3
1056	3
1057	3
1058	1
1059	3
1060	3
1061	1
1062	2
1063	1
1064	3
1065	0
1066	3
1067	2
1068	0
1069	3
1070	3
1071	2
1072	3
1073	0
1074	0
1075	0
1076	3
1077	3
1078	2
1079	2
1080	3
1081	1
1082	1
1083	2
1084	0
1085	3
1086	3
1087	2
1088	1
1089	3
1090	3
1091	2
1092	3
1093	2
1094	3
1095	3
1096	0
1097	3
1098	0
1099	3
1100	2
1101	3
1102	3
1103	2
1104	3
1105	2
1106	3
1107	3
1108	0
1109	3
1110	3
1111	3
1112	1
1113	3
1114	3
1115	3
1116	3
1117	3
1118	0
1119	1
1120	2
1121	3
1122	3
1123	3
1124	3
1125	1
1126	2
1127	2
1128	3
1129	0
1130	3
1131	3
1132	0
1133	0
1134	3
1135	0
1136	3
1137	3
1138	1
1139	3
1140	3
1141	2
1142	2
1143	3
1144	3
1145	2
1146	3
1147	2
1148	3
1149	1
1150	2
1151	1
1152	3
1153	3
1154	3
1155	3
1156	2
1157	1
1158	3
1159	3
1160	2
1161	0
1162	2
1163	3
1164	1
1165	3
1166	0
1167	0
1168	1
1169	3
1170	2
1171	3
1172	0
1173	2
1174	0
1175	3
1176	2
1177	1
1178	2
1179	3
1180	3
1181	0
1182	0
1183	3
1184	0
1185	2
1186	2
1187	1
1188	3
1189	3
1190	0
1191	0
1192	1
1193	0
1194	1
1195	2
1196	0
1197	3
1198	0
1199	2
1200	3
1201	3
1202	3
1203	3
1204	2
1205	3
1206	3
1207	3
1208	3
1209	2
1210	1
1211	0
1212	3
1213	3
1214	0
1215	3
1216	3
1217	2
1218	2
1219	1
1220	3
1221	3
1222	3
1223	3
1224	2
1225	0
1226	2
1227	0
1228	3
1229	3
1230	3
1231	1
1232	3
1233	0
1234	3
1235	1
1236	3
1237	3
1238	3
1239	3
1240	3
1241	3
1242	2
1243	0
1244	3
1245	3
1246	3
1247	2
1248	3
1249	1
1250	3
1251	3
1252	3
1253	3
1254	3
1255	2
1256	3
1257	0
1258	1
1259	2
1260	0
1261	2
1262	0
1263	0
1264	0
1265	3
1266	1
1267	1
1268	3
1269	0
1270	2
1271	3
1272	3
1273	3
1274	3
1275	3
1276	0
1277	2
1278	3
1279	2
1280	3
1281	1
1282	1
1283	0
1284	0
1285	2
1286	3
1287	3
1288	3
1289	1
1290	2
1291	3
1292	3
1293	3
1294	0
1295	3
1296	3
1297	3
1298	2
1299	3
1300	3
1301	3
1302	2
1303	0
1304	2
1305	3
1306	3
1307	3
1308	0
1309	2
1310	2
1311	3
1312	3
1313	0
1314	3
1315	0
1316	1
1317	3
1318	3
1319	3
1320	0
1321	3
1322	0
1323	3
1324	0
1325	3
1326	3
1327	3
1328	3
1329	3
1330	3
1331	3
1332	0
1333	3
1334	0
1335	3
1336	3
1337	3
1338	3
1339	3
1340	3
1341	3
1342	3
1343	3
1344	1
1345	0
1346	2
1347	2
1348	3
1349	2
1350	3
1351	1
1352	1
1353	3
1354	3
1355	3
1356	3
1357	3
1358	3
1359	3
1360	2
1361	3
1362	3
1363	2
1364	0
1365	0
1366	3
1367	0
1368	1
1369	0
1370	1
1371	3
1372	2
1373	3
1374	3
1375	2
1376	3
1377	0
1378	2
1379	0
1380	3
1381	2
1382	3
1383	1
1384	2
1385	3
1386	0
1387	2
1388	3
1389	3
1390	3
1391	2
1392	0
1393	3
1394	2
1395	0
1396	2
1397	3
1398	2
1399	3
1400	2
1401	3
1402	1
1403	3
1404	3
1405	2
1406	1
1407	3
1408	0
1409	3
1410	2
1411	3
1412	3
1413	2
1414	3
1415	3
1416	3
1417	3
1418	1
1419	1
1420	0
1421	0
1422	3
1423	1
1424	0
1425	1
1426	3
1427	3
1428	1
1429	3
1430	3
1431	3
1432	2
1433	2
1434	3
1435	2
1436	2
1437	0
1438	2
1439	3
1440	2
1441	3
1442	3
1443	0
1444	1
1445	2
1446	2
1447	3
1448	0
1449	3
1450	3
1451	1
1452	3
1453	0
1454	1
1455	3
1456	2
1457	0
1458	2
1459	3
1460	0
1461	3
1462	1
1463	0
1464	3
1465	3
1466	0
1467	0
1468	1
1469	3
1470	3
1471	3
1472	3
1473	3
1474	3
1475	3
1476	2
1477	3
1478	3
1479	3
1480	3
1481	3
1482	3
1483	3
1484	0
1485	2
1486	2
1487	2
1488	3
1489	3
1490	3
1491	3
1492	3
1493	3
1494	1
1495	3
1496	3
1497	3
1498	2
1499	2
1500	3
1501	3
1502	0
1503	3
1504	3
1505	3
1506	2
1507	0
1508	3
1509	3
1510	3
1511	3
1512	2
1513	2
1514	3
1515	3
1516	3
1517	3
1518	3
1519	2
1520	2
1521	0
1522	3
1523	0
1524	3
1525	2
1526	2
1527	0
1528	3
1529	3
1530	2
1531	2
1532	3
1533	0
1534	0
1535	2
1536	3
1537	3
1538	3
1539	3
1540	3
1541	3
1542	3
1543	3
1544	3
1545	2
1546	3
1547	3
1548	3
1549	2
1550	3
1551	3
1552	0
1553	0
1554	0
1555	3
1556	0
1557	1
1558	3
1559	3
1560	3
1561	2
1562	2
1563	3
1564	2
1565	3
1566	0
1567	2
1568	2
1569	3
1570	3
1571	3
1572	2
1573	2
1574	1
1575	3
1576	3
1577	3
1578	2
1579	3
1580	3
1581	3
1582	3
1583	3
1584	0
1585	3
1586	3
1587	3
1588	0
1589	3
1590	1
1591	3
1592	3
1593	0
1594	0
1595	2
1596	3
1597	3
1598	3
1599	3
1600	0
1601	3
1602	1
1603	0
1604	3
1605	3
1606	3
1607	1
1608	3
1609	3
1610	3
1611	3
1612	3
1613	3
1614	2
1615	3
1616	3
1617	2
1618	2
1619	1
1620	3
1621	3
1622	3
1623	0
1624	3
1625	0
1626	2
1627	0
1628	3
1629	3
1630	3
1631	3
1632	0
1633	3
1634	0
1635	3
1636	3
1637	3
1638	3
1639	2
1640	3
1641	3
1642	0
1643	3
1644	3
1645	3
1646	3
1647	3
1648	0
1649	3
1650	3
1651	3
1652	3
1653	3
1654	3
1655	3
1656	3
1657	3
1658	3
1659	3
1660	3
1661	1
1662	3
1663	3
1664	3
1665	3
1666	2
1667	2
1668	3
1669	3
1670	3
1671	3
1672	0
1673	3
1674	0
1675	2
1676	2
1677	0
1678	0
1679	3
1680	2
1681	3
1682	3
1683	3
1684	3
1685	3
1686	2
1687	2
1688	0
1689	0
1690	3
1691	2
1692	0
1693	3
1694	3
1695	3
1696	3
1697	3
1698	3
1699	0
1700	3
1701	3
1702	3
1703	2
1704	3
1705	3
1706	2
1707	0
1708	3
1709	2
1710	1
1711	2
1712	3
1713	3
1714	0
1715	2
1716	3
1717	2
1718	0
1719	2
1720	3
1721	2
1722	3
1723	2
1724	2
1725	3
1726	3
1727	3
1728	3
1729	3
1730	3
1731	3
1732	3
1733	3
1734	3
1735	3
1736	3
1737	3
1738	3
1739	2
1740	3
1741	2
1742	3
1743	3
1744	3
1745	3
1746	3
1747	3
1748	3
1749	3
1750	3
1751	3
1752	3
1753	3
1754	2
1755	2
1756	3
1757	3
1758	3
1759	3
1760	0
1761	3
1762	3
1763	2
1764	1
1765	0
1766	3
1767	0
1768	3
1769	0
1770	1
1771	2
1772	3
1773	0
1774	3
1775	2
1776	0
1777	3
1778	3
1779	3
1780	3
1781	3
1782	3
1783	3
1784	3
1785	3
1786	2
1787	2
1788	3
1789	3
1790	2
1791	3
1792	2
1793	2
1794	3
1795	3
1796	3
1797	3
1798	3
1799	3
1800	1
1801	0
1802	3
1803	3
1804	3
1805	3
1806	3
1807	1
1808	3
1809	3
1810	0
1811	1
1812	2
1813	3
1814	2
1815	3
1816	3
1817	3
1818	1
1819	3
1820	3
1821	3
1822	2
1823	3
1824	2
1825	3
1826	3
1827	2
1828	2
1829	3
1830	3
1831	3
1832	0
1833	0
1834	3
1835	0
1836	3
1837	3
1838	3
1839	3
1840	2
1841	2
1842	3
1843	3
1844	3
1845	3
1846	3
1847	3
1848	2
1849	3
1850	0
1851	3
1852	3
1853	2
1854	3
1855	2
1856	2
1857	3
1858	0
1859	1
1860	0
1861	1
1862	0
1863	0
1864	2
1865	3
1866	2
1867	3
1868	0
1869	0
1870	0
1871	0
1872	2
1873	3
1874	2
1875	3
1876	2
1877	2
1878	3
1879	3
1880	2
1881	3
1882	3
1883	2
1884	3
1885	3
1886	0
1887	3
1888	2
1889	1
1890	3
1891	0
1892	3
1893	1
1894	3
1895	0
1896	1
1897	3
1898	2
1899	3
1900	3
1901	2
1902	3
1903	3
1904	3
1905	2
1906	2
1907	2
1908	0
1909	0
1910	3
1911	0
1912	3
1913	3
1914	0
1915	0
1916	0
1917	1
1918	2
1919	3
1920	1
1921	3
1922	2
1923	2
1924	2
1925	3
1926	3
1927	3
1928	3
1929	1
1930	2
1931	2
1932	3
1933	3
1934	3
1935	3
1936	3
1937	3
1938	0
1939	3
1940	3
1941	3
1942	2
1943	2
1944	0
1945	3
1946	0
1947	0
1948	3
1949	0
1950	3
1951	0
1952	3
1953	3
1954	2
1955	1
1956	2
1957	3
1958	3
1959	3
1960	0
1961	3
1962	0
1963	3
1964	3
1965	1
1966	1
1967	1
1968	3
1969	3
1970	3
1971	3
1972	3
1973	3
1974	3
1975	2
1976	3
1977	3
1978	0
1979	0
1980	0
1981	0
1982	1
1983	2
1984	2
1985	3
1986	1
1987	3
1988	3
1989	3
1990	2
1991	3
1992	3
1993	3
1994	3
1995	3
1996	2
1997	2
1998	3
1999	3
2000	3
2001	2
2002	3
2003	3
2004	3
2005	3
2006	3
2007	1
2008	0
2009	2
2010	3
2011	3
2012	2
2013	0
2014	3
2015	2
2016	3
2017	3
2018	3
2019	0
2020	2
2021	2
2022	3
2023	1
2024	3
2025	0
2026	0
2027	3
2028	1
2029	0
2030	0
2031	2
2032	3
2033	3
2034	3
2035	0
2036	3
2037	3
2038	3
2039	3
2040	3
2041	3
2042	3
2043	0
2044	3
2045	3
2046	0
2047	3
2048	0
2049	2
2050	0
2051	1
2052	0
2053	3
2054	1
2055	1
2056	0
2057	3
2058	3
2059	2
2060	3
2061	0
2062	3
2063	1
2064	2
2065	3
2066	3
2067	3
2068	0
2069	3
2070	0
2071	0
2072	3
2073	3
2074	2
2075	3
2076	0
2077	0
2078	2
2079	2
2080	2
2081	3
2082	3
2083	3
2084	2
2085	3
2086	3
2087	3
2088	1
2089	0
2090	0
2091	0
2092	1
2093	0
2094	0
2095	0
2096	1
2097	2
2098	1
2099	1
2100	0
2101	0
2102	0
2103	2
2104	0
2105	2
2106	2
2107	0
2108	0
2109	2
2110	3
2111	3
2112	0
2113	3
2114	0
2115	0
2116	3
2117	3
2118	2
2119	0
2120	0
2121	3
2122	0
2123	3
2124	0
2125	2
2126	3
2127	0
2128	3
2129	0
2130	3
2131	3
2132	0
2133	0
2134	0
2135	3
2136	3
2137	2
2138	3
2139	3
2140	3
2141	3
2142	0
2143	0
2144	0
2145	0
2146	3
2147	0
2148	2
2149	3
2150	3
2151	3
2152	0
2153	3
2154	0
2155	3
2156	3
2157	3
2158	2
2159	0
2160	0
2161	0
2162	0
2163	2
2164	0
2165	0
2166	0
2167	0
2168	2
2169	3
2170	1
2171	3
2172	3
2173	3
2174	0
2175	0
2176	3
2177	3
2178	0
2179	0
2180	0
2181	3
2182	0
2183	0
2184	3
2185	0
2186	3
2187	0
2188	0
2189	0
2190	3
2191	3
2192	0
2193	0
2194	1
2195	0
2196	2
2197	2
2198	3
2199	3
2200	0
2201	0
2202	0
2203	0
2204	3
2205	1
2206	3
2207	2
2208	0
2209	0
2210	3
2211	3
2212	0
2213	0
2214	0
2215	0
2216	0
2217	0
2218	0
2219	0
2220	0
2221	0
2222	3
2223	1
2224	0
2225	0
2226	3
2227	0
2228	0
2229	2
2230	0
2231	0
2232	3
2233	3
2234	3
2235	3
2236	1
2237	1
2238	3
2239	3
2240	0
2241	0
2242	3
2243	3
2244	3
2245	3
2246	3
2247	3
2248	0
2249	3
2250	0
2251	2
2252	3
2253	3
2254	0
2255	1
2256	0
2257	3
2258	3
2259	3
2260	3
2261	2
2262	0
2263	2
2264	1
2265	0
2266	3
2267	0
2268	3
2269	3
2270	0
2271	0
2272	3
2273	0
2274	3
2275	2
2276	3
2277	0
2278	0
2279	3
2280	2
2281	0
2282	2
2283	0
2284	0
2285	0
2286	0
2287	3
2288	0
2289	0
2290	3
2291	3
2292	1
2293	2
2294	3
2295	2
2296	2
2297	0
2298	2
2299	0
2300	1
2301	2
2302	0
2303	0
2304	3
2305	0
2306	0
2307	0
2308	2
2309	3
2310	3
2311	3
2312	3
2313	3
2314	3
2315	1
2316	3
2317	2
2318	0
2319	3
2320	3
2321	0
2322	3
2323	0
2324	1
2325	3
2326	2
2327	3
2328	1
2329	2
2330	3
2331	0
2332	2
2333	3
2334	0
2335	3
2336	0
2337	0
2338	3
2339	3
2340	0
2341	0
2342	3
2343	3
2344	3
2345	0
2346	2
2347	2
2348	3
2349	3
2350	3
2351	3
2352	3
2353	3
2354	3
2355	3
2356	3
2357	3
2358	0
2359	3
2360	3
2361	3
2362	3
2363	2
2364	3
2365	3
2366	3
2367	3
2368	0
2369	0
2370	0
2371	0
2372	1
2373	0
2374	0
2375	3
2376	2
2377	0
2378	2
2379	0
2380	3
2381	3
2382	0
2383	0
2384	3
2385	0
2386	0
2387	0
2388	3
2389	3
2390	3
2391	2
2392	0
2393	0
2394	2
2395	0
2396	3
2397	3
2398	3
2399	3
2400	0
2401	0
2402	0
2403	0
2404	3
2405	3
2406	3
2407	3
2408	3
2409	0
2410	3
2411	3
2412	3
2413	3
2414	0
2415	3
2416	0
2417	1
2418	2
2419	3
2420	3
2421	3
2422	0
2423	3
2424	2
2425	3
2426	0
2427	3
2428	3
2429	3
2430	3
2431	2
2432	3
2433	0
2434	1
2435	0
2436	2
2437	3
2438	3
2439	2
2440	0
2441	3
2442	2
2443	0
2444	0
2445	0
2446	0
2447	3
2448	3
2449	2
2450	3
2451	0
2452	2
2453	1
2454	0
2455	2
2456	2
2457	0
2458	3
2459	0
2460	0
2461	0
2462	1
2463	3
2464	0
2465	0
2466	0
2467	0
2468	3
2469	0
2470	0
2471	3
2472	2
2473	0
2474	0
2475	0
2476	2
2477	0
2478	0
2479	2
2480	0
2481	3
2482	0
2483	3
2484	0
2485	1
2486	0
2487	3
2488	3
2489	3
2490	0
2491	0
2492	3
2493	0
2494	3
2495	3
2496	0
2497	2
2498	3
2499	3
2500	0
2501	3
2502	3
2503	0
2504	0
2505	3
2506	0
2507	1
2508	3
2509	0
2510	0
2511	0
2512	1
2513	0
2514	0
2515	0
2516	0
2517	0
2518	3
2519	0
2520	0
2521	3
2522	3
2523	0
2524	1
2525	3
2526	3
2527	0
2528	0
2529	2
2530	0
2531	3
2532	0
2533	3
2534	0
2535	0
2536	0
2537	0
2538	1
2539	0
2540	0
2541	0
2542	0
2543	0
2544	0
2545	0
2546	1
2547	2
2548	0
2549	0
2550	3
2551	3
2552	2
2553	3
2554	3
2555	0
2556	0
2557	2
2558	2
2559	3
2560	3
2561	2
2562	3
2563	2
2564	3
2565	3
2566	3
2567	3
2568	3
2569	3
2570	3
2571	3
2572	0
2573	3
2574	3
2575	3
2576	3
2577	3
2578	3
2579	2
2580	2
2581	3
2582	3
2583	1
2584	3
2585	3
2586	1
2587	0
2588	1
2589	1
2590	3
2591	2
2592	1
2593	2
2594	0
2595	2
2596	3
2597	3
2598	3
2599	3
2600	2
2601	0
2602	1
2603	2
2604	3
2605	1
2606	3
2607	3
2608	0
2609	3
2610	3
2611	3
2612	0
2613	3
2614	3
2615	3
2616	2
2617	2
2618	3
2619	2
2620	3
2621	1
2622	3
2623	2
2624	1
2625	0
2626	0
2627	1
2628	0
2629	0
2630	0
2631	0
2632	0
2633	3
2634	0
2635	0
2636	0
2637	0
2638	0
2639	2
2640	3
2641	0
2642	3
2643	3
2644	3
2645	2
2646	2
2647	3
2648	1
2649	2
2650	3
2651	1
2652	1
2653	1
2654	3
2655	3
2656	0
2657	0
2658	3
2659	3
2660	3
2661	3
2662	3
2663	3
2664	3
2665	3
2666	3
2667	3
2668	3
2669	3
2670	3
2671	3
2672	3
2673	1
2674	3
2675	0
2676	0
2677	0
2678	0
2679	3
2680	0
2681	2
2682	3
2683	2
2684	3
2685	3
2686	3
2687	0
2688	0
2689	3
2690	0
2691	3
2692	1
2693	3
2694	3
2695	3
2696	3
2697	3
2698	0
2699	3
2700	0
2701	3
2702	2
2703	1
2704	2
2705	1
2706	0
2707	0
2708	2
2709	3
2710	0
2711	3
2712	0
2713	3
2714	2
2715	2
2716	1
2717	0
2718	3
2719	1
2720	0
2721	3
2722	0
2723	3
2724	1
2725	3
2726	3
2727	3
2728	3
2729	0
2730	0
2731	1
2732	1
2733	3
2734	2
2735	3
2736	3
2737	3
2738	1
2739	1
2740	0
2741	3
2742	0
2743	2
2744	3
2745	3
2746	3
2747	3
2748	0
2749	2
2750	3
2751	0
2752	1
2753	3
2754	2
2755	3
2756	0
2757	1
2758	0
2759	2
2760	0
2761	1
2762	2
2763	0
2764	1
2765	3
2766	0
2767	3
2768	3
2769	2
2770	3
2771	0
2772	1
2773	3
2774	3
2775	1
2776	1
2777	3
2778	0
2779	0
2780	3
2781	0
2782	0
2783	3
2784	3
2785	2
2786	1
2787	0
2788	3
2789	3
2790	1
2791	3
2792	3
2793	3
2794	3
2795	3
2796	2
2797	3
2798	1
2799	3
2800	0
2801	3
2802	0
2803	1
2804	3
2805	3
2806	2
2807	3
2808	3
2809	0
2810	0
2811	2
2812	3
2813	1
2814	3
2815	1
2816	3
2817	3
2818	1
2819	3
2820	3
2821	2
2822	3
2823	3
2824	0
2825	0
2826	0
2827	2
2828	1
2829	3
2830	1
2831	1
2832	3
2833	3
2834	3
2835	3
2836	2
2837	3
2838	2
2839	3
2840	3
2841	1
2842	0
2843	3
2844	2
2845	1
2846	1
2847	0
2848	3
2849	1
2850	3
2851	1
2852	0
2853	1
2854	0
2855	3
2856	3
2857	1
2858	1
2859	3
2860	2
2861	1
2862	3
2863	3
2864	0
2865	3
2866	1
2867	0
2868	3
2869	1
2870	0
2871	3
2872	0
2873	3
2874	0
2875	0
2876	0
2877	3
2878	0
2879	0
2880	0
2881	0
2882	0
2883	1
2884	0
2885	0
2886	0
2887	0
2888	3
2889	0
2890	0
2891	0
2892	3
2893	3
2894	0
2895	3
2896	2
2897	2
2898	3
2899	0
2900	2
2901	2
2902	2
2903	2
2904	3
2905	3
2906	3
2907	2
2908	2
2909	2
2910	3
2911	3
2912	0
2913	3
2914	0
2915	1
2916	0
2917	3
2918	1
2919	3
2920	3
2921	1
2922	3
2923	0
2924	3
2925	1
2926	0
2927	3
2928	2
2929	3
2930	1
2931	3
2932	0
2933	0
2934	1
2935	3
2936	0
2937	1
2938	0
2939	2
2940	3
2941	0
2942	1
2943	2
2944	3
2945	2
2946	2
2947	3
2948	3
2949	3
2950	3
2951	3
2952	0
2953	3
2954	3
2955	3
2956	3
2957	2
2958	2
2959	3
2960	3
2961	2
2962	0
2963	2
2964	1
2965	3
2966	2
2967	0
2968	2
2969	1
2970	3
2971	1
2972	3
2973	3
2974	3
2975	2
2976	3
2977	3
2978	3
2979	2
2980	3
2981	3
2982	3
2983	3
2984	3
2985	2
2986	3
2987	1
2988	2
2989	3
2990	1
2991	2
2992	1
2993	3
2994	3
2995	3
2996	0
2997	3
2998	3
2999	1
3000	3
3001	3
3002	1
3003	3
3004	3
3005	3
3006	3
3007	3
3008	0
3009	0
3010	2
3011	2
3012	0
3013	3
3014	3
3015	3
3016	1
3017	0
3018	3
3019	0
3020	1
3021	0
3022	3
3023	0
3024	3
3025	2
3026	2
3027	3
3028	3
3029	2
3030	3
3031	1
3032	2
3033	3
3034	2
3035	2
3036	0
3037	2
3038	3
3039	3
3040	3
3041	3
3042	3
3043	2
3044	0
3045	1
3046	3
3047	3
3048	2
3049	0
3050	1
3051	2
3052	0
3053	0
3054	0
3055	2
3056	3
3057	3
3058	3
3059	3
3060	3
3061	0
3062	3
3063	3
3064	0
3065	2
3066	0
3067	2
3068	0
3069	3
3070	3
3071	0
3072	3
3073	3
3074	3
3075	3
3076	3
3077	3
3078	3
3079	3
3080	3
3081	3
3082	0
3083	3
3084	0
3085	3
3086	3
3087	3
3088	0
3089	0
3090	3
3091	3
3092	3
3093	0
3094	3
3095	0
3096	2
3097	1
3098	0
3099	0
3100	1
3101	1
3102	3
3103	0
3104	2
3105	3
3106	3
3107	3
3108	3
3109	3
3110	0
3111	0
3112	0
3113	1
3114	0
3115	2
3116	2
3117	3
3118	0
3119	3
3120	2
3121	3
3122	0
3123	2
3124	3
3125	3
3126	0
3127	1
3128	3
3129	3
3130	0
3131	2
3132	0
3133	3
3134	0
3135	2
3136	1
3137	0
3138	0
3139	0
3140	3
3141	1
3142	2
3143	3
3144	2
3145	3
3146	1
3147	2
3148	3
3149	3
3150	1
3151	3
3152	2
3153	0
3154	3
3155	0
3156	3
3157	3
3158	2
3159	1
3160	0
3161	3
3162	3
3163	3
3164	3
3165	3
3166	3
3167	0
3168	3
3169	2
3170	3
3171	3
3172	3
3173	0
3174	2
3175	0
3176	3
3177	3
3178	1
3179	0
3180	3
3181	3
3182	3
3183	2
3184	3
3185	3
3186	3
3187	3
3188	3
3189	3
3190	3
3191	2
3192	0
3193	3
3194	1
3195	0
3196	2
3197	1
3198	3
3199	0
3200	1
3201	2
3202	0
3203	3
3204	0
3205	0
3206	2
3207	3
3208	3
3209	3
3210	3
3211	3
3212	1
3213	0
3214	0
3215	0
3216	0
3217	2
3218	3
3219	3
3220	0
3221	0
3222	0
3223	0
3224	0
3225	3
3226	0
3227	0
3228	2
3229	3
3230	3
3231	3
3232	1
3233	3
3234	3
3235	2
3236	0
3237	0
3238	2
3239	3
3240	0
3241	2
3242	3
3243	0
3244	2
3245	0
3246	3
3247	3
3248	1
3249	3
3250	0
3251	3
3252	1
3253	3
3254	0
3255	3
3256	1
3257	3
3258	0
3259	2
3260	0
3261	0
3262	0
3263	0
3264	0
3265	0
3266	3
3267	2
3268	0
3269	0
3270	1
3271	0
3272	3
3273	0
3274	3
3275	3
3276	0
3277	1
3278	0
3279	0
3280	3
3281	3
3282	1
3283	3
3284	3
3285	3
3286	3
3287	1
3288	0
3289	3
3290	0
3291	3
3292	0
3293	0
3294	1
3295	3
3296	1
3297	3
3298	0
3299	1
3300	0
3301	0
3302	0
3303	1
3304	3
3305	3
3306	1
3307	3
3308	3
3309	0
3310	1
3311	3
3312	0
3313	2
3314	0
3315	3
3316	0
3317	1
3318	0
3319	3
3320	3
3321	0
3322	1
3323	3
3324	1
3325	0
3326	0
3327	0
3328	0
3329	3
3330	2
3331	3
3332	2
3333	3
3334	2
3335	0
3336	3
3337	3
3338	3
3339	0
3340	1
3341	3
3342	3
3343	0
3344	3
3345	1
3346	1
3347	2
3348	0
3349	2
3350	2
3351	3
3352	0
3353	0
3354	3
3355	3
3356	1
3357	2
3358	3
3359	3
3360	2
3361	3
3362	3
3363	3
3364	0
3365	3
3366	3
3367	3
3368	2
3369	0
3370	3
3371	1
3372	2
3373	3
3374	3
3375	2
3376	0
3377	3
3378	0
3379	3
3380	0
3381	3
3382	1
3383	0
3384	3
3385	3
3386	3
3387	3
3388	3
3389	3
3390	3
3391	2
3392	0
3393	1
3394	2
3395	1
3396	0
3397	0
3398	3
3399	1
3400	1
3401	2
3402	3
3403	1
3404	0
3405	0
3406	3
3407	2
3408	0
3409	3
3410	0
3411	0
3412	3
3413	3
3414	3
3415	0
3416	1
3417	2
3418	3
3419	0
3420	1
3421	3
3422	3
3423	2
3424	3
3425	2
3426	3
3427	0
3428	1
3429	0
3430	3
3431	3
3432	3
3433	3
3434	2
3435	2
3436	3
3437	0
3438	3
3439	0
3440	3
3441	3
3442	0
3443	0
3444	0
3445	3
3446	0
3447	0
3448	2
3449	1
3450	0
3451	0
3452	3
3453	0
3454	1
3455	3
3456	0
3457	2
3458	1
3459	1
3460	0
3461	3
3462	0
3463	0
3464	2
3465	0
3466	1
3467	0
3468	0
3469	0
3470	0
3471	3
3472	0
3473	3
3474	0
3475	0
3476	0
3477	0
3478	3
3479	1
3480	1
3481	3
3482	2
3483	2
3484	2
3485	0
3486	3
3487	3
3488	3
3489	1
3490	3
3491	3
3492	3
3493	0
3494	3
3495	0
3496	1
3497	2
3498	1
3499	3
3500	2
3501	3
3502	0
3503	0
3504	1
3505	3
3506	0
3507	1
3508	3
3509	3
3510	0
3511	2
3512	0
3513	1
3514	3
3515	3
3516	0
3517	3
3518	0
3519	0
3520	2
3521	3
3522	2
3523	2
3524	0
3525	2
3526	3
3527	3
3528	3
3529	1
3530	3
3531	0
3532	3
3533	3
3534	0
3535	0
3536	0
3537	3
3538	3
3539	0
3540	3
3541	3
3542	2
3543	3
3544	3
3545	2
3546	1
3547	3
3548	1
3549	2
3550	3
3551	3
3552	3
3553	0
3554	2
3555	1
3556	0
3557	1
3558	1
3559	3
3560	0
3561	3
3562	0
3563	0
3564	0
3565	3
3566	3
3567	0
3568	1
3569	3
3570	3
3571	3
3572	2
3573	2
3574	3
3575	1
3576	0
3577	3
3578	3
3579	1
3580	3
3581	1
3582	2
3583	3
3584	3
3585	1
3586	3
3587	0
3588	1
3589	0
3590	0
3591	3
3592	1
3593	3
3594	3
3595	2
3596	3
3597	0
3598	0
3599	3
3600	2
3601	1
3602	0
3603	2
3604	3
3605	1
3606	3
3607	3
3608	3
3609	3
3610	0
3611	3
3612	3
3613	3
3614	0
3615	0
3616	1
3617	2
3618	0
3619	3
3620	3
3621	1
3622	3
3623	0
3624	3
3625	0
3626	2
3627	0
3628	0
3629	0
3630	2
3631	0
3632	3
3633	3
3634	2
3635	3
3636	3
3637	3
3638	3
3639	0
3640	2
3641	0
3642	2
3643	2
3644	0
3645	0
3646	2
3647	1
3648	1
3649	0
3650	2
3651	0
3652	3
3653	3
3654	2
3655	2
3656	3
3657	3
3658	1
3659	3
3660	3
3661	3
3662	3
3663	1
3664	3
3665	1
3666	2
3667	3
3668	3
3669	3
3670	3
3671	3
3672	3
3673	0
3674	3
3675	3
3676	3
3677	3
3678	3
3679	3
3680	1
3681	2
3682	3
3683	3
3684	3
3685	3
3686	2
3687	3
3688	3
3689	3
3690	3
3691	3
3692	3
3693	3
3694	2
3695	0
3696	3
3697	3
3698	3
3699	3
3700	0
3701	2
3702	3
3703	3
3704	0
3705	3
3706	2
3707	3
3708	1
3709	2
3710	3
3711	3
3712	1
3713	0
3714	3
3715	0
3716	3
3717	3
3718	2
3719	3
3720	2
3721	2
3722	1
3723	3
3724	0
3725	2
3726	0
3727	3
3728	3
3729	0
3730	3
3731	3
3732	3
3733	3
3734	3
3735	3
3736	2
3737	3
3738	0
3739	3
3740	0
3741	3
3742	0
3743	3
3744	0
3745	3
3746	3
3747	3
3748	3
3749	3
3750	2
3751	3
3752	0
3753	3
3754	3
3755	3
3756	2
3757	3
3758	3
3759	3
3760	3
3761	3
3762	2
3763	1
3764	3
3765	3
3766	1
3767	3
3768	0
3769	0
3770	0
3771	2
3772	3
3773	3
3774	0
3775	2
3776	0
3777	0
3778	0
3779	3
3780	3
3781	3
3782	3
3783	3
3784	0
3785	0
3786	0
3787	3
3788	0
3789	3
3790	3
3791	2
3792	3
3793	3
3794	3
3795	3
3796	3
3797	0
3798	3
3799	3
3800	3
3801	0
3802	3
3803	3
3804	3
3805	0
3806	3
3807	3
3808	0
3809	0
3810	3
3811	3
3812	0
3813	3
3814	3
3815	3
3816	0
3817	2
3818	0
3819	1
3820	2
3821	3
3822	2
3823	3
3824	3
3825	3
3826	3
3827	3
3828	3
3829	2
3830	3
3831	3
3832	0
3833	2
3834	3
3835	3
3836	3
3837	0
3838	3
3839	3
3840	0
3841	3
3842	3
3843	1
3844	2
3845	1
3846	0
3847	0
3848	3
3849	0
3850	3
3851	3
3852	2
3853	3
3854	3
3855	2
3856	0
3857	3
3858	3
3859	0
3860	3
3861	3
3862	3
3863	1
3864	3
3865	3
3866	2
3867	3
3868	0
3869	0
3870	0
3871	3
3872	3
3873	3
3874	1
3875	2
3876	2
3877	1
3878	1
3879	3
3880	3
3881	0
3882	0
3883	3
3884	2
3885	1
3886	3
3887	0
3888	0
3889	0
3890	3
3891	0
3892	2
3893	3
3894	0
3895	3
3896	1
3897	3
3898	0
3899	0
3900	1
3901	3
3902	3
3903	3
3904	0
3905	3
3906	2
3907	0
3908	0
3909	3
3910	2
3911	0
3912	0
3913	2
3914	0
3915	3
3916	3
3917	3
3918	0
3919	3
3920	0
3921	0
3922	3
3923	0
3924	3
3925	3
3926	2
3927	3
3928	3
3929	0
3930	3
3931	3
3932	0
3933	2
3934	0
3935	3
3936	0
3937	3
3938	3
3939	3
3940	0
3941	3
3942	0
3943	3
3944	3
3945	0
3946	3
3947	3
3948	0
3949	3
3950	3
3951	0
3952	2
3953	0
3954	3
3955	0
3956	3
3957	2
3958	0
3959	3
3960	2
3961	2
3962	2
3963	0
3964	3
3965	3
3966	3
3967	3
3968	0
3969	1
3970	0
3971	3
3972	1
3973	3
3974	0
3975	2
3976	3
3977	1
3978	3
3979	3
3980	3
3981	0
3982	3
3983	2
3984	0
3985	3
3986	0
3987	2
3988	0
3989	0
3990	0
3991	0
3992	2
3993	3
3994	2
3995	3
3996	2
3997	3
3998	2
3999	2
4000	0
4001	3
4002	0
4003	0
4004	0
4005	0
4006	0
4007	0
4008	3
4009	0
4010	2
4011	2
4012	0
4013	3
4014	1
4015	0
4016	3
4017	0
4018	0
4019	1
4020	3
4021	0
4022	2
4023	3
4024	0
4025	1
4026	0
4027	0
4028	0
4029	2
4030	1
4031	3
4032	3
4033	3
4034	0
4035	3
4036	3
4037	3
4038	0
4039	3
4040	3
4041	3
4042	3
4043	0
4044	2
4045	3
4046	0
4047	3
4048	0
4049	0
4050	3
4051	0
4052	3
4053	2
4054	3
4055	2
4056	3
4057	3
4058	3
4059	2
4060	3
4061	2
4062	2
4063	3
4064	1
4065	3
4066	0
4067	3
4068	3
4069	3
4070	2
4071	3
4072	2
4073	3
4074	2
4075	3
4076	1
4077	2
4078	0
4079	2
4080	3
4081	0
4082	3
4083	2
4084	0
4085	0
4086	3
4087	3
4088	2
4089	1
4090	0
4091	3
4092	2
4093	0
4094	3
4095	3
