COMMAND
./sim gshare 13 6 ./proj2-traces/jpeg_trace.txt
OUTPUT
number of predictions:2000000
number of mispredictions:143236
misprediction rate:   7.16%
FINAL GSHARE CONTENTS
0	2
1	3
2	2
3	2
4	2
5	3
6	2
7	2
8	3
9	2
10	2
11	2
12	2
13	2
14	3
15	0
16	2
17	2
18	3
19	3
20	2
21	2
22	2
23	2
24	3
25	3
26	3
27	2
28	0
29	2
30	1
31	0
32	2
33	2
34	2
35	1
36	2
37	0
38	3
39	2
40	2
41	2
42	2
43	0
44	2
45	2
46	0
47	0
48	1
49	0
50	3
51	0
52	2
53	2
54	0
55	2
56	0
57	3
58	3
59	0
60	3
61	3
62	3
63	0
64	2
65	2
66	0
67	0
68	2
69	2
70	3
71	2
72	2
73	2
74	2
75	2
76	2
77	3
78	2
79	2
80	2
81	2
82	2
83	2
84	3
85	3
86	2
87	0
88	2
89	2
90	2
91	2
92	1
93	2
94	3
95	2
96	3
97	0
98	2
99	3
100	2
101	2
102	0
103	2
104	2
105	2
106	2
107	2
108	0
109	2
110	0
111	2
112	2
113	3
114	3
115	1
116	0
117	2
118	2
119	0
120	0
121	0
122	3
123	2
124	3
125	2
126	3
127	2
128	2
129	0
130	2
131	2
132	2
133	2
134	2
135	3
136	3
137	2
138	2
139	3
140	0
141	2
142	3
143	0
144	0
145	2
146	3
147	3
148	3
149	2
150	3
151	2
152	2
153	2
154	2
155	2
156	3
157	2
158	2
159	3
160	3
161	1
162	2
163	0
164	2
165	0
166	2
167	0
168	2
169	0
170	2
171	2
172	2
173	2
174	2
175	0
176	2
177	0
178	0
179	2
180	2
181	3
182	2
183	2
184	2
185	2
186	1
187	3
188	2
189	3
190	3
191	1
192	0
193	2
194	2
195	0
196	3
197	2
198	2
199	2
200	3
201	0
202	2
203	2
204	2
205	3
206	2
207	2
208	2
209	2
210	2
211	2
212	2
213	2
214	1
215	3
216	0
217	3
218	2
219	2
220	2
221	2
222	3
223	2
224	0
225	3
226	2
227	2
228	2
229	2
230	0
231	2
232	2
233	2
234	0
235	0
236	3
237	2
238	1
239	2
240	0
241	2
242	0
243	3
244	3
245	2
246	2
247	3
248	2
249	0
250	3
251	2
252	0
253	2
254	2
255	3
256	2
257	3
258	2
259	2
260	2
261	3
262	2
263	3
264	3
265	2
266	1
267	3
268	0
269	3
270	1
271	0
272	3
273	2
274	2
275	0
276	2
277	2
278	2
279	2
280	2
281	3
282	2
283	2
284	3
285	2
286	2
287	0
288	2
289	2
290	2
291	2
292	2
293	0
294	2
295	2
296	2
297	2
298	0
299	3
300	2
301	2
302	3
303	2
304	2
305	1
306	3
307	0
308	3
309	2
310	3
311	2
312	2
313	2
314	3
315	0
316	2
317	3
318	3
319	2
320	0
321	3
322	3
323	2
324	2
325	2
326	2
327	2
328	3
329	2
330	2
331	0
332	2
333	3
334	2
335	2
336	2
337	2
338	2
339	2
340	1
341	0
342	3
343	0
344	1
345	3
346	3
347	2
348	2
349	2
350	3
351	3
352	3
353	2
354	2
355	2
356	2
357	3
358	0
359	2
360	0
361	3
362	0
363	2
364	2
365	2
366	0
367	2
368	0
369	2
370	0
371	3
372	2
373	3
374	2
375	2
376	2
377	2
378	0
379	3
380	3
381	0
382	3
383	0
384	2
385	0
386	2
387	2
388	1
389	0
390	2
391	3
392	3
393	2
394	2
395	2
396	1
397	2
398	3
399	0
400	0
401	2
402	2
403	2
404	0
405	2
406	2
407	2
408	3
409	3
410	2
411	2
412	0
413	2
414	3
415	3
416	0
417	2
418	2
419	0
420	2
421	0
422	0
423	2
424	2
425	2
426	2
427	2
428	2
429	2
430	2
431	2
432	2
433	0
434	0
435	2
436	3
437	2
438	2
439	2
440	2
441	2
442	3
443	3
444	2
445	3
446	3
447	2
448	0
449	2
450	2
451	0
452	3
453	2
454	2
455	3
456	3
457	0
458	2
459	3
460	2
461	3
462	3
463	2
464	2
465	2
466	3
467	2
468	1
469	2
470	0
471	0
472	1
473	1
474	3
475	2
476	0
477	2
478	3
479	2
480	3
481	2
482	3
483	0
484	0
485	2
486	2
487	3
488	2
489	2
490	2
491	2
492	0
493	0
494	0
495	2
496	1
497	2
498	2
499	3
500	2
501	2
502	0
503	2
504	3
505	2
506	3
507	3
508	3
509	2
510	3
511	2
512	2
513	0
514	3
515	2
516	2
517	3
518	2
519	3
520	0
521	2
522	3
523	1
524	2
525	3
526	3
527	2
528	3
529	2
530	2
531	2
532	2
533	2
534	3
535	2
536	3
537	2
538	2
539	2
540	0
541	3
542	2
543	2
544	2
545	2
546	2
547	0
548	3
549	0
550	2
551	2
552	3
553	2
554	3
555	0
556	2
557	2
558	0
559	3
560	2
561	3
562	3
563	2
564	2
565	2
566	2
567	1
568	2
569	2
570	2
571	2
572	0
573	2
574	3
575	2
576	2
577	2
578	2
579	2
580	3
581	2
582	2
583	3
584	2
585	2
586	2
587	2
588	2
589	3
590	3
591	2
592	2
593	2
594	1
595	2
596	3
597	2
598	2
599	1
600	2
601	0
602	3
603	0
604	2
605	0
606	2
607	2
608	3
609	2
610	3
611	0
612	0
613	3
614	1
615	2
616	2
617	2
618	2
619	0
620	2
621	1
622	0
623	2
624	0
625	2
626	2
627	3
628	2
629	0
630	2
631	1
632	3
633	1
634	3
635	2
636	2
637	0
638	2
639	2
640	2
641	3
642	2
643	3
644	2
645	3
646	2
647	3
648	3
649	2
650	2
651	2
652	1
653	2
654	2
655	0
656	3
657	2
658	3
659	3
660	2
661	2
662	2
663	2
664	3
665	2
666	0
667	2
668	0
669	2
670	2
671	0
672	2
673	0
674	3
675	2
676	3
677	0
678	2
679	3
680	3
681	0
682	1
683	2
684	2
685	0
686	3
687	2
688	2
689	2
690	2
691	2
692	3
693	2
694	2
695	2
696	2
697	2
698	2
699	3
700	2
701	3
702	2
703	1
704	0
705	2
706	2
707	1
708	1
709	2
710	2
711	3
712	2
713	2
714	2
715	2
716	0
717	2
718	3
719	2
720	2
721	2
722	2
723	2
724	2
725	2
726	2
727	0
728	2
729	0
730	2
731	3
732	2
733	2
734	2
735	3
736	2
737	2
738	1
739	2
740	2
741	2
742	3
743	2
744	0
745	2
746	2
747	2
748	3
749	2
750	0
751	2
752	2
753	3
754	2
755	0
756	2
757	3
758	2
759	2
760	3
761	0
762	3
763	2
764	2
765	3
766	2
767	2
768	2
769	2
770	2
771	2
772	2
773	0
774	2
775	3
776	1
777	2
778	2
779	2
780	2
781	2
782	2
783	1
784	2
785	2
786	2
787	3
788	3
789	2
790	2
791	2
792	1
793	0
794	2
795	0
796	2
797	2
798	2
799	2
800	3
801	2
802	2
803	2
804	3
805	0
806	2
807	2
808	2
809	2
810	2
811	3
812	2
813	2
814	2
815	2
816	2
817	2
818	2
819	2
820	2
821	3
822	0
823	2
824	2
825	3
826	2
827	2
828	0
829	3
830	3
831	2
832	1
833	2
834	2
835	2
836	2
837	2
838	2
839	3
840	0
841	2
842	3
843	2
844	1
845	3
846	2
847	2
848	1
849	2
850	2
851	2
852	2
853	2
854	2
855	2
856	1
857	2
858	3
859	2
860	3
861	2
862	2
863	0
864	0
865	2
866	3
867	2
868	2
869	2
870	0
871	3
872	2
873	2
874	2
875	2
876	0
877	2
878	0
879	2
880	2
881	2
882	0
883	2
884	2
885	0
886	1
887	2
888	0
889	2
890	3
891	2
892	3
893	0
894	2
895	0
896	1
897	0
898	2
899	2
900	2
901	0
902	2
903	3
904	2
905	2
906	0
907	2
908	0
909	3
910	2
911	1
912	3
913	2
914	3
915	3
916	1
917	2
918	2
919	3
920	2
921	3
922	2
923	0
924	2
925	2
926	2
927	3
928	3
929	2
930	2
931	2
932	3
933	0
934	0
935	2
936	3
937	3
938	0
939	2
940	3
941	2
942	2
943	2
944	2
945	0
946	2
947	2
948	3
949	3
950	2
951	2
952	2
953	2
954	2
955	3
956	2
957	3
958	2
959	2
960	0
961	3
962	2
963	0
964	3
965	2
966	2
967	2
968	2
969	2
970	2
971	2
972	3
973	1
974	2
975	2
976	2
977	2
978	2
979	2
980	2
981	3
982	1
983	0
984	2
985	2
986	3
987	3
988	2
989	2
990	1
991	0
992	2
993	2
994	1
995	2
996	1
997	3
998	3
999	2
1000	2
1001	2
1002	2
1003	0
1004	2
1005	2
1006	0
1007	2
1008	2
1009	2
1010	2
1011	1
1012	3
1013	3
1014	0
1015	2
1016	1
1017	1
1018	2
1019	2
1020	2
1021	3
1022	2
1023	2
1024	2
1025	3
1026	2
1027	3
1028	2
1029	3
1030	2
1031	3
1032	3
1033	3
1034	3
1035	3
1036	2
1037	3
1038	2
1039	2
1040	2
1041	3
1042	2
1043	3
1044	3
1045	2
1046	2
1047	2
1048	3
1049	2
1050	2
1051	2
1052	2
1053	2
1054	2
1055	2
1056	0
1057	2
1058	3
1059	0
1060	2
1061	3
1062	3
1063	1
1064	2
1065	2
1066	2
1067	2
1068	2
1069	2
1070	2
1071	3
1072	2
1073	0
1074	2
1075	2
1076	3
1077	2
1078	2
1079	0
1080	0
1081	3
1082	2
1083	2
1084	2
1085	2
1086	3
1087	2
1088	3
1089	2
1090	2
1091	1
1092	2
1093	2
1094	3
1095	0
1096	3
1097	2
1098	2
1099	2
1100	2
1101	2
1102	2
1103	3
1104	3
1105	2
1106	2
1107	2
1108	3
1109	0
1110	2
1111	1
1112	0
1113	3
1114	2
1115	2
1116	2
1117	2
1118	3
1119	2
1120	2
1121	2
1122	3
1123	2
1124	0
1125	2
1126	0
1127	3
1128	2
1129	3
1130	2
1131	2
1132	2
1133	2
1134	2
1135	2
1136	1
1137	2
1138	2
1139	2
1140	2
1141	3
1142	2
1143	2
1144	3
1145	2
1146	1
1147	2
1148	3
1149	2
1150	3
1151	2
1152	2
1153	2
1154	3
1155	0
1156	2
1157	3
1158	0
1159	3
1160	0
1161	2
1162	0
1163	0
1164	2
1165	2
1166	2
1167	1
1168	0
1169	2
1170	2
1171	2
1172	0
1173	1
1174	2
1175	2
1176	2
1177	2
1178	2
1179	2
1180	2
1181	2
1182	2
1183	0
1184	3
1185	3
1186	3
1187	0
1188	2
1189	0
1190	3
1191	0
1192	2
1193	3
1194	2
1195	3
1196	3
1197	0
1198	2
1199	2
1200	2
1201	0
1202	0
1203	2
1204	2
1205	2
1206	2
1207	0
1208	2
1209	0
1210	2
1211	2
1212	2
1213	2
1214	3
1215	2
1216	2
1217	2
1218	2
1219	2
1220	2
1221	2
1222	2
1223	1
1224	3
1225	2
1226	2
1227	0
1228	3
1229	3
1230	2
1231	2
1232	2
1233	0
1234	2
1235	2
1236	2
1237	2
1238	2
1239	0
1240	2
1241	3
1242	2
1243	2
1244	2
1245	2
1246	2
1247	1
1248	0
1249	3
1250	2
1251	2
1252	2
1253	3
1254	0
1255	2
1256	2
1257	3
1258	3
1259	2
1260	2
1261	3
1262	0
1263	2
1264	3
1265	2
1266	3
1267	2
1268	2
1269	1
1270	2
1271	3
1272	3
1273	2
1274	1
1275	2
1276	2
1277	3
1278	2
1279	0
1280	2
1281	2
1282	3
1283	2
1284	3
1285	2
1286	3
1287	3
1288	3
1289	2
1290	3
1291	0
1292	3
1293	0
1294	3
1295	2
1296	3
1297	2
1298	2
1299	3
1300	0
1301	1
1302	2
1303	2
1304	2
1305	2
1306	3
1307	0
1308	2
1309	1
1310	2
1311	3
1312	3
1313	3
1314	2
1315	2
1316	3
1317	0
1318	1
1319	2
1320	3
1321	2
1322	2
1323	2
1324	2
1325	3
1326	2
1327	3
1328	2
1329	2
1330	0
1331	3
1332	2
1333	3
1334	2
1335	2
1336	2
1337	2
1338	2
1339	2
1340	2
1341	3
1342	3
1343	2
1344	2
1345	2
1346	2
1347	2
1348	3
1349	2
1350	3
1351	2
1352	2
1353	3
1354	2
1355	2
1356	1
1357	3
1358	2
1359	2
1360	3
1361	0
1362	2
1363	0
1364	2
1365	3
1366	2
1367	2
1368	2
1369	3
1370	2
1371	3
1372	3
1373	3
1374	3
1375	2
1376	2
1377	2
1378	2
1379	2
1380	2
1381	2
1382	1
1383	2
1384	2
1385	2
1386	2
1387	2
1388	0
1389	2
1390	0
1391	2
1392	3
1393	2
1394	3
1395	0
1396	3
1397	3
1398	0
1399	0
1400	1
1401	2
1402	0
1403	2
1404	3
1405	3
1406	2
1407	0
1408	2
1409	2
1410	3
1411	2
1412	2
1413	3
1414	3
1415	3
1416	2
1417	2
1418	3
1419	0
1420	2
1421	2
1422	2
1423	2
1424	2
1425	2
1426	2
1427	3
1428	0
1429	2
1430	0
1431	1
1432	2
1433	2
1434	2
1435	2
1436	0
1437	1
1438	2
1439	2
1440	2
1441	0
1442	3
1443	2
1444	3
1445	3
1446	2
1447	3
1448	2
1449	3
1450	2
1451	2
1452	3
1453	2
1454	2
1455	2
1456	3
1457	3
1458	2
1459	2
1460	2
1461	2
1462	2
1463	2
1464	2
1465	1
1466	2
1467	2
1468	0
1469	2
1470	3
1471	2
1472	2
1473	0
1474	2
1475	3
1476	3
1477	2
1478	3
1479	2
1480	3
1481	0
1482	2
1483	0
1484	3
1485	3
1486	2
1487	2
1488	2
1489	2
1490	2
1491	3
1492	2
1493	2
1494	0
1495	2
1496	3
1497	3
1498	3
1499	3
1500	0
1501	3
1502	3
1503	2
1504	3
1505	2
1506	0
1507	2
1508	2
1509	2
1510	0
1511	2
1512	3
1513	2
1514	2
1515	2
1516	2
1517	2
1518	3
1519	2
1520	0
1521	2
1522	3
1523	2
1524	3
1525	2
1526	3
1527	2
1528	1
1529	2
1530	2
1531	2
1532	2
1533	2
1534	3
1535	0
1536	2
1537	0
1538	0
1539	3
1540	2
1541	3
1542	2
1543	3
1544	3
1545	2
1546	3
1547	1
1548	0
1549	1
1550	3
1551	0
1552	3
1553	2
1554	2
1555	3
1556	1
1557	2
1558	2
1559	2
1560	2
1561	0
1562	2
1563	2
1564	2
1565	2
1566	2
1567	2
1568	2
1569	0
1570	2
1571	3
1572	2
1573	1
1574	2
1575	0
1576	2
1577	0
1578	2
1579	2
1580	2
1581	3
1582	2
1583	2
1584	2
1585	2
1586	0
1587	2
1588	3
1589	2
1590	2
1591	0
1592	2
1593	2
1594	2
1595	3
1596	2
1597	2
1598	3
1599	2
1600	1
1601	2
1602	2
1603	1
1604	3
1605	2
1606	2
1607	2
1608	3
1609	2
1610	2
1611	2
1612	1
1613	3
1614	2
1615	2
1616	2
1617	0
1618	2
1619	2
1620	3
1621	2
1622	0
1623	0
1624	2
1625	2
1626	3
1627	2
1628	2
1629	2
1630	2
1631	2
1632	2
1633	2
1634	3
1635	0
1636	0
1637	3
1638	0
1639	2
1640	2
1641	2
1642	3
1643	0
1644	2
1645	2
1646	2
1647	3
1648	1
1649	2
1650	3
1651	0
1652	2
1653	0
1654	0
1655	0
1656	2
1657	2
1658	0
1659	2
1660	2
1661	2
1662	2
1663	1
1664	3
1665	3
1666	3
1667	2
1668	2
1669	3
1670	2
1671	2
1672	2
1673	2
1674	3
1675	2
1676	0
1677	2
1678	2
1679	2
1680	3
1681	2
1682	3
1683	2
1684	2
1685	3
1686	3
1687	2
1688	2
1689	3
1690	2
1691	0
1692	0
1693	2
1694	2
1695	2
1696	2
1697	2
1698	0
1699	3
1700	2
1701	0
1702	2
1703	0
1704	2
1705	3
1706	2
1707	2
1708	2
1709	3
1710	2
1711	2
1712	2
1713	2
1714	2
1715	2
1716	2
1717	3
1718	2
1719	3
1720	2
1721	2
1722	2
1723	3
1724	2
1725	1
1726	3
1727	2
1728	0
1729	2
1730	2
1731	2
1732	2
1733	2
1734	2
1735	2
1736	3
1737	3
1738	2
1739	0
1740	2
1741	2
1742	2
1743	2
1744	2
1745	2
1746	2
1747	2
1748	2
1749	2
1750	2
1751	0
1752	2
1753	2
1754	2
1755	3
1756	2
1757	2
1758	2
1759	3
1760	0
1761	0
1762	0
1763	2
1764	3
1765	2
1766	0
1767	2
1768	2
1769	0
1770	2
1771	2
1772	0
1773	2
1774	0
1775	2
1776	2
1777	2
1778	2
1779	2
1780	3
1781	2
1782	2
1783	1
1784	0
1785	2
1786	3
1787	2
1788	3
1789	2
1790	3
1791	0
1792	2
1793	3
1794	2
1795	2
1796	2
1797	2
1798	2
1799	3
1800	3
1801	2
1802	3
1803	1
1804	2
1805	2
1806	2
1807	2
1808	3
1809	2
1810	2
1811	1
1812	2
1813	2
1814	2
1815	2
1816	2
1817	2
1818	2
1819	2
1820	2
1821	0
1822	2
1823	3
1824	2
1825	2
1826	2
1827	1
1828	3
1829	2
1830	0
1831	2
1832	2
1833	1
1834	0
1835	2
1836	1
1837	2
1838	3
1839	2
1840	2
1841	2
1842	0
1843	3
1844	2
1845	3
1846	3
1847	2
1848	2
1849	2
1850	2
1851	3
1852	2
1853	3
1854	2
1855	3
1856	3
1857	2
1858	2
1859	2
1860	3
1861	2
1862	1
1863	2
1864	2
1865	0
1866	2
1867	0
1868	2
1869	2
1870	2
1871	2
1872	3
1873	3
1874	2
1875	2
1876	2
1877	0
1878	3
1879	3
1880	2
1881	0
1882	2
1883	3
1884	3
1885	2
1886	2
1887	2
1888	3
1889	3
1890	0
1891	2
1892	3
1893	2
1894	0
1895	3
1896	2
1897	2
1898	0
1899	2
1900	0
1901	2
1902	0
1903	2
1904	0
1905	2
1906	2
1907	0
1908	3
1909	2
1910	0
1911	2
1912	3
1913	2
1914	2
1915	2
1916	3
1917	3
1918	2
1919	3
1920	2
1921	3
1922	0
1923	2
1924	2
1925	2
1926	2
1927	3
1928	3
1929	2
1930	3
1931	3
1932	0
1933	2
1934	2
1935	3
1936	3
1937	2
1938	2
1939	3
1940	2
1941	2
1942	2
1943	2
1944	2
1945	2
1946	3
1947	2
1948	2
1949	0
1950	2
1951	2
1952	2
1953	2
1954	2
1955	2
1956	3
1957	0
1958	3
1959	2
1960	2
1961	3
1962	3
1963	3
1964	2
1965	2
1966	2
1967	3
1968	3
1969	2
1970	2
1971	2
1972	3
1973	3
1974	3
1975	3
1976	2
1977	0
1978	2
1979	3
1980	0
1981	0
1982	2
1983	2
1984	0
1985	2
1986	2
1987	2
1988	3
1989	2
1990	1
1991	3
1992	3
1993	0
1994	2
1995	2
1996	1
1997	2
1998	0
1999	2
2000	2
2001	2
2002	2
2003	0
2004	1
2005	1
2006	2
2007	0
2008	3
2009	2
2010	3
2011	2
2012	1
2013	2
2014	2
2015	0
2016	0
2017	2
2018	2
2019	2
2020	3
2021	2
2022	0
2023	2
2024	2
2025	2
2026	2
2027	2
2028	2
2029	2
2030	3
2031	2
2032	0
2033	2
2034	2
2035	2
2036	3
2037	3
2038	1
2039	2
2040	1
2041	2
2042	2
2043	2
2044	3
2045	3
2046	3
2047	3
2048	0
2049	0
2050	2
2051	3
2052	3
2053	3
2054	2
2055	3
2056	3
2057	0
2058	2
2059	0
2060	2
2061	2
2062	3
2063	0
2064	2
2065	2
2066	2
2067	2
2068	2
2069	2
2070	2
2071	2
2072	2
2073	2
2074	2
2075	3
2076	2
2077	0
2078	2
2079	2
2080	0
2081	3
2082	2
2083	3
2084	2
2085	0
2086	0
2087	2
2088	2
2089	2
2090	2
2091	2
2092	2
2093	3
2094	2
2095	3
2096	2
2097	3
2098	2
2099	2
2100	3
2101	2
2102	1
2103	0
2104	2
2105	2
2106	2
2107	1
2108	3
2109	2
2110	3
2111	2
2112	0
2113	2
2114	2
2115	3
2116	2
2117	2
2118	2
2119	2
2120	0
2121	2
2122	2
2123	3
2124	0
2125	2
2126	3
2127	3
2128	2
2129	2
2130	0
2131	2
2132	2
2133	2
2134	2
2135	2
2136	2
2137	2
2138	1
2139	2
2140	0
2141	2
2142	2
2143	2
2144	0
2145	3
2146	0
2147	2
2148	0
2149	3
2150	2
2151	2
2152	2
2153	2
2154	2
2155	0
2156	2
2157	0
2158	0
2159	2
2160	3
2161	0
2162	2
2163	2
2164	2
2165	3
2166	2
2167	2
2168	2
2169	2
2170	3
2171	2
2172	0
2173	3
2174	1
2175	3
2176	3
2177	2
2178	2
2179	2
2180	3
2181	2
2182	2
2183	3
2184	3
2185	2
2186	2
2187	0
2188	2
2189	2
2190	2
2191	1
2192	2
2193	2
2194	2
2195	3
2196	2
2197	2
2198	2
2199	2
2200	2
2201	2
2202	3
2203	2
2204	2
2205	3
2206	2
2207	2
2208	1
2209	2
2210	2
2211	2
2212	2
2213	0
2214	2
2215	2
2216	2
2217	2
2218	3
2219	2
2220	2
2221	3
2222	2
2223	2
2224	2
2225	2
2226	3
2227	2
2228	2
2229	2
2230	1
2231	2
2232	2
2233	2
2234	2
2235	2
2236	2
2237	2
2238	2
2239	2
2240	3
2241	3
2242	2
2243	3
2244	2
2245	2
2246	2
2247	3
2248	2
2249	2
2250	2
2251	2
2252	2
2253	0
2254	3
2255	2
2256	3
2257	2
2258	2
2259	2
2260	3
2261	0
2262	3
2263	0
2264	2
2265	0
2266	2
2267	3
2268	0
2269	2
2270	2
2271	3
2272	1
2273	2
2274	2
2275	2
2276	3
2277	2
2278	3
2279	2
2280	2
2281	2
2282	2
2283	2
2284	2
2285	0
2286	0
2287	2
2288	2
2289	2
2290	2
2291	2
2292	2
2293	2
2294	2
2295	2
2296	3
2297	2
2298	3
2299	2
2300	0
2301	2
2302	2
2303	3
2304	3
2305	0
2306	0
2307	2
2308	2
2309	0
2310	2
2311	3
2312	3
2313	2
2314	2
2315	1
2316	2
2317	2
2318	2
2319	2
2320	3
2321	2
2322	3
2323	3
2324	2
2325	2
2326	2
2327	2
2328	0
2329	3
2330	3
2331	3
2332	2
2333	2
2334	2
2335	2
2336	0
2337	3
2338	2
2339	2
2340	3
2341	1
2342	2
2343	2
2344	2
2345	2
2346	0
2347	2
2348	2
2349	3
2350	3
2351	2
2352	2
2353	2
2354	2
2355	2
2356	2
2357	2
2358	3
2359	2
2360	2
2361	0
2362	3
2363	2
2364	3
2365	2
2366	2
2367	0
2368	3
2369	2
2370	2
2371	2
2372	2
2373	2
2374	2
2375	2
2376	1
2377	2
2378	2
2379	2
2380	3
2381	2
2382	2
2383	3
2384	0
2385	3
2386	2
2387	3
2388	3
2389	2
2390	2
2391	2
2392	2
2393	3
2394	2
2395	2
2396	2
2397	2
2398	2
2399	0
2400	1
2401	2
2402	1
2403	2
2404	2
2405	2
2406	2
2407	1
2408	2
2409	2
2410	2
2411	2
2412	2
2413	2
2414	3
2415	2
2416	3
2417	0
2418	2
2419	2
2420	2
2421	3
2422	0
2423	2
2424	2
2425	2
2426	3
2427	3
2428	0
2429	3
2430	0
2431	0
2432	3
2433	2
2434	1
2435	2
2436	2
2437	2
2438	3
2439	3
2440	3
2441	2
2442	2
2443	0
2444	2
2445	2
2446	2
2447	0
2448	3
2449	2
2450	2
2451	3
2452	0
2453	2
2454	3
2455	2
2456	2
2457	2
2458	3
2459	2
2460	3
2461	2
2462	1
2463	0
2464	0
2465	2
2466	3
2467	0
2468	3
2469	1
2470	3
2471	2
2472	2
2473	3
2474	2
2475	1
2476	2
2477	0
2478	1
2479	3
2480	2
2481	2
2482	1
2483	2
2484	2
2485	2
2486	2
2487	2
2488	2
2489	2
2490	2
2491	2
2492	2
2493	3
2494	2
2495	2
2496	0
2497	2
2498	2
2499	3
2500	2
2501	2
2502	2
2503	2
2504	2
2505	2
2506	2
2507	3
2508	3
2509	2
2510	2
2511	3
2512	0
2513	2
2514	2
2515	3
2516	3
2517	0
2518	3
2519	0
2520	2
2521	2
2522	2
2523	2
2524	2
2525	2
2526	2
2527	0
2528	1
2529	2
2530	2
2531	2
2532	2
2533	3
2534	3
2535	3
2536	2
2537	2
2538	0
2539	2
2540	2
2541	2
2542	2
2543	2
2544	3
2545	0
2546	2
2547	0
2548	2
2549	2
2550	2
2551	2
2552	3
2553	2
2554	3
2555	2
2556	1
2557	3
2558	2
2559	1
2560	3
2561	2
2562	2
2563	2
2564	0
2565	2
2566	2
2567	3
2568	3
2569	0
2570	2
2571	1
2572	2
2573	2
2574	2
2575	2
2576	3
2577	2
2578	2
2579	3
2580	2
2581	2
2582	3
2583	2
2584	2
2585	2
2586	3
2587	2
2588	0
2589	3
2590	2
2591	2
2592	2
2593	2
2594	2
2595	2
2596	2
2597	2
2598	2
2599	2
2600	2
2601	2
2602	2
2603	2
2604	2
2605	2
2606	2
2607	2
2608	3
2609	3
2610	2
2611	2
2612	3
2613	2
2614	2
2615	0
2616	2
2617	2
2618	0
2619	2
2620	2
2621	3
2622	3
2623	2
2624	2
2625	3
2626	2
2627	2
2628	2
2629	2
2630	2
2631	3
2632	2
2633	0
2634	2
2635	3
2636	3
2637	2
2638	2
2639	2
2640	2
2641	2
2642	2
2643	2
2644	3
2645	0
2646	2
2647	3
2648	0
2649	3
2650	2
2651	2
2652	1
2653	2
2654	2
2655	0
2656	3
2657	2
2658	0
2659	2
2660	3
2661	2
2662	0
2663	2
2664	2
2665	2
2666	2
2667	0
2668	3
2669	0
2670	2
2671	2
2672	3
2673	0
2674	2
2675	2
2676	2
2677	2
2678	3
2679	2
2680	1
2681	2
2682	3
2683	2
2684	0
2685	2
2686	0
2687	1
2688	2
2689	2
2690	2
2691	2
2692	3
2693	3
2694	2
2695	2
2696	3
2697	2
2698	2
2699	0
2700	2
2701	0
2702	2
2703	2
2704	2
2705	2
2706	2
2707	2
2708	2
2709	0
2710	3
2711	2
2712	2
2713	2
2714	2
2715	0
2716	2
2717	3
2718	2
2719	2
2720	2
2721	2
2722	2
2723	2
2724	3
2725	3
2726	3
2727	2
2728	2
2729	3
2730	3
2731	3
2732	2
2733	3
2734	2
2735	3
2736	3
2737	2
2738	2
2739	2
2740	3
2741	2
2742	2
2743	2
2744	2
2745	2
2746	2
2747	3
2748	2
2749	2
2750	2
2751	2
2752	0
2753	2
2754	0
2755	2
2756	0
2757	2
2758	2
2759	3
2760	3
2761	2
2762	2
2763	3
2764	3
2765	2
2766	3
2767	2
2768	0
2769	2
2770	2
2771	2
2772	3
2773	2
2774	2
2775	3
2776	2
2777	3
2778	2
2779	2
2780	0
2781	2
2782	2
2783	2
2784	3
2785	2
2786	2
2787	1
2788	2
2789	2
2790	3
2791	0
2792	2
2793	2
2794	2
2795	2
2796	2
2797	2
2798	0
2799	2
2800	0
2801	0
2802	2
2803	2
2804	2
2805	1
2806	2
2807	2
2808	3
2809	2
2810	3
2811	3
2812	0
2813	3
2814	2
2815	0
2816	3
2817	2
2818	3
2819	1
2820	2
2821	2
2822	2
2823	2
2824	2
2825	0
2826	2
2827	1
2828	2
2829	3
2830	3
2831	2
2832	3
2833	2
2834	3
2835	1
2836	2
2837	3
2838	2
2839	2
2840	2
2841	3
2842	2
2843	2
2844	3
2845	2
2846	2
2847	3
2848	2
2849	3
2850	3
2851	0
2852	2
2853	3
2854	3
2855	2
2856	2
2857	2
2858	2
2859	2
2860	2
2861	2
2862	0
2863	2
2864	2
2865	2
2866	2
2867	3
2868	3
2869	2
2870	3
2871	2
2872	2
2873	0
2874	2
2875	2
2876	2
2877	2
2878	2
2879	0
2880	3
2881	2
2882	2
2883	2
2884	0
2885	0
2886	2
2887	0
2888	3
2889	2
2890	2
2891	2
2892	0
2893	0
2894	3
2895	2
2896	1
2897	2
2898	2
2899	2
2900	2
2901	0
2902	2
2903	1
2904	2
2905	0
2906	2
2907	2
2908	1
2909	3
2910	2
2911	0
2912	3
2913	2
2914	2
2915	2
2916	2
2917	2
2918	3
2919	3
2920	2
2921	2
2922	2
2923	0
2924	0
2925	1
2926	0
2927	2
2928	2
2929	3
2930	2
2931	2
2932	3
2933	0
2934	3
2935	2
2936	0
2937	2
2938	3
2939	2
2940	0
2941	3
2942	2
2943	2
2944	2
2945	2
2946	2
2947	2
2948	0
2949	2
2950	2
2951	2
2952	3
2953	2
2954	2
2955	0
2956	0
2957	2
2958	3
2959	2
2960	3
2961	2
2962	2
2963	2
2964	2
2965	3
2966	2
2967	0
2968	3
2969	2
2970	2
2971	2
2972	2
2973	2
2974	2
2975	1
2976	0
2977	3
2978	2
2979	2
2980	2
2981	0
2982	3
2983	2
2984	2
2985	2
2986	3
2987	2
2988	2
2989	0
2990	2
2991	2
2992	2
2993	3
2994	3
2995	2
2996	3
2997	2
2998	3
2999	2
3000	2
3001	2
3002	2
3003	2
3004	0
3005	2
3006	3
3007	0
3008	3
3009	3
3010	2
3011	2
3012	0
3013	2
3014	2
3015	3
3016	2
3017	2
3018	2
3019	2
3020	2
3021	0
3022	2
3023	2
3024	2
3025	2
3026	2
3027	2
3028	3
3029	0
3030	2
3031	2
3032	1
3033	2
3034	2
3035	2
3036	2
3037	2
3038	1
3039	2
3040	3
3041	3
3042	0
3043	2
3044	0
3045	2
3046	3
3047	2
3048	2
3049	2
3050	3
3051	3
3052	0
3053	0
3054	2
3055	2
3056	0
3057	3
3058	2
3059	0
3060	2
3061	0
3062	2
3063	2
3064	0
3065	2
3066	2
3067	2
3068	0
3069	2
3070	3
3071	2
3072	2
3073	2
3074	0
3075	3
3076	0
3077	0
3078	2
3079	3
3080	2
3081	1
3082	2
3083	0
3084	1
3085	2
3086	3
3087	0
3088	0
3089	2
3090	2
3091	3
3092	2
3093	2
3094	2
3095	2
3096	0
3097	2
3098	3
3099	2
3100	2
3101	2
3102	2
3103	2
3104	0
3105	2
3106	2
3107	2
3108	3
3109	2
3110	3
3111	3
3112	2
3113	3
3114	2
3115	2
3116	2
3117	0
3118	2
3119	2
3120	2
3121	2
3122	0
3123	2
3124	3
3125	0
3126	2
3127	0
3128	2
3129	2
3130	2
3131	2
3132	2
3133	1
3134	3
3135	0
3136	2
3137	3
3138	2
3139	2
3140	2
3141	2
3142	3
3143	2
3144	2
3145	2
3146	2
3147	3
3148	0
3149	1
3150	3
3151	2
3152	2
3153	2
3154	2
3155	0
3156	3
3157	3
3158	2
3159	0
3160	2
3161	3
3162	2
3163	2
3164	2
3165	2
3166	2
3167	2
3168	3
3169	3
3170	0
3171	2
3172	2
3173	2
3174	2
3175	2
3176	2
3177	2
3178	2
3179	0
3180	2
3181	2
3182	0
3183	2
3184	2
3185	2
3186	3
3187	2
3188	2
3189	2
3190	0
3191	1
3192	0
3193	2
3194	3
3195	2
3196	1
3197	1
3198	2
3199	0
3200	2
3201	2
3202	3
3203	2
3204	0
3205	2
3206	2
3207	3
3208	1
3209	2
3210	0
3211	2
3212	2
3213	2
3214	2
3215	3
3216	3
3217	2
3218	2
3219	3
3220	3
3221	2
3222	2
3223	2
3224	2
3225	0
3226	3
3227	2
3228	2
3229	2
3230	3
3231	3
3232	0
3233	0
3234	2
3235	0
3236	2
3237	2
3238	3
3239	3
3240	2
3241	3
3242	2
3243	2
3244	3
3245	2
3246	3
3247	2
3248	2
3249	2
3250	0
3251	2
3252	3
3253	2
3254	2
3255	2
3256	3
3257	2
3258	2
3259	2
3260	2
3261	3
3262	3
3263	2
3264	2
3265	0
3266	2
3267	2
3268	3
3269	2
3270	2
3271	2
3272	2
3273	0
3274	2
3275	2
3276	2
3277	2
3278	2
3279	2
3280	2
3281	2
3282	2
3283	0
3284	2
3285	2
3286	2
3287	3
3288	2
3289	3
3290	2
3291	2
3292	1
3293	2
3294	2
3295	2
3296	0
3297	3
3298	2
3299	0
3300	1
3301	3
3302	2
3303	3
3304	2
3305	2
3306	0
3307	2
3308	2
3309	2
3310	0
3311	2
3312	2
3313	2
3314	2
3315	2
3316	2
3317	2
3318	0
3319	0
3320	0
3321	2
3322	3
3323	2
3324	3
3325	2
3326	2
3327	1
3328	3
3329	2
3330	0
3331	2
3332	0
3333	0
3334	2
3335	3
3336	3
3337	2
3338	3
3339	0
3340	2
3341	2
3342	3
3343	2
3344	3
3345	2
3346	2
3347	3
3348	3
3349	2
3350	2
3351	2
3352	2
3353	0
3354	3
3355	2
3356	2
3357	3
3358	2
3359	2
3360	2
3361	3
3362	2
3363	0
3364	2
3365	2
3366	3
3367	3
3368	2
3369	3
3370	2
3371	2
3372	2
3373	0
3374	2
3375	3
3376	2
3377	2
3378	2
3379	0
3380	0
3381	2
3382	2
3383	2
3384	2
3385	3
3386	2
3387	2
3388	0
3389	2
3390	2
3391	2
3392	2
3393	3
3394	3
3395	3
3396	2
3397	2
3398	2
3399	2
3400	2
3401	2
3402	2
3403	3
3404	3
3405	2
3406	2
3407	2
3408	2
3409	2
3410	2
3411	2
3412	2
3413	2
3414	2
3415	2
3416	2
3417	2
3418	2
3419	2
3420	2
3421	2
3422	2
3423	2
3424	2
3425	3
3426	2
3427	1
3428	2
3429	2
3430	3
3431	2
3432	2
3433	2
3434	2
3435	0
3436	2
3437	2
3438	0
3439	2
3440	3
3441	2
3442	2
3443	2
3444	2
3445	0
3446	3
3447	1
3448	2
3449	2
3450	3
3451	0
3452	0
3453	3
3454	2
3455	0
3456	3
3457	2
3458	3
3459	2
3460	0
3461	2
3462	3
3463	3
3464	3
3465	2
3466	0
3467	3
3468	1
3469	0
3470	2
3471	2
3472	2
3473	2
3474	2
3475	2
3476	1
3477	2
3478	2
3479	2
3480	3
3481	0
3482	2
3483	2
3484	3
3485	2
3486	2
3487	0
3488	2
3489	2
3490	2
3491	0
3492	3
3493	2
3494	2
3495	3
3496	2
3497	2
3498	2
3499	2
3500	2
3501	2
3502	2
3503	2
3504	2
3505	2
3506	0
3507	2
3508	3
3509	2
3510	2
3511	2
3512	2
3513	1
3514	2
3515	2
3516	2
3517	3
3518	3
3519	2
3520	0
3521	0
3522	0
3523	0
3524	2
3525	2
3526	2
3527	3
3528	2
3529	3
3530	2
3531	2
3532	0
3533	2
3534	2
3535	2
3536	3
3537	2
3538	2
3539	2
3540	2
3541	0
3542	3
3543	2
3544	0
3545	2
3546	2
3547	2
3548	2
3549	2
3550	2
3551	2
3552	2
3553	2
3554	2
3555	2
3556	0
3557	1
3558	2
3559	3
3560	2
3561	3
3562	2
3563	0
3564	2
3565	2
3566	0
3567	2
3568	3
3569	3
3570	2
3571	2
3572	3
3573	0
3574	2
3575	2
3576	0
3577	2
3578	2
3579	1
3580	2
3581	2
3582	3
3583	0
3584	3
3585	2
3586	3
3587	2
3588	0
3589	2
3590	2
3591	3
3592	2
3593	2
3594	2
3595	3
3596	2
3597	2
3598	2
3599	2
3600	3
3601	2
3602	2
3603	3
3604	1
3605	2
3606	3
3607	2
3608	2
3609	0
3610	3
3611	2
3612	2
3613	2
3614	3
3615	2
3616	2
3617	2
3618	2
3619	0
3620	2
3621	0
3622	3
3623	3
3624	2
3625	3
3626	2
3627	2
3628	2
3629	0
3630	3
3631	3
3632	2
3633	2
3634	0
3635	2
3636	1
3637	2
3638	2
3639	0
3640	2
3641	3
3642	2
3643	3
3644	0
3645	3
3646	3
3647	2
3648	3
3649	2
3650	2
3651	2
3652	2
3653	2
3654	2
3655	2
3656	3
3657	2
3658	2
3659	2
3660	0
3661	2
3662	2
3663	2
3664	2
3665	2
3666	2
3667	0
3668	2
3669	0
3670	0
3671	2
3672	0
3673	2
3674	3
3675	2
3676	2
3677	2
3678	2
3679	2
3680	1
3681	2
3682	2
3683	1
3684	2
3685	2
3686	3
3687	2
3688	2
3689	2
3690	0
3691	2
3692	2
3693	2
3694	0
3695	3
3696	3
3697	2
3698	2
3699	2
3700	2
3701	0
3702	3
3703	2
3704	3
3705	2
3706	3
3707	1
3708	1
3709	2
3710	3
3711	0
3712	2
3713	3
3714	0
3715	2
3716	0
3717	2
3718	2
3719	3
3720	2
3721	2
3722	2
3723	3
3724	2
3725	2
3726	3
3727	2
3728	3
3729	2
3730	3
3731	3
3732	2
3733	2
3734	3
3735	2
3736	2
3737	0
3738	2
3739	2
3740	3
3741	2
3742	3
3743	2
3744	2
3745	3
3746	2
3747	1
3748	0
3749	1
3750	2
3751	3
3752	2
3753	1
3754	1
3755	2
3756	3
3757	2
3758	3
3759	2
3760	2
3761	2
3762	0
3763	2
3764	3
3765	2
3766	3
3767	3
3768	2
3769	0
3770	2
3771	3
3772	2
3773	2
3774	3
3775	3
3776	3
3777	2
3778	2
3779	0
3780	2
3781	2
3782	2
3783	2
3784	3
3785	3
3786	2
3787	3
3788	0
3789	2
3790	2
3791	2
3792	0
3793	2
3794	2
3795	0
3796	2
3797	0
3798	2
3799	2
3800	0
3801	1
3802	2
3803	2
3804	0
3805	2
3806	2
3807	2
3808	2
3809	2
3810	2
3811	0
3812	2
3813	3
3814	3
3815	2
3816	2
3817	2
3818	2
3819	2
3820	2
3821	2
3822	0
3823	2
3824	2
3825	2
3826	2
3827	2
3828	3
3829	2
3830	0
3831	0
3832	1
3833	2
3834	3
3835	2
3836	0
3837	3
3838	2
3839	0
3840	2
3841	0
3842	2
3843	2
3844	0
3845	3
3846	0
3847	3
3848	3
3849	2
3850	2
3851	0
3852	2
3853	2
3854	2
3855	2
3856	2
3857	2
3858	2
3859	3
3860	2
3861	2
3862	2
3863	2
3864	2
3865	0
3866	2
3867	3
3868	0
3869	0
3870	2
3871	2
3872	2
3873	2
3874	2
3875	0
3876	0
3877	2
3878	3
3879	3
3880	2
3881	3
3882	2
3883	2
3884	2
3885	0
3886	2
3887	2
3888	2
3889	2
3890	2
3891	2
3892	3
3893	3
3894	3
3895	1
3896	2
3897	0
3898	2
3899	3
3900	2
3901	2
3902	2
3903	2
3904	0
3905	2
3906	3
3907	2
3908	2
3909	2
3910	2
3911	2
3912	2
3913	2
3914	2
3915	2
3916	3
3917	2
3918	2
3919	0
3920	0
3921	2
3922	2
3923	3
3924	2
3925	3
3926	3
3927	0
3928	0
3929	2
3930	2
3931	2
3932	2
3933	2
3934	2
3935	0
3936	2
3937	2
3938	2
3939	0
3940	2
3941	2
3942	1
3943	0
3944	2
3945	2
3946	2
3947	0
3948	2
3949	2
3950	0
3951	2
3952	2
3953	0
3954	2
3955	2
3956	3
3957	0
3958	0
3959	2
3960	3
3961	3
3962	3
3963	1
3964	3
3965	3
3966	3
3967	3
3968	3
3969	2
3970	3
3971	2
3972	0
3973	2
3974	2
3975	2
3976	3
3977	2
3978	2
3979	0
3980	2
3981	2
3982	2
3983	2
3984	3
3985	3
3986	0
3987	3
3988	2
3989	2
3990	3
3991	2
3992	2
3993	0
3994	2
3995	2
3996	3
3997	2
3998	2
3999	2
4000	3
4001	2
4002	2
4003	0
4004	1
4005	1
4006	3
4007	2
4008	2
4009	3
4010	2
4011	2
4012	2
4013	0
4014	2
4015	0
4016	2
4017	2
4018	2
4019	2
4020	2
4021	2
4022	0
4023	3
4024	2
4025	2
4026	2
4027	3
4028	0
4029	2
4030	3
4031	2
4032	3
4033	0
4034	2
4035	2
4036	2
4037	2
4038	2
4039	2
4040	0
4041	0
4042	2
4043	3
4044	3
4045	2
4046	2
4047	2
4048	0
4049	2
4050	2
4051	3
4052	2
4053	2
4054	2
4055	2
4056	0
4057	2
4058	2
4059	1
4060	2
4061	2
4062	2
4063	2
4064	2
4065	2
4066	1
4067	0
4068	0
4069	2
4070	3
4071	0
4072	2
4073	3
4074	2
4075	2
4076	0
4077	2
4078	0
4079	2
4080	2
4081	2
4082	2
4083	2
4084	3
4085	1
4086	2
4087	2
4088	3
4089	2
4090	3
4091	1
4092	0
4093	0
4094	2
4095	2
4096	2
4097	2
4098	3
4099	2
4100	2
4101	2
4102	2
4103	3
4104	0
4105	3
4106	2
4107	2
4108	2
4109	3
4110	3
4111	2
4112	2
4113	3
4114	0
4115	1
4116	0
4117	2
4118	2
4119	2
4120	2
4121	2
4122	0
4123	2
4124	3
4125	0
4126	3
4127	3
4128	2
4129	2
4130	2
4131	3
4132	2
4133	2
4134	2
4135	3
4136	2
4137	3
4138	2
4139	2
4140	0
4141	2
4142	2
4143	2
4144	2
4145	3
4146	3
4147	2
4148	1
4149	2
4150	3
4151	2
4152	0
4153	2
4154	2
4155	2
4156	2
4157	0
4158	3
4159	0
4160	3
4161	2
4162	3
4163	0
4164	2
4165	3
4166	2
4167	3
4168	2
4169	0
4170	0
4171	2
4172	0
4173	3
4174	2
4175	2
4176	2
4177	2
4178	2
4179	2
4180	2
4181	2
4182	2
4183	0
4184	2
4185	0
4186	0
4187	2
4188	2
4189	3
4190	2
4191	2
4192	2
4193	3
4194	2
4195	0
4196	2
4197	2
4198	3
4199	0
4200	2
4201	2
4202	2
4203	3
4204	2
4205	3
4206	2
4207	2
4208	2
4209	2
4210	2
4211	3
4212	3
4213	3
4214	2
4215	2
4216	3
4217	0
4218	3
4219	3
4220	3
4221	2
4222	2
4223	0
4224	2
4225	0
4226	3
4227	2
4228	2
4229	2
4230	3
4231	0
4232	2
4233	2
4234	2
4235	2
4236	1
4237	3
4238	3
4239	2
4240	0
4241	2
4242	2
4243	3
4244	3
4245	2
4246	2
4247	3
4248	2
4249	2
4250	1
4251	2
4252	3
4253	3
4254	2
4255	3
4256	0
4257	3
4258	2
4259	2
4260	3
4261	2
4262	2
4263	3
4264	2
4265	2
4266	0
4267	3
4268	2
4269	2
4270	3
4271	2
4272	2
4273	2
4274	0
4275	3
4276	2
4277	2
4278	3
4279	2
4280	2
4281	2
4282	3
4283	2
4284	1
4285	2
4286	2
4287	2
4288	2
4289	2
4290	3
4291	0
4292	2
4293	2
4294	3
4295	3
4296	3
4297	0
4298	3
4299	2
4300	3
4301	3
4302	2
4303	2
4304	2
4305	0
4306	2
4307	2
4308	2
4309	2
4310	2
4311	2
4312	2
4313	2
4314	2
4315	2
4316	2
4317	2
4318	2
4319	2
4320	2
4321	2
4322	2
4323	0
4324	2
4325	2
4326	2
4327	1
4328	2
4329	3
4330	2
4331	2
4332	2
4333	2
4334	2
4335	2
4336	2
4337	2
4338	1
4339	2
4340	2
4341	2
4342	2
4343	2
4344	3
4345	0
4346	3
4347	2
4348	2
4349	3
4350	2
4351	2
4352	2
4353	3
4354	3
4355	2
4356	2
4357	2
4358	2
4359	3
4360	2
4361	2
4362	2
4363	2
4364	3
4365	0
4366	3
4367	2
4368	3
4369	2
4370	2
4371	1
4372	0
4373	3
4374	2
4375	2
4376	3
4377	3
4378	1
4379	2
4380	2
4381	2
4382	2
4383	2
4384	2
4385	2
4386	2
4387	2
4388	2
4389	2
4390	3
4391	3
4392	2
4393	3
4394	1
4395	2
4396	3
4397	2
4398	3
4399	2
4400	2
4401	1
4402	0
4403	3
4404	3
4405	2
4406	3
4407	2
4408	3
4409	2
4410	2
4411	2
4412	0
4413	1
4414	3
4415	2
4416	2
4417	2
4418	2
4419	3
4420	2
4421	3
4422	2
4423	2
4424	2
4425	3
4426	2
4427	3
4428	3
4429	3
4430	3
4431	2
4432	2
4433	2
4434	2
4435	2
4436	2
4437	2
4438	2
4439	2
4440	2
4441	0
4442	2
4443	2
4444	2
4445	2
4446	2
4447	2
4448	3
4449	2
4450	2
4451	0
4452	2
4453	3
4454	3
4455	3
4456	2
4457	3
4458	3
4459	3
4460	2
4461	0
4462	2
4463	2
4464	3
4465	2
4466	0
4467	3
4468	2
4469	3
4470	2
4471	2
4472	3
4473	2
4474	2
4475	2
4476	0
4477	0
4478	2
4479	2
4480	2
4481	2
4482	0
4483	2
4484	2
4485	2
4486	2
4487	3
4488	3
4489	3
4490	0
4491	2
4492	2
4493	1
4494	3
4495	2
4496	3
4497	3
4498	2
4499	2
4500	2
4501	2
4502	2
4503	2
4504	2
4505	3
4506	0
4507	2
4508	3
4509	2
4510	3
4511	2
4512	1
4513	0
4514	2
4515	2
4516	2
4517	1
4518	0
4519	3
4520	2
4521	3
4522	2
4523	0
4524	0
4525	3
4526	2
4527	2
4528	2
4529	3
4530	0
4531	2
4532	3
4533	0
4534	3
4535	2
4536	2
4537	2
4538	2
4539	2
4540	2
4541	3
4542	2
4543	2
4544	2
4545	2
4546	2
4547	0
4548	3
4549	3
4550	2
4551	2
4552	2
4553	1
4554	2
4555	2
4556	3
4557	3
4558	3
4559	2
4560	2
4561	2
4562	2
4563	2
4564	2
4565	3
4566	0
4567	0
4568	2
4569	2
4570	2
4571	0
4572	2
4573	0
4574	2
4575	2
4576	2
4577	3
4578	3
4579	0
4580	2
4581	2
4582	3
4583	3
4584	2
4585	2
4586	3
4587	2
4588	2
4589	2
4590	2
4591	2
4592	2
4593	0
4594	1
4595	2
4596	2
4597	2
4598	2
4599	2
4600	3
4601	2
4602	3
4603	3
4604	3
4605	0
4606	2
4607	2
4608	2
4609	2
4610	3
4611	2
4612	2
4613	0
4614	2
4615	3
4616	1
4617	3
4618	2
4619	0
4620	0
4621	3
4622	3
4623	2
4624	3
4625	3
4626	2
4627	3
4628	0
4629	2
4630	2
4631	2
4632	2
4633	3
4634	0
4635	2
4636	2
4637	2
4638	2
4639	3
4640	2
4641	2
4642	2
4643	0
4644	2
4645	2
4646	2
4647	2
4648	2
4649	2
4650	2
4651	2
4652	2
4653	0
4654	3
4655	2
4656	1
4657	2
4658	2
4659	2
4660	3
4661	2
4662	2
4663	2
4664	3
4665	2
4666	2
4667	2
4668	2
4669	3
4670	2
4671	3
4672	2
4673	2
4674	3
4675	2
4676	2
4677	3
4678	2
4679	1
4680	3
4681	2
4682	2
4683	2
4684	3
4685	3
4686	2
4687	2
4688	0
4689	2
4690	2
4691	2
4692	2
4693	3
4694	2
4695	2
4696	3
4697	2
4698	3
4699	2
4700	0
4701	0
4702	2
4703	2
4704	2
4705	2
4706	1
4707	0
4708	2
4709	2
4710	2
4711	3
4712	2
4713	2
4714	2
4715	2
4716	2
4717	0
4718	2
4719	2
4720	2
4721	0
4722	1
4723	0
4724	2
4725	3
4726	2
4727	2
4728	3
4729	2
4730	2
4731	2
4732	2
4733	3
4734	3
4735	2
4736	2
4737	3
4738	3
4739	2
4740	2
4741	0
4742	2
4743	2
4744	2
4745	3
4746	2
4747	2
4748	2
4749	0
4750	2
4751	2
4752	3
4753	2
4754	2
4755	0
4756	3
4757	2
4758	2
4759	2
4760	2
4761	2
4762	2
4763	2
4764	2
4765	1
4766	2
4767	3
4768	2
4769	0
4770	2
4771	3
4772	2
4773	2
4774	2
4775	2
4776	2
4777	2
4778	2
4779	3
4780	0
4781	0
4782	3
4783	2
4784	2
4785	1
4786	3
4787	2
4788	3
4789	0
4790	2
4791	2
4792	3
4793	2
4794	2
4795	2
4796	3
4797	3
4798	3
4799	0
4800	1
4801	1
4802	2
4803	3
4804	0
4805	2
4806	3
4807	2
4808	2
4809	3
4810	2
4811	2
4812	2
4813	3
4814	2
4815	2
4816	3
4817	2
4818	2
4819	2
4820	2
4821	2
4822	2
4823	3
4824	0
4825	2
4826	3
4827	2
4828	2
4829	2
4830	2
4831	2
4832	3
4833	2
4834	2
4835	0
4836	2
4837	2
4838	0
4839	3
4840	2
4841	2
4842	2
4843	2
4844	0
4845	2
4846	2
4847	2
4848	2
4849	2
4850	1
4851	3
4852	2
4853	2
4854	2
4855	2
4856	3
4857	2
4858	0
4859	2
4860	3
4861	2
4862	0
4863	0
4864	2
4865	3
4866	0
4867	2
4868	2
4869	2
4870	2
4871	2
4872	2
4873	3
4874	3
4875	1
4876	1
4877	2
4878	2
4879	3
4880	3
4881	3
4882	2
4883	1
4884	1
4885	2
4886	2
4887	2
4888	2
4889	2
4890	3
4891	2
4892	2
4893	3
4894	3
4895	2
4896	3
4897	2
4898	3
4899	2
4900	2
4901	2
4902	3
4903	2
4904	2
4905	3
4906	2
4907	0
4908	0
4909	0
4910	2
4911	2
4912	3
4913	2
4914	2
4915	2
4916	3
4917	0
4918	2
4919	3
4920	3
4921	2
4922	2
4923	3
4924	0
4925	2
4926	3
4927	2
4928	2
4929	2
4930	2
4931	3
4932	2
4933	2
4934	3
4935	3
4936	2
4937	3
4938	2
4939	3
4940	3
4941	3
4942	2
4943	2
4944	2
4945	2
4946	2
4947	2
4948	2
4949	2
4950	2
4951	3
4952	2
4953	3
4954	2
4955	3
4956	3
4957	2
4958	0
4959	2
4960	2
4961	3
4962	2
4963	2
4964	2
4965	2
4966	3
4967	2
4968	2
4969	2
4970	2
4971	0
4972	2
4973	2
4974	2
4975	2
4976	2
4977	2
4978	2
4979	0
4980	2
4981	2
4982	2
4983	2
4984	0
4985	0
4986	3
4987	2
4988	2
4989	2
4990	2
4991	2
4992	2
4993	3
4994	3
4995	0
4996	2
4997	2
4998	2
4999	3
5000	2
5001	3
5002	2
5003	3
5004	2
5005	2
5006	2
5007	0
5008	2
5009	3
5010	2
5011	1
5012	3
5013	2
5014	2
5015	2
5016	0
5017	3
5018	3
5019	2
5020	2
5021	3
5022	2
5023	3
5024	3
5025	2
5026	2
5027	2
5028	2
5029	2
5030	2
5031	2
5032	2
5033	3
5034	3
5035	2
5036	2
5037	2
5038	2
5039	0
5040	3
5041	2
5042	2
5043	3
5044	3
5045	0
5046	3
5047	3
5048	2
5049	2
5050	2
5051	2
5052	0
5053	2
5054	3
5055	0
5056	2
5057	2
5058	3
5059	2
5060	2
5061	2
5062	2
5063	3
5064	2
5065	3
5066	2
5067	2
5068	3
5069	3
5070	2
5071	3
5072	2
5073	2
5074	2
5075	3
5076	0
5077	2
5078	2
5079	0
5080	2
5081	2
5082	3
5083	2
5084	2
5085	0
5086	2
5087	2
5088	2
5089	2
5090	2
5091	0
5092	2
5093	2
5094	3
5095	3
5096	2
5097	2
5098	2
5099	2
5100	2
5101	2
5102	3
5103	2
5104	0
5105	2
5106	2
5107	1
5108	2
5109	3
5110	2
5111	0
5112	3
5113	1
5114	2
5115	2
5116	2
5117	0
5118	2
5119	3
5120	3
5121	3
5122	3
5123	2
5124	2
5125	2
5126	2
5127	2
5128	3
5129	3
5130	2
5131	2
5132	0
5133	1
5134	2
5135	3
5136	0
5137	3
5138	2
5139	3
5140	2
5141	3
5142	2
5143	2
5144	2
5145	2
5146	3
5147	2
5148	3
5149	0
5150	2
5151	3
5152	3
5153	2
5154	2
5155	3
5156	2
5157	0
5158	2
5159	2
5160	1
5161	2
5162	2
5163	3
5164	2
5165	2
5166	2
5167	2
5168	3
5169	2
5170	2
5171	2
5172	2
5173	2
5174	2
5175	0
5176	2
5177	2
5178	2
5179	2
5180	0
5181	2
5182	3
5183	0
5184	3
5185	2
5186	3
5187	2
5188	2
5189	2
5190	2
5191	2
5192	2
5193	3
5194	2
5195	3
5196	3
5197	3
5198	2
5199	0
5200	0
5201	2
5202	2
5203	1
5204	2
5205	0
5206	2
5207	2
5208	3
5209	2
5210	2
5211	0
5212	3
5213	2
5214	3
5215	2
5216	2
5217	2
5218	2
5219	2
5220	3
5221	2
5222	3
5223	2
5224	2
5225	2
5226	2
5227	2
5228	2
5229	2
5230	2
5231	2
5232	2
5233	0
5234	3
5235	2
5236	2
5237	0
5238	1
5239	2
5240	3
5241	2
5242	2
5243	2
5244	2
5245	3
5246	2
5247	2
5248	2
5249	0
5250	0
5251	2
5252	1
5253	2
5254	2
5255	2
5256	3
5257	2
5258	2
5259	2
5260	0
5261	2
5262	2
5263	2
5264	2
5265	2
5266	2
5267	3
5268	2
5269	2
5270	2
5271	2
5272	3
5273	2
5274	0
5275	2
5276	2
5277	2
5278	2
5279	2
5280	2
5281	2
5282	3
5283	2
5284	2
5285	2
5286	2
5287	2
5288	2
5289	2
5290	2
5291	2
5292	0
5293	2
5294	2
5295	2
5296	2
5297	2
5298	0
5299	2
5300	3
5301	2
5302	3
5303	2
5304	2
5305	0
5306	0
5307	2
5308	0
5309	2
5310	3
5311	2
5312	2
5313	2
5314	2
5315	0
5316	3
5317	2
5318	2
5319	2
5320	2
5321	3
5322	2
5323	0
5324	1
5325	3
5326	2
5327	2
5328	3
5329	1
5330	2
5331	0
5332	2
5333	2
5334	2
5335	2
5336	3
5337	3
5338	2
5339	0
5340	2
5341	2
5342	2
5343	3
5344	2
5345	2
5346	2
5347	2
5348	2
5349	2
5350	3
5351	2
5352	2
5353	2
5354	2
5355	2
5356	2
5357	2
5358	2
5359	2
5360	3
5361	2
5362	3
5363	2
5364	2
5365	2
5366	0
5367	2
5368	3
5369	2
5370	2
5371	2
5372	0
5373	2
5374	2
5375	3
5376	2
5377	3
5378	2
5379	2
5380	2
5381	2
5382	2
5383	2
5384	3
5385	2
5386	2
5387	3
5388	2
5389	3
5390	2
5391	2
5392	3
5393	3
5394	2
5395	0
5396	2
5397	2
5398	3
5399	2
5400	2
5401	2
5402	1
5403	2
5404	2
5405	0
5406	2
5407	3
5408	2
5409	2
5410	1
5411	2
5412	2
5413	0
5414	2
5415	2
5416	1
5417	3
5418	3
5419	3
5420	3
5421	2
5422	2
5423	2
5424	2
5425	2
5426	2
5427	2
5428	3
5429	2
5430	2
5431	2
5432	2
5433	2
5434	3
5435	2
5436	0
5437	2
5438	3
5439	0
5440	3
5441	2
5442	3
5443	2
5444	2
5445	2
5446	2
5447	2
5448	2
5449	3
5450	2
5451	3
5452	3
5453	3
5454	2
5455	2
5456	0
5457	2
5458	2
5459	0
5460	2
5461	1
5462	1
5463	2
5464	3
5465	0
5466	2
5467	0
5468	3
5469	2
5470	2
5471	2
5472	0
5473	3
5474	2
5475	2
5476	0
5477	2
5478	3
5479	2
5480	2
5481	2
5482	2
5483	2
5484	2
5485	2
5486	2
5487	0
5488	3
5489	2
5490	2
5491	2
5492	0
5493	2
5494	0
5495	2
5496	3
5497	2
5498	2
5499	2
5500	2
5501	2
5502	2
5503	0
5504	2
5505	1
5506	0
5507	2
5508	2
5509	2
5510	3
5511	3
5512	2
5513	2
5514	3
5515	2
5516	0
5517	2
5518	3
5519	3
5520	3
5521	3
5522	2
5523	0
5524	2
5525	2
5526	2
5527	2
5528	3
5529	1
5530	0
5531	2
5532	2
5533	2
5534	2
5535	3
5536	3
5537	2
5538	0
5539	0
5540	2
5541	2
5542	2
5543	0
5544	2
5545	2
5546	2
5547	2
5548	3
5549	3
5550	2
5551	2
5552	2
5553	3
5554	2
5555	2
5556	3
5557	2
5558	2
5559	2
5560	2
5561	2
5562	3
5563	2
5564	2
5565	3
5566	3
5567	1
5568	2
5569	2
5570	3
5571	2
5572	2
5573	2
5574	0
5575	2
5576	3
5577	2
5578	2
5579	3
5580	3
5581	3
5582	2
5583	0
5584	0
5585	2
5586	2
5587	2
5588	2
5589	3
5590	2
5591	2
5592	0
5593	3
5594	3
5595	0
5596	3
5597	2
5598	2
5599	2
5600	3
5601	2
5602	2
5603	3
5604	1
5605	2
5606	3
5607	2
5608	2
5609	2
5610	2
5611	2
5612	2
5613	0
5614	2
5615	2
5616	2
5617	2
5618	2
5619	2
5620	2
5621	3
5622	0
5623	0
5624	3
5625	2
5626	3
5627	2
5628	0
5629	0
5630	3
5631	3
5632	2
5633	3
5634	3
5635	2
5636	0
5637	2
5638	2
5639	2
5640	3
5641	2
5642	3
5643	2
5644	2
5645	2
5646	2
5647	2
5648	3
5649	3
5650	2
5651	3
5652	2
5653	2
5654	3
5655	2
5656	2
5657	3
5658	3
5659	2
5660	2
5661	3
5662	2
5663	3
5664	2
5665	2
5666	2
5667	0
5668	2
5669	2
5670	2
5671	0
5672	3
5673	3
5674	2
5675	3
5676	2
5677	2
5678	2
5679	2
5680	2
5681	2
5682	2
5683	2
5684	2
5685	2
5686	2
5687	3
5688	0
5689	2
5690	3
5691	2
5692	2
5693	2
5694	3
5695	1
5696	2
5697	2
5698	2
5699	3
5700	2
5701	2
5702	2
5703	2
5704	2
5705	3
5706	2
5707	2
5708	1
5709	2
5710	2
5711	0
5712	0
5713	2
5714	2
5715	2
5716	2
5717	3
5718	2
5719	0
5720	2
5721	2
5722	2
5723	0
5724	3
5725	2
5726	2
5727	2
5728	2
5729	2
5730	2
5731	2
5732	0
5733	2
5734	3
5735	2
5736	2
5737	2
5738	3
5739	0
5740	2
5741	2
5742	2
5743	0
5744	1
5745	2
5746	2
5747	0
5748	3
5749	2
5750	0
5751	3
5752	3
5753	1
5754	2
5755	3
5756	2
5757	1
5758	2
5759	2
5760	2
5761	2
5762	2
5763	2
5764	2
5765	2
5766	2
5767	2
5768	0
5769	0
5770	2
5771	2
5772	1
5773	3
5774	3
5775	0
5776	0
5777	2
5778	2
5779	2
5780	0
5781	0
5782	0
5783	3
5784	3
5785	0
5786	1
5787	2
5788	2
5789	3
5790	2
5791	3
5792	2
5793	2
5794	1
5795	2
5796	2
5797	2
5798	2
5799	2
5800	2
5801	2
5802	2
5803	3
5804	3
5805	2
5806	3
5807	3
5808	0
5809	2
5810	0
5811	2
5812	0
5813	2
5814	3
5815	2
5816	3
5817	3
5818	2
5819	3
5820	3
5821	2
5822	3
5823	0
5824	3
5825	0
5826	2
5827	2
5828	2
5829	2
5830	3
5831	2
5832	2
5833	3
5834	2
5835	3
5836	2
5837	3
5838	2
5839	2
5840	0
5841	2
5842	2
5843	2
5844	0
5845	2
5846	2
5847	0
5848	2
5849	2
5850	1
5851	0
5852	2
5853	0
5854	2
5855	0
5856	2
5857	2
5858	2
5859	2
5860	0
5861	2
5862	3
5863	2
5864	2
5865	2
5866	2
5867	2
5868	2
5869	2
5870	2
5871	2
5872	1
5873	2
5874	0
5875	2
5876	2
5877	2
5878	2
5879	0
5880	2
5881	2
5882	3
5883	0
5884	3
5885	3
5886	3
5887	2
5888	2
5889	0
5890	3
5891	2
5892	2
5893	3
5894	2
5895	3
5896	3
5897	2
5898	3
5899	2
5900	3
5901	3
5902	2
5903	0
5904	0
5905	3
5906	0
5907	3
5908	3
5909	2
5910	3
5911	2
5912	3
5913	3
5914	0
5915	2
5916	2
5917	2
5918	2
5919	0
5920	3
5921	2
5922	2
5923	2
5924	2
5925	3
5926	3
5927	0
5928	2
5929	3
5930	2
5931	3
5932	0
5933	2
5934	3
5935	0
5936	2
5937	2
5938	2
5939	2
5940	3
5941	2
5942	0
5943	2
5944	0
5945	2
5946	3
5947	2
5948	0
5949	2
5950	2
5951	1
5952	3
5953	3
5954	2
5955	3
5956	0
5957	2
5958	2
5959	2
5960	2
5961	0
5962	2
5963	3
5964	2
5965	3
5966	1
5967	3
5968	2
5969	2
5970	0
5971	2
5972	2
5973	3
5974	2
5975	3
5976	2
5977	2
5978	3
5979	0
5980	2
5981	3
5982	2
5983	2
5984	2
5985	2
5986	2
5987	2
5988	2
5989	2
5990	3
5991	2
5992	2
5993	3
5994	0
5995	3
5996	2
5997	2
5998	1
5999	2
6000	2
6001	3
6002	1
6003	2
6004	2
6005	1
6006	2
6007	2
6008	2
6009	2
6010	2
6011	3
6012	0
6013	3
6014	2
6015	2
6016	2
6017	0
6018	0
6019	2
6020	2
6021	2
6022	2
6023	2
6024	2
6025	2
6026	2
6027	3
6028	2
6029	1
6030	3
6031	3
6032	3
6033	2
6034	2
6035	2
6036	1
6037	2
6038	2
6039	3
6040	0
6041	3
6042	0
6043	2
6044	2
6045	2
6046	2
6047	3
6048	2
6049	0
6050	2
6051	1
6052	2
6053	2
6054	2
6055	0
6056	2
6057	3
6058	2
6059	3
6060	0
6061	3
6062	3
6063	2
6064	2
6065	2
6066	2
6067	2
6068	3
6069	2
6070	3
6071	2
6072	2
6073	2
6074	3
6075	0
6076	2
6077	2
6078	3
6079	2
6080	3
6081	3
6082	3
6083	2
6084	1
6085	2
6086	0
6087	2
6088	1
6089	3
6090	2
6091	2
6092	2
6093	3
6094	2
6095	0
6096	2
6097	2
6098	2
6099	2
6100	3
6101	3
6102	2
6103	0
6104	2
6105	3
6106	1
6107	0
6108	3
6109	0
6110	2
6111	2
6112	2
6113	2
6114	2
6115	2
6116	2
6117	2
6118	3
6119	2
6120	2
6121	2
6122	0
6123	2
6124	3
6125	2
6126	2
6127	3
6128	2
6129	2
6130	1
6131	2
6132	2
6133	2
6134	0
6135	0
6136	2
6137	2
6138	2
6139	3
6140	3
6141	3
6142	2
6143	1
6144	3
6145	0
6146	3
6147	3
6148	0
6149	0
6150	2
6151	3
6152	0
6153	2
6154	0
6155	0
6156	2
6157	2
6158	3
6159	2
6160	3
6161	2
6162	2
6163	2
6164	2
6165	2
6166	3
6167	2
6168	2
6169	2
6170	3
6171	3
6172	2
6173	2
6174	2
6175	2
6176	2
6177	2
6178	2
6179	0
6180	2
6181	1
6182	2
6183	3
6184	2
6185	3
6186	2
6187	3
6188	2
6189	0
6190	2
6191	3
6192	2
6193	2
6194	0
6195	2
6196	3
6197	2
6198	2
6199	2
6200	2
6201	2
6202	2
6203	2
6204	3
6205	3
6206	2
6207	1
6208	3
6209	2
6210	2
6211	2
6212	0
6213	2
6214	3
6215	2
6216	2
6217	3
6218	3
6219	3
6220	2
6221	0
6222	2
6223	2
6224	2
6225	2
6226	2
6227	2
6228	0
6229	0
6230	2
6231	3
6232	2
6233	2
6234	2
6235	2
6236	2
6237	2
6238	3
6239	2
6240	2
6241	0
6242	2
6243	2
6244	2
6245	2
6246	3
6247	3
6248	2
6249	2
6250	2
6251	2
6252	2
6253	0
6254	3
6255	0
6256	2
6257	2
6258	1
6259	2
6260	2
6261	2
6262	2
6263	0
6264	3
6265	2
6266	3
6267	3
6268	0
6269	2
6270	2
6271	2
6272	3
6273	0
6274	3
6275	2
6276	0
6277	0
6278	2
6279	3
6280	2
6281	3
6282	2
6283	3
6284	2
6285	2
6286	0
6287	2
6288	3
6289	2
6290	2
6291	2
6292	3
6293	2
6294	3
6295	2
6296	2
6297	2
6298	3
6299	0
6300	0
6301	2
6302	2
6303	2
6304	3
6305	2
6306	2
6307	2
6308	2
6309	0
6310	2
6311	2
6312	2
6313	1
6314	2
6315	3
6316	3
6317	0
6318	0
6319	2
6320	2
6321	2
6322	2
6323	2
6324	3
6325	2
6326	2
6327	3
6328	2
6329	2
6330	2
6331	2
6332	2
6333	2
6334	2
6335	3
6336	2
6337	2
6338	2
6339	0
6340	2
6341	2
6342	2
6343	3
6344	2
6345	3
6346	3
6347	0
6348	3
6349	2
6350	2
6351	2
6352	2
6353	2
6354	2
6355	2
6356	1
6357	0
6358	2
6359	2
6360	2
6361	2
6362	3
6363	2
6364	2
6365	2
6366	2
6367	2
6368	2
6369	2
6370	2
6371	0
6372	2
6373	2
6374	3
6375	3
6376	2
6377	2
6378	2
6379	0
6380	2
6381	2
6382	3
6383	2
6384	2
6385	2
6386	0
6387	2
6388	2
6389	2
6390	2
6391	2
6392	3
6393	0
6394	0
6395	3
6396	2
6397	2
6398	2
6399	2
6400	2
6401	2
6402	2
6403	0
6404	2
6405	0
6406	2
6407	3
6408	2
6409	2
6410	2
6411	1
6412	2
6413	2
6414	2
6415	2
6416	3
6417	3
6418	2
6419	2
6420	2
6421	2
6422	2
6423	3
6424	2
6425	2
6426	3
6427	3
6428	2
6429	0
6430	3
6431	2
6432	2
6433	2
6434	2
6435	2
6436	2
6437	2
6438	0
6439	3
6440	2
6441	3
6442	2
6443	2
6444	2
6445	2
6446	2
6447	2
6448	2
6449	3
6450	2
6451	2
6452	1
6453	2
6454	3
6455	0
6456	0
6457	0
6458	2
6459	0
6460	1
6461	2
6462	3
6463	2
6464	2
6465	2
6466	2
6467	3
6468	2
6469	2
6470	2
6471	2
6472	2
6473	3
6474	2
6475	3
6476	3
6477	0
6478	2
6479	2
6480	3
6481	3
6482	2
6483	2
6484	2
6485	3
6486	2
6487	2
6488	2
6489	0
6490	3
6491	2
6492	3
6493	2
6494	2
6495	2
6496	2
6497	2
6498	3
6499	2
6500	2
6501	0
6502	3
6503	2
6504	2
6505	2
6506	2
6507	2
6508	2
6509	2
6510	2
6511	0
6512	0
6513	0
6514	0
6515	2
6516	2
6517	2
6518	0
6519	0
6520	2
6521	2
6522	3
6523	3
6524	1
6525	2
6526	2
6527	1
6528	2
6529	2
6530	2
6531	2
6532	0
6533	0
6534	2
6535	3
6536	0
6537	2
6538	2
6539	2
6540	3
6541	3
6542	2
6543	0
6544	3
6545	2
6546	2
6547	2
6548	2
6549	2
6550	3
6551	3
6552	2
6553	3
6554	3
6555	2
6556	2
6557	2
6558	2
6559	0
6560	2
6561	2
6562	3
6563	2
6564	3
6565	2
6566	0
6567	2
6568	2
6569	2
6570	2
6571	2
6572	3
6573	3
6574	0
6575	2
6576	0
6577	2
6578	0
6579	2
6580	2
6581	1
6582	2
6583	3
6584	2
6585	2
6586	2
6587	2
6588	0
6589	3
6590	3
6591	2
6592	3
6593	2
6594	2
6595	2
6596	2
6597	2
6598	2
6599	2
6600	2
6601	3
6602	2
6603	2
6604	3
6605	0
6606	2
6607	0
6608	3
6609	2
6610	2
6611	2
6612	2
6613	0
6614	2
6615	2
6616	3
6617	0
6618	2
6619	0
6620	3
6621	2
6622	2
6623	2
6624	2
6625	2
6626	3
6627	2
6628	2
6629	2
6630	3
6631	3
6632	1
6633	2
6634	2
6635	0
6636	2
6637	0
6638	2
6639	0
6640	0
6641	2
6642	0
6643	2
6644	2
6645	2
6646	0
6647	3
6648	2
6649	0
6650	0
6651	3
6652	0
6653	3
6654	2
6655	2
6656	2
6657	0
6658	3
6659	2
6660	0
6661	3
6662	3
6663	2
6664	2
6665	3
6666	2
6667	2
6668	3
6669	2
6670	0
6671	2
6672	3
6673	2
6674	2
6675	2
6676	2
6677	3
6678	2
6679	0
6680	2
6681	3
6682	3
6683	0
6684	2
6685	3
6686	2
6687	2
6688	2
6689	2
6690	1
6691	0
6692	3
6693	0
6694	0
6695	2
6696	2
6697	0
6698	2
6699	3
6700	2
6701	2
6702	2
6703	3
6704	1
6705	0
6706	3
6707	3
6708	2
6709	2
6710	2
6711	2
6712	3
6713	2
6714	2
6715	2
6716	3
6717	1
6718	0
6719	3
6720	3
6721	3
6722	0
6723	3
6724	2
6725	2
6726	2
6727	0
6728	2
6729	3
6730	2
6731	2
6732	2
6733	2
6734	2
6735	2
6736	3
6737	2
6738	2
6739	2
6740	2
6741	1
6742	0
6743	3
6744	0
6745	3
6746	3
6747	2
6748	0
6749	2
6750	2
6751	2
6752	3
6753	2
6754	2
6755	2
6756	2
6757	2
6758	0
6759	3
6760	2
6761	2
6762	2
6763	2
6764	2
6765	3
6766	2
6767	0
6768	2
6769	2
6770	2
6771	3
6772	0
6773	3
6774	2
6775	0
6776	2
6777	0
6778	3
6779	2
6780	3
6781	2
6782	2
6783	2
6784	0
6785	0
6786	3
6787	2
6788	1
6789	3
6790	3
6791	3
6792	2
6793	2
6794	2
6795	0
6796	1
6797	2
6798	0
6799	0
6800	3
6801	2
6802	2
6803	2
6804	0
6805	2
6806	2
6807	3
6808	2
6809	3
6810	3
6811	3
6812	0
6813	3
6814	1
6815	2
6816	2
6817	2
6818	1
6819	2
6820	3
6821	2
6822	3
6823	3
6824	2
6825	2
6826	2
6827	3
6828	3
6829	1
6830	2
6831	1
6832	3
6833	2
6834	2
6835	2
6836	3
6837	3
6838	2
6839	2
6840	0
6841	2
6842	2
6843	2
6844	3
6845	2
6846	2
6847	3
6848	2
6849	2
6850	2
6851	3
6852	2
6853	3
6854	2
6855	2
6856	0
6857	2
6858	2
6859	3
6860	3
6861	3
6862	2
6863	2
6864	3
6865	2
6866	2
6867	0
6868	2
6869	2
6870	1
6871	3
6872	2
6873	2
6874	3
6875	3
6876	1
6877	2
6878	2
6879	2
6880	0
6881	2
6882	0
6883	2
6884	2
6885	0
6886	3
6887	2
6888	2
6889	2
6890	2
6891	2
6892	2
6893	2
6894	2
6895	1
6896	1
6897	3
6898	2
6899	2
6900	2
6901	2
6902	2
6903	0
6904	2
6905	2
6906	3
6907	3
6908	2
6909	3
6910	2
6911	2
6912	2
6913	2
6914	2
6915	2
6916	0
6917	2
6918	2
6919	3
6920	2
6921	2
6922	2
6923	0
6924	3
6925	3
6926	2
6927	2
6928	2
6929	3
6930	2
6931	2
6932	2
6933	2
6934	2
6935	2
6936	2
6937	3
6938	2
6939	2
6940	2
6941	3
6942	2
6943	2
6944	2
6945	2
6946	3
6947	0
6948	3
6949	2
6950	0
6951	3
6952	0
6953	3
6954	2
6955	3
6956	0
6957	2
6958	3
6959	3
6960	2
6961	2
6962	2
6963	2
6964	2
6965	2
6966	2
6967	2
6968	3
6969	2
6970	2
6971	2
6972	0
6973	2
6974	2
6975	2
6976	2
6977	2
6978	2
6979	3
6980	2
6981	2
6982	2
6983	0
6984	3
6985	3
6986	2
6987	2
6988	3
6989	2
6990	2
6991	0
6992	2
6993	2
6994	2
6995	0
6996	2
6997	2
6998	1
6999	3
7000	3
7001	0
7002	2
7003	0
7004	3
7005	2
7006	2
7007	0
7008	2
7009	1
7010	0
7011	2
7012	2
7013	0
7014	3
7015	2
7016	3
7017	2
7018	2
7019	2
7020	2
7021	1
7022	2
7023	0
7024	3
7025	2
7026	1
7027	2
7028	2
7029	3
7030	2
7031	2
7032	2
7033	3
7034	3
7035	2
7036	3
7037	3
7038	3
7039	2
7040	3
7041	3
7042	3
7043	2
7044	0
7045	2
7046	2
7047	2
7048	2
7049	2
7050	2
7051	2
7052	0
7053	1
7054	0
7055	2
7056	3
7057	2
7058	2
7059	2
7060	2
7061	0
7062	2
7063	2
7064	2
7065	0
7066	2
7067	2
7068	1
7069	3
7070	2
7071	3
7072	2
7073	2
7074	2
7075	2
7076	2
7077	2
7078	2
7079	2
7080	2
7081	2
7082	2
7083	2
7084	3
7085	2
7086	2
7087	3
7088	2
7089	2
7090	1
7091	2
7092	3
7093	2
7094	3
7095	1
7096	3
7097	0
7098	2
7099	2
7100	0
7101	2
7102	3
7103	2
7104	0
7105	2
7106	2
7107	2
7108	2
7109	2
7110	2
7111	3
7112	3
7113	0
7114	2
7115	2
7116	0
7117	0
7118	2
7119	2
7120	2
7121	2
7122	0
7123	2
7124	0
7125	0
7126	2
7127	2
7128	2
7129	2
7130	3
7131	0
7132	3
7133	2
7134	0
7135	2
7136	0
7137	3
7138	0
7139	2
7140	3
7141	2
7142	0
7143	2
7144	2
7145	2
7146	3
7147	2
7148	2
7149	2
7150	0
7151	3
7152	0
7153	2
7154	0
7155	2
7156	2
7157	1
7158	2
7159	3
7160	3
7161	2
7162	2
7163	3
7164	2
7165	0
7166	2
7167	2
7168	2
7169	3
7170	2
7171	2
7172	1
7173	0
7174	2
7175	2
7176	2
7177	0
7178	2
7179	1
7180	2
7181	2
7182	3
7183	2
7184	3
7185	3
7186	2
7187	3
7188	2
7189	2
7190	2
7191	3
7192	2
7193	2
7194	3
7195	2
7196	3
7197	3
7198	2
7199	3
7200	3
7201	2
7202	2
7203	0
7204	2
7205	3
7206	2
7207	2
7208	2
7209	2
7210	2
7211	1
7212	0
7213	0
7214	3
7215	3
7216	2
7217	2
7218	2
7219	2
7220	3
7221	0
7222	3
7223	3
7224	2
7225	0
7226	2
7227	2
7228	2
7229	2
7230	3
7231	2
7232	3
7233	2
7234	3
7235	2
7236	2
7237	2
7238	3
7239	3
7240	0
7241	0
7242	3
7243	1
7244	2
7245	3
7246	3
7247	2
7248	3
7249	2
7250	0
7251	2
7252	2
7253	0
7254	2
7255	2
7256	2
7257	2
7258	2
7259	3
7260	3
7261	2
7262	2
7263	2
7264	1
7265	3
7266	0
7267	1
7268	2
7269	2
7270	3
7271	2
7272	2
7273	2
7274	2
7275	2
7276	2
7277	2
7278	0
7279	3
7280	2
7281	3
7282	2
7283	2
7284	2
7285	3
7286	0
7287	2
7288	3
7289	2
7290	1
7291	1
7292	3
7293	3
7294	2
7295	2
7296	2
7297	3
7298	3
7299	2
7300	3
7301	2
7302	2
7303	2
7304	3
7305	0
7306	2
7307	2
7308	1
7309	3
7310	0
7311	0
7312	2
7313	3
7314	2
7315	0
7316	2
7317	2
7318	2
7319	2
7320	2
7321	2
7322	1
7323	3
7324	3
7325	3
7326	2
7327	3
7328	3
7329	2
7330	2
7331	2
7332	3
7333	3
7334	1
7335	0
7336	3
7337	3
7338	2
7339	3
7340	3
7341	3
7342	0
7343	3
7344	2
7345	2
7346	2
7347	2
7348	2
7349	0
7350	3
7351	3
7352	2
7353	3
7354	2
7355	2
7356	2
7357	2
7358	3
7359	3
7360	2
7361	2
7362	2
7363	0
7364	2
7365	0
7366	2
7367	2
7368	3
7369	3
7370	3
7371	3
7372	2
7373	0
7374	3
7375	2
7376	2
7377	2
7378	2
7379	0
7380	3
7381	2
7382	3
7383	2
7384	3
7385	2
7386	2
7387	3
7388	0
7389	2
7390	2
7391	2
7392	2
7393	0
7394	3
7395	2
7396	2
7397	2
7398	3
7399	0
7400	3
7401	0
7402	2
7403	2
7404	2
7405	0
7406	2
7407	3
7408	2
7409	2
7410	3
7411	3
7412	1
7413	3
7414	0
7415	0
7416	2
7417	3
7418	3
7419	2
7420	2
7421	2
7422	2
7423	2
7424	2
7425	2
7426	3
7427	2
7428	0
7429	3
7430	2
7431	3
7432	2
7433	2
7434	3
7435	0
7436	1
7437	2
7438	2
7439	3
7440	3
7441	3
7442	2
7443	1
7444	2
7445	2
7446	2
7447	2
7448	2
7449	2
7450	3
7451	2
7452	2
7453	2
7454	1
7455	2
7456	0
7457	2
7458	3
7459	2
7460	2
7461	0
7462	3
7463	2
7464	2
7465	2
7466	2
7467	2
7468	0
7469	2
7470	3
7471	3
7472	2
7473	2
7474	2
7475	2
7476	3
7477	2
7478	3
7479	3
7480	2
7481	2
7482	2
7483	2
7484	2
7485	2
7486	2
7487	2
7488	3
7489	2
7490	3
7491	2
7492	2
7493	2
7494	2
7495	1
7496	3
7497	3
7498	2
7499	2
7500	3
7501	2
7502	2
7503	2
7504	0
7505	2
7506	2
7507	2
7508	2
7509	2
7510	2
7511	2
7512	3
7513	3
7514	3
7515	0
7516	2
7517	3
7518	2
7519	2
7520	1
7521	2
7522	2
7523	2
7524	3
7525	3
7526	0
7527	3
7528	2
7529	2
7530	2
7531	2
7532	0
7533	2
7534	3
7535	2
7536	2
7537	2
7538	0
7539	0
7540	3
7541	2
7542	0
7543	3
7544	2
7545	2
7546	3
7547	2
7548	2
7549	2
7550	2
7551	0
7552	2
7553	3
7554	3
7555	3
7556	2
7557	2
7558	2
7559	2
7560	2
7561	2
7562	2
7563	0
7564	3
7565	2
7566	2
7567	2
7568	3
7569	2
7570	2
7571	0
7572	2
7573	2
7574	2
7575	2
7576	2
7577	2
7578	3
7579	3
7580	2
7581	3
7582	2
7583	3
7584	2
7585	2
7586	3
7587	2
7588	2
7589	2
7590	0
7591	2
7592	2
7593	3
7594	2
7595	3
7596	3
7597	0
7598	3
7599	3
7600	2
7601	2
7602	2
7603	3
7604	2
7605	0
7606	2
7607	3
7608	2
7609	2
7610	2
7611	2
7612	2
7613	2
7614	3
7615	2
7616	3
7617	0
7618	2
7619	2
7620	0
7621	2
7622	0
7623	0
7624	3
7625	2
7626	2
7627	2
7628	2
7629	2
7630	1
7631	3
7632	2
7633	2
7634	1
7635	2
7636	2
7637	2
7638	2
7639	2
7640	2
7641	2
7642	2
7643	2
7644	2
7645	2
7646	2
7647	2
7648	3
7649	3
7650	2
7651	2
7652	2
7653	2
7654	0
7655	2
7656	2
7657	2
7658	2
7659	3
7660	2
7661	2
7662	2
7663	3
7664	2
7665	2
7666	0
7667	0
7668	2
7669	2
7670	0
7671	0
7672	2
7673	2
7674	2
7675	2
7676	3
7677	2
7678	2
7679	2
7680	2
7681	3
7682	3
7683	3
7684	0
7685	0
7686	2
7687	2
7688	2
7689	2
7690	2
7691	2
7692	2
7693	2
7694	2
7695	2
7696	3
7697	2
7698	2
7699	1
7700	2
7701	2
7702	2
7703	2
7704	2
7705	2
7706	3
7707	3
7708	2
7709	3
7710	2
7711	2
7712	2
7713	3
7714	3
7715	1
7716	1
7717	2
7718	2
7719	3
7720	2
7721	2
7722	2
7723	2
7724	3
7725	2
7726	2
7727	3
7728	3
7729	2
7730	2
7731	2
7732	2
7733	2
7734	2
7735	3
7736	2
7737	2
7738	2
7739	2
7740	2
7741	2
7742	2
7743	2
7744	3
7745	2
7746	2
7747	2
7748	2
7749	1
7750	2
7751	1
7752	2
7753	0
7754	2
7755	0
7756	3
7757	0
7758	2
7759	2
7760	2
7761	2
7762	2
7763	2
7764	2
7765	2
7766	3
7767	1
7768	2
7769	0
7770	2
7771	0
7772	2
7773	2
7774	2
7775	2
7776	0
7777	3
7778	3
7779	0
7780	2
7781	2
7782	3
7783	2
7784	3
7785	2
7786	2
7787	3
7788	3
7789	2
7790	2
7791	3
7792	2
7793	2
7794	0
7795	2
7796	2
7797	2
7798	2
7799	0
7800	2
7801	0
7802	1
7803	2
7804	2
7805	2
7806	0
7807	3
7808	2
7809	3
7810	2
7811	2
7812	1
7813	2
7814	2
7815	2
7816	0
7817	0
7818	2
7819	0
7820	0
7821	2
7822	0
7823	0
7824	3
7825	2
7826	2
7827	2
7828	2
7829	2
7830	2
7831	2
7832	0
7833	2
7834	3
7835	2
7836	0
7837	2
7838	3
7839	2
7840	0
7841	2
7842	3
7843	3
7844	2
7845	2
7846	2
7847	3
7848	1
7849	3
7850	2
7851	2
7852	2
7853	2
7854	2
7855	3
7856	2
7857	3
7858	2
7859	2
7860	3
7861	0
7862	2
7863	3
7864	2
7865	2
7866	2
7867	2
7868	2
7869	2
7870	3
7871	0
7872	2
7873	2
7874	2
7875	2
7876	2
7877	3
7878	2
7879	2
7880	3
7881	2
7882	2
7883	3
7884	3
7885	2
7886	2
7887	2
7888	2
7889	2
7890	2
7891	0
7892	2
7893	2
7894	2
7895	3
7896	2
7897	3
7898	3
7899	0
7900	2
7901	2
7902	0
7903	2
7904	3
7905	3
7906	3
7907	2
7908	2
7909	2
7910	3
7911	2
7912	3
7913	2
7914	2
7915	0
7916	2
7917	2
7918	2
7919	3
7920	1
7921	2
7922	0
7923	2
7924	3
7925	2
7926	2
7927	0
7928	3
7929	2
7930	3
7931	3
7932	3
7933	2
7934	2
7935	3
7936	2
7937	1
7938	2
7939	2
7940	1
7941	3
7942	1
7943	2
7944	0
7945	3
7946	2
7947	3
7948	0
7949	2
7950	2
7951	2
7952	2
7953	2
7954	2
7955	1
7956	3
7957	2
7958	3
7959	2
7960	2
7961	2
7962	3
7963	2
7964	0
7965	3
7966	2
7967	2
7968	2
7969	2
7970	3
7971	3
7972	2
7973	0
7974	2
7975	2
7976	2
7977	3
7978	2
7979	2
7980	3
7981	2
7982	3
7983	3
7984	2
7985	2
7986	2
7987	2
7988	2
7989	2
7990	2
7991	3
7992	0
7993	2
7994	2
7995	2
7996	0
7997	2
7998	3
7999	2
8000	2
8001	2
8002	2
8003	2
8004	0
8005	3
8006	2
8007	2
8008	3
8009	0
8010	2
8011	2
8012	2
8013	2
8014	2
8015	2
8016	3
8017	2
8018	2
8019	0
8020	0
8021	1
8022	2
8023	2
8024	2
8025	0
8026	2
8027	0
8028	2
8029	2
8030	2
8031	0
8032	3
8033	2
8034	3
8035	2
8036	2
8037	2
8038	3
8039	2
8040	2
8041	3
8042	2
8043	0
8044	2
8045	2
8046	2
8047	1
8048	1
8049	2
8050	1
8051	2
8052	3
8053	0
8054	0
8055	1
8056	3
8057	0
8058	3
8059	2
8060	3
8061	2
8062	2
8063	2
8064	2
8065	3
8066	3
8067	3
8068	1
8069	3
8070	2
8071	3
8072	2
8073	3
8074	2
8075	0
8076	3
8077	2
8078	2
8079	2
8080	3
8081	2
8082	2
8083	2
8084	2
8085	2
8086	2
8087	2
8088	2
8089	2
8090	3
8091	2
8092	0
8093	3
8094	1
8095	2
8096	3
8097	2
8098	2
8099	0
8100	3
8101	2
8102	2
8103	1
8104	2
8105	3
8106	1
8107	2
8108	3
8109	0
8110	3
8111	3
8112	2
8113	2
8114	2
8115	2
8116	3
8117	3
8118	3
8119	2
8120	3
8121	0
8122	2
8123	2
8124	2
8125	2
8126	3
8127	2
8128	2
8129	2
8130	0
8131	2
8132	2
8133	2
8134	2
8135	3
8136	3
8137	0
8138	0
8139	3
8140	3
8141	2
8142	2
8143	2
8144	2
8145	2
8146	2
8147	2
8148	0
8149	2
8150	3
8151	3
8152	2
8153	2
8154	3
8155	0
8156	2
8157	2
8158	0
8159	2
8160	3
8161	2
8162	2
8163	2
8164	2
8165	2
8166	3
8167	2
8168	2
8169	2
8170	2
8171	2
8172	2
8173	2
8174	0
8175	2
8176	2
8177	2
8178	0
8179	2
8180	0
8181	3
8182	3
8183	1
8184	2
8185	2
8186	2
8187	2
8188	2
8189	2
8190	0
8191	2
