COMMAND
./sim gshare 12 3 ./proj2-traces/jpeg_trace.txt
OUTPUT
number of predictions:2000000
number of mispredictions:147219
misprediction rate:   7.36%
FINAL GSHARE CONTENTS
0	2
1	3
2	2
3	2
4	2
5	2
6	2
7	2
8	3
9	3
10	3
11	3
12	0
13	0
14	3
15	2
16	2
17	2
18	2
19	3
20	2
21	2
22	2
23	0
24	3
25	1
26	2
27	2
28	2
29	2
30	2
31	2
32	2
33	2
34	2
35	2
36	0
37	2
38	0
39	3
40	2
41	0
42	3
43	0
44	0
45	2
46	3
47	3
48	0
49	3
50	0
51	0
52	0
53	2
54	0
55	0
56	0
57	2
58	2
59	0
60	3
61	3
62	3
63	0
64	2
65	2
66	0
67	0
68	2
69	2
70	3
71	3
72	3
73	2
74	2
75	2
76	3
77	2
78	2
79	0
80	3
81	2
82	2
83	2
84	2
85	3
86	2
87	2
88	2
89	0
90	2
91	0
92	2
93	2
94	3
95	2
96	3
97	2
98	0
99	2
100	0
101	1
102	3
103	2
104	2
105	2
106	2
107	2
108	2
109	2
110	2
111	0
112	2
113	2
114	3
115	2
116	3
117	2
118	0
119	0
120	0
121	2
122	2
123	2
124	0
125	2
126	2
127	2
128	2
129	2
130	3
131	2
132	2
133	3
134	3
135	2
136	0
137	0
138	3
139	1
140	2
141	3
142	2
143	2
144	3
145	2
146	2
147	0
148	2
149	1
150	3
151	2
152	2
153	3
154	2
155	2
156	2
157	2
158	2
159	0
160	0
161	2
162	2
163	0
164	2
165	0
166	2
167	0
168	2
169	2
170	3
171	2
172	2
173	0
174	3
175	3
176	2
177	2
178	2
179	3
180	3
181	0
182	0
183	2
184	2
185	0
186	2
187	2
188	2
189	3
190	0
191	2
192	3
193	2
194	3
195	3
196	2
197	3
198	2
199	3
200	3
201	3
202	2
203	1
204	3
205	0
206	2
207	2
208	2
209	2
210	0
211	2
212	3
213	0
214	2
215	3
216	2
217	2
218	2
219	2
220	3
221	2
222	2
223	0
224	2
225	2
226	0
227	3
228	2
229	2
230	2
231	2
232	2
233	3
234	2
235	0
236	0
237	2
238	2
239	2
240	0
241	2
242	1
243	0
244	2
245	2
246	2
247	2
248	0
249	0
250	2
251	0
252	3
253	0
254	2
255	0
256	2
257	0
258	0
259	2
260	2
261	2
262	2
263	3
264	2
265	1
266	2
267	1
268	2
269	2
270	0
271	0
272	3
273	2
274	2
275	3
276	1
277	2
278	2
279	2
280	2
281	0
282	2
283	3
284	2
285	3
286	2
287	0
288	3
289	3
290	2
291	2
292	0
293	2
294	3
295	0
296	2
297	2
298	2
299	2
300	3
301	0
302	2
303	2
304	2
305	0
306	2
307	2
308	3
309	2
310	2
311	2
312	3
313	3
314	3
315	3
316	2
317	3
318	2
319	2
320	2
321	3
322	2
323	3
324	0
325	2
326	2
327	3
328	2
329	2
330	2
331	3
332	0
333	2
334	2
335	0
336	2
337	0
338	2
339	2
340	0
341	2
342	2
343	3
344	2
345	0
346	3
347	2
348	2
349	2
350	2
351	0
352	0
353	2
354	2
355	2
356	2
357	3
358	0
359	2
360	0
361	3
362	2
363	2
364	2
365	0
366	2
367	3
368	0
369	2
370	0
371	2
372	2
373	0
374	2
375	2
376	0
377	0
378	2
379	3
380	2
381	0
382	3
383	0
384	3
385	0
386	2
387	3
388	0
389	2
390	0
391	2
392	3
393	0
394	2
395	2
396	2
397	2
398	2
399	2
400	2
401	3
402	2
403	1
404	3
405	2
406	3
407	2
408	3
409	2
410	3
411	2
412	3
413	2
414	2
415	3
416	0
417	2
418	2
419	3
420	2
421	0
422	3
423	2
424	2
425	3
426	0
427	2
428	3
429	2
430	2
431	3
432	3
433	2
434	2
435	2
436	2
437	2
438	2
439	3
440	0
441	2
442	2
443	2
444	2
445	2
446	3
447	2
448	3
449	2
450	2
451	3
452	2
453	2
454	2
455	2
456	2
457	3
458	0
459	1
460	2
461	2
462	0
463	2
464	2
465	2
466	2
467	0
468	2
469	2
470	2
471	2
472	2
473	0
474	3
475	0
476	2
477	0
478	2
479	2
480	2
481	2
482	3
483	0
484	0
485	3
486	2
487	3
488	3
489	3
490	3
491	2
492	2
493	0
494	2
495	3
496	2
497	0
498	3
499	0
500	3
501	3
502	2
503	3
504	3
505	2
506	2
507	2
508	3
509	2
510	2
511	2
512	2
513	3
514	2
515	2
516	2
517	0
518	2
519	2
520	2
521	2
522	3
523	3
524	0
525	2
526	3
527	3
528	2
529	2
530	3
531	3
532	2
533	3
534	2
535	2
536	2
537	0
538	2
539	0
540	2
541	1
542	3
543	2
544	1
545	2
546	0
547	2
548	3
549	3
550	1
551	2
552	2
553	3
554	3
555	2
556	2
557	2
558	3
559	3
560	3
561	2
562	1
563	2
564	2
565	2
566	0
567	2
568	2
569	1
570	2
571	2
572	0
573	3
574	3
575	1
576	2
577	3
578	0
579	3
580	2
581	2
582	3
583	2
584	2
585	1
586	2
587	2
588	2
589	3
590	2
591	2
592	3
593	3
594	0
595	3
596	0
597	3
598	2
599	3
600	3
601	2
602	2
603	0
604	1
605	2
606	2
607	2
608	3
609	3
610	3
611	2
612	1
613	3
614	2
615	2
616	2
617	2
618	3
619	2
620	3
621	0
622	2
623	3
624	0
625	0
626	2
627	3
628	2
629	2
630	1
631	0
632	1
633	2
634	3
635	2
636	3
637	3
638	2
639	2
640	2
641	2
642	2
643	3
644	2
645	3
646	3
647	2
648	2
649	0
650	2
651	0
652	2
653	2
654	2
655	2
656	2
657	2
658	2
659	2
660	2
661	3
662	2
663	3
664	3
665	2
666	2
667	2
668	3
669	3
670	3
671	2
672	2
673	0
674	3
675	0
676	2
677	0
678	0
679	0
680	2
681	3
682	2
683	2
684	2
685	0
686	1
687	3
688	3
689	2
690	3
691	0
692	3
693	2
694	2
695	2
696	2
697	2
698	0
699	3
700	2
701	2
702	3
703	2
704	3
705	2
706	2
707	2
708	3
709	2
710	2
711	2
712	2
713	3
714	2
715	0
716	3
717	1
718	2
719	0
720	2
721	2
722	2
723	0
724	0
725	0
726	2
727	2
728	3
729	3
730	3
731	2
732	2
733	2
734	2
735	2
736	3
737	3
738	0
739	2
740	2
741	2
742	1
743	2
744	3
745	2
746	2
747	0
748	2
749	2
750	3
751	2
752	1
753	2
754	0
755	2
756	2
757	1
758	3
759	3
760	2
761	2
762	3
763	3
764	0
765	2
766	2
767	0
768	0
769	0
770	2
771	3
772	0
773	2
774	2
775	3
776	2
777	0
778	0
779	0
780	2
781	0
782	3
783	0
784	2
785	2
786	2
787	3
788	2
789	0
790	3
791	2
792	2
793	0
794	2
795	0
796	3
797	0
798	2
799	0
800	2
801	2
802	0
803	1
804	2
805	2
806	0
807	2
808	0
809	1
810	2
811	2
812	3
813	0
814	3
815	2
816	2
817	3
818	0
819	2
820	0
821	2
822	3
823	3
824	3
825	2
826	3
827	3
828	2
829	3
830	2
831	0
832	0
833	2
834	2
835	2
836	2
837	2
838	1
839	3
840	1
841	2
842	3
843	0
844	0
845	0
846	3
847	0
848	2
849	2
850	2
851	3
852	0
853	2
854	3
855	0
856	2
857	2
858	3
859	2
860	1
861	2
862	2
863	2
864	2
865	2
866	0
867	2
868	2
869	2
870	3
871	2
872	2
873	0
874	2
875	2
876	2
877	2
878	2
879	2
880	2
881	2
882	0
883	2
884	3
885	2
886	2
887	0
888	2
889	0
890	3
891	3
892	2
893	2
894	0
895	2
896	2
897	2
898	2
899	3
900	3
901	2
902	2
903	2
904	2
905	2
906	2
907	2
908	2
909	0
910	2
911	2
912	3
913	3
914	2
915	1
916	2
917	1
918	2
919	3
920	0
921	2
922	3
923	0
924	2
925	2
926	3
927	3
928	3
929	2
930	2
931	0
932	0
933	3
934	2
935	3
936	2
937	2
938	2
939	2
940	2
941	0
942	2
943	2
944	2
945	0
946	2
947	2
948	2
949	2
950	2
951	2
952	0
953	2
954	2
955	2
956	3
957	0
958	3
959	1
960	3
961	2
962	2
963	2
964	2
965	2
966	2
967	1
968	1
969	3
970	2
971	3
972	3
973	2
974	3
975	3
976	2
977	2
978	2
979	2
980	3
981	2
982	2
983	2
984	0
985	0
986	3
987	0
988	2
989	2
990	3
991	2
992	2
993	2
994	2
995	0
996	2
997	2
998	2
999	2
1000	2
1001	3
1002	2
1003	2
1004	2
1005	0
1006	3
1007	0
1008	3
1009	2
1010	2
1011	0
1012	3
1013	2
1014	2
1015	0
1016	2
1017	2
1018	2
1019	2
1020	2
1021	3
1022	3
1023	2
1024	2
1025	0
1026	2
1027	2
1028	3
1029	2
1030	2
1031	2
1032	1
1033	2
1034	3
1035	0
1036	0
1037	2
1038	3
1039	0
1040	3
1041	2
1042	2
1043	3
1044	2
1045	2
1046	2
1047	2
1048	2
1049	2
1050	2
1051	2
1052	3
1053	2
1054	2
1055	2
1056	3
1057	2
1058	2
1059	2
1060	0
1061	2
1062	2
1063	2
1064	3
1065	2
1066	2
1067	2
1068	2
1069	2
1070	3
1071	2
1072	3
1073	3
1074	2
1075	2
1076	3
1077	3
1078	2
1079	2
1080	2
1081	3
1082	3
1083	2
1084	2
1085	2
1086	3
1087	2
1088	3
1089	2
1090	2
1091	0
1092	2
1093	2
1094	0
1095	2
1096	3
1097	2
1098	2
1099	2
1100	2
1101	2
1102	2
1103	0
1104	3
1105	2
1106	0
1107	2
1108	2
1109	2
1110	2
1111	0
1112	0
1113	2
1114	2
1115	3
1116	0
1117	2
1118	2
1119	0
1120	3
1121	2
1122	0
1123	2
1124	3
1125	2
1126	3
1127	2
1128	2
1129	2
1130	2
1131	0
1132	0
1133	2
1134	2
1135	0
1136	2
1137	2
1138	3
1139	3
1140	2
1141	2
1142	2
1143	0
1144	3
1145	2
1146	3
1147	2
1148	3
1149	3
1150	2
1151	2
1152	2
1153	3
1154	3
1155	0
1156	0
1157	1
1158	3
1159	2
1160	3
1161	3
1162	2
1163	0
1164	3
1165	2
1166	2
1167	0
1168	3
1169	2
1170	1
1171	1
1172	2
1173	2
1174	2
1175	2
1176	2
1177	3
1178	2
1179	2
1180	2
1181	2
1182	2
1183	2
1184	2
1185	3
1186	2
1187	3
1188	2
1189	0
1190	2
1191	0
1192	0
1193	2
1194	1
1195	3
1196	3
1197	2
1198	2
1199	0
1200	2
1201	2
1202	0
1203	2
1204	2
1205	3
1206	3
1207	0
1208	3
1209	2
1210	3
1211	2
1212	2
1213	2
1214	2
1215	0
1216	3
1217	2
1218	2
1219	0
1220	2
1221	2
1222	2
1223	2
1224	2
1225	0
1226	2
1227	3
1228	3
1229	3
1230	2
1231	2
1232	2
1233	2
1234	2
1235	3
1236	3
1237	0
1238	2
1239	2
1240	3
1241	0
1242	2
1243	0
1244	0
1245	2
1246	1
1247	2
1248	1
1249	2
1250	0
1251	2
1252	2
1253	0
1254	2
1255	2
1256	2
1257	2
1258	2
1259	3
1260	0
1261	0
1262	2
1263	2
1264	2
1265	0
1266	1
1267	2
1268	2
1269	1
1270	3
1271	2
1272	3
1273	0
1274	3
1275	2
1276	3
1277	0
1278	2
1279	0
1280	2
1281	3
1282	1
1283	2
1284	3
1285	2
1286	2
1287	3
1288	2
1289	2
1290	3
1291	2
1292	2
1293	2
1294	0
1295	2
1296	3
1297	2
1298	2
1299	0
1300	1
1301	0
1302	2
1303	0
1304	2
1305	3
1306	3
1307	0
1308	0
1309	0
1310	2
1311	3
1312	0
1313	0
1314	2
1315	0
1316	3
1317	0
1318	3
1319	2
1320	3
1321	2
1322	2
1323	3
1324	2
1325	2
1326	2
1327	2
1328	2
1329	3
1330	3
1331	2
1332	3
1333	2
1334	1
1335	3
1336	0
1337	2
1338	2
1339	3
1340	2
1341	3
1342	2
1343	3
1344	0
1345	2
1346	2
1347	2
1348	0
1349	3
1350	2
1351	0
1352	3
1353	2
1354	3
1355	2
1356	2
1357	2
1358	2
1359	2
1360	2
1361	2
1362	2
1363	2
1364	2
1365	2
1366	2
1367	3
1368	2
1369	0
1370	2
1371	2
1372	0
1373	2
1374	0
1375	2
1376	3
1377	3
1378	2
1379	0
1380	2
1381	2
1382	2
1383	2
1384	2
1385	3
1386	2
1387	3
1388	0
1389	2
1390	3
1391	3
1392	2
1393	2
1394	2
1395	2
1396	3
1397	2
1398	2
1399	3
1400	2
1401	2
1402	3
1403	0
1404	0
1405	3
1406	2
1407	3
1408	2
1409	2
1410	1
1411	2
1412	2
1413	2
1414	2
1415	2
1416	2
1417	2
1418	2
1419	2
1420	3
1421	0
1422	2
1423	2
1424	3
1425	3
1426	2
1427	3
1428	2
1429	2
1430	2
1431	2
1432	2
1433	2
1434	1
1435	2
1436	2
1437	3
1438	2
1439	3
1440	2
1441	3
1442	2
1443	3
1444	2
1445	2
1446	2
1447	1
1448	2
1449	3
1450	2
1451	2
1452	2
1453	2
1454	2
1455	0
1456	2
1457	2
1458	2
1459	2
1460	3
1461	2
1462	2
1463	0
1464	3
1465	0
1466	2
1467	2
1468	2
1469	2
1470	3
1471	2
1472	3
1473	3
1474	2
1475	2
1476	2
1477	2
1478	2
1479	1
1480	2
1481	3
1482	2
1483	3
1484	1
1485	3
1486	2
1487	2
1488	2
1489	2
1490	2
1491	0
1492	2
1493	2
1494	0
1495	2
1496	0
1497	2
1498	3
1499	0
1500	2
1501	2
1502	0
1503	2
1504	2
1505	2
1506	2
1507	0
1508	0
1509	0
1510	3
1511	3
1512	2
1513	2
1514	2
1515	2
1516	2
1517	0
1518	2
1519	2
1520	2
1521	2
1522	2
1523	0
1524	2
1525	2
1526	0
1527	2
1528	3
1529	0
1530	2
1531	2
1532	1
1533	2
1534	2
1535	3
1536	2
1537	3
1538	2
1539	2
1540	2
1541	3
1542	3
1543	2
1544	3
1545	2
1546	0
1547	1
1548	0
1549	0
1550	2
1551	3
1552	2
1553	2
1554	2
1555	3
1556	2
1557	2
1558	2
1559	2
1560	2
1561	1
1562	2
1563	3
1564	2
1565	2
1566	1
1567	2
1568	2
1569	2
1570	1
1571	2
1572	1
1573	3
1574	2
1575	2
1576	2
1577	2
1578	3
1579	2
1580	2
1581	2
1582	1
1583	2
1584	2
1585	2
1586	0
1587	2
1588	2
1589	1
1590	2
1591	2
1592	2
1593	2
1594	2
1595	2
1596	0
1597	3
1598	3
1599	2
1600	0
1601	0
1602	2
1603	0
1604	2
1605	2
1606	0
1607	3
1608	3
1609	2
1610	2
1611	2
1612	3
1613	2
1614	3
1615	2
1616	2
1617	2
1618	2
1619	3
1620	0
1621	2
1622	2
1623	0
1624	2
1625	2
1626	3
1627	2
1628	3
1629	2
1630	2
1631	2
1632	2
1633	2
1634	2
1635	0
1636	0
1637	2
1638	3
1639	2
1640	2
1641	2
1642	2
1643	0
1644	2
1645	2
1646	3
1647	2
1648	2
1649	2
1650	2
1651	2
1652	3
1653	2
1654	0
1655	0
1656	3
1657	2
1658	3
1659	2
1660	3
1661	3
1662	2
1663	0
1664	2
1665	0
1666	1
1667	1
1668	0
1669	3
1670	2
1671	2
1672	0
1673	3
1674	2
1675	3
1676	2
1677	2
1678	2
1679	2
1680	3
1681	2
1682	0
1683	1
1684	2
1685	2
1686	3
1687	2
1688	0
1689	3
1690	2
1691	3
1692	2
1693	2
1694	2
1695	2
1696	3
1697	2
1698	3
1699	2
1700	2
1701	2
1702	2
1703	3
1704	2
1705	2
1706	2
1707	3
1708	1
1709	2
1710	2
1711	2
1712	2
1713	2
1714	0
1715	3
1716	3
1717	3
1718	3
1719	2
1720	2
1721	2
1722	2
1723	3
1724	2
1725	2
1726	3
1727	2
1728	3
1729	2
1730	0
1731	2
1732	0
1733	2
1734	2
1735	2
1736	3
1737	3
1738	2
1739	3
1740	2
1741	2
1742	2
1743	2
1744	2
1745	2
1746	2
1747	2
1748	2
1749	0
1750	2
1751	0
1752	2
1753	2
1754	2
1755	2
1756	3
1757	2
1758	2
1759	3
1760	3
1761	3
1762	2
1763	2
1764	2
1765	2
1766	2
1767	2
1768	2
1769	2
1770	2
1771	2
1772	0
1773	2
1774	2
1775	2
1776	3
1777	2
1778	0
1779	2
1780	1
1781	3
1782	3
1783	2
1784	3
1785	0
1786	2
1787	2
1788	1
1789	2
1790	3
1791	0
1792	3
1793	1
1794	1
1795	2
1796	0
1797	2
1798	2
1799	2
1800	3
1801	2
1802	3
1803	0
1804	2
1805	2
1806	3
1807	0
1808	0
1809	2
1810	2
1811	2
1812	2
1813	2
1814	2
1815	2
1816	2
1817	0
1818	3
1819	2
1820	0
1821	0
1822	2
1823	3
1824	3
1825	0
1826	3
1827	3
1828	2
1829	0
1830	2
1831	1
1832	1
1833	3
1834	2
1835	2
1836	1
1837	0
1838	2
1839	3
1840	2
1841	2
1842	2
1843	2
1844	2
1845	2
1846	3
1847	3
1848	0
1849	3
1850	2
1851	3
1852	2
1853	2
1854	2
1855	2
1856	0
1857	1
1858	2
1859	2
1860	2
1861	2
1862	2
1863	3
1864	2
1865	2
1866	2
1867	3
1868	1
1869	0
1870	2
1871	3
1872	0
1873	2
1874	2
1875	2
1876	2
1877	2
1878	2
1879	0
1880	2
1881	3
1882	0
1883	2
1884	0
1885	2
1886	2
1887	0
1888	0
1889	2
1890	2
1891	2
1892	2
1893	2
1894	2
1895	2
1896	2
1897	2
1898	2
1899	2
1900	3
1901	2
1902	2
1903	2
1904	2
1905	2
1906	2
1907	3
1908	3
1909	1
1910	2
1911	0
1912	2
1913	2
1914	0
1915	2
1916	0
1917	2
1918	3
1919	0
1920	2
1921	2
1922	0
1923	2
1924	3
1925	2
1926	2
1927	2
1928	3
1929	2
1930	2
1931	3
1932	2
1933	2
1934	3
1935	2
1936	0
1937	3
1938	0
1939	0
1940	2
1941	2
1942	2
1943	2
1944	2
1945	2
1946	2
1947	2
1948	2
1949	2
1950	2
1951	3
1952	2
1953	0
1954	2
1955	0
1956	2
1957	3
1958	3
1959	0
1960	2
1961	1
1962	2
1963	2
1964	2
1965	2
1966	2
1967	0
1968	2
1969	2
1970	0
1971	2
1972	3
1973	2
1974	2
1975	2
1976	2
1977	2
1978	2
1979	2
1980	2
1981	1
1982	3
1983	0
1984	2
1985	2
1986	2
1987	3
1988	2
1989	0
1990	2
1991	0
1992	2
1993	2
1994	2
1995	3
1996	2
1997	3
1998	3
1999	2
2000	2
2001	2
2002	2
2003	0
2004	2
2005	2
2006	1
2007	2
2008	0
2009	0
2010	3
2011	2
2012	0
2013	2
2014	3
2015	2
2016	2
2017	2
2018	3
2019	2
2020	2
2021	0
2022	3
2023	2
2024	1
2025	2
2026	2
2027	2
2028	2
2029	2
2030	2
2031	2
2032	2
2033	0
2034	3
2035	2
2036	0
2037	3
2038	0
2039	3
2040	2
2041	2
2042	3
2043	2
2044	3
2045	2
2046	3
2047	2
2048	3
2049	2
2050	2
2051	2
2052	2
2053	2
2054	3
2055	1
2056	2
2057	2
2058	2
2059	2
2060	1
2061	2
2062	2
2063	2
2064	2
2065	1
2066	2
2067	2
2068	2
2069	2
2070	2
2071	2
2072	2
2073	2
2074	2
2075	2
2076	3
2077	3
2078	2
2079	2
2080	2
2081	2
2082	2
2083	3
2084	3
2085	2
2086	2
2087	3
2088	2
2089	3
2090	0
2091	2
2092	2
2093	2
2094	3
2095	2
2096	3
2097	0
2098	1
2099	3
2100	3
2101	2
2102	3
2103	1
2104	3
2105	2
2106	2
2107	2
2108	0
2109	2
2110	3
2111	2
2112	3
2113	0
2114	2
2115	2
2116	2
2117	2
2118	2
2119	2
2120	3
2121	3
2122	1
2123	2
2124	3
2125	2
2126	0
2127	2
2128	1
2129	0
2130	2
2131	2
2132	2
2133	0
2134	0
2135	3
2136	2
2137	2
2138	2
2139	2
2140	0
2141	2
2142	2
2143	0
2144	3
2145	2
2146	2
2147	2
2148	2
2149	1
2150	0
2151	2
2152	2
2153	2
2154	0
2155	0
2156	0
2157	2
2158	0
2159	0
2160	2
2161	3
2162	2
2163	0
2164	2
2165	2
2166	0
2167	3
2168	3
2169	3
2170	3
2171	3
2172	3
2173	3
2174	2
2175	3
2176	2
2177	2
2178	2
2179	2
2180	2
2181	2
2182	0
2183	0
2184	2
2185	3
2186	2
2187	1
2188	2
2189	3
2190	2
2191	2
2192	3
2193	3
2194	2
2195	2
2196	2
2197	2
2198	3
2199	2
2200	2
2201	3
2202	2
2203	3
2204	2
2205	0
2206	1
2207	0
2208	2
2209	2
2210	2
2211	0
2212	2
2213	2
2214	2
2215	2
2216	2
2217	3
2218	2
2219	1
2220	2
2221	0
2222	3
2223	3
2224	2
2225	3
2226	0
2227	2
2228	2
2229	2
2230	2
2231	2
2232	2
2233	2
2234	2
2235	2
2236	0
2237	2
2238	2
2239	2
2240	3
2241	1
2242	2
2243	2
2244	2
2245	2
2246	2
2247	3
2248	2
2249	0
2250	2
2251	3
2252	2
2253	2
2254	3
2255	1
2256	3
2257	2
2258	2
2259	2
2260	2
2261	0
2262	2
2263	2
2264	0
2265	3
2266	3
2267	2
2268	3
2269	3
2270	2
2271	3
2272	3
2273	2
2274	2
2275	0
2276	0
2277	2
2278	2
2279	3
2280	2
2281	2
2282	2
2283	0
2284	3
2285	2
2286	2
2287	2
2288	3
2289	2
2290	2
2291	2
2292	2
2293	3
2294	2
2295	2
2296	1
2297	3
2298	3
2299	1
2300	0
2301	1
2302	2
2303	3
2304	2
2305	2
2306	1
2307	2
2308	0
2309	2
2310	2
2311	3
2312	1
2313	2
2314	0
2315	0
2316	2
2317	2
2318	0
2319	2
2320	3
2321	2
2322	2
2323	3
2324	0
2325	2
2326	3
2327	2
2328	2
2329	0
2330	3
2331	2
2332	0
2333	0
2334	2
2335	1
2336	0
2337	2
2338	2
2339	0
2340	2
2341	3
2342	3
2343	2
2344	2
2345	2
2346	2
2347	3
2348	3
2349	0
2350	2
2351	2
2352	2
2353	3
2354	0
2355	2
2356	3
2357	2
2358	3
2359	0
2360	2
2361	2
2362	1
2363	0
2364	2
2365	3
2366	2
2367	2
2368	2
2369	2
2370	3
2371	0
2372	2
2373	3
2374	3
2375	2
2376	2
2377	2
2378	2
2379	3
2380	0
2381	0
2382	3
2383	0
2384	2
2385	3
2386	1
2387	0
2388	2
2389	2
2390	3
2391	3
2392	2
2393	2
2394	2
2395	3
2396	2
2397	1
2398	2
2399	2
2400	2
2401	0
2402	0
2403	2
2404	2
2405	2
2406	0
2407	2
2408	2
2409	2
2410	3
2411	2
2412	0
2413	2
2414	2
2415	2
2416	2
2417	2
2418	3
2419	2
2420	2
2421	3
2422	3
2423	0
2424	2
2425	2
2426	0
2427	3
2428	2
2429	2
2430	2
2431	3
2432	2
2433	2
2434	3
2435	2
2436	0
2437	2
2438	2
2439	2
2440	1
2441	2
2442	2
2443	2
2444	2
2445	2
2446	3
2447	2
2448	3
2449	2
2450	2
2451	2
2452	2
2453	2
2454	2
2455	3
2456	3
2457	2
2458	2
2459	2
2460	3
2461	1
2462	1
2463	2
2464	1
2465	2
2466	3
2467	2
2468	2
2469	2
2470	1
2471	3
2472	2
2473	0
2474	2
2475	2
2476	3
2477	2
2478	2
2479	2
2480	3
2481	2
2482	3
2483	3
2484	3
2485	2
2486	2
2487	2
2488	2
2489	2
2490	2
2491	2
2492	2
2493	0
2494	3
2495	0
2496	2
2497	2
2498	2
2499	2
2500	2
2501	2
2502	2
2503	0
2504	3
2505	0
2506	2
2507	3
2508	2
2509	2
2510	2
2511	2
2512	3
2513	1
2514	0
2515	2
2516	2
2517	2
2518	0
2519	2
2520	0
2521	3
2522	3
2523	2
2524	2
2525	2
2526	2
2527	3
2528	2
2529	3
2530	2
2531	2
2532	3
2533	2
2534	0
2535	3
2536	2
2537	1
2538	3
2539	0
2540	2
2541	1
2542	3
2543	2
2544	2
2545	2
2546	2
2547	2
2548	2
2549	2
2550	2
2551	2
2552	2
2553	2
2554	2
2555	2
2556	3
2557	3
2558	2
2559	3
2560	1
2561	0
2562	2
2563	3
2564	2
2565	2
2566	2
2567	2
2568	3
2569	2
2570	2
2571	3
2572	2
2573	2
2574	3
2575	3
2576	3
2577	2
2578	2
2579	1
2580	2
2581	2
2582	2
2583	2
2584	2
2585	2
2586	2
2587	3
2588	2
2589	3
2590	3
2591	2
2592	2
2593	2
2594	2
2595	3
2596	0
2597	2
2598	0
2599	2
2600	2
2601	3
2602	0
2603	2
2604	2
2605	2
2606	0
2607	2
2608	2
2609	3
2610	3
2611	3
2612	1
2613	3
2614	3
2615	2
2616	2
2617	2
2618	2
2619	2
2620	0
2621	2
2622	0
2623	0
2624	1
2625	2
2626	2
2627	3
2628	2
2629	2
2630	0
2631	3
2632	2
2633	2
2634	2
2635	2
2636	2
2637	2
2638	2
2639	3
2640	2
2641	2
2642	3
2643	2
2644	2
2645	0
2646	2
2647	0
2648	2
2649	1
2650	2
2651	2
2652	0
2653	3
2654	2
2655	2
2656	2
2657	3
2658	2
2659	2
2660	1
2661	2
2662	2
2663	2
2664	2
2665	2
2666	3
2667	2
2668	3
2669	2
2670	0
2671	2
2672	0
2673	2
2674	2
2675	2
2676	3
2677	2
2678	0
2679	2
2680	1
2681	2
2682	3
2683	2
2684	3
2685	2
2686	2
2687	3
2688	2
2689	3
2690	3
2691	2
2692	2
2693	2
2694	2
2695	2
2696	0
2697	2
2698	3
2699	0
2700	2
2701	3
2702	2
2703	2
2704	3
2705	3
2706	2
2707	2
2708	2
2709	2
2710	3
2711	3
2712	2
2713	3
2714	2
2715	0
2716	2
2717	2
2718	3
2719	0
2720	0
2721	0
2722	2
2723	2
2724	2
2725	0
2726	0
2727	2
2728	2
2729	2
2730	0
2731	2
2732	0
2733	2
2734	2
2735	3
2736	3
2737	2
2738	0
2739	3
2740	2
2741	0
2742	2
2743	2
2744	0
2745	0
2746	2
2747	2
2748	0
2749	3
2750	2
2751	2
2752	3
2753	2
2754	3
2755	2
2756	0
2757	2
2758	3
2759	3
2760	3
2761	2
2762	2
2763	2
2764	2
2765	2
2766	3
2767	2
2768	2
2769	2
2770	2
2771	2
2772	2
2773	1
2774	3
2775	3
2776	0
2777	2
2778	2
2779	3
2780	2
2781	3
2782	2
2783	2
2784	2
2785	2
2786	2
2787	3
2788	0
2789	3
2790	3
2791	1
2792	2
2793	2
2794	2
2795	0
2796	2
2797	3
2798	2
2799	2
2800	3
2801	3
2802	3
2803	2
2804	0
2805	0
2806	0
2807	2
2808	3
2809	0
2810	2
2811	0
2812	0
2813	3
2814	2
2815	2
2816	0
2817	3
2818	0
2819	2
2820	0
2821	2
2822	3
2823	3
2824	1
2825	2
2826	3
2827	0
2828	2
2829	2
2830	3
2831	2
2832	2
2833	3
2834	2
2835	0
2836	2
2837	0
2838	2
2839	3
2840	0
2841	0
2842	3
2843	3
2844	2
2845	2
2846	2
2847	3
2848	0
2849	3
2850	0
2851	3
2852	2
2853	2
2854	3
2855	2
2856	2
2857	2
2858	3
2859	3
2860	3
2861	0
2862	2
2863	3
2864	3
2865	3
2866	3
2867	2
2868	2
2869	2
2870	3
2871	1
2872	2
2873	2
2874	2
2875	0
2876	3
2877	3
2878	2
2879	0
2880	2
2881	3
2882	3
2883	0
2884	2
2885	3
2886	3
2887	2
2888	2
2889	0
2890	2
2891	2
2892	0
2893	0
2894	2
2895	0
2896	3
2897	2
2898	2
2899	0
2900	2
2901	2
2902	3
2903	2
2904	3
2905	2
2906	1
2907	3
2908	2
2909	2
2910	2
2911	0
2912	0
2913	3
2914	2
2915	2
2916	2
2917	2
2918	2
2919	0
2920	2
2921	2
2922	2
2923	2
2924	2
2925	2
2926	3
2927	3
2928	0
2929	2
2930	2
2931	2
2932	2
2933	2
2934	3
2935	0
2936	0
2937	2
2938	0
2939	3
2940	1
2941	3
2942	3
2943	2
2944	2
2945	2
2946	2
2947	2
2948	2
2949	3
2950	3
2951	2
2952	2
2953	3
2954	2
2955	1
2956	2
2957	2
2958	2
2959	3
2960	3
2961	2
2962	2
2963	2
2964	2
2965	2
2966	2
2967	3
2968	2
2969	3
2970	3
2971	2
2972	0
2973	2
2974	2
2975	2
2976	2
2977	2
2978	2
2979	2
2980	2
2981	2
2982	2
2983	0
2984	3
2985	3
2986	2
2987	2
2988	2
2989	3
2990	2
2991	2
2992	2
2993	2
2994	2
2995	2
2996	2
2997	0
2998	2
2999	0
3000	2
3001	2
3002	2
3003	1
3004	2
3005	1
3006	3
3007	0
3008	3
3009	3
3010	3
3011	2
3012	2
3013	2
3014	2
3015	2
3016	2
3017	0
3018	2
3019	2
3020	2
3021	0
3022	2
3023	2
3024	3
3025	2
3026	2
3027	2
3028	0
3029	2
3030	0
3031	3
3032	0
3033	0
3034	3
3035	1
3036	2
3037	2
3038	0
3039	0
3040	0
3041	2
3042	0
3043	0
3044	3
3045	2
3046	2
3047	3
3048	2
3049	3
3050	3
3051	1
3052	2
3053	0
3054	3
3055	2
3056	2
3057	3
3058	2
3059	2
3060	3
3061	2
3062	0
3063	3
3064	2
3065	2
3066	2
3067	2
3068	3
3069	2
3070	2
3071	2
3072	3
3073	0
3074	2
3075	2
3076	3
3077	2
3078	3
3079	0
3080	2
3081	2
3082	2
3083	0
3084	0
3085	2
3086	2
3087	2
3088	0
3089	2
3090	2
3091	3
3092	2
3093	3
3094	2
3095	2
3096	3
3097	2
3098	0
3099	3
3100	2
3101	3
3102	2
3103	2
3104	3
3105	2
3106	3
3107	2
3108	2
3109	2
3110	2
3111	2
3112	2
3113	2
3114	2
3115	2
3116	0
3117	2
3118	3
3119	0
3120	0
3121	2
3122	2
3123	3
3124	2
3125	3
3126	3
3127	2
3128	2
3129	2
3130	3
3131	2
3132	0
3133	2
3134	0
3135	2
3136	0
3137	0
3138	0
3139	3
3140	2
3141	0
3142	2
3143	2
3144	2
3145	0
3146	2
3147	0
3148	2
3149	3
3150	1
3151	2
3152	0
3153	3
3154	2
3155	2
3156	2
3157	2
3158	3
3159	0
3160	2
3161	1
3162	2
3163	2
3164	1
3165	2
3166	2
3167	0
3168	0
3169	2
3170	2
3171	0
3172	2
3173	2
3174	3
3175	2
3176	0
3177	2
3178	0
3179	0
3180	2
3181	2
3182	0
3183	2
3184	0
3185	2
3186	3
3187	2
3188	2
3189	2
3190	0
3191	0
3192	0
3193	2
3194	3
3195	3
3196	0
3197	2
3198	2
3199	0
3200	3
3201	1
3202	2
3203	2
3204	3
3205	0
3206	2
3207	3
3208	0
3209	2
3210	2
3211	3
3212	2
3213	3
3214	3
3215	2
3216	3
3217	2
3218	2
3219	2
3220	2
3221	2
3222	3
3223	2
3224	0
3225	2
3226	0
3227	2
3228	2
3229	2
3230	2
3231	3
3232	3
3233	2
3234	3
3235	2
3236	3
3237	0
3238	2
3239	0
3240	2
3241	3
3242	2
3243	2
3244	3
3245	0
3246	2
3247	2
3248	1
3249	0
3250	3
3251	0
3252	3
3253	2
3254	0
3255	2
3256	2
3257	1
3258	2
3259	0
3260	0
3261	2
3262	3
3263	2
3264	0
3265	2
3266	2
3267	2
3268	0
3269	3
3270	2
3271	3
3272	2
3273	3
3274	2
3275	2
3276	3
3277	1
3278	2
3279	2
3280	2
3281	2
3282	2
3283	3
3284	2
3285	2
3286	2
3287	2
3288	2
3289	3
3290	3
3291	1
3292	2
3293	2
3294	2
3295	3
3296	3
3297	3
3298	2
3299	2
3300	2
3301	3
3302	3
3303	3
3304	2
3305	0
3306	0
3307	0
3308	0
3309	2
3310	0
3311	3
3312	1
3313	0
3314	2
3315	0
3316	2
3317	0
3318	2
3319	2
3320	3
3321	2
3322	2
3323	3
3324	2
3325	0
3326	2
3327	0
3328	2
3329	0
3330	2
3331	2
3332	3
3333	0
3334	2
3335	3
3336	3
3337	1
3338	2
3339	2
3340	2
3341	2
3342	2
3343	0
3344	2
3345	2
3346	3
3347	1
3348	0
3349	2
3350	3
3351	2
3352	2
3353	0
3354	3
3355	2
3356	3
3357	3
3358	3
3359	3
3360	3
3361	2
3362	2
3363	0
3364	3
3365	2
3366	3
3367	2
3368	2
3369	3
3370	0
3371	3
3372	3
3373	3
3374	2
3375	2
3376	2
3377	2
3378	2
3379	2
3380	3
3381	3
3382	3
3383	3
3384	2
3385	2
3386	2
3387	3
3388	3
3389	0
3390	2
3391	0
3392	2
3393	0
3394	2
3395	3
3396	2
3397	2
3398	2
3399	3
3400	3
3401	2
3402	3
3403	0
3404	0
3405	2
3406	2
3407	2
3408	3
3409	2
3410	2
3411	2
3412	2
3413	2
3414	2
3415	3
3416	3
3417	2
3418	2
3419	2
3420	2
3421	2
3422	0
3423	2
3424	2
3425	0
3426	2
3427	2
3428	2
3429	3
3430	0
3431	3
3432	2
3433	2
3434	2
3435	3
3436	0
3437	2
3438	2
3439	2
3440	2
3441	2
3442	0
3443	2
3444	2
3445	3
3446	2
3447	0
3448	2
3449	2
3450	3
3451	3
3452	2
3453	2
3454	3
3455	2
3456	2
3457	2
3458	2
3459	3
3460	0
3461	3
3462	2
3463	1
3464	2
3465	3
3466	2
3467	3
3468	2
3469	2
3470	2
3471	2
3472	0
3473	3
3474	2
3475	3
3476	2
3477	3
3478	3
3479	3
3480	2
3481	1
3482	3
3483	2
3484	3
3485	3
3486	2
3487	3
3488	2
3489	3
3490	2
3491	1
3492	2
3493	3
3494	3
3495	2
3496	2
3497	2
3498	2
3499	3
3500	2
3501	2
3502	3
3503	3
3504	0
3505	2
3506	2
3507	2
3508	2
3509	0
3510	3
3511	3
3512	2
3513	2
3514	2
3515	2
3516	2
3517	2
3518	3
3519	0
3520	2
3521	2
3522	3
3523	3
3524	2
3525	2
3526	2
3527	2
3528	2
3529	0
3530	2
3531	3
3532	2
3533	3
3534	2
3535	0
3536	0
3537	2
3538	2
3539	0
3540	2
3541	0
3542	2
3543	2
3544	2
3545	0
3546	2
3547	2
3548	2
3549	2
3550	3
3551	2
3552	2
3553	2
3554	2
3555	0
3556	2
3557	2
3558	3
3559	3
3560	2
3561	3
3562	2
3563	2
3564	2
3565	2
3566	2
3567	0
3568	3
3569	3
3570	3
3571	0
3572	2
3573	2
3574	0
3575	2
3576	3
3577	0
3578	2
3579	2
3580	2
3581	3
3582	2
3583	0
3584	3
3585	0
3586	1
3587	2
3588	3
3589	2
3590	3
3591	2
3592	2
3593	2
3594	2
3595	3
3596	0
3597	2
3598	3
3599	0
3600	2
3601	2
3602	2
3603	2
3604	2
3605	2
3606	2
3607	2
3608	2
3609	3
3610	0
3611	3
3612	0
3613	3
3614	2
3615	2
3616	2
3617	2
3618	2
3619	2
3620	2
3621	2
3622	2
3623	3
3624	2
3625	3
3626	3
3627	2
3628	2
3629	2
3630	3
3631	2
3632	3
3633	2
3634	2
3635	2
3636	3
3637	2
3638	2
3639	3
3640	2
3641	2
3642	2
3643	2
3644	0
3645	2
3646	2
3647	2
3648	0
3649	3
3650	2
3651	3
3652	3
3653	2
3654	2
3655	2
3656	3
3657	3
3658	2
3659	2
3660	2
3661	2
3662	2
3663	2
3664	0
3665	2
3666	2
3667	2
3668	2
3669	0
3670	3
3671	0
3672	0
3673	3
3674	2
3675	3
3676	3
3677	0
3678	2
3679	0
3680	3
3681	3
3682	3
3683	2
3684	2
3685	3
3686	3
3687	2
3688	2
3689	2
3690	0
3691	2
3692	2
3693	2
3694	0
3695	3
3696	3
3697	2
3698	2
3699	0
3700	2
3701	3
3702	0
3703	2
3704	0
3705	3
3706	3
3707	2
3708	0
3709	3
3710	2
3711	0
3712	2
3713	2
3714	3
3715	2
3716	0
3717	3
3718	2
3719	2
3720	2
3721	2
3722	2
3723	1
3724	2
3725	3
3726	2
3727	2
3728	3
3729	2
3730	3
3731	2
3732	3
3733	2
3734	0
3735	2
3736	2
3737	2
3738	2
3739	2
3740	0
3741	0
3742	2
3743	0
3744	2
3745	2
3746	3
3747	2
3748	3
3749	0
3750	3
3751	0
3752	2
3753	2
3754	0
3755	2
3756	0
3757	2
3758	2
3759	2
3760	2
3761	1
3762	0
3763	3
3764	2
3765	3
3766	3
3767	2
3768	0
3769	2
3770	2
3771	2
3772	1
3773	3
3774	2
3775	2
3776	2
3777	2
3778	2
3779	1
3780	0
3781	2
3782	3
3783	2
3784	2
3785	0
3786	2
3787	0
3788	2
3789	2
3790	0
3791	2
3792	2
3793	0
3794	2
3795	3
3796	2
3797	0
3798	2
3799	0
3800	3
3801	3
3802	2
3803	2
3804	3
3805	2
3806	2
3807	2
3808	0
3809	0
3810	3
3811	2
3812	3
3813	2
3814	3
3815	2
3816	2
3817	2
3818	2
3819	0
3820	2
3821	2
3822	2
3823	2
3824	3
3825	0
3826	2
3827	0
3828	0
3829	3
3830	2
3831	2
3832	3
3833	0
3834	2
3835	2
3836	3
3837	2
3838	3
3839	0
3840	2
3841	3
3842	2
3843	2
3844	2
3845	3
3846	2
3847	3
3848	0
3849	1
3850	0
3851	2
3852	2
3853	2
3854	3
3855	0
3856	2
3857	2
3858	3
3859	1
3860	0
3861	2
3862	2
3863	2
3864	3
3865	0
3866	3
3867	2
3868	0
3869	2
3870	2
3871	2
3872	3
3873	3
3874	3
3875	0
3876	2
3877	2
3878	2
3879	2
3880	2
3881	3
3882	2
3883	3
3884	2
3885	3
3886	2
3887	2
3888	2
3889	3
3890	2
3891	2
3892	3
3893	2
3894	2
3895	2
3896	3
3897	2
3898	2
3899	2
3900	2
3901	2
3902	2
3903	1
3904	2
3905	3
3906	2
3907	3
3908	2
3909	2
3910	2
3911	1
3912	2
3913	2
3914	3
3915	3
3916	0
3917	1
3918	2
3919	2
3920	3
3921	3
3922	2
3923	0
3924	2
3925	2
3926	2
3927	2
3928	2
3929	3
3930	2
3931	2
3932	2
3933	0
3934	0
3935	3
3936	0
3937	2
3938	2
3939	2
3940	2
3941	3
3942	3
3943	3
3944	3
3945	2
3946	3
3947	2
3948	0
3949	2
3950	1
3951	2
3952	3
3953	2
3954	2
3955	2
3956	2
3957	2
3958	2
3959	0
3960	2
3961	2
3962	3
3963	3
3964	2
3965	2
3966	1
3967	2
3968	2
3969	2
3970	3
3971	3
3972	2
3973	2
3974	2
3975	2
3976	2
3977	3
3978	2
3979	3
3980	3
3981	2
3982	2
3983	2
3984	2
3985	3
3986	2
3987	3
3988	2
3989	2
3990	2
3991	3
3992	2
3993	2
3994	2
3995	2
3996	2
3997	2
3998	2
3999	2
4000	2
4001	2
4002	3
4003	2
4004	2
4005	2
4006	3
4007	2
4008	2
4009	2
4010	2
4011	2
4012	3
4013	2
4014	2
4015	2
4016	2
4017	2
4018	2
4019	2
4020	2
4021	2
4022	2
4023	2
4024	2
4025	0
4026	2
4027	0
4028	3
4029	2
4030	3
4031	1
4032	3
4033	2
4034	2
4035	0
4036	2
4037	2
4038	2
4039	0
4040	2
4041	2
4042	3
4043	3
4044	2
4045	3
4046	2
4047	2
4048	0
4049	2
4050	2
4051	3
4052	2
4053	3
4054	2
4055	2
4056	2
4057	2
4058	2
4059	2
4060	0
4061	2
4062	3
4063	0
4064	2
4065	2
4066	2
4067	2
4068	3
4069	3
4070	2
4071	2
4072	2
4073	2
4074	2
4075	2
4076	2
4077	0
4078	2
4079	2
4080	2
4081	0
4082	2
4083	2
4084	3
4085	2
4086	3
4087	2
4088	2
4089	1
4090	0
4091	2
4092	3
4093	2
4094	2
4095	2
