COMMAND
./sim gshare 13 11 ./proj2-traces/perl_trace.txt
OUTPUT
number of predictions:2000000
number of mispredictions:97874
misprediction rate:   4.89%
FINAL GSHARE CONTENTS
0	2
1	1
2	3
3	2
4	3
5	0
6	2
7	3
8	2
9	0
10	3
11	2
12	1
13	1
14	0
15	2
16	0
17	0
18	3
19	3
20	0
21	0
22	3
23	3
24	2
25	0
26	0
27	3
28	2
29	2
30	3
31	3
32	0
33	2
34	3
35	3
36	0
37	2
38	3
39	2
40	0
41	3
42	3
43	0
44	0
45	2
46	3
47	2
48	3
49	3
50	2
51	3
52	0
53	0
54	1
55	3
56	0
57	0
58	3
59	0
60	2
61	1
62	3
63	3
64	2
65	2
66	3
67	1
68	2
69	3
70	3
71	2
72	3
73	3
74	3
75	1
76	3
77	3
78	2
79	2
80	2
81	2
82	2
83	2
84	3
85	3
86	3
87	1
88	1
89	2
90	3
91	0
92	3
93	3
94	0
95	3
96	3
97	3
98	3
99	3
100	2
101	2
102	3
103	2
104	3
105	3
106	3
107	3
108	2
109	0
110	3
111	3
112	2
113	0
114	3
115	0
116	3
117	2
118	3
119	0
120	3
121	3
122	3
123	0
124	3
125	1
126	3
127	0
128	2
129	0
130	2
131	0
132	0
133	2
134	2
135	2
136	0
137	3
138	0
139	3
140	2
141	3
142	2
143	3
144	3
145	2
146	0
147	3
148	2
149	1
150	3
151	2
152	2
153	3
154	1
155	1
156	3
157	3
158	3
159	3
160	3
161	3
162	3
163	3
164	2
165	1
166	3
167	2
168	2
169	2
170	3
171	1
172	3
173	3
174	2
175	3
176	0
177	1
178	3
179	0
180	3
181	1
182	2
183	2
184	1
185	2
186	1
187	0
188	2
189	0
190	3
191	1
192	2
193	3
194	2
195	0
196	3
197	3
198	3
199	1
200	2
201	2
202	3
203	3
204	2
205	2
206	3
207	3
208	2
209	0
210	3
211	2
212	3
213	2
214	1
215	0
216	0
217	0
218	3
219	2
220	3
221	0
222	3
223	3
224	2
225	3
226	3
227	2
228	0
229	3
230	0
231	0
232	2
233	2
234	0
235	3
236	2
237	3
238	0
239	0
240	3
241	3
242	3
243	1
244	3
245	2
246	3
247	0
248	3
249	3
250	3
251	1
252	2
253	3
254	2
255	2
256	2
257	2
258	3
259	2
260	3
261	3
262	0
263	3
264	3
265	3
266	3
267	2
268	3
269	3
270	3
271	2
272	3
273	1
274	3
275	1
276	3
277	3
278	3
279	0
280	3
281	1
282	3
283	3
284	2
285	2
286	3
287	1
288	3
289	3
290	3
291	3
292	3
293	3
294	3
295	2
296	3
297	3
298	2
299	0
300	2
301	2
302	1
303	2
304	3
305	3
306	3
307	0
308	2
309	2
310	3
311	1
312	3
313	1
314	3
315	0
316	2
317	3
318	1
319	2
320	3
321	3
322	3
323	0
324	3
325	1
326	3
327	0
328	3
329	2
330	3
331	1
332	3
333	3
334	2
335	1
336	1
337	3
338	0
339	0
340	1
341	0
342	1
343	2
344	2
345	0
346	2
347	0
348	3
349	2
350	3
351	0
352	0
353	3
354	2
355	3
356	0
357	2
358	2
359	1
360	3
361	2
362	1
363	0
364	3
365	3
366	3
367	0
368	2
369	3
370	2
371	3
372	2
373	2
374	2
375	3
376	0
377	1
378	2
379	2
380	2
381	2
382	0
383	2
384	2
385	3
386	3
387	2
388	3
389	2
390	3
391	1
392	2
393	2
394	1
395	0
396	3
397	2
398	3
399	2
400	2
401	1
402	0
403	2
404	3
405	2
406	3
407	2
408	3
409	3
410	2
411	2
412	1
413	2
414	2
415	3
416	3
417	1
418	2
419	2
420	2
421	3
422	3
423	1
424	3
425	0
426	2
427	2
428	3
429	0
430	3
431	1
432	2
433	2
434	3
435	0
436	3
437	2
438	3
439	3
440	2
441	1
442	3
443	2
444	3
445	1
446	3
447	1
448	0
449	0
450	0
451	2
452	3
453	0
454	3
455	3
456	2
457	0
458	3
459	0
460	0
461	3
462	1
463	0
464	3
465	3
466	3
467	0
468	3
469	0
470	0
471	0
472	3
473	2
474	3
475	0
476	2
477	1
478	2
479	0
480	2
481	3
482	1
483	2
484	3
485	2
486	0
487	0
488	3
489	0
490	1
491	2
492	2
493	0
494	3
495	2
496	2
497	2
498	3
499	3
500	1
501	3
502	0
503	0
504	3
505	2
506	3
507	3
508	2
509	1
510	2
511	1
512	2
513	3
514	3
515	3
516	3
517	3
518	3
519	3
520	3
521	0
522	2
523	0
524	0
525	2
526	3
527	3
528	0
529	3
530	2
531	3
532	3
533	2
534	3
535	3
536	2
537	2
538	2
539	3
540	2
541	0
542	3
543	3
544	3
545	2
546	3
547	2
548	2
549	3
550	2
551	0
552	2
553	3
554	3
555	2
556	3
557	3
558	3
559	2
560	1
561	3
562	3
563	0
564	1
565	0
566	2
567	2
568	2
569	2
570	3
571	1
572	2
573	3
574	3
575	2
576	3
577	3
578	3
579	3
580	0
581	3
582	2
583	2
584	2
585	3
586	3
587	3
588	1
589	0
590	2
591	3
592	2
593	3
594	3
595	2
596	2
597	3
598	3
599	2
600	0
601	0
602	3
603	2
604	3
605	3
606	3
607	1
608	0
609	3
610	3
611	3
612	0
613	3
614	2
615	3
616	1
617	3
618	2
619	2
620	0
621	0
622	3
623	2
624	2
625	2
626	3
627	3
628	3
629	3
630	3
631	3
632	0
633	3
634	2
635	3
636	0
637	3
638	2
639	2
640	2
641	2
642	0
643	2
644	0
645	0
646	3
647	3
648	2
649	1
650	3
651	0
652	2
653	3
654	0
655	2
656	0
657	3
658	3
659	3
660	2
661	2
662	0
663	3
664	2
665	2
666	3
667	3
668	3
669	3
670	3
671	0
672	2
673	2
674	3
675	0
676	0
677	3
678	3
679	1
680	2
681	3
682	3
683	0
684	3
685	0
686	3
687	2
688	2
689	1
690	3
691	0
692	1
693	2
694	3
695	2
696	2
697	2
698	3
699	0
700	1
701	2
702	3
703	3
704	0
705	1
706	3
707	3
708	0
709	3
710	3
711	0
712	3
713	0
714	3
715	0
716	3
717	0
718	2
719	0
720	1
721	3
722	3
723	3
724	2
725	2
726	3
727	0
728	0
729	2
730	3
731	3
732	2
733	3
734	3
735	0
736	3
737	0
738	3
739	0
740	0
741	2
742	1
743	2
744	3
745	2
746	3
747	2
748	2
749	2
750	3
751	0
752	0
753	2
754	3
755	0
756	2
757	3
758	3
759	0
760	3
761	1
762	3
763	0
764	1
765	2
766	2
767	0
768	3
769	3
770	3
771	3
772	2
773	3
774	3
775	2
776	1
777	3
778	3
779	0
780	3
781	3
782	3
783	2
784	3
785	3
786	3
787	3
788	3
789	1
790	2
791	0
792	2
793	2
794	2
795	2
796	2
797	1
798	3
799	0
800	2
801	3
802	3
803	2
804	2
805	1
806	3
807	3
808	2
809	2
810	3
811	3
812	3
813	3
814	3
815	3
816	2
817	2
818	3
819	3
820	2
821	2
822	3
823	3
824	2
825	3
826	2
827	2
828	2
829	3
830	3
831	2
832	3
833	3
834	2
835	0
836	3
837	2
838	0
839	2
840	1
841	2
842	2
843	3
844	3
845	3
846	3
847	3
848	0
849	3
850	3
851	0
852	3
853	2
854	2
855	3
856	3
857	2
858	3
859	1
860	2
861	1
862	3
863	0
864	2
865	3
866	3
867	0
868	2
869	3
870	2
871	0
872	3
873	1
874	2
875	2
876	3
877	2
878	2
879	2
880	2
881	3
882	3
883	0
884	2
885	2
886	3
887	0
888	2
889	2
890	3
891	2
892	2
893	2
894	3
895	0
896	2
897	3
898	3
899	0
900	2
901	2
902	2
903	0
904	1
905	3
906	3
907	2
908	2
909	0
910	3
911	0
912	3
913	2
914	3
915	3
916	3
917	1
918	2
919	3
920	1
921	3
922	3
923	1
924	2
925	2
926	3
927	3
928	2
929	2
930	3
931	3
932	2
933	0
934	3
935	3
936	3
937	2
938	2
939	0
940	2
941	3
942	3
943	3
944	2
945	2
946	3
947	0
948	2
949	2
950	3
951	2
952	2
953	3
954	0
955	0
956	3
957	2
958	3
959	0
960	3
961	3
962	3
963	3
964	3
965	2
966	3
967	2
968	2
969	3
970	3
971	3
972	3
973	2
974	3
975	0
976	3
977	1
978	2
979	1
980	2
981	2
982	3
983	3
984	3
985	2
986	2
987	2
988	0
989	3
990	3
991	0
992	3
993	3
994	3
995	0
996	0
997	3
998	2
999	0
1000	2
1001	3
1002	3
1003	0
1004	0
1005	3
1006	3
1007	0
1008	1
1009	3
1010	3
1011	1
1012	2
1013	3
1014	3
1015	3
1016	2
1017	1
1018	2
1019	2
1020	2
1021	2
1022	3
1023	2
1024	1
1025	3
1026	2
1027	3
1028	0
1029	2
1030	3
1031	3
1032	0
1033	1
1034	3
1035	3
1036	0
1037	1
1038	0
1039	0
1040	1
1041	3
1042	3
1043	2
1044	2
1045	3
1046	3
1047	2
1048	0
1049	3
1050	2
1051	3
1052	0
1053	1
1054	3
1055	3
1056	1
1057	2
1058	2
1059	1
1060	3
1061	3
1062	3
1063	3
1064	1
1065	2
1066	3
1067	3
1068	0
1069	3
1070	0
1071	3
1072	0
1073	3
1074	2
1075	2
1076	1
1077	1
1078	3
1079	0
1080	3
1081	3
1082	3
1083	0
1084	1
1085	3
1086	3
1087	3
1088	3
1089	3
1090	2
1091	2
1092	0
1093	2
1094	3
1095	3
1096	3
1097	3
1098	2
1099	2
1100	1
1101	3
1102	3
1103	2
1104	1
1105	2
1106	2
1107	3
1108	2
1109	0
1110	2
1111	2
1112	0
1113	3
1114	2
1115	0
1116	0
1117	3
1118	3
1119	2
1120	3
1121	2
1122	3
1123	0
1124	3
1125	3
1126	3
1127	1
1128	3
1129	1
1130	3
1131	0
1132	3
1133	2
1134	2
1135	1
1136	1
1137	2
1138	3
1139	0
1140	0
1141	3
1142	3
1143	2
1144	3
1145	3
1146	3
1147	3
1148	3
1149	3
1150	2
1151	3
1152	2
1153	3
1154	0
1155	0
1156	2
1157	2
1158	0
1159	1
1160	1
1161	3
1162	3
1163	2
1164	2
1165	2
1166	3
1167	2
1168	2
1169	2
1170	0
1171	3
1172	0
1173	2
1174	2
1175	0
1176	2
1177	2
1178	3
1179	3
1180	2
1181	2
1182	2
1183	3
1184	2
1185	0
1186	3
1187	2
1188	2
1189	0
1190	1
1191	0
1192	3
1193	2
1194	2
1195	3
1196	3
1197	1
1198	2
1199	2
1200	1
1201	2
1202	3
1203	0
1204	0
1205	2
1206	2
1207	3
1208	2
1209	3
1210	3
1211	0
1212	3
1213	2
1214	3
1215	2
1216	0
1217	3
1218	3
1219	2
1220	3
1221	3
1222	3
1223	3
1224	3
1225	3
1226	3
1227	0
1228	0
1229	3
1230	3
1231	3
1232	3
1233	0
1234	2
1235	0
1236	3
1237	1
1238	3
1239	3
1240	0
1241	3
1242	3
1243	2
1244	3
1245	2
1246	3
1247	2
1248	0
1249	0
1250	2
1251	0
1252	0
1253	3
1254	2
1255	3
1256	2
1257	2
1258	2
1259	1
1260	2
1261	0
1262	3
1263	1
1264	2
1265	2
1266	2
1267	2
1268	3
1269	2
1270	3
1271	2
1272	3
1273	2
1274	3
1275	3
1276	3
1277	0
1278	2
1279	0
1280	3
1281	2
1282	0
1283	3
1284	3
1285	2
1286	3
1287	1
1288	3
1289	3
1290	2
1291	3
1292	3
1293	2
1294	3
1295	1
1296	3
1297	2
1298	3
1299	1
1300	3
1301	1
1302	1
1303	0
1304	3
1305	3
1306	3
1307	0
1308	3
1309	2
1310	3
1311	0
1312	2
1313	2
1314	2
1315	3
1316	2
1317	2
1318	3
1319	0
1320	3
1321	2
1322	2
1323	1
1324	3
1325	2
1326	3
1327	2
1328	3
1329	2
1330	3
1331	3
1332	3
1333	2
1334	0
1335	2
1336	3
1337	2
1338	2
1339	0
1340	3
1341	0
1342	3
1343	0
1344	2
1345	2
1346	3
1347	2
1348	2
1349	2
1350	3
1351	2
1352	3
1353	3
1354	3
1355	3
1356	2
1357	2
1358	3
1359	0
1360	2
1361	2
1362	2
1363	2
1364	1
1365	3
1366	2
1367	3
1368	3
1369	2
1370	2
1371	3
1372	2
1373	3
1374	2
1375	3
1376	3
1377	0
1378	2
1379	2
1380	3
1381	3
1382	2
1383	2
1384	2
1385	2
1386	2
1387	1
1388	3
1389	0
1390	3
1391	0
1392	3
1393	1
1394	3
1395	3
1396	3
1397	3
1398	3
1399	2
1400	3
1401	2
1402	3
1403	3
1404	0
1405	0
1406	1
1407	2
1408	3
1409	2
1410	2
1411	3
1412	2
1413	1
1414	1
1415	2
1416	1
1417	0
1418	2
1419	1
1420	3
1421	3
1422	2
1423	2
1424	3
1425	2
1426	3
1427	1
1428	3
1429	2
1430	2
1431	2
1432	0
1433	0
1434	3
1435	3
1436	3
1437	2
1438	0
1439	2
1440	3
1441	3
1442	3
1443	0
1444	0
1445	0
1446	2
1447	1
1448	3
1449	3
1450	3
1451	0
1452	3
1453	2
1454	3
1455	2
1456	2
1457	0
1458	3
1459	0
1460	2
1461	1
1462	3
1463	3
1464	1
1465	0
1466	2
1467	0
1468	3
1469	2
1470	1
1471	0
1472	3
1473	2
1474	3
1475	3
1476	3
1477	2
1478	3
1479	3
1480	1
1481	1
1482	0
1483	3
1484	2
1485	2
1486	2
1487	3
1488	0
1489	2
1490	0
1491	0
1492	1
1493	1
1494	3
1495	0
1496	1
1497	0
1498	1
1499	0
1500	1
1501	0
1502	3
1503	2
1504	3
1505	3
1506	2
1507	2
1508	1
1509	1
1510	1
1511	2
1512	3
1513	3
1514	3
1515	1
1516	3
1517	3
1518	3
1519	3
1520	2
1521	2
1522	2
1523	2
1524	3
1525	3
1526	2
1527	2
1528	3
1529	3
1530	3
1531	2
1532	3
1533	3
1534	3
1535	2
1536	3
1537	3
1538	3
1539	3
1540	3
1541	0
1542	3
1543	2
1544	3
1545	3
1546	1
1547	3
1548	3
1549	3
1550	2
1551	3
1552	3
1553	0
1554	3
1555	1
1556	3
1557	3
1558	0
1559	3
1560	3
1561	0
1562	2
1563	0
1564	3
1565	3
1566	2
1567	3
1568	3
1569	2
1570	3
1571	1
1572	3
1573	0
1574	3
1575	3
1576	3
1577	3
1578	0
1579	3
1580	2
1581	2
1582	1
1583	3
1584	3
1585	3
1586	2
1587	3
1588	3
1589	1
1590	3
1591	3
1592	3
1593	2
1594	3
1595	3
1596	3
1597	1
1598	3
1599	3
1600	1
1601	3
1602	2
1603	2
1604	3
1605	3
1606	2
1607	3
1608	2
1609	3
1610	2
1611	3
1612	3
1613	3
1614	3
1615	3
1616	2
1617	0
1618	2
1619	3
1620	2
1621	2
1622	1
1623	2
1624	2
1625	1
1626	2
1627	2
1628	2
1629	1
1630	0
1631	1
1632	0
1633	0
1634	3
1635	1
1636	2
1637	0
1638	0
1639	3
1640	2
1641	3
1642	2
1643	3
1644	3
1645	0
1646	2
1647	3
1648	1
1649	3
1650	0
1651	3
1652	3
1653	0
1654	2
1655	3
1656	1
1657	2
1658	2
1659	3
1660	3
1661	2
1662	1
1663	3
1664	3
1665	3
1666	3
1667	1
1668	3
1669	0
1670	3
1671	3
1672	0
1673	0
1674	3
1675	3
1676	1
1677	0
1678	3
1679	3
1680	3
1681	0
1682	3
1683	3
1684	0
1685	1
1686	3
1687	3
1688	3
1689	1
1690	3
1691	3
1692	2
1693	0
1694	3
1695	3
1696	1
1697	3
1698	1
1699	3
1700	3
1701	1
1702	1
1703	3
1704	2
1705	3
1706	2
1707	1
1708	2
1709	0
1710	3
1711	3
1712	3
1713	0
1714	2
1715	0
1716	0
1717	2
1718	3
1719	0
1720	1
1721	2
1722	3
1723	2
1724	1
1725	2
1726	2
1727	3
1728	1
1729	2
1730	3
1731	2
1732	1
1733	3
1734	3
1735	3
1736	1
1737	2
1738	3
1739	2
1740	3
1741	2
1742	2
1743	3
1744	1
1745	2
1746	3
1747	0
1748	2
1749	2
1750	3
1751	2
1752	3
1753	2
1754	3
1755	1
1756	2
1757	3
1758	2
1759	2
1760	2
1761	3
1762	0
1763	3
1764	3
1765	2
1766	3
1767	2
1768	0
1769	2
1770	3
1771	0
1772	3
1773	3
1774	3
1775	0
1776	2
1777	0
1778	0
1779	2
1780	2
1781	0
1782	2
1783	2
1784	3
1785	0
1786	1
1787	0
1788	2
1789	0
1790	0
1791	0
1792	2
1793	2
1794	3
1795	2
1796	0
1797	3
1798	1
1799	0
1800	2
1801	2
1802	3
1803	0
1804	3
1805	3
1806	2
1807	0
1808	3
1809	1
1810	1
1811	3
1812	3
1813	2
1814	3
1815	0
1816	2
1817	1
1818	3
1819	1
1820	3
1821	3
1822	3
1823	1
1824	1
1825	3
1826	3
1827	0
1828	2
1829	0
1830	2
1831	2
1832	2
1833	3
1834	3
1835	2
1836	3
1837	2
1838	3
1839	0
1840	2
1841	2
1842	0
1843	1
1844	2
1845	2
1846	2
1847	0
1848	0
1849	2
1850	0
1851	0
1852	3
1853	0
1854	3
1855	3
1856	1
1857	0
1858	3
1859	2
1860	0
1861	0
1862	0
1863	3
1864	2
1865	1
1866	3
1867	0
1868	2
1869	0
1870	2
1871	0
1872	1
1873	0
1874	0
1875	1
1876	0
1877	0
1878	0
1879	0
1880	2
1881	0
1882	3
1883	0
1884	2
1885	0
1886	2
1887	2
1888	1
1889	0
1890	0
1891	2
1892	0
1893	0
1894	0
1895	0
1896	2
1897	0
1898	1
1899	2
1900	3
1901	3
1902	0
1903	0
1904	3
1905	0
1906	2
1907	0
1908	3
1909	0
1910	3
1911	1
1912	3
1913	0
1914	2
1915	0
1916	0
1917	0
1918	1
1919	1
1920	0
1921	2
1922	3
1923	2
1924	0
1925	1
1926	0
1927	2
1928	3
1929	2
1930	1
1931	3
1932	3
1933	2
1934	2
1935	0
1936	0
1937	0
1938	3
1939	0
1940	0
1941	1
1942	3
1943	3
1944	2
1945	3
1946	0
1947	2
1948	2
1949	2
1950	3
1951	2
1952	0
1953	3
1954	1
1955	2
1956	0
1957	3
1958	3
1959	2
1960	1
1961	2
1962	3
1963	2
1964	0
1965	3
1966	0
1967	2
1968	0
1969	2
1970	2
1971	2
1972	0
1973	3
1974	3
1975	3
1976	2
1977	2
1978	3
1979	2
1980	0
1981	2
1982	0
1983	0
1984	1
1985	0
1986	2
1987	3
1988	0
1989	2
1990	1
1991	0
1992	2
1993	2
1994	0
1995	2
1996	2
1997	0
1998	1
1999	1
2000	2
2001	0
2002	1
2003	2
2004	0
2005	2
2006	2
2007	0
2008	3
2009	2
2010	2
2011	3
2012	2
2013	2
2014	2
2015	3
2016	3
2017	3
2018	2
2019	2
2020	0
2021	1
2022	0
2023	2
2024	0
2025	3
2026	3
2027	2
2028	2
2029	3
2030	2
2031	2
2032	3
2033	2
2034	2
2035	2
2036	0
2037	2
2038	0
2039	2
2040	3
2041	0
2042	3
2043	2
2044	3
2045	2
2046	3
2047	0
2048	3
2049	3
2050	3
2051	0
2052	3
2053	3
2054	0
2055	3
2056	3
2057	0
2058	3
2059	1
2060	2
2061	3
2062	0
2063	1
2064	3
2065	0
2066	3
2067	3
2068	3
2069	0
2070	3
2071	0
2072	3
2073	0
2074	3
2075	2
2076	3
2077	2
2078	0
2079	3
2080	3
2081	2
2082	3
2083	0
2084	2
2085	0
2086	3
2087	3
2088	3
2089	0
2090	3
2091	1
2092	3
2093	2
2094	2
2095	3
2096	3
2097	0
2098	3
2099	2
2100	3
2101	2
2102	3
2103	0
2104	3
2105	0
2106	3
2107	2
2108	3
2109	2
2110	0
2111	3
2112	3
2113	0
2114	3
2115	1
2116	3
2117	3
2118	3
2119	0
2120	3
2121	2
2122	3
2123	0
2124	3
2125	0
2126	3
2127	0
2128	3
2129	1
2130	3
2131	2
2132	0
2133	1
2134	3
2135	0
2136	3
2137	1
2138	3
2139	0
2140	2
2141	2
2142	0
2143	2
2144	3
2145	0
2146	3
2147	0
2148	3
2149	1
2150	3
2151	0
2152	3
2153	1
2154	3
2155	0
2156	3
2157	2
2158	3
2159	0
2160	3
2161	0
2162	3
2163	0
2164	3
2165	2
2166	0
2167	3
2168	3
2169	3
2170	3
2171	0
2172	3
2173	2
2174	0
2175	3
2176	2
2177	0
2178	3
2179	0
2180	0
2181	3
2182	2
2183	3
2184	3
2185	2
2186	3
2187	2
2188	3
2189	3
2190	3
2191	0
2192	3
2193	0
2194	1
2195	2
2196	2
2197	3
2198	3
2199	3
2200	1
2201	0
2202	3
2203	3
2204	2
2205	0
2206	0
2207	3
2208	3
2209	0
2210	0
2211	3
2212	3
2213	1
2214	0
2215	0
2216	1
2217	3
2218	3
2219	3
2220	1
2221	0
2222	0
2223	3
2224	3
2225	0
2226	0
2227	3
2228	2
2229	2
2230	3
2231	3
2232	3
2233	3
2234	3
2235	0
2236	2
2237	0
2238	3
2239	2
2240	3
2241	3
2242	0
2243	3
2244	0
2245	1
2246	3
2247	1
2248	3
2249	3
2250	3
2251	2
2252	2
2253	0
2254	3
2255	0
2256	2
2257	0
2258	0
2259	2
2260	2
2261	1
2262	0
2263	1
2264	3
2265	0
2266	3
2267	3
2268	3
2269	0
2270	3
2271	3
2272	3
2273	3
2274	3
2275	1
2276	3
2277	0
2278	3
2279	2
2280	3
2281	3
2282	2
2283	2
2284	3
2285	0
2286	0
2287	3
2288	1
2289	0
2290	3
2291	0
2292	3
2293	3
2294	2
2295	0
2296	3
2297	0
2298	0
2299	0
2300	2
2301	0
2302	0
2303	2
2304	3
2305	2
2306	3
2307	2
2308	2
2309	1
2310	3
2311	2
2312	3
2313	3
2314	3
2315	2
2316	3
2317	0
2318	0
2319	2
2320	0
2321	0
2322	3
2323	0
2324	0
2325	0
2326	3
2327	2
2328	0
2329	0
2330	2
2331	1
2332	0
2333	3
2334	3
2335	2
2336	2
2337	2
2338	3
2339	2
2340	3
2341	3
2342	0
2343	0
2344	3
2345	3
2346	3
2347	0
2348	0
2349	0
2350	2
2351	0
2352	2
2353	3
2354	0
2355	0
2356	3
2357	3
2358	3
2359	2
2360	1
2361	1
2362	3
2363	3
2364	1
2365	2
2366	3
2367	1
2368	2
2369	3
2370	3
2371	3
2372	2
2373	3
2374	3
2375	3
2376	3
2377	1
2378	0
2379	3
2380	3
2381	3
2382	3
2383	2
2384	0
2385	2
2386	0
2387	1
2388	3
2389	1
2390	0
2391	3
2392	2
2393	3
2394	3
2395	1
2396	3
2397	3
2398	3
2399	3
2400	2
2401	2
2402	0
2403	2
2404	3
2405	3
2406	3
2407	3
2408	3
2409	0
2410	3
2411	3
2412	1
2413	0
2414	1
2415	3
2416	2
2417	2
2418	0
2419	2
2420	3
2421	3
2422	3
2423	3
2424	3
2425	2
2426	3
2427	3
2428	2
2429	2
2430	0
2431	2
2432	2
2433	1
2434	1
2435	1
2436	2
2437	3
2438	3
2439	1
2440	0
2441	3
2442	0
2443	0
2444	3
2445	2
2446	0
2447	3
2448	2
2449	0
2450	3
2451	3
2452	3
2453	2
2454	3
2455	3
2456	3
2457	3
2458	2
2459	3
2460	2
2461	3
2462	3
2463	2
2464	3
2465	3
2466	3
2467	0
2468	1
2469	3
2470	3
2471	2
2472	2
2473	0
2474	3
2475	1
2476	3
2477	1
2478	3
2479	0
2480	3
2481	3
2482	3
2483	3
2484	3
2485	3
2486	3
2487	3
2488	1
2489	1
2490	3
2491	1
2492	2
2493	3
2494	3
2495	3
2496	2
2497	1
2498	0
2499	3
2500	0
2501	2
2502	3
2503	1
2504	0
2505	0
2506	0
2507	1
2508	3
2509	3
2510	0
2511	0
2512	2
2513	0
2514	3
2515	0
2516	0
2517	2
2518	3
2519	2
2520	3
2521	0
2522	3
2523	3
2524	2
2525	2
2526	0
2527	0
2528	2
2529	0
2530	3
2531	1
2532	0
2533	3
2534	3
2535	3
2536	3
2537	0
2538	3
2539	2
2540	2
2541	2
2542	3
2543	0
2544	2
2545	1
2546	3
2547	0
2548	2
2549	1
2550	3
2551	0
2552	2
2553	3
2554	0
2555	3
2556	1
2557	2
2558	0
2559	0
2560	2
2561	0
2562	0
2563	2
2564	2
2565	2
2566	0
2567	2
2568	3
2569	0
2570	3
2571	3
2572	2
2573	0
2574	0
2575	2
2576	1
2577	0
2578	3
2579	0
2580	3
2581	2
2582	1
2583	0
2584	1
2585	3
2586	0
2587	0
2588	2
2589	0
2590	3
2591	2
2592	3
2593	3
2594	3
2595	0
2596	1
2597	1
2598	2
2599	0
2600	1
2601	0
2602	3
2603	0
2604	1
2605	0
2606	0
2607	0
2608	2
2609	1
2610	3
2611	0
2612	3
2613	0
2614	2
2615	3
2616	3
2617	3
2618	3
2619	2
2620	3
2621	1
2622	3
2623	2
2624	3
2625	3
2626	3
2627	2
2628	3
2629	2
2630	3
2631	3
2632	2
2633	2
2634	3
2635	2
2636	2
2637	0
2638	3
2639	2
2640	3
2641	1
2642	0
2643	2
2644	1
2645	3
2646	2
2647	2
2648	1
2649	1
2650	3
2651	0
2652	2
2653	0
2654	3
2655	0
2656	3
2657	0
2658	3
2659	0
2660	3
2661	0
2662	3
2663	0
2664	3
2665	0
2666	3
2667	1
2668	2
2669	0
2670	3
2671	0
2672	1
2673	0
2674	3
2675	0
2676	3
2677	1
2678	2
2679	1
2680	1
2681	0
2682	3
2683	0
2684	3
2685	3
2686	3
2687	1
2688	3
2689	0
2690	3
2691	3
2692	2
2693	0
2694	0
2695	1
2696	2
2697	1
2698	3
2699	3
2700	2
2701	0
2702	3
2703	3
2704	2
2705	2
2706	3
2707	3
2708	1
2709	0
2710	3
2711	0
2712	2
2713	3
2714	0
2715	3
2716	2
2717	0
2718	3
2719	0
2720	0
2721	0
2722	0
2723	3
2724	3
2725	2
2726	0
2727	2
2728	2
2729	0
2730	3
2731	3
2732	2
2733	0
2734	3
2735	0
2736	3
2737	3
2738	1
2739	3
2740	0
2741	3
2742	3
2743	3
2744	3
2745	0
2746	3
2747	0
2748	2
2749	0
2750	3
2751	3
2752	2
2753	2
2754	3
2755	2
2756	0
2757	0
2758	3
2759	3
2760	2
2761	0
2762	3
2763	3
2764	2
2765	2
2766	3
2767	3
2768	3
2769	3
2770	3
2771	3
2772	2
2773	1
2774	3
2775	3
2776	2
2777	3
2778	2
2779	3
2780	3
2781	3
2782	3
2783	2
2784	2
2785	0
2786	2
2787	0
2788	2
2789	2
2790	3
2791	2
2792	3
2793	0
2794	2
2795	3
2796	0
2797	2
2798	3
2799	3
2800	3
2801	0
2802	3
2803	3
2804	3
2805	2
2806	3
2807	3
2808	3
2809	1
2810	0
2811	0
2812	2
2813	0
2814	2
2815	3
2816	1
2817	3
2818	3
2819	1
2820	3
2821	0
2822	3
2823	2
2824	2
2825	2
2826	3
2827	3
2828	2
2829	3
2830	1
2831	2
2832	2
2833	2
2834	3
2835	3
2836	1
2837	1
2838	2
2839	2
2840	0
2841	3
2842	1
2843	3
2844	0
2845	3
2846	0
2847	2
2848	2
2849	1
2850	2
2851	2
2852	2
2853	0
2854	3
2855	0
2856	0
2857	3
2858	3
2859	2
2860	2
2861	3
2862	3
2863	2
2864	2
2865	3
2866	0
2867	2
2868	3
2869	0
2870	0
2871	2
2872	2
2873	0
2874	3
2875	3
2876	2
2877	3
2878	0
2879	2
2880	2
2881	3
2882	2
2883	3
2884	3
2885	3
2886	3
2887	2
2888	3
2889	3
2890	0
2891	2
2892	3
2893	3
2894	0
2895	1
2896	3
2897	3
2898	3
2899	3
2900	3
2901	3
2902	3
2903	3
2904	3
2905	3
2906	3
2907	3
2908	0
2909	3
2910	3
2911	1
2912	2
2913	3
2914	3
2915	0
2916	3
2917	0
2918	3
2919	0
2920	2
2921	3
2922	3
2923	0
2924	2
2925	3
2926	3
2927	2
2928	2
2929	3
2930	3
2931	0
2932	3
2933	3
2934	2
2935	2
2936	3
2937	0
2938	3
2939	1
2940	2
2941	0
2942	3
2943	3
2944	0
2945	3
2946	1
2947	3
2948	3
2949	3
2950	0
2951	3
2952	3
2953	1
2954	0
2955	2
2956	3
2957	2
2958	1
2959	3
2960	0
2961	3
2962	3
2963	2
2964	3
2965	3
2966	3
2967	2
2968	0
2969	3
2970	0
2971	3
2972	0
2973	3
2974	2
2975	3
2976	3
2977	3
2978	0
2979	3
2980	0
2981	0
2982	0
2983	3
2984	3
2985	3
2986	2
2987	0
2988	3
2989	0
2990	3
2991	3
2992	3
2993	2
2994	3
2995	0
2996	2
2997	1
2998	3
2999	3
3000	3
3001	0
3002	3
3003	0
3004	3
3005	3
3006	0
3007	2
3008	2
3009	0
3010	3
3011	0
3012	0
3013	1
3014	3
3015	2
3016	2
3017	0
3018	3
3019	0
3020	3
3021	2
3022	3
3023	3
3024	2
3025	3
3026	3
3027	0
3028	3
3029	2
3030	3
3031	0
3032	3
3033	3
3034	3
3035	2
3036	2
3037	3
3038	2
3039	2
3040	0
3041	3
3042	3
3043	0
3044	2
3045	3
3046	3
3047	1
3048	2
3049	2
3050	3
3051	0
3052	2
3053	2
3054	3
3055	2
3056	3
3057	3
3058	2
3059	3
3060	2
3061	2
3062	3
3063	0
3064	0
3065	1
3066	0
3067	3
3068	3
3069	3
3070	3
3071	3
3072	0
3073	2
3074	1
3075	2
3076	3
3077	3
3078	0
3079	2
3080	3
3081	0
3082	3
3083	1
3084	3
3085	2
3086	2
3087	3
3088	3
3089	3
3090	3
3091	2
3092	3
3093	1
3094	1
3095	2
3096	3
3097	3
3098	0
3099	3
3100	2
3101	3
3102	0
3103	3
3104	1
3105	2
3106	2
3107	3
3108	3
3109	2
3110	2
3111	0
3112	3
3113	3
3114	0
3115	2
3116	3
3117	0
3118	0
3119	3
3120	1
3121	0
3122	0
3123	3
3124	3
3125	1
3126	3
3127	2
3128	3
3129	1
3130	0
3131	0
3132	3
3133	2
3134	3
3135	1
3136	3
3137	3
3138	2
3139	3
3140	2
3141	3
3142	0
3143	3
3144	2
3145	3
3146	2
3147	3
3148	2
3149	1
3150	1
3151	3
3152	3
3153	3
3154	0
3155	2
3156	3
3157	3
3158	3
3159	1
3160	2
3161	3
3162	0
3163	2
3164	1
3165	3
3166	0
3167	0
3168	3
3169	2
3170	0
3171	2
3172	2
3173	2
3174	0
3175	1
3176	2
3177	0
3178	1
3179	1
3180	2
3181	2
3182	1
3183	0
3184	3
3185	2
3186	0
3187	2
3188	3
3189	3
3190	3
3191	3
3192	3
3193	3
3194	3
3195	2
3196	2
3197	3
3198	1
3199	3
3200	2
3201	3
3202	3
3203	3
3204	2
3205	2
3206	3
3207	2
3208	2
3209	2
3210	3
3211	3
3212	3
3213	2
3214	0
3215	1
3216	0
3217	3
3218	1
3219	0
3220	1
3221	0
3222	0
3223	0
3224	2
3225	0
3226	0
3227	3
3228	2
3229	3
3230	0
3231	0
3232	3
3233	2
3234	3
3235	0
3236	2
3237	3
3238	0
3239	2
3240	0
3241	0
3242	0
3243	3
3244	2
3245	0
3246	3
3247	0
3248	2
3249	1
3250	0
3251	1
3252	0
3253	0
3254	3
3255	2
3256	0
3257	1
3258	3
3259	2
3260	0
3261	0
3262	2
3263	2
3264	0
3265	3
3266	3
3267	3
3268	0
3269	3
3270	3
3271	2
3272	0
3273	3
3274	3
3275	3
3276	3
3277	2
3278	0
3279	2
3280	0
3281	2
3282	1
3283	0
3284	1
3285	3
3286	2
3287	3
3288	1
3289	3
3290	1
3291	2
3292	3
3293	2
3294	3
3295	2
3296	1
3297	0
3298	1
3299	2
3300	3
3301	0
3302	1
3303	3
3304	3
3305	3
3306	0
3307	3
3308	2
3309	2
3310	1
3311	3
3312	2
3313	0
3314	2
3315	0
3316	0
3317	0
3318	0
3319	1
3320	1
3321	0
3322	3
3323	3
3324	2
3325	2
3326	2
3327	2
3328	0
3329	2
3330	3
3331	3
3332	3
3333	3
3334	3
3335	3
3336	0
3337	0
3338	3
3339	2
3340	2
3341	2
3342	3
3343	2
3344	3
3345	2
3346	3
3347	0
3348	3
3349	2
3350	3
3351	3
3352	0
3353	3
3354	3
3355	1
3356	2
3357	2
3358	0
3359	3
3360	0
3361	3
3362	3
3363	0
3364	2
3365	2
3366	0
3367	2
3368	3
3369	2
3370	3
3371	3
3372	3
3373	0
3374	3
3375	3
3376	3
3377	2
3378	3
3379	3
3380	3
3381	0
3382	3
3383	3
3384	3
3385	2
3386	3
3387	2
3388	0
3389	3
3390	3
3391	1
3392	2
3393	1
3394	3
3395	1
3396	2
3397	3
3398	3
3399	2
3400	2
3401	3
3402	3
3403	3
3404	2
3405	0
3406	2
3407	2
3408	2
3409	0
3410	3
3411	2
3412	2
3413	2
3414	3
3415	0
3416	2
3417	2
3418	2
3419	2
3420	1
3421	0
3422	3
3423	3
3424	0
3425	2
3426	3
3427	3
3428	2
3429	0
3430	3
3431	3
3432	3
3433	3
3434	3
3435	3
3436	2
3437	3
3438	3
3439	3
3440	3
3441	3
3442	2
3443	3
3444	2
3445	3
3446	0
3447	0
3448	0
3449	0
3450	3
3451	3
3452	0
3453	3
3454	3
3455	3
3456	3
3457	3
3458	2
3459	0
3460	3
3461	2
3462	3
3463	2
3464	3
3465	0
3466	0
3467	2
3468	2
3469	0
3470	0
3471	0
3472	3
3473	0
3474	3
3475	0
3476	0
3477	1
3478	3
3479	2
3480	0
3481	0
3482	1
3483	2
3484	0
3485	1
3486	3
3487	3
3488	2
3489	2
3490	3
3491	3
3492	2
3493	3
3494	0
3495	1
3496	2
3497	1
3498	3
3499	3
3500	2
3501	0
3502	3
3503	3
3504	1
3505	3
3506	2
3507	3
3508	2
3509	2
3510	3
3511	1
3512	3
3513	2
3514	1
3515	0
3516	3
3517	0
3518	2
3519	3
3520	2
3521	1
3522	3
3523	0
3524	3
3525	2
3526	3
3527	3
3528	3
3529	3
3530	3
3531	3
3532	3
3533	3
3534	3
3535	1
3536	3
3537	2
3538	2
3539	0
3540	1
3541	0
3542	3
3543	3
3544	3
3545	1
3546	3
3547	3
3548	2
3549	1
3550	3
3551	3
3552	3
3553	2
3554	3
3555	0
3556	3
3557	2
3558	3
3559	0
3560	2
3561	0
3562	3
3563	3
3564	0
3565	0
3566	3
3567	3
3568	2
3569	0
3570	3
3571	2
3572	0
3573	0
3574	3
3575	2
3576	2
3577	0
3578	3
3579	3
3580	0
3581	0
3582	3
3583	3
3584	3
3585	0
3586	2
3587	3
3588	3
3589	2
3590	3
3591	3
3592	0
3593	3
3594	0
3595	3
3596	1
3597	0
3598	2
3599	3
3600	3
3601	0
3602	1
3603	1
3604	0
3605	0
3606	2
3607	2
3608	3
3609	0
3610	3
3611	3
3612	3
3613	3
3614	0
3615	3
3616	0
3617	3
3618	3
3619	3
3620	1
3621	1
3622	3
3623	3
3624	2
3625	3
3626	3
3627	3
3628	1
3629	2
3630	3
3631	3
3632	1
3633	2
3634	3
3635	3
3636	0
3637	2
3638	3
3639	2
3640	1
3641	3
3642	2
3643	3
3644	0
3645	3
3646	3
3647	1
3648	2
3649	2
3650	0
3651	0
3652	3
3653	2
3654	2
3655	3
3656	3
3657	2
3658	1
3659	2
3660	3
3661	1
3662	3
3663	2
3664	1
3665	3
3666	2
3667	0
3668	0
3669	1
3670	3
3671	2
3672	0
3673	2
3674	3
3675	3
3676	2
3677	3
3678	3
3679	2
3680	2
3681	2
3682	3
3683	2
3684	2
3685	2
3686	0
3687	0
3688	3
3689	2
3690	3
3691	3
3692	3
3693	2
3694	3
3695	3
3696	3
3697	0
3698	2
3699	3
3700	0
3701	1
3702	2
3703	3
3704	3
3705	2
3706	0
3707	0
3708	0
3709	3
3710	0
3711	3
3712	2
3713	3
3714	3
3715	2
3716	1
3717	2
3718	3
3719	2
3720	2
3721	0
3722	3
3723	2
3724	2
3725	2
3726	3
3727	2
3728	1
3729	0
3730	2
3731	3
3732	1
3733	0
3734	1
3735	3
3736	2
3737	0
3738	3
3739	2
3740	2
3741	1
3742	2
3743	1
3744	3
3745	1
3746	3
3747	2
3748	0
3749	3
3750	2
3751	2
3752	2
3753	2
3754	3
3755	3
3756	0
3757	2
3758	3
3759	3
3760	0
3761	3
3762	3
3763	0
3764	0
3765	2
3766	3
3767	2
3768	3
3769	2
3770	2
3771	1
3772	2
3773	2
3774	2
3775	2
3776	2
3777	2
3778	1
3779	2
3780	0
3781	0
3782	0
3783	0
3784	0
3785	0
3786	2
3787	0
3788	2
3789	0
3790	3
3791	0
3792	2
3793	0
3794	3
3795	0
3796	3
3797	0
3798	3
3799	1
3800	3
3801	3
3802	1
3803	2
3804	3
3805	2
3806	0
3807	2
3808	0
3809	2
3810	0
3811	0
3812	3
3813	2
3814	2
3815	2
3816	0
3817	2
3818	0
3819	0
3820	3
3821	0
3822	3
3823	3
3824	3
3825	2
3826	3
3827	0
3828	3
3829	2
3830	3
3831	0
3832	0
3833	2
3834	3
3835	0
3836	3
3837	2
3838	0
3839	0
3840	3
3841	2
3842	0
3843	3
3844	3
3845	3
3846	0
3847	2
3848	3
3849	3
3850	2
3851	2
3852	3
3853	3
3854	3
3855	3
3856	2
3857	3
3858	3
3859	0
3860	2
3861	3
3862	2
3863	3
3864	0
3865	2
3866	3
3867	0
3868	0
3869	3
3870	3
3871	2
3872	3
3873	3
3874	3
3875	0
3876	3
3877	2
3878	2
3879	1
3880	3
3881	2
3882	3
3883	1
3884	0
3885	2
3886	3
3887	1
3888	1
3889	3
3890	0
3891	1
3892	0
3893	2
3894	3
3895	3
3896	2
3897	2
3898	3
3899	3
3900	3
3901	3
3902	0
3903	2
3904	3
3905	2
3906	3
3907	0
3908	0
3909	2
3910	2
3911	2
3912	0
3913	2
3914	3
3915	3
3916	0
3917	2
3918	3
3919	0
3920	0
3921	2
3922	3
3923	2
3924	0
3925	0
3926	0
3927	3
3928	2
3929	2
3930	3
3931	0
3932	2
3933	0
3934	3
3935	2
3936	2
3937	0
3938	0
3939	0
3940	1
3941	1
3942	0
3943	1
3944	2
3945	0
3946	3
3947	3
3948	2
3949	1
3950	0
3951	0
3952	0
3953	2
3954	0
3955	3
3956	2
3957	0
3958	3
3959	3
3960	3
3961	2
3962	0
3963	3
3964	2
3965	0
3966	0
3967	3
3968	0
3969	1
3970	3
3971	1
3972	2
3973	2
3974	0
3975	3
3976	1
3977	2
3978	3
3979	2
3980	3
3981	2
3982	0
3983	3
3984	2
3985	2
3986	3
3987	3
3988	3
3989	2
3990	3
3991	1
3992	2
3993	2
3994	2
3995	2
3996	0
3997	2
3998	0
3999	3
4000	2
4001	3
4002	3
4003	3
4004	2
4005	1
4006	0
4007	3
4008	1
4009	1
4010	3
4011	3
4012	3
4013	3
4014	3
4015	3
4016	3
4017	2
4018	0
4019	3
4020	0
4021	0
4022	3
4023	3
4024	3
4025	3
4026	1
4027	3
4028	3
4029	2
4030	2
4031	3
4032	3
4033	3
4034	0
4035	2
4036	3
4037	1
4038	0
4039	2
4040	2
4041	3
4042	3
4043	3
4044	0
4045	3
4046	0
4047	3
4048	3
4049	1
4050	0
4051	3
4052	3
4053	0
4054	3
4055	3
4056	2
4057	3
4058	0
4059	0
4060	3
4061	0
4062	0
4063	2
4064	0
4065	3
4066	1
4067	3
4068	2
4069	1
4070	2
4071	3
4072	3
4073	3
4074	0
4075	3
4076	3
4077	3
4078	3
4079	3
4080	3
4081	3
4082	0
4083	2
4084	2
4085	3
4086	3
4087	3
4088	0
4089	2
4090	3
4091	3
4092	3
4093	3
4094	1
4095	3
4096	1
4097	2
4098	0
4099	0
4100	2
4101	3
4102	2
4103	0
4104	1
4105	2
4106	0
4107	3
4108	2
4109	3
4110	2
4111	1
4112	2
4113	3
4114	2
4115	0
4116	3
4117	2
4118	1
4119	1
4120	2
4121	2
4122	2
4123	0
4124	2
4125	3
4126	1
4127	3
4128	3
4129	0
4130	0
4131	2
4132	2
4133	0
4134	2
4135	2
4136	2
4137	0
4138	0
4139	0
4140	2
4141	3
4142	2
4143	0
4144	3
4145	0
4146	3
4147	2
4148	1
4149	0
4150	0
4151	3
4152	3
4153	0
4154	1
4155	0
4156	3
4157	3
4158	2
4159	0
4160	0
4161	3
4162	3
4163	2
4164	3
4165	0
4166	3
4167	2
4168	3
4169	1
4170	2
4171	2
4172	2
4173	3
4174	1
4175	2
4176	3
4177	2
4178	2
4179	2
4180	3
4181	3
4182	2
4183	1
4184	2
4185	0
4186	2
4187	3
4188	0
4189	3
4190	2
4191	2
4192	2
4193	3
4194	1
4195	0
4196	3
4197	3
4198	2
4199	3
4200	0
4201	2
4202	1
4203	2
4204	2
4205	3
4206	0
4207	1
4208	2
4209	3
4210	2
4211	2
4212	0
4213	3
4214	2
4215	1
4216	2
4217	3
4218	2
4219	2
4220	2
4221	1
4222	0
4223	3
4224	2
4225	1
4226	0
4227	0
4228	1
4229	0
4230	0
4231	3
4232	1
4233	0
4234	0
4235	3
4236	3
4237	1
4238	2
4239	3
4240	3
4241	0
4242	1
4243	3
4244	1
4245	0
4246	3
4247	2
4248	3
4249	2
4250	1
4251	3
4252	2
4253	1
4254	1
4255	3
4256	3
4257	0
4258	1
4259	0
4260	0
4261	0
4262	3
4263	0
4264	0
4265	0
4266	0
4267	0
4268	2
4269	3
4270	0
4271	2
4272	0
4273	0
4274	0
4275	3
4276	2
4277	2
4278	2
4279	3
4280	2
4281	2
4282	2
4283	2
4284	3
4285	3
4286	0
4287	0
4288	0
4289	3
4290	2
4291	0
4292	2
4293	1
4294	2
4295	3
4296	3
4297	2
4298	0
4299	3
4300	3
4301	2
4302	2
4303	0
4304	2
4305	0
4306	0
4307	3
4308	3
4309	0
4310	1
4311	3
4312	3
4313	1
4314	1
4315	3
4316	3
4317	3
4318	2
4319	3
4320	3
4321	0
4322	2
4323	3
4324	3
4325	1
4326	0
4327	3
4328	3
4329	1
4330	0
4331	3
4332	3
4333	0
4334	0
4335	3
4336	2
4337	0
4338	2
4339	0
4340	2
4341	2
4342	1
4343	3
4344	2
4345	0
4346	3
4347	3
4348	3
4349	0
4350	2
4351	3
4352	0
4353	1
4354	2
4355	0
4356	0
4357	0
4358	3
4359	0
4360	0
4361	3
4362	3
4363	2
4364	3
4365	2
4366	2
4367	1
4368	2
4369	0
4370	1
4371	0
4372	0
4373	2
4374	3
4375	0
4376	2
4377	1
4378	3
4379	0
4380	0
4381	2
4382	3
4383	0
4384	0
4385	0
4386	3
4387	2
4388	2
4389	0
4390	2
4391	3
4392	0
4393	2
4394	2
4395	0
4396	2
4397	0
4398	2
4399	3
4400	2
4401	3
4402	2
4403	3
4404	2
4405	1
4406	3
4407	3
4408	2
4409	3
4410	3
4411	2
4412	0
4413	2
4414	3
4415	2
4416	0
4417	2
4418	1
4419	2
4420	3
4421	0
4422	0
4423	3
4424	3
4425	3
4426	1
4427	0
4428	3
4429	3
4430	0
4431	0
4432	0
4433	3
4434	0
4435	3
4436	0
4437	0
4438	0
4439	2
4440	1
4441	3
4442	3
4443	3
4444	1
4445	2
4446	0
4447	0
4448	1
4449	3
4450	2
4451	0
4452	0
4453	2
4454	0
4455	1
4456	3
4457	3
4458	2
4459	0
4460	2
4461	0
4462	3
4463	0
4464	3
4465	3
4466	2
4467	3
4468	0
4469	2
4470	0
4471	2
4472	2
4473	3
4474	0
4475	2
4476	2
4477	3
4478	3
4479	3
4480	1
4481	1
4482	3
4483	0
4484	0
4485	0
4486	3
4487	3
4488	0
4489	2
4490	3
4491	0
4492	0
4493	2
4494	1
4495	0
4496	0
4497	0
4498	0
4499	0
4500	2
4501	1
4502	0
4503	0
4504	2
4505	2
4506	2
4507	0
4508	0
4509	3
4510	3
4511	2
4512	1
4513	0
4514	2
4515	1
4516	2
4517	3
4518	2
4519	1
4520	3
4521	0
4522	3
4523	0
4524	2
4525	0
4526	2
4527	0
4528	2
4529	2
4530	2
4531	0
4532	2
4533	0
4534	2
4535	0
4536	2
4537	0
4538	0
4539	0
4540	0
4541	0
4542	2
4543	0
4544	3
4545	0
4546	3
4547	1
4548	1
4549	2
4550	2
4551	0
4552	2
4553	0
4554	2
4555	0
4556	2
4557	0
4558	1
4559	0
4560	0
4561	2
4562	1
4563	3
4564	3
4565	0
4566	2
4567	2
4568	2
4569	2
4570	2
4571	2
4572	2
4573	0
4574	2
4575	3
4576	2
4577	0
4578	1
4579	0
4580	3
4581	0
4582	1
4583	1
4584	2
4585	0
4586	0
4587	0
4588	3
4589	2
4590	1
4591	0
4592	0
4593	0
4594	3
4595	3
4596	0
4597	0
4598	2
4599	1
4600	2
4601	0
4602	0
4603	0
4604	2
4605	0
4606	1
4607	0
4608	3
4609	0
4610	2
4611	2
4612	3
4613	3
4614	3
4615	3
4616	3
4617	0
4618	3
4619	0
4620	3
4621	2
4622	3
4623	0
4624	3
4625	3
4626	2
4627	3
4628	3
4629	3
4630	0
4631	0
4632	3
4633	3
4634	3
4635	1
4636	3
4637	3
4638	3
4639	3
4640	2
4641	0
4642	3
4643	0
4644	3
4645	0
4646	3
4647	0
4648	3
4649	0
4650	3
4651	3
4652	3
4653	3
4654	2
4655	3
4656	3
4657	0
4658	2
4659	2
4660	3
4661	3
4662	3
4663	3
4664	3
4665	3
4666	3
4667	0
4668	3
4669	1
4670	2
4671	3
4672	3
4673	0
4674	2
4675	2
4676	3
4677	2
4678	1
4679	2
4680	3
4681	2
4682	3
4683	2
4684	3
4685	0
4686	3
4687	3
4688	3
4689	3
4690	3
4691	3
4692	3
4693	3
4694	3
4695	2
4696	3
4697	3
4698	2
4699	0
4700	3
4701	2
4702	3
4703	3
4704	2
4705	3
4706	2
4707	1
4708	0
4709	3
4710	2
4711	3
4712	3
4713	0
4714	0
4715	2
4716	2
4717	3
4718	1
4719	0
4720	2
4721	3
4722	3
4723	1
4724	3
4725	2
4726	3
4727	0
4728	3
4729	0
4730	0
4731	3
4732	3
4733	0
4734	3
4735	0
4736	0
4737	1
4738	0
4739	3
4740	1
4741	2
4742	2
4743	3
4744	1
4745	0
4746	3
4747	3
4748	3
4749	3
4750	1
4751	3
4752	3
4753	0
4754	3
4755	0
4756	3
4757	0
4758	0
4759	2
4760	2
4761	2
4762	3
4763	0
4764	3
4765	0
4766	2
4767	3
4768	3
4769	1
4770	0
4771	2
4772	0
4773	2
4774	1
4775	3
4776	0
4777	1
4778	0
4779	3
4780	0
4781	1
4782	0
4783	3
4784	2
4785	3
4786	2
4787	2
4788	3
4789	2
4790	0
4791	1
4792	3
4793	1
4794	2
4795	3
4796	2
4797	0
4798	3
4799	3
4800	3
4801	3
4802	3
4803	0
4804	0
4805	3
4806	2
4807	2
4808	0
4809	3
4810	0
4811	2
4812	0
4813	2
4814	0
4815	2
4816	3
4817	3
4818	3
4819	2
4820	2
4821	2
4822	2
4823	0
4824	0
4825	3
4826	2
4827	0
4828	0
4829	0
4830	3
4831	3
4832	1
4833	0
4834	0
4835	1
4836	0
4837	3
4838	0
4839	0
4840	1
4841	3
4842	1
4843	0
4844	2
4845	3
4846	2
4847	1
4848	3
4849	0
4850	0
4851	3
4852	0
4853	2
4854	1
4855	3
4856	3
4857	2
4858	1
4859	3
4860	3
4861	0
4862	0
4863	0
4864	2
4865	0
4866	2
4867	0
4868	2
4869	0
4870	1
4871	2
4872	3
4873	0
4874	0
4875	0
4876	3
4877	3
4878	0
4879	3
4880	0
4881	3
4882	2
4883	0
4884	1
4885	2
4886	0
4887	2
4888	3
4889	2
4890	2
4891	0
4892	1
4893	0
4894	0
4895	2
4896	2
4897	0
4898	3
4899	1
4900	3
4901	3
4902	2
4903	3
4904	0
4905	0
4906	1
4907	2
4908	2
4909	2
4910	0
4911	3
4912	3
4913	0
4914	2
4915	1
4916	3
4917	3
4918	0
4919	3
4920	3
4921	0
4922	2
4923	3
4924	0
4925	0
4926	1
4927	0
4928	2
4929	2
4930	1
4931	2
4932	2
4933	1
4934	0
4935	3
4936	1
4937	3
4938	1
4939	2
4940	2
4941	1
4942	1
4943	3
4944	2
4945	3
4946	2
4947	3
4948	2
4949	3
4950	3
4951	2
4952	3
4953	0
4954	0
4955	2
4956	3
4957	2
4958	2
4959	0
4960	2
4961	2
4962	0
4963	3
4964	3
4965	0
4966	0
4967	2
4968	0
4969	0
4970	1
4971	2
4972	3
4973	0
4974	2
4975	1
4976	2
4977	3
4978	0
4979	3
4980	0
4981	2
4982	1
4983	0
4984	2
4985	3
4986	0
4987	1
4988	3
4989	1
4990	0
4991	3
4992	0
4993	3
4994	3
4995	3
4996	3
4997	0
4998	2
4999	2
5000	1
5001	3
5002	3
5003	2
5004	2
5005	2
5006	3
5007	0
5008	3
5009	2
5010	0
5011	3
5012	1
5013	2
5014	2
5015	2
5016	3
5017	3
5018	1
5019	2
5020	0
5021	3
5022	0
5023	1
5024	3
5025	2
5026	2
5027	2
5028	3
5029	0
5030	0
5031	1
5032	3
5033	1
5034	0
5035	0
5036	0
5037	0
5038	0
5039	2
5040	3
5041	3
5042	2
5043	0
5044	3
5045	1
5046	1
5047	0
5048	0
5049	0
5050	3
5051	2
5052	3
5053	3
5054	1
5055	2
5056	2
5057	1
5058	0
5059	3
5060	3
5061	0
5062	2
5063	0
5064	3
5065	0
5066	3
5067	3
5068	3
5069	0
5070	3
5071	3
5072	3
5073	3
5074	2
5075	3
5076	3
5077	3
5078	1
5079	0
5080	2
5081	3
5082	2
5083	0
5084	3
5085	3
5086	2
5087	3
5088	3
5089	3
5090	2
5091	0
5092	3
5093	2
5094	2
5095	0
5096	3
5097	3
5098	2
5099	3
5100	2
5101	1
5102	0
5103	2
5104	3
5105	0
5106	2
5107	0
5108	2
5109	2
5110	1
5111	1
5112	2
5113	3
5114	3
5115	3
5116	3
5117	1
5118	3
5119	2
5120	3
5121	3
5122	0
5123	0
5124	3
5125	0
5126	2
5127	3
5128	3
5129	3
5130	2
5131	3
5132	3
5133	3
5134	0
5135	3
5136	2
5137	0
5138	2
5139	3
5140	3
5141	2
5142	0
5143	3
5144	0
5145	0
5146	2
5147	0
5148	2
5149	2
5150	0
5151	3
5152	3
5153	1
5154	0
5155	1
5156	1
5157	3
5158	0
5159	2
5160	3
5161	2
5162	2
5163	3
5164	2
5165	1
5166	2
5167	3
5168	1
5169	2
5170	2
5171	3
5172	2
5173	1
5174	1
5175	0
5176	2
5177	3
5178	1
5179	0
5180	1
5181	3
5182	0
5183	3
5184	3
5185	2
5186	2
5187	0
5188	2
5189	3
5190	2
5191	1
5192	3
5193	3
5194	2
5195	0
5196	3
5197	0
5198	3
5199	0
5200	3
5201	3
5202	3
5203	3
5204	3
5205	0
5206	2
5207	3
5208	2
5209	0
5210	1
5211	3
5212	3
5213	0
5214	1
5215	3
5216	3
5217	0
5218	1
5219	3
5220	3
5221	0
5222	0
5223	1
5224	3
5225	0
5226	0
5227	3
5228	2
5229	0
5230	2
5231	2
5232	3
5233	2
5234	0
5235	0
5236	1
5237	3
5238	2
5239	0
5240	2
5241	0
5242	2
5243	0
5244	3
5245	3
5246	3
5247	2
5248	2
5249	3
5250	2
5251	2
5252	3
5253	1
5254	2
5255	2
5256	2
5257	0
5258	2
5259	2
5260	3
5261	2
5262	3
5263	0
5264	3
5265	2
5266	2
5267	2
5268	1
5269	3
5270	1
5271	0
5272	2
5273	2
5274	3
5275	0
5276	2
5277	3
5278	1
5279	0
5280	3
5281	3
5282	0
5283	0
5284	3
5285	0
5286	3
5287	2
5288	3
5289	2
5290	0
5291	0
5292	0
5293	3
5294	3
5295	1
5296	0
5297	2
5298	0
5299	3
5300	1
5301	0
5302	0
5303	3
5304	0
5305	1
5306	3
5307	3
5308	0
5309	0
5310	0
5311	2
5312	3
5313	2
5314	2
5315	0
5316	2
5317	3
5318	1
5319	3
5320	2
5321	1
5322	2
5323	1
5324	2
5325	3
5326	0
5327	0
5328	3
5329	2
5330	0
5331	2
5332	2
5333	3
5334	3
5335	3
5336	3
5337	3
5338	2
5339	1
5340	3
5341	3
5342	2
5343	3
5344	1
5345	0
5346	2
5347	2
5348	2
5349	3
5350	1
5351	3
5352	1
5353	3
5354	2
5355	3
5356	2
5357	0
5358	2
5359	2
5360	0
5361	1
5362	1
5363	3
5364	3
5365	3
5366	1
5367	2
5368	3
5369	1
5370	0
5371	3
5372	2
5373	0
5374	3
5375	0
5376	2
5377	3
5378	2
5379	0
5380	2
5381	2
5382	2
5383	3
5384	2
5385	3
5386	3
5387	3
5388	3
5389	0
5390	1
5391	2
5392	3
5393	2
5394	0
5395	2
5396	2
5397	1
5398	3
5399	0
5400	2
5401	1
5402	1
5403	2
5404	0
5405	2
5406	1
5407	3
5408	2
5409	1
5410	2
5411	3
5412	1
5413	3
5414	0
5415	2
5416	3
5417	2
5418	0
5419	3
5420	3
5421	3
5422	1
5423	1
5424	3
5425	3
5426	3
5427	2
5428	2
5429	3
5430	3
5431	3
5432	2
5433	3
5434	2
5435	3
5436	3
5437	3
5438	2
5439	3
5440	2
5441	3
5442	0
5443	3
5444	2
5445	3
5446	0
5447	2
5448	3
5449	3
5450	2
5451	3
5452	3
5453	3
5454	1
5455	3
5456	0
5457	3
5458	3
5459	1
5460	2
5461	3
5462	0
5463	3
5464	2
5465	3
5466	3
5467	3
5468	2
5469	3
5470	2
5471	2
5472	3
5473	0
5474	3
5475	0
5476	3
5477	3
5478	2
5479	3
5480	3
5481	2
5482	1
5483	0
5484	3
5485	2
5486	2
5487	3
5488	3
5489	3
5490	1
5491	3
5492	3
5493	0
5494	3
5495	2
5496	3
5497	1
5498	0
5499	3
5500	3
5501	1
5502	3
5503	3
5504	2
5505	2
5506	3
5507	3
5508	1
5509	2
5510	0
5511	0
5512	3
5513	2
5514	3
5515	3
5516	3
5517	0
5518	2
5519	3
5520	1
5521	3
5522	3
5523	1
5524	3
5525	2
5526	0
5527	3
5528	3
5529	2
5530	3
5531	3
5532	2
5533	2
5534	3
5535	2
5536	0
5537	3
5538	0
5539	3
5540	2
5541	3
5542	3
5543	1
5544	2
5545	3
5546	2
5547	1
5548	2
5549	1
5550	3
5551	3
5552	0
5553	1
5554	2
5555	3
5556	3
5557	3
5558	0
5559	3
5560	3
5561	1
5562	0
5563	3
5564	3
5565	3
5566	0
5567	3
5568	1
5569	0
5570	3
5571	2
5572	2
5573	0
5574	3
5575	1
5576	3
5577	2
5578	1
5579	0
5580	1
5581	2
5582	0
5583	3
5584	0
5585	3
5586	3
5587	0
5588	1
5589	2
5590	0
5591	3
5592	2
5593	2
5594	1
5595	2
5596	2
5597	1
5598	2
5599	0
5600	2
5601	2
5602	3
5603	0
5604	2
5605	2
5606	1
5607	0
5608	2
5609	0
5610	1
5611	1
5612	2
5613	3
5614	0
5615	0
5616	3
5617	0
5618	0
5619	0
5620	2
5621	1
5622	3
5623	2
5624	2
5625	2
5626	1
5627	1
5628	2
5629	2
5630	3
5631	2
5632	0
5633	0
5634	0
5635	2
5636	3
5637	0
5638	3
5639	3
5640	3
5641	3
5642	0
5643	0
5644	3
5645	3
5646	2
5647	0
5648	3
5649	2
5650	1
5651	1
5652	3
5653	2
5654	3
5655	3
5656	2
5657	2
5658	0
5659	2
5660	3
5661	3
5662	2
5663	3
5664	2
5665	3
5666	0
5667	1
5668	2
5669	2
5670	1
5671	0
5672	2
5673	2
5674	3
5675	3
5676	2
5677	2
5678	1
5679	3
5680	3
5681	3
5682	0
5683	3
5684	3
5685	1
5686	0
5687	3
5688	3
5689	2
5690	0
5691	0
5692	3
5693	0
5694	0
5695	3
5696	3
5697	3
5698	3
5699	2
5700	3
5701	3
5702	2
5703	3
5704	3
5705	1
5706	2
5707	2
5708	3
5709	0
5710	2
5711	3
5712	2
5713	3
5714	1
5715	3
5716	3
5717	3
5718	0
5719	2
5720	3
5721	2
5722	1
5723	1
5724	3
5725	0
5726	3
5727	2
5728	1
5729	3
5730	1
5731	3
5732	2
5733	3
5734	2
5735	2
5736	2
5737	2
5738	3
5739	2
5740	3
5741	3
5742	2
5743	2
5744	3
5745	2
5746	0
5747	2
5748	2
5749	3
5750	2
5751	2
5752	2
5753	2
5754	3
5755	0
5756	3
5757	3
5758	2
5759	0
5760	3
5761	3
5762	1
5763	0
5764	2
5765	0
5766	2
5767	0
5768	2
5769	3
5770	0
5771	0
5772	3
5773	1
5774	0
5775	0
5776	3
5777	1
5778	2
5779	0
5780	0
5781	0
5782	0
5783	0
5784	3
5785	3
5786	0
5787	0
5788	0
5789	2
5790	0
5791	0
5792	0
5793	3
5794	0
5795	0
5796	3
5797	2
5798	3
5799	3
5800	0
5801	2
5802	0
5803	0
5804	0
5805	3
5806	0
5807	0
5808	2
5809	2
5810	0
5811	2
5812	1
5813	3
5814	2
5815	2
5816	2
5817	2
5818	3
5819	2
5820	0
5821	3
5822	0
5823	1
5824	2
5825	2
5826	0
5827	0
5828	2
5829	3
5830	0
5831	0
5832	2
5833	3
5834	0
5835	0
5836	3
5837	3
5838	2
5839	0
5840	2
5841	3
5842	1
5843	3
5844	3
5845	3
5846	0
5847	0
5848	2
5849	3
5850	2
5851	0
5852	3
5853	3
5854	1
5855	0
5856	1
5857	3
5858	0
5859	0
5860	2
5861	1
5862	2
5863	3
5864	2
5865	1
5866	0
5867	0
5868	2
5869	3
5870	1
5871	0
5872	2
5873	2
5874	3
5875	2
5876	2
5877	3
5878	1
5879	2
5880	3
5881	0
5882	0
5883	2
5884	2
5885	1
5886	1
5887	0
5888	2
5889	2
5890	3
5891	3
5892	2
5893	2
5894	0
5895	3
5896	3
5897	2
5898	3
5899	1
5900	2
5901	2
5902	0
5903	3
5904	2
5905	3
5906	1
5907	3
5908	3
5909	3
5910	2
5911	2
5912	3
5913	3
5914	0
5915	3
5916	0
5917	3
5918	3
5919	2
5920	3
5921	2
5922	2
5923	0
5924	2
5925	1
5926	1
5927	2
5928	2
5929	2
5930	3
5931	0
5932	1
5933	3
5934	2
5935	3
5936	1
5937	2
5938	2
5939	2
5940	2
5941	2
5942	0
5943	0
5944	0
5945	3
5946	1
5947	2
5948	3
5949	3
5950	1
5951	3
5952	2
5953	2
5954	2
5955	2
5956	3
5957	3
5958	0
5959	2
5960	2
5961	3
5962	2
5963	0
5964	1
5965	3
5966	0
5967	1
5968	2
5969	3
5970	2
5971	2
5972	2
5973	1
5974	2
5975	0
5976	2
5977	0
5978	0
5979	3
5980	3
5981	0
5982	1
5983	0
5984	1
5985	3
5986	2
5987	0
5988	1
5989	3
5990	0
5991	0
5992	2
5993	3
5994	2
5995	0
5996	2
5997	2
5998	2
5999	0
6000	1
6001	3
6002	0
6003	0
6004	0
6005	0
6006	3
6007	0
6008	2
6009	2
6010	2
6011	0
6012	2
6013	3
6014	3
6015	0
6016	0
6017	2
6018	0
6019	0
6020	2
6021	3
6022	0
6023	3
6024	3
6025	2
6026	0
6027	0
6028	3
6029	1
6030	2
6031	3
6032	2
6033	2
6034	0
6035	1
6036	2
6037	2
6038	3
6039	3
6040	3
6041	3
6042	1
6043	2
6044	2
6045	2
6046	0
6047	3
6048	3
6049	3
6050	0
6051	3
6052	1
6053	3
6054	0
6055	1
6056	3
6057	2
6058	1
6059	3
6060	2
6061	2
6062	0
6063	3
6064	0
6065	2
6066	0
6067	0
6068	0
6069	3
6070	2
6071	3
6072	0
6073	3
6074	0
6075	0
6076	1
6077	1
6078	3
6079	2
6080	2
6081	2
6082	0
6083	3
6084	2
6085	2
6086	3
6087	0
6088	3
6089	3
6090	3
6091	1
6092	3
6093	3
6094	3
6095	2
6096	2
6097	2
6098	0
6099	0
6100	3
6101	3
6102	3
6103	0
6104	3
6105	2
6106	3
6107	2
6108	2
6109	2
6110	3
6111	1
6112	2
6113	3
6114	3
6115	0
6116	2
6117	2
6118	3
6119	0
6120	2
6121	1
6122	2
6123	0
6124	3
6125	2
6126	3
6127	0
6128	0
6129	1
6130	3
6131	0
6132	0
6133	1
6134	0
6135	0
6136	2
6137	0
6138	3
6139	0
6140	3
6141	0
6142	0
6143	2
6144	2
6145	3
6146	2
6147	2
6148	3
6149	2
6150	2
6151	0
6152	0
6153	3
6154	0
6155	0
6156	0
6157	3
6158	2
6159	1
6160	3
6161	3
6162	2
6163	2
6164	1
6165	1
6166	2
6167	3
6168	0
6169	3
6170	2
6171	2
6172	3
6173	3
6174	3
6175	3
6176	3
6177	3
6178	2
6179	3
6180	3
6181	0
6182	2
6183	0
6184	0
6185	2
6186	3
6187	3
6188	0
6189	3
6190	0
6191	1
6192	3
6193	2
6194	0
6195	3
6196	2
6197	2
6198	0
6199	2
6200	1
6201	0
6202	0
6203	3
6204	0
6205	2
6206	2
6207	3
6208	3
6209	3
6210	0
6211	3
6212	1
6213	3
6214	2
6215	2
6216	3
6217	3
6218	2
6219	0
6220	3
6221	0
6222	2
6223	1
6224	0
6225	0
6226	3
6227	2
6228	3
6229	0
6230	1
6231	1
6232	3
6233	0
6234	0
6235	2
6236	3
6237	0
6238	3
6239	3
6240	2
6241	0
6242	2
6243	1
6244	2
6245	1
6246	0
6247	2
6248	0
6249	3
6250	1
6251	3
6252	2
6253	3
6254	2
6255	3
6256	3
6257	0
6258	2
6259	0
6260	2
6261	0
6262	1
6263	3
6264	3
6265	0
6266	2
6267	0
6268	0
6269	1
6270	0
6271	0
6272	3
6273	3
6274	1
6275	3
6276	0
6277	2
6278	2
6279	1
6280	0
6281	2
6282	0
6283	0
6284	3
6285	1
6286	3
6287	1
6288	3
6289	3
6290	0
6291	2
6292	2
6293	3
6294	2
6295	3
6296	2
6297	3
6298	2
6299	3
6300	2
6301	3
6302	2
6303	0
6304	2
6305	3
6306	0
6307	2
6308	0
6309	3
6310	1
6311	2
6312	3
6313	3
6314	2
6315	0
6316	3
6317	2
6318	3
6319	0
6320	3
6321	2
6322	1
6323	0
6324	2
6325	3
6326	3
6327	2
6328	2
6329	3
6330	2
6331	0
6332	3
6333	0
6334	0
6335	0
6336	3
6337	1
6338	2
6339	3
6340	3
6341	0
6342	1
6343	0
6344	2
6345	3
6346	0
6347	3
6348	1
6349	0
6350	0
6351	1
6352	2
6353	2
6354	0
6355	0
6356	0
6357	2
6358	0
6359	0
6360	2
6361	3
6362	2
6363	2
6364	3
6365	1
6366	1
6367	3
6368	3
6369	0
6370	0
6371	3
6372	3
6373	0
6374	0
6375	3
6376	3
6377	3
6378	2
6379	0
6380	3
6381	0
6382	1
6383	3
6384	3
6385	3
6386	2
6387	3
6388	2
6389	3
6390	2
6391	3
6392	3
6393	1
6394	2
6395	2
6396	2
6397	3
6398	2
6399	3
6400	3
6401	1
6402	0
6403	1
6404	3
6405	2
6406	2
6407	3
6408	3
6409	3
6410	3
6411	2
6412	3
6413	3
6414	3
6415	0
6416	1
6417	0
6418	0
6419	2
6420	3
6421	0
6422	1
6423	3
6424	1
6425	0
6426	3
6427	2
6428	2
6429	0
6430	2
6431	0
6432	1
6433	1
6434	2
6435	2
6436	3
6437	3
6438	0
6439	2
6440	2
6441	3
6442	3
6443	2
6444	2
6445	3
6446	0
6447	2
6448	3
6449	0
6450	0
6451	3
6452	2
6453	3
6454	0
6455	1
6456	3
6457	3
6458	3
6459	2
6460	2
6461	3
6462	3
6463	0
6464	2
6465	2
6466	3
6467	2
6468	3
6469	3
6470	2
6471	0
6472	2
6473	0
6474	2
6475	0
6476	2
6477	0
6478	2
6479	0
6480	2
6481	2
6482	3
6483	2
6484	3
6485	0
6486	1
6487	2
6488	1
6489	0
6490	0
6491	3
6492	3
6493	0
6494	2
6495	2
6496	0
6497	3
6498	2
6499	2
6500	0
6501	3
6502	2
6503	2
6504	3
6505	0
6506	3
6507	3
6508	2
6509	3
6510	1
6511	2
6512	0
6513	2
6514	3
6515	0
6516	1
6517	3
6518	3
6519	2
6520	3
6521	2
6522	3
6523	3
6524	2
6525	2
6526	1
6527	3
6528	2
6529	0
6530	2
6531	3
6532	2
6533	2
6534	3
6535	2
6536	3
6537	2
6538	2
6539	1
6540	2
6541	2
6542	2
6543	3
6544	3
6545	3
6546	0
6547	1
6548	2
6549	3
6550	3
6551	2
6552	1
6553	1
6554	0
6555	2
6556	2
6557	3
6558	2
6559	2
6560	3
6561	2
6562	1
6563	3
6564	3
6565	3
6566	1
6567	1
6568	3
6569	3
6570	3
6571	0
6572	2
6573	2
6574	3
6575	3
6576	3
6577	2
6578	3
6579	2
6580	2
6581	2
6582	3
6583	3
6584	3
6585	3
6586	1
6587	3
6588	0
6589	0
6590	3
6591	2
6592	0
6593	0
6594	3
6595	3
6596	0
6597	1
6598	2
6599	3
6600	0
6601	3
6602	2
6603	0
6604	1
6605	3
6606	1
6607	0
6608	0
6609	3
6610	2
6611	3
6612	2
6613	2
6614	2
6615	0
6616	2
6617	2
6618	0
6619	3
6620	2
6621	2
6622	2
6623	3
6624	2
6625	0
6626	2
6627	3
6628	0
6629	0
6630	3
6631	3
6632	3
6633	1
6634	3
6635	3
6636	3
6637	0
6638	3
6639	0
6640	3
6641	1
6642	0
6643	3
6644	0
6645	2
6646	0
6647	3
6648	1
6649	3
6650	2
6651	2
6652	2
6653	0
6654	0
6655	0
6656	3
6657	0
6658	0
6659	3
6660	3
6661	2
6662	1
6663	3
6664	1
6665	3
6666	3
6667	3
6668	3
6669	0
6670	3
6671	2
6672	1
6673	0
6674	2
6675	0
6676	3
6677	0
6678	0
6679	3
6680	0
6681	0
6682	0
6683	2
6684	1
6685	1
6686	3
6687	1
6688	3
6689	0
6690	0
6691	0
6692	2
6693	0
6694	0
6695	2
6696	3
6697	0
6698	0
6699	2
6700	3
6701	0
6702	0
6703	0
6704	3
6705	0
6706	2
6707	2
6708	0
6709	0
6710	0
6711	3
6712	0
6713	2
6714	3
6715	3
6716	2
6717	0
6718	3
6719	2
6720	3
6721	0
6722	3
6723	3
6724	3
6725	0
6726	3
6727	3
6728	2
6729	0
6730	3
6731	3
6732	2
6733	1
6734	2
6735	3
6736	3
6737	0
6738	2
6739	0
6740	3
6741	1
6742	2
6743	3
6744	2
6745	0
6746	3
6747	3
6748	1
6749	0
6750	2
6751	0
6752	0
6753	0
6754	0
6755	3
6756	0
6757	0
6758	3
6759	3
6760	3
6761	0
6762	2
6763	0
6764	3
6765	0
6766	0
6767	1
6768	1
6769	0
6770	2
6771	0
6772	2
6773	0
6774	2
6775	0
6776	0
6777	0
6778	2
6779	1
6780	3
6781	0
6782	2
6783	2
6784	2
6785	0
6786	3
6787	0
6788	3
6789	0
6790	3
6791	2
6792	1
6793	0
6794	2
6795	3
6796	3
6797	0
6798	3
6799	0
6800	0
6801	0
6802	2
6803	0
6804	3
6805	0
6806	3
6807	1
6808	3
6809	0
6810	3
6811	3
6812	2
6813	0
6814	3
6815	0
6816	3
6817	0
6818	0
6819	3
6820	2
6821	2
6822	0
6823	3
6824	0
6825	0
6826	3
6827	2
6828	2
6829	0
6830	3
6831	1
6832	3
6833	0
6834	3
6835	2
6836	2
6837	0
6838	2
6839	0
6840	3
6841	0
6842	2
6843	3
6844	0
6845	0
6846	3
6847	3
6848	2
6849	3
6850	2
6851	2
6852	2
6853	2
6854	2
6855	1
6856	2
6857	0
6858	3
6859	0
6860	2
6861	1
6862	0
6863	3
6864	2
6865	0
6866	2
6867	3
6868	2
6869	3
6870	0
6871	3
6872	2
6873	0
6874	3
6875	3
6876	3
6877	2
6878	0
6879	3
6880	2
6881	0
6882	3
6883	0
6884	3
6885	3
6886	3
6887	3
6888	2
6889	0
6890	2
6891	0
6892	1
6893	0
6894	2
6895	0
6896	2
6897	0
6898	0
6899	2
6900	2
6901	3
6902	0
6903	1
6904	2
6905	0
6906	3
6907	3
6908	0
6909	0
6910	2
6911	0
6912	3
6913	2
6914	3
6915	3
6916	2
6917	1
6918	3
6919	2
6920	3
6921	1
6922	2
6923	3
6924	2
6925	2
6926	1
6927	2
6928	3
6929	3
6930	2
6931	3
6932	2
6933	2
6934	0
6935	3
6936	3
6937	3
6938	0
6939	0
6940	3
6941	3
6942	3
6943	1
6944	3
6945	3
6946	0
6947	2
6948	0
6949	0
6950	2
6951	2
6952	3
6953	0
6954	2
6955	2
6956	2
6957	0
6958	1
6959	2
6960	0
6961	1
6962	3
6963	3
6964	3
6965	1
6966	0
6967	1
6968	0
6969	0
6970	2
6971	3
6972	3
6973	2
6974	3
6975	3
6976	1
6977	3
6978	0
6979	3
6980	0
6981	3
6982	0
6983	2
6984	0
6985	3
6986	0
6987	3
6988	3
6989	3
6990	0
6991	3
6992	1
6993	2
6994	1
6995	3
6996	1
6997	3
6998	2
6999	3
7000	1
7001	1
7002	0
7003	3
7004	3
7005	2
7006	3
7007	3
7008	0
7009	0
7010	0
7011	0
7012	3
7013	3
7014	0
7015	2
7016	3
7017	1
7018	2
7019	0
7020	1
7021	3
7022	0
7023	3
7024	3
7025	0
7026	2
7027	3
7028	0
7029	0
7030	1
7031	3
7032	3
7033	1
7034	1
7035	0
7036	2
7037	2
7038	0
7039	3
7040	0
7041	2
7042	0
7043	0
7044	2
7045	3
7046	1
7047	2
7048	3
7049	2
7050	1
7051	2
7052	3
7053	1
7054	3
7055	2
7056	2
7057	2
7058	0
7059	3
7060	0
7061	2
7062	3
7063	0
7064	0
7065	0
7066	3
7067	3
7068	3
7069	0
7070	2
7071	3
7072	3
7073	2
7074	1
7075	3
7076	1
7077	2
7078	3
7079	3
7080	3
7081	3
7082	3
7083	2
7084	3
7085	3
7086	0
7087	3
7088	3
7089	3
7090	2
7091	2
7092	2
7093	2
7094	2
7095	1
7096	2
7097	3
7098	0
7099	3
7100	1
7101	3
7102	2
7103	3
7104	3
7105	0
7106	0
7107	3
7108	0
7109	3
7110	3
7111	2
7112	3
7113	3
7114	2
7115	3
7116	3
7117	0
7118	1
7119	3
7120	1
7121	2
7122	3
7123	3
7124	2
7125	3
7126	1
7127	3
7128	1
7129	2
7130	0
7131	0
7132	0
7133	2
7134	2
7135	3
7136	3
7137	3
7138	0
7139	3
7140	3
7141	3
7142	3
7143	3
7144	3
7145	1
7146	2
7147	3
7148	0
7149	3
7150	0
7151	3
7152	3
7153	0
7154	1
7155	3
7156	2
7157	0
7158	2
7159	3
7160	2
7161	3
7162	3
7163	3
7164	3
7165	0
7166	0
7167	3
7168	0
7169	3
7170	0
7171	3
7172	2
7173	3
7174	3
7175	3
7176	0
7177	2
7178	3
7179	1
7180	0
7181	2
7182	3
7183	3
7184	3
7185	0
7186	3
7187	0
7188	3
7189	1
7190	2
7191	0
7192	2
7193	2
7194	3
7195	0
7196	3
7197	2
7198	0
7199	2
7200	2
7201	2
7202	3
7203	0
7204	1
7205	1
7206	0
7207	0
7208	3
7209	2
7210	3
7211	3
7212	3
7213	3
7214	3
7215	3
7216	2
7217	0
7218	0
7219	0
7220	3
7221	1
7222	0
7223	2
7224	3
7225	0
7226	2
7227	3
7228	3
7229	0
7230	2
7231	3
7232	3
7233	2
7234	3
7235	0
7236	2
7237	2
7238	0
7239	3
7240	2
7241	3
7242	0
7243	0
7244	2
7245	3
7246	3
7247	3
7248	1
7249	2
7250	2
7251	2
7252	1
7253	2
7254	1
7255	3
7256	3
7257	2
7258	2
7259	3
7260	3
7261	3
7262	2
7263	3
7264	3
7265	1
7266	0
7267	0
7268	0
7269	2
7270	2
7271	0
7272	2
7273	0
7274	2
7275	3
7276	3
7277	0
7278	2
7279	0
7280	3
7281	1
7282	2
7283	1
7284	3
7285	1
7286	2
7287	2
7288	2
7289	0
7290	1
7291	1
7292	3
7293	0
7294	0
7295	3
7296	0
7297	0
7298	0
7299	2
7300	2
7301	2
7302	2
7303	3
7304	2
7305	2
7306	2
7307	2
7308	2
7309	2
7310	0
7311	1
7312	2
7313	0
7314	0
7315	2
7316	3
7317	1
7318	0
7319	3
7320	0
7321	0
7322	2
7323	3
7324	2
7325	3
7326	0
7327	0
7328	3
7329	2
7330	0
7331	3
7332	3
7333	0
7334	0
7335	3
7336	3
7337	2
7338	0
7339	2
7340	3
7341	2
7342	2
7343	3
7344	2
7345	0
7346	0
7347	2
7348	2
7349	0
7350	2
7351	3
7352	2
7353	0
7354	3
7355	3
7356	3
7357	0
7358	0
7359	0
7360	3
7361	2
7362	2
7363	0
7364	2
7365	1
7366	0
7367	0
7368	3
7369	1
7370	2
7371	1
7372	3
7373	0
7374	2
7375	0
7376	3
7377	3
7378	1
7379	0
7380	3
7381	0
7382	2
7383	3
7384	3
7385	2
7386	2
7387	3
7388	2
7389	3
7390	2
7391	3
7392	3
7393	2
7394	2
7395	3
7396	3
7397	2
7398	3
7399	0
7400	3
7401	0
7402	2
7403	0
7404	3
7405	0
7406	0
7407	3
7408	3
7409	2
7410	3
7411	0
7412	3
7413	2
7414	3
7415	2
7416	3
7417	2
7418	3
7419	3
7420	3
7421	1
7422	3
7423	0
7424	3
7425	0
7426	3
7427	0
7428	2
7429	1
7430	3
7431	3
7432	3
7433	0
7434	3
7435	2
7436	3
7437	0
7438	2
7439	2
7440	2
7441	0
7442	1
7443	0
7444	3
7445	2
7446	2
7447	2
7448	2
7449	0
7450	2
7451	0
7452	3
7453	3
7454	2
7455	0
7456	2
7457	1
7458	1
7459	0
7460	3
7461	3
7462	0
7463	0
7464	0
7465	2
7466	2
7467	2
7468	2
7469	2
7470	2
7471	2
7472	3
7473	0
7474	0
7475	3
7476	2
7477	2
7478	0
7479	2
7480	3
7481	0
7482	0
7483	3
7484	2
7485	0
7486	2
7487	2
7488	3
7489	2
7490	0
7491	2
7492	3
7493	0
7494	2
7495	1
7496	3
7497	3
7498	3
7499	3
7500	3
7501	2
7502	3
7503	3
7504	3
7505	3
7506	0
7507	1
7508	3
7509	2
7510	2
7511	3
7512	2
7513	2
7514	2
7515	3
7516	0
7517	3
7518	2
7519	3
7520	3
7521	0
7522	0
7523	0
7524	3
7525	2
7526	0
7527	0
7528	1
7529	1
7530	2
7531	3
7532	1
7533	3
7534	2
7535	3
7536	2
7537	3
7538	2
7539	3
7540	0
7541	1
7542	2
7543	0
7544	3
7545	2
7546	0
7547	0
7548	2
7549	2
7550	1
7551	0
7552	3
7553	3
7554	3
7555	0
7556	2
7557	2
7558	3
7559	0
7560	2
7561	3
7562	3
7563	1
7564	2
7565	0
7566	2
7567	0
7568	3
7569	3
7570	0
7571	2
7572	3
7573	2
7574	3
7575	2
7576	2
7577	2
7578	3
7579	0
7580	3
7581	1
7582	2
7583	0
7584	2
7585	0
7586	2
7587	1
7588	2
7589	2
7590	3
7591	2
7592	3
7593	2
7594	0
7595	1
7596	2
7597	3
7598	3
7599	0
7600	3
7601	3
7602	2
7603	3
7604	0
7605	3
7606	2
7607	1
7608	1
7609	2
7610	2
7611	1
7612	0
7613	2
7614	1
7615	0
7616	3
7617	1
7618	3
7619	0
7620	0
7621	3
7622	3
7623	3
7624	3
7625	2
7626	3
7627	1
7628	0
7629	2
7630	3
7631	0
7632	0
7633	1
7634	2
7635	0
7636	0
7637	0
7638	3
7639	0
7640	3
7641	3
7642	3
7643	3
7644	3
7645	0
7646	3
7647	2
7648	2
7649	3
7650	3
7651	2
7652	3
7653	2
7654	1
7655	1
7656	0
7657	0
7658	3
7659	1
7660	3
7661	2
7662	2
7663	0
7664	2
7665	3
7666	3
7667	3
7668	0
7669	3
7670	3
7671	3
7672	3
7673	3
7674	3
7675	3
7676	2
7677	2
7678	3
7679	1
7680	3
7681	2
7682	2
7683	1
7684	3
7685	2
7686	2
7687	3
7688	2
7689	0
7690	2
7691	3
7692	3
7693	3
7694	2
7695	3
7696	3
7697	0
7698	2
7699	1
7700	3
7701	1
7702	3
7703	3
7704	2
7705	0
7706	2
7707	1
7708	0
7709	1
7710	3
7711	3
7712	0
7713	2
7714	2
7715	3
7716	3
7717	3
7718	3
7719	3
7720	0
7721	0
7722	3
7723	2
7724	2
7725	0
7726	0
7727	3
7728	3
7729	0
7730	2
7731	3
7732	2
7733	0
7734	3
7735	2
7736	2
7737	1
7738	0
7739	3
7740	1
7741	2
7742	2
7743	2
7744	3
7745	2
7746	3
7747	3
7748	3
7749	3
7750	1
7751	3
7752	1
7753	3
7754	0
7755	1
7756	3
7757	2
7758	2
7759	3
7760	3
7761	2
7762	2
7763	0
7764	3
7765	3
7766	2
7767	0
7768	2
7769	0
7770	2
7771	1
7772	2
7773	1
7774	3
7775	0
7776	3
7777	3
7778	2
7779	1
7780	3
7781	0
7782	0
7783	0
7784	0
7785	1
7786	1
7787	3
7788	3
7789	2
7790	0
7791	2
7792	2
7793	2
7794	1
7795	3
7796	1
7797	2
7798	3
7799	2
7800	2
7801	2
7802	0
7803	0
7804	3
7805	2
7806	1
7807	1
7808	2
7809	0
7810	2
7811	0
7812	3
7813	0
7814	2
7815	2
7816	2
7817	0
7818	2
7819	1
7820	3
7821	2
7822	1
7823	0
7824	0
7825	0
7826	1
7827	2
7828	3
7829	0
7830	0
7831	2
7832	3
7833	0
7834	3
7835	3
7836	3
7837	0
7838	2
7839	2
7840	2
7841	3
7842	1
7843	1
7844	3
7845	3
7846	0
7847	2
7848	3
7849	0
7850	0
7851	0
7852	3
7853	0
7854	1
7855	3
7856	3
7857	2
7858	3
7859	0
7860	2
7861	0
7862	2
7863	3
7864	2
7865	3
7866	0
7867	3
7868	3
7869	1
7870	0
7871	2
7872	3
7873	0
7874	2
7875	2
7876	2
7877	1
7878	2
7879	2
7880	0
7881	0
7882	2
7883	2
7884	3
7885	0
7886	2
7887	1
7888	2
7889	0
7890	2
7891	3
7892	0
7893	0
7894	3
7895	2
7896	3
7897	2
7898	2
7899	3
7900	3
7901	0
7902	3
7903	3
7904	3
7905	3
7906	3
7907	1
7908	3
7909	0
7910	0
7911	3
7912	0
7913	0
7914	0
7915	2
7916	3
7917	0
7918	0
7919	1
7920	3
7921	3
7922	0
7923	2
7924	3
7925	3
7926	0
7927	3
7928	0
7929	0
7930	3
7931	3
7932	3
7933	1
7934	2
7935	0
7936	3
7937	3
7938	3
7939	0
7940	3
7941	2
7942	3
7943	0
7944	2
7945	0
7946	3
7947	3
7948	3
7949	3
7950	0
7951	3
7952	3
7953	2
7954	0
7955	2
7956	3
7957	1
7958	2
7959	2
7960	2
7961	3
7962	2
7963	0
7964	0
7965	3
7966	0
7967	3
7968	3
7969	3
7970	3
7971	3
7972	0
7973	3
7974	0
7975	2
7976	3
7977	0
7978	2
7979	3
7980	3
7981	1
7982	0
7983	1
7984	3
7985	2
7986	2
7987	3
7988	0
7989	2
7990	1
7991	0
7992	3
7993	2
7994	2
7995	3
7996	3
7997	2
7998	3
7999	3
8000	2
8001	3
8002	2
8003	3
8004	3
8005	2
8006	0
8007	3
8008	2
8009	3
8010	2
8011	3
8012	1
8013	3
8014	0
8015	3
8016	3
8017	2
8018	3
8019	1
8020	3
8021	0
8022	1
8023	3
8024	3
8025	3
8026	2
8027	3
8028	2
8029	3
8030	3
8031	3
8032	1
8033	3
8034	2
8035	0
8036	0
8037	3
8038	0
8039	3
8040	2
8041	3
8042	2
8043	3
8044	2
8045	3
8046	2
8047	2
8048	2
8049	3
8050	2
8051	3
8052	2
8053	3
8054	1
8055	3
8056	2
8057	3
8058	0
8059	3
8060	3
8061	2
8062	2
8063	0
8064	2
8065	2
8066	3
8067	0
8068	2
8069	2
8070	3
8071	0
8072	1
8073	2
8074	0
8075	1
8076	3
8077	3
8078	3
8079	2
8080	3
8081	2
8082	2
8083	0
8084	0
8085	0
8086	3
8087	2
8088	2
8089	2
8090	1
8091	0
8092	3
8093	2
8094	2
8095	2
8096	2
8097	3
8098	0
8099	2
8100	3
8101	2
8102	1
8103	1
8104	1
8105	2
8106	2
8107	1
8108	2
8109	3
8110	0
8111	1
8112	1
8113	2
8114	0
8115	2
8116	3
8117	2
8118	0
8119	1
8120	3
8121	2
8122	2
8123	1
8124	2
8125	2
8126	3
8127	2
8128	0
8129	0
8130	0
8131	2
8132	1
8133	0
8134	3
8135	3
8136	2
8137	2
8138	1
8139	1
8140	0
8141	0
8142	1
8143	3
8144	3
8145	1
8146	0
8147	3
8148	2
8149	0
8150	2
8151	2
8152	2
8153	2
8154	2
8155	0
8156	3
8157	1
8158	2
8159	2
8160	2
8161	3
8162	2
8163	0
8164	2
8165	3
8166	3
8167	0
8168	1
8169	0
8170	2
8171	0
8172	3
8173	3
8174	0
8175	1
8176	0
8177	1
8178	3
8179	2
8180	3
8181	2
8182	3
8183	3
8184	3
8185	3
8186	0
8187	1
8188	3
8189	0
8190	0
8191	0
