COMMAND
./sim gshare 11 9 ./proj2-traces/gcc_trace.txt
OUTPUT
number of predictions:2000000
number of mispredictions:345512
misprediction rate:   17.28%
FINAL GSHARE CONTENTS
0	0
1	0
2	3
3	3
4	3
5	1
6	0
7	3
8	2
9	3
10	0
11	3
12	0
13	3
14	0
15	3
16	0
17	3
18	0
19	3
20	0
21	1
22	3
23	2
24	0
25	3
26	2
27	0
28	0
29	3
30	3
31	3
32	3
33	3
34	3
35	2
36	3
37	3
38	0
39	3
40	0
41	2
42	3
43	3
44	2
45	3
46	0
47	3
48	3
49	3
50	0
51	3
52	3
53	1
54	3
55	2
56	3
57	3
58	3
59	1
60	3
61	0
62	0
63	0
64	0
65	3
66	2
67	0
68	3
69	2
70	3
71	1
72	2
73	3
74	0
75	0
76	3
77	0
78	0
79	0
80	0
81	2
82	0
83	3
84	3
85	0
86	0
87	0
88	3
89	0
90	3
91	2
92	0
93	0
94	0
95	3
96	3
97	3
98	0
99	0
100	2
101	3
102	0
103	3
104	0
105	3
106	0
107	3
108	1
109	3
110	0
111	3
112	3
113	3
114	2
115	0
116	0
117	3
118	2
119	3
120	1
121	0
122	3
123	3
124	0
125	1
126	0
127	0
128	0
129	0
130	0
131	3
132	0
133	0
134	3
135	3
136	0
137	3
138	0
139	3
140	0
141	2
142	3
143	0
144	1
145	0
146	0
147	0
148	3
149	3
150	2
151	0
152	0
153	1
154	0
155	0
156	0
157	0
158	1
159	0
160	0
161	3
162	3
163	3
164	0
165	3
166	3
167	3
168	2
169	0
170	0
171	3
172	0
173	2
174	0
175	0
176	3
177	0
178	0
179	0
180	0
181	0
182	3
183	0
184	3
185	3
186	0
187	0
188	2
189	3
190	1
191	3
192	3
193	0
194	3
195	0
196	0
197	0
198	3
199	0
200	3
201	0
202	3
203	3
204	3
205	0
206	3
207	3
208	1
209	0
210	3
211	3
212	1
213	1
214	3
215	2
216	1
217	2
218	0
219	0
220	3
221	3
222	3
223	0
224	0
225	2
226	3
227	3
228	0
229	0
230	3
231	3
232	1
233	0
234	0
235	2
236	0
237	3
238	0
239	3
240	0
241	3
242	0
243	1
244	3
245	3
246	3
247	3
248	2
249	3
250	3
251	1
252	3
253	0
254	0
255	2
256	3
257	3
258	3
259	0
260	3
261	3
262	0
263	0
264	2
265	0
266	0
267	0
268	3
269	3
270	0
271	3
272	0
273	0
274	0
275	0
276	0
277	0
278	0
279	3
280	0
281	0
282	3
283	0
284	0
285	2
286	2
287	2
288	0
289	0
290	0
291	3
292	0
293	1
294	3
295	2
296	0
297	0
298	2
299	1
300	0
301	0
302	0
303	0
304	0
305	0
306	0
307	3
308	0
309	0
310	1
311	1
312	0
313	3
314	3
315	0
316	2
317	0
318	3
319	0
320	2
321	3
322	0
323	3
324	0
325	3
326	0
327	1
328	3
329	3
330	2
331	1
332	2
333	0
334	3
335	0
336	1
337	1
338	1
339	2
340	0
341	0
342	0
343	0
344	0
345	1
346	0
347	3
348	2
349	3
350	0
351	3
352	2
353	2
354	3
355	1
356	2
357	0
358	0
359	0
360	0
361	3
362	3
363	0
364	3
365	0
366	0
367	2
368	2
369	0
370	3
371	0
372	0
373	0
374	2
375	1
376	3
377	3
378	0
379	1
380	3
381	2
382	3
383	3
384	0
385	0
386	3
387	0
388	0
389	0
390	0
391	1
392	3
393	3
394	0
395	0
396	3
397	3
398	0
399	1
400	3
401	3
402	3
403	3
404	0
405	1
406	0
407	0
408	3
409	0
410	0
411	0
412	3
413	0
414	0
415	3
416	3
417	1
418	3
419	3
420	1
421	0
422	3
423	2
424	0
425	3
426	0
427	2
428	3
429	0
430	3
431	0
432	3
433	0
434	3
435	3
436	0
437	0
438	3
439	3
440	0
441	0
442	3
443	0
444	3
445	1
446	2
447	3
448	3
449	0
450	0
451	0
452	3
453	1
454	0
455	3
456	3
457	3
458	1
459	3
460	1
461	0
462	0
463	1
464	0
465	2
466	1
467	0
468	0
469	0
470	3
471	3
472	0
473	2
474	3
475	0
476	2
477	3
478	0
479	3
480	0
481	3
482	2
483	3
484	3
485	0
486	3
487	0
488	0
489	1
490	0
491	0
492	0
493	0
494	0
495	3
496	2
497	1
498	0
499	0
500	1
501	0
502	0
503	1
504	0
505	0
506	0
507	0
508	0
509	3
510	0
511	3
512	2
513	3
514	3
515	0
516	0
517	0
518	0
519	0
520	0
521	3
522	3
523	1
524	0
525	2
526	0
527	0
528	0
529	2
530	3
531	1
532	0
533	1
534	0
535	0
536	0
537	2
538	0
539	1
540	0
541	0
542	0
543	0
544	0
545	3
546	3
547	0
548	0
549	0
550	2
551	3
552	3
553	2
554	2
555	0
556	0
557	1
558	2
559	0
560	0
561	3
562	3
563	0
564	0
565	2
566	3
567	0
568	2
569	0
570	3
571	0
572	0
573	0
574	0
575	1
576	2
577	3
578	0
579	0
580	3
581	0
582	3
583	0
584	2
585	0
586	0
587	0
588	3
589	0
590	2
591	3
592	0
593	0
594	0
595	3
596	0
597	0
598	3
599	1
600	3
601	0
602	3
603	3
604	0
605	3
606	0
607	3
608	3
609	0
610	0
611	0
612	0
613	0
614	3
615	2
616	0
617	0
618	0
619	1
620	3
621	1
622	0
623	1
624	0
625	0
626	1
627	1
628	0
629	0
630	3
631	0
632	1
633	0
634	0
635	1
636	3
637	0
638	0
639	3
640	2
641	3
642	0
643	1
644	0
645	3
646	0
647	2
648	0
649	1
650	1
651	0
652	0
653	0
654	0
655	1
656	0
657	0
658	0
659	2
660	0
661	1
662	2
663	0
664	1
665	0
666	0
667	1
668	0
669	0
670	0
671	0
672	3
673	2
674	0
675	1
676	3
677	0
678	0
679	3
680	3
681	3
682	3
683	3
684	0
685	1
686	0
687	0
688	3
689	3
690	0
691	0
692	3
693	0
694	0
695	3
696	3
697	2
698	0
699	0
700	1
701	3
702	3
703	3
704	0
705	0
706	0
707	0
708	0
709	3
710	0
711	3
712	0
713	1
714	0
715	3
716	0
717	2
718	0
719	0
720	0
721	0
722	3
723	1
724	0
725	0
726	0
727	0
728	0
729	2
730	0
731	3
732	0
733	2
734	0
735	3
736	0
737	1
738	2
739	1
740	0
741	3
742	3
743	0
744	0
745	0
746	3
747	0
748	3
749	2
750	1
751	1
752	0
753	0
754	0
755	0
756	0
757	0
758	0
759	3
760	2
761	1
762	3
763	2
764	2
765	0
766	0
767	0
768	3
769	0
770	0
771	3
772	1
773	0
774	0
775	2
776	3
777	3
778	2
779	2
780	0
781	3
782	0
783	1
784	0
785	2
786	3
787	0
788	3
789	3
790	3
791	0
792	3
793	3
794	3
795	0
796	1
797	3
798	1
799	3
800	1
801	3
802	0
803	0
804	0
805	0
806	0
807	3
808	0
809	3
810	3
811	1
812	0
813	3
814	0
815	3
816	3
817	0
818	0
819	0
820	0
821	0
822	0
823	0
824	0
825	3
826	0
827	3
828	0
829	0
830	0
831	3
832	0
833	3
834	1
835	2
836	0
837	0
838	2
839	0
840	0
841	2
842	1
843	2
844	0
845	3
846	0
847	2
848	0
849	0
850	3
851	2
852	0
853	3
854	3
855	2
856	0
857	0
858	3
859	0
860	1
861	1
862	0
863	2
864	0
865	0
866	2
867	0
868	1
869	0
870	0
871	0
872	3
873	0
874	0
875	3
876	1
877	0
878	3
879	3
880	0
881	1
882	3
883	3
884	1
885	0
886	0
887	2
888	1
889	1
890	0
891	3
892	3
893	0
894	3
895	0
896	0
897	2
898	0
899	0
900	0
901	0
902	3
903	0
904	0
905	0
906	0
907	3
908	3
909	0
910	0
911	0
912	1
913	1
914	0
915	3
916	2
917	3
918	1
919	0
920	0
921	2
922	2
923	3
924	3
925	3
926	3
927	0
928	0
929	3
930	0
931	1
932	2
933	3
934	1
935	0
936	3
937	0
938	0
939	3
940	2
941	0
942	3
943	0
944	2
945	3
946	3
947	0
948	3
949	3
950	3
951	0
952	1
953	0
954	0
955	1
956	3
957	3
958	0
959	0
960	0
961	2
962	0
963	0
964	1
965	0
966	3
967	3
968	3
969	0
970	3
971	1
972	0
973	3
974	3
975	0
976	3
977	0
978	3
979	0
980	1
981	0
982	2
983	3
984	0
985	0
986	2
987	0
988	0
989	3
990	0
991	3
992	0
993	0
994	3
995	3
996	3
997	0
998	1
999	0
1000	2
1001	1
1002	1
1003	0
1004	3
1005	0
1006	3
1007	0
1008	3
1009	0
1010	3
1011	3
1012	2
1013	2
1014	2
1015	0
1016	3
1017	0
1018	3
1019	0
1020	0
1021	1
1022	3
1023	2
1024	1
1025	0
1026	0
1027	3
1028	0
1029	0
1030	0
1031	2
1032	3
1033	0
1034	2
1035	2
1036	3
1037	3
1038	0
1039	0
1040	3
1041	0
1042	0
1043	1
1044	0
1045	0
1046	0
1047	0
1048	3
1049	0
1050	2
1051	0
1052	1
1053	2
1054	3
1055	0
1056	0
1057	3
1058	0
1059	0
1060	0
1061	3
1062	0
1063	0
1064	1
1065	0
1066	1
1067	3
1068	0
1069	3
1070	3
1071	2
1072	0
1073	3
1074	2
1075	0
1076	2
1077	0
1078	0
1079	2
1080	0
1081	3
1082	3
1083	1
1084	3
1085	3
1086	3
1087	3
1088	3
1089	2
1090	0
1091	0
1092	2
1093	1
1094	0
1095	0
1096	0
1097	3
1098	0
1099	1
1100	0
1101	0
1102	1
1103	1
1104	0
1105	2
1106	2
1107	0
1108	0
1109	1
1110	0
1111	1
1112	0
1113	3
1114	0
1115	0
1116	3
1117	0
1118	0
1119	3
1120	0
1121	3
1122	0
1123	0
1124	0
1125	1
1126	3
1127	0
1128	3
1129	0
1130	0
1131	0
1132	2
1133	2
1134	2
1135	1
1136	3
1137	2
1138	0
1139	0
1140	0
1141	3
1142	0
1143	3
1144	0
1145	3
1146	0
1147	0
1148	2
1149	0
1150	0
1151	0
1152	2
1153	0
1154	1
1155	2
1156	0
1157	3
1158	2
1159	1
1160	0
1161	2
1162	3
1163	2
1164	3
1165	0
1166	0
1167	0
1168	0
1169	3
1170	1
1171	3
1172	0
1173	3
1174	0
1175	3
1176	1
1177	1
1178	2
1179	3
1180	0
1181	3
1182	0
1183	3
1184	0
1185	0
1186	3
1187	0
1188	0
1189	0
1190	1
1191	3
1192	3
1193	1
1194	3
1195	3
1196	1
1197	0
1198	2
1199	3
1200	3
1201	0
1202	0
1203	1
1204	0
1205	3
1206	3
1207	3
1208	1
1209	0
1210	3
1211	3
1212	3
1213	3
1214	0
1215	3
1216	3
1217	3
1218	3
1219	3
1220	3
1221	0
1222	0
1223	3
1224	2
1225	1
1226	2
1227	3
1228	0
1229	0
1230	0
1231	3
1232	0
1233	3
1234	3
1235	0
1236	0
1237	3
1238	2
1239	3
1240	0
1241	3
1242	0
1243	1
1244	3
1245	1
1246	0
1247	3
1248	1
1249	3
1250	0
1251	2
1252	3
1253	3
1254	0
1255	3
1256	2
1257	1
1258	0
1259	3
1260	3
1261	0
1262	0
1263	1
1264	1
1265	0
1266	3
1267	3
1268	0
1269	2
1270	1
1271	1
1272	3
1273	0
1274	0
1275	0
1276	3
1277	0
1278	2
1279	0
1280	3
1281	0
1282	3
1283	1
1284	0
1285	0
1286	0
1287	0
1288	3
1289	1
1290	0
1291	0
1292	3
1293	0
1294	3
1295	3
1296	3
1297	0
1298	2
1299	3
1300	0
1301	0
1302	3
1303	0
1304	0
1305	0
1306	1
1307	2
1308	3
1309	3
1310	0
1311	0
1312	3
1313	0
1314	0
1315	2
1316	3
1317	3
1318	0
1319	3
1320	3
1321	1
1322	0
1323	0
1324	3
1325	0
1326	0
1327	0
1328	3
1329	1
1330	3
1331	0
1332	0
1333	3
1334	1
1335	1
1336	2
1337	0
1338	2
1339	0
1340	1
1341	0
1342	1
1343	0
1344	0
1345	3
1346	0
1347	0
1348	0
1349	3
1350	0
1351	3
1352	0
1353	1
1354	3
1355	1
1356	1
1357	2
1358	0
1359	0
1360	0
1361	0
1362	0
1363	3
1364	3
1365	1
1366	3
1367	0
1368	3
1369	0
1370	3
1371	3
1372	3
1373	0
1374	0
1375	3
1376	0
1377	3
1378	0
1379	1
1380	0
1381	2
1382	3
1383	0
1384	2
1385	0
1386	0
1387	3
1388	3
1389	0
1390	0
1391	0
1392	0
1393	3
1394	1
1395	1
1396	0
1397	0
1398	0
1399	3
1400	3
1401	0
1402	3
1403	3
1404	2
1405	0
1406	0
1407	3
1408	0
1409	0
1410	3
1411	0
1412	0
1413	0
1414	0
1415	3
1416	2
1417	0
1418	3
1419	2
1420	3
1421	3
1422	3
1423	2
1424	2
1425	1
1426	3
1427	0
1428	2
1429	0
1430	0
1431	0
1432	0
1433	3
1434	3
1435	2
1436	0
1437	0
1438	3
1439	1
1440	0
1441	0
1442	3
1443	0
1444	0
1445	3
1446	0
1447	3
1448	3
1449	1
1450	0
1451	0
1452	1
1453	3
1454	3
1455	0
1456	0
1457	2
1458	3
1459	3
1460	0
1461	0
1462	3
1463	0
1464	2
1465	3
1466	0
1467	1
1468	0
1469	0
1470	0
1471	1
1472	3
1473	0
1474	3
1475	0
1476	0
1477	2
1478	0
1479	0
1480	0
1481	2
1482	3
1483	0
1484	0
1485	3
1486	0
1487	0
1488	0
1489	2
1490	3
1491	0
1492	0
1493	0
1494	0
1495	3
1496	3
1497	3
1498	0
1499	3
1500	1
1501	0
1502	0
1503	0
1504	3
1505	3
1506	0
1507	0
1508	0
1509	3
1510	0
1511	1
1512	0
1513	2
1514	0
1515	3
1516	2
1517	0
1518	0
1519	2
1520	0
1521	1
1522	1
1523	3
1524	0
1525	3
1526	0
1527	1
1528	3
1529	2
1530	0
1531	3
1532	2
1533	2
1534	3
1535	3
1536	0
1537	0
1538	3
1539	2
1540	0
1541	3
1542	3
1543	2
1544	1
1545	2
1546	3
1547	1
1548	2
1549	0
1550	1
1551	0
1552	0
1553	0
1554	3
1555	3
1556	3
1557	0
1558	1
1559	2
1560	0
1561	3
1562	2
1563	3
1564	3
1565	2
1566	0
1567	3
1568	3
1569	3
1570	3
1571	0
1572	1
1573	0
1574	0
1575	1
1576	0
1577	0
1578	0
1579	3
1580	3
1581	0
1582	0
1583	3
1584	0
1585	0
1586	1
1587	0
1588	3
1589	0
1590	0
1591	0
1592	0
1593	3
1594	3
1595	0
1596	0
1597	2
1598	3
1599	2
1600	3
1601	3
1602	0
1603	0
1604	3
1605	1
1606	1
1607	3
1608	3
1609	3
1610	3
1611	3
1612	0
1613	2
1614	3
1615	2
1616	0
1617	3
1618	0
1619	3
1620	0
1621	0
1622	3
1623	3
1624	2
1625	0
1626	3
1627	2
1628	3
1629	0
1630	1
1631	2
1632	0
1633	3
1634	3
1635	0
1636	0
1637	2
1638	2
1639	3
1640	0
1641	1
1642	1
1643	0
1644	0
1645	3
1646	3
1647	0
1648	0
1649	3
1650	0
1651	0
1652	0
1653	1
1654	3
1655	3
1656	1
1657	3
1658	3
1659	3
1660	0
1661	0
1662	0
1663	2
1664	1
1665	2
1666	0
1667	0
1668	3
1669	3
1670	2
1671	2
1672	0
1673	3
1674	0
1675	3
1676	0
1677	3
1678	0
1679	2
1680	3
1681	0
1682	3
1683	0
1684	0
1685	1
1686	0
1687	1
1688	0
1689	2
1690	0
1691	0
1692	3
1693	3
1694	0
1695	0
1696	0
1697	3
1698	1
1699	0
1700	3
1701	3
1702	3
1703	3
1704	1
1705	0
1706	0
1707	1
1708	3
1709	3
1710	0
1711	3
1712	0
1713	3
1714	1
1715	3
1716	1
1717	3
1718	3
1719	3
1720	3
1721	0
1722	3
1723	3
1724	0
1725	3
1726	1
1727	2
1728	0
1729	3
1730	3
1731	2
1732	0
1733	3
1734	3
1735	3
1736	0
1737	3
1738	0
1739	0
1740	3
1741	3
1742	3
1743	3
1744	1
1745	3
1746	0
1747	0
1748	0
1749	2
1750	3
1751	3
1752	3
1753	3
1754	0
1755	0
1756	3
1757	2
1758	0
1759	3
1760	0
1761	3
1762	0
1763	0
1764	1
1765	3
1766	0
1767	2
1768	0
1769	1
1770	3
1771	0
1772	3
1773	0
1774	2
1775	3
1776	0
1777	3
1778	0
1779	3
1780	0
1781	3
1782	3
1783	3
1784	3
1785	2
1786	3
1787	0
1788	3
1789	3
1790	0
1791	3
1792	0
1793	0
1794	0
1795	0
1796	0
1797	1
1798	0
1799	0
1800	3
1801	0
1802	0
1803	1
1804	2
1805	0
1806	1
1807	3
1808	1
1809	0
1810	0
1811	1
1812	0
1813	3
1814	0
1815	3
1816	0
1817	1
1818	0
1819	3
1820	3
1821	3
1822	1
1823	0
1824	3
1825	0
1826	0
1827	0
1828	3
1829	1
1830	0
1831	3
1832	1
1833	0
1834	0
1835	2
1836	0
1837	3
1838	0
1839	3
1840	2
1841	3
1842	0
1843	3
1844	3
1845	3
1846	0
1847	0
1848	2
1849	3
1850	0
1851	2
1852	2
1853	3
1854	0
1855	0
1856	0
1857	3
1858	3
1859	0
1860	0
1861	0
1862	3
1863	3
1864	0
1865	3
1866	0
1867	3
1868	3
1869	2
1870	3
1871	0
1872	3
1873	0
1874	3
1875	1
1876	0
1877	0
1878	0
1879	3
1880	0
1881	3
1882	3
1883	1
1884	3
1885	3
1886	0
1887	3
1888	3
1889	3
1890	0
1891	0
1892	3
1893	1
1894	0
1895	0
1896	0
1897	1
1898	3
1899	0
1900	2
1901	0
1902	3
1903	3
1904	3
1905	3
1906	0
1907	3
1908	0
1909	0
1910	1
1911	2
1912	0
1913	0
1914	0
1915	3
1916	1
1917	0
1918	0
1919	0
1920	3
1921	2
1922	3
1923	3
1924	0
1925	3
1926	1
1927	0
1928	0
1929	0
1930	0
1931	3
1932	0
1933	3
1934	0
1935	3
1936	3
1937	2
1938	2
1939	0
1940	0
1941	3
1942	0
1943	2
1944	3
1945	3
1946	0
1947	1
1948	1
1949	0
1950	2
1951	0
1952	3
1953	1
1954	3
1955	0
1956	0
1957	3
1958	0
1959	3
1960	0
1961	0
1962	1
1963	3
1964	3
1965	0
1966	0
1967	3
1968	0
1969	0
1970	0
1971	3
1972	0
1973	3
1974	0
1975	2
1976	0
1977	3
1978	0
1979	0
1980	3
1981	0
1982	3
1983	3
1984	3
1985	3
1986	2
1987	0
1988	0
1989	0
1990	0
1991	3
1992	0
1993	0
1994	0
1995	0
1996	3
1997	0
1998	0
1999	0
2000	0
2001	0
2002	0
2003	2
2004	2
2005	0
2006	0
2007	3
2008	3
2009	3
2010	0
2011	3
2012	3
2013	0
2014	0
2015	3
2016	3
2017	2
2018	0
2019	3
2020	0
2021	3
2022	2
2023	3
2024	0
2025	3
2026	0
2027	3
2028	0
2029	3
2030	0
2031	3
2032	1
2033	1
2034	3
2035	3
2036	0
2037	2
2038	0
2039	2
2040	0
2041	0
2042	3
2043	2
2044	0
2045	0
2046	3
2047	2
