COMMAND
./sim gshare 11 8 ./proj2-traces/perl_trace.txt
OUTPUT
number of predictions:2000000
number of mispredictions:180021
misprediction rate:   9.00%
FINAL GSHARE CONTENTS
0	3
1	3
2	3
3	3
4	1
5	2
6	0
7	3
8	2
9	0
10	3
11	1
12	0
13	1
14	0
15	3
16	3
17	3
18	3
19	0
20	3
21	0
22	1
23	1
24	3
25	3
26	3
27	0
28	3
29	0
30	0
31	0
32	2
33	3
34	3
35	0
36	3
37	1
38	1
39	1
40	2
41	1
42	0
43	0
44	2
45	3
46	0
47	0
48	3
49	2
50	0
51	0
52	0
53	0
54	3
55	0
56	2
57	3
58	0
59	0
60	0
61	0
62	3
63	0
64	1
65	1
66	0
67	0
68	1
69	2
70	0
71	3
72	0
73	1
74	1
75	3
76	0
77	0
78	2
79	1
80	0
81	2
82	3
83	3
84	3
85	0
86	3
87	3
88	2
89	1
90	0
91	3
92	3
93	0
94	1
95	3
96	0
97	3
98	3
99	0
100	3
101	3
102	3
103	1
104	3
105	3
106	0
107	2
108	2
109	0
110	0
111	3
112	3
113	2
114	3
115	1
116	3
117	3
118	3
119	1
120	3
121	3
122	3
123	3
124	3
125	3
126	3
127	0
128	0
129	3
130	3
131	3
132	0
133	3
134	0
135	3
136	1
137	3
138	0
139	3
140	2
141	3
142	2
143	1
144	0
145	3
146	1
147	0
148	3
149	0
150	3
151	0
152	3
153	0
154	3
155	2
156	3
157	0
158	3
159	2
160	0
161	3
162	2
163	3
164	1
165	3
166	0
167	3
168	0
169	3
170	3
171	3
172	0
173	3
174	0
175	3
176	0
177	3
178	0
179	3
180	3
181	3
182	3
183	3
184	0
185	0
186	1
187	3
188	3
189	3
190	3
191	3
192	3
193	0
194	0
195	3
196	3
197	1
198	0
199	3
200	3
201	3
202	0
203	2
204	3
205	0
206	0
207	1
208	2
209	1
210	0
211	0
212	0
213	3
214	0
215	1
216	0
217	2
218	0
219	2
220	3
221	3
222	0
223	3
224	0
225	3
226	3
227	3
228	1
229	0
230	0
231	0
232	3
233	3
234	0
235	3
236	0
237	0
238	0
239	3
240	2
241	3
242	3
243	0
244	0
245	0
246	0
247	3
248	3
249	0
250	3
251	2
252	3
253	0
254	0
255	3
256	2
257	2
258	3
259	3
260	3
261	3
262	3
263	3
264	3
265	3
266	0
267	3
268	3
269	3
270	2
271	3
272	3
273	3
274	0
275	0
276	3
277	3
278	0
279	0
280	3
281	0
282	0
283	1
284	2
285	3
286	3
287	3
288	0
289	0
290	1
291	0
292	3
293	3
294	0
295	0
296	3
297	2
298	0
299	1
300	3
301	2
302	3
303	0
304	1
305	3
306	0
307	0
308	3
309	3
310	0
311	0
312	0
313	0
314	3
315	0
316	2
317	3
318	3
319	1
320	3
321	0
322	3
323	3
324	3
325	1
326	3
327	0
328	3
329	3
330	2
331	3
332	3
333	3
334	3
335	2
336	3
337	0
338	0
339	2
340	1
341	1
342	0
343	3
344	3
345	0
346	3
347	3
348	0
349	1
350	3
351	0
352	3
353	2
354	2
355	0
356	2
357	0
358	3
359	0
360	3
361	3
362	3
363	3
364	1
365	3
366	3
367	3
368	3
369	0
370	0
371	3
372	3
373	1
374	3
375	3
376	3
377	0
378	3
379	3
380	3
381	2
382	3
383	2
384	2
385	0
386	0
387	3
388	0
389	1
390	3
391	0
392	3
393	3
394	3
395	3
396	0
397	3
398	3
399	0
400	2
401	3
402	0
403	0
404	3
405	3
406	3
407	0
408	0
409	0
410	2
411	0
412	3
413	3
414	3
415	3
416	0
417	3
418	2
419	3
420	3
421	3
422	0
423	1
424	3
425	3
426	0
427	1
428	3
429	3
430	1
431	0
432	0
433	3
434	0
435	3
436	0
437	3
438	3
439	0
440	3
441	3
442	2
443	3
444	0
445	0
446	2
447	1
448	3
449	0
450	0
451	3
452	3
453	1
454	2
455	3
456	3
457	0
458	0
459	3
460	0
461	1
462	3
463	3
464	3
465	0
466	3
467	3
468	3
469	0
470	0
471	3
472	3
473	0
474	0
475	3
476	3
477	0
478	0
479	2
480	3
481	0
482	0
483	3
484	3
485	2
486	3
487	0
488	0
489	3
490	1
491	3
492	3
493	0
494	0
495	0
496	3
497	1
498	3
499	3
500	3
501	0
502	0
503	2
504	3
505	3
506	1
507	3
508	3
509	0
510	3
511	2
512	2
513	0
514	3
515	3
516	3
517	1
518	0
519	0
520	0
521	0
522	0
523	1
524	3
525	2
526	3
527	0
528	0
529	0
530	3
531	3
532	3
533	0
534	0
535	0
536	0
537	0
538	0
539	3
540	2
541	0
542	0
543	0
544	0
545	0
546	0
547	3
548	0
549	0
550	0
551	0
552	0
553	0
554	0
555	0
556	3
557	3
558	0
559	0
560	0
561	0
562	0
563	0
564	0
565	3
566	0
567	1
568	0
569	3
570	3
571	3
572	3
573	3
574	3
575	2
576	3
577	3
578	0
579	3
580	3
581	0
582	0
583	3
584	2
585	2
586	0
587	3
588	3
589	1
590	3
591	0
592	3
593	0
594	2
595	3
596	3
597	0
598	0
599	0
600	1
601	3
602	0
603	0
604	3
605	0
606	2
607	0
608	2
609	0
610	0
611	0
612	2
613	0
614	3
615	0
616	2
617	1
618	0
619	0
620	2
621	3
622	2
623	3
624	1
625	0
626	3
627	0
628	0
629	1
630	0
631	0
632	0
633	3
634	1
635	0
636	0
637	0
638	3
639	0
640	3
641	3
642	3
643	2
644	3
645	3
646	0
647	2
648	1
649	3
650	3
651	3
652	2
653	0
654	3
655	3
656	1
657	3
658	3
659	3
660	3
661	2
662	0
663	0
664	3
665	3
666	3
667	0
668	3
669	2
670	2
671	3
672	3
673	3
674	0
675	3
676	3
677	2
678	3
679	2
680	2
681	3
682	3
683	1
684	3
685	0
686	0
687	3
688	0
689	3
690	3
691	1
692	2
693	3
694	0
695	3
696	3
697	1
698	3
699	1
700	2
701	1
702	3
703	2
704	0
705	3
706	1
707	0
708	3
709	0
710	0
711	0
712	3
713	3
714	3
715	0
716	3
717	3
718	0
719	0
720	1
721	0
722	3
723	0
724	3
725	3
726	0
727	0
728	0
729	3
730	0
731	0
732	0
733	0
734	3
735	0
736	0
737	1
738	0
739	0
740	3
741	0
742	3
743	3
744	3
745	0
746	3
747	0
748	3
749	0
750	0
751	0
752	3
753	3
754	0
755	0
756	3
757	0
758	0
759	1
760	3
761	0
762	0
763	0
764	3
765	0
766	0
767	1
768	3
769	3
770	2
771	0
772	3
773	3
774	0
775	3
776	0
777	3
778	2
779	3
780	2
781	2
782	0
783	3
784	3
785	2
786	3
787	0
788	0
789	3
790	3
791	3
792	1
793	3
794	0
795	0
796	3
797	3
798	3
799	3
800	0
801	0
802	0
803	1
804	0
805	0
806	1
807	3
808	3
809	3
810	3
811	0
812	2
813	0
814	2
815	0
816	0
817	3
818	2
819	0
820	0
821	2
822	2
823	0
824	0
825	1
826	3
827	0
828	3
829	3
830	3
831	2
832	0
833	3
834	0
835	0
836	1
837	1
838	3
839	2
840	0
841	2
842	0
843	3
844	3
845	0
846	0
847	2
848	3
849	3
850	0
851	1
852	2
853	0
854	3
855	0
856	3
857	3
858	0
859	3
860	3
861	3
862	3
863	0
864	3
865	3
866	0
867	0
868	3
869	3
870	0
871	0
872	3
873	3
874	1
875	3
876	3
877	1
878	3
879	0
880	2
881	2
882	3
883	3
884	3
885	1
886	0
887	3
888	3
889	3
890	3
891	0
892	3
893	2
894	0
895	0
896	0
897	3
898	3
899	1
900	3
901	0
902	0
903	3
904	2
905	0
906	3
907	3
908	3
909	0
910	3
911	0
912	3
913	3
914	0
915	2
916	3
917	1
918	0
919	3
920	3
921	3
922	0
923	0
924	3
925	0
926	3
927	0
928	1
929	1
930	0
931	3
932	3
933	1
934	3
935	1
936	3
937	3
938	3
939	0
940	3
941	3
942	3
943	3
944	0
945	2
946	3
947	3
948	3
949	3
950	0
951	0
952	0
953	0
954	0
955	0
956	3
957	0
958	3
959	0
960	3
961	2
962	0
963	3
964	3
965	0
966	0
967	0
968	2
969	3
970	0
971	0
972	2
973	3
974	3
975	1
976	3
977	3
978	1
979	0
980	3
981	3
982	2
983	0
984	0
985	3
986	0
987	0
988	3
989	0
990	2
991	0
992	1
993	1
994	2
995	3
996	3
997	3
998	3
999	1
1000	0
1001	0
1002	0
1003	1
1004	3
1005	3
1006	3
1007	0
1008	2
1009	0
1010	0
1011	3
1012	3
1013	0
1014	3
1015	0
1016	0
1017	3
1018	0
1019	0
1020	3
1021	3
1022	3
1023	3
1024	3
1025	0
1026	3
1027	0
1028	0
1029	0
1030	1
1031	3
1032	3
1033	0
1034	3
1035	0
1036	3
1037	0
1038	2
1039	2
1040	3
1041	2
1042	3
1043	0
1044	3
1045	3
1046	3
1047	0
1048	3
1049	3
1050	3
1051	0
1052	3
1053	3
1054	3
1055	1
1056	3
1057	0
1058	3
1059	0
1060	2
1061	0
1062	3
1063	3
1064	3
1065	2
1066	3
1067	3
1068	3
1069	0
1070	3
1071	0
1072	1
1073	0
1074	3
1075	3
1076	0
1077	0
1078	3
1079	0
1080	2
1081	0
1082	0
1083	0
1084	0
1085	3
1086	0
1087	1
1088	3
1089	0
1090	3
1091	3
1092	2
1093	2
1094	3
1095	0
1096	3
1097	3
1098	3
1099	0
1100	2
1101	3
1102	3
1103	0
1104	0
1105	0
1106	3
1107	3
1108	3
1109	0
1110	3
1111	3
1112	1
1113	0
1114	3
1115	0
1116	3
1117	0
1118	0
1119	0
1120	3
1121	0
1122	0
1123	3
1124	0
1125	0
1126	3
1127	2
1128	3
1129	1
1130	0
1131	0
1132	3
1133	0
1134	0
1135	0
1136	0
1137	0
1138	2
1139	2
1140	3
1141	0
1142	3
1143	0
1144	3
1145	3
1146	3
1147	3
1148	3
1149	0
1150	3
1151	3
1152	0
1153	0
1154	3
1155	2
1156	3
1157	0
1158	3
1159	3
1160	2
1161	2
1162	3
1163	3
1164	3
1165	3
1166	3
1167	3
1168	2
1169	2
1170	3
1171	3
1172	0
1173	0
1174	2
1175	3
1176	1
1177	1
1178	3
1179	3
1180	3
1181	0
1182	0
1183	3
1184	1
1185	2
1186	2
1187	0
1188	2
1189	2
1190	3
1191	1
1192	3
1193	3
1194	1
1195	0
1196	0
1197	0
1198	3
1199	0
1200	3
1201	0
1202	3
1203	1
1204	3
1205	1
1206	3
1207	1
1208	3
1209	0
1210	0
1211	3
1212	3
1213	0
1214	3
1215	1
1216	3
1217	2
1218	2
1219	2
1220	0
1221	3
1222	1
1223	3
1224	2
1225	0
1226	3
1227	3
1228	3
1229	3
1230	0
1231	0
1232	0
1233	0
1234	3
1235	0
1236	2
1237	2
1238	2
1239	3
1240	0
1241	0
1242	1
1243	2
1244	3
1245	0
1246	0
1247	3
1248	1
1249	2
1250	3
1251	0
1252	3
1253	0
1254	0
1255	3
1256	3
1257	0
1258	3
1259	0
1260	3
1261	0
1262	3
1263	3
1264	3
1265	3
1266	3
1267	0
1268	0
1269	0
1270	3
1271	3
1272	3
1273	3
1274	0
1275	0
1276	0
1277	0
1278	3
1279	2
1280	3
1281	0
1282	0
1283	0
1284	2
1285	3
1286	1
1287	0
1288	1
1289	0
1290	0
1291	0
1292	3
1293	3
1294	3
1295	1
1296	3
1297	3
1298	0
1299	1
1300	1
1301	3
1302	2
1303	3
1304	3
1305	0
1306	3
1307	0
1308	0
1309	0
1310	1
1311	3
1312	3
1313	2
1314	3
1315	0
1316	0
1317	0
1318	0
1319	0
1320	0
1321	0
1322	0
1323	0
1324	2
1325	3
1326	1
1327	0
1328	2
1329	3
1330	0
1331	0
1332	0
1333	3
1334	1
1335	3
1336	3
1337	2
1338	3
1339	2
1340	3
1341	3
1342	3
1343	2
1344	3
1345	3
1346	3
1347	3
1348	3
1349	3
1350	2
1351	3
1352	3
1353	0
1354	3
1355	3
1356	3
1357	0
1358	3
1359	0
1360	1
1361	3
1362	3
1363	0
1364	3
1365	0
1366	3
1367	0
1368	3
1369	3
1370	3
1371	3
1372	2
1373	0
1374	3
1375	0
1376	3
1377	3
1378	0
1379	1
1380	3
1381	3
1382	2
1383	0
1384	3
1385	3
1386	0
1387	3
1388	2
1389	1
1390	3
1391	0
1392	0
1393	3
1394	0
1395	0
1396	2
1397	3
1398	2
1399	0
1400	3
1401	3
1402	3
1403	0
1404	3
1405	3
1406	3
1407	2
1408	3
1409	2
1410	3
1411	1
1412	3
1413	1
1414	3
1415	0
1416	3
1417	2
1418	3
1419	2
1420	0
1421	2
1422	2
1423	3
1424	3
1425	3
1426	0
1427	3
1428	2
1429	3
1430	3
1431	1
1432	3
1433	0
1434	3
1435	2
1436	3
1437	1
1438	1
1439	0
1440	3
1441	2
1442	3
1443	1
1444	1
1445	2
1446	0
1447	3
1448	2
1449	1
1450	1
1451	3
1452	3
1453	3
1454	0
1455	0
1456	3
1457	0
1458	0
1459	0
1460	2
1461	0
1462	3
1463	3
1464	0
1465	3
1466	2
1467	0
1468	2
1469	0
1470	0
1471	0
1472	3
1473	2
1474	0
1475	0
1476	3
1477	0
1478	0
1479	0
1480	0
1481	2
1482	2
1483	0
1484	3
1485	2
1486	3
1487	0
1488	3
1489	1
1490	2
1491	0
1492	3
1493	3
1494	3
1495	0
1496	0
1497	3
1498	3
1499	3
1500	3
1501	0
1502	2
1503	3
1504	3
1505	3
1506	2
1507	3
1508	3
1509	3
1510	3
1511	3
1512	2
1513	3
1514	3
1515	1
1516	3
1517	0
1518	3
1519	3
1520	3
1521	0
1522	0
1523	0
1524	1
1525	0
1526	2
1527	0
1528	2
1529	3
1530	3
1531	3
1532	3
1533	0
1534	1
1535	3
1536	2
1537	1
1538	2
1539	2
1540	2
1541	0
1542	0
1543	2
1544	0
1545	0
1546	0
1547	3
1548	3
1549	0
1550	2
1551	1
1552	0
1553	1
1554	0
1555	0
1556	3
1557	3
1558	3
1559	3
1560	0
1561	0
1562	0
1563	3
1564	3
1565	0
1566	3
1567	3
1568	2
1569	0
1570	0
1571	0
1572	3
1573	0
1574	0
1575	3
1576	3
1577	0
1578	1
1579	0
1580	3
1581	0
1582	3
1583	0
1584	0
1585	3
1586	0
1587	2
1588	0
1589	0
1590	2
1591	0
1592	2
1593	0
1594	2
1595	3
1596	3
1597	3
1598	3
1599	0
1600	3
1601	0
1602	1
1603	3
1604	0
1605	2
1606	0
1607	3
1608	3
1609	0
1610	0
1611	3
1612	3
1613	0
1614	3
1615	0
1616	0
1617	0
1618	3
1619	0
1620	3
1621	0
1622	0
1623	0
1624	2
1625	0
1626	0
1627	0
1628	3
1629	3
1630	3
1631	3
1632	1
1633	0
1634	0
1635	0
1636	0
1637	3
1638	2
1639	3
1640	3
1641	1
1642	2
1643	0
1644	2
1645	0
1646	3
1647	2
1648	0
1649	1
1650	0
1651	0
1652	0
1653	0
1654	1
1655	3
1656	0
1657	2
1658	0
1659	0
1660	2
1661	0
1662	3
1663	0
1664	3
1665	1
1666	3
1667	3
1668	0
1669	2
1670	1
1671	0
1672	0
1673	0
1674	0
1675	0
1676	3
1677	0
1678	3
1679	3
1680	0
1681	0
1682	0
1683	0
1684	0
1685	2
1686	3
1687	0
1688	3
1689	1
1690	3
1691	3
1692	0
1693	3
1694	3
1695	0
1696	3
1697	0
1698	0
1699	3
1700	3
1701	3
1702	3
1703	3
1704	0
1705	1
1706	0
1707	3
1708	1
1709	1
1710	3
1711	0
1712	0
1713	0
1714	0
1715	3
1716	0
1717	3
1718	3
1719	0
1720	3
1721	0
1722	3
1723	0
1724	1
1725	0
1726	3
1727	3
1728	3
1729	0
1730	3
1731	1
1732	1
1733	3
1734	2
1735	0
1736	0
1737	0
1738	0
1739	1
1740	0
1741	3
1742	0
1743	3
1744	0
1745	0
1746	3
1747	3
1748	3
1749	1
1750	3
1751	3
1752	3
1753	3
1754	3
1755	2
1756	3
1757	0
1758	3
1759	0
1760	0
1761	0
1762	0
1763	2
1764	0
1765	0
1766	3
1767	0
1768	0
1769	0
1770	0
1771	2
1772	3
1773	2
1774	3
1775	0
1776	3
1777	3
1778	0
1779	3
1780	3
1781	0
1782	3
1783	0
1784	2
1785	0
1786	3
1787	3
1788	0
1789	3
1790	3
1791	3
1792	3
1793	0
1794	1
1795	0
1796	3
1797	3
1798	2
1799	1
1800	3
1801	1
1802	3
1803	3
1804	3
1805	3
1806	3
1807	2
1808	1
1809	0
1810	3
1811	0
1812	0
1813	3
1814	3
1815	0
1816	3
1817	2
1818	2
1819	0
1820	3
1821	0
1822	0
1823	0
1824	3
1825	0
1826	2
1827	0
1828	0
1829	3
1830	0
1831	3
1832	3
1833	0
1834	3
1835	0
1836	3
1837	2
1838	3
1839	3
1840	3
1841	0
1842	3
1843	2
1844	3
1845	0
1846	3
1847	0
1848	0
1849	0
1850	3
1851	3
1852	3
1853	3
1854	0
1855	3
1856	2
1857	2
1858	0
1859	1
1860	3
1861	0
1862	0
1863	0
1864	0
1865	1
1866	2
1867	0
1868	0
1869	2
1870	2
1871	3
1872	3
1873	0
1874	3
1875	3
1876	2
1877	0
1878	1
1879	3
1880	3
1881	0
1882	0
1883	2
1884	3
1885	3
1886	3
1887	3
1888	0
1889	0
1890	3
1891	3
1892	2
1893	3
1894	0
1895	3
1896	1
1897	0
1898	1
1899	2
1900	3
1901	1
1902	2
1903	0
1904	0
1905	0
1906	0
1907	3
1908	3
1909	3
1910	3
1911	0
1912	2
1913	0
1914	3
1915	3
1916	2
1917	3
1918	0
1919	3
1920	2
1921	0
1922	0
1923	0
1924	3
1925	0
1926	3
1927	3
1928	0
1929	0
1930	3
1931	1
1932	0
1933	2
1934	3
1935	0
1936	3
1937	0
1938	3
1939	0
1940	3
1941	0
1942	3
1943	3
1944	3
1945	3
1946	0
1947	0
1948	0
1949	0
1950	3
1951	0
1952	0
1953	0
1954	2
1955	0
1956	0
1957	2
1958	0
1959	2
1960	3
1961	3
1962	0
1963	0
1964	0
1965	0
1966	3
1967	0
1968	3
1969	0
1970	3
1971	2
1972	3
1973	0
1974	3
1975	3
1976	3
1977	0
1978	0
1979	3
1980	0
1981	3
1982	3
1983	3
1984	3
1985	3
1986	0
1987	1
1988	2
1989	2
1990	0
1991	3
1992	3
1993	1
1994	2
1995	3
1996	1
1997	0
1998	0
1999	3
2000	3
2001	3
2002	3
2003	3
2004	1
2005	0
2006	0
2007	2
2008	3
2009	3
2010	0
2011	2
2012	0
2013	0
2014	3
2015	3
2016	0
2017	0
2018	1
2019	0
2020	3
2021	3
2022	1
2023	1
2024	3
2025	3
2026	1
2027	0
2028	3
2029	3
2030	0
2031	0
2032	3
2033	3
2034	0
2035	3
2036	3
2037	0
2038	3
2039	0
2040	3
2041	0
2042	0
2043	2
2044	3
2045	0
2046	3
2047	2
