COMMAND
./sim gshare 12 9 ./proj2-traces/perl_trace.txt
OUTPUT
number of predictions:2000000
number of mispredictions:124125
misprediction rate:   6.21%
FINAL GSHARE CONTENTS
0	3
1	3
2	3
3	2
4	2
5	3
6	3
7	2
8	3
9	3
10	3
11	2
12	3
13	2
14	1
15	3
16	3
17	3
18	0
19	1
20	2
21	3
22	3
23	0
24	3
25	2
26	3
27	2
28	1
29	3
30	2
31	3
32	3
33	3
34	3
35	2
36	2
37	2
38	3
39	1
40	3
41	0
42	3
43	2
44	2
45	3
46	1
47	0
48	0
49	0
50	3
51	0
52	3
53	3
54	0
55	2
56	2
57	3
58	2
59	3
60	2
61	2
62	2
63	3
64	2
65	2
66	3
67	3
68	3
69	3
70	3
71	2
72	3
73	3
74	3
75	3
76	3
77	1
78	3
79	0
80	2
81	3
82	3
83	3
84	2
85	0
86	3
87	2
88	3
89	3
90	0
91	3
92	3
93	2
94	3
95	2
96	0
97	0
98	2
99	0
100	0
101	2
102	3
103	0
104	3
105	0
106	3
107	0
108	3
109	2
110	0
111	1
112	0
113	2
114	0
115	3
116	2
117	3
118	0
119	3
120	2
121	0
122	1
123	3
124	3
125	2
126	3
127	1
128	0
129	3
130	0
131	3
132	3
133	3
134	1
135	0
136	0
137	3
138	0
139	3
140	2
141	3
142	3
143	0
144	0
145	3
146	0
147	3
148	3
149	2
150	2
151	2
152	2
153	1
154	0
155	0
156	0
157	0
158	0
159	3
160	3
161	1
162	2
163	0
164	3
165	0
166	1
167	0
168	2
169	0
170	1
171	3
172	2
173	0
174	0
175	0
176	3
177	3
178	3
179	0
180	3
181	3
182	0
183	0
184	0
185	3
186	3
187	0
188	0
189	3
190	0
191	0
192	0
193	2
194	2
195	3
196	2
197	3
198	0
199	0
200	2
201	3
202	3
203	3
204	0
205	2
206	0
207	0
208	2
209	2
210	3
211	3
212	2
213	3
214	3
215	0
216	3
217	3
218	3
219	3
220	0
221	2
222	2
223	2
224	0
225	1
226	3
227	0
228	3
229	3
230	2
231	0
232	3
233	3
234	2
235	0
236	0
237	1
238	3
239	0
240	2
241	3
242	1
243	2
244	3
245	2
246	2
247	0
248	2
249	3
250	0
251	0
252	3
253	2
254	2
255	2
256	2
257	3
258	3
259	3
260	3
261	2
262	3
263	3
264	0
265	3
266	3
267	0
268	3
269	3
270	3
271	0
272	0
273	3
274	3
275	0
276	3
277	0
278	1
279	2
280	3
281	3
282	3
283	0
284	2
285	0
286	0
287	3
288	2
289	0
290	0
291	0
292	3
293	3
294	3
295	3
296	3
297	0
298	0
299	0
300	3
301	3
302	3
303	3
304	1
305	3
306	3
307	0
308	3
309	3
310	2
311	3
312	1
313	0
314	3
315	0
316	3
317	3
318	3
319	0
320	2
321	2
322	3
323	2
324	3
325	0
326	0
327	3
328	0
329	0
330	3
331	3
332	3
333	3
334	3
335	0
336	0
337	1
338	3
339	0
340	3
341	1
342	3
343	3
344	0
345	2
346	0
347	3
348	1
349	2
350	3
351	3
352	1
353	1
354	3
355	0
356	3
357	2
358	2
359	3
360	3
361	2
362	2
363	3
364	0
365	2
366	1
367	2
368	3
369	2
370	3
371	0
372	3
373	0
374	0
375	3
376	3
377	2
378	0
379	0
380	3
381	2
382	1
383	3
384	2
385	3
386	3
387	0
388	3
389	0
390	3
391	3
392	3
393	0
394	0
395	0
396	0
397	0
398	3
399	0
400	3
401	2
402	3
403	0
404	2
405	0
406	2
407	2
408	3
409	0
410	0
411	3
412	3
413	0
414	3
415	0
416	2
417	3
418	3
419	0
420	3
421	3
422	2
423	3
424	3
425	2
426	3
427	3
428	3
429	3
430	2
431	0
432	3
433	0
434	0
435	0
436	2
437	3
438	2
439	3
440	2
441	2
442	2
443	2
444	2
445	1
446	2
447	3
448	2
449	0
450	0
451	0
452	3
453	3
454	3
455	3
456	3
457	3
458	0
459	0
460	1
461	2
462	0
463	1
464	2
465	3
466	3
467	1
468	3
469	0
470	1
471	1
472	1
473	1
474	2
475	0
476	0
477	0
478	2
479	0
480	1
481	3
482	3
483	3
484	1
485	0
486	1
487	0
488	1
489	3
490	3
491	3
492	3
493	3
494	0
495	0
496	3
497	3
498	3
499	0
500	3
501	0
502	0
503	1
504	3
505	1
506	2
507	3
508	0
509	1
510	0
511	1
512	0
513	1
514	3
515	1
516	1
517	0
518	2
519	3
520	3
521	0
522	2
523	3
524	3
525	0
526	2
527	3
528	0
529	0
530	2
531	1
532	3
533	0
534	0
535	0
536	0
537	3
538	3
539	3
540	2
541	0
542	0
543	3
544	3
545	0
546	0
547	3
548	3
549	0
550	3
551	0
552	0
553	3
554	3
555	3
556	3
557	0
558	3
559	3
560	2
561	2
562	1
563	0
564	3
565	0
566	1
567	3
568	3
569	2
570	3
571	3
572	3
573	0
574	1
575	3
576	2
577	3
578	0
579	3
580	3
581	1
582	0
583	0
584	0
585	3
586	3
587	2
588	3
589	0
590	0
591	0
592	2
593	3
594	3
595	2
596	3
597	0
598	1
599	0
600	3
601	2
602	2
603	3
604	3
605	0
606	2
607	0
608	3
609	0
610	3
611	0
612	3
613	0
614	1
615	2
616	3
617	2
618	2
619	1
620	2
621	0
622	1
623	0
624	3
625	3
626	2
627	3
628	3
629	0
630	2
631	3
632	3
633	0
634	2
635	0
636	3
637	0
638	3
639	2
640	3
641	2
642	3
643	0
644	2
645	0
646	0
647	1
648	2
649	3
650	2
651	3
652	2
653	3
654	0
655	1
656	3
657	3
658	2
659	2
660	3
661	0
662	2
663	3
664	0
665	3
666	0
667	3
668	3
669	2
670	0
671	3
672	0
673	1
674	3
675	0
676	0
677	0
678	0
679	3
680	0
681	3
682	3
683	3
684	3
685	0
686	3
687	3
688	2
689	3
690	2
691	3
692	3
693	0
694	1
695	0
696	0
697	2
698	2
699	0
700	3
701	0
702	0
703	1
704	3
705	1
706	2
707	3
708	3
709	2
710	3
711	0
712	0
713	2
714	1
715	3
716	2
717	2
718	3
719	0
720	3
721	1
722	0
723	0
724	3
725	0
726	2
727	2
728	0
729	2
730	0
731	3
732	3
733	0
734	3
735	3
736	3
737	0
738	2
739	3
740	3
741	0
742	3
743	0
744	2
745	0
746	2
747	3
748	2
749	0
750	0
751	0
752	0
753	3
754	1
755	3
756	3
757	2
758	2
759	0
760	0
761	3
762	0
763	2
764	3
765	0
766	2
767	3
768	3
769	3
770	0
771	0
772	3
773	1
774	2
775	1
776	0
777	2
778	3
779	3
780	2
781	2
782	3
783	2
784	1
785	3
786	2
787	2
788	3
789	3
790	1
791	0
792	0
793	0
794	0
795	3
796	2
797	0
798	3
799	0
800	3
801	3
802	3
803	0
804	3
805	0
806	3
807	0
808	2
809	0
810	0
811	0
812	3
813	0
814	0
815	0
816	1
817	3
818	0
819	3
820	2
821	0
822	0
823	0
824	3
825	3
826	0
827	2
828	1
829	0
830	3
831	2
832	0
833	3
834	2
835	0
836	2
837	1
838	3
839	2
840	3
841	0
842	0
843	0
844	3
845	0
846	3
847	1
848	1
849	0
850	0
851	2
852	2
853	0
854	2
855	0
856	0
857	3
858	0
859	2
860	2
861	0
862	3
863	0
864	0
865	0
866	0
867	3
868	3
869	1
870	3
871	0
872	2
873	3
874	0
875	2
876	2
877	1
878	3
879	0
880	0
881	3
882	0
883	3
884	0
885	2
886	2
887	0
888	1
889	3
890	1
891	2
892	2
893	3
894	2
895	3
896	2
897	3
898	0
899	0
900	0
901	1
902	3
903	0
904	2
905	3
906	2
907	2
908	2
909	3
910	3
911	0
912	1
913	3
914	2
915	2
916	2
917	0
918	3
919	0
920	3
921	3
922	2
923	3
924	2
925	0
926	3
927	0
928	0
929	0
930	1
931	0
932	2
933	2
934	3
935	3
936	0
937	3
938	2
939	0
940	3
941	0
942	3
943	0
944	3
945	2
946	2
947	3
948	0
949	3
950	3
951	1
952	1
953	2
954	2
955	3
956	3
957	1
958	2
959	2
960	2
961	3
962	3
963	2
964	3
965	0
966	1
967	0
968	3
969	0
970	3
971	3
972	2
973	1
974	0
975	3
976	0
977	3
978	3
979	0
980	3
981	2
982	3
983	0
984	3
985	2
986	2
987	3
988	0
989	3
990	3
991	0
992	0
993	3
994	0
995	0
996	2
997	3
998	2
999	3
1000	0
1001	3
1002	3
1003	3
1004	2
1005	3
1006	1
1007	2
1008	0
1009	3
1010	0
1011	3
1012	2
1013	3
1014	3
1015	0
1016	2
1017	3
1018	0
1019	2
1020	3
1021	3
1022	3
1023	0
1024	2
1025	0
1026	1
1027	3
1028	0
1029	3
1030	3
1031	1
1032	3
1033	0
1034	3
1035	3
1036	3
1037	2
1038	3
1039	0
1040	3
1041	0
1042	0
1043	0
1044	3
1045	3
1046	3
1047	1
1048	3
1049	3
1050	3
1051	3
1052	2
1053	2
1054	1
1055	0
1056	3
1057	1
1058	3
1059	1
1060	3
1061	3
1062	0
1063	2
1064	3
1065	0
1066	3
1067	2
1068	2
1069	0
1070	1
1071	2
1072	0
1073	1
1074	3
1075	3
1076	2
1077	3
1078	0
1079	0
1080	3
1081	1
1082	2
1083	3
1084	2
1085	3
1086	3
1087	3
1088	0
1089	0
1090	2
1091	3
1092	2
1093	2
1094	2
1095	0
1096	0
1097	0
1098	3
1099	0
1100	3
1101	3
1102	0
1103	0
1104	1
1105	3
1106	3
1107	2
1108	3
1109	3
1110	3
1111	2
1112	3
1113	1
1114	3
1115	1
1116	3
1117	1
1118	3
1119	0
1120	3
1121	0
1122	3
1123	0
1124	2
1125	0
1126	3
1127	2
1128	3
1129	0
1130	2
1131	2
1132	3
1133	2
1134	1
1135	3
1136	0
1137	0
1138	3
1139	3
1140	3
1141	3
1142	3
1143	0
1144	3
1145	0
1146	0
1147	2
1148	3
1149	3
1150	3
1151	3
1152	3
1153	3
1154	0
1155	0
1156	0
1157	1
1158	3
1159	1
1160	0
1161	3
1162	2
1163	3
1164	3
1165	3
1166	2
1167	1
1168	3
1169	1
1170	1
1171	3
1172	3
1173	3
1174	2
1175	3
1176	0
1177	0
1178	3
1179	0
1180	0
1181	0
1182	1
1183	0
1184	2
1185	0
1186	0
1187	0
1188	0
1189	3
1190	0
1191	0
1192	3
1193	2
1194	3
1195	2
1196	1
1197	1
1198	3
1199	0
1200	0
1201	0
1202	0
1203	0
1204	2
1205	3
1206	3
1207	3
1208	0
1209	0
1210	0
1211	0
1212	3
1213	0
1214	3
1215	3
1216	3
1217	0
1218	2
1219	0
1220	3
1221	2
1222	0
1223	0
1224	3
1225	0
1226	3
1227	0
1228	2
1229	2
1230	3
1231	1
1232	0
1233	1
1234	0
1235	0
1236	3
1237	3
1238	3
1239	0
1240	1
1241	0
1242	2
1243	3
1244	3
1245	2
1246	1
1247	3
1248	3
1249	0
1250	1
1251	3
1252	3
1253	3
1254	2
1255	3
1256	3
1257	1
1258	0
1259	0
1260	0
1261	3
1262	1
1263	0
1264	3
1265	3
1266	3
1267	3
1268	2
1269	1
1270	2
1271	2
1272	0
1273	0
1274	3
1275	3
1276	0
1277	2
1278	2
1279	1
1280	1
1281	0
1282	3
1283	3
1284	3
1285	3
1286	0
1287	0
1288	2
1289	2
1290	1
1291	2
1292	2
1293	3
1294	3
1295	3
1296	3
1297	0
1298	0
1299	2
1300	2
1301	0
1302	0
1303	0
1304	3
1305	1
1306	0
1307	0
1308	2
1309	2
1310	0
1311	3
1312	1
1313	3
1314	0
1315	1
1316	2
1317	3
1318	0
1319	3
1320	1
1321	2
1322	0
1323	0
1324	0
1325	3
1326	3
1327	0
1328	0
1329	2
1330	0
1331	0
1332	2
1333	0
1334	3
1335	2
1336	0
1337	1
1338	0
1339	1
1340	3
1341	3
1342	1
1343	3
1344	2
1345	0
1346	2
1347	0
1348	0
1349	3
1350	1
1351	0
1352	0
1353	0
1354	0
1355	3
1356	2
1357	3
1358	3
1359	0
1360	3
1361	2
1362	3
1363	0
1364	3
1365	3
1366	1
1367	0
1368	0
1369	2
1370	2
1371	0
1372	3
1373	3
1374	3
1375	0
1376	3
1377	1
1378	0
1379	3
1380	2
1381	3
1382	3
1383	0
1384	2
1385	3
1386	1
1387	2
1388	2
1389	2
1390	2
1391	0
1392	1
1393	3
1394	0
1395	2
1396	1
1397	1
1398	0
1399	3
1400	2
1401	0
1402	2
1403	3
1404	1
1405	3
1406	3
1407	0
1408	3
1409	0
1410	2
1411	3
1412	2
1413	2
1414	3
1415	3
1416	2
1417	3
1418	0
1419	3
1420	1
1421	0
1422	3
1423	0
1424	1
1425	0
1426	0
1427	0
1428	3
1429	3
1430	3
1431	2
1432	3
1433	3
1434	0
1435	3
1436	3
1437	3
1438	3
1439	2
1440	0
1441	2
1442	3
1443	3
1444	0
1445	3
1446	3
1447	0
1448	2
1449	3
1450	3
1451	2
1452	3
1453	3
1454	1
1455	0
1456	3
1457	0
1458	3
1459	0
1460	3
1461	0
1462	3
1463	3
1464	2
1465	3
1466	0
1467	3
1468	3
1469	3
1470	3
1471	3
1472	3
1473	3
1474	0
1475	3
1476	3
1477	3
1478	3
1479	0
1480	1
1481	2
1482	2
1483	3
1484	0
1485	3
1486	3
1487	3
1488	0
1489	1
1490	3
1491	0
1492	3
1493	3
1494	1
1495	3
1496	2
1497	2
1498	0
1499	3
1500	3
1501	1
1502	1
1503	0
1504	0
1505	3
1506	2
1507	0
1508	0
1509	3
1510	3
1511	3
1512	0
1513	3
1514	1
1515	3
1516	3
1517	3
1518	2
1519	0
1520	1
1521	2
1522	2
1523	2
1524	1
1525	2
1526	3
1527	3
1528	0
1529	3
1530	3
1531	3
1532	0
1533	2
1534	3
1535	3
1536	3
1537	3
1538	3
1539	0
1540	2
1541	3
1542	3
1543	0
1544	3
1545	3
1546	0
1547	1
1548	0
1549	0
1550	3
1551	0
1552	3
1553	3
1554	2
1555	1
1556	0
1557	0
1558	0
1559	0
1560	3
1561	3
1562	2
1563	0
1564	3
1565	3
1566	3
1567	0
1568	3
1569	0
1570	1
1571	0
1572	3
1573	0
1574	0
1575	3
1576	3
1577	3
1578	3
1579	0
1580	2
1581	1
1582	2
1583	3
1584	3
1585	2
1586	2
1587	1
1588	0
1589	0
1590	3
1591	3
1592	3
1593	3
1594	3
1595	2
1596	3
1597	0
1598	3
1599	0
1600	2
1601	1
1602	3
1603	1
1604	2
1605	0
1606	3
1607	0
1608	3
1609	3
1610	0
1611	3
1612	3
1613	2
1614	1
1615	3
1616	3
1617	0
1618	1
1619	3
1620	2
1621	3
1622	3
1623	2
1624	2
1625	2
1626	0
1627	3
1628	3
1629	3
1630	3
1631	2
1632	3
1633	3
1634	0
1635	3
1636	3
1637	1
1638	0
1639	0
1640	1
1641	3
1642	0
1643	3
1644	0
1645	3
1646	3
1647	3
1648	3
1649	0
1650	3
1651	0
1652	3
1653	3
1654	1
1655	2
1656	3
1657	1
1658	0
1659	1
1660	0
1661	3
1662	2
1663	3
1664	0
1665	3
1666	3
1667	2
1668	0
1669	3
1670	2
1671	3
1672	0
1673	3
1674	1
1675	3
1676	0
1677	2
1678	0
1679	0
1680	2
1681	3
1682	1
1683	2
1684	3
1685	3
1686	1
1687	0
1688	3
1689	3
1690	0
1691	3
1692	2
1693	2
1694	3
1695	3
1696	3
1697	0
1698	1
1699	3
1700	3
1701	0
1702	0
1703	1
1704	1
1705	2
1706	2
1707	3
1708	2
1709	1
1710	2
1711	0
1712	3
1713	3
1714	3
1715	2
1716	3
1717	0
1718	3
1719	3
1720	3
1721	0
1722	3
1723	0
1724	3
1725	3
1726	1
1727	2
1728	2
1729	2
1730	3
1731	0
1732	3
1733	3
1734	2
1735	3
1736	2
1737	3
1738	0
1739	0
1740	3
1741	3
1742	3
1743	3
1744	2
1745	3
1746	1
1747	0
1748	3
1749	3
1750	3
1751	2
1752	0
1753	2
1754	3
1755	2
1756	3
1757	3
1758	3
1759	1
1760	3
1761	3
1762	3
1763	3
1764	3
1765	3
1766	1
1767	0
1768	2
1769	3
1770	3
1771	0
1772	0
1773	3
1774	2
1775	0
1776	0
1777	1
1778	3
1779	2
1780	3
1781	3
1782	3
1783	1
1784	3
1785	3
1786	0
1787	3
1788	2
1789	3
1790	3
1791	0
1792	0
1793	3
1794	3
1795	2
1796	0
1797	3
1798	3
1799	3
1800	2
1801	0
1802	3
1803	0
1804	1
1805	2
1806	2
1807	1
1808	0
1809	3
1810	1
1811	3
1812	2
1813	3
1814	3
1815	1
1816	0
1817	0
1818	0
1819	0
1820	0
1821	0
1822	2
1823	1
1824	3
1825	3
1826	2
1827	3
1828	3
1829	1
1830	3
1831	0
1832	3
1833	2
1834	3
1835	0
1836	2
1837	1
1838	1
1839	3
1840	1
1841	0
1842	3
1843	2
1844	3
1845	3
1846	3
1847	0
1848	0
1849	3
1850	2
1851	3
1852	3
1853	3
1854	3
1855	3
1856	2
1857	3
1858	0
1859	3
1860	3
1861	3
1862	3
1863	3
1864	2
1865	0
1866	3
1867	1
1868	0
1869	3
1870	3
1871	3
1872	0
1873	3
1874	3
1875	2
1876	3
1877	2
1878	0
1879	3
1880	0
1881	3
1882	3
1883	0
1884	0
1885	1
1886	1
1887	3
1888	0
1889	3
1890	3
1891	0
1892	3
1893	3
1894	2
1895	3
1896	0
1897	3
1898	3
1899	2
1900	3
1901	3
1902	0
1903	3
1904	0
1905	3
1906	0
1907	2
1908	3
1909	1
1910	1
1911	3
1912	2
1913	3
1914	3
1915	0
1916	3
1917	3
1918	0
1919	3
1920	2
1921	3
1922	1
1923	3
1924	3
1925	3
1926	3
1927	2
1928	3
1929	3
1930	3
1931	0
1932	2
1933	0
1934	3
1935	2
1936	3
1937	0
1938	2
1939	0
1940	2
1941	3
1942	3
1943	3
1944	3
1945	2
1946	2
1947	2
1948	3
1949	3
1950	3
1951	2
1952	3
1953	1
1954	2
1955	0
1956	3
1957	3
1958	3
1959	3
1960	2
1961	3
1962	3
1963	1
1964	3
1965	3
1966	0
1967	2
1968	2
1969	0
1970	3
1971	0
1972	2
1973	3
1974	1
1975	1
1976	3
1977	3
1978	3
1979	2
1980	3
1981	2
1982	2
1983	0
1984	0
1985	0
1986	3
1987	0
1988	0
1989	3
1990	3
1991	0
1992	0
1993	2
1994	0
1995	1
1996	1
1997	2
1998	0
1999	0
2000	0
2001	0
2002	3
2003	0
2004	2
2005	3
2006	2
2007	0
2008	0
2009	0
2010	2
2011	3
2012	0
2013	1
2014	2
2015	1
2016	0
2017	0
2018	3
2019	0
2020	1
2021	3
2022	3
2023	3
2024	0
2025	0
2026	3
2027	0
2028	3
2029	3
2030	3
2031	0
2032	2
2033	0
2034	3
2035	0
2036	3
2037	0
2038	3
2039	3
2040	3
2041	0
2042	3
2043	1
2044	3
2045	0
2046	2
2047	0
2048	3
2049	0
2050	3
2051	0
2052	2
2053	0
2054	0
2055	3
2056	2
2057	0
2058	3
2059	1
2060	2
2061	3
2062	0
2063	2
2064	3
2065	1
2066	3
2067	3
2068	1
2069	0
2070	0
2071	3
2072	2
2073	2
2074	3
2075	3
2076	2
2077	3
2078	0
2079	3
2080	3
2081	3
2082	3
2083	2
2084	0
2085	1
2086	0
2087	0
2088	3
2089	3
2090	3
2091	3
2092	0
2093	0
2094	3
2095	3
2096	2
2097	0
2098	0
2099	2
2100	0
2101	0
2102	0
2103	1
2104	1
2105	0
2106	3
2107	0
2108	0
2109	3
2110	0
2111	3
2112	3
2113	0
2114	0
2115	0
2116	0
2117	0
2118	3
2119	2
2120	1
2121	0
2122	0
2123	0
2124	0
2125	0
2126	0
2127	3
2128	3
2129	3
2130	0
2131	0
2132	2
2133	1
2134	0
2135	2
2136	3
2137	0
2138	0
2139	2
2140	3
2141	0
2142	0
2143	2
2144	3
2145	2
2146	0
2147	0
2148	3
2149	0
2150	0
2151	3
2152	3
2153	2
2154	3
2155	3
2156	0
2157	0
2158	3
2159	3
2160	3
2161	0
2162	0
2163	1
2164	3
2165	1
2166	3
2167	0
2168	0
2169	0
2170	3
2171	1
2172	3
2173	0
2174	3
2175	3
2176	3
2177	0
2178	3
2179	0
2180	3
2181	0
2182	2
2183	3
2184	2
2185	3
2186	3
2187	2
2188	3
2189	0
2190	3
2191	3
2192	2
2193	0
2194	3
2195	0
2196	3
2197	2
2198	0
2199	2
2200	3
2201	1
2202	2
2203	0
2204	1
2205	1
2206	0
2207	0
2208	3
2209	2
2210	2
2211	0
2212	3
2213	0
2214	3
2215	2
2216	3
2217	2
2218	2
2219	3
2220	1
2221	2
2222	3
2223	1
2224	3
2225	3
2226	2
2227	2
2228	1
2229	0
2230	3
2231	3
2232	3
2233	0
2234	0
2235	3
2236	1
2237	0
2238	3
2239	1
2240	3
2241	2
2242	0
2243	1
2244	1
2245	0
2246	3
2247	3
2248	3
2249	1
2250	3
2251	1
2252	0
2253	0
2254	0
2255	2
2256	2
2257	3
2258	0
2259	2
2260	3
2261	3
2262	3
2263	3
2264	2
2265	3
2266	2
2267	3
2268	3
2269	1
2270	1
2271	3
2272	0
2273	3
2274	0
2275	3
2276	3
2277	2
2278	3
2279	0
2280	3
2281	3
2282	0
2283	1
2284	3
2285	0
2286	2
2287	2
2288	3
2289	3
2290	0
2291	2
2292	2
2293	0
2294	3
2295	2
2296	3
2297	2
2298	0
2299	3
2300	3
2301	1
2302	3
2303	2
2304	3
2305	3
2306	2
2307	0
2308	0
2309	0
2310	3
2311	3
2312	3
2313	0
2314	3
2315	0
2316	3
2317	0
2318	3
2319	3
2320	3
2321	3
2322	3
2323	0
2324	3
2325	0
2326	3
2327	2
2328	3
2329	3
2330	3
2331	2
2332	3
2333	1
2334	3
2335	0
2336	3
2337	0
2338	3
2339	0
2340	3
2341	3
2342	3
2343	3
2344	3
2345	3
2346	0
2347	0
2348	2
2349	3
2350	3
2351	3
2352	0
2353	1
2354	3
2355	0
2356	3
2357	0
2358	3
2359	3
2360	3
2361	3
2362	3
2363	0
2364	3
2365	3
2366	3
2367	3
2368	3
2369	0
2370	3
2371	2
2372	3
2373	2
2374	2
2375	2
2376	3
2377	0
2378	3
2379	2
2380	3
2381	0
2382	3
2383	0
2384	3
2385	3
2386	0
2387	2
2388	3
2389	0
2390	3
2391	3
2392	3
2393	0
2394	3
2395	3
2396	3
2397	0
2398	2
2399	0
2400	3
2401	1
2402	1
2403	3
2404	3
2405	3
2406	3
2407	3
2408	3
2409	2
2410	3
2411	2
2412	3
2413	3
2414	3
2415	3
2416	3
2417	0
2418	0
2419	2
2420	0
2421	0
2422	3
2423	2
2424	0
2425	3
2426	0
2427	0
2428	3
2429	0
2430	3
2431	3
2432	1
2433	1
2434	3
2435	3
2436	3
2437	3
2438	1
2439	3
2440	2
2441	0
2442	3
2443	3
2444	0
2445	3
2446	3
2447	3
2448	2
2449	3
2450	3
2451	3
2452	3
2453	3
2454	0
2455	2
2456	2
2457	0
2458	2
2459	0
2460	3
2461	1
2462	3
2463	0
2464	2
2465	1
2466	0
2467	0
2468	3
2469	3
2470	1
2471	3
2472	3
2473	0
2474	3
2475	3
2476	3
2477	3
2478	2
2479	3
2480	2
2481	1
2482	3
2483	1
2484	3
2485	3
2486	3
2487	3
2488	2
2489	3
2490	3
2491	1
2492	3
2493	3
2494	3
2495	1
2496	2
2497	0
2498	0
2499	1
2500	3
2501	3
2502	2
2503	3
2504	2
2505	0
2506	1
2507	1
2508	0
2509	3
2510	3
2511	0
2512	2
2513	1
2514	3
2515	2
2516	3
2517	3
2518	3
2519	2
2520	0
2521	1
2522	3
2523	3
2524	3
2525	3
2526	0
2527	3
2528	2
2529	0
2530	3
2531	3
2532	0
2533	3
2534	3
2535	3
2536	3
2537	2
2538	0
2539	3
2540	2
2541	3
2542	3
2543	3
2544	2
2545	0
2546	1
2547	1
2548	3
2549	3
2550	0
2551	1
2552	3
2553	3
2554	3
2555	0
2556	3
2557	0
2558	3
2559	0
2560	1
2561	3
2562	2
2563	3
2564	0
2565	1
2566	0
2567	0
2568	3
2569	0
2570	0
2571	0
2572	3
2573	3
2574	3
2575	0
2576	2
2577	3
2578	0
2579	3
2580	2
2581	1
2582	3
2583	0
2584	3
2585	2
2586	3
2587	0
2588	0
2589	0
2590	0
2591	3
2592	0
2593	0
2594	0
2595	0
2596	0
2597	0
2598	0
2599	2
2600	3
2601	1
2602	3
2603	3
2604	3
2605	0
2606	0
2607	3
2608	0
2609	0
2610	3
2611	0
2612	2
2613	0
2614	3
2615	0
2616	0
2617	0
2618	3
2619	0
2620	0
2621	0
2622	3
2623	0
2624	3
2625	0
2626	3
2627	2
2628	1
2629	3
2630	3
2631	3
2632	2
2633	3
2634	1
2635	3
2636	1
2637	0
2638	2
2639	3
2640	3
2641	0
2642	3
2643	3
2644	3
2645	2
2646	0
2647	3
2648	3
2649	0
2650	3
2651	3
2652	2
2653	0
2654	0
2655	3
2656	2
2657	3
2658	3
2659	3
2660	3
2661	0
2662	0
2663	3
2664	3
2665	3
2666	3
2667	3
2668	3
2669	0
2670	0
2671	3
2672	2
2673	3
2674	1
2675	3
2676	2
2677	0
2678	0
2679	3
2680	3
2681	0
2682	2
2683	2
2684	2
2685	1
2686	0
2687	3
2688	0
2689	0
2690	0
2691	0
2692	3
2693	2
2694	0
2695	3
2696	0
2697	1
2698	0
2699	3
2700	3
2701	0
2702	3
2703	1
2704	0
2705	2
2706	2
2707	3
2708	3
2709	1
2710	3
2711	3
2712	2
2713	1
2714	0
2715	1
2716	3
2717	2
2718	0
2719	0
2720	2
2721	0
2722	0
2723	1
2724	3
2725	2
2726	3
2727	2
2728	3
2729	0
2730	0
2731	1
2732	2
2733	0
2734	3
2735	3
2736	0
2737	0
2738	3
2739	3
2740	2
2741	2
2742	3
2743	3
2744	0
2745	3
2746	1
2747	3
2748	1
2749	3
2750	3
2751	0
2752	3
2753	1
2754	3
2755	3
2756	1
2757	0
2758	3
2759	3
2760	0
2761	3
2762	2
2763	3
2764	1
2765	0
2766	3
2767	2
2768	0
2769	0
2770	0
2771	3
2772	3
2773	1
2774	3
2775	2
2776	0
2777	3
2778	0
2779	2
2780	3
2781	0
2782	3
2783	3
2784	0
2785	3
2786	0
2787	3
2788	2
2789	0
2790	3
2791	2
2792	3
2793	0
2794	3
2795	2
2796	2
2797	0
2798	3
2799	0
2800	3
2801	2
2802	2
2803	3
2804	3
2805	0
2806	3
2807	3
2808	3
2809	3
2810	3
2811	3
2812	0
2813	0
2814	0
2815	1
2816	3
2817	0
2818	0
2819	0
2820	0
2821	3
2822	2
2823	3
2824	3
2825	2
2826	0
2827	3
2828	3
2829	3
2830	3
2831	2
2832	0
2833	3
2834	3
2835	3
2836	0
2837	3
2838	3
2839	0
2840	3
2841	0
2842	3
2843	0
2844	2
2845	1
2846	0
2847	0
2848	0
2849	3
2850	3
2851	1
2852	2
2853	3
2854	3
2855	3
2856	1
2857	0
2858	3
2859	2
2860	2
2861	3
2862	0
2863	2
2864	1
2865	3
2866	3
2867	0
2868	2
2869	1
2870	3
2871	2
2872	0
2873	2
2874	3
2875	0
2876	1
2877	3
2878	3
2879	0
2880	1
2881	3
2882	3
2883	0
2884	1
2885	3
2886	3
2887	1
2888	1
2889	2
2890	3
2891	3
2892	3
2893	1
2894	0
2895	3
2896	0
2897	1
2898	0
2899	0
2900	3
2901	0
2902	0
2903	0
2904	3
2905	2
2906	3
2907	0
2908	3
2909	3
2910	0
2911	1
2912	0
2913	3
2914	0
2915	3
2916	3
2917	1
2918	0
2919	0
2920	3
2921	0
2922	3
2923	3
2924	3
2925	1
2926	3
2927	0
2928	2
2929	2
2930	1
2931	3
2932	3
2933	0
2934	2
2935	0
2936	0
2937	0
2938	3
2939	3
2940	3
2941	3
2942	0
2943	0
2944	3
2945	2
2946	3
2947	0
2948	2
2949	3
2950	0
2951	3
2952	3
2953	1
2954	3
2955	2
2956	3
2957	3
2958	2
2959	3
2960	3
2961	2
2962	0
2963	0
2964	3
2965	0
2966	2
2967	2
2968	0
2969	3
2970	0
2971	3
2972	3
2973	1
2974	3
2975	2
2976	0
2977	3
2978	3
2979	2
2980	3
2981	3
2982	0
2983	1
2984	3
2985	3
2986	0
2987	3
2988	3
2989	0
2990	3
2991	0
2992	3
2993	2
2994	0
2995	0
2996	2
2997	0
2998	0
2999	0
3000	0
3001	2
3002	0
3003	0
3004	2
3005	2
3006	3
3007	3
3008	1
3009	2
3010	3
3011	0
3012	3
3013	1
3014	0
3015	3
3016	2
3017	3
3018	0
3019	3
3020	3
3021	3
3022	0
3023	0
3024	1
3025	0
3026	3
3027	3
3028	3
3029	1
3030	0
3031	2
3032	1
3033	0
3034	0
3035	2
3036	3
3037	3
3038	0
3039	0
3040	3
3041	3
3042	3
3043	0
3044	2
3045	3
3046	0
3047	2
3048	3
3049	0
3050	3
3051	3
3052	1
3053	0
3054	0
3055	2
3056	2
3057	0
3058	0
3059	0
3060	3
3061	1
3062	0
3063	2
3064	1
3065	0
3066	3
3067	1
3068	1
3069	2
3070	0
3071	0
3072	3
3073	0
3074	2
3075	0
3076	3
3077	0
3078	0
3079	3
3080	3
3081	3
3082	3
3083	0
3084	0
3085	0
3086	3
3087	2
3088	3
3089	1
3090	1
3091	3
3092	3
3093	0
3094	1
3095	2
3096	3
3097	0
3098	2
3099	0
3100	0
3101	0
3102	3
3103	0
3104	3
3105	3
3106	1
3107	3
3108	3
3109	3
3110	2
3111	0
3112	0
3113	3
3114	3
3115	3
3116	3
3117	1
3118	2
3119	2
3120	0
3121	1
3122	2
3123	2
3124	0
3125	3
3126	3
3127	3
3128	0
3129	0
3130	2
3131	0
3132	3
3133	1
3134	3
3135	3
3136	3
3137	3
3138	0
3139	2
3140	2
3141	2
3142	3
3143	2
3144	0
3145	3
3146	1
3147	2
3148	3
3149	3
3150	1
3151	0
3152	3
3153	0
3154	1
3155	3
3156	3
3157	0
3158	3
3159	2
3160	3
3161	1
3162	0
3163	3
3164	3
3165	3
3166	3
3167	3
3168	3
3169	0
3170	3
3171	2
3172	0
3173	1
3174	0
3175	3
3176	2
3177	3
3178	1
3179	3
3180	3
3181	0
3182	3
3183	0
3184	3
3185	3
3186	0
3187	1
3188	2
3189	3
3190	3
3191	3
3192	3
3193	0
3194	2
3195	1
3196	3
3197	0
3198	2
3199	1
3200	3
3201	3
3202	0
3203	0
3204	3
3205	1
3206	0
3207	0
3208	3
3209	2
3210	3
3211	3
3212	0
3213	0
3214	3
3215	0
3216	2
3217	0
3218	2
3219	3
3220	3
3221	2
3222	2
3223	0
3224	2
3225	3
3226	3
3227	3
3228	3
3229	0
3230	2
3231	0
3232	3
3233	2
3234	0
3235	0
3236	3
3237	0
3238	2
3239	0
3240	2
3241	2
3242	3
3243	3
3244	3
3245	0
3246	3
3247	3
3248	3
3249	0
3250	0
3251	2
3252	2
3253	3
3254	3
3255	3
3256	3
3257	0
3258	0
3259	2
3260	0
3261	2
3262	2
3263	3
3264	0
3265	0
3266	0
3267	1
3268	0
3269	1
3270	2
3271	3
3272	3
3273	0
3274	3
3275	2
3276	0
3277	3
3278	3
3279	2
3280	2
3281	1
3282	0
3283	2
3284	0
3285	0
3286	3
3287	0
3288	0
3289	1
3290	3
3291	3
3292	0
3293	0
3294	1
3295	2
3296	0
3297	2
3298	3
3299	3
3300	3
3301	1
3302	0
3303	0
3304	0
3305	0
3306	1
3307	3
3308	1
3309	2
3310	2
3311	2
3312	2
3313	3
3314	3
3315	1
3316	3
3317	0
3318	1
3319	0
3320	2
3321	3
3322	3
3323	1
3324	1
3325	0
3326	1
3327	0
3328	0
3329	1
3330	3
3331	2
3332	0
3333	0
3334	2
3335	3
3336	1
3337	2
3338	3
3339	3
3340	0
3341	0
3342	2
3343	0
3344	0
3345	3
3346	0
3347	3
3348	0
3349	0
3350	2
3351	0
3352	0
3353	2
3354	0
3355	1
3356	0
3357	3
3358	2
3359	0
3360	2
3361	0
3362	2
3363	3
3364	2
3365	2
3366	3
3367	3
3368	3
3369	3
3370	1
3371	1
3372	3
3373	3
3374	3
3375	0
3376	3
3377	3
3378	2
3379	3
3380	0
3381	0
3382	3
3383	2
3384	0
3385	0
3386	0
3387	3
3388	3
3389	0
3390	3
3391	2
3392	2
3393	3
3394	3
3395	0
3396	3
3397	3
3398	3
3399	2
3400	1
3401	1
3402	1
3403	1
3404	3
3405	2
3406	3
3407	3
3408	1
3409	0
3410	0
3411	0
3412	3
3413	0
3414	0
3415	3
3416	2
3417	2
3418	0
3419	2
3420	3
3421	0
3422	3
3423	3
3424	3
3425	1
3426	0
3427	1
3428	0
3429	3
3430	0
3431	2
3432	3
3433	0
3434	3
3435	3
3436	3
3437	0
3438	0
3439	3
3440	0
3441	3
3442	2
3443	0
3444	0
3445	0
3446	0
3447	3
3448	0
3449	0
3450	3
3451	0
3452	3
3453	2
3454	0
3455	0
3456	3
3457	0
3458	0
3459	1
3460	2
3461	0
3462	0
3463	0
3464	3
3465	0
3466	0
3467	2
3468	0
3469	0
3470	3
3471	0
3472	0
3473	0
3474	3
3475	3
3476	3
3477	1
3478	0
3479	3
3480	3
3481	3
3482	3
3483	0
3484	3
3485	2
3486	0
3487	0
3488	0
3489	3
3490	3
3491	3
3492	2
3493	3
3494	0
3495	3
3496	0
3497	2
3498	3
3499	3
3500	1
3501	0
3502	3
3503	0
3504	2
3505	2
3506	3
3507	1
3508	0
3509	3
3510	3
3511	0
3512	0
3513	3
3514	0
3515	2
3516	0
3517	1
3518	2
3519	3
3520	1
3521	0
3522	3
3523	2
3524	2
3525	3
3526	0
3527	3
3528	0
3529	2
3530	1
3531	0
3532	1
3533	0
3534	2
3535	3
3536	0
3537	0
3538	3
3539	3
3540	1
3541	3
3542	3
3543	3
3544	1
3545	1
3546	0
3547	0
3548	0
3549	0
3550	0
3551	0
3552	3
3553	3
3554	0
3555	0
3556	2
3557	2
3558	2
3559	3
3560	3
3561	3
3562	2
3563	3
3564	3
3565	0
3566	3
3567	3
3568	2
3569	2
3570	2
3571	1
3572	2
3573	1
3574	3
3575	0
3576	3
3577	3
3578	0
3579	2
3580	2
3581	2
3582	2
3583	3
3584	0
3585	0
3586	0
3587	2
3588	3
3589	3
3590	3
3591	3
3592	2
3593	0
3594	0
3595	0
3596	3
3597	3
3598	3
3599	2
3600	3
3601	0
3602	3
3603	3
3604	2
3605	0
3606	1
3607	3
3608	2
3609	0
3610	0
3611	3
3612	3
3613	0
3614	0
3615	2
3616	3
3617	3
3618	3
3619	3
3620	3
3621	0
3622	3
3623	3
3624	3
3625	3
3626	3
3627	3
3628	3
3629	0
3630	3
3631	3
3632	3
3633	3
3634	3
3635	3
3636	0
3637	2
3638	3
3639	3
3640	0
3641	0
3642	1
3643	3
3644	2
3645	3
3646	3
3647	3
3648	1
3649	3
3650	3
3651	2
3652	3
3653	3
3654	2
3655	2
3656	2
3657	0
3658	3
3659	0
3660	0
3661	0
3662	3
3663	0
3664	3
3665	2
3666	3
3667	3
3668	3
3669	0
3670	3
3671	3
3672	2
3673	2
3674	3
3675	3
3676	3
3677	3
3678	3
3679	2
3680	3
3681	0
3682	3
3683	3
3684	3
3685	0
3686	0
3687	3
3688	2
3689	3
3690	2
3691	3
3692	3
3693	3
3694	2
3695	0
3696	3
3697	3
3698	3
3699	3
3700	3
3701	3
3702	3
3703	1
3704	2
3705	3
3706	0
3707	1
3708	3
3709	0
3710	3
3711	0
3712	2
3713	3
3714	1
3715	3
3716	3
3717	0
3718	2
3719	3
3720	3
3721	3
3722	0
3723	3
3724	3
3725	3
3726	1
3727	3
3728	3
3729	0
3730	2
3731	3
3732	3
3733	0
3734	3
3735	1
3736	0
3737	2
3738	0
3739	2
3740	3
3741	1
3742	3
3743	3
3744	3
3745	1
3746	0
3747	2
3748	3
3749	1
3750	3
3751	3
3752	3
3753	2
3754	1
3755	3
3756	1
3757	0
3758	3
3759	3
3760	2
3761	3
3762	3
3763	3
3764	0
3765	0
3766	3
3767	2
3768	3
3769	0
3770	3
3771	0
3772	2
3773	3
3774	3
3775	3
3776	2
3777	3
3778	0
3779	0
3780	3
3781	3
3782	2
3783	3
3784	1
3785	3
3786	0
3787	2
3788	2
3789	1
3790	3
3791	2
3792	0
3793	3
3794	3
3795	3
3796	3
3797	3
3798	3
3799	3
3800	3
3801	1
3802	3
3803	0
3804	0
3805	3
3806	3
3807	1
3808	2
3809	0
3810	3
3811	3
3812	0
3813	0
3814	2
3815	2
3816	0
3817	1
3818	0
3819	0
3820	3
3821	0
3822	3
3823	0
3824	0
3825	3
3826	3
3827	3
3828	2
3829	0
3830	3
3831	0
3832	2
3833	2
3834	0
3835	1
3836	2
3837	0
3838	2
3839	1
3840	2
3841	3
3842	1
3843	0
3844	3
3845	3
3846	0
3847	1
3848	3
3849	0
3850	0
3851	0
3852	0
3853	2
3854	0
3855	0
3856	3
3857	3
3858	0
3859	1
3860	2
3861	0
3862	1
3863	0
3864	3
3865	3
3866	0
3867	0
3868	0
3869	3
3870	0
3871	1
3872	3
3873	3
3874	0
3875	3
3876	2
3877	3
3878	2
3879	3
3880	0
3881	0
3882	0
3883	0
3884	2
3885	0
3886	0
3887	3
3888	2
3889	0
3890	0
3891	0
3892	0
3893	3
3894	3
3895	0
3896	0
3897	2
3898	2
3899	1
3900	1
3901	0
3902	3
3903	0
3904	0
3905	0
3906	0
3907	0
3908	3
3909	0
3910	0
3911	0
3912	2
3913	0
3914	0
3915	3
3916	0
3917	3
3918	3
3919	3
3920	0
3921	0
3922	0
3923	3
3924	3
3925	3
3926	2
3927	3
3928	3
3929	2
3930	0
3931	3
3932	0
3933	3
3934	3
3935	2
3936	3
3937	3
3938	0
3939	2
3940	2
3941	3
3942	0
3943	3
3944	3
3945	0
3946	0
3947	3
3948	1
3949	0
3950	3
3951	0
3952	0
3953	0
3954	3
3955	0
3956	2
3957	0
3958	3
3959	0
3960	3
3961	0
3962	2
3963	3
3964	0
3965	2
3966	3
3967	0
3968	3
3969	3
3970	0
3971	2
3972	3
3973	1
3974	1
3975	3
3976	3
3977	3
3978	0
3979	2
3980	3
3981	1
3982	2
3983	0
3984	3
3985	0
3986	0
3987	2
3988	0
3989	1
3990	2
3991	0
3992	3
3993	3
3994	1
3995	3
3996	0
3997	0
3998	3
3999	0
4000	2
4001	3
4002	1
4003	3
4004	1
4005	3
4006	0
4007	0
4008	3
4009	2
4010	0
4011	1
4012	3
4013	3
4014	2
4015	3
4016	3
4017	0
4018	3
4019	2
4020	3
4021	3
4022	2
4023	0
4024	3
4025	3
4026	2
4027	3
4028	3
4029	2
4030	0
4031	0
4032	2
4033	2
4034	0
4035	0
4036	3
4037	1
4038	2
4039	2
4040	3
4041	3
4042	0
4043	3
4044	3
4045	3
4046	2
4047	3
4048	3
4049	3
4050	3
4051	3
4052	3
4053	2
4054	0
4055	0
4056	3
4057	3
4058	3
4059	1
4060	3
4061	3
4062	3
4063	0
4064	2
4065	0
4066	0
4067	3
4068	2
4069	3
4070	2
4071	3
4072	3
4073	0
4074	3
4075	0
4076	1
4077	3
4078	2
4079	3
4080	3
4081	0
4082	0
4083	0
4084	3
4085	3
4086	3
4087	0
4088	3
4089	2
4090	0
4091	0
4092	0
4093	0
4094	3
4095	0
