COMMAND
./sim gshare 13 3 ./proj2-traces/gcc_trace.txt
OUTPUT
number of predictions:2000000
number of mispredictions:215766
misprediction rate:   10.79%
FINAL GSHARE CONTENTS
0	0
1	2
2	3
3	1
4	3
5	0
6	0
7	2
8	0
9	0
10	0
11	0
12	1
13	0
14	3
15	3
16	0
17	1
18	3
19	0
20	3
21	3
22	3
23	3
24	0
25	0
26	3
27	3
28	0
29	3
30	1
31	0
32	2
33	1
34	3
35	3
36	0
37	0
38	3
39	0
40	0
41	0
42	3
43	0
44	3
45	0
46	0
47	0
48	3
49	2
50	2
51	2
52	2
53	0
54	3
55	2
56	2
57	0
58	0
59	0
60	3
61	0
62	1
63	0
64	0
65	2
66	3
67	0
68	3
69	0
70	3
71	3
72	0
73	3
74	3
75	0
76	0
77	3
78	3
79	0
80	3
81	3
82	2
83	0
84	3
85	2
86	0
87	3
88	0
89	3
90	3
91	3
92	0
93	0
94	0
95	1
96	0
97	0
98	1
99	0
100	2
101	3
102	0
103	3
104	2
105	3
106	3
107	3
108	0
109	2
110	3
111	1
112	0
113	3
114	0
115	3
116	3
117	3
118	1
119	3
120	0
121	0
122	0
123	0
124	3
125	0
126	1
127	0
128	3
129	3
130	3
131	0
132	2
133	2
134	0
135	3
136	2
137	1
138	3
139	3
140	0
141	0
142	3
143	0
144	0
145	3
146	3
147	3
148	2
149	2
150	0
151	3
152	3
153	0
154	3
155	3
156	0
157	3
158	3
159	2
160	3
161	3
162	0
163	3
164	0
165	2
166	3
167	0
168	1
169	3
170	0
171	3
172	1
173	0
174	3
175	0
176	3
177	3
178	3
179	0
180	0
181	0
182	2
183	3
184	0
185	3
186	0
187	1
188	0
189	2
190	3
191	3
192	0
193	3
194	2
195	0
196	3
197	0
198	1
199	0
200	0
201	1
202	0
203	0
204	1
205	0
206	3
207	0
208	3
209	0
210	0
211	3
212	0
213	1
214	1
215	0
216	3
217	0
218	3
219	2
220	3
221	0
222	0
223	0
224	0
225	3
226	3
227	0
228	0
229	2
230	3
231	0
232	3
233	0
234	3
235	3
236	0
237	3
238	0
239	0
240	0
241	0
242	3
243	3
244	0
245	3
246	0
247	0
248	0
249	3
250	3
251	0
252	2
253	0
254	3
255	2
256	0
257	0
258	3
259	0
260	2
261	2
262	0
263	0
264	2
265	0
266	0
267	3
268	1
269	2
270	0
271	3
272	1
273	3
274	0
275	0
276	3
277	3
278	0
279	2
280	0
281	0
282	0
283	3
284	3
285	3
286	0
287	3
288	0
289	0
290	3
291	1
292	2
293	0
294	2
295	1
296	3
297	3
298	1
299	2
300	3
301	2
302	0
303	2
304	0
305	0
306	3
307	2
308	3
309	0
310	0
311	1
312	3
313	3
314	2
315	3
316	0
317	0
318	2
319	0
320	3
321	2
322	0
323	2
324	0
325	3
326	0
327	2
328	0
329	2
330	3
331	0
332	3
333	3
334	3
335	3
336	3
337	3
338	0
339	3
340	0
341	2
342	0
343	2
344	3
345	0
346	3
347	3
348	0
349	3
350	3
351	0
352	0
353	0
354	1
355	0
356	1
357	3
358	3
359	3
360	0
361	0
362	3
363	0
364	3
365	0
366	0
367	2
368	2
369	3
370	0
371	0
372	0
373	0
374	3
375	0
376	1
377	0
378	0
379	3
380	3
381	3
382	2
383	3
384	3
385	3
386	0
387	0
388	0
389	1
390	0
391	0
392	0
393	3
394	1
395	0
396	1
397	3
398	3
399	3
400	0
401	3
402	0
403	0
404	3
405	3
406	3
407	3
408	2
409	0
410	3
411	3
412	3
413	0
414	0
415	0
416	2
417	0
418	2
419	0
420	0
421	0
422	3
423	3
424	0
425	0
426	0
427	3
428	0
429	0
430	3
431	0
432	3
433	1
434	0
435	0
436	0
437	0
438	2
439	0
440	3
441	0
442	1
443	3
444	3
445	3
446	3
447	3
448	1
449	2
450	0
451	0
452	0
453	0
454	2
455	3
456	1
457	0
458	3
459	0
460	2
461	3
462	3
463	0
464	0
465	1
466	2
467	3
468	3
469	3
470	2
471	1
472	0
473	1
474	0
475	1
476	0
477	2
478	1
479	3
480	1
481	1
482	0
483	0
484	0
485	0
486	0
487	0
488	3
489	0
490	0
491	3
492	0
493	3
494	2
495	0
496	3
497	3
498	0
499	0
500	2
501	3
502	3
503	3
504	0
505	0
506	0
507	1
508	0
509	3
510	2
511	0
512	3
513	3
514	0
515	2
516	3
517	2
518	3
519	0
520	3
521	0
522	2
523	3
524	3
525	3
526	3
527	1
528	3
529	0
530	3
531	2
532	0
533	3
534	0
535	0
536	0
537	2
538	0
539	0
540	0
541	3
542	3
543	3
544	2
545	1
546	1
547	3
548	3
549	0
550	2
551	3
552	2
553	0
554	0
555	0
556	3
557	0
558	0
559	0
560	0
561	0
562	2
563	3
564	3
565	0
566	0
567	0
568	3
569	0
570	0
571	3
572	3
573	0
574	2
575	0
576	1
577	3
578	3
579	0
580	0
581	0
582	2
583	3
584	0
585	0
586	3
587	3
588	0
589	3
590	3
591	0
592	3
593	2
594	0
595	0
596	3
597	3
598	1
599	0
600	0
601	2
602	0
603	0
604	3
605	3
606	0
607	0
608	0
609	3
610	0
611	3
612	3
613	0
614	3
615	0
616	0
617	2
618	1
619	1
620	3
621	0
622	3
623	1
624	2
625	3
626	0
627	3
628	1
629	0
630	3
631	0
632	0
633	1
634	3
635	0
636	0
637	3
638	0
639	2
640	0
641	0
642	3
643	0
644	1
645	3
646	3
647	0
648	0
649	0
650	2
651	3
652	0
653	2
654	0
655	3
656	3
657	0
658	0
659	1
660	3
661	2
662	3
663	3
664	1
665	1
666	3
667	0
668	0
669	1
670	3
671	2
672	3
673	1
674	0
675	0
676	0
677	3
678	0
679	0
680	2
681	3
682	3
683	0
684	0
685	0
686	2
687	3
688	3
689	3
690	2
691	0
692	2
693	0
694	3
695	0
696	3
697	0
698	2
699	3
700	3
701	3
702	3
703	0
704	0
705	0
706	3
707	2
708	0
709	3
710	3
711	0
712	0
713	0
714	0
715	0
716	3
717	3
718	3
719	0
720	3
721	0
722	3
723	0
724	0
725	3
726	0
727	0
728	0
729	1
730	0
731	0
732	3
733	3
734	0
735	3
736	3
737	3
738	0
739	0
740	2
741	3
742	0
743	3
744	0
745	1
746	0
747	0
748	1
749	3
750	3
751	3
752	3
753	2
754	0
755	3
756	0
757	1
758	3
759	3
760	0
761	3
762	0
763	0
764	3
765	3
766	0
767	0
768	2
769	1
770	3
771	3
772	0
773	0
774	3
775	2
776	1
777	3
778	3
779	0
780	3
781	3
782	2
783	2
784	3
785	3
786	2
787	3
788	0
789	3
790	2
791	0
792	0
793	2
794	0
795	0
796	3
797	2
798	0
799	3
800	1
801	3
802	3
803	0
804	0
805	3
806	0
807	0
808	3
809	3
810	3
811	0
812	3
813	2
814	0
815	3
816	0
817	3
818	1
819	0
820	0
821	3
822	0
823	3
824	0
825	2
826	2
827	3
828	3
829	0
830	3
831	3
832	3
833	3
834	2
835	3
836	0
837	2
838	1
839	3
840	0
841	0
842	3
843	3
844	0
845	3
846	0
847	3
848	3
849	0
850	1
851	2
852	3
853	3
854	3
855	2
856	0
857	0
858	3
859	2
860	3
861	1
862	0
863	0
864	0
865	1
866	3
867	3
868	0
869	3
870	0
871	3
872	3
873	3
874	3
875	3
876	3
877	1
878	1
879	0
880	0
881	3
882	3
883	0
884	3
885	2
886	2
887	3
888	3
889	0
890	3
891	0
892	3
893	3
894	3
895	1
896	0
897	3
898	0
899	0
900	3
901	0
902	0
903	0
904	0
905	2
906	1
907	3
908	0
909	3
910	3
911	3
912	3
913	3
914	3
915	3
916	3
917	1
918	0
919	1
920	3
921	0
922	3
923	2
924	1
925	0
926	0
927	0
928	0
929	0
930	3
931	2
932	0
933	0
934	0
935	0
936	3
937	3
938	0
939	0
940	3
941	3
942	3
943	2
944	3
945	3
946	0
947	3
948	0
949	3
950	3
951	1
952	0
953	0
954	3
955	0
956	3
957	3
958	3
959	0
960	3
961	3
962	2
963	2
964	0
965	1
966	2
967	3
968	3
969	0
970	2
971	0
972	0
973	0
974	3
975	0
976	3
977	3
978	3
979	0
980	1
981	0
982	2
983	3
984	0
985	0
986	3
987	3
988	3
989	3
990	2
991	0
992	2
993	0
994	2
995	1
996	3
997	2
998	3
999	2
1000	2
1001	3
1002	3
1003	0
1004	0
1005	3
1006	3
1007	3
1008	3
1009	0
1010	3
1011	3
1012	3
1013	0
1014	0
1015	3
1016	2
1017	0
1018	3
1019	2
1020	3
1021	0
1022	3
1023	2
1024	3
1025	3
1026	3
1027	3
1028	3
1029	0
1030	0
1031	2
1032	1
1033	2
1034	0
1035	0
1036	0
1037	3
1038	3
1039	3
1040	2
1041	1
1042	0
1043	0
1044	3
1045	3
1046	0
1047	0
1048	3
1049	0
1050	3
1051	3
1052	1
1053	3
1054	3
1055	3
1056	3
1057	0
1058	3
1059	1
1060	2
1061	2
1062	0
1063	3
1064	0
1065	0
1066	3
1067	3
1068	2
1069	0
1070	0
1071	0
1072	0
1073	1
1074	2
1075	1
1076	3
1077	3
1078	0
1079	0
1080	3
1081	2
1082	2
1083	0
1084	0
1085	3
1086	0
1087	3
1088	0
1089	3
1090	1
1091	0
1092	3
1093	0
1094	3
1095	2
1096	3
1097	3
1098	1
1099	0
1100	3
1101	0
1102	3
1103	0
1104	2
1105	3
1106	3
1107	0
1108	0
1109	0
1110	3
1111	3
1112	0
1113	2
1114	3
1115	2
1116	0
1117	0
1118	3
1119	2
1120	3
1121	3
1122	2
1123	3
1124	3
1125	1
1126	2
1127	3
1128	3
1129	0
1130	0
1131	0
1132	0
1133	3
1134	2
1135	2
1136	0
1137	3
1138	3
1139	3
1140	3
1141	0
1142	3
1143	0
1144	0
1145	0
1146	2
1147	0
1148	0
1149	3
1150	2
1151	0
1152	2
1153	3
1154	3
1155	3
1156	3
1157	0
1158	0
1159	3
1160	0
1161	3
1162	3
1163	0
1164	0
1165	0
1166	3
1167	0
1168	3
1169	3
1170	1
1171	3
1172	0
1173	3
1174	0
1175	0
1176	1
1177	2
1178	2
1179	3
1180	0
1181	0
1182	2
1183	3
1184	2
1185	0
1186	0
1187	0
1188	0
1189	2
1190	3
1191	1
1192	0
1193	0
1194	2
1195	2
1196	3
1197	3
1198	3
1199	0
1200	3
1201	0
1202	0
1203	0
1204	0
1205	0
1206	3
1207	3
1208	3
1209	0
1210	0
1211	3
1212	3
1213	3
1214	3
1215	0
1216	0
1217	3
1218	0
1219	2
1220	3
1221	0
1222	0
1223	0
1224	3
1225	0
1226	0
1227	0
1228	3
1229	0
1230	1
1231	0
1232	3
1233	2
1234	3
1235	3
1236	3
1237	1
1238	0
1239	0
1240	3
1241	3
1242	3
1243	0
1244	0
1245	3
1246	0
1247	0
1248	2
1249	0
1250	3
1251	0
1252	1
1253	1
1254	3
1255	3
1256	3
1257	3
1258	3
1259	2
1260	0
1261	0
1262	0
1263	3
1264	0
1265	1
1266	0
1267	3
1268	0
1269	0
1270	0
1271	0
1272	3
1273	3
1274	2
1275	3
1276	3
1277	0
1278	3
1279	1
1280	0
1281	0
1282	2
1283	2
1284	0
1285	3
1286	3
1287	3
1288	1
1289	0
1290	1
1291	3
1292	0
1293	0
1294	3
1295	0
1296	3
1297	3
1298	0
1299	3
1300	3
1301	3
1302	0
1303	0
1304	0
1305	3
1306	0
1307	3
1308	0
1309	3
1310	0
1311	3
1312	3
1313	3
1314	3
1315	3
1316	2
1317	0
1318	3
1319	0
1320	2
1321	3
1322	2
1323	1
1324	0
1325	0
1326	2
1327	0
1328	3
1329	0
1330	0
1331	2
1332	3
1333	0
1334	0
1335	2
1336	0
1337	3
1338	0
1339	3
1340	1
1341	1
1342	2
1343	3
1344	3
1345	3
1346	0
1347	0
1348	0
1349	3
1350	0
1351	0
1352	0
1353	0
1354	1
1355	0
1356	3
1357	2
1358	0
1359	1
1360	0
1361	3
1362	0
1363	0
1364	3
1365	3
1366	2
1367	3
1368	3
1369	0
1370	3
1371	0
1372	1
1373	3
1374	0
1375	0
1376	0
1377	3
1378	3
1379	0
1380	0
1381	2
1382	3
1383	0
1384	2
1385	0
1386	3
1387	0
1388	3
1389	0
1390	0
1391	1
1392	3
1393	3
1394	0
1395	3
1396	0
1397	3
1398	2
1399	3
1400	3
1401	0
1402	3
1403	0
1404	3
1405	3
1406	3
1407	0
1408	3
1409	0
1410	0
1411	0
1412	0
1413	3
1414	1
1415	0
1416	0
1417	0
1418	0
1419	0
1420	3
1421	3
1422	1
1423	1
1424	0
1425	0
1426	2
1427	0
1428	3
1429	1
1430	3
1431	1
1432	3
1433	3
1434	0
1435	3
1436	3
1437	0
1438	1
1439	0
1440	0
1441	3
1442	3
1443	3
1444	3
1445	2
1446	3
1447	1
1448	1
1449	0
1450	0
1451	2
1452	0
1453	0
1454	0
1455	3
1456	3
1457	0
1458	2
1459	2
1460	0
1461	2
1462	1
1463	3
1464	2
1465	3
1466	3
1467	3
1468	3
1469	3
1470	2
1471	3
1472	3
1473	0
1474	2
1475	2
1476	0
1477	3
1478	3
1479	3
1480	3
1481	0
1482	0
1483	0
1484	0
1485	3
1486	3
1487	2
1488	0
1489	2
1490	2
1491	3
1492	0
1493	1
1494	3
1495	0
1496	3
1497	1
1498	0
1499	0
1500	3
1501	3
1502	0
1503	3
1504	0
1505	3
1506	2
1507	0
1508	0
1509	3
1510	0
1511	0
1512	3
1513	0
1514	0
1515	3
1516	3
1517	3
1518	1
1519	1
1520	0
1521	3
1522	0
1523	0
1524	3
1525	0
1526	3
1527	0
1528	0
1529	3
1530	0
1531	3
1532	1
1533	0
1534	3
1535	0
1536	3
1537	0
1538	0
1539	2
1540	3
1541	0
1542	3
1543	0
1544	3
1545	3
1546	3
1547	3
1548	3
1549	0
1550	3
1551	0
1552	0
1553	0
1554	0
1555	0
1556	3
1557	2
1558	0
1559	0
1560	3
1561	0
1562	0
1563	1
1564	0
1565	0
1566	0
1567	3
1568	0
1569	3
1570	1
1571	0
1572	3
1573	0
1574	3
1575	2
1576	1
1577	2
1578	0
1579	3
1580	0
1581	3
1582	3
1583	0
1584	1
1585	3
1586	3
1587	3
1588	2
1589	0
1590	3
1591	3
1592	0
1593	3
1594	0
1595	1
1596	3
1597	0
1598	2
1599	0
1600	2
1601	0
1602	0
1603	2
1604	0
1605	0
1606	0
1607	0
1608	0
1609	2
1610	0
1611	3
1612	3
1613	3
1614	0
1615	0
1616	3
1617	0
1618	0
1619	0
1620	2
1621	0
1622	2
1623	0
1624	0
1625	1
1626	0
1627	0
1628	3
1629	2
1630	0
1631	0
1632	0
1633	3
1634	3
1635	2
1636	3
1637	0
1638	2
1639	2
1640	0
1641	3
1642	0
1643	3
1644	3
1645	2
1646	0
1647	0
1648	3
1649	0
1650	3
1651	0
1652	0
1653	2
1654	1
1655	3
1656	0
1657	3
1658	1
1659	0
1660	2
1661	3
1662	2
1663	3
1664	3
1665	2
1666	1
1667	0
1668	2
1669	2
1670	0
1671	0
1672	3
1673	0
1674	3
1675	3
1676	0
1677	0
1678	3
1679	0
1680	3
1681	1
1682	3
1683	3
1684	3
1685	3
1686	3
1687	3
1688	0
1689	3
1690	3
1691	0
1692	0
1693	3
1694	2
1695	0
1696	0
1697	0
1698	0
1699	3
1700	0
1701	3
1702	2
1703	1
1704	3
1705	3
1706	3
1707	3
1708	2
1709	3
1710	2
1711	0
1712	3
1713	2
1714	1
1715	0
1716	0
1717	0
1718	1
1719	0
1720	0
1721	3
1722	1
1723	3
1724	0
1725	3
1726	3
1727	3
1728	3
1729	3
1730	0
1731	3
1732	1
1733	3
1734	0
1735	3
1736	1
1737	1
1738	3
1739	0
1740	3
1741	3
1742	2
1743	3
1744	0
1745	0
1746	0
1747	0
1748	0
1749	2
1750	0
1751	3
1752	0
1753	1
1754	0
1755	2
1756	2
1757	3
1758	0
1759	3
1760	1
1761	0
1762	0
1763	0
1764	0
1765	3
1766	0
1767	2
1768	3
1769	3
1770	2
1771	1
1772	3
1773	2
1774	3
1775	3
1776	3
1777	2
1778	3
1779	3
1780	2
1781	3
1782	2
1783	3
1784	3
1785	2
1786	1
1787	2
1788	2
1789	0
1790	3
1791	3
1792	2
1793	3
1794	3
1795	3
1796	0
1797	0
1798	0
1799	3
1800	3
1801	3
1802	0
1803	3
1804	3
1805	3
1806	3
1807	2
1808	1
1809	1
1810	0
1811	3
1812	2
1813	3
1814	3
1815	0
1816	0
1817	2
1818	3
1819	0
1820	0
1821	3
1822	0
1823	1
1824	3
1825	0
1826	3
1827	3
1828	0
1829	3
1830	0
1831	0
1832	0
1833	3
1834	3
1835	1
1836	0
1837	3
1838	0
1839	0
1840	3
1841	3
1842	3
1843	3
1844	0
1845	0
1846	0
1847	0
1848	0
1849	2
1850	3
1851	0
1852	3
1853	0
1854	0
1855	0
1856	2
1857	2
1858	2
1859	3
1860	1
1861	3
1862	0
1863	3
1864	3
1865	2
1866	0
1867	3
1868	3
1869	3
1870	1
1871	0
1872	0
1873	3
1874	0
1875	3
1876	3
1877	3
1878	0
1879	3
1880	0
1881	3
1882	0
1883	2
1884	2
1885	3
1886	0
1887	0
1888	3
1889	0
1890	0
1891	0
1892	0
1893	0
1894	3
1895	0
1896	2
1897	3
1898	3
1899	3
1900	3
1901	0
1902	0
1903	0
1904	2
1905	1
1906	3
1907	0
1908	3
1909	2
1910	0
1911	3
1912	3
1913	1
1914	3
1915	0
1916	3
1917	2
1918	2
1919	3
1920	2
1921	2
1922	0
1923	2
1924	3
1925	2
1926	0
1927	0
1928	3
1929	3
1930	0
1931	3
1932	3
1933	1
1934	3
1935	3
1936	3
1937	3
1938	2
1939	0
1940	3
1941	3
1942	3
1943	3
1944	2
1945	3
1946	3
1947	0
1948	1
1949	1
1950	0
1951	1
1952	0
1953	0
1954	0
1955	0
1956	1
1957	3
1958	0
1959	1
1960	3
1961	3
1962	3
1963	0
1964	0
1965	3
1966	3
1967	2
1968	0
1969	0
1970	1
1971	3
1972	0
1973	3
1974	2
1975	3
1976	0
1977	2
1978	0
1979	0
1980	0
1981	2
1982	3
1983	3
1984	2
1985	1
1986	1
1987	3
1988	3
1989	2
1990	0
1991	0
1992	3
1993	0
1994	3
1995	0
1996	0
1997	0
1998	0
1999	3
2000	0
2001	3
2002	2
2003	2
2004	3
2005	2
2006	3
2007	0
2008	2
2009	0
2010	3
2011	0
2012	3
2013	3
2014	0
2015	2
2016	3
2017	0
2018	2
2019	3
2020	0
2021	0
2022	2
2023	0
2024	2
2025	0
2026	0
2027	3
2028	0
2029	3
2030	3
2031	3
2032	3
2033	2
2034	3
2035	3
2036	0
2037	1
2038	0
2039	0
2040	3
2041	1
2042	3
2043	0
2044	0
2045	3
2046	3
2047	3
2048	0
2049	1
2050	0
2051	2
2052	3
2053	3
2054	0
2055	1
2056	3
2057	1
2058	2
2059	3
2060	0
2061	0
2062	3
2063	2
2064	2
2065	0
2066	2
2067	3
2068	2
2069	0
2070	3
2071	0
2072	2
2073	3
2074	0
2075	3
2076	2
2077	3
2078	3
2079	1
2080	3
2081	1
2082	3
2083	0
2084	3
2085	3
2086	3
2087	2
2088	0
2089	0
2090	3
2091	0
2092	1
2093	0
2094	3
2095	2
2096	3
2097	0
2098	3
2099	0
2100	3
2101	3
2102	0
2103	3
2104	0
2105	0
2106	3
2107	2
2108	3
2109	0
2110	0
2111	3
2112	0
2113	3
2114	3
2115	0
2116	3
2117	0
2118	3
2119	0
2120	0
2121	2
2122	2
2123	2
2124	0
2125	2
2126	2
2127	3
2128	0
2129	3
2130	0
2131	0
2132	2
2133	1
2134	0
2135	3
2136	0
2137	0
2138	3
2139	0
2140	0
2141	3
2142	3
2143	3
2144	1
2145	2
2146	0
2147	0
2148	0
2149	3
2150	0
2151	3
2152	3
2153	3
2154	3
2155	0
2156	3
2157	3
2158	3
2159	0
2160	2
2161	0
2162	3
2163	3
2164	3
2165	0
2166	3
2167	0
2168	2
2169	1
2170	3
2171	3
2172	3
2173	3
2174	3
2175	3
2176	1
2177	3
2178	1
2179	3
2180	2
2181	2
2182	3
2183	3
2184	0
2185	0
2186	0
2187	3
2188	0
2189	3
2190	3
2191	3
2192	2
2193	3
2194	0
2195	3
2196	3
2197	2
2198	0
2199	0
2200	0
2201	2
2202	0
2203	3
2204	0
2205	0
2206	3
2207	0
2208	1
2209	0
2210	3
2211	0
2212	2
2213	0
2214	3
2215	0
2216	3
2217	0
2218	3
2219	3
2220	3
2221	3
2222	0
2223	0
2224	3
2225	2
2226	0
2227	3
2228	3
2229	3
2230	2
2231	0
2232	3
2233	2
2234	0
2235	2
2236	3
2237	3
2238	3
2239	3
2240	3
2241	1
2242	2
2243	3
2244	3
2245	0
2246	0
2247	1
2248	0
2249	3
2250	0
2251	3
2252	3
2253	1
2254	0
2255	0
2256	3
2257	2
2258	2
2259	3
2260	0
2261	0
2262	0
2263	3
2264	0
2265	2
2266	3
2267	1
2268	3
2269	1
2270	3
2271	1
2272	0
2273	3
2274	2
2275	3
2276	0
2277	0
2278	3
2279	0
2280	3
2281	3
2282	0
2283	3
2284	0
2285	3
2286	0
2287	0
2288	0
2289	0
2290	0
2291	0
2292	0
2293	0
2294	3
2295	0
2296	2
2297	3
2298	0
2299	3
2300	2
2301	0
2302	3
2303	2
2304	2
2305	0
2306	3
2307	0
2308	2
2309	0
2310	3
2311	0
2312	0
2313	2
2314	3
2315	0
2316	2
2317	0
2318	3
2319	1
2320	3
2321	0
2322	3
2323	0
2324	3
2325	3
2326	0
2327	0
2328	0
2329	0
2330	0
2331	3
2332	0
2333	3
2334	0
2335	3
2336	3
2337	3
2338	3
2339	3
2340	0
2341	3
2342	3
2343	3
2344	2
2345	2
2346	3
2347	0
2348	2
2349	1
2350	0
2351	0
2352	0
2353	3
2354	3
2355	0
2356	1
2357	0
2358	2
2359	3
2360	0
2361	0
2362	0
2363	3
2364	2
2365	0
2366	0
2367	0
2368	0
2369	0
2370	0
2371	0
2372	3
2373	0
2374	3
2375	2
2376	0
2377	0
2378	0
2379	2
2380	3
2381	0
2382	3
2383	3
2384	1
2385	3
2386	0
2387	1
2388	2
2389	3
2390	0
2391	3
2392	0
2393	0
2394	0
2395	0
2396	3
2397	3
2398	0
2399	0
2400	0
2401	3
2402	3
2403	3
2404	0
2405	3
2406	3
2407	0
2408	2
2409	3
2410	2
2411	0
2412	2
2413	3
2414	1
2415	3
2416	0
2417	3
2418	3
2419	3
2420	0
2421	0
2422	2
2423	3
2424	2
2425	1
2426	0
2427	0
2428	0
2429	2
2430	3
2431	2
2432	0
2433	0
2434	0
2435	0
2436	0
2437	3
2438	3
2439	2
2440	0
2441	0
2442	0
2443	3
2444	0
2445	3
2446	0
2447	0
2448	0
2449	0
2450	1
2451	0
2452	0
2453	0
2454	3
2455	0
2456	2
2457	0
2458	3
2459	0
2460	3
2461	2
2462	3
2463	0
2464	0
2465	2
2466	3
2467	3
2468	0
2469	0
2470	0
2471	1
2472	3
2473	3
2474	0
2475	3
2476	2
2477	0
2478	0
2479	3
2480	3
2481	2
2482	3
2483	0
2484	0
2485	2
2486	0
2487	0
2488	3
2489	0
2490	2
2491	3
2492	0
2493	3
2494	0
2495	3
2496	3
2497	0
2498	0
2499	3
2500	2
2501	3
2502	2
2503	3
2504	0
2505	0
2506	0
2507	3
2508	3
2509	3
2510	3
2511	0
2512	0
2513	2
2514	0
2515	2
2516	3
2517	3
2518	0
2519	3
2520	3
2521	3
2522	0
2523	3
2524	3
2525	0
2526	1
2527	3
2528	3
2529	0
2530	3
2531	0
2532	0
2533	3
2534	0
2535	0
2536	1
2537	3
2538	3
2539	3
2540	0
2541	3
2542	0
2543	0
2544	2
2545	3
2546	0
2547	3
2548	3
2549	0
2550	3
2551	3
2552	0
2553	3
2554	0
2555	0
2556	0
2557	3
2558	0
2559	3
2560	1
2561	3
2562	0
2563	0
2564	2
2565	3
2566	3
2567	3
2568	3
2569	0
2570	3
2571	0
2572	0
2573	3
2574	3
2575	2
2576	0
2577	3
2578	0
2579	3
2580	0
2581	3
2582	3
2583	0
2584	0
2585	3
2586	3
2587	3
2588	3
2589	3
2590	0
2591	3
2592	0
2593	0
2594	0
2595	3
2596	2
2597	2
2598	3
2599	0
2600	3
2601	2
2602	0
2603	3
2604	0
2605	1
2606	3
2607	0
2608	0
2609	0
2610	0
2611	0
2612	3
2613	3
2614	0
2615	0
2616	3
2617	0
2618	1
2619	3
2620	0
2621	2
2622	3
2623	0
2624	3
2625	3
2626	0
2627	3
2628	0
2629	0
2630	1
2631	3
2632	0
2633	0
2634	0
2635	3
2636	0
2637	3
2638	0
2639	3
2640	1
2641	0
2642	1
2643	3
2644	0
2645	0
2646	3
2647	3
2648	0
2649	2
2650	0
2651	3
2652	0
2653	3
2654	3
2655	2
2656	0
2657	2
2658	3
2659	0
2660	0
2661	0
2662	2
2663	0
2664	0
2665	3
2666	0
2667	2
2668	3
2669	1
2670	3
2671	1
2672	1
2673	0
2674	3
2675	3
2676	3
2677	0
2678	0
2679	0
2680	1
2681	0
2682	0
2683	0
2684	0
2685	3
2686	0
2687	3
2688	2
2689	2
2690	0
2691	2
2692	0
2693	1
2694	0
2695	1
2696	3
2697	3
2698	3
2699	3
2700	3
2701	2
2702	1
2703	1
2704	2
2705	1
2706	3
2707	0
2708	0
2709	0
2710	1
2711	3
2712	0
2713	0
2714	3
2715	2
2716	2
2717	3
2718	3
2719	2
2720	3
2721	0
2722	1
2723	0
2724	0
2725	2
2726	3
2727	3
2728	3
2729	3
2730	3
2731	3
2732	3
2733	1
2734	3
2735	3
2736	3
2737	3
2738	0
2739	3
2740	0
2741	1
2742	1
2743	3
2744	0
2745	0
2746	2
2747	0
2748	0
2749	2
2750	3
2751	0
2752	3
2753	3
2754	2
2755	3
2756	2
2757	3
2758	0
2759	3
2760	0
2761	3
2762	2
2763	0
2764	3
2765	0
2766	0
2767	3
2768	0
2769	2
2770	3
2771	0
2772	1
2773	0
2774	3
2775	2
2776	0
2777	0
2778	0
2779	0
2780	2
2781	0
2782	0
2783	3
2784	2
2785	0
2786	0
2787	1
2788	3
2789	2
2790	3
2791	0
2792	3
2793	1
2794	0
2795	3
2796	0
2797	3
2798	0
2799	0
2800	2
2801	0
2802	0
2803	3
2804	3
2805	0
2806	0
2807	3
2808	2
2809	1
2810	3
2811	3
2812	1
2813	3
2814	0
2815	3
2816	0
2817	2
2818	3
2819	0
2820	0
2821	1
2822	3
2823	0
2824	0
2825	3
2826	0
2827	3
2828	0
2829	0
2830	0
2831	2
2832	0
2833	3
2834	3
2835	0
2836	2
2837	0
2838	3
2839	1
2840	1
2841	3
2842	2
2843	1
2844	0
2845	2
2846	0
2847	3
2848	3
2849	0
2850	2
2851	3
2852	3
2853	0
2854	0
2855	2
2856	3
2857	3
2858	0
2859	3
2860	0
2861	1
2862	0
2863	3
2864	3
2865	3
2866	0
2867	1
2868	1
2869	3
2870	0
2871	0
2872	3
2873	0
2874	2
2875	0
2876	2
2877	2
2878	3
2879	0
2880	2
2881	0
2882	0
2883	2
2884	3
2885	3
2886	2
2887	1
2888	3
2889	0
2890	0
2891	0
2892	3
2893	0
2894	0
2895	0
2896	0
2897	1
2898	3
2899	0
2900	0
2901	3
2902	0
2903	3
2904	1
2905	2
2906	2
2907	3
2908	0
2909	2
2910	0
2911	0
2912	3
2913	3
2914	3
2915	3
2916	3
2917	1
2918	0
2919	1
2920	2
2921	0
2922	3
2923	3
2924	1
2925	0
2926	3
2927	0
2928	1
2929	3
2930	3
2931	3
2932	3
2933	0
2934	0
2935	0
2936	3
2937	0
2938	2
2939	0
2940	3
2941	2
2942	0
2943	1
2944	2
2945	0
2946	3
2947	0
2948	3
2949	0
2950	0
2951	0
2952	0
2953	0
2954	3
2955	2
2956	0
2957	0
2958	0
2959	0
2960	3
2961	2
2962	3
2963	0
2964	2
2965	2
2966	0
2967	3
2968	3
2969	0
2970	0
2971	3
2972	0
2973	0
2974	1
2975	0
2976	3
2977	2
2978	3
2979	0
2980	0
2981	0
2982	0
2983	0
2984	3
2985	3
2986	1
2987	0
2988	0
2989	3
2990	3
2991	0
2992	0
2993	1
2994	0
2995	0
2996	0
2997	3
2998	3
2999	3
3000	0
3001	3
3002	0
3003	3
3004	0
3005	0
3006	3
3007	3
3008	3
3009	0
3010	1
3011	0
3012	1
3013	0
3014	1
3015	2
3016	0
3017	0
3018	3
3019	0
3020	3
3021	0
3022	1
3023	0
3024	0
3025	0
3026	3
3027	0
3028	0
3029	3
3030	0
3031	0
3032	1
3033	0
3034	3
3035	3
3036	3
3037	3
3038	0
3039	3
3040	2
3041	0
3042	3
3043	0
3044	0
3045	2
3046	2
3047	3
3048	3
3049	0
3050	0
3051	3
3052	0
3053	2
3054	0
3055	0
3056	2
3057	3
3058	3
3059	2
3060	0
3061	3
3062	2
3063	3
3064	0
3065	3
3066	3
3067	3
3068	3
3069	3
3070	3
3071	2
3072	3
3073	0
3074	0
3075	2
3076	3
3077	2
3078	3
3079	0
3080	2
3081	0
3082	3
3083	0
3084	3
3085	3
3086	3
3087	0
3088	2
3089	3
3090	3
3091	3
3092	2
3093	3
3094	0
3095	0
3096	0
3097	2
3098	0
3099	3
3100	2
3101	0
3102	1
3103	3
3104	3
3105	2
3106	3
3107	2
3108	2
3109	3
3110	3
3111	3
3112	3
3113	1
3114	0
3115	3
3116	0
3117	0
3118	3
3119	0
3120	2
3121	2
3122	0
3123	2
3124	2
3125	1
3126	1
3127	3
3128	3
3129	0
3130	0
3131	3
3132	2
3133	0
3134	3
3135	3
3136	1
3137	0
3138	0
3139	3
3140	3
3141	0
3142	2
3143	0
3144	0
3145	3
3146	3
3147	0
3148	0
3149	1
3150	0
3151	0
3152	0
3153	3
3154	0
3155	3
3156	2
3157	3
3158	0
3159	0
3160	3
3161	0
3162	0
3163	3
3164	0
3165	1
3166	3
3167	3
3168	0
3169	3
3170	0
3171	0
3172	0
3173	3
3174	0
3175	2
3176	0
3177	3
3178	3
3179	0
3180	3
3181	1
3182	3
3183	0
3184	0
3185	3
3186	2
3187	2
3188	3
3189	0
3190	0
3191	3
3192	0
3193	0
3194	0
3195	2
3196	3
3197	0
3198	2
3199	0
3200	0
3201	3
3202	3
3203	0
3204	3
3205	2
3206	0
3207	0
3208	0
3209	0
3210	0
3211	0
3212	0
3213	0
3214	0
3215	0
3216	0
3217	3
3218	0
3219	3
3220	0
3221	1
3222	0
3223	3
3224	3
3225	3
3226	0
3227	3
3228	3
3229	3
3230	3
3231	0
3232	0
3233	3
3234	0
3235	0
3236	3
3237	1
3238	3
3239	0
3240	3
3241	0
3242	2
3243	3
3244	3
3245	0
3246	2
3247	0
3248	3
3249	3
3250	3
3251	0
3252	3
3253	0
3254	3
3255	3
3256	3
3257	0
3258	2
3259	3
3260	0
3261	2
3262	3
3263	0
3264	1
3265	3
3266	3
3267	0
3268	0
3269	0
3270	0
3271	3
3272	0
3273	3
3274	0
3275	3
3276	0
3277	3
3278	0
3279	3
3280	0
3281	2
3282	0
3283	0
3284	0
3285	1
3286	0
3287	0
3288	0
3289	0
3290	2
3291	0
3292	2
3293	2
3294	0
3295	3
3296	0
3297	0
3298	1
3299	3
3300	2
3301	3
3302	3
3303	0
3304	3
3305	2
3306	3
3307	2
3308	0
3309	3
3310	1
3311	0
3312	3
3313	3
3314	0
3315	1
3316	0
3317	0
3318	0
3319	1
3320	3
3321	2
3322	0
3323	0
3324	1
3325	0
3326	3
3327	0
3328	0
3329	0
3330	0
3331	0
3332	1
3333	0
3334	3
3335	3
3336	0
3337	2
3338	1
3339	3
3340	2
3341	2
3342	0
3343	0
3344	2
3345	0
3346	0
3347	0
3348	3
3349	3
3350	0
3351	0
3352	0
3353	0
3354	0
3355	3
3356	1
3357	3
3358	0
3359	3
3360	1
3361	2
3362	0
3363	0
3364	3
3365	3
3366	3
3367	3
3368	3
3369	0
3370	0
3371	3
3372	0
3373	1
3374	1
3375	0
3376	0
3377	3
3378	1
3379	0
3380	0
3381	0
3382	2
3383	1
3384	1
3385	0
3386	0
3387	3
3388	0
3389	0
3390	0
3391	3
3392	2
3393	3
3394	0
3395	3
3396	3
3397	0
3398	2
3399	3
3400	0
3401	1
3402	0
3403	3
3404	3
3405	0
3406	1
3407	3
3408	0
3409	3
3410	0
3411	2
3412	0
3413	3
3414	0
3415	0
3416	0
3417	0
3418	3
3419	3
3420	2
3421	0
3422	2
3423	0
3424	1
3425	3
3426	1
3427	3
3428	3
3429	2
3430	3
3431	0
3432	2
3433	0
3434	0
3435	3
3436	0
3437	2
3438	3
3439	3
3440	0
3441	1
3442	2
3443	2
3444	2
3445	0
3446	0
3447	3
3448	2
3449	3
3450	0
3451	0
3452	0
3453	3
3454	2
3455	3
3456	2
3457	2
3458	3
3459	0
3460	0
3461	2
3462	0
3463	0
3464	0
3465	3
3466	0
3467	2
3468	0
3469	3
3470	2
3471	0
3472	0
3473	3
3474	3
3475	0
3476	3
3477	0
3478	0
3479	3
3480	0
3481	3
3482	0
3483	3
3484	2
3485	0
3486	0
3487	0
3488	0
3489	0
3490	3
3491	2
3492	0
3493	3
3494	2
3495	0
3496	0
3497	3
3498	0
3499	0
3500	1
3501	3
3502	0
3503	2
3504	3
3505	3
3506	0
3507	3
3508	3
3509	3
3510	3
3511	2
3512	3
3513	2
3514	0
3515	2
3516	0
3517	0
3518	0
3519	3
3520	2
3521	0
3522	0
3523	1
3524	2
3525	3
3526	0
3527	2
3528	2
3529	0
3530	1
3531	3
3532	3
3533	3
3534	0
3535	2
3536	1
3537	1
3538	3
3539	0
3540	3
3541	0
3542	0
3543	3
3544	3
3545	3
3546	2
3547	2
3548	3
3549	0
3550	3
3551	3
3552	3
3553	1
3554	0
3555	0
3556	0
3557	3
3558	0
3559	2
3560	0
3561	2
3562	0
3563	3
3564	0
3565	3
3566	0
3567	3
3568	3
3569	2
3570	0
3571	3
3572	0
3573	0
3574	3
3575	0
3576	1
3577	3
3578	0
3579	0
3580	2
3581	3
3582	0
3583	0
3584	3
3585	3
3586	0
3587	3
3588	0
3589	0
3590	0
3591	3
3592	3
3593	0
3594	2
3595	1
3596	3
3597	3
3598	3
3599	1
3600	0
3601	3
3602	3
3603	3
3604	0
3605	0
3606	3
3607	3
3608	2
3609	3
3610	3
3611	3
3612	0
3613	3
3614	2
3615	3
3616	0
3617	0
3618	0
3619	0
3620	3
3621	3
3622	3
3623	2
3624	3
3625	1
3626	0
3627	0
3628	0
3629	0
3630	3
3631	0
3632	0
3633	0
3634	0
3635	3
3636	0
3637	2
3638	0
3639	0
3640	0
3641	0
3642	0
3643	0
3644	0
3645	0
3646	0
3647	0
3648	3
3649	0
3650	0
3651	3
3652	0
3653	3
3654	2
3655	2
3656	3
3657	0
3658	2
3659	0
3660	3
3661	0
3662	0
3663	3
3664	0
3665	0
3666	0
3667	0
3668	3
3669	1
3670	0
3671	3
3672	1
3673	1
3674	3
3675	0
3676	3
3677	0
3678	0
3679	1
3680	0
3681	1
3682	0
3683	2
3684	0
3685	1
3686	3
3687	0
3688	0
3689	0
3690	0
3691	3
3692	3
3693	0
3694	3
3695	1
3696	3
3697	3
3698	3
3699	0
3700	1
3701	0
3702	3
3703	2
3704	1
3705	0
3706	3
3707	0
3708	2
3709	0
3710	2
3711	3
3712	0
3713	3
3714	3
3715	0
3716	0
3717	3
3718	0
3719	3
3720	2
3721	3
3722	0
3723	0
3724	0
3725	0
3726	3
3727	3
3728	0
3729	0
3730	0
3731	3
3732	0
3733	0
3734	0
3735	0
3736	0
3737	3
3738	3
3739	1
3740	0
3741	3
3742	0
3743	2
3744	2
3745	0
3746	1
3747	3
3748	2
3749	2
3750	0
3751	3
3752	3
3753	1
3754	3
3755	0
3756	1
3757	3
3758	2
3759	3
3760	3
3761	2
3762	0
3763	0
3764	0
3765	3
3766	2
3767	3
3768	0
3769	2
3770	3
3771	0
3772	3
3773	2
3774	3
3775	3
3776	3
3777	0
3778	3
3779	2
3780	2
3781	2
3782	0
3783	3
3784	2
3785	0
3786	0
3787	0
3788	3
3789	2
3790	3
3791	3
3792	3
3793	3
3794	3
3795	0
3796	0
3797	0
3798	2
3799	3
3800	0
3801	2
3802	3
3803	0
3804	2
3805	1
3806	0
3807	0
3808	0
3809	2
3810	0
3811	0
3812	3
3813	3
3814	3
3815	2
3816	3
3817	3
3818	2
3819	0
3820	0
3821	1
3822	0
3823	0
3824	0
3825	1
3826	0
3827	3
3828	3
3829	3
3830	3
3831	0
3832	3
3833	0
3834	3
3835	3
3836	2
3837	0
3838	2
3839	3
3840	0
3841	0
3842	3
3843	3
3844	0
3845	0
3846	2
3847	0
3848	3
3849	3
3850	0
3851	0
3852	0
3853	3
3854	0
3855	0
3856	2
3857	3
3858	3
3859	3
3860	3
3861	3
3862	3
3863	0
3864	0
3865	3
3866	3
3867	3
3868	0
3869	0
3870	0
3871	0
3872	1
3873	2
3874	0
3875	3
3876	3
3877	3
3878	3
3879	2
3880	3
3881	0
3882	0
3883	3
3884	3
3885	0
3886	0
3887	1
3888	0
3889	3
3890	0
3891	0
3892	0
3893	3
3894	0
3895	0
3896	2
3897	0
3898	3
3899	0
3900	2
3901	2
3902	2
3903	2
3904	3
3905	0
3906	0
3907	3
3908	3
3909	0
3910	3
3911	3
3912	3
3913	0
3914	0
3915	0
3916	3
3917	0
3918	0
3919	0
3920	2
3921	2
3922	2
3923	2
3924	0
3925	3
3926	0
3927	3
3928	0
3929	3
3930	3
3931	3
3932	1
3933	3
3934	0
3935	0
3936	3
3937	0
3938	3
3939	0
3940	0
3941	3
3942	0
3943	0
3944	3
3945	0
3946	2
3947	3
3948	3
3949	2
3950	3
3951	0
3952	0
3953	3
3954	3
3955	3
3956	2
3957	3
3958	2
3959	2
3960	2
3961	3
3962	0
3963	1
3964	3
3965	0
3966	0
3967	3
3968	0
3969	2
3970	3
3971	3
3972	3
3973	0
3974	0
3975	0
3976	1
3977	0
3978	0
3979	0
3980	2
3981	0
3982	0
3983	0
3984	0
3985	3
3986	3
3987	0
3988	1
3989	2
3990	2
3991	0
3992	3
3993	0
3994	3
3995	3
3996	2
3997	0
3998	0
3999	3
4000	1
4001	0
4002	0
4003	3
4004	0
4005	3
4006	3
4007	0
4008	2
4009	0
4010	0
4011	3
4012	0
4013	3
4014	3
4015	0
4016	2
4017	1
4018	3
4019	0
4020	3
4021	3
4022	3
4023	3
4024	0
4025	0
4026	2
4027	0
4028	2
4029	0
4030	2
4031	3
4032	2
4033	3
4034	0
4035	3
4036	0
4037	0
4038	3
4039	2
4040	0
4041	3
4042	2
4043	3
4044	0
4045	0
4046	3
4047	3
4048	3
4049	0
4050	2
4051	3
4052	3
4053	0
4054	0
4055	0
4056	0
4057	0
4058	3
4059	0
4060	3
4061	3
4062	3
4063	0
4064	3
4065	0
4066	3
4067	2
4068	2
4069	0
4070	2
4071	0
4072	3
4073	0
4074	0
4075	3
4076	0
4077	1
4078	3
4079	0
4080	1
4081	3
4082	3
4083	0
4084	1
4085	2
4086	3
4087	0
4088	2
4089	0
4090	2
4091	2
4092	3
4093	3
4094	0
4095	0
4096	3
4097	2
4098	3
4099	1
4100	1
4101	2
4102	0
4103	0
4104	0
4105	0
4106	1
4107	0
4108	0
4109	3
4110	3
4111	3
4112	0
4113	3
4114	3
4115	0
4116	2
4117	3
4118	3
4119	3
4120	3
4121	1
4122	3
4123	2
4124	0
4125	3
4126	3
4127	2
4128	2
4129	3
4130	3
4131	3
4132	3
4133	2
4134	0
4135	3
4136	3
4137	1
4138	2
4139	0
4140	3
4141	3
4142	3
4143	3
4144	3
4145	1
4146	2
4147	0
4148	3
4149	1
4150	0
4151	3
4152	3
4153	3
4154	0
4155	0
4156	3
4157	3
4158	0
4159	3
4160	3
4161	0
4162	3
4163	3
4164	0
4165	0
4166	1
4167	0
4168	3
4169	2
4170	2
4171	0
4172	3
4173	3
4174	2
4175	1
4176	0
4177	0
4178	3
4179	2
4180	0
4181	0
4182	3
4183	2
4184	2
4185	3
4186	3
4187	3
4188	3
4189	1
4190	0
4191	3
4192	0
4193	2
4194	3
4195	1
4196	3
4197	3
4198	3
4199	1
4200	3
4201	0
4202	3
4203	0
4204	1
4205	3
4206	3
4207	3
4208	3
4209	0
4210	0
4211	3
4212	2
4213	0
4214	3
4215	3
4216	1
4217	3
4218	0
4219	0
4220	3
4221	3
4222	2
4223	3
4224	1
4225	0
4226	3
4227	3
4228	2
4229	1
4230	0
4231	2
4232	0
4233	3
4234	0
4235	0
4236	0
4237	2
4238	3
4239	0
4240	0
4241	0
4242	0
4243	2
4244	1
4245	3
4246	0
4247	3
4248	3
4249	0
4250	3
4251	0
4252	0
4253	0
4254	0
4255	0
4256	0
4257	3
4258	2
4259	0
4260	0
4261	1
4262	3
4263	3
4264	0
4265	0
4266	2
4267	3
4268	0
4269	2
4270	0
4271	2
4272	0
4273	2
4274	3
4275	0
4276	0
4277	2
4278	0
4279	0
4280	0
4281	0
4282	0
4283	3
4284	2
4285	3
4286	2
4287	3
4288	2
4289	0
4290	1
4291	0
4292	3
4293	0
4294	3
4295	2
4296	0
4297	3
4298	1
4299	0
4300	3
4301	3
4302	3
4303	0
4304	3
4305	0
4306	0
4307	3
4308	2
4309	0
4310	0
4311	3
4312	0
4313	0
4314	2
4315	0
4316	1
4317	1
4318	0
4319	2
4320	0
4321	3
4322	3
4323	0
4324	2
4325	0
4326	0
4327	3
4328	3
4329	0
4330	0
4331	3
4332	3
4333	1
4334	0
4335	3
4336	0
4337	0
4338	0
4339	0
4340	3
4341	2
4342	0
4343	3
4344	3
4345	3
4346	0
4347	3
4348	1
4349	3
4350	3
4351	0
4352	0
4353	3
4354	3
4355	3
4356	3
4357	3
4358	2
4359	3
4360	3
4361	3
4362	0
4363	3
4364	3
4365	0
4366	0
4367	1
4368	0
4369	0
4370	2
4371	2
4372	3
4373	3
4374	0
4375	3
4376	0
4377	0
4378	1
4379	0
4380	2
4381	0
4382	0
4383	3
4384	3
4385	3
4386	0
4387	0
4388	3
4389	3
4390	1
4391	0
4392	1
4393	1
4394	2
4395	2
4396	1
4397	3
4398	2
4399	0
4400	3
4401	0
4402	3
4403	0
4404	3
4405	0
4406	1
4407	1
4408	3
4409	2
4410	0
4411	3
4412	0
4413	0
4414	1
4415	0
4416	3
4417	3
4418	0
4419	0
4420	2
4421	2
4422	3
4423	3
4424	0
4425	0
4426	0
4427	3
4428	3
4429	0
4430	2
4431	2
4432	3
4433	0
4434	0
4435	0
4436	0
4437	0
4438	0
4439	0
4440	0
4441	3
4442	0
4443	2
4444	2
4445	2
4446	2
4447	3
4448	3
4449	1
4450	0
4451	3
4452	3
4453	3
4454	1
4455	0
4456	0
4457	0
4458	0
4459	0
4460	0
4461	0
4462	3
4463	0
4464	0
4465	0
4466	3
4467	2
4468	2
4469	0
4470	0
4471	0
4472	1
4473	2
4474	2
4475	0
4476	1
4477	0
4478	3
4479	0
4480	3
4481	0
4482	0
4483	3
4484	3
4485	0
4486	3
4487	0
4488	0
4489	0
4490	3
4491	0
4492	0
4493	2
4494	0
4495	0
4496	0
4497	3
4498	0
4499	0
4500	0
4501	3
4502	0
4503	0
4504	3
4505	0
4506	0
4507	3
4508	0
4509	1
4510	0
4511	3
4512	0
4513	3
4514	0
4515	3
4516	0
4517	0
4518	0
4519	3
4520	0
4521	3
4522	3
4523	0
4524	2
4525	0
4526	3
4527	3
4528	0
4529	0
4530	0
4531	3
4532	2
4533	2
4534	0
4535	3
4536	1
4537	3
4538	3
4539	3
4540	0
4541	0
4542	0
4543	3
4544	0
4545	1
4546	3
4547	3
4548	3
4549	3
4550	0
4551	3
4552	3
4553	0
4554	3
4555	3
4556	0
4557	3
4558	0
4559	0
4560	2
4561	3
4562	3
4563	0
4564	0
4565	0
4566	2
4567	0
4568	0
4569	1
4570	3
4571	2
4572	3
4573	0
4574	3
4575	3
4576	3
4577	3
4578	0
4579	3
4580	0
4581	3
4582	1
4583	0
4584	3
4585	2
4586	3
4587	3
4588	3
4589	0
4590	2
4591	0
4592	3
4593	1
4594	0
4595	0
4596	3
4597	0
4598	2
4599	0
4600	3
4601	0
4602	3
4603	0
4604	1
4605	0
4606	0
4607	2
4608	0
4609	3
4610	1
4611	3
4612	3
4613	0
4614	3
4615	0
4616	3
4617	0
4618	1
4619	0
4620	2
4621	3
4622	3
4623	3
4624	3
4625	0
4626	1
4627	2
4628	3
4629	0
4630	3
4631	3
4632	0
4633	0
4634	0
4635	3
4636	0
4637	0
4638	3
4639	3
4640	0
4641	0
4642	2
4643	0
4644	3
4645	3
4646	3
4647	3
4648	0
4649	3
4650	1
4651	0
4652	3
4653	3
4654	3
4655	2
4656	0
4657	0
4658	1
4659	2
4660	0
4661	2
4662	0
4663	2
4664	0
4665	3
4666	0
4667	0
4668	2
4669	3
4670	0
4671	0
4672	3
4673	3
4674	0
4675	2
4676	3
4677	0
4678	1
4679	3
4680	0
4681	3
4682	0
4683	0
4684	3
4685	0
4686	2
4687	3
4688	0
4689	0
4690	0
4691	3
4692	3
4693	0
4694	0
4695	3
4696	3
4697	0
4698	2
4699	0
4700	0
4701	0
4702	3
4703	3
4704	0
4705	0
4706	3
4707	3
4708	0
4709	0
4710	0
4711	3
4712	0
4713	3
4714	0
4715	2
4716	3
4717	2
4718	3
4719	3
4720	0
4721	3
4722	3
4723	2
4724	2
4725	0
4726	3
4727	1
4728	0
4729	2
4730	0
4731	3
4732	0
4733	3
4734	0
4735	0
4736	3
4737	2
4738	0
4739	0
4740	3
4741	3
4742	0
4743	3
4744	0
4745	0
4746	3
4747	3
4748	3
4749	2
4750	3
4751	3
4752	1
4753	0
4754	3
4755	0
4756	2
4757	3
4758	3
4759	0
4760	3
4761	3
4762	3
4763	0
4764	3
4765	3
4766	0
4767	1
4768	3
4769	0
4770	3
4771	3
4772	3
4773	2
4774	0
4775	0
4776	3
4777	0
4778	0
4779	0
4780	0
4781	3
4782	0
4783	0
4784	3
4785	2
4786	3
4787	0
4788	2
4789	3
4790	3
4791	3
4792	0
4793	3
4794	3
4795	0
4796	0
4797	3
4798	0
4799	0
4800	0
4801	0
4802	3
4803	2
4804	1
4805	0
4806	3
4807	3
4808	0
4809	3
4810	3
4811	0
4812	3
4813	3
4814	1
4815	0
4816	2
4817	0
4818	1
4819	0
4820	0
4821	2
4822	3
4823	0
4824	2
4825	3
4826	1
4827	2
4828	0
4829	0
4830	3
4831	0
4832	3
4833	0
4834	0
4835	3
4836	0
4837	0
4838	0
4839	3
4840	2
4841	3
4842	2
4843	2
4844	0
4845	0
4846	0
4847	3
4848	0
4849	3
4850	0
4851	3
4852	3
4853	3
4854	3
4855	2
4856	1
4857	3
4858	0
4859	3
4860	0
4861	0
4862	0
4863	0
4864	3
4865	3
4866	3
4867	3
4868	0
4869	3
4870	3
4871	3
4872	0
4873	3
4874	3
4875	2
4876	2
4877	1
4878	3
4879	2
4880	2
4881	3
4882	3
4883	3
4884	1
4885	0
4886	0
4887	0
4888	2
4889	3
4890	1
4891	0
4892	3
4893	3
4894	3
4895	3
4896	2
4897	3
4898	0
4899	2
4900	2
4901	0
4902	3
4903	1
4904	3
4905	3
4906	0
4907	2
4908	3
4909	0
4910	0
4911	0
4912	0
4913	3
4914	3
4915	0
4916	1
4917	0
4918	2
4919	3
4920	3
4921	0
4922	0
4923	3
4924	2
4925	3
4926	0
4927	3
4928	2
4929	3
4930	0
4931	2
4932	3
4933	3
4934	2
4935	2
4936	0
4937	3
4938	2
4939	3
4940	0
4941	2
4942	0
4943	0
4944	0
4945	0
4946	3
4947	3
4948	1
4949	0
4950	0
4951	3
4952	0
4953	3
4954	3
4955	3
4956	3
4957	0
4958	0
4959	0
4960	3
4961	0
4962	3
4963	2
4964	2
4965	3
4966	2
4967	3
4968	0
4969	2
4970	0
4971	3
4972	3
4973	0
4974	0
4975	0
4976	3
4977	3
4978	1
4979	2
4980	3
4981	3
4982	0
4983	1
4984	1
4985	0
4986	0
4987	3
4988	0
4989	3
4990	3
4991	0
4992	0
4993	2
4994	3
4995	0
4996	0
4997	3
4998	1
4999	0
5000	3
5001	3
5002	1
5003	1
5004	3
5005	0
5006	3
5007	0
5008	2
5009	3
5010	2
5011	2
5012	2
5013	1
5014	3
5015	3
5016	0
5017	2
5018	1
5019	3
5020	0
5021	0
5022	3
5023	0
5024	1
5025	3
5026	3
5027	3
5028	0
5029	3
5030	3
5031	0
5032	3
5033	0
5034	2
5035	0
5036	3
5037	2
5038	1
5039	3
5040	0
5041	2
5042	3
5043	3
5044	0
5045	3
5046	0
5047	3
5048	0
5049	3
5050	3
5051	3
5052	2
5053	1
5054	3
5055	2
5056	3
5057	0
5058	2
5059	0
5060	0
5061	3
5062	0
5063	2
5064	2
5065	3
5066	0
5067	3
5068	0
5069	0
5070	3
5071	0
5072	0
5073	3
5074	3
5075	3
5076	3
5077	2
5078	1
5079	2
5080	0
5081	3
5082	0
5083	2
5084	0
5085	3
5086	3
5087	3
5088	3
5089	3
5090	0
5091	3
5092	1
5093	0
5094	3
5095	3
5096	2
5097	1
5098	3
5099	3
5100	0
5101	1
5102	2
5103	0
5104	0
5105	1
5106	2
5107	2
5108	0
5109	1
5110	0
5111	0
5112	0
5113	0
5114	0
5115	0
5116	2
5117	3
5118	3
5119	0
5120	2
5121	0
5122	1
5123	3
5124	0
5125	0
5126	0
5127	0
5128	0
5129	3
5130	0
5131	2
5132	1
5133	0
5134	0
5135	3
5136	0
5137	3
5138	0
5139	3
5140	3
5141	2
5142	2
5143	0
5144	2
5145	3
5146	3
5147	2
5148	2
5149	0
5150	3
5151	2
5152	0
5153	3
5154	0
5155	2
5156	3
5157	3
5158	2
5159	0
5160	2
5161	3
5162	2
5163	0
5164	3
5165	3
5166	1
5167	3
5168	2
5169	0
5170	0
5171	3
5172	2
5173	3
5174	2
5175	0
5176	0
5177	3
5178	0
5179	3
5180	3
5181	0
5182	1
5183	2
5184	3
5185	3
5186	1
5187	1
5188	0
5189	0
5190	0
5191	3
5192	0
5193	2
5194	3
5195	0
5196	3
5197	3
5198	2
5199	1
5200	0
5201	2
5202	0
5203	0
5204	2
5205	3
5206	3
5207	0
5208	0
5209	3
5210	3
5211	0
5212	3
5213	1
5214	3
5215	1
5216	3
5217	2
5218	0
5219	3
5220	3
5221	0
5222	1
5223	3
5224	3
5225	0
5226	3
5227	1
5228	3
5229	2
5230	2
5231	0
5232	3
5233	0
5234	3
5235	2
5236	3
5237	0
5238	0
5239	1
5240	3
5241	3
5242	0
5243	0
5244	3
5245	3
5246	3
5247	0
5248	3
5249	0
5250	0
5251	0
5252	3
5253	0
5254	0
5255	3
5256	3
5257	3
5258	0
5259	3
5260	0
5261	3
5262	3
5263	2
5264	0
5265	2
5266	3
5267	2
5268	3
5269	0
5270	0
5271	3
5272	3
5273	3
5274	3
5275	1
5276	0
5277	0
5278	0
5279	2
5280	3
5281	3
5282	2
5283	1
5284	0
5285	1
5286	2
5287	0
5288	0
5289	0
5290	3
5291	0
5292	3
5293	2
5294	0
5295	3
5296	3
5297	1
5298	0
5299	0
5300	0
5301	2
5302	3
5303	0
5304	0
5305	0
5306	3
5307	2
5308	2
5309	3
5310	3
5311	2
5312	2
5313	3
5314	0
5315	3
5316	2
5317	0
5318	0
5319	3
5320	3
5321	1
5322	0
5323	3
5324	0
5325	2
5326	0
5327	0
5328	3
5329	0
5330	3
5331	3
5332	3
5333	0
5334	3
5335	0
5336	3
5337	1
5338	3
5339	0
5340	3
5341	3
5342	0
5343	0
5344	2
5345	0
5346	0
5347	0
5348	2
5349	0
5350	0
5351	0
5352	0
5353	0
5354	3
5355	3
5356	0
5357	3
5358	2
5359	0
5360	0
5361	0
5362	3
5363	1
5364	3
5365	3
5366	3
5367	0
5368	3
5369	0
5370	0
5371	1
5372	0
5373	3
5374	3
5375	0
5376	3
5377	3
5378	0
5379	0
5380	3
5381	3
5382	3
5383	3
5384	3
5385	3
5386	0
5387	3
5388	2
5389	0
5390	0
5391	3
5392	1
5393	0
5394	3
5395	3
5396	3
5397	3
5398	0
5399	0
5400	0
5401	3
5402	0
5403	0
5404	3
5405	0
5406	0
5407	3
5408	3
5409	3
5410	0
5411	3
5412	3
5413	2
5414	3
5415	0
5416	0
5417	3
5418	0
5419	0
5420	0
5421	2
5422	0
5423	2
5424	1
5425	1
5426	0
5427	0
5428	3
5429	3
5430	1
5431	0
5432	0
5433	3
5434	0
5435	3
5436	0
5437	0
5438	0
5439	0
5440	0
5441	3
5442	3
5443	0
5444	3
5445	0
5446	2
5447	3
5448	0
5449	0
5450	0
5451	1
5452	3
5453	3
5454	2
5455	3
5456	0
5457	3
5458	0
5459	3
5460	1
5461	0
5462	0
5463	3
5464	3
5465	0
5466	1
5467	0
5468	3
5469	0
5470	0
5471	2
5472	3
5473	2
5474	0
5475	0
5476	3
5477	3
5478	3
5479	3
5480	3
5481	0
5482	0
5483	0
5484	3
5485	0
5486	0
5487	0
5488	3
5489	3
5490	3
5491	3
5492	3
5493	2
5494	3
5495	1
5496	1
5497	0
5498	3
5499	0
5500	0
5501	2
5502	0
5503	3
5504	3
5505	0
5506	0
5507	0
5508	2
5509	3
5510	0
5511	2
5512	3
5513	2
5514	3
5515	0
5516	0
5517	0
5518	0
5519	1
5520	0
5521	0
5522	0
5523	0
5524	3
5525	3
5526	3
5527	0
5528	0
5529	2
5530	1
5531	0
5532	0
5533	2
5534	0
5535	3
5536	0
5537	3
5538	3
5539	1
5540	0
5541	0
5542	0
5543	0
5544	0
5545	1
5546	3
5547	0
5548	2
5549	0
5550	0
5551	0
5552	0
5553	0
5554	3
5555	3
5556	1
5557	3
5558	0
5559	2
5560	2
5561	3
5562	3
5563	3
5564	0
5565	0
5566	3
5567	3
5568	0
5569	0
5570	2
5571	2
5572	0
5573	3
5574	3
5575	3
5576	3
5577	1
5578	0
5579	3
5580	0
5581	3
5582	1
5583	0
5584	3
5585	3
5586	2
5587	2
5588	0
5589	0
5590	0
5591	0
5592	0
5593	3
5594	0
5595	2
5596	0
5597	0
5598	3
5599	3
5600	3
5601	3
5602	0
5603	2
5604	0
5605	1
5606	0
5607	0
5608	0
5609	0
5610	3
5611	0
5612	3
5613	3
5614	0
5615	3
5616	0
5617	1
5618	0
5619	3
5620	0
5621	0
5622	2
5623	3
5624	0
5625	0
5626	0
5627	0
5628	0
5629	0
5630	0
5631	3
5632	1
5633	3
5634	3
5635	3
5636	0
5637	3
5638	3
5639	0
5640	3
5641	3
5642	3
5643	3
5644	3
5645	0
5646	3
5647	3
5648	3
5649	0
5650	1
5651	0
5652	3
5653	3
5654	3
5655	3
5656	3
5657	3
5658	0
5659	1
5660	0
5661	3
5662	3
5663	3
5664	3
5665	0
5666	0
5667	3
5668	3
5669	3
5670	0
5671	0
5672	0
5673	0
5674	2
5675	0
5676	2
5677	3
5678	0
5679	0
5680	3
5681	0
5682	3
5683	3
5684	3
5685	2
5686	2
5687	0
5688	3
5689	0
5690	0
5691	2
5692	3
5693	2
5694	3
5695	3
5696	3
5697	3
5698	0
5699	3
5700	3
5701	0
5702	3
5703	3
5704	0
5705	0
5706	0
5707	0
5708	3
5709	2
5710	3
5711	3
5712	0
5713	2
5714	0
5715	3
5716	3
5717	1
5718	0
5719	0
5720	0
5721	2
5722	2
5723	0
5724	3
5725	2
5726	0
5727	2
5728	0
5729	2
5730	3
5731	0
5732	0
5733	3
5734	3
5735	1
5736	2
5737	0
5738	0
5739	1
5740	1
5741	0
5742	1
5743	0
5744	2
5745	3
5746	3
5747	3
5748	1
5749	0
5750	0
5751	3
5752	2
5753	1
5754	0
5755	0
5756	3
5757	0
5758	0
5759	3
5760	3
5761	0
5762	1
5763	0
5764	1
5765	3
5766	0
5767	3
5768	3
5769	0
5770	1
5771	3
5772	3
5773	0
5774	3
5775	3
5776	3
5777	3
5778	2
5779	1
5780	0
5781	3
5782	0
5783	1
5784	3
5785	3
5786	0
5787	0
5788	2
5789	0
5790	2
5791	2
5792	3
5793	0
5794	0
5795	3
5796	3
5797	3
5798	0
5799	3
5800	0
5801	3
5802	3
5803	0
5804	2
5805	3
5806	3
5807	1
5808	0
5809	0
5810	0
5811	0
5812	0
5813	2
5814	2
5815	3
5816	2
5817	3
5818	0
5819	0
5820	3
5821	3
5822	3
5823	0
5824	0
5825	0
5826	3
5827	3
5828	3
5829	3
5830	3
5831	3
5832	1
5833	3
5834	3
5835	3
5836	2
5837	3
5838	0
5839	3
5840	3
5841	0
5842	0
5843	0
5844	0
5845	0
5846	3
5847	3
5848	0
5849	0
5850	0
5851	0
5852	0
5853	3
5854	2
5855	0
5856	0
5857	0
5858	0
5859	0
5860	0
5861	3
5862	2
5863	3
5864	0
5865	2
5866	1
5867	0
5868	3
5869	0
5870	0
5871	3
5872	3
5873	1
5874	0
5875	0
5876	3
5877	3
5878	0
5879	1
5880	0
5881	3
5882	0
5883	3
5884	0
5885	0
5886	0
5887	0
5888	3
5889	3
5890	3
5891	1
5892	0
5893	3
5894	2
5895	0
5896	0
5897	3
5898	3
5899	2
5900	3
5901	3
5902	2
5903	0
5904	0
5905	0
5906	1
5907	2
5908	0
5909	3
5910	0
5911	2
5912	3
5913	3
5914	3
5915	0
5916	3
5917	1
5918	0
5919	1
5920	0
5921	0
5922	3
5923	2
5924	0
5925	0
5926	0
5927	0
5928	0
5929	0
5930	2
5931	3
5932	0
5933	0
5934	0
5935	0
5936	3
5937	3
5938	1
5939	0
5940	3
5941	2
5942	1
5943	0
5944	0
5945	2
5946	3
5947	3
5948	2
5949	2
5950	3
5951	0
5952	3
5953	0
5954	0
5955	0
5956	0
5957	3
5958	0
5959	3
5960	0
5961	0
5962	0
5963	3
5964	0
5965	3
5966	2
5967	0
5968	3
5969	2
5970	3
5971	3
5972	0
5973	2
5974	3
5975	0
5976	3
5977	3
5978	1
5979	3
5980	1
5981	3
5982	0
5983	0
5984	0
5985	1
5986	3
5987	2
5988	3
5989	0
5990	3
5991	3
5992	0
5993	3
5994	2
5995	3
5996	3
5997	2
5998	2
5999	0
6000	3
6001	2
6002	0
6003	3
6004	0
6005	3
6006	1
6007	3
6008	2
6009	0
6010	1
6011	2
6012	0
6013	1
6014	3
6015	0
6016	3
6017	3
6018	3
6019	2
6020	0
6021	0
6022	3
6023	3
6024	0
6025	1
6026	0
6027	3
6028	1
6029	0
6030	2
6031	3
6032	0
6033	0
6034	0
6035	3
6036	0
6037	3
6038	0
6039	3
6040	0
6041	3
6042	3
6043	0
6044	3
6045	0
6046	3
6047	0
6048	2
6049	2
6050	0
6051	2
6052	0
6053	3
6054	3
6055	0
6056	3
6057	0
6058	3
6059	2
6060	0
6061	0
6062	0
6063	3
6064	0
6065	0
6066	3
6067	2
6068	0
6069	3
6070	2
6071	0
6072	0
6073	0
6074	0
6075	3
6076	0
6077	0
6078	3
6079	1
6080	3
6081	0
6082	0
6083	1
6084	3
6085	1
6086	0
6087	3
6088	3
6089	3
6090	3
6091	0
6092	0
6093	3
6094	3
6095	3
6096	0
6097	0
6098	3
6099	0
6100	0
6101	1
6102	0
6103	0
6104	0
6105	3
6106	3
6107	3
6108	3
6109	3
6110	0
6111	0
6112	3
6113	2
6114	0
6115	3
6116	3
6117	3
6118	0
6119	3
6120	0
6121	1
6122	0
6123	0
6124	0
6125	3
6126	0
6127	0
6128	1
6129	2
6130	3
6131	3
6132	3
6133	3
6134	0
6135	0
6136	3
6137	3
6138	0
6139	1
6140	0
6141	3
6142	3
6143	0
6144	1
6145	2
6146	1
6147	2
6148	1
6149	0
6150	2
6151	3
6152	0
6153	1
6154	0
6155	2
6156	3
6157	3
6158	2
6159	1
6160	1
6161	0
6162	3
6163	0
6164	0
6165	3
6166	2
6167	0
6168	0
6169	3
6170	1
6171	0
6172	2
6173	2
6174	0
6175	3
6176	1
6177	3
6178	0
6179	0
6180	0
6181	0
6182	3
6183	0
6184	3
6185	3
6186	0
6187	1
6188	0
6189	2
6190	3
6191	3
6192	3
6193	3
6194	1
6195	3
6196	3
6197	0
6198	0
6199	0
6200	3
6201	2
6202	1
6203	3
6204	3
6205	0
6206	0
6207	3
6208	3
6209	3
6210	0
6211	0
6212	3
6213	3
6214	0
6215	3
6216	0
6217	3
6218	0
6219	3
6220	0
6221	1
6222	0
6223	2
6224	3
6225	3
6226	0
6227	0
6228	2
6229	3
6230	3
6231	3
6232	0
6233	3
6234	0
6235	2
6236	3
6237	0
6238	3
6239	3
6240	3
6241	1
6242	0
6243	0
6244	3
6245	3
6246	2
6247	0
6248	3
6249	2
6250	3
6251	3
6252	0
6253	2
6254	1
6255	0
6256	2
6257	0
6258	3
6259	0
6260	2
6261	0
6262	2
6263	1
6264	0
6265	0
6266	0
6267	0
6268	3
6269	0
6270	3
6271	1
6272	0
6273	3
6274	3
6275	3
6276	3
6277	0
6278	1
6279	0
6280	3
6281	3
6282	3
6283	0
6284	3
6285	3
6286	3
6287	0
6288	0
6289	0
6290	1
6291	0
6292	3
6293	0
6294	0
6295	1
6296	0
6297	3
6298	3
6299	3
6300	0
6301	1
6302	3
6303	3
6304	2
6305	2
6306	2
6307	2
6308	3
6309	0
6310	0
6311	0
6312	3
6313	0
6314	0
6315	0
6316	2
6317	0
6318	0
6319	3
6320	3
6321	0
6322	0
6323	3
6324	0
6325	0
6326	3
6327	3
6328	3
6329	0
6330	0
6331	1
6332	3
6333	3
6334	0
6335	0
6336	2
6337	3
6338	3
6339	0
6340	3
6341	0
6342	0
6343	3
6344	0
6345	0
6346	0
6347	2
6348	3
6349	1
6350	3
6351	3
6352	0
6353	0
6354	1
6355	0
6356	3
6357	0
6358	0
6359	2
6360	0
6361	0
6362	1
6363	0
6364	3
6365	3
6366	1
6367	3
6368	0
6369	3
6370	0
6371	3
6372	3
6373	0
6374	1
6375	3
6376	3
6377	3
6378	0
6379	0
6380	3
6381	2
6382	0
6383	3
6384	1
6385	0
6386	0
6387	1
6388	0
6389	3
6390	0
6391	3
6392	0
6393	0
6394	3
6395	3
6396	3
6397	2
6398	0
6399	3
6400	3
6401	3
6402	3
6403	3
6404	0
6405	2
6406	0
6407	2
6408	3
6409	0
6410	0
6411	3
6412	3
6413	2
6414	3
6415	0
6416	3
6417	0
6418	3
6419	3
6420	3
6421	3
6422	1
6423	0
6424	3
6425	2
6426	2
6427	0
6428	3
6429	3
6430	0
6431	0
6432	2
6433	0
6434	3
6435	0
6436	3
6437	2
6438	0
6439	3
6440	0
6441	2
6442	0
6443	3
6444	3
6445	3
6446	2
6447	2
6448	0
6449	0
6450	3
6451	0
6452	3
6453	1
6454	3
6455	1
6456	0
6457	0
6458	1
6459	0
6460	3
6461	3
6462	0
6463	0
6464	3
6465	2
6466	0
6467	3
6468	0
6469	1
6470	3
6471	0
6472	0
6473	0
6474	0
6475	0
6476	3
6477	3
6478	0
6479	1
6480	0
6481	0
6482	3
6483	3
6484	1
6485	3
6486	0
6487	1
6488	3
6489	0
6490	3
6491	2
6492	2
6493	3
6494	3
6495	3
6496	3
6497	1
6498	1
6499	3
6500	0
6501	3
6502	3
6503	3
6504	1
6505	0
6506	0
6507	3
6508	3
6509	1
6510	3
6511	3
6512	0
6513	0
6514	3
6515	0
6516	0
6517	0
6518	3
6519	3
6520	2
6521	3
6522	3
6523	0
6524	0
6525	0
6526	0
6527	3
6528	3
6529	3
6530	3
6531	0
6532	0
6533	0
6534	3
6535	3
6536	1
6537	3
6538	3
6539	0
6540	0
6541	3
6542	0
6543	3
6544	2
6545	0
6546	3
6547	0
6548	0
6549	1
6550	3
6551	3
6552	0
6553	3
6554	0
6555	2
6556	0
6557	0
6558	0
6559	0
6560	0
6561	0
6562	3
6563	1
6564	3
6565	0
6566	3
6567	2
6568	0
6569	0
6570	0
6571	0
6572	0
6573	0
6574	0
6575	0
6576	3
6577	0
6578	0
6579	0
6580	3
6581	3
6582	0
6583	2
6584	3
6585	2
6586	3
6587	0
6588	3
6589	3
6590	0
6591	3
6592	0
6593	0
6594	3
6595	3
6596	0
6597	0
6598	2
6599	2
6600	3
6601	0
6602	2
6603	3
6604	0
6605	0
6606	3
6607	0
6608	0
6609	3
6610	3
6611	2
6612	0
6613	3
6614	3
6615	3
6616	1
6617	2
6618	3
6619	0
6620	3
6621	0
6622	3
6623	3
6624	0
6625	0
6626	0
6627	1
6628	2
6629	2
6630	0
6631	3
6632	3
6633	2
6634	1
6635	0
6636	1
6637	3
6638	3
6639	0
6640	0
6641	3
6642	0
6643	3
6644	3
6645	0
6646	3
6647	3
6648	0
6649	0
6650	0
6651	0
6652	3
6653	3
6654	0
6655	2
6656	3
6657	3
6658	0
6659	1
6660	1
6661	0
6662	3
6663	0
6664	0
6665	3
6666	3
6667	0
6668	0
6669	3
6670	3
6671	2
6672	3
6673	3
6674	2
6675	1
6676	3
6677	3
6678	3
6679	0
6680	3
6681	3
6682	0
6683	0
6684	3
6685	3
6686	3
6687	0
6688	0
6689	0
6690	3
6691	3
6692	0
6693	3
6694	0
6695	3
6696	0
6697	0
6698	1
6699	0
6700	3
6701	3
6702	0
6703	3
6704	3
6705	0
6706	3
6707	3
6708	2
6709	3
6710	1
6711	1
6712	3
6713	0
6714	0
6715	0
6716	0
6717	3
6718	3
6719	0
6720	3
6721	3
6722	3
6723	2
6724	0
6725	3
6726	1
6727	2
6728	0
6729	0
6730	3
6731	0
6732	3
6733	3
6734	3
6735	0
6736	3
6737	0
6738	0
6739	0
6740	0
6741	1
6742	0
6743	0
6744	1
6745	3
6746	3
6747	0
6748	0
6749	0
6750	3
6751	3
6752	3
6753	0
6754	0
6755	3
6756	0
6757	0
6758	1
6759	3
6760	3
6761	0
6762	0
6763	0
6764	3
6765	3
6766	3
6767	0
6768	2
6769	0
6770	3
6771	3
6772	2
6773	0
6774	0
6775	0
6776	2
6777	0
6778	2
6779	1
6780	3
6781	1
6782	3
6783	3
6784	3
6785	2
6786	3
6787	0
6788	0
6789	3
6790	0
6791	0
6792	0
6793	0
6794	0
6795	1
6796	3
6797	0
6798	3
6799	0
6800	3
6801	2
6802	0
6803	0
6804	2
6805	3
6806	3
6807	0
6808	0
6809	2
6810	3
6811	3
6812	3
6813	2
6814	3
6815	0
6816	3
6817	1
6818	2
6819	1
6820	3
6821	2
6822	3
6823	0
6824	3
6825	0
6826	1
6827	0
6828	3
6829	0
6830	0
6831	0
6832	0
6833	0
6834	3
6835	0
6836	0
6837	0
6838	3
6839	2
6840	0
6841	3
6842	0
6843	0
6844	3
6845	2
6846	3
6847	0
6848	2
6849	1
6850	0
6851	0
6852	0
6853	3
6854	3
6855	0
6856	0
6857	0
6858	1
6859	3
6860	3
6861	3
6862	3
6863	3
6864	2
6865	0
6866	0
6867	0
6868	0
6869	1
6870	3
6871	3
6872	3
6873	3
6874	3
6875	3
6876	2
6877	3
6878	0
6879	3
6880	2
6881	2
6882	3
6883	3
6884	3
6885	3
6886	0
6887	0
6888	0
6889	3
6890	2
6891	2
6892	3
6893	3
6894	0
6895	3
6896	2
6897	0
6898	2
6899	0
6900	2
6901	0
6902	3
6903	0
6904	3
6905	0
6906	1
6907	3
6908	2
6909	0
6910	0
6911	3
6912	1
6913	2
6914	3
6915	3
6916	3
6917	3
6918	1
6919	0
6920	0
6921	3
6922	0
6923	0
6924	2
6925	0
6926	0
6927	2
6928	1
6929	2
6930	3
6931	0
6932	0
6933	2
6934	0
6935	3
6936	3
6937	3
6938	0
6939	0
6940	3
6941	0
6942	3
6943	2
6944	3
6945	3
6946	0
6947	3
6948	2
6949	0
6950	0
6951	2
6952	2
6953	0
6954	3
6955	2
6956	0
6957	0
6958	3
6959	3
6960	0
6961	3
6962	3
6963	2
6964	0
6965	2
6966	1
6967	0
6968	0
6969	3
6970	2
6971	0
6972	0
6973	3
6974	3
6975	3
6976	3
6977	2
6978	0
6979	3
6980	1
6981	3
6982	3
6983	0
6984	2
6985	3
6986	0
6987	3
6988	2
6989	0
6990	0
6991	0
6992	3
6993	3
6994	0
6995	3
6996	3
6997	3
6998	3
6999	3
7000	2
7001	3
7002	3
7003	3
7004	3
7005	3
7006	2
7007	0
7008	2
7009	3
7010	3
7011	2
7012	1
7013	3
7014	0
7015	2
7016	3
7017	3
7018	3
7019	0
7020	0
7021	1
7022	2
7023	0
7024	3
7025	3
7026	3
7027	2
7028	1
7029	0
7030	0
7031	3
7032	0
7033	0
7034	3
7035	3
7036	0
7037	3
7038	3
7039	0
7040	0
7041	0
7042	0
7043	0
7044	3
7045	0
7046	3
7047	0
7048	0
7049	0
7050	3
7051	3
7052	3
7053	3
7054	2
7055	0
7056	3
7057	3
7058	0
7059	3
7060	0
7061	0
7062	2
7063	1
7064	3
7065	1
7066	3
7067	3
7068	3
7069	0
7070	0
7071	3
7072	0
7073	3
7074	3
7075	0
7076	3
7077	3
7078	0
7079	0
7080	3
7081	0
7082	2
7083	3
7084	3
7085	1
7086	0
7087	3
7088	3
7089	0
7090	3
7091	1
7092	3
7093	3
7094	1
7095	3
7096	2
7097	0
7098	2
7099	0
7100	0
7101	2
7102	0
7103	3
7104	0
7105	3
7106	0
7107	2
7108	3
7109	0
7110	3
7111	3
7112	3
7113	3
7114	3
7115	3
7116	0
7117	2
7118	3
7119	3
7120	0
7121	3
7122	3
7123	0
7124	3
7125	0
7126	3
7127	0
7128	0
7129	1
7130	3
7131	0
7132	3
7133	3
7134	0
7135	0
7136	0
7137	2
7138	0
7139	3
7140	0
7141	0
7142	2
7143	1
7144	3
7145	3
7146	0
7147	1
7148	2
7149	3
7150	0
7151	0
7152	3
7153	1
7154	2
7155	0
7156	3
7157	0
7158	0
7159	0
7160	3
7161	3
7162	3
7163	0
7164	0
7165	2
7166	0
7167	3
7168	0
7169	0
7170	3
7171	0
7172	3
7173	0
7174	0
7175	0
7176	0
7177	3
7178	2
7179	3
7180	3
7181	3
7182	0
7183	2
7184	3
7185	0
7186	1
7187	3
7188	3
7189	3
7190	0
7191	1
7192	0
7193	3
7194	3
7195	3
7196	3
7197	0
7198	0
7199	3
7200	0
7201	3
7202	0
7203	0
7204	2
7205	0
7206	2
7207	3
7208	1
7209	1
7210	2
7211	2
7212	3
7213	1
7214	3
7215	3
7216	0
7217	2
7218	0
7219	1
7220	3
7221	0
7222	0
7223	0
7224	0
7225	0
7226	3
7227	2
7228	0
7229	0
7230	0
7231	3
7232	1
7233	0
7234	0
7235	0
7236	3
7237	0
7238	0
7239	3
7240	0
7241	0
7242	0
7243	3
7244	2
7245	1
7246	3
7247	3
7248	0
7249	2
7250	0
7251	0
7252	0
7253	3
7254	2
7255	3
7256	3
7257	1
7258	3
7259	0
7260	3
7261	0
7262	3
7263	0
7264	0
7265	3
7266	0
7267	0
7268	0
7269	0
7270	0
7271	0
7272	3
7273	3
7274	3
7275	0
7276	3
7277	3
7278	2
7279	0
7280	0
7281	2
7282	3
7283	3
7284	0
7285	0
7286	3
7287	2
7288	2
7289	0
7290	0
7291	0
7292	3
7293	3
7294	0
7295	0
7296	3
7297	0
7298	3
7299	2
7300	0
7301	3
7302	1
7303	0
7304	1
7305	3
7306	0
7307	0
7308	2
7309	2
7310	3
7311	0
7312	3
7313	0
7314	1
7315	0
7316	0
7317	3
7318	3
7319	0
7320	3
7321	3
7322	2
7323	0
7324	0
7325	3
7326	0
7327	3
7328	0
7329	3
7330	2
7331	3
7332	0
7333	3
7334	0
7335	0
7336	2
7337	1
7338	3
7339	0
7340	3
7341	3
7342	0
7343	2
7344	3
7345	2
7346	3
7347	0
7348	0
7349	3
7350	2
7351	0
7352	3
7353	0
7354	3
7355	3
7356	0
7357	1
7358	0
7359	3
7360	3
7361	3
7362	0
7363	0
7364	2
7365	0
7366	0
7367	2
7368	0
7369	3
7370	0
7371	3
7372	0
7373	3
7374	3
7375	3
7376	0
7377	0
7378	0
7379	3
7380	0
7381	0
7382	1
7383	0
7384	3
7385	0
7386	3
7387	0
7388	0
7389	0
7390	0
7391	3
7392	0
7393	3
7394	0
7395	0
7396	3
7397	0
7398	1
7399	3
7400	3
7401	3
7402	0
7403	0
7404	0
7405	1
7406	3
7407	2
7408	2
7409	0
7410	0
7411	3
7412	0
7413	0
7414	0
7415	3
7416	1
7417	3
7418	0
7419	0
7420	0
7421	0
7422	3
7423	0
7424	0
7425	2
7426	3
7427	0
7428	3
7429	2
7430	3
7431	2
7432	3
7433	0
7434	0
7435	2
7436	0
7437	3
7438	0
7439	0
7440	0
7441	3
7442	0
7443	3
7444	3
7445	3
7446	0
7447	0
7448	0
7449	1
7450	3
7451	0
7452	3
7453	3
7454	0
7455	0
7456	0
7457	3
7458	0
7459	1
7460	3
7461	0
7462	3
7463	0
7464	3
7465	3
7466	0
7467	3
7468	0
7469	3
7470	1
7471	3
7472	3
7473	0
7474	3
7475	0
7476	3
7477	0
7478	3
7479	3
7480	3
7481	0
7482	3
7483	0
7484	3
7485	2
7486	0
7487	3
7488	2
7489	3
7490	2
7491	0
7492	0
7493	3
7494	1
7495	3
7496	3
7497	0
7498	1
7499	2
7500	3
7501	3
7502	0
7503	0
7504	0
7505	0
7506	0
7507	0
7508	3
7509	2
7510	1
7511	2
7512	0
7513	2
7514	1
7515	0
7516	0
7517	0
7518	3
7519	0
7520	0
7521	0
7522	1
7523	0
7524	0
7525	0
7526	3
7527	0
7528	3
7529	3
7530	3
7531	2
7532	0
7533	3
7534	3
7535	0
7536	3
7537	3
7538	3
7539	3
7540	0
7541	1
7542	0
7543	3
7544	0
7545	3
7546	3
7547	3
7548	3
7549	0
7550	3
7551	2
7552	3
7553	3
7554	3
7555	0
7556	3
7557	1
7558	3
7559	2
7560	3
7561	0
7562	3
7563	0
7564	0
7565	0
7566	0
7567	0
7568	0
7569	0
7570	0
7571	0
7572	3
7573	3
7574	3
7575	0
7576	0
7577	2
7578	1
7579	0
7580	0
7581	1
7582	0
7583	0
7584	0
7585	0
7586	3
7587	0
7588	3
7589	0
7590	0
7591	3
7592	0
7593	3
7594	0
7595	2
7596	0
7597	0
7598	3
7599	2
7600	1
7601	3
7602	0
7603	3
7604	0
7605	2
7606	0
7607	1
7608	3
7609	0
7610	3
7611	3
7612	3
7613	0
7614	2
7615	0
7616	0
7617	3
7618	0
7619	2
7620	2
7621	2
7622	3
7623	0
7624	3
7625	3
7626	0
7627	2
7628	1
7629	2
7630	0
7631	0
7632	3
7633	2
7634	3
7635	3
7636	0
7637	3
7638	0
7639	0
7640	1
7641	0
7642	3
7643	2
7644	0
7645	3
7646	1
7647	3
7648	3
7649	0
7650	0
7651	0
7652	0
7653	3
7654	0
7655	3
7656	0
7657	2
7658	3
7659	0
7660	0
7661	0
7662	3
7663	2
7664	2
7665	0
7666	0
7667	3
7668	0
7669	0
7670	3
7671	3
7672	0
7673	0
7674	0
7675	0
7676	0
7677	0
7678	3
7679	2
7680	2
7681	2
7682	0
7683	3
7684	3
7685	3
7686	2
7687	0
7688	3
7689	2
7690	3
7691	3
7692	1
7693	3
7694	3
7695	2
7696	3
7697	2
7698	2
7699	0
7700	3
7701	3
7702	0
7703	3
7704	0
7705	3
7706	3
7707	3
7708	0
7709	3
7710	3
7711	3
7712	0
7713	2
7714	1
7715	2
7716	0
7717	3
7718	0
7719	3
7720	0
7721	3
7722	3
7723	2
7724	3
7725	0
7726	0
7727	0
7728	0
7729	0
7730	3
7731	3
7732	3
7733	3
7734	3
7735	0
7736	3
7737	0
7738	0
7739	2
7740	0
7741	0
7742	0
7743	0
7744	0
7745	1
7746	0
7747	2
7748	2
7749	0
7750	0
7751	3
7752	0
7753	0
7754	0
7755	0
7756	0
7757	0
7758	1
7759	3
7760	0
7761	0
7762	0
7763	0
7764	3
7765	3
7766	0
7767	2
7768	0
7769	0
7770	3
7771	3
7772	0
7773	2
7774	0
7775	0
7776	0
7777	0
7778	3
7779	3
7780	0
7781	1
7782	0
7783	3
7784	2
7785	3
7786	0
7787	3
7788	0
7789	2
7790	3
7791	0
7792	0
7793	3
7794	3
7795	0
7796	0
7797	0
7798	3
7799	0
7800	2
7801	3
7802	0
7803	1
7804	3
7805	0
7806	0
7807	0
7808	3
7809	0
7810	2
7811	3
7812	0
7813	2
7814	0
7815	3
7816	3
7817	1
7818	0
7819	3
7820	3
7821	1
7822	0
7823	3
7824	0
7825	3
7826	2
7827	0
7828	3
7829	0
7830	0
7831	0
7832	0
7833	3
7834	0
7835	2
7836	3
7837	3
7838	2
7839	0
7840	0
7841	0
7842	3
7843	0
7844	0
7845	3
7846	0
7847	3
7848	3
7849	3
7850	3
7851	2
7852	1
7853	1
7854	0
7855	3
7856	3
7857	0
7858	2
7859	0
7860	2
7861	0
7862	3
7863	3
7864	0
7865	3
7866	1
7867	0
7868	0
7869	3
7870	0
7871	0
7872	0
7873	0
7874	0
7875	0
7876	0
7877	0
7878	3
7879	3
7880	0
7881	0
7882	3
7883	3
7884	2
7885	3
7886	3
7887	0
7888	0
7889	0
7890	2
7891	0
7892	3
7893	3
7894	3
7895	1
7896	3
7897	3
7898	0
7899	0
7900	3
7901	1
7902	3
7903	3
7904	3
7905	0
7906	0
7907	3
7908	3
7909	1
7910	3
7911	0
7912	0
7913	2
7914	3
7915	2
7916	2
7917	3
7918	3
7919	0
7920	0
7921	0
7922	3
7923	3
7924	0
7925	3
7926	3
7927	0
7928	0
7929	1
7930	3
7931	3
7932	0
7933	0
7934	2
7935	0
7936	1
7937	3
7938	1
7939	3
7940	1
7941	1
7942	3
7943	3
7944	0
7945	3
7946	3
7947	3
7948	1
7949	3
7950	3
7951	2
7952	0
7953	0
7954	3
7955	0
7956	0
7957	1
7958	0
7959	3
7960	3
7961	2
7962	1
7963	0
7964	3
7965	0
7966	3
7967	2
7968	0
7969	3
7970	1
7971	3
7972	1
7973	0
7974	3
7975	0
7976	3
7977	0
7978	3
7979	3
7980	3
7981	0
7982	3
7983	3
7984	0
7985	1
7986	0
7987	0
7988	1
7989	0
7990	3
7991	3
7992	2
7993	0
7994	0
7995	0
7996	2
7997	3
7998	0
7999	2
8000	0
8001	1
8002	0
8003	3
8004	0
8005	3
8006	3
8007	0
8008	0
8009	3
8010	3
8011	3
8012	2
8013	3
8014	2
8015	3
8016	3
8017	3
8018	0
8019	0
8020	1
8021	2
8022	3
8023	3
8024	0
8025	3
8026	3
8027	3
8028	2
8029	2
8030	0
8031	0
8032	0
8033	3
8034	3
8035	2
8036	0
8037	0
8038	3
8039	2
8040	0
8041	3
8042	3
8043	3
8044	2
8045	3
8046	0
8047	0
8048	3
8049	1
8050	3
8051	2
8052	3
8053	0
8054	2
8055	2
8056	2
8057	2
8058	0
8059	2
8060	0
8061	3
8062	0
8063	0
8064	0
8065	0
8066	2
8067	3
8068	2
8069	0
8070	0
8071	1
8072	1
8073	2
8074	0
8075	0
8076	1
8077	0
8078	3
8079	0
8080	2
8081	3
8082	0
8083	0
8084	0
8085	0
8086	0
8087	0
8088	3
8089	3
8090	3
8091	3
8092	0
8093	0
8094	0
8095	3
8096	1
8097	0
8098	3
8099	3
8100	0
8101	2
8102	0
8103	0
8104	3
8105	2
8106	2
8107	2
8108	0
8109	1
8110	3
8111	3
8112	1
8113	2
8114	3
8115	0
8116	3
8117	3
8118	0
8119	2
8120	3
8121	0
8122	0
8123	0
8124	0
8125	3
8126	1
8127	3
8128	3
8129	0
8130	3
8131	3
8132	3
8133	3
8134	0
8135	2
8136	3
8137	3
8138	0
8139	0
8140	0
8141	2
8142	3
8143	2
8144	2
8145	1
8146	3
8147	0
8148	2
8149	0
8150	0
8151	0
8152	3
8153	3
8154	2
8155	0
8156	0
8157	0
8158	0
8159	1
8160	0
8161	3
8162	0
8163	3
8164	3
8165	3
8166	3
8167	3
8168	2
8169	2
8170	0
8171	3
8172	3
8173	3
8174	0
8175	3
8176	3
8177	3
8178	3
8179	0
8180	0
8181	0
8182	2
8183	3
8184	3
8185	3
8186	2
8187	3
8188	2
8189	3
8190	3
8191	3
