COMMAND
./sim gshare 12 2 ./proj2-traces/perl_trace.txt
OUTPUT
number of predictions:2000000
number of mispredictions:180545
misprediction rate:   9.03%
FINAL GSHARE CONTENTS
0	3
1	2
2	2
3	1
4	3
5	2
6	2
7	2
8	2
9	2
10	3
11	2
12	3
13	1
14	1
15	2
16	2
17	2
18	3
19	2
20	2
21	2
22	2
23	0
24	2
25	3
26	3
27	3
28	2
29	3
30	3
31	2
32	2
33	3
34	0
35	3
36	3
37	2
38	2
39	3
40	2
41	2
42	3
43	2
44	3
45	2
46	2
47	0
48	3
49	2
50	3
51	0
52	2
53	2
54	3
55	0
56	2
57	1
58	2
59	3
60	0
61	2
62	2
63	1
64	1
65	2
66	0
67	2
68	2
69	2
70	2
71	3
72	2
73	2
74	3
75	2
76	2
77	2
78	2
79	1
80	2
81	2
82	2
83	3
84	2
85	1
86	2
87	3
88	2
89	2
90	2
91	0
92	2
93	2
94	0
95	3
96	2
97	2
98	2
99	2
100	3
101	2
102	2
103	2
104	2
105	2
106	0
107	1
108	2
109	2
110	3
111	3
112	2
113	3
114	1
115	3
116	0
117	2
118	0
119	0
120	0
121	2
122	2
123	2
124	3
125	0
126	2
127	2
128	3
129	3
130	2
131	1
132	3
133	2
134	0
135	3
136	2
137	3
138	3
139	2
140	0
141	2
142	0
143	0
144	1
145	2
146	2
147	3
148	2
149	2
150	1
151	3
152	2
153	2
154	2
155	2
156	2
157	2
158	3
159	2
160	1
161	0
162	0
163	3
164	2
165	2
166	2
167	0
168	2
169	2
170	3
171	0
172	3
173	2
174	0
175	2
176	3
177	2
178	2
179	2
180	3
181	2
182	3
183	2
184	2
185	2
186	3
187	1
188	2
189	2
190	3
191	1
192	3
193	3
194	2
195	2
196	0
197	0
198	2
199	0
200	2
201	3
202	2
203	0
204	2
205	2
206	2
207	2
208	1
209	3
210	0
211	2
212	2
213	2
214	2
215	0
216	0
217	2
218	0
219	0
220	3
221	3
222	2
223	3
224	2
225	3
226	0
227	0
228	2
229	3
230	2
231	2
232	0
233	2
234	0
235	2
236	2
237	2
238	3
239	3
240	0
241	2
242	2
243	1
244	2
245	2
246	2
247	2
248	3
249	3
250	2
251	3
252	3
253	2
254	3
255	2
256	2
257	0
258	2
259	2
260	2
261	3
262	3
263	3
264	0
265	3
266	2
267	2
268	2
269	0
270	2
271	1
272	3
273	3
274	2
275	3
276	3
277	3
278	0
279	3
280	2
281	2
282	2
283	3
284	0
285	3
286	1
287	3
288	2
289	3
290	0
291	2
292	2
293	0
294	2
295	2
296	3
297	2
298	2
299	0
300	3
301	2
302	3
303	2
304	3
305	2
306	2
307	2
308	3
309	2
310	0
311	2
312	2
313	3
314	2
315	3
316	2
317	2
318	3
319	0
320	1
321	2
322	2
323	0
324	2
325	3
326	2
327	1
328	2
329	2
330	1
331	2
332	2
333	2
334	3
335	3
336	3
337	3
338	0
339	2
340	2
341	2
342	0
343	2
344	2
345	3
346	2
347	2
348	2
349	1
350	2
351	2
352	2
353	2
354	2
355	3
356	2
357	3
358	3
359	2
360	2
361	2
362	3
363	3
364	0
365	0
366	2
367	1
368	2
369	2
370	2
371	0
372	2
373	2
374	3
375	0
376	0
377	0
378	2
379	0
380	3
381	3
382	2
383	2
384	1
385	2
386	2
387	2
388	2
389	1
390	2
391	2
392	2
393	3
394	2
395	2
396	2
397	2
398	3
399	2
400	2
401	2
402	2
403	3
404	2
405	2
406	2
407	2
408	3
409	1
410	2
411	0
412	3
413	3
414	2
415	3
416	3
417	2
418	3
419	2
420	1
421	2
422	2
423	1
424	2
425	0
426	3
427	2
428	3
429	0
430	3
431	2
432	3
433	2
434	1
435	2
436	3
437	2
438	2
439	3
440	2
441	0
442	2
443	1
444	2
445	2
446	2
447	2
448	2
449	0
450	3
451	3
452	0
453	2
454	0
455	3
456	2
457	2
458	2
459	0
460	2
461	2
462	3
463	2
464	3
465	2
466	2
467	2
468	3
469	3
470	2
471	2
472	2
473	0
474	2
475	2
476	2
477	0
478	2
479	0
480	3
481	2
482	2
483	2
484	2
485	0
486	3
487	3
488	0
489	2
490	3
491	0
492	2
493	2
494	3
495	0
496	0
497	2
498	2
499	0
500	2
501	2
502	2
503	1
504	2
505	2
506	3
507	2
508	3
509	3
510	2
511	3
512	2
513	2
514	2
515	3
516	2
517	2
518	2
519	2
520	3
521	1
522	2
523	2
524	2
525	2
526	3
527	2
528	3
529	2
530	2
531	1
532	3
533	2
534	2
535	2
536	0
537	2
538	2
539	2
540	0
541	2
542	2
543	2
544	2
545	2
546	2
547	2
548	2
549	2
550	2
551	2
552	3
553	2
554	2
555	2
556	3
557	1
558	3
559	2
560	3
561	3
562	2
563	2
564	2
565	3
566	0
567	2
568	3
569	2
570	2
571	2
572	3
573	2
574	0
575	2
576	3
577	0
578	2
579	2
580	3
581	2
582	0
583	2
584	3
585	2
586	0
587	3
588	3
589	3
590	2
591	2
592	3
593	3
594	3
595	2
596	0
597	0
598	2
599	2
600	3
601	1
602	2
603	0
604	2
605	0
606	2
607	2
608	2
609	0
610	2
611	2
612	3
613	0
614	2
615	2
616	2
617	2
618	3
619	2
620	2
621	0
622	0
623	1
624	2
625	2
626	1
627	3
628	3
629	2
630	2
631	0
632	2
633	3
634	2
635	2
636	2
637	2
638	2
639	2
640	3
641	2
642	3
643	2
644	2
645	2
646	2
647	3
648	3
649	3
650	3
651	3
652	2
653	3
654	1
655	3
656	2
657	0
658	2
659	2
660	2
661	2
662	2
663	2
664	2
665	3
666	2
667	2
668	0
669	2
670	2
671	2
672	0
673	2
674	2
675	3
676	2
677	2
678	2
679	2
680	0
681	3
682	3
683	2
684	2
685	0
686	0
687	2
688	2
689	2
690	0
691	0
692	1
693	3
694	2
695	2
696	2
697	2
698	2
699	2
700	2
701	2
702	0
703	3
704	2
705	3
706	2
707	2
708	0
709	0
710	2
711	2
712	0
713	2
714	2
715	0
716	0
717	2
718	3
719	0
720	2
721	2
722	3
723	2
724	2
725	0
726	2
727	2
728	2
729	2
730	2
731	2
732	2
733	2
734	3
735	2
736	2
737	2
738	2
739	2
740	1
741	2
742	2
743	2
744	1
745	2
746	2
747	0
748	2
749	0
750	0
751	2
752	2
753	2
754	3
755	3
756	2
757	3
758	2
759	2
760	3
761	3
762	2
763	2
764	3
765	0
766	2
767	2
768	2
769	3
770	1
771	2
772	2
773	1
774	2
775	3
776	1
777	3
778	0
779	3
780	3
781	1
782	0
783	3
784	2
785	3
786	2
787	0
788	1
789	0
790	0
791	0
792	0
793	0
794	2
795	3
796	3
797	2
798	3
799	3
800	0
801	3
802	0
803	3
804	3
805	1
806	3
807	3
808	2
809	1
810	1
811	2
812	1
813	2
814	3
815	2
816	2
817	2
818	3
819	2
820	2
821	0
822	1
823	2
824	2
825	2
826	2
827	0
828	2
829	2
830	2
831	0
832	2
833	2
834	2
835	2
836	2
837	2
838	3
839	0
840	0
841	2
842	2
843	3
844	3
845	3
846	2
847	0
848	3
849	3
850	3
851	2
852	2
853	0
854	2
855	2
856	0
857	1
858	2
859	2
860	3
861	1
862	0
863	2
864	0
865	3
866	2
867	0
868	0
869	2
870	0
871	2
872	3
873	2
874	2
875	2
876	0
877	0
878	2
879	2
880	3
881	2
882	3
883	2
884	3
885	0
886	2
887	2
888	2
889	2
890	2
891	2
892	2
893	3
894	1
895	1
896	2
897	3
898	2
899	0
900	2
901	2
902	2
903	2
904	3
905	0
906	3
907	2
908	3
909	2
910	2
911	2
912	3
913	0
914	2
915	3
916	2
917	2
918	2
919	2
920	3
921	2
922	2
923	0
924	0
925	2
926	1
927	2
928	2
929	0
930	2
931	2
932	3
933	0
934	0
935	2
936	2
937	3
938	0
939	2
940	2
941	3
942	2
943	2
944	0
945	3
946	2
947	2
948	2
949	3
950	2
951	3
952	2
953	2
954	2
955	2
956	2
957	1
958	2
959	2
960	2
961	2
962	2
963	2
964	1
965	2
966	2
967	2
968	2
969	1
970	0
971	2
972	3
973	2
974	3
975	2
976	3
977	2
978	0
979	3
980	2
981	0
982	2
983	1
984	3
985	2
986	0
987	2
988	2
989	2
990	3
991	3
992	3
993	2
994	2
995	2
996	2
997	2
998	0
999	2
1000	3
1001	0
1002	0
1003	3
1004	2
1005	3
1006	2
1007	3
1008	3
1009	2
1010	0
1011	0
1012	0
1013	2
1014	2
1015	0
1016	2
1017	2
1018	3
1019	0
1020	3
1021	2
1022	2
1023	1
1024	0
1025	2
1026	2
1027	3
1028	3
1029	3
1030	3
1031	2
1032	2
1033	2
1034	3
1035	3
1036	3
1037	3
1038	0
1039	2
1040	2
1041	2
1042	2
1043	2
1044	2
1045	2
1046	1
1047	0
1048	2
1049	2
1050	0
1051	0
1052	2
1053	0
1054	3
1055	2
1056	2
1057	3
1058	0
1059	3
1060	0
1061	0
1062	3
1063	3
1064	3
1065	2
1066	2
1067	0
1068	0
1069	2
1070	1
1071	0
1072	3
1073	2
1074	1
1075	0
1076	2
1077	2
1078	2
1079	2
1080	0
1081	2
1082	1
1083	3
1084	0
1085	2
1086	3
1087	2
1088	0
1089	1
1090	2
1091	2
1092	2
1093	2
1094	3
1095	2
1096	3
1097	3
1098	2
1099	2
1100	2
1101	2
1102	3
1103	3
1104	3
1105	0
1106	2
1107	2
1108	2
1109	3
1110	2
1111	1
1112	2
1113	3
1114	2
1115	2
1116	3
1117	2
1118	0
1119	1
1120	0
1121	3
1122	2
1123	2
1124	0
1125	2
1126	2
1127	2
1128	2
1129	0
1130	3
1131	2
1132	2
1133	2
1134	1
1135	3
1136	0
1137	0
1138	3
1139	3
1140	2
1141	2
1142	2
1143	3
1144	2
1145	0
1146	2
1147	3
1148	1
1149	2
1150	0
1151	1
1152	3
1153	0
1154	0
1155	0
1156	3
1157	2
1158	0
1159	0
1160	0
1161	0
1162	0
1163	1
1164	0
1165	2
1166	2
1167	1
1168	0
1169	2
1170	2
1171	3
1172	2
1173	2
1174	2
1175	0
1176	3
1177	0
1178	2
1179	2
1180	3
1181	0
1182	2
1183	2
1184	2
1185	3
1186	2
1187	2
1188	2
1189	2
1190	3
1191	1
1192	3
1193	3
1194	0
1195	3
1196	2
1197	2
1198	0
1199	2
1200	0
1201	2
1202	3
1203	2
1204	3
1205	2
1206	1
1207	3
1208	2
1209	2
1210	2
1211	3
1212	2
1213	3
1214	2
1215	2
1216	2
1217	0
1218	2
1219	0
1220	2
1221	0
1222	2
1223	0
1224	2
1225	2
1226	2
1227	0
1228	3
1229	2
1230	2
1231	2
1232	0
1233	3
1234	0
1235	3
1236	2
1237	2
1238	2
1239	2
1240	1
1241	0
1242	1
1243	2
1244	2
1245	1
1246	0
1247	3
1248	2
1249	3
1250	0
1251	1
1252	2
1253	0
1254	3
1255	2
1256	3
1257	3
1258	2
1259	2
1260	2
1261	1
1262	3
1263	2
1264	1
1265	3
1266	1
1267	2
1268	2
1269	0
1270	2
1271	0
1272	0
1273	0
1274	2
1275	3
1276	3
1277	1
1278	3
1279	2
1280	3
1281	2
1282	3
1283	0
1284	2
1285	0
1286	2
1287	3
1288	0
1289	2
1290	2
1291	2
1292	2
1293	2
1294	2
1295	3
1296	2
1297	3
1298	1
1299	3
1300	3
1301	1
1302	3
1303	2
1304	3
1305	1
1306	3
1307	2
1308	1
1309	2
1310	2
1311	2
1312	3
1313	3
1314	0
1315	2
1316	2
1317	2
1318	2
1319	3
1320	0
1321	0
1322	3
1323	2
1324	2
1325	3
1326	3
1327	1
1328	2
1329	2
1330	2
1331	0
1332	3
1333	0
1334	2
1335	2
1336	2
1337	2
1338	2
1339	2
1340	2
1341	2
1342	3
1343	0
1344	2
1345	2
1346	2
1347	0
1348	2
1349	3
1350	2
1351	2
1352	0
1353	1
1354	2
1355	0
1356	1
1357	3
1358	0
1359	2
1360	3
1361	2
1362	2
1363	0
1364	2
1365	0
1366	1
1367	0
1368	0
1369	2
1370	2
1371	3
1372	2
1373	2
1374	2
1375	2
1376	2
1377	2
1378	1
1379	2
1380	2
1381	0
1382	2
1383	3
1384	0
1385	2
1386	3
1387	2
1388	0
1389	1
1390	3
1391	2
1392	2
1393	2
1394	2
1395	0
1396	2
1397	2
1398	2
1399	0
1400	2
1401	0
1402	3
1403	2
1404	3
1405	3
1406	3
1407	2
1408	2
1409	2
1410	2
1411	2
1412	2
1413	2
1414	2
1415	3
1416	3
1417	2
1418	0
1419	2
1420	2
1421	2
1422	3
1423	2
1424	2
1425	1
1426	2
1427	2
1428	3
1429	2
1430	2
1431	1
1432	2
1433	2
1434	3
1435	2
1436	0
1437	3
1438	2
1439	1
1440	0
1441	2
1442	3
1443	3
1444	2
1445	2
1446	2
1447	2
1448	2
1449	2
1450	3
1451	0
1452	2
1453	1
1454	1
1455	2
1456	2
1457	2
1458	0
1459	0
1460	2
1461	2
1462	3
1463	3
1464	3
1465	2
1466	2
1467	3
1468	0
1469	1
1470	2
1471	2
1472	3
1473	2
1474	2
1475	2
1476	2
1477	2
1478	2
1479	2
1480	1
1481	2
1482	0
1483	2
1484	2
1485	3
1486	3
1487	3
1488	3
1489	2
1490	2
1491	1
1492	3
1493	0
1494	0
1495	3
1496	3
1497	3
1498	2
1499	2
1500	2
1501	0
1502	3
1503	3
1504	3
1505	3
1506	2
1507	0
1508	2
1509	2
1510	2
1511	3
1512	3
1513	2
1514	3
1515	0
1516	0
1517	2
1518	3
1519	0
1520	3
1521	1
1522	0
1523	2
1524	1
1525	3
1526	1
1527	1
1528	2
1529	2
1530	2
1531	2
1532	1
1533	2
1534	3
1535	2
1536	2
1537	3
1538	2
1539	3
1540	2
1541	2
1542	2
1543	0
1544	3
1545	3
1546	2
1547	2
1548	2
1549	0
1550	3
1551	2
1552	2
1553	2
1554	3
1555	2
1556	3
1557	1
1558	3
1559	1
1560	0
1561	2
1562	2
1563	2
1564	2
1565	2
1566	2
1567	2
1568	2
1569	2
1570	2
1571	3
1572	2
1573	2
1574	3
1575	3
1576	2
1577	3
1578	2
1579	3
1580	2
1581	2
1582	3
1583	2
1584	1
1585	1
1586	0
1587	3
1588	2
1589	2
1590	0
1591	2
1592	1
1593	3
1594	2
1595	3
1596	3
1597	2
1598	0
1599	3
1600	2
1601	0
1602	2
1603	3
1604	3
1605	2
1606	1
1607	2
1608	2
1609	2
1610	0
1611	2
1612	3
1613	2
1614	2
1615	0
1616	0
1617	2
1618	1
1619	3
1620	2
1621	2
1622	3
1623	2
1624	2
1625	2
1626	0
1627	2
1628	2
1629	3
1630	0
1631	2
1632	2
1633	3
1634	0
1635	2
1636	3
1637	0
1638	2
1639	3
1640	1
1641	2
1642	3
1643	3
1644	2
1645	3
1646	0
1647	3
1648	0
1649	2
1650	0
1651	2
1652	2
1653	3
1654	3
1655	0
1656	2
1657	0
1658	2
1659	3
1660	3
1661	2
1662	2
1663	2
1664	2
1665	0
1666	2
1667	2
1668	2
1669	2
1670	2
1671	3
1672	3
1673	3
1674	2
1675	3
1676	2
1677	2
1678	0
1679	3
1680	2
1681	2
1682	2
1683	2
1684	2
1685	2
1686	2
1687	2
1688	2
1689	2
1690	2
1691	2
1692	0
1693	2
1694	2
1695	2
1696	0
1697	2
1698	2
1699	0
1700	1
1701	2
1702	3
1703	2
1704	2
1705	2
1706	2
1707	3
1708	2
1709	1
1710	2
1711	2
1712	3
1713	2
1714	2
1715	0
1716	2
1717	2
1718	2
1719	3
1720	2
1721	2
1722	2
1723	2
1724	3
1725	0
1726	2
1727	0
1728	3
1729	2
1730	2
1731	2
1732	0
1733	2
1734	3
1735	2
1736	2
1737	2
1738	1
1739	0
1740	2
1741	2
1742	0
1743	2
1744	2
1745	2
1746	3
1747	2
1748	2
1749	2
1750	2
1751	3
1752	2
1753	2
1754	2
1755	2
1756	3
1757	2
1758	3
1759	2
1760	2
1761	2
1762	2
1763	2
1764	2
1765	2
1766	2
1767	2
1768	2
1769	2
1770	3
1771	0
1772	2
1773	3
1774	2
1775	2
1776	2
1777	2
1778	0
1779	3
1780	2
1781	1
1782	2
1783	2
1784	3
1785	2
1786	2
1787	2
1788	3
1789	1
1790	3
1791	2
1792	2
1793	3
1794	2
1795	0
1796	2
1797	2
1798	3
1799	0
1800	3
1801	3
1802	0
1803	2
1804	2
1805	3
1806	2
1807	0
1808	3
1809	2
1810	2
1811	0
1812	0
1813	2
1814	1
1815	2
1816	2
1817	0
1818	2
1819	1
1820	2
1821	2
1822	3
1823	3
1824	3
1825	3
1826	1
1827	2
1828	2
1829	0
1830	2
1831	2
1832	2
1833	3
1834	3
1835	2
1836	0
1837	2
1838	3
1839	2
1840	2
1841	2
1842	3
1843	2
1844	2
1845	3
1846	0
1847	2
1848	0
1849	2
1850	2
1851	0
1852	2
1853	2
1854	1
1855	1
1856	0
1857	2
1858	2
1859	2
1860	0
1861	3
1862	3
1863	2
1864	1
1865	0
1866	3
1867	2
1868	1
1869	2
1870	2
1871	2
1872	0
1873	2
1874	3
1875	2
1876	2
1877	1
1878	3
1879	0
1880	0
1881	3
1882	2
1883	2
1884	0
1885	1
1886	3
1887	2
1888	0
1889	3
1890	2
1891	2
1892	0
1893	3
1894	0
1895	2
1896	3
1897	2
1898	2
1899	2
1900	3
1901	1
1902	0
1903	2
1904	2
1905	2
1906	0
1907	2
1908	2
1909	1
1910	3
1911	0
1912	0
1913	2
1914	2
1915	2
1916	2
1917	3
1918	2
1919	3
1920	2
1921	2
1922	2
1923	0
1924	3
1925	1
1926	2
1927	2
1928	0
1929	2
1930	2
1931	1
1932	2
1933	2
1934	2
1935	2
1936	2
1937	3
1938	2
1939	2
1940	2
1941	0
1942	2
1943	2
1944	1
1945	1
1946	2
1947	1
1948	3
1949	3
1950	2
1951	2
1952	2
1953	3
1954	3
1955	2
1956	3
1957	0
1958	3
1959	2
1960	3
1961	3
1962	0
1963	0
1964	0
1965	3
1966	0
1967	3
1968	2
1969	2
1970	3
1971	2
1972	2
1973	1
1974	2
1975	3
1976	2
1977	2
1978	1
1979	2
1980	2
1981	2
1982	2
1983	2
1984	2
1985	2
1986	2
1987	2
1988	2
1989	2
1990	2
1991	2
1992	2
1993	3
1994	2
1995	2
1996	2
1997	1
1998	2
1999	3
2000	2
2001	3
2002	3
2003	2
2004	2
2005	2
2006	2
2007	2
2008	3
2009	2
2010	3
2011	1
2012	3
2013	2
2014	2
2015	3
2016	2
2017	2
2018	1
2019	2
2020	1
2021	2
2022	2
2023	2
2024	0
2025	2
2026	2
2027	0
2028	2
2029	2
2030	2
2031	2
2032	3
2033	2
2034	3
2035	0
2036	2
2037	2
2038	2
2039	0
2040	2
2041	0
2042	3
2043	3
2044	2
2045	2
2046	1
2047	2
2048	2
2049	2
2050	3
2051	2
2052	2
2053	1
2054	2
2055	3
2056	2
2057	2
2058	3
2059	3
2060	2
2061	3
2062	3
2063	1
2064	2
2065	2
2066	2
2067	0
2068	2
2069	3
2070	0
2071	3
2072	1
2073	2
2074	2
2075	0
2076	2
2077	3
2078	2
2079	3
2080	2
2081	2
2082	2
2083	3
2084	3
2085	0
2086	3
2087	2
2088	3
2089	3
2090	3
2091	2
2092	2
2093	2
2094	2
2095	0
2096	3
2097	3
2098	3
2099	2
2100	2
2101	0
2102	2
2103	2
2104	2
2105	1
2106	2
2107	2
2108	0
2109	2
2110	2
2111	2
2112	1
2113	3
2114	2
2115	2
2116	2
2117	0
2118	2
2119	1
2120	2
2121	3
2122	2
2123	2
2124	2
2125	2
2126	2
2127	2
2128	2
2129	0
2130	0
2131	2
2132	2
2133	2
2134	3
2135	3
2136	2
2137	2
2138	3
2139	2
2140	2
2141	2
2142	3
2143	0
2144	2
2145	3
2146	3
2147	2
2148	0
2149	0
2150	0
2151	2
2152	2
2153	2
2154	2
2155	1
2156	3
2157	0
2158	2
2159	2
2160	2
2161	3
2162	0
2163	3
2164	3
2165	0
2166	0
2167	2
2168	3
2169	2
2170	2
2171	0
2172	2
2173	3
2174	2
2175	3
2176	2
2177	3
2178	0
2179	1
2180	2
2181	2
2182	0
2183	2
2184	2
2185	2
2186	2
2187	3
2188	3
2189	0
2190	2
2191	2
2192	0
2193	0
2194	0
2195	0
2196	1
2197	3
2198	3
2199	3
2200	3
2201	1
2202	2
2203	2
2204	2
2205	2
2206	3
2207	2
2208	2
2209	0
2210	0
2211	2
2212	3
2213	0
2214	2
2215	3
2216	2
2217	2
2218	2
2219	3
2220	3
2221	2
2222	2
2223	2
2224	3
2225	2
2226	2
2227	2
2228	2
2229	2
2230	2
2231	2
2232	3
2233	3
2234	2
2235	2
2236	2
2237	2
2238	2
2239	0
2240	2
2241	0
2242	2
2243	0
2244	0
2245	1
2246	2
2247	2
2248	3
2249	2
2250	2
2251	2
2252	3
2253	2
2254	2
2255	2
2256	2
2257	3
2258	2
2259	3
2260	0
2261	0
2262	2
2263	2
2264	0
2265	2
2266	0
2267	0
2268	2
2269	3
2270	2
2271	0
2272	2
2273	0
2274	3
2275	1
2276	1
2277	2
2278	3
2279	3
2280	1
2281	3
2282	3
2283	2
2284	0
2285	0
2286	3
2287	3
2288	2
2289	1
2290	3
2291	0
2292	2
2293	2
2294	2
2295	0
2296	2
2297	2
2298	2
2299	2
2300	3
2301	2
2302	3
2303	2
2304	2
2305	2
2306	3
2307	2
2308	2
2309	2
2310	3
2311	0
2312	2
2313	2
2314	3
2315	3
2316	2
2317	1
2318	2
2319	1
2320	3
2321	0
2322	1
2323	2
2324	2
2325	2
2326	2
2327	2
2328	2
2329	2
2330	2
2331	2
2332	2
2333	3
2334	0
2335	2
2336	2
2337	3
2338	0
2339	1
2340	2
2341	2
2342	2
2343	2
2344	3
2345	3
2346	2
2347	2
2348	2
2349	3
2350	0
2351	2
2352	3
2353	3
2354	3
2355	1
2356	3
2357	0
2358	2
2359	3
2360	2
2361	2
2362	2
2363	3
2364	0
2365	2
2366	3
2367	0
2368	2
2369	1
2370	2
2371	1
2372	3
2373	0
2374	2
2375	0
2376	2
2377	2
2378	2
2379	3
2380	2
2381	3
2382	0
2383	3
2384	2
2385	2
2386	3
2387	2
2388	3
2389	2
2390	0
2391	3
2392	0
2393	3
2394	2
2395	2
2396	1
2397	3
2398	2
2399	2
2400	3
2401	2
2402	3
2403	0
2404	2
2405	2
2406	2
2407	2
2408	2
2409	2
2410	3
2411	3
2412	2
2413	3
2414	2
2415	3
2416	2
2417	2
2418	2
2419	2
2420	2
2421	0
2422	2
2423	0
2424	2
2425	2
2426	2
2427	2
2428	3
2429	0
2430	0
2431	2
2432	2
2433	2
2434	2
2435	3
2436	2
2437	3
2438	0
2439	1
2440	1
2441	0
2442	2
2443	2
2444	2
2445	2
2446	0
2447	2
2448	2
2449	2
2450	2
2451	2
2452	2
2453	2
2454	2
2455	2
2456	2
2457	2
2458	2
2459	2
2460	2
2461	1
2462	2
2463	2
2464	3
2465	2
2466	2
2467	0
2468	0
2469	2
2470	2
2471	3
2472	2
2473	2
2474	0
2475	3
2476	2
2477	3
2478	1
2479	2
2480	2
2481	2
2482	0
2483	2
2484	2
2485	1
2486	2
2487	3
2488	2
2489	2
2490	2
2491	3
2492	2
2493	2
2494	2
2495	1
2496	2
2497	2
2498	3
2499	2
2500	3
2501	2
2502	0
2503	2
2504	2
2505	2
2506	0
2507	3
2508	2
2509	3
2510	3
2511	2
2512	2
2513	0
2514	3
2515	2
2516	1
2517	2
2518	2
2519	2
2520	2
2521	0
2522	2
2523	2
2524	2
2525	2
2526	0
2527	2
2528	2
2529	3
2530	2
2531	3
2532	3
2533	1
2534	2
2535	3
2536	2
2537	1
2538	0
2539	2
2540	3
2541	2
2542	1
2543	2
2544	2
2545	1
2546	2
2547	2
2548	2
2549	2
2550	2
2551	2
2552	3
2553	2
2554	3
2555	2
2556	3
2557	2
2558	2
2559	0
2560	2
2561	3
2562	1
2563	1
2564	2
2565	2
2566	3
2567	2
2568	3
2569	3
2570	2
2571	2
2572	2
2573	1
2574	3
2575	2
2576	2
2577	2
2578	0
2579	0
2580	2
2581	3
2582	2
2583	2
2584	2
2585	2
2586	3
2587	2
2588	2
2589	0
2590	2
2591	2
2592	2
2593	2
2594	2
2595	3
2596	2
2597	2
2598	2
2599	0
2600	1
2601	2
2602	2
2603	3
2604	3
2605	2
2606	2
2607	1
2608	3
2609	2
2610	2
2611	3
2612	3
2613	3
2614	0
2615	1
2616	3
2617	0
2618	3
2619	2
2620	2
2621	2
2622	2
2623	2
2624	0
2625	0
2626	2
2627	3
2628	2
2629	2
2630	0
2631	2
2632	3
2633	3
2634	0
2635	2
2636	0
2637	0
2638	0
2639	2
2640	0
2641	3
2642	0
2643	1
2644	3
2645	0
2646	3
2647	0
2648	3
2649	2
2650	1
2651	0
2652	3
2653	3
2654	1
2655	0
2656	2
2657	2
2658	3
2659	2
2660	0
2661	1
2662	2
2663	0
2664	2
2665	2
2666	3
2667	2
2668	3
2669	3
2670	2
2671	2
2672	0
2673	1
2674	0
2675	0
2676	3
2677	2
2678	2
2679	0
2680	2
2681	2
2682	0
2683	2
2684	2
2685	2
2686	3
2687	1
2688	3
2689	2
2690	2
2691	0
2692	0
2693	0
2694	3
2695	3
2696	2
2697	2
2698	2
2699	2
2700	2
2701	2
2702	3
2703	2
2704	2
2705	2
2706	2
2707	2
2708	3
2709	2
2710	2
2711	2
2712	0
2713	3
2714	2
2715	2
2716	3
2717	3
2718	0
2719	2
2720	1
2721	2
2722	3
2723	3
2724	2
2725	2
2726	2
2727	2
2728	2
2729	0
2730	3
2731	2
2732	2
2733	2
2734	3
2735	2
2736	2
2737	2
2738	0
2739	2
2740	1
2741	2
2742	2
2743	2
2744	2
2745	2
2746	2
2747	2
2748	2
2749	2
2750	2
2751	2
2752	2
2753	2
2754	2
2755	2
2756	2
2757	2
2758	2
2759	3
2760	2
2761	2
2762	2
2763	3
2764	2
2765	0
2766	2
2767	3
2768	2
2769	2
2770	2
2771	0
2772	2
2773	3
2774	2
2775	2
2776	2
2777	2
2778	2
2779	3
2780	2
2781	2
2782	3
2783	2
2784	3
2785	2
2786	2
2787	2
2788	2
2789	2
2790	3
2791	2
2792	2
2793	2
2794	3
2795	1
2796	2
2797	2
2798	3
2799	3
2800	2
2801	3
2802	3
2803	3
2804	3
2805	2
2806	2
2807	1
2808	2
2809	2
2810	2
2811	2
2812	3
2813	2
2814	0
2815	1
2816	3
2817	0
2818	1
2819	2
2820	3
2821	3
2822	2
2823	2
2824	1
2825	3
2826	0
2827	2
2828	2
2829	1
2830	2
2831	0
2832	3
2833	2
2834	3
2835	0
2836	3
2837	2
2838	3
2839	2
2840	2
2841	0
2842	3
2843	2
2844	3
2845	2
2846	3
2847	2
2848	0
2849	0
2850	3
2851	2
2852	2
2853	3
2854	2
2855	3
2856	3
2857	3
2858	3
2859	2
2860	2
2861	1
2862	3
2863	2
2864	2
2865	3
2866	2
2867	1
2868	2
2869	0
2870	1
2871	3
2872	2
2873	2
2874	2
2875	0
2876	1
2877	2
2878	3
2879	2
2880	0
2881	3
2882	3
2883	2
2884	3
2885	1
2886	3
2887	2
2888	2
2889	0
2890	2
2891	2
2892	0
2893	3
2894	0
2895	2
2896	3
2897	2
2898	0
2899	2
2900	0
2901	3
2902	3
2903	2
2904	2
2905	2
2906	2
2907	3
2908	2
2909	0
2910	2
2911	1
2912	2
2913	0
2914	2
2915	2
2916	2
2917	2
2918	0
2919	3
2920	2
2921	0
2922	2
2923	3
2924	2
2925	2
2926	3
2927	3
2928	1
2929	2
2930	0
2931	2
2932	0
2933	0
2934	3
2935	2
2936	0
2937	2
2938	2
2939	2
2940	2
2941	0
2942	3
2943	2
2944	3
2945	2
2946	2
2947	2
2948	0
2949	3
2950	3
2951	1
2952	2
2953	2
2954	2
2955	0
2956	0
2957	2
2958	2
2959	1
2960	2
2961	2
2962	3
2963	3
2964	2
2965	1
2966	2
2967	0
2968	2
2969	2
2970	2
2971	0
2972	3
2973	3
2974	3
2975	2
2976	3
2977	3
2978	3
2979	2
2980	2
2981	1
2982	2
2983	3
2984	2
2985	3
2986	2
2987	2
2988	2
2989	2
2990	3
2991	2
2992	2
2993	2
2994	3
2995	2
2996	2
2997	3
2998	3
2999	2
3000	0
3001	0
3002	3
3003	2
3004	3
3005	2
3006	2
3007	3
3008	2
3009	0
3010	3
3011	2
3012	2
3013	2
3014	2
3015	3
3016	2
3017	0
3018	2
3019	2
3020	3
3021	3
3022	3
3023	2
3024	2
3025	0
3026	2
3027	3
3028	2
3029	0
3030	2
3031	2
3032	3
3033	2
3034	2
3035	0
3036	3
3037	2
3038	2
3039	2
3040	2
3041	2
3042	2
3043	2
3044	2
3045	0
3046	1
3047	2
3048	1
3049	2
3050	2
3051	0
3052	1
3053	2
3054	2
3055	3
3056	2
3057	3
3058	2
3059	0
3060	3
3061	2
3062	3
3063	3
3064	3
3065	2
3066	3
3067	3
3068	3
3069	1
3070	2
3071	2
3072	2
3073	2
3074	2
3075	2
3076	2
3077	0
3078	2
3079	1
3080	3
3081	3
3082	3
3083	2
3084	3
3085	3
3086	2
3087	1
3088	2
3089	2
3090	1
3091	2
3092	2
3093	2
3094	2
3095	0
3096	2
3097	0
3098	0
3099	0
3100	1
3101	2
3102	2
3103	2
3104	2
3105	2
3106	2
3107	3
3108	2
3109	2
3110	3
3111	2
3112	2
3113	2
3114	3
3115	3
3116	0
3117	2
3118	3
3119	0
3120	3
3121	3
3122	2
3123	0
3124	2
3125	2
3126	2
3127	2
3128	2
3129	2
3130	2
3131	1
3132	0
3133	2
3134	2
3135	2
3136	2
3137	2
3138	0
3139	2
3140	2
3141	2
3142	1
3143	2
3144	2
3145	3
3146	0
3147	2
3148	2
3149	2
3150	2
3151	3
3152	2
3153	3
3154	2
3155	0
3156	2
3157	0
3158	2
3159	0
3160	2
3161	2
3162	3
3163	0
3164	2
3165	2
3166	0
3167	1
3168	2
3169	3
3170	3
3171	3
3172	3
3173	2
3174	2
3175	2
3176	2
3177	3
3178	2
3179	0
3180	2
3181	1
3182	2
3183	3
3184	2
3185	2
3186	0
3187	3
3188	2
3189	1
3190	3
3191	1
3192	2
3193	2
3194	2
3195	2
3196	2
3197	2
3198	2
3199	0
3200	2
3201	2
3202	0
3203	2
3204	2
3205	2
3206	3
3207	2
3208	1
3209	3
3210	2
3211	3
3212	0
3213	0
3214	2
3215	1
3216	2
3217	2
3218	2
3219	2
3220	2
3221	2
3222	2
3223	0
3224	2
3225	0
3226	2
3227	2
3228	2
3229	2
3230	3
3231	2
3232	2
3233	1
3234	0
3235	2
3236	3
3237	3
3238	2
3239	0
3240	2
3241	0
3242	2
3243	2
3244	0
3245	2
3246	3
3247	2
3248	3
3249	0
3250	0
3251	2
3252	2
3253	0
3254	2
3255	2
3256	3
3257	2
3258	3
3259	3
3260	2
3261	2
3262	3
3263	2
3264	1
3265	0
3266	2
3267	2
3268	2
3269	0
3270	2
3271	2
3272	3
3273	3
3274	2
3275	2
3276	3
3277	3
3278	1
3279	2
3280	2
3281	2
3282	2
3283	0
3284	0
3285	2
3286	3
3287	2
3288	0
3289	3
3290	0
3291	2
3292	2
3293	2
3294	2
3295	0
3296	2
3297	3
3298	2
3299	2
3300	2
3301	3
3302	2
3303	3
3304	2
3305	3
3306	2
3307	2
3308	2
3309	0
3310	3
3311	3
3312	2
3313	0
3314	2
3315	2
3316	2
3317	2
3318	2
3319	2
3320	0
3321	2
3322	3
3323	2
3324	2
3325	2
3326	0
3327	3
3328	2
3329	2
3330	0
3331	3
3332	2
3333	2
3334	2
3335	1
3336	2
3337	2
3338	3
3339	1
3340	2
3341	2
3342	2
3343	2
3344	0
3345	0
3346	2
3347	2
3348	3
3349	0
3350	2
3351	3
3352	1
3353	2
3354	3
3355	2
3356	1
3357	2
3358	2
3359	2
3360	2
3361	2
3362	0
3363	2
3364	1
3365	2
3366	0
3367	0
3368	2
3369	0
3370	2
3371	2
3372	2
3373	3
3374	0
3375	2
3376	3
3377	2
3378	0
3379	0
3380	0
3381	2
3382	3
3383	2
3384	2
3385	3
3386	2
3387	2
3388	3
3389	3
3390	2
3391	0
3392	2
3393	2
3394	2
3395	0
3396	2
3397	2
3398	0
3399	0
3400	2
3401	2
3402	2
3403	2
3404	2
3405	3
3406	2
3407	2
3408	2
3409	2
3410	1
3411	2
3412	3
3413	2
3414	3
3415	2
3416	3
3417	2
3418	3
3419	3
3420	2
3421	2
3422	2
3423	2
3424	2
3425	3
3426	2
3427	2
3428	2
3429	2
3430	2
3431	2
3432	3
3433	2
3434	3
3435	2
3436	1
3437	2
3438	2
3439	3
3440	2
3441	2
3442	2
3443	2
3444	2
3445	1
3446	2
3447	0
3448	2
3449	2
3450	3
3451	2
3452	3
3453	0
3454	2
3455	2
3456	1
3457	3
3458	2
3459	1
3460	2
3461	2
3462	3
3463	3
3464	2
3465	2
3466	2
3467	3
3468	3
3469	2
3470	2
3471	2
3472	2
3473	3
3474	2
3475	2
3476	2
3477	0
3478	2
3479	0
3480	2
3481	0
3482	2
3483	2
3484	2
3485	0
3486	3
3487	2
3488	3
3489	2
3490	0
3491	0
3492	2
3493	3
3494	2
3495	3
3496	2
3497	3
3498	0
3499	3
3500	3
3501	0
3502	2
3503	0
3504	2
3505	2
3506	0
3507	2
3508	2
3509	3
3510	2
3511	0
3512	2
3513	2
3514	3
3515	2
3516	2
3517	2
3518	2
3519	2
3520	2
3521	2
3522	2
3523	2
3524	2
3525	2
3526	0
3527	1
3528	2
3529	2
3530	3
3531	2
3532	2
3533	0
3534	3
3535	2
3536	3
3537	0
3538	3
3539	2
3540	2
3541	2
3542	2
3543	2
3544	3
3545	1
3546	2
3547	0
3548	2
3549	1
3550	2
3551	3
3552	2
3553	2
3554	2
3555	0
3556	3
3557	0
3558	0
3559	0
3560	2
3561	0
3562	2
3563	0
3564	0
3565	2
3566	3
3567	2
3568	3
3569	2
3570	2
3571	2
3572	3
3573	2
3574	2
3575	2
3576	3
3577	2
3578	2
3579	2
3580	0
3581	2
3582	2
3583	0
3584	2
3585	0
3586	2
3587	2
3588	2
3589	2
3590	2
3591	2
3592	3
3593	2
3594	2
3595	2
3596	2
3597	3
3598	3
3599	2
3600	2
3601	3
3602	2
3603	0
3604	2
3605	3
3606	3
3607	2
3608	2
3609	1
3610	2
3611	2
3612	3
3613	2
3614	0
3615	0
3616	0
3617	2
3618	2
3619	3
3620	1
3621	2
3622	2
3623	0
3624	3
3625	0
3626	2
3627	3
3628	2
3629	1
3630	1
3631	2
3632	3
3633	2
3634	2
3635	2
3636	2
3637	2
3638	2
3639	2
3640	3
3641	3
3642	3
3643	2
3644	3
3645	2
3646	3
3647	3
3648	2
3649	0
3650	2
3651	3
3652	2
3653	2
3654	2
3655	2
3656	2
3657	2
3658	0
3659	2
3660	3
3661	0
3662	2
3663	0
3664	2
3665	3
3666	2
3667	0
3668	2
3669	2
3670	2
3671	2
3672	3
3673	3
3674	0
3675	1
3676	2
3677	3
3678	2
3679	3
3680	0
3681	2
3682	3
3683	2
3684	3
3685	3
3686	2
3687	3
3688	2
3689	0
3690	2
3691	0
3692	2
3693	3
3694	2
3695	2
3696	0
3697	2
3698	3
3699	0
3700	2
3701	0
3702	3
3703	0
3704	0
3705	3
3706	2
3707	2
3708	2
3709	2
3710	3
3711	1
3712	2
3713	2
3714	3
3715	3
3716	3
3717	2
3718	3
3719	3
3720	2
3721	0
3722	2
3723	2
3724	2
3725	2
3726	0
3727	2
3728	2
3729	2
3730	2
3731	3
3732	2
3733	0
3734	2
3735	0
3736	0
3737	0
3738	3
3739	2
3740	3
3741	3
3742	2
3743	3
3744	0
3745	2
3746	3
3747	2
3748	2
3749	2
3750	2
3751	2
3752	2
3753	3
3754	3
3755	3
3756	0
3757	0
3758	2
3759	2
3760	2
3761	2
3762	0
3763	2
3764	1
3765	2
3766	2
3767	3
3768	2
3769	2
3770	1
3771	2
3772	2
3773	0
3774	2
3775	2
3776	2
3777	2
3778	2
3779	2
3780	2
3781	0
3782	0
3783	3
3784	0
3785	2
3786	2
3787	3
3788	2
3789	2
3790	3
3791	0
3792	2
3793	2
3794	2
3795	2
3796	3
3797	2
3798	2
3799	2
3800	2
3801	2
3802	2
3803	2
3804	2
3805	3
3806	2
3807	2
3808	2
3809	2
3810	2
3811	2
3812	2
3813	1
3814	3
3815	3
3816	2
3817	1
3818	2
3819	0
3820	2
3821	0
3822	0
3823	2
3824	2
3825	3
3826	0
3827	3
3828	2
3829	2
3830	3
3831	0
3832	2
3833	0
3834	2
3835	0
3836	2
3837	2
3838	2
3839	3
3840	2
3841	2
3842	3
3843	3
3844	3
3845	0
3846	2
3847	2
3848	2
3849	3
3850	0
3851	2
3852	3
3853	3
3854	2
3855	3
3856	3
3857	0
3858	2
3859	1
3860	3
3861	2
3862	2
3863	3
3864	2
3865	0
3866	2
3867	1
3868	2
3869	2
3870	3
3871	2
3872	0
3873	2
3874	0
3875	2
3876	3
3877	3
3878	3
3879	0
3880	2
3881	0
3882	2
3883	2
3884	2
3885	2
3886	3
3887	2
3888	2
3889	3
3890	2
3891	2
3892	2
3893	1
3894	2
3895	3
3896	2
3897	2
3898	2
3899	0
3900	2
3901	2
3902	3
3903	0
3904	2
3905	3
3906	3
3907	3
3908	3
3909	3
3910	3
3911	2
3912	2
3913	3
3914	1
3915	2
3916	2
3917	0
3918	2
3919	2
3920	3
3921	2
3922	2
3923	2
3924	3
3925	2
3926	2
3927	2
3928	2
3929	3
3930	3
3931	2
3932	3
3933	2
3934	2
3935	3
3936	2
3937	3
3938	3
3939	1
3940	3
3941	2
3942	3
3943	2
3944	2
3945	0
3946	3
3947	2
3948	2
3949	2
3950	2
3951	2
3952	0
3953	0
3954	0
3955	2
3956	2
3957	2
3958	0
3959	0
3960	3
3961	2
3962	0
3963	0
3964	0
3965	2
3966	2
3967	0
3968	3
3969	2
3970	1
3971	2
3972	3
3973	3
3974	2
3975	3
3976	2
3977	0
3978	2
3979	2
3980	1
3981	3
3982	2
3983	3
3984	2
3985	0
3986	2
3987	3
3988	3
3989	2
3990	2
3991	0
3992	3
3993	2
3994	2
3995	0
3996	0
3997	1
3998	2
3999	2
4000	2
4001	2
4002	3
4003	3
4004	2
4005	0
4006	3
4007	1
4008	2
4009	2
4010	3
4011	2
4012	2
4013	2
4014	2
4015	3
4016	2
4017	2
4018	1
4019	2
4020	2
4021	3
4022	2
4023	2
4024	2
4025	2
4026	2
4027	3
4028	2
4029	3
4030	2
4031	2
4032	2
4033	2
4034	2
4035	3
4036	2
4037	0
4038	2
4039	2
4040	2
4041	2
4042	0
4043	2
4044	2
4045	2
4046	3
4047	2
4048	2
4049	2
4050	2
4051	2
4052	2
4053	0
4054	2
4055	2
4056	3
4057	2
4058	2
4059	2
4060	3
4061	2
4062	2
4063	2
4064	2
4065	2
4066	2
4067	2
4068	2
4069	2
4070	3
4071	2
4072	3
4073	2
4074	2
4075	2
4076	0
4077	1
4078	3
4079	2
4080	2
4081	2
4082	0
4083	2
4084	3
4085	0
4086	2
4087	0
4088	2
4089	2
4090	3
4091	2
4092	1
4093	3
4094	3
4095	2
