COMMAND
./sim gshare 13 3 ./proj2-traces/perl_trace.txt
OUTPUT
number of predictions:2000000
number of mispredictions:168792
misprediction rate:   8.44%
FINAL GSHARE CONTENTS
0	2
1	2
2	3
3	2
4	2
5	1
6	2
7	3
8	2
9	2
10	3
11	2
12	2
13	3
14	2
15	2
16	2
17	2
18	2
19	2
20	2
21	2
22	2
23	0
24	1
25	2
26	2
27	2
28	2
29	3
30	2
31	3
32	2
33	0
34	2
35	3
36	3
37	1
38	3
39	2
40	2
41	2
42	2
43	2
44	1
45	2
46	3
47	0
48	1
49	3
50	3
51	2
52	2
53	2
54	2
55	3
56	2
57	1
58	2
59	1
60	0
61	2
62	2
63	2
64	0
65	2
66	2
67	2
68	2
69	0
70	1
71	1
72	2
73	2
74	2
75	2
76	2
77	2
78	2
79	3
80	2
81	0
82	2
83	2
84	2
85	2
86	2
87	0
88	2
89	2
90	2
91	2
92	2
93	2
94	0
95	2
96	2
97	2
98	2
99	2
100	0
101	0
102	2
103	2
104	2
105	2
106	1
107	2
108	3
109	2
110	3
111	3
112	2
113	0
114	0
115	2
116	2
117	1
118	3
119	2
120	2
121	2
122	2
123	2
124	2
125	2
126	2
127	2
128	3
129	2
130	2
131	2
132	2
133	2
134	0
135	0
136	2
137	3
138	3
139	3
140	2
141	1
142	2
143	2
144	0
145	2
146	1
147	2
148	2
149	2
150	2
151	2
152	2
153	1
154	2
155	2
156	2
157	2
158	3
159	2
160	2
161	0
162	2
163	2
164	2
165	0
166	2
167	0
168	2
169	0
170	2
171	2
172	2
173	2
174	2
175	2
176	2
177	2
178	2
179	2
180	2
181	0
182	2
183	2
184	3
185	2
186	3
187	2
188	2
189	3
190	3
191	2
192	1
193	2
194	2
195	2
196	2
197	0
198	2
199	0
200	3
201	2
202	2
203	0
204	2
205	2
206	2
207	2
208	0
209	3
210	1
211	3
212	2
213	0
214	2
215	0
216	0
217	2
218	0
219	0
220	2
221	3
222	1
223	0
224	0
225	3
226	0
227	1
228	2
229	3
230	2
231	3
232	2
233	2
234	2
235	3
236	2
237	2
238	3
239	3
240	0
241	2
242	2
243	2
244	2
245	2
246	2
247	2
248	2
249	2
250	2
251	3
252	3
253	2
254	3
255	2
256	2
257	2
258	2
259	2
260	2
261	2
262	2
263	2
264	2
265	2
266	3
267	2
268	2
269	3
270	2
271	2
272	2
273	2
274	2
275	2
276	3
277	1
278	3
279	2
280	2
281	2
282	3
283	2
284	1
285	3
286	0
287	3
288	3
289	3
290	0
291	2
292	2
293	2
294	2
295	2
296	2
297	2
298	2
299	0
300	2
301	3
302	3
303	2
304	2
305	2
306	2
307	2
308	2
309	2
310	2
311	2
312	2
313	2
314	2
315	2
316	0
317	2
318	2
319	0
320	2
321	2
322	2
323	0
324	2
325	3
326	2
327	0
328	2
329	2
330	2
331	1
332	2
333	2
334	2
335	2
336	3
337	2
338	2
339	2
340	1
341	2
342	0
343	2
344	2
345	3
346	2
347	2
348	2
349	2
350	2
351	2
352	2
353	3
354	0
355	3
356	2
357	2
358	2
359	2
360	0
361	2
362	3
363	2
364	2
365	2
366	3
367	2
368	2
369	2
370	2
371	0
372	2
373	2
374	2
375	0
376	0
377	2
378	2
379	2
380	3
381	3
382	0
383	2
384	2
385	2
386	2
387	2
388	2
389	3
390	2
391	2
392	2
393	1
394	2
395	2
396	2
397	2
398	1
399	2
400	2
401	2
402	2
403	2
404	2
405	1
406	2
407	2
408	2
409	2
410	2
411	2
412	0
413	2
414	2
415	1
416	0
417	2
418	2
419	0
420	2
421	2
422	2
423	2
424	2
425	2
426	0
427	3
428	3
429	3
430	2
431	2
432	2
433	2
434	0
435	0
436	2
437	2
438	2
439	3
440	2
441	2
442	3
443	3
444	2
445	1
446	2
447	2
448	2
449	2
450	2
451	2
452	1
453	2
454	0
455	1
456	1
457	2
458	2
459	3
460	2
461	3
462	3
463	2
464	2
465	2
466	3
467	2
468	2
469	2
470	2
471	2
472	2
473	1
474	2
475	2
476	2
477	2
478	2
479	2
480	3
481	2
482	2
483	3
484	2
485	1
486	2
487	2
488	0
489	1
490	3
491	0
492	0
493	2
494	3
495	2
496	2
497	0
498	2
499	0
500	2
501	2
502	2
503	2
504	2
505	2
506	2
507	2
508	3
509	2
510	2
511	3
512	2
513	3
514	2
515	2
516	2
517	3
518	2
519	2
520	2
521	3
522	2
523	2
524	2
525	2
526	3
527	2
528	2
529	1
530	1
531	0
532	2
533	2
534	2
535	2
536	2
537	2
538	2
539	2
540	0
541	2
542	2
543	2
544	2
545	2
546	2
547	3
548	2
549	2
550	2
551	0
552	2
553	2
554	2
555	2
556	3
557	2
558	2
559	2
560	2
561	3
562	2
563	2
564	2
565	3
566	2
567	1
568	2
569	0
570	2
571	2
572	3
573	2
574	2
575	1
576	2
577	0
578	2
579	3
580	2
581	2
582	2
583	2
584	2
585	2
586	3
587	2
588	3
589	3
590	2
591	3
592	2
593	2
594	1
595	2
596	2
597	1
598	3
599	2
600	3
601	2
602	0
603	0
604	2
605	3
606	1
607	3
608	2
609	2
610	3
611	2
612	2
613	1
614	2
615	2
616	2
617	2
618	3
619	2
620	2
621	2
622	2
623	2
624	0
625	2
626	2
627	3
628	2
629	2
630	3
631	2
632	2
633	2
634	2
635	2
636	2
637	2
638	2
639	2
640	3
641	2
642	2
643	2
644	3
645	2
646	2
647	3
648	2
649	2
650	2
651	2
652	2
653	2
654	0
655	3
656	2
657	0
658	2
659	3
660	2
661	2
662	2
663	2
664	2
665	2
666	2
667	2
668	0
669	3
670	0
671	2
672	2
673	2
674	3
675	3
676	1
677	2
678	2
679	2
680	2
681	2
682	3
683	2
684	2
685	0
686	1
687	2
688	3
689	2
690	2
691	0
692	1
693	2
694	2
695	2
696	2
697	2
698	2
699	2
700	2
701	2
702	2
703	2
704	2
705	2
706	2
707	2
708	2
709	0
710	3
711	2
712	2
713	2
714	2
715	0
716	3
717	2
718	2
719	2
720	2
721	2
722	3
723	2
724	2
725	3
726	2
727	3
728	2
729	2
730	2
731	2
732	2
733	2
734	3
735	2
736	2
737	2
738	2
739	2
740	2
741	2
742	2
743	2
744	2
745	2
746	3
747	0
748	2
749	2
750	2
751	2
752	2
753	3
754	2
755	2
756	2
757	2
758	2
759	2
760	2
761	2
762	2
763	2
764	3
765	1
766	2
767	2
768	2
769	2
770	2
771	2
772	2
773	2
774	2
775	2
776	2
777	3
778	0
779	2
780	2
781	3
782	2
783	2
784	2
785	2
786	3
787	0
788	3
789	2
790	2
791	2
792	2
793	0
794	2
795	2
796	3
797	2
798	3
799	3
800	3
801	2
802	3
803	2
804	2
805	3
806	0
807	3
808	2
809	3
810	2
811	2
812	1
813	2
814	3
815	2
816	2
817	3
818	3
819	1
820	2
821	2
822	0
823	2
824	2
825	2
826	2
827	1
828	2
829	2
830	3
831	2
832	2
833	2
834	2
835	2
836	2
837	2
838	2
839	0
840	0
841	2
842	2
843	2
844	2
845	2
846	2
847	2
848	3
849	2
850	2
851	2
852	2
853	3
854	2
855	2
856	2
857	3
858	2
859	2
860	3
861	2
862	2
863	2
864	1
865	3
866	3
867	2
868	0
869	2
870	2
871	2
872	3
873	0
874	2
875	2
876	2
877	0
878	2
879	2
880	2
881	2
882	2
883	2
884	2
885	0
886	0
887	0
888	3
889	2
890	2
891	2
892	2
893	2
894	2
895	3
896	2
897	2
898	2
899	2
900	3
901	3
902	2
903	2
904	2
905	2
906	2
907	2
908	1
909	2
910	2
911	3
912	2
913	2
914	2
915	2
916	2
917	1
918	2
919	2
920	2
921	2
922	2
923	0
924	2
925	1
926	2
927	2
928	2
929	3
930	2
931	2
932	2
933	1
934	3
935	2
936	2
937	2
938	2
939	2
940	0
941	2
942	2
943	2
944	2
945	2
946	2
947	2
948	2
949	2
950	3
951	2
952	2
953	2
954	2
955	3
956	2
957	3
958	2
959	2
960	2
961	2
962	2
963	2
964	2
965	2
966	2
967	3
968	1
969	3
970	2
971	2
972	2
973	2
974	3
975	2
976	3
977	3
978	0
979	3
980	2
981	0
982	2
983	1
984	2
985	2
986	0
987	2
988	2
989	2
990	3
991	3
992	2
993	2
994	2
995	2
996	2
997	3
998	0
999	2
1000	3
1001	0
1002	2
1003	3
1004	2
1005	1
1006	2
1007	2
1008	3
1009	2
1010	3
1011	0
1012	2
1013	0
1014	2
1015	0
1016	2
1017	2
1018	2
1019	3
1020	2
1021	1
1022	2
1023	2
1024	1
1025	2
1026	1
1027	2
1028	2
1029	2
1030	2
1031	2
1032	2
1033	2
1034	3
1035	2
1036	3
1037	3
1038	2
1039	2
1040	2
1041	2
1042	2
1043	2
1044	2
1045	2
1046	2
1047	2
1048	2
1049	3
1050	3
1051	2
1052	2
1053	2
1054	2
1055	2
1056	2
1057	2
1058	0
1059	3
1060	2
1061	0
1062	3
1063	3
1064	3
1065	3
1066	3
1067	3
1068	2
1069	2
1070	2
1071	0
1072	2
1073	2
1074	2
1075	0
1076	2
1077	0
1078	2
1079	1
1080	2
1081	2
1082	2
1083	1
1084	0
1085	2
1086	3
1087	2
1088	0
1089	2
1090	2
1091	2
1092	2
1093	2
1094	2
1095	2
1096	2
1097	3
1098	2
1099	2
1100	2
1101	2
1102	2
1103	3
1104	2
1105	1
1106	2
1107	3
1108	2
1109	0
1110	2
1111	3
1112	2
1113	2
1114	2
1115	2
1116	2
1117	2
1118	2
1119	2
1120	2
1121	2
1122	2
1123	3
1124	0
1125	2
1126	0
1127	2
1128	2
1129	2
1130	2
1131	2
1132	2
1133	2
1134	2
1135	3
1136	2
1137	0
1138	1
1139	3
1140	2
1141	1
1142	2
1143	0
1144	2
1145	0
1146	2
1147	2
1148	2
1149	2
1150	2
1151	3
1152	3
1153	2
1154	2
1155	1
1156	3
1157	2
1158	0
1159	0
1160	2
1161	3
1162	3
1163	3
1164	3
1165	0
1166	2
1167	2
1168	1
1169	2
1170	2
1171	2
1172	3
1173	2
1174	1
1175	0
1176	2
1177	0
1178	2
1179	2
1180	2
1181	2
1182	3
1183	2
1184	2
1185	2
1186	2
1187	3
1188	2
1189	2
1190	2
1191	2
1192	2
1193	2
1194	0
1195	2
1196	2
1197	2
1198	0
1199	2
1200	2
1201	2
1202	0
1203	2
1204	2
1205	2
1206	3
1207	2
1208	2
1209	3
1210	2
1211	3
1212	2
1213	3
1214	2
1215	2
1216	2
1217	2
1218	2
1219	2
1220	0
1221	0
1222	2
1223	0
1224	2
1225	3
1226	2
1227	0
1228	2
1229	2
1230	2
1231	2
1232	2
1233	2
1234	1
1235	3
1236	2
1237	2
1238	3
1239	0
1240	2
1241	2
1242	0
1243	2
1244	2
1245	0
1246	2
1247	2
1248	2
1249	3
1250	3
1251	2
1252	2
1253	0
1254	3
1255	3
1256	2
1257	3
1258	3
1259	2
1260	2
1261	2
1262	3
1263	0
1264	2
1265	0
1266	3
1267	2
1268	2
1269	2
1270	2
1271	0
1272	3
1273	3
1274	3
1275	2
1276	0
1277	2
1278	2
1279	3
1280	2
1281	2
1282	2
1283	2
1284	2
1285	3
1286	2
1287	1
1288	2
1289	2
1290	2
1291	2
1292	2
1293	2
1294	2
1295	2
1296	2
1297	3
1298	2
1299	2
1300	2
1301	2
1302	3
1303	2
1304	2
1305	2
1306	2
1307	3
1308	1
1309	2
1310	1
1311	2
1312	2
1313	2
1314	0
1315	2
1316	1
1317	2
1318	2
1319	2
1320	3
1321	2
1322	2
1323	0
1324	2
1325	2
1326	2
1327	2
1328	3
1329	2
1330	2
1331	1
1332	2
1333	2
1334	2
1335	2
1336	2
1337	2
1338	2
1339	3
1340	2
1341	2
1342	2
1343	2
1344	2
1345	1
1346	2
1347	0
1348	2
1349	3
1350	2
1351	2
1352	2
1353	2
1354	2
1355	2
1356	2
1357	3
1358	2
1359	2
1360	3
1361	2
1362	1
1363	2
1364	3
1365	0
1366	2
1367	3
1368	2
1369	2
1370	2
1371	2
1372	2
1373	2
1374	2
1375	2
1376	2
1377	2
1378	3
1379	2
1380	2
1381	0
1382	2
1383	2
1384	3
1385	2
1386	3
1387	3
1388	2
1389	2
1390	2
1391	2
1392	2
1393	2
1394	2
1395	3
1396	2
1397	2
1398	2
1399	2
1400	0
1401	2
1402	3
1403	1
1404	3
1405	3
1406	2
1407	2
1408	2
1409	2
1410	2
1411	2
1412	2
1413	2
1414	2
1415	2
1416	2
1417	2
1418	2
1419	2
1420	2
1421	2
1422	2
1423	2
1424	2
1425	2
1426	2
1427	2
1428	2
1429	2
1430	2
1431	0
1432	3
1433	2
1434	2
1435	3
1436	2
1437	0
1438	2
1439	2
1440	0
1441	2
1442	3
1443	3
1444	2
1445	2
1446	3
1447	3
1448	2
1449	2
1450	0
1451	2
1452	2
1453	0
1454	3
1455	0
1456	2
1457	2
1458	2
1459	2
1460	2
1461	2
1462	2
1463	3
1464	2
1465	2
1466	2
1467	2
1468	2
1469	2
1470	2
1471	2
1472	2
1473	2
1474	3
1475	2
1476	1
1477	2
1478	2
1479	2
1480	2
1481	2
1482	2
1483	2
1484	2
1485	3
1486	3
1487	2
1488	2
1489	2
1490	3
1491	2
1492	2
1493	2
1494	2
1495	2
1496	3
1497	3
1498	2
1499	2
1500	2
1501	2
1502	0
1503	2
1504	2
1505	2
1506	2
1507	1
1508	2
1509	2
1510	2
1511	2
1512	2
1513	2
1514	2
1515	3
1516	2
1517	2
1518	3
1519	2
1520	3
1521	2
1522	2
1523	2
1524	2
1525	2
1526	2
1527	2
1528	3
1529	2
1530	3
1531	2
1532	0
1533	2
1534	2
1535	1
1536	2
1537	0
1538	2
1539	2
1540	2
1541	2
1542	2
1543	2
1544	3
1545	1
1546	2
1547	2
1548	2
1549	2
1550	3
1551	2
1552	2
1553	2
1554	2
1555	2
1556	2
1557	3
1558	3
1559	2
1560	2
1561	2
1562	3
1563	2
1564	2
1565	2
1566	2
1567	2
1568	2
1569	2
1570	2
1571	3
1572	2
1573	2
1574	2
1575	2
1576	2
1577	2
1578	2
1579	3
1580	2
1581	2
1582	2
1583	2
1584	3
1585	2
1586	2
1587	2
1588	3
1589	1
1590	0
1591	2
1592	3
1593	2
1594	3
1595	2
1596	3
1597	2
1598	3
1599	2
1600	2
1601	0
1602	2
1603	2
1604	2
1605	2
1606	2
1607	2
1608	3
1609	2
1610	0
1611	1
1612	3
1613	2
1614	2
1615	0
1616	2
1617	2
1618	2
1619	2
1620	0
1621	3
1622	2
1623	2
1624	2
1625	2
1626	3
1627	2
1628	2
1629	2
1630	2
1631	0
1632	2
1633	2
1634	2
1635	2
1636	2
1637	3
1638	2
1639	3
1640	2
1641	0
1642	3
1643	0
1644	2
1645	3
1646	0
1647	0
1648	2
1649	2
1650	0
1651	3
1652	2
1653	2
1654	3
1655	2
1656	2
1657	2
1658	1
1659	2
1660	2
1661	2
1662	3
1663	1
1664	1
1665	2
1666	3
1667	2
1668	3
1669	2
1670	2
1671	2
1672	2
1673	2
1674	2
1675	2
1676	2
1677	2
1678	2
1679	3
1680	2
1681	0
1682	2
1683	2
1684	3
1685	2
1686	3
1687	2
1688	0
1689	2
1690	2
1691	2
1692	2
1693	2
1694	2
1695	2
1696	0
1697	2
1698	3
1699	2
1700	2
1701	2
1702	2
1703	2
1704	2
1705	2
1706	3
1707	3
1708	2
1709	2
1710	2
1711	2
1712	2
1713	2
1714	2
1715	2
1716	2
1717	2
1718	3
1719	2
1720	2
1721	2
1722	2
1723	2
1724	3
1725	2
1726	2
1727	0
1728	3
1729	2
1730	2
1731	2
1732	0
1733	3
1734	2
1735	2
1736	0
1737	2
1738	2
1739	2
1740	2
1741	0
1742	0
1743	2
1744	2
1745	2
1746	2
1747	2
1748	2
1749	2
1750	2
1751	2
1752	2
1753	2
1754	2
1755	2
1756	2
1757	2
1758	2
1759	2
1760	2
1761	2
1762	2
1763	2
1764	2
1765	3
1766	2
1767	2
1768	2
1769	2
1770	2
1771	2
1772	2
1773	0
1774	3
1775	1
1776	2
1777	3
1778	3
1779	3
1780	2
1781	2
1782	2
1783	2
1784	3
1785	3
1786	2
1787	2
1788	0
1789	1
1790	2
1791	2
1792	2
1793	2
1794	2
1795	0
1796	2
1797	2
1798	2
1799	0
1800	2
1801	3
1802	0
1803	2
1804	2
1805	0
1806	2
1807	0
1808	2
1809	2
1810	2
1811	0
1812	2
1813	2
1814	2
1815	2
1816	0
1817	0
1818	2
1819	2
1820	2
1821	2
1822	0
1823	2
1824	2
1825	3
1826	2
1827	2
1828	2
1829	0
1830	3
1831	3
1832	2
1833	2
1834	3
1835	2
1836	2
1837	2
1838	2
1839	2
1840	2
1841	2
1842	2
1843	2
1844	2
1845	2
1846	2
1847	2
1848	2
1849	2
1850	2
1851	0
1852	1
1853	2
1854	3
1855	0
1856	0
1857	2
1858	3
1859	2
1860	2
1861	2
1862	2
1863	2
1864	2
1865	3
1866	2
1867	2
1868	3
1869	2
1870	2
1871	2
1872	3
1873	2
1874	2
1875	2
1876	2
1877	3
1878	2
1879	2
1880	0
1881	2
1882	2
1883	2
1884	2
1885	3
1886	0
1887	2
1888	0
1889	1
1890	3
1891	2
1892	0
1893	2
1894	3
1895	2
1896	2
1897	2
1898	3
1899	2
1900	2
1901	2
1902	2
1903	2
1904	3
1905	2
1906	3
1907	2
1908	2
1909	2
1910	3
1911	0
1912	3
1913	2
1914	0
1915	2
1916	2
1917	2
1918	1
1919	2
1920	2
1921	2
1922	2
1923	2
1924	2
1925	3
1926	2
1927	3
1928	2
1929	0
1930	2
1931	0
1932	2
1933	2
1934	2
1935	1
1936	2
1937	3
1938	2
1939	2
1940	2
1941	2
1942	2
1943	0
1944	2
1945	2
1946	2
1947	0
1948	2
1949	3
1950	1
1951	2
1952	2
1953	3
1954	3
1955	2
1956	2
1957	2
1958	2
1959	2
1960	2
1961	2
1962	2
1963	2
1964	2
1965	2
1966	3
1967	3
1968	2
1969	3
1970	1
1971	2
1972	2
1973	3
1974	2
1975	2
1976	2
1977	2
1978	2
1979	3
1980	2
1981	2
1982	2
1983	2
1984	1
1985	2
1986	3
1987	2
1988	2
1989	2
1990	2
1991	2
1992	2
1993	2
1994	0
1995	2
1996	2
1997	2
1998	3
1999	2
2000	2
2001	2
2002	0
2003	2
2004	2
2005	0
2006	2
2007	2
2008	3
2009	2
2010	2
2011	2
2012	3
2013	2
2014	2
2015	3
2016	2
2017	2
2018	2
2019	2
2020	2
2021	2
2022	3
2023	2
2024	3
2025	2
2026	2
2027	0
2028	2
2029	2
2030	2
2031	2
2032	2
2033	2
2034	0
2035	2
2036	2
2037	2
2038	3
2039	3
2040	3
2041	0
2042	2
2043	3
2044	2
2045	2
2046	2
2047	1
2048	1
2049	2
2050	2
2051	2
2052	2
2053	3
2054	2
2055	2
2056	3
2057	3
2058	3
2059	2
2060	3
2061	3
2062	3
2063	2
2064	2
2065	1
2066	2
2067	2
2068	2
2069	3
2070	2
2071	2
2072	2
2073	2
2074	2
2075	0
2076	2
2077	3
2078	2
2079	2
2080	2
2081	2
2082	0
2083	3
2084	1
2085	2
2086	3
2087	2
2088	1
2089	2
2090	2
2091	2
2092	3
2093	2
2094	2
2095	0
2096	3
2097	2
2098	2
2099	2
2100	2
2101	2
2102	2
2103	1
2104	2
2105	2
2106	2
2107	2
2108	0
2109	2
2110	2
2111	2
2112	2
2113	2
2114	2
2115	2
2116	0
2117	2
2118	2
2119	2
2120	3
2121	3
2122	2
2123	2
2124	2
2125	2
2126	2
2127	2
2128	2
2129	3
2130	0
2131	1
2132	2
2133	2
2134	2
2135	3
2136	2
2137	2
2138	2
2139	0
2140	2
2141	2
2142	2
2143	3
2144	2
2145	2
2146	2
2147	2
2148	3
2149	2
2150	1
2151	2
2152	2
2153	3
2154	2
2155	1
2156	2
2157	2
2158	1
2159	3
2160	2
2161	3
2162	0
2163	3
2164	3
2165	2
2166	2
2167	2
2168	2
2169	2
2170	2
2171	3
2172	1
2173	3
2174	2
2175	2
2176	3
2177	3
2178	0
2179	1
2180	3
2181	2
2182	0
2183	0
2184	2
2185	2
2186	2
2187	3
2188	1
2189	0
2190	2
2191	2
2192	2
2193	0
2194	2
2195	2
2196	0
2197	3
2198	2
2199	3
2200	3
2201	1
2202	2
2203	2
2204	2
2205	2
2206	3
2207	2
2208	2
2209	3
2210	0
2211	2
2212	2
2213	2
2214	2
2215	1
2216	2
2217	3
2218	3
2219	2
2220	2
2221	2
2222	3
2223	2
2224	3
2225	2
2226	3
2227	2
2228	3
2229	2
2230	2
2231	2
2232	2
2233	2
2234	2
2235	2
2236	2
2237	1
2238	2
2239	1
2240	2
2241	2
2242	2
2243	0
2244	0
2245	2
2246	2
2247	2
2248	3
2249	2
2250	2
2251	2
2252	2
2253	2
2254	2
2255	2
2256	2
2257	2
2258	2
2259	0
2260	2
2261	0
2262	2
2263	2
2264	0
2265	3
2266	0
2267	2
2268	3
2269	2
2270	2
2271	2
2272	2
2273	3
2274	0
2275	0
2276	1
2277	0
2278	3
2279	2
2280	2
2281	3
2282	3
2283	2
2284	2
2285	0
2286	2
2287	3
2288	1
2289	2
2290	2
2291	3
2292	2
2293	0
2294	2
2295	2
2296	0
2297	2
2298	2
2299	2
2300	2
2301	2
2302	3
2303	2
2304	2
2305	2
2306	3
2307	2
2308	2
2309	0
2310	2
2311	2
2312	2
2313	2
2314	2
2315	2
2316	2
2317	2
2318	2
2319	2
2320	2
2321	3
2322	1
2323	2
2324	3
2325	2
2326	3
2327	2
2328	2
2329	1
2330	2
2331	2
2332	0
2333	2
2334	2
2335	2
2336	2
2337	2
2338	0
2339	2
2340	2
2341	1
2342	2
2343	2
2344	3
2345	2
2346	2
2347	2
2348	2
2349	2
2350	3
2351	2
2352	2
2353	2
2354	2
2355	2
2356	3
2357	2
2358	2
2359	2
2360	2
2361	2
2362	2
2363	2
2364	2
2365	2
2366	2
2367	3
2368	2
2369	2
2370	2
2371	0
2372	2
2373	3
2374	2
2375	3
2376	2
2377	3
2378	1
2379	0
2380	2
2381	2
2382	0
2383	2
2384	3
2385	2
2386	0
2387	2
2388	2
2389	0
2390	0
2391	2
2392	0
2393	2
2394	2
2395	2
2396	1
2397	3
2398	2
2399	3
2400	3
2401	2
2402	2
2403	3
2404	2
2405	2
2406	2
2407	2
2408	2
2409	2
2410	3
2411	2
2412	1
2413	0
2414	2
2415	2
2416	2
2417	2
2418	2
2419	0
2420	2
2421	2
2422	3
2423	0
2424	2
2425	2
2426	2
2427	2
2428	0
2429	2
2430	2
2431	2
2432	2
2433	2
2434	2
2435	2
2436	2
2437	2
2438	0
2439	3
2440	2
2441	0
2442	0
2443	3
2444	2
2445	2
2446	2
2447	2
2448	2
2449	2
2450	2
2451	2
2452	2
2453	0
2454	2
2455	2
2456	2
2457	2
2458	2
2459	0
2460	2
2461	1
2462	2
2463	3
2464	3
2465	2
2466	3
2467	2
2468	2
2469	2
2470	3
2471	2
2472	2
2473	2
2474	0
2475	2
2476	2
2477	3
2478	2
2479	2
2480	2
2481	2
2482	0
2483	2
2484	2
2485	2
2486	3
2487	3
2488	2
2489	2
2490	2
2491	2
2492	2
2493	2
2494	2
2495	2
2496	2
2497	2
2498	2
2499	2
2500	2
2501	2
2502	0
2503	3
2504	2
2505	2
2506	3
2507	2
2508	2
2509	2
2510	3
2511	2
2512	2
2513	2
2514	3
2515	2
2516	2
2517	3
2518	2
2519	2
2520	2
2521	0
2522	2
2523	1
2524	2
2525	2
2526	2
2527	2
2528	0
2529	3
2530	2
2531	2
2532	2
2533	2
2534	0
2535	3
2536	2
2537	2
2538	0
2539	2
2540	3
2541	2
2542	2
2543	2
2544	2
2545	2
2546	2
2547	2
2548	2
2549	2
2550	2
2551	2
2552	3
2553	2
2554	2
2555	2
2556	2
2557	2
2558	2
2559	3
2560	2
2561	2
2562	2
2563	2
2564	2
2565	2
2566	2
2567	2
2568	3
2569	2
2570	2
2571	2
2572	2
2573	1
2574	3
2575	2
2576	3
2577	2
2578	2
2579	0
2580	2
2581	2
2582	2
2583	2
2584	2
2585	2
2586	2
2587	2
2588	0
2589	2
2590	2
2591	2
2592	2
2593	2
2594	2
2595	3
2596	1
2597	2
2598	2
2599	3
2600	3
2601	2
2602	2
2603	2
2604	3
2605	2
2606	2
2607	2
2608	3
2609	2
2610	2
2611	3
2612	2
2613	2
2614	2
2615	2
2616	2
2617	3
2618	3
2619	3
2620	2
2621	2
2622	2
2623	3
2624	2
2625	2
2626	2
2627	2
2628	2
2629	2
2630	0
2631	2
2632	2
2633	3
2634	0
2635	3
2636	3
2637	2
2638	2
2639	2
2640	2
2641	3
2642	1
2643	2
2644	2
2645	0
2646	2
2647	0
2648	3
2649	2
2650	2
2651	0
2652	3
2653	3
2654	2
2655	3
2656	2
2657	2
2658	3
2659	2
2660	3
2661	0
2662	2
2663	1
2664	2
2665	2
2666	2
2667	2
2668	2
2669	3
2670	2
2671	1
2672	2
2673	2
2674	1
2675	2
2676	2
2677	0
2678	1
2679	0
2680	2
2681	3
2682	2
2683	2
2684	2
2685	2
2686	2
2687	2
2688	3
2689	2
2690	2
2691	2
2692	2
2693	0
2694	3
2695	3
2696	2
2697	2
2698	2
2699	2
2700	2
2701	2
2702	0
2703	3
2704	2
2705	2
2706	2
2707	2
2708	2
2709	2
2710	3
2711	2
2712	2
2713	3
2714	3
2715	2
2716	2
2717	2
2718	2
2719	3
2720	0
2721	2
2722	2
2723	2
2724	2
2725	2
2726	2
2727	2
2728	0
2729	2
2730	3
2731	2
2732	2
2733	1
2734	3
2735	2
2736	2
2737	2
2738	0
2739	0
2740	2
2741	2
2742	2
2743	3
2744	2
2745	2
2746	2
2747	2
2748	2
2749	1
2750	2
2751	2
2752	2
2753	2
2754	1
2755	2
2756	2
2757	0
2758	2
2759	2
2760	2
2761	2
2762	1
2763	2
2764	2
2765	2
2766	3
2767	0
2768	2
2769	2
2770	2
2771	2
2772	2
2773	0
2774	2
2775	2
2776	2
2777	2
2778	2
2779	2
2780	3
2781	3
2782	2
2783	2
2784	2
2785	2
2786	2
2787	2
2788	2
2789	2
2790	2
2791	2
2792	2
2793	2
2794	2
2795	3
2796	2
2797	2
2798	3
2799	2
2800	2
2801	2
2802	3
2803	2
2804	2
2805	1
2806	2
2807	2
2808	3
2809	2
2810	2
2811	2
2812	1
2813	2
2814	3
2815	2
2816	2
2817	0
2818	2
2819	1
2820	3
2821	3
2822	2
2823	2
2824	1
2825	3
2826	0
2827	2
2828	2
2829	1
2830	0
2831	1
2832	3
2833	2
2834	3
2835	0
2836	3
2837	2
2838	2
2839	2
2840	2
2841	0
2842	3
2843	1
2844	2
2845	2
2846	2
2847	2
2848	1
2849	0
2850	2
2851	2
2852	3
2853	2
2854	2
2855	2
2856	2
2857	3
2858	3
2859	2
2860	0
2861	2
2862	2
2863	2
2864	2
2865	2
2866	3
2867	2
2868	2
2869	0
2870	2
2871	2
2872	2
2873	2
2874	2
2875	2
2876	2
2877	2
2878	3
2879	2
2880	2
2881	2
2882	3
2883	2
2884	3
2885	2
2886	3
2887	2
2888	2
2889	1
2890	3
2891	2
2892	2
2893	3
2894	2
2895	2
2896	3
2897	2
2898	2
2899	2
2900	2
2901	2
2902	3
2903	2
2904	2
2905	2
2906	3
2907	2
2908	2
2909	2
2910	0
2911	2
2912	0
2913	0
2914	2
2915	2
2916	2
2917	2
2918	0
2919	2
2920	2
2921	0
2922	2
2923	3
2924	3
2925	2
2926	2
2927	2
2928	2
2929	3
2930	2
2931	2
2932	1
2933	0
2934	2
2935	2
2936	2
2937	2
2938	3
2939	0
2940	2
2941	0
2942	2
2943	2
2944	2
2945	2
2946	2
2947	2
2948	2
2949	3
2950	2
2951	2
2952	2
2953	2
2954	2
2955	2
2956	2
2957	3
2958	2
2959	2
2960	2
2961	2
2962	2
2963	3
2964	2
2965	2
2966	2
2967	2
2968	3
2969	2
2970	2
2971	2
2972	2
2973	3
2974	3
2975	2
2976	2
2977	2
2978	2
2979	2
2980	2
2981	2
2982	3
2983	1
2984	2
2985	3
2986	2
2987	2
2988	2
2989	2
2990	2
2991	2
2992	2
2993	2
2994	2
2995	1
2996	2
2997	3
2998	2
2999	3
3000	2
3001	2
3002	2
3003	2
3004	2
3005	2
3006	2
3007	2
3008	2
3009	2
3010	2
3011	2
3012	2
3013	2
3014	2
3015	2
3016	2
3017	3
3018	2
3019	2
3020	3
3021	2
3022	3
3023	2
3024	2
3025	2
3026	2
3027	2
3028	2
3029	0
3030	2
3031	2
3032	3
3033	2
3034	2
3035	2
3036	3
3037	2
3038	2
3039	2
3040	2
3041	2
3042	2
3043	2
3044	2
3045	2
3046	2
3047	2
3048	0
3049	2
3050	2
3051	0
3052	2
3053	2
3054	2
3055	2
3056	2
3057	3
3058	0
3059	0
3060	2
3061	2
3062	2
3063	2
3064	3
3065	2
3066	2
3067	0
3068	2
3069	2
3070	2
3071	2
3072	2
3073	2
3074	2
3075	2
3076	2
3077	1
3078	2
3079	3
3080	2
3081	2
3082	3
3083	2
3084	2
3085	3
3086	2
3087	2
3088	2
3089	2
3090	2
3091	2
3092	2
3093	2
3094	1
3095	2
3096	2
3097	2
3098	0
3099	2
3100	2
3101	1
3102	3
3103	2
3104	2
3105	2
3106	2
3107	3
3108	2
3109	2
3110	2
3111	2
3112	3
3113	2
3114	3
3115	2
3116	3
3117	2
3118	3
3119	0
3120	3
3121	3
3122	2
3123	2
3124	2
3125	2
3126	2
3127	0
3128	2
3129	2
3130	1
3131	1
3132	0
3133	2
3134	1
3135	2
3136	0
3137	2
3138	2
3139	2
3140	3
3141	2
3142	2
3143	2
3144	2
3145	3
3146	2
3147	2
3148	2
3149	2
3150	3
3151	2
3152	2
3153	3
3154	2
3155	2
3156	2
3157	1
3158	2
3159	3
3160	2
3161	2
3162	2
3163	2
3164	2
3165	2
3166	0
3167	1
3168	2
3169	2
3170	2
3171	2
3172	3
3173	2
3174	2
3175	2
3176	2
3177	1
3178	0
3179	0
3180	1
3181	2
3182	2
3183	3
3184	2
3185	3
3186	0
3187	3
3188	2
3189	0
3190	0
3191	2
3192	2
3193	2
3194	2
3195	3
3196	2
3197	0
3198	2
3199	1
3200	2
3201	2
3202	0
3203	2
3204	3
3205	2
3206	0
3207	2
3208	2
3209	2
3210	2
3211	2
3212	0
3213	2
3214	2
3215	3
3216	0
3217	2
3218	0
3219	2
3220	2
3221	2
3222	2
3223	3
3224	2
3225	0
3226	2
3227	2
3228	2
3229	2
3230	3
3231	2
3232	2
3233	3
3234	0
3235	2
3236	2
3237	2
3238	3
3239	2
3240	2
3241	2
3242	3
3243	3
3244	3
3245	2
3246	2
3247	2
3248	2
3249	2
3250	2
3251	2
3252	2
3253	2
3254	1
3255	2
3256	3
3257	2
3258	2
3259	2
3260	2
3261	3
3262	2
3263	1
3264	3
3265	0
3266	2
3267	2
3268	3
3269	2
3270	2
3271	0
3272	2
3273	2
3274	2
3275	2
3276	2
3277	2
3278	2
3279	2
3280	1
3281	2
3282	2
3283	2
3284	2
3285	2
3286	2
3287	2
3288	2
3289	2
3290	0
3291	2
3292	2
3293	3
3294	2
3295	0
3296	2
3297	3
3298	2
3299	1
3300	2
3301	3
3302	2
3303	2
3304	0
3305	2
3306	2
3307	2
3308	2
3309	2
3310	3
3311	3
3312	2
3313	1
3314	2
3315	0
3316	2
3317	2
3318	2
3319	2
3320	3
3321	0
3322	2
3323	2
3324	3
3325	2
3326	3
3327	2
3328	2
3329	2
3330	3
3331	3
3332	2
3333	2
3334	2
3335	2
3336	2
3337	2
3338	3
3339	2
3340	2
3341	0
3342	2
3343	3
3344	2
3345	0
3346	2
3347	2
3348	3
3349	0
3350	3
3351	2
3352	1
3353	2
3354	2
3355	2
3356	1
3357	2
3358	0
3359	2
3360	2
3361	2
3362	0
3363	2
3364	2
3365	2
3366	2
3367	2
3368	0
3369	0
3370	2
3371	2
3372	3
3373	3
3374	3
3375	1
3376	2
3377	2
3378	2
3379	0
3380	3
3381	0
3382	0
3383	2
3384	2
3385	2
3386	2
3387	3
3388	2
3389	2
3390	2
3391	0
3392	2
3393	2
3394	2
3395	0
3396	2
3397	3
3398	2
3399	0
3400	2
3401	2
3402	2
3403	2
3404	1
3405	2
3406	0
3407	2
3408	3
3409	2
3410	2
3411	0
3412	2
3413	2
3414	2
3415	3
3416	2
3417	2
3418	2
3419	2
3420	2
3421	2
3422	2
3423	2
3424	2
3425	2
3426	3
3427	2
3428	2
3429	2
3430	2
3431	2
3432	3
3433	2
3434	2
3435	2
3436	2
3437	2
3438	2
3439	3
3440	3
3441	2
3442	2
3443	2
3444	2
3445	2
3446	2
3447	0
3448	2
3449	2
3450	2
3451	2
3452	3
3453	3
3454	2
3455	2
3456	1
3457	2
3458	2
3459	2
3460	2
3461	3
3462	2
3463	2
3464	1
3465	2
3466	2
3467	2
3468	2
3469	3
3470	2
3471	2
3472	2
3473	2
3474	2
3475	2
3476	2
3477	2
3478	2
3479	1
3480	2
3481	2
3482	2
3483	0
3484	2
3485	2
3486	2
3487	3
3488	2
3489	2
3490	2
3491	2
3492	2
3493	2
3494	2
3495	3
3496	2
3497	2
3498	2
3499	0
3500	2
3501	2
3502	0
3503	2
3504	2
3505	2
3506	0
3507	2
3508	2
3509	2
3510	2
3511	2
3512	2
3513	2
3514	2
3515	1
3516	2
3517	2
3518	2
3519	2
3520	2
3521	2
3522	2
3523	2
3524	2
3525	2
3526	0
3527	2
3528	2
3529	2
3530	0
3531	2
3532	2
3533	1
3534	3
3535	2
3536	3
3537	2
3538	3
3539	2
3540	1
3541	2
3542	3
3543	2
3544	3
3545	2
3546	2
3547	1
3548	2
3549	1
3550	2
3551	3
3552	3
3553	3
3554	2
3555	0
3556	2
3557	0
3558	2
3559	1
3560	2
3561	0
3562	2
3563	3
3564	2
3565	2
3566	2
3567	2
3568	2
3569	2
3570	2
3571	2
3572	3
3573	2
3574	1
3575	2
3576	3
3577	2
3578	2
3579	2
3580	3
3581	2
3582	2
3583	0
3584	2
3585	2
3586	2
3587	2
3588	2
3589	2
3590	2
3591	2
3592	2
3593	2
3594	2
3595	2
3596	2
3597	1
3598	3
3599	2
3600	2
3601	2
3602	2
3603	3
3604	3
3605	3
3606	2
3607	2
3608	2
3609	2
3610	2
3611	2
3612	3
3613	2
3614	2
3615	2
3616	2
3617	2
3618	2
3619	3
3620	2
3621	2
3622	2
3623	0
3624	3
3625	3
3626	2
3627	2
3628	2
3629	2
3630	2
3631	2
3632	3
3633	2
3634	2
3635	3
3636	2
3637	3
3638	2
3639	2
3640	2
3641	2
3642	3
3643	2
3644	3
3645	2
3646	3
3647	2
3648	0
3649	0
3650	2
3651	3
3652	2
3653	2
3654	3
3655	2
3656	2
3657	3
3658	0
3659	2
3660	3
3661	2
3662	2
3663	2
3664	2
3665	3
3666	2
3667	2
3668	2
3669	1
3670	2
3671	2
3672	3
3673	3
3674	1
3675	2
3676	2
3677	0
3678	2
3679	2
3680	2
3681	2
3682	1
3683	2
3684	2
3685	3
3686	2
3687	2
3688	2
3689	2
3690	2
3691	3
3692	2
3693	3
3694	2
3695	2
3696	0
3697	2
3698	2
3699	0
3700	2
3701	2
3702	3
3703	0
3704	0
3705	2
3706	2
3707	2
3708	2
3709	2
3710	2
3711	2
3712	2
3713	0
3714	2
3715	3
3716	1
3717	2
3718	2
3719	0
3720	2
3721	0
3722	2
3723	2
3724	2
3725	2
3726	2
3727	3
3728	2
3729	2
3730	2
3731	2
3732	2
3733	2
3734	3
3735	2
3736	2
3737	2
3738	2
3739	2
3740	3
3741	2
3742	2
3743	2
3744	0
3745	2
3746	2
3747	0
3748	2
3749	2
3750	2
3751	2
3752	2
3753	2
3754	3
3755	2
3756	2
3757	2
3758	0
3759	2
3760	2
3761	2
3762	0
3763	0
3764	1
3765	2
3766	2
3767	3
3768	2
3769	2
3770	2
3771	2
3772	2
3773	1
3774	2
3775	0
3776	2
3777	2
3778	2
3779	2
3780	0
3781	0
3782	2
3783	3
3784	2
3785	2
3786	2
3787	2
3788	0
3789	2
3790	2
3791	2
3792	2
3793	2
3794	3
3795	2
3796	3
3797	2
3798	2
3799	2
3800	2
3801	2
3802	2
3803	2
3804	3
3805	2
3806	3
3807	2
3808	2
3809	2
3810	2
3811	2
3812	2
3813	1
3814	2
3815	2
3816	2
3817	1
3818	2
3819	0
3820	2
3821	0
3822	0
3823	2
3824	2
3825	3
3826	0
3827	2
3828	2
3829	2
3830	3
3831	2
3832	3
3833	2
3834	2
3835	2
3836	1
3837	0
3838	3
3839	1
3840	3
3841	2
3842	2
3843	3
3844	2
3845	0
3846	2
3847	2
3848	2
3849	2
3850	0
3851	2
3852	3
3853	1
3854	2
3855	3
3856	3
3857	2
3858	2
3859	2
3860	3
3861	0
3862	3
3863	3
3864	2
3865	0
3866	1
3867	2
3868	2
3869	2
3870	2
3871	3
3872	2
3873	3
3874	2
3875	2
3876	2
3877	2
3878	2
3879	0
3880	2
3881	1
3882	3
3883	2
3884	2
3885	2
3886	3
3887	2
3888	2
3889	3
3890	2
3891	2
3892	2
3893	2
3894	1
3895	2
3896	2
3897	2
3898	2
3899	0
3900	2
3901	2
3902	3
3903	2
3904	0
3905	2
3906	2
3907	2
3908	0
3909	2
3910	1
3911	2
3912	1
3913	3
3914	1
3915	2
3916	2
3917	2
3918	2
3919	2
3920	0
3921	2
3922	0
3923	2
3924	2
3925	2
3926	2
3927	0
3928	0
3929	3
3930	3
3931	2
3932	1
3933	1
3934	1
3935	1
3936	0
3937	1
3938	2
3939	2
3940	2
3941	2
3942	0
3943	2
3944	2
3945	2
3946	2
3947	3
3948	2
3949	1
3950	2
3951	3
3952	2
3953	0
3954	0
3955	2
3956	2
3957	0
3958	3
3959	2
3960	3
3961	2
3962	0
3963	2
3964	2
3965	3
3966	2
3967	0
3968	2
3969	3
3970	2
3971	2
3972	0
3973	2
3974	2
3975	1
3976	2
3977	2
3978	2
3979	2
3980	0
3981	2
3982	2
3983	2
3984	2
3985	2
3986	3
3987	3
3988	2
3989	2
3990	2
3991	0
3992	2
3993	2
3994	2
3995	2
3996	0
3997	1
3998	2
3999	2
4000	2
4001	2
4002	3
4003	2
4004	2
4005	0
4006	1
4007	2
4008	2
4009	3
4010	1
4011	2
4012	2
4013	2
4014	3
4015	2
4016	2
4017	2
4018	3
4019	2
4020	2
4021	3
4022	3
4023	2
4024	2
4025	2
4026	3
4027	2
4028	2
4029	2
4030	2
4031	3
4032	3
4033	2
4034	2
4035	2
4036	2
4037	2
4038	2
4039	2
4040	2
4041	0
4042	2
4043	2
4044	3
4045	3
4046	2
4047	2
4048	2
4049	0
4050	3
4051	2
4052	2
4053	0
4054	2
4055	2
4056	3
4057	2
4058	2
4059	2
4060	2
4061	2
4062	2
4063	3
4064	2
4065	2
4066	2
4067	2
4068	2
4069	2
4070	1
4071	2
4072	2
4073	2
4074	2
4075	0
4076	0
4077	2
4078	2
4079	3
4080	3
4081	2
4082	2
4083	3
4084	2
4085	2
4086	2
4087	0
4088	2
4089	2
4090	3
4091	0
4092	3
4093	2
4094	1
4095	2
4096	3
4097	2
4098	2
4099	2
4100	3
4101	2
4102	2
4103	2
4104	2
4105	2
4106	3
4107	3
4108	2
4109	2
4110	2
4111	1
4112	2
4113	3
4114	3
4115	0
4116	2
4117	2
4118	3
4119	0
4120	2
4121	0
4122	2
4123	0
4124	2
4125	2
4126	2
4127	2
4128	2
4129	3
4130	2
4131	3
4132	2
4133	2
4134	3
4135	2
4136	3
4137	2
4138	2
4139	0
4140	0
4141	2
4142	2
4143	0
4144	3
4145	2
4146	2
4147	2
4148	2
4149	2
4150	2
4151	2
4152	2
4153	2
4154	2
4155	3
4156	0
4157	2
4158	2
4159	1
4160	2
4161	3
4162	0
4163	2
4164	2
4165	0
4166	3
4167	2
4168	2
4169	2
4170	2
4171	2
4172	2
4173	2
4174	3
4175	2
4176	3
4177	2
4178	2
4179	2
4180	2
4181	1
4182	2
4183	2
4184	2
4185	2
4186	3
4187	0
4188	2
4189	2
4190	3
4191	3
4192	0
4193	3
4194	2
4195	2
4196	2
4197	2
4198	2
4199	2
4200	2
4201	2
4202	2
4203	2
4204	2
4205	1
4206	2
4207	3
4208	2
4209	2
4210	2
4211	3
4212	0
4213	2
4214	2
4215	3
4216	2
4217	2
4218	2
4219	2
4220	2
4221	0
4222	2
4223	2
4224	2
4225	2
4226	0
4227	0
4228	2
4229	2
4230	0
4231	3
4232	2
4233	2
4234	0
4235	2
4236	0
4237	2
4238	2
4239	2
4240	1
4241	0
4242	2
4243	2
4244	2
4245	2
4246	2
4247	3
4248	2
4249	0
4250	2
4251	2
4252	2
4253	2
4254	2
4255	2
4256	2
4257	0
4258	0
4259	2
4260	3
4261	2
4262	2
4263	0
4264	2
4265	0
4266	2
4267	3
4268	2
4269	2
4270	0
4271	2
4272	1
4273	2
4274	3
4275	2
4276	3
4277	2
4278	2
4279	2
4280	2
4281	2
4282	2
4283	0
4284	2
4285	3
4286	2
4287	2
4288	2
4289	2
4290	2
4291	2
4292	0
4293	0
4294	2
4295	2
4296	2
4297	3
4298	2
4299	2
4300	3
4301	2
4302	2
4303	2
4304	2
4305	2
4306	0
4307	2
4308	0
4309	2
4310	2
4311	2
4312	0
4313	2
4314	3
4315	0
4316	3
4317	2
4318	2
4319	3
4320	2
4321	2
4322	2
4323	1
4324	2
4325	0
4326	2
4327	2
4328	0
4329	3
4330	0
4331	2
4332	2
4333	2
4334	3
4335	2
4336	2
4337	2
4338	2
4339	2
4340	2
4341	2
4342	2
4343	2
4344	2
4345	2
4346	2
4347	2
4348	3
4349	1
4350	3
4351	2
4352	2
4353	0
4354	2
4355	0
4356	2
4357	3
4358	2
4359	3
4360	0
4361	2
4362	2
4363	3
4364	2
4365	2
4366	2
4367	1
4368	0
4369	0
4370	2
4371	3
4372	2
4373	2
4374	2
4375	3
4376	2
4377	2
4378	1
4379	2
4380	2
4381	2
4382	1
4383	2
4384	2
4385	3
4386	0
4387	1
4388	2
4389	0
4390	0
4391	3
4392	3
4393	2
4394	2
4395	2
4396	2
4397	3
4398	0
4399	2
4400	3
4401	2
4402	2
4403	2
4404	0
4405	0
4406	2
4407	2
4408	2
4409	2
4410	2
4411	3
4412	3
4413	3
4414	3
4415	0
4416	2
4417	2
4418	2
4419	0
4420	2
4421	2
4422	0
4423	3
4424	2
4425	2
4426	2
4427	2
4428	2
4429	3
4430	0
4431	2
4432	2
4433	3
4434	3
4435	2
4436	2
4437	2
4438	2
4439	0
4440	2
4441	2
4442	2
4443	2
4444	2
4445	2
4446	2
4447	2
4448	2
4449	2
4450	2
4451	2
4452	2
4453	3
4454	2
4455	3
4456	2
4457	2
4458	1
4459	2
4460	3
4461	2
4462	2
4463	1
4464	2
4465	2
4466	2
4467	2
4468	2
4469	0
4470	2
4471	0
4472	2
4473	2
4474	2
4475	2
4476	3
4477	3
4478	3
4479	2
4480	2
4481	2
4482	2
4483	2
4484	2
4485	2
4486	3
4487	2
4488	3
4489	3
4490	2
4491	2
4492	3
4493	2
4494	3
4495	2
4496	2
4497	2
4498	2
4499	2
4500	2
4501	2
4502	2
4503	2
4504	2
4505	0
4506	2
4507	2
4508	3
4509	3
4510	2
4511	2
4512	1
4513	2
4514	2
4515	2
4516	1
4517	3
4518	1
4519	2
4520	2
4521	2
4522	3
4523	2
4524	2
4525	0
4526	3
4527	2
4528	3
4529	2
4530	0
4531	2
4532	3
4533	1
4534	2
4535	2
4536	3
4537	0
4538	2
4539	2
4540	2
4541	2
4542	2
4543	2
4544	3
4545	2
4546	2
4547	2
4548	2
4549	2
4550	0
4551	2
4552	2
4553	2
4554	1
4555	2
4556	2
4557	2
4558	2
4559	3
4560	3
4561	2
4562	2
4563	2
4564	3
4565	2
4566	1
4567	2
4568	3
4569	2
4570	2
4571	2
4572	2
4573	0
4574	2
4575	2
4576	3
4577	3
4578	2
4579	3
4580	3
4581	2
4582	3
4583	2
4584	3
4585	2
4586	2
4587	0
4588	0
4589	2
4590	2
4591	2
4592	2
4593	2
4594	2
4595	2
4596	2
4597	3
4598	2
4599	1
4600	2
4601	2
4602	2
4603	2
4604	2
4605	3
4606	2
4607	0
4608	2
4609	3
4610	2
4611	2
4612	2
4613	2
4614	2
4615	2
4616	3
4617	3
4618	2
4619	2
4620	2
4621	3
4622	3
4623	2
4624	2
4625	2
4626	0
4627	2
4628	2
4629	1
4630	2
4631	2
4632	1
4633	2
4634	2
4635	2
4636	2
4637	0
4638	2
4639	2
4640	2
4641	2
4642	2
4643	3
4644	2
4645	2
4646	2
4647	3
4648	3
4649	2
4650	2
4651	2
4652	2
4653	2
4654	3
4655	2
4656	0
4657	1
4658	2
4659	2
4660	2
4661	3
4662	2
4663	2
4664	3
4665	2
4666	2
4667	1
4668	2
4669	2
4670	2
4671	3
4672	2
4673	0
4674	2
4675	2
4676	3
4677	2
4678	2
4679	2
4680	3
4681	0
4682	0
4683	3
4684	0
4685	0
4686	2
4687	2
4688	0
4689	2
4690	0
4691	0
4692	2
4693	0
4694	2
4695	2
4696	2
4697	2
4698	2
4699	0
4700	2
4701	3
4702	2
4703	2
4704	0
4705	2
4706	2
4707	2
4708	3
4709	0
4710	2
4711	3
4712	2
4713	0
4714	2
4715	2
4716	2
4717	2
4718	2
4719	3
4720	2
4721	1
4722	3
4723	3
4724	3
4725	2
4726	3
4727	0
4728	2
4729	0
4730	2
4731	2
4732	2
4733	2
4734	2
4735	2
4736	2
4737	2
4738	2
4739	2
4740	2
4741	2
4742	2
4743	3
4744	2
4745	3
4746	2
4747	2
4748	2
4749	2
4750	0
4751	2
4752	2
4753	2
4754	2
4755	0
4756	2
4757	2
4758	0
4759	2
4760	0
4761	3
4762	2
4763	2
4764	0
4765	2
4766	2
4767	2
4768	1
4769	2
4770	0
4771	2
4772	2
4773	2
4774	2
4775	2
4776	2
4777	2
4778	2
4779	3
4780	0
4781	2
4782	2
4783	2
4784	2
4785	2
4786	0
4787	2
4788	1
4789	3
4790	2
4791	2
4792	2
4793	2
4794	1
4795	2
4796	2
4797	2
4798	2
4799	2
4800	2
4801	2
4802	2
4803	2
4804	2
4805	2
4806	2
4807	2
4808	2
4809	2
4810	2
4811	3
4812	2
4813	2
4814	3
4815	2
4816	2
4817	2
4818	2
4819	2
4820	2
4821	2
4822	2
4823	2
4824	2
4825	2
4826	2
4827	2
4828	2
4829	2
4830	2
4831	2
4832	3
4833	2
4834	2
4835	2
4836	2
4837	2
4838	3
4839	2
4840	2
4841	2
4842	2
4843	0
4844	2
4845	2
4846	2
4847	3
4848	2
4849	2
4850	2
4851	3
4852	2
4853	3
4854	2
4855	2
4856	2
4857	2
4858	2
4859	2
4860	3
4861	2
4862	2
4863	2
4864	2
4865	2
4866	1
4867	3
4868	3
4869	2
4870	0
4871	3
4872	2
4873	3
4874	0
4875	3
4876	2
4877	1
4878	2
4879	3
4880	3
4881	3
4882	2
4883	2
4884	1
4885	2
4886	0
4887	0
4888	2
4889	0
4890	2
4891	3
4892	2
4893	2
4894	2
4895	2
4896	0
4897	0
4898	0
4899	2
4900	2
4901	2
4902	3
4903	1
4904	3
4905	2
4906	3
4907	2
4908	2
4909	1
4910	3
4911	2
4912	2
4913	3
4914	2
4915	2
4916	2
4917	1
4918	1
4919	3
4920	2
4921	2
4922	2
4923	2
4924	2
4925	2
4926	2
4927	0
4928	2
4929	3
4930	2
4931	2
4932	2
4933	2
4934	3
4935	2
4936	2
4937	2
4938	2
4939	2
4940	2
4941	2
4942	2
4943	2
4944	2
4945	3
4946	3
4947	2
4948	2
4949	2
4950	3
4951	2
4952	2
4953	2
4954	2
4955	2
4956	2
4957	0
4958	3
4959	3
4960	1
4961	3
4962	2
4963	2
4964	2
4965	3
4966	2
4967	2
4968	2
4969	2
4970	2
4971	2
4972	2
4973	2
4974	3
4975	0
4976	2
4977	2
4978	2
4979	2
4980	2
4981	2
4982	2
4983	0
4984	1
4985	2
4986	2
4987	2
4988	0
4989	2
4990	2
4991	2
4992	3
4993	2
4994	1
4995	0
4996	3
4997	0
4998	2
4999	2
5000	2
5001	2
5002	2
5003	1
5004	2
5005	2
5006	2
5007	2
5008	2
5009	3
5010	2
5011	2
5012	2
5013	0
5014	2
5015	2
5016	2
5017	2
5018	2
5019	0
5020	0
5021	3
5022	2
5023	2
5024	2
5025	2
5026	3
5027	3
5028	2
5029	2
5030	2
5031	2
5032	3
5033	2
5034	0
5035	0
5036	2
5037	2
5038	0
5039	3
5040	2
5041	2
5042	3
5043	3
5044	2
5045	2
5046	1
5047	2
5048	2
5049	2
5050	1
5051	2
5052	2
5053	2
5054	2
5055	2
5056	2
5057	0
5058	2
5059	3
5060	2
5061	0
5062	2
5063	2
5064	2
5065	3
5066	0
5067	2
5068	2
5069	1
5070	2
5071	2
5072	2
5073	2
5074	2
5075	2
5076	2
5077	2
5078	2
5079	2
5080	3
5081	2
5082	3
5083	0
5084	2
5085	2
5086	2
5087	2
5088	2
5089	2
5090	1
5091	2
5092	2
5093	0
5094	2
5095	2
5096	0
5097	2
5098	2
5099	2
5100	1
5101	2
5102	2
5103	2
5104	3
5105	2
5106	2
5107	0
5108	3
5109	2
5110	2
5111	0
5112	2
5113	2
5114	3
5115	3
5116	3
5117	3
5118	2
5119	2
5120	2
5121	3
5122	2
5123	2
5124	3
5125	1
5126	2
5127	2
5128	2
5129	2
5130	3
5131	2
5132	3
5133	1
5134	1
5135	2
5136	2
5137	2
5138	2
5139	2
5140	2
5141	2
5142	0
5143	3
5144	2
5145	2
5146	0
5147	0
5148	2
5149	3
5150	2
5151	2
5152	2
5153	3
5154	2
5155	3
5156	3
5157	0
5158	2
5159	2
5160	3
5161	2
5162	3
5163	2
5164	0
5165	2
5166	2
5167	2
5168	3
5169	2
5170	2
5171	0
5172	2
5173	2
5174	2
5175	2
5176	2
5177	3
5178	2
5179	3
5180	0
5181	2
5182	3
5183	2
5184	2
5185	2
5186	0
5187	2
5188	2
5189	2
5190	2
5191	2
5192	2
5193	2
5194	2
5195	2
5196	2
5197	2
5198	2
5199	2
5200	2
5201	0
5202	2
5203	0
5204	2
5205	2
5206	3
5207	2
5208	2
5209	2
5210	3
5211	0
5212	3
5213	2
5214	2
5215	3
5216	0
5217	3
5218	3
5219	2
5220	2
5221	2
5222	2
5223	2
5224	2
5225	2
5226	3
5227	2
5228	2
5229	1
5230	2
5231	3
5232	2
5233	2
5234	3
5235	3
5236	2
5237	2
5238	2
5239	2
5240	3
5241	2
5242	2
5243	2
5244	2
5245	2
5246	2
5247	0
5248	2
5249	2
5250	0
5251	0
5252	1
5253	2
5254	0
5255	2
5256	0
5257	1
5258	2
5259	2
5260	2
5261	2
5262	2
5263	0
5264	2
5265	2
5266	2
5267	0
5268	2
5269	2
5270	3
5271	0
5272	3
5273	0
5274	2
5275	2
5276	3
5277	0
5278	2
5279	2
5280	2
5281	0
5282	0
5283	2
5284	2
5285	2
5286	3
5287	3
5288	2
5289	2
5290	2
5291	3
5292	2
5293	2
5294	0
5295	2
5296	0
5297	2
5298	3
5299	2
5300	2
5301	2
5302	2
5303	2
5304	2
5305	3
5306	2
5307	3
5308	2
5309	1
5310	2
5311	2
5312	2
5313	0
5314	2
5315	2
5316	2
5317	2
5318	2
5319	2
5320	2
5321	3
5322	2
5323	0
5324	2
5325	3
5326	2
5327	2
5328	2
5329	3
5330	2
5331	1
5332	3
5333	2
5334	2
5335	2
5336	1
5337	2
5338	0
5339	2
5340	2
5341	3
5342	1
5343	2
5344	2
5345	2
5346	2
5347	1
5348	2
5349	2
5350	2
5351	2
5352	2
5353	3
5354	1
5355	2
5356	0
5357	1
5358	3
5359	2
5360	2
5361	3
5362	2
5363	3
5364	2
5365	2
5366	2
5367	2
5368	2
5369	2
5370	2
5371	2
5372	3
5373	2
5374	3
5375	2
5376	2
5377	2
5378	3
5379	0
5380	2
5381	2
5382	2
5383	2
5384	0
5385	2
5386	2
5387	3
5388	2
5389	2
5390	2
5391	0
5392	3
5393	0
5394	2
5395	2
5396	2
5397	3
5398	2
5399	3
5400	2
5401	2
5402	2
5403	2
5404	0
5405	2
5406	0
5407	2
5408	2
5409	2
5410	0
5411	2
5412	2
5413	2
5414	2
5415	0
5416	2
5417	2
5418	3
5419	2
5420	2
5421	3
5422	0
5423	2
5424	3
5425	2
5426	3
5427	2
5428	3
5429	0
5430	2
5431	2
5432	2
5433	3
5434	2
5435	2
5436	2
5437	2
5438	2
5439	0
5440	2
5441	2
5442	2
5443	1
5444	2
5445	2
5446	2
5447	2
5448	2
5449	2
5450	2
5451	2
5452	2
5453	2
5454	2
5455	3
5456	2
5457	2
5458	2
5459	2
5460	3
5461	3
5462	2
5463	2
5464	0
5465	0
5466	2
5467	3
5468	2
5469	1
5470	2
5471	2
5472	2
5473	2
5474	2
5475	2
5476	2
5477	2
5478	2
5479	2
5480	2
5481	2
5482	3
5483	3
5484	0
5485	2
5486	2
5487	3
5488	2
5489	2
5490	2
5491	2
5492	2
5493	0
5494	2
5495	0
5496	2
5497	0
5498	3
5499	2
5500	3
5501	3
5502	3
5503	2
5504	0
5505	2
5506	2
5507	1
5508	2
5509	1
5510	2
5511	2
5512	2
5513	2
5514	2
5515	2
5516	3
5517	2
5518	3
5519	2
5520	2
5521	2
5522	2
5523	2
5524	3
5525	2
5526	2
5527	2
5528	2
5529	2
5530	3
5531	2
5532	2
5533	3
5534	3
5535	2
5536	3
5537	2
5538	2
5539	3
5540	2
5541	2
5542	2
5543	2
5544	2
5545	2
5546	3
5547	3
5548	2
5549	2
5550	2
5551	2
5552	2
5553	2
5554	0
5555	2
5556	2
5557	2
5558	2
5559	2
5560	2
5561	2
5562	2
5563	2
5564	2
5565	2
5566	2
5567	1
5568	2
5569	0
5570	3
5571	2
5572	2
5573	2
5574	2
5575	2
5576	2
5577	2
5578	2
5579	2
5580	2
5581	2
5582	3
5583	2
5584	3
5585	0
5586	2
5587	1
5588	2
5589	2
5590	2
5591	3
5592	2
5593	2
5594	2
5595	2
5596	2
5597	2
5598	2
5599	3
5600	3
5601	2
5602	2
5603	0
5604	2
5605	2
5606	3
5607	3
5608	2
5609	2
5610	2
5611	2
5612	2
5613	2
5614	3
5615	0
5616	3
5617	2
5618	0
5619	2
5620	2
5621	3
5622	2
5623	1
5624	2
5625	2
5626	3
5627	2
5628	1
5629	1
5630	3
5631	0
5632	2
5633	1
5634	2
5635	3
5636	2
5637	0
5638	2
5639	2
5640	3
5641	1
5642	2
5643	2
5644	2
5645	2
5646	1
5647	2
5648	2
5649	1
5650	1
5651	2
5652	2
5653	2
5654	3
5655	1
5656	0
5657	2
5658	2
5659	2
5660	2
5661	2
5662	2
5663	2
5664	2
5665	2
5666	2
5667	2
5668	2
5669	2
5670	2
5671	3
5672	2
5673	2
5674	2
5675	3
5676	2
5677	1
5678	1
5679	2
5680	3
5681	2
5682	2
5683	2
5684	2
5685	0
5686	0
5687	2
5688	1
5689	2
5690	2
5691	3
5692	2
5693	2
5694	0
5695	1
5696	2
5697	0
5698	2
5699	2
5700	2
5701	2
5702	2
5703	2
5704	2
5705	2
5706	0
5707	2
5708	0
5709	0
5710	2
5711	3
5712	3
5713	2
5714	0
5715	0
5716	2
5717	2
5718	2
5719	2
5720	2
5721	1
5722	2
5723	2
5724	2
5725	2
5726	2
5727	2
5728	0
5729	0
5730	2
5731	2
5732	0
5733	3
5734	2
5735	3
5736	2
5737	3
5738	3
5739	2
5740	2
5741	2
5742	2
5743	3
5744	2
5745	2
5746	2
5747	0
5748	3
5749	3
5750	2
5751	1
5752	2
5753	0
5754	1
5755	3
5756	2
5757	2
5758	3
5759	2
5760	2
5761	2
5762	3
5763	2
5764	2
5765	2
5766	3
5767	3
5768	2
5769	2
5770	2
5771	3
5772	2
5773	3
5774	2
5775	2
5776	2
5777	2
5778	2
5779	2
5780	2
5781	2
5782	0
5783	2
5784	2
5785	2
5786	2
5787	2
5788	2
5789	2
5790	2
5791	2
5792	2
5793	2
5794	1
5795	3
5796	2
5797	2
5798	2
5799	2
5800	2
5801	0
5802	2
5803	3
5804	2
5805	2
5806	3
5807	2
5808	2
5809	2
5810	2
5811	2
5812	2
5813	3
5814	2
5815	2
5816	2
5817	2
5818	3
5819	2
5820	2
5821	2
5822	2
5823	3
5824	2
5825	2
5826	2
5827	2
5828	2
5829	2
5830	0
5831	2
5832	2
5833	2
5834	2
5835	2
5836	2
5837	2
5838	2
5839	0
5840	2
5841	2
5842	2
5843	2
5844	2
5845	2
5846	2
5847	2
5848	2
5849	2
5850	2
5851	2
5852	2
5853	2
5854	2
5855	2
5856	2
5857	2
5858	2
5859	2
5860	1
5861	1
5862	2
5863	2
5864	1
5865	2
5866	2
5867	2
5868	2
5869	2
5870	0
5871	0
5872	2
5873	2
5874	2
5875	3
5876	2
5877	2
5878	2
5879	1
5880	2
5881	2
5882	2
5883	3
5884	2
5885	2
5886	2
5887	3
5888	2
5889	3
5890	1
5891	3
5892	2
5893	3
5894	2
5895	3
5896	2
5897	3
5898	0
5899	2
5900	3
5901	3
5902	3
5903	3
5904	2
5905	2
5906	2
5907	2
5908	2
5909	0
5910	2
5911	2
5912	2
5913	0
5914	2
5915	2
5916	2
5917	2
5918	3
5919	2
5920	2
5921	3
5922	2
5923	2
5924	3
5925	2
5926	3
5927	3
5928	2
5929	0
5930	3
5931	2
5932	2
5933	2
5934	3
5935	2
5936	2
5937	3
5938	2
5939	2
5940	2
5941	2
5942	2
5943	3
5944	2
5945	2
5946	2
5947	0
5948	2
5949	2
5950	2
5951	0
5952	2
5953	3
5954	2
5955	2
5956	3
5957	1
5958	3
5959	2
5960	2
5961	2
5962	2
5963	3
5964	3
5965	3
5966	2
5967	2
5968	2
5969	2
5970	3
5971	2
5972	2
5973	2
5974	2
5975	2
5976	2
5977	3
5978	2
5979	3
5980	2
5981	2
5982	3
5983	2
5984	0
5985	3
5986	2
5987	2
5988	3
5989	2
5990	2
5991	3
5992	3
5993	2
5994	2
5995	2
5996	2
5997	2
5998	1
5999	1
6000	0
6001	2
6002	1
6003	2
6004	2
6005	2
6006	2
6007	3
6008	0
6009	2
6010	2
6011	2
6012	2
6013	3
6014	2
6015	2
6016	2
6017	2
6018	2
6019	0
6020	3
6021	1
6022	2
6023	2
6024	2
6025	2
6026	2
6027	2
6028	2
6029	2
6030	2
6031	2
6032	2
6033	1
6034	2
6035	2
6036	2
6037	3
6038	2
6039	2
6040	1
6041	2
6042	2
6043	2
6044	3
6045	2
6046	2
6047	2
6048	2
6049	1
6050	2
6051	3
6052	3
6053	0
6054	3
6055	2
6056	1
6057	3
6058	1
6059	2
6060	2
6061	3
6062	2
6063	2
6064	2
6065	2
6066	2
6067	2
6068	2
6069	1
6070	2
6071	0
6072	2
6073	2
6074	2
6075	2
6076	2
6077	2
6078	2
6079	2
6080	2
6081	2
6082	2
6083	2
6084	1
6085	2
6086	2
6087	2
6088	2
6089	2
6090	2
6091	2
6092	2
6093	2
6094	2
6095	2
6096	2
6097	2
6098	2
6099	3
6100	2
6101	2
6102	2
6103	2
6104	3
6105	2
6106	2
6107	2
6108	3
6109	2
6110	2
6111	3
6112	2
6113	2
6114	2
6115	2
6116	2
6117	2
6118	2
6119	2
6120	2
6121	2
6122	2
6123	2
6124	2
6125	3
6126	2
6127	2
6128	2
6129	2
6130	0
6131	0
6132	1
6133	2
6134	2
6135	2
6136	0
6137	2
6138	2
6139	2
6140	2
6141	2
6142	2
6143	2
6144	2
6145	2
6146	2
6147	2
6148	3
6149	2
6150	3
6151	1
6152	2
6153	2
6154	3
6155	2
6156	2
6157	3
6158	1
6159	2
6160	2
6161	2
6162	2
6163	2
6164	2
6165	2
6166	2
6167	0
6168	2
6169	2
6170	3
6171	3
6172	1
6173	0
6174	2
6175	2
6176	2
6177	3
6178	2
6179	3
6180	2
6181	2
6182	2
6183	2
6184	2
6185	2
6186	0
6187	2
6188	2
6189	2
6190	3
6191	2
6192	3
6193	2
6194	2
6195	0
6196	2
6197	2
6198	3
6199	2
6200	0
6201	1
6202	2
6203	2
6204	0
6205	2
6206	3
6207	2
6208	2
6209	2
6210	1
6211	2
6212	2
6213	2
6214	2
6215	3
6216	2
6217	3
6218	0
6219	2
6220	2
6221	2
6222	2
6223	1
6224	3
6225	2
6226	2
6227	3
6228	2
6229	2
6230	3
6231	2
6232	2
6233	3
6234	3
6235	2
6236	2
6237	2
6238	0
6239	2
6240	2
6241	2
6242	1
6243	2
6244	2
6245	2
6246	2
6247	2
6248	2
6249	0
6250	2
6251	2
6252	2
6253	2
6254	2
6255	3
6256	0
6257	0
6258	2
6259	3
6260	2
6261	2
6262	0
6263	2
6264	3
6265	2
6266	2
6267	0
6268	3
6269	3
6270	2
6271	2
6272	2
6273	0
6274	0
6275	0
6276	2
6277	2
6278	3
6279	2
6280	1
6281	0
6282	2
6283	2
6284	1
6285	2
6286	2
6287	0
6288	2
6289	2
6290	2
6291	3
6292	2
6293	2
6294	2
6295	2
6296	2
6297	2
6298	2
6299	2
6300	2
6301	2
6302	2
6303	2
6304	1
6305	2
6306	0
6307	2
6308	3
6309	2
6310	2
6311	0
6312	3
6313	2
6314	2
6315	0
6316	3
6317	2
6318	2
6319	2
6320	2
6321	0
6322	0
6323	2
6324	2
6325	2
6326	2
6327	2
6328	2
6329	3
6330	3
6331	2
6332	2
6333	3
6334	2
6335	2
6336	2
6337	0
6338	2
6339	2
6340	2
6341	2
6342	2
6343	2
6344	2
6345	2
6346	2
6347	2
6348	3
6349	2
6350	1
6351	2
6352	2
6353	2
6354	2
6355	2
6356	0
6357	3
6358	2
6359	3
6360	2
6361	0
6362	0
6363	2
6364	2
6365	2
6366	2
6367	2
6368	2
6369	2
6370	2
6371	2
6372	2
6373	3
6374	2
6375	3
6376	0
6377	2
6378	2
6379	2
6380	2
6381	0
6382	2
6383	2
6384	2
6385	3
6386	1
6387	2
6388	2
6389	3
6390	2
6391	0
6392	0
6393	2
6394	2
6395	3
6396	3
6397	2
6398	0
6399	2
6400	3
6401	2
6402	3
6403	2
6404	2
6405	2
6406	3
6407	3
6408	0
6409	2
6410	2
6411	1
6412	2
6413	2
6414	2
6415	2
6416	3
6417	3
6418	1
6419	3
6420	0
6421	2
6422	0
6423	2
6424	3
6425	2
6426	2
6427	2
6428	1
6429	2
6430	2
6431	2
6432	2
6433	0
6434	0
6435	2
6436	2
6437	2
6438	2
6439	2
6440	2
6441	0
6442	2
6443	2
6444	2
6445	2
6446	0
6447	2
6448	3
6449	3
6450	0
6451	0
6452	0
6453	2
6454	2
6455	3
6456	2
6457	3
6458	2
6459	2
6460	2
6461	2
6462	2
6463	0
6464	1
6465	2
6466	2
6467	1
6468	2
6469	2
6470	2
6471	2
6472	0
6473	0
6474	2
6475	3
6476	2
6477	2
6478	2
6479	2
6480	2
6481	2
6482	3
6483	1
6484	2
6485	2
6486	1
6487	2
6488	2
6489	2
6490	3
6491	2
6492	2
6493	1
6494	2
6495	1
6496	2
6497	2
6498	2
6499	2
6500	3
6501	2
6502	3
6503	2
6504	2
6505	2
6506	3
6507	2
6508	0
6509	2
6510	2
6511	3
6512	2
6513	2
6514	2
6515	2
6516	2
6517	2
6518	2
6519	0
6520	2
6521	3
6522	2
6523	2
6524	2
6525	0
6526	2
6527	2
6528	3
6529	3
6530	2
6531	3
6532	2
6533	2
6534	2
6535	2
6536	2
6537	2
6538	2
6539	2
6540	3
6541	3
6542	2
6543	2
6544	2
6545	3
6546	2
6547	2
6548	3
6549	1
6550	2
6551	2
6552	2
6553	2
6554	2
6555	2
6556	2
6557	2
6558	2
6559	1
6560	3
6561	2
6562	2
6563	2
6564	0
6565	2
6566	1
6567	2
6568	2
6569	2
6570	2
6571	2
6572	3
6573	0
6574	2
6575	2
6576	2
6577	2
6578	0
6579	2
6580	2
6581	3
6582	2
6583	2
6584	2
6585	2
6586	2
6587	2
6588	0
6589	2
6590	2
6591	2
6592	3
6593	2
6594	2
6595	3
6596	2
6597	2
6598	2
6599	2
6600	2
6601	1
6602	2
6603	0
6604	2
6605	1
6606	2
6607	2
6608	3
6609	0
6610	2
6611	2
6612	3
6613	0
6614	0
6615	2
6616	3
6617	0
6618	2
6619	2
6620	2
6621	0
6622	3
6623	0
6624	2
6625	2
6626	2
6627	2
6628	2
6629	0
6630	2
6631	2
6632	2
6633	2
6634	2
6635	0
6636	2
6637	2
6638	3
6639	2
6640	0
6641	1
6642	2
6643	2
6644	1
6645	2
6646	2
6647	2
6648	2
6649	2
6650	2
6651	2
6652	2
6653	2
6654	2
6655	3
6656	2
6657	2
6658	3
6659	1
6660	2
6661	2
6662	3
6663	0
6664	3
6665	2
6666	2
6667	2
6668	2
6669	2
6670	3
6671	2
6672	2
6673	3
6674	3
6675	1
6676	3
6677	2
6678	2
6679	2
6680	0
6681	2
6682	2
6683	2
6684	3
6685	2
6686	0
6687	2
6688	2
6689	2
6690	2
6691	2
6692	2
6693	2
6694	3
6695	2
6696	2
6697	2
6698	2
6699	3
6700	3
6701	1
6702	0
6703	2
6704	3
6705	2
6706	0
6707	3
6708	2
6709	2
6710	2
6711	2
6712	2
6713	3
6714	2
6715	2
6716	2
6717	2
6718	2
6719	2
6720	2
6721	0
6722	2
6723	3
6724	3
6725	2
6726	0
6727	2
6728	2
6729	2
6730	1
6731	3
6732	3
6733	0
6734	0
6735	0
6736	0
6737	3
6738	2
6739	1
6740	3
6741	0
6742	3
6743	2
6744	3
6745	2
6746	2
6747	3
6748	2
6749	0
6750	2
6751	2
6752	2
6753	3
6754	2
6755	2
6756	3
6757	0
6758	2
6759	2
6760	1
6761	2
6762	2
6763	0
6764	2
6765	0
6766	2
6767	2
6768	0
6769	2
6770	1
6771	1
6772	2
6773	3
6774	2
6775	0
6776	2
6777	3
6778	2
6779	2
6780	3
6781	2
6782	2
6783	1
6784	3
6785	2
6786	2
6787	1
6788	0
6789	2
6790	2
6791	3
6792	3
6793	3
6794	2
6795	2
6796	2
6797	2
6798	1
6799	2
6800	2
6801	2
6802	2
6803	2
6804	2
6805	0
6806	2
6807	2
6808	2
6809	1
6810	2
6811	2
6812	2
6813	2
6814	2
6815	2
6816	0
6817	2
6818	2
6819	2
6820	2
6821	2
6822	3
6823	2
6824	2
6825	3
6826	3
6827	2
6828	2
6829	0
6830	2
6831	2
6832	2
6833	2
6834	0
6835	2
6836	2
6837	2
6838	2
6839	2
6840	2
6841	2
6842	2
6843	2
6844	2
6845	2
6846	0
6847	2
6848	2
6849	3
6850	2
6851	2
6852	2
6853	2
6854	2
6855	3
6856	2
6857	2
6858	2
6859	2
6860	2
6861	2
6862	2
6863	3
6864	2
6865	2
6866	2
6867	0
6868	2
6869	2
6870	2
6871	2
6872	2
6873	2
6874	2
6875	3
6876	2
6877	2
6878	3
6879	2
6880	2
6881	2
6882	2
6883	2
6884	2
6885	2
6886	3
6887	3
6888	2
6889	2
6890	3
6891	0
6892	2
6893	2
6894	0
6895	1
6896	2
6897	2
6898	1
6899	3
6900	3
6901	1
6902	2
6903	1
6904	2
6905	1
6906	2
6907	2
6908	3
6909	2
6910	2
6911	2
6912	2
6913	3
6914	3
6915	2
6916	3
6917	1
6918	2
6919	2
6920	2
6921	3
6922	0
6923	2
6924	2
6925	0
6926	2
6927	3
6928	3
6929	2
6930	2
6931	0
6932	2
6933	2
6934	2
6935	2
6936	2
6937	3
6938	2
6939	1
6940	3
6941	2
6942	2
6943	2
6944	1
6945	2
6946	0
6947	3
6948	2
6949	3
6950	2
6951	3
6952	2
6953	2
6954	2
6955	2
6956	2
6957	2
6958	3
6959	2
6960	2
6961	2
6962	2
6963	2
6964	2
6965	2
6966	3
6967	3
6968	2
6969	2
6970	2
6971	0
6972	2
6973	2
6974	1
6975	2
6976	2
6977	3
6978	2
6979	3
6980	3
6981	3
6982	3
6983	2
6984	2
6985	0
6986	2
6987	2
6988	0
6989	0
6990	0
6991	0
6992	2
6993	2
6994	2
6995	2
6996	1
6997	0
6998	2
6999	2
7000	2
7001	2
7002	2
7003	2
7004	2
7005	0
7006	2
7007	2
7008	2
7009	3
7010	2
7011	0
7012	2
7013	2
7014	2
7015	2
7016	0
7017	2
7018	2
7019	2
7020	0
7021	2
7022	2
7023	2
7024	2
7025	3
7026	0
7027	2
7028	2
7029	3
7030	3
7031	2
7032	2
7033	2
7034	2
7035	2
7036	2
7037	3
7038	3
7039	2
7040	2
7041	2
7042	2
7043	0
7044	2
7045	2
7046	2
7047	2
7048	3
7049	0
7050	2
7051	2
7052	3
7053	2
7054	2
7055	2
7056	3
7057	0
7058	2
7059	3
7060	2
7061	2
7062	2
7063	2
7064	2
7065	2
7066	2
7067	2
7068	0
7069	2
7070	2
7071	1
7072	2
7073	2
7074	3
7075	2
7076	3
7077	0
7078	0
7079	3
7080	1
7081	3
7082	2
7083	2
7084	2
7085	3
7086	2
7087	2
7088	0
7089	2
7090	2
7091	2
7092	2
7093	3
7094	2
7095	3
7096	2
7097	0
7098	2
7099	2
7100	3
7101	2
7102	2
7103	2
7104	2
7105	2
7106	2
7107	2
7108	2
7109	2
7110	2
7111	2
7112	3
7113	2
7114	2
7115	2
7116	2
7117	2
7118	2
7119	3
7120	2
7121	2
7122	2
7123	2
7124	2
7125	0
7126	2
7127	2
7128	3
7129	2
7130	2
7131	1
7132	2
7133	2
7134	2
7135	2
7136	3
7137	2
7138	2
7139	2
7140	1
7141	2
7142	1
7143	2
7144	2
7145	2
7146	0
7147	2
7148	1
7149	2
7150	3
7151	2
7152	2
7153	2
7154	2
7155	2
7156	1
7157	2
7158	2
7159	1
7160	1
7161	2
7162	3
7163	1
7164	3
7165	2
7166	3
7167	2
7168	2
7169	2
7170	2
7171	2
7172	2
7173	2
7174	2
7175	2
7176	2
7177	2
7178	3
7179	3
7180	1
7181	1
7182	1
7183	1
7184	2
7185	2
7186	1
7187	2
7188	2
7189	0
7190	2
7191	2
7192	2
7193	2
7194	2
7195	2
7196	2
7197	2
7198	2
7199	2
7200	2
7201	3
7202	2
7203	3
7204	2
7205	2
7206	2
7207	2
7208	2
7209	2
7210	2
7211	2
7212	2
7213	2
7214	1
7215	0
7216	3
7217	2
7218	2
7219	2
7220	2
7221	2
7222	3
7223	2
7224	2
7225	2
7226	2
7227	2
7228	0
7229	2
7230	2
7231	2
7232	2
7233	1
7234	0
7235	2
7236	2
7237	2
7238	2
7239	2
7240	2
7241	2
7242	1
7243	2
7244	2
7245	2
7246	2
7247	2
7248	2
7249	2
7250	2
7251	2
7252	2
7253	3
7254	2
7255	2
7256	2
7257	3
7258	2
7259	2
7260	2
7261	2
7262	0
7263	3
7264	2
7265	3
7266	3
7267	1
7268	0
7269	2
7270	3
7271	2
7272	2
7273	2
7274	0
7275	1
7276	2
7277	2
7278	2
7279	2
7280	2
7281	3
7282	2
7283	3
7284	2
7285	2
7286	0
7287	1
7288	2
7289	2
7290	2
7291	2
7292	2
7293	2
7294	0
7295	2
7296	2
7297	2
7298	2
7299	1
7300	2
7301	2
7302	2
7303	2
7304	2
7305	0
7306	2
7307	1
7308	2
7309	2
7310	0
7311	0
7312	0
7313	2
7314	3
7315	2
7316	2
7317	2
7318	2
7319	3
7320	2
7321	2
7322	2
7323	2
7324	2
7325	3
7326	1
7327	2
7328	2
7329	1
7330	0
7331	2
7332	3
7333	2
7334	2
7335	0
7336	2
7337	2
7338	2
7339	0
7340	3
7341	2
7342	0
7343	2
7344	3
7345	2
7346	3
7347	2
7348	2
7349	2
7350	2
7351	3
7352	2
7353	2
7354	2
7355	3
7356	2
7357	3
7358	3
7359	1
7360	2
7361	0
7362	2
7363	0
7364	2
7365	2
7366	2
7367	2
7368	2
7369	1
7370	2
7371	2
7372	3
7373	2
7374	2
7375	2
7376	2
7377	2
7378	0
7379	2
7380	0
7381	2
7382	2
7383	2
7384	2
7385	2
7386	0
7387	2
7388	2
7389	2
7390	2
7391	1
7392	2
7393	3
7394	2
7395	2
7396	2
7397	3
7398	2
7399	2
7400	2
7401	2
7402	2
7403	2
7404	2
7405	2
7406	3
7407	2
7408	2
7409	2
7410	2
7411	2
7412	2
7413	2
7414	2
7415	0
7416	2
7417	2
7418	2
7419	3
7420	1
7421	2
7422	2
7423	2
7424	2
7425	2
7426	0
7427	2
7428	2
7429	2
7430	2
7431	0
7432	0
7433	3
7434	2
7435	2
7436	2
7437	0
7438	2
7439	2
7440	2
7441	0
7442	2
7443	2
7444	3
7445	2
7446	2
7447	2
7448	2
7449	2
7450	2
7451	2
7452	0
7453	3
7454	2
7455	2
7456	3
7457	3
7458	0
7459	2
7460	2
7461	3
7462	2
7463	2
7464	2
7465	0
7466	2
7467	2
7468	2
7469	3
7470	0
7471	2
7472	3
7473	2
7474	0
7475	2
7476	0
7477	2
7478	3
7479	2
7480	2
7481	3
7482	2
7483	2
7484	2
7485	2
7486	3
7487	0
7488	2
7489	2
7490	2
7491	0
7492	3
7493	2
7494	2
7495	2
7496	2
7497	1
7498	2
7499	2
7500	2
7501	3
7502	3
7503	2
7504	2
7505	2
7506	2
7507	2
7508	2
7509	2
7510	2
7511	3
7512	2
7513	2
7514	2
7515	2
7516	2
7517	2
7518	2
7519	2
7520	2
7521	2
7522	2
7523	0
7524	2
7525	2
7526	2
7527	2
7528	3
7529	2
7530	2
7531	3
7532	0
7533	2
7534	2
7535	2
7536	2
7537	2
7538	2
7539	2
7540	2
7541	1
7542	2
7543	1
7544	2
7545	0
7546	2
7547	1
7548	3
7549	0
7550	2
7551	2
7552	3
7553	2
7554	2
7555	2
7556	2
7557	1
7558	2
7559	3
7560	2
7561	2
7562	2
7563	2
7564	2
7565	2
7566	2
7567	2
7568	2
7569	1
7570	2
7571	2
7572	2
7573	2
7574	2
7575	2
7576	2
7577	3
7578	2
7579	2
7580	2
7581	2
7582	2
7583	2
7584	3
7585	2
7586	2
7587	0
7588	0
7589	2
7590	2
7591	2
7592	2
7593	2
7594	3
7595	2
7596	3
7597	0
7598	2
7599	2
7600	2
7601	2
7602	0
7603	2
7604	2
7605	2
7606	2
7607	2
7608	2
7609	2
7610	2
7611	3
7612	2
7613	2
7614	2
7615	2
7616	2
7617	2
7618	2
7619	3
7620	2
7621	2
7622	1
7623	2
7624	2
7625	2
7626	2
7627	2
7628	2
7629	2
7630	3
7631	2
7632	2
7633	0
7634	2
7635	2
7636	2
7637	1
7638	2
7639	2
7640	2
7641	2
7642	2
7643	2
7644	3
7645	1
7646	2
7647	1
7648	2
7649	2
7650	2
7651	2
7652	3
7653	0
7654	2
7655	3
7656	2
7657	2
7658	2
7659	0
7660	2
7661	2
7662	2
7663	0
7664	2
7665	3
7666	2
7667	2
7668	3
7669	2
7670	2
7671	2
7672	2
7673	2
7674	2
7675	2
7676	2
7677	2
7678	2
7679	2
7680	2
7681	2
7682	1
7683	3
7684	2
7685	2
7686	2
7687	2
7688	3
7689	2
7690	2
7691	2
7692	2
7693	1
7694	2
7695	2
7696	2
7697	2
7698	3
7699	2
7700	3
7701	2
7702	2
7703	2
7704	0
7705	1
7706	2
7707	2
7708	3
7709	2
7710	2
7711	0
7712	0
7713	2
7714	2
7715	3
7716	2
7717	2
7718	3
7719	2
7720	1
7721	0
7722	2
7723	2
7724	2
7725	2
7726	3
7727	1
7728	3
7729	2
7730	2
7731	2
7732	2
7733	2
7734	0
7735	2
7736	3
7737	2
7738	2
7739	2
7740	3
7741	2
7742	0
7743	3
7744	3
7745	0
7746	2
7747	2
7748	2
7749	2
7750	2
7751	2
7752	2
7753	2
7754	3
7755	2
7756	2
7757	0
7758	0
7759	0
7760	3
7761	3
7762	2
7763	2
7764	2
7765	3
7766	2
7767	2
7768	2
7769	2
7770	0
7771	2
7772	2
7773	2
7774	0
7775	2
7776	2
7777	2
7778	2
7779	2
7780	2
7781	0
7782	2
7783	2
7784	2
7785	1
7786	3
7787	2
7788	3
7789	3
7790	0
7791	3
7792	2
7793	2
7794	0
7795	0
7796	3
7797	2
7798	2
7799	0
7800	2
7801	2
7802	2
7803	2
7804	3
7805	2
7806	3
7807	2
7808	3
7809	2
7810	2
7811	1
7812	2
7813	2
7814	3
7815	3
7816	3
7817	2
7818	3
7819	3
7820	2
7821	2
7822	2
7823	2
7824	2
7825	2
7826	2
7827	3
7828	2
7829	2
7830	3
7831	0
7832	2
7833	3
7834	0
7835	2
7836	3
7837	3
7838	2
7839	2
7840	0
7841	2
7842	0
7843	2
7844	2
7845	2
7846	2
7847	2
7848	2
7849	3
7850	3
7851	2
7852	2
7853	0
7854	2
7855	2
7856	2
7857	2
7858	0
7859	2
7860	2
7861	2
7862	2
7863	3
7864	2
7865	2
7866	1
7867	2
7868	2
7869	0
7870	2
7871	2
7872	2
7873	2
7874	2
7875	2
7876	2
7877	2
7878	2
7879	2
7880	0
7881	2
7882	2
7883	3
7884	3
7885	2
7886	2
7887	2
7888	2
7889	2
7890	2
7891	2
7892	2
7893	2
7894	2
7895	2
7896	2
7897	2
7898	2
7899	3
7900	2
7901	2
7902	2
7903	2
7904	2
7905	2
7906	2
7907	2
7908	2
7909	2
7910	3
7911	2
7912	2
7913	2
7914	3
7915	0
7916	2
7917	3
7918	2
7919	3
7920	2
7921	2
7922	0
7923	3
7924	3
7925	2
7926	2
7927	0
7928	2
7929	0
7930	2
7931	0
7932	3
7933	2
7934	0
7935	2
7936	2
7937	3
7938	2
7939	2
7940	2
7941	2
7942	3
7943	2
7944	2
7945	3
7946	0
7947	2
7948	2
7949	1
7950	2
7951	0
7952	3
7953	0
7954	2
7955	0
7956	0
7957	2
7958	2
7959	3
7960	2
7961	3
7962	2
7963	2
7964	2
7965	2
7966	3
7967	2
7968	0
7969	2
7970	2
7971	1
7972	2
7973	2
7974	3
7975	2
7976	2
7977	1
7978	2
7979	2
7980	2
7981	2
7982	3
7983	2
7984	2
7985	2
7986	2
7987	2
7988	2
7989	0
7990	1
7991	3
7992	0
7993	2
7994	2
7995	0
7996	2
7997	2
7998	2
7999	2
8000	2
8001	3
8002	2
8003	2
8004	3
8005	3
8006	2
8007	2
8008	2
8009	2
8010	2
8011	2
8012	1
8013	0
8014	2
8015	2
8016	2
8017	2
8018	2
8019	2
8020	2
8021	0
8022	2
8023	2
8024	2
8025	3
8026	2
8027	2
8028	2
8029	2
8030	2
8031	2
8032	0
8033	2
8034	2
8035	1
8036	2
8037	2
8038	0
8039	2
8040	2
8041	2
8042	2
8043	2
8044	2
8045	2
8046	2
8047	2
8048	1
8049	2
8050	3
8051	2
8052	2
8053	2
8054	3
8055	2
8056	0
8057	2
8058	2
8059	2
8060	2
8061	2
8062	2
8063	2
8064	3
8065	2
8066	2
8067	2
8068	2
8069	2
8070	3
8071	2
8072	0
8073	2
8074	3
8075	2
8076	3
8077	2
8078	2
8079	2
8080	2
8081	0
8082	2
8083	2
8084	3
8085	2
8086	2
8087	2
8088	3
8089	1
8090	2
8091	1
8092	1
8093	2
8094	2
8095	3
8096	3
8097	3
8098	2
8099	2
8100	2
8101	0
8102	1
8103	2
8104	3
8105	3
8106	2
8107	2
8108	2
8109	3
8110	2
8111	2
8112	2
8113	2
8114	2
8115	2
8116	2
8117	2
8118	2
8119	2
8120	0
8121	2
8122	2
8123	2
8124	2
8125	1
8126	2
8127	2
8128	2
8129	2
8130	2
8131	2
8132	2
8133	2
8134	2
8135	2
8136	2
8137	2
8138	0
8139	2
8140	2
8141	2
8142	3
8143	2
8144	2
8145	2
8146	2
8147	2
8148	2
8149	2
8150	2
8151	2
8152	3
8153	2
8154	2
8155	2
8156	2
8157	2
8158	2
8159	2
8160	3
8161	2
8162	2
8163	2
8164	2
8165	2
8166	2
8167	2
8168	3
8169	2
8170	2
8171	2
8172	2
8173	2
8174	2
8175	3
8176	3
8177	2
8178	2
8179	0
8180	3
8181	2
8182	2
8183	2
8184	2
8185	2
8186	3
8187	2
8188	2
8189	2
8190	2
8191	2
