COMMAND
./sim gshare 12 6 ./proj2-traces/gcc_trace.txt
OUTPUT
number of predictions:2000000
number of mispredictions:249123
misprediction rate:   12.46%
FINAL GSHARE CONTENTS
0	0
1	1
2	0
3	0
4	0
5	0
6	3
7	3
8	1
9	3
10	3
11	1
12	3
13	0
14	0
15	0
16	2
17	3
18	3
19	1
20	2
21	3
22	3
23	3
24	0
25	0
26	3
27	0
28	0
29	2
30	0
31	3
32	0
33	0
34	3
35	0
36	1
37	0
38	0
39	0
40	3
41	0
42	3
43	3
44	3
45	0
46	0
47	0
48	3
49	0
50	3
51	0
52	3
53	3
54	0
55	3
56	0
57	2
58	3
59	3
60	2
61	2
62	0
63	0
64	0
65	1
66	3
67	0
68	3
69	2
70	0
71	3
72	0
73	0
74	0
75	0
76	3
77	3
78	3
79	3
80	2
81	0
82	3
83	0
84	0
85	3
86	3
87	0
88	0
89	0
90	3
91	0
92	0
93	0
94	0
95	0
96	0
97	3
98	2
99	3
100	3
101	3
102	0
103	0
104	3
105	3
106	0
107	3
108	3
109	0
110	3
111	3
112	3
113	0
114	3
115	0
116	0
117	3
118	3
119	2
120	0
121	0
122	0
123	0
124	3
125	1
126	0
127	0
128	3
129	0
130	2
131	2
132	3
133	3
134	0
135	0
136	0
137	3
138	2
139	0
140	2
141	0
142	0
143	3
144	0
145	0
146	0
147	3
148	0
149	3
150	0
151	3
152	0
153	2
154	2
155	0
156	0
157	3
158	0
159	2
160	3
161	0
162	3
163	3
164	0
165	0
166	3
167	1
168	3
169	3
170	0
171	2
172	3
173	0
174	0
175	0
176	0
177	0
178	3
179	0
180	0
181	2
182	3
183	3
184	0
185	0
186	3
187	3
188	3
189	1
190	0
191	0
192	3
193	0
194	2
195	3
196	3
197	0
198	3
199	0
200	0
201	0
202	3
203	0
204	3
205	0
206	2
207	0
208	0
209	0
210	3
211	3
212	1
213	3
214	3
215	1
216	3
217	0
218	3
219	3
220	0
221	3
222	3
223	3
224	0
225	2
226	1
227	3
228	0
229	3
230	0
231	3
232	0
233	0
234	2
235	2
236	3
237	2
238	0
239	0
240	0
241	2
242	0
243	3
244	2
245	0
246	0
247	1
248	0
249	3
250	1
251	1
252	3
253	0
254	0
255	0
256	3
257	3
258	3
259	0
260	3
261	3
262	0
263	3
264	0
265	3
266	3
267	3
268	3
269	0
270	0
271	0
272	3
273	0
274	3
275	2
276	0
277	3
278	1
279	2
280	3
281	0
282	3
283	0
284	1
285	3
286	2
287	0
288	2
289	0
290	0
291	3
292	0
293	1
294	0
295	0
296	0
297	0
298	3
299	3
300	3
301	0
302	3
303	2
304	0
305	3
306	3
307	2
308	0
309	3
310	3
311	0
312	0
313	0
314	3
315	0
316	0
317	0
318	1
319	2
320	3
321	3
322	0
323	0
324	3
325	0
326	3
327	0
328	0
329	0
330	0
331	3
332	0
333	0
334	3
335	1
336	0
337	0
338	0
339	3
340	3
341	3
342	2
343	0
344	3
345	2
346	3
347	0
348	3
349	3
350	3
351	3
352	1
353	0
354	0
355	2
356	1
357	3
358	0
359	0
360	0
361	0
362	0
363	3
364	3
365	0
366	0
367	0
368	3
369	0
370	3
371	1
372	3
373	3
374	0
375	3
376	3
377	0
378	0
379	3
380	1
381	0
382	3
383	0
384	1
385	3
386	3
387	0
388	0
389	3
390	0
391	3
392	1
393	0
394	0
395	0
396	3
397	0
398	3
399	3
400	0
401	0
402	3
403	3
404	0
405	3
406	0
407	0
408	3
409	3
410	2
411	0
412	0
413	0
414	0
415	3
416	0
417	3
418	2
419	0
420	3
421	3
422	0
423	1
424	0
425	1
426	0
427	0
428	0
429	0
430	0
431	0
432	3
433	0
434	0
435	0
436	0
437	0
438	1
439	0
440	1
441	0
442	0
443	0
444	3
445	2
446	0
447	0
448	3
449	0
450	0
451	3
452	0
453	3
454	3
455	3
456	0
457	0
458	3
459	0
460	3
461	3
462	3
463	1
464	0
465	2
466	1
467	0
468	0
469	1
470	0
471	0
472	3
473	3
474	0
475	0
476	0
477	3
478	0
479	1
480	3
481	0
482	3
483	1
484	0
485	3
486	0
487	0
488	0
489	1
490	2
491	0
492	3
493	0
494	2
495	0
496	2
497	3
498	0
499	3
500	3
501	1
502	3
503	3
504	0
505	0
506	0
507	0
508	0
509	1
510	0
511	0
512	3
513	1
514	2
515	0
516	0
517	0
518	3
519	0
520	0
521	3
522	0
523	0
524	3
525	3
526	0
527	2
528	1
529	0
530	3
531	0
532	2
533	3
534	0
535	0
536	3
537	2
538	0
539	2
540	0
541	0
542	3
543	3
544	0
545	2
546	1
547	0
548	0
549	0
550	0
551	3
552	0
553	0
554	3
555	3
556	0
557	0
558	3
559	0
560	3
561	0
562	1
563	0
564	3
565	3
566	3
567	3
568	3
569	0
570	0
571	1
572	3
573	3
574	0
575	0
576	2
577	3
578	3
579	0
580	0
581	0
582	3
583	3
584	0
585	3
586	2
587	0
588	2
589	3
590	0
591	0
592	3
593	0
594	0
595	0
596	0
597	3
598	2
599	0
600	3
601	3
602	0
603	3
604	0
605	3
606	0
607	3
608	0
609	3
610	3
611	0
612	0
613	0
614	0
615	3
616	3
617	3
618	0
619	3
620	3
621	3
622	0
623	0
624	3
625	0
626	3
627	3
628	0
629	3
630	0
631	1
632	3
633	3
634	0
635	0
636	0
637	3
638	0
639	0
640	3
641	3
642	3
643	0
644	3
645	3
646	3
647	3
648	0
649	1
650	3
651	3
652	0
653	3
654	3
655	0
656	3
657	0
658	2
659	3
660	3
661	3
662	3
663	2
664	3
665	1
666	1
667	3
668	3
669	0
670	1
671	0
672	3
673	3
674	0
675	0
676	0
677	3
678	0
679	0
680	3
681	3
682	1
683	3
684	3
685	1
686	1
687	0
688	1
689	0
690	1
691	3
692	0
693	3
694	2
695	3
696	0
697	2
698	0
699	0
700	3
701	0
702	0
703	3
704	1
705	0
706	3
707	0
708	3
709	0
710	0
711	1
712	2
713	0
714	3
715	0
716	1
717	3
718	3
719	3
720	3
721	3
722	3
723	3
724	0
725	3
726	3
727	0
728	2
729	0
730	0
731	3
732	3
733	0
734	0
735	3
736	0
737	0
738	1
739	3
740	0
741	3
742	0
743	2
744	3
745	0
746	0
747	3
748	1
749	3
750	3
751	1
752	0
753	0
754	3
755	2
756	0
757	2
758	2
759	3
760	0
761	0
762	0
763	0
764	3
765	3
766	0
767	3
768	3
769	3
770	3
771	0
772	0
773	3
774	3
775	0
776	0
777	3
778	3
779	2
780	3
781	0
782	2
783	2
784	3
785	0
786	3
787	0
788	0
789	2
790	3
791	0
792	3
793	0
794	0
795	0
796	0
797	3
798	0
799	1
800	3
801	1
802	2
803	0
804	3
805	3
806	1
807	3
808	3
809	2
810	0
811	0
812	2
813	3
814	3
815	0
816	0
817	0
818	3
819	2
820	0
821	3
822	3
823	0
824	3
825	0
826	0
827	0
828	0
829	0
830	3
831	3
832	0
833	0
834	0
835	0
836	1
837	0
838	3
839	3
840	3
841	3
842	3
843	0
844	3
845	0
846	0
847	0
848	3
849	3
850	0
851	3
852	0
853	1
854	0
855	3
856	3
857	3
858	3
859	0
860	3
861	0
862	3
863	3
864	0
865	0
866	3
867	0
868	3
869	3
870	0
871	0
872	3
873	0
874	0
875	3
876	3
877	3
878	0
879	3
880	3
881	0
882	0
883	0
884	0
885	3
886	0
887	3
888	0
889	0
890	0
891	0
892	0
893	3
894	1
895	3
896	3
897	3
898	3
899	0
900	0
901	3
902	0
903	0
904	3
905	1
906	2
907	0
908	3
909	0
910	3
911	0
912	2
913	1
914	1
915	3
916	0
917	0
918	0
919	0
920	1
921	0
922	0
923	0
924	0
925	3
926	3
927	1
928	0
929	0
930	3
931	2
932	3
933	1
934	0
935	0
936	2
937	3
938	3
939	3
940	3
941	3
942	3
943	3
944	1
945	2
946	0
947	3
948	2
949	3
950	2
951	0
952	3
953	3
954	0
955	0
956	3
957	0
958	3
959	0
960	0
961	3
962	1
963	2
964	3
965	3
966	0
967	3
968	3
969	3
970	0
971	0
972	3
973	2
974	0
975	0
976	3
977	3
978	0
979	0
980	0
981	3
982	0
983	0
984	0
985	0
986	2
987	3
988	0
989	3
990	0
991	3
992	3
993	0
994	3
995	3
996	0
997	3
998	0
999	2
1000	3
1001	0
1002	0
1003	3
1004	3
1005	0
1006	0
1007	0
1008	3
1009	0
1010	0
1011	1
1012	3
1013	3
1014	3
1015	2
1016	0
1017	0
1018	0
1019	0
1020	3
1021	3
1022	3
1023	0
1024	1
1025	3
1026	3
1027	0
1028	0
1029	0
1030	0
1031	1
1032	0
1033	0
1034	0
1035	3
1036	3
1037	2
1038	3
1039	3
1040	3
1041	0
1042	3
1043	3
1044	0
1045	3
1046	0
1047	3
1048	0
1049	3
1050	3
1051	3
1052	0
1053	3
1054	0
1055	3
1056	0
1057	3
1058	3
1059	1
1060	0
1061	3
1062	0
1063	0
1064	3
1065	3
1066	3
1067	3
1068	3
1069	0
1070	0
1071	0
1072	0
1073	3
1074	3
1075	3
1076	2
1077	0
1078	3
1079	0
1080	3
1081	3
1082	0
1083	3
1084	3
1085	0
1086	3
1087	1
1088	0
1089	3
1090	0
1091	0
1092	3
1093	0
1094	1
1095	3
1096	0
1097	3
1098	1
1099	1
1100	2
1101	3
1102	3
1103	3
1104	0
1105	2
1106	3
1107	3
1108	1
1109	1
1110	3
1111	1
1112	0
1113	0
1114	3
1115	3
1116	0
1117	3
1118	0
1119	3
1120	0
1121	1
1122	0
1123	0
1124	0
1125	1
1126	0
1127	3
1128	0
1129	3
1130	0
1131	3
1132	3
1133	0
1134	3
1135	0
1136	3
1137	3
1138	3
1139	3
1140	0
1141	3
1142	3
1143	1
1144	0
1145	0
1146	0
1147	0
1148	2
1149	0
1150	0
1151	3
1152	3
1153	0
1154	0
1155	3
1156	0
1157	0
1158	0
1159	0
1160	0
1161	3
1162	0
1163	3
1164	0
1165	0
1166	0
1167	0
1168	0
1169	1
1170	0
1171	2
1172	0
1173	2
1174	0
1175	3
1176	0
1177	0
1178	2
1179	3
1180	0
1181	3
1182	0
1183	0
1184	3
1185	0
1186	3
1187	3
1188	0
1189	0
1190	0
1191	3
1192	3
1193	0
1194	0
1195	3
1196	0
1197	1
1198	0
1199	3
1200	0
1201	3
1202	3
1203	3
1204	0
1205	0
1206	3
1207	1
1208	0
1209	0
1210	0
1211	0
1212	0
1213	3
1214	0
1215	3
1216	2
1217	1
1218	3
1219	3
1220	3
1221	0
1222	2
1223	3
1224	2
1225	3
1226	3
1227	3
1228	0
1229	3
1230	0
1231	0
1232	0
1233	1
1234	0
1235	1
1236	1
1237	1
1238	2
1239	0
1240	0
1241	0
1242	1
1243	3
1244	0
1245	3
1246	2
1247	3
1248	0
1249	3
1250	3
1251	2
1252	0
1253	0
1254	0
1255	3
1256	3
1257	1
1258	3
1259	3
1260	0
1261	3
1262	1
1263	1
1264	2
1265	3
1266	0
1267	3
1268	0
1269	0
1270	3
1271	3
1272	3
1273	0
1274	3
1275	3
1276	3
1277	3
1278	0
1279	0
1280	0
1281	2
1282	0
1283	0
1284	0
1285	0
1286	3
1287	3
1288	0
1289	3
1290	3
1291	2
1292	0
1293	3
1294	3
1295	3
1296	1
1297	3
1298	0
1299	0
1300	0
1301	3
1302	3
1303	0
1304	2
1305	2
1306	0
1307	3
1308	0
1309	3
1310	0
1311	3
1312	0
1313	3
1314	1
1315	3
1316	0
1317	3
1318	0
1319	0
1320	0
1321	3
1322	3
1323	2
1324	0
1325	0
1326	3
1327	0
1328	0
1329	3
1330	3
1331	0
1332	3
1333	0
1334	3
1335	0
1336	0
1337	0
1338	1
1339	0
1340	0
1341	0
1342	0
1343	3
1344	0
1345	2
1346	3
1347	0
1348	3
1349	1
1350	0
1351	3
1352	3
1353	3
1354	3
1355	3
1356	3
1357	3
1358	2
1359	0
1360	2
1361	3
1362	0
1363	3
1364	0
1365	3
1366	0
1367	0
1368	0
1369	0
1370	3
1371	2
1372	0
1373	3
1374	2
1375	3
1376	0
1377	3
1378	3
1379	3
1380	3
1381	3
1382	0
1383	0
1384	3
1385	3
1386	3
1387	0
1388	3
1389	1
1390	1
1391	3
1392	3
1393	3
1394	3
1395	2
1396	2
1397	0
1398	3
1399	1
1400	1
1401	0
1402	3
1403	3
1404	1
1405	0
1406	0
1407	0
1408	3
1409	0
1410	0
1411	3
1412	2
1413	3
1414	0
1415	3
1416	3
1417	2
1418	0
1419	0
1420	0
1421	0
1422	2
1423	3
1424	3
1425	0
1426	0
1427	3
1428	0
1429	3
1430	3
1431	0
1432	0
1433	0
1434	1
1435	3
1436	0
1437	3
1438	0
1439	3
1440	3
1441	3
1442	3
1443	2
1444	3
1445	1
1446	0
1447	0
1448	3
1449	0
1450	0
1451	3
1452	2
1453	3
1454	2
1455	2
1456	3
1457	3
1458	3
1459	0
1460	3
1461	1
1462	3
1463	3
1464	0
1465	0
1466	0
1467	3
1468	0
1469	0
1470	3
1471	3
1472	2
1473	3
1474	3
1475	0
1476	0
1477	3
1478	3
1479	0
1480	2
1481	3
1482	1
1483	2
1484	0
1485	1
1486	3
1487	0
1488	2
1489	0
1490	1
1491	1
1492	0
1493	1
1494	0
1495	1
1496	3
1497	0
1498	3
1499	2
1500	3
1501	3
1502	0
1503	3
1504	3
1505	3
1506	2
1507	3
1508	0
1509	0
1510	0
1511	0
1512	0
1513	0
1514	2
1515	3
1516	3
1517	0
1518	3
1519	0
1520	0
1521	3
1522	3
1523	3
1524	3
1525	0
1526	3
1527	0
1528	0
1529	1
1530	0
1531	0
1532	0
1533	0
1534	0
1535	3
1536	3
1537	3
1538	0
1539	2
1540	3
1541	0
1542	3
1543	0
1544	0
1545	3
1546	1
1547	3
1548	0
1549	0
1550	3
1551	0
1552	0
1553	1
1554	0
1555	3
1556	0
1557	1
1558	3
1559	3
1560	3
1561	3
1562	3
1563	0
1564	1
1565	3
1566	0
1567	1
1568	1
1569	0
1570	0
1571	0
1572	3
1573	3
1574	0
1575	2
1576	3
1577	3
1578	3
1579	0
1580	3
1581	0
1582	0
1583	0
1584	3
1585	3
1586	0
1587	3
1588	0
1589	1
1590	2
1591	0
1592	0
1593	1
1594	0
1595	0
1596	3
1597	2
1598	3
1599	3
1600	3
1601	0
1602	3
1603	3
1604	2
1605	0
1606	3
1607	0
1608	0
1609	3
1610	3
1611	0
1612	3
1613	2
1614	1
1615	3
1616	0
1617	0
1618	0
1619	0
1620	0
1621	1
1622	1
1623	0
1624	0
1625	3
1626	0
1627	3
1628	2
1629	3
1630	0
1631	3
1632	0
1633	3
1634	0
1635	0
1636	3
1637	2
1638	0
1639	1
1640	3
1641	3
1642	0
1643	3
1644	0
1645	0
1646	0
1647	0
1648	0
1649	3
1650	3
1651	1
1652	2
1653	0
1654	3
1655	2
1656	0
1657	3
1658	0
1659	3
1660	3
1661	2
1662	3
1663	1
1664	3
1665	3
1666	3
1667	3
1668	3
1669	0
1670	3
1671	0
1672	0
1673	2
1674	3
1675	0
1676	1
1677	2
1678	3
1679	0
1680	0
1681	0
1682	0
1683	0
1684	3
1685	3
1686	0
1687	0
1688	0
1689	0
1690	0
1691	0
1692	3
1693	3
1694	0
1695	1
1696	3
1697	3
1698	0
1699	0
1700	0
1701	3
1702	0
1703	1
1704	3
1705	0
1706	1
1707	0
1708	3
1709	3
1710	2
1711	3
1712	1
1713	2
1714	3
1715	3
1716	0
1717	1
1718	3
1719	0
1720	3
1721	3
1722	1
1723	0
1724	3
1725	3
1726	2
1727	3
1728	3
1729	2
1730	2
1731	2
1732	3
1733	3
1734	0
1735	0
1736	3
1737	3
1738	3
1739	0
1740	2
1741	3
1742	3
1743	3
1744	3
1745	1
1746	0
1747	0
1748	3
1749	0
1750	3
1751	2
1752	0
1753	0
1754	0
1755	3
1756	3
1757	3
1758	0
1759	0
1760	1
1761	3
1762	3
1763	0
1764	0
1765	3
1766	0
1767	3
1768	0
1769	3
1770	0
1771	3
1772	0
1773	0
1774	2
1775	0
1776	1
1777	3
1778	3
1779	2
1780	1
1781	0
1782	0
1783	0
1784	3
1785	0
1786	0
1787	0
1788	0
1789	3
1790	3
1791	3
1792	1
1793	0
1794	2
1795	0
1796	0
1797	0
1798	0
1799	0
1800	3
1801	0
1802	1
1803	0
1804	3
1805	3
1806	3
1807	3
1808	3
1809	2
1810	3
1811	0
1812	0
1813	3
1814	3
1815	0
1816	1
1817	3
1818	3
1819	3
1820	0
1821	3
1822	0
1823	3
1824	0
1825	0
1826	3
1827	0
1828	3
1829	1
1830	0
1831	3
1832	3
1833	2
1834	2
1835	3
1836	3
1837	0
1838	0
1839	0
1840	0
1841	3
1842	0
1843	3
1844	0
1845	0
1846	0
1847	1
1848	0
1849	0
1850	3
1851	3
1852	0
1853	3
1854	0
1855	3
1856	3
1857	0
1858	0
1859	3
1860	0
1861	0
1862	0
1863	1
1864	0
1865	2
1866	3
1867	0
1868	0
1869	3
1870	3
1871	0
1872	0
1873	0
1874	3
1875	0
1876	2
1877	2
1878	3
1879	0
1880	0
1881	3
1882	0
1883	3
1884	1
1885	2
1886	3
1887	3
1888	0
1889	3
1890	1
1891	3
1892	0
1893	0
1894	1
1895	0
1896	0
1897	0
1898	0
1899	0
1900	0
1901	0
1902	0
1903	0
1904	2
1905	1
1906	3
1907	0
1908	3
1909	0
1910	2
1911	3
1912	2
1913	0
1914	3
1915	3
1916	0
1917	3
1918	0
1919	0
1920	1
1921	2
1922	0
1923	1
1924	3
1925	0
1926	0
1927	0
1928	3
1929	3
1930	3
1931	0
1932	0
1933	3
1934	3
1935	0
1936	0
1937	3
1938	0
1939	0
1940	0
1941	3
1942	1
1943	0
1944	3
1945	0
1946	3
1947	3
1948	0
1949	3
1950	0
1951	3
1952	1
1953	0
1954	2
1955	3
1956	0
1957	3
1958	0
1959	0
1960	3
1961	0
1962	3
1963	3
1964	0
1965	3
1966	0
1967	0
1968	2
1969	3
1970	3
1971	3
1972	3
1973	0
1974	0
1975	0
1976	2
1977	3
1978	3
1979	1
1980	3
1981	0
1982	3
1983	2
1984	3
1985	3
1986	0
1987	0
1988	0
1989	3
1990	0
1991	0
1992	0
1993	3
1994	0
1995	1
1996	3
1997	2
1998	3
1999	0
2000	0
2001	2
2002	3
2003	3
2004	0
2005	1
2006	3
2007	0
2008	0
2009	0
2010	3
2011	1
2012	0
2013	3
2014	1
2015	3
2016	3
2017	2
2018	3
2019	3
2020	3
2021	3
2022	0
2023	0
2024	3
2025	0
2026	1
2027	3
2028	3
2029	0
2030	0
2031	3
2032	0
2033	0
2034	2
2035	3
2036	3
2037	0
2038	1
2039	3
2040	2
2041	3
2042	3
2043	2
2044	0
2045	0
2046	1
2047	3
2048	0
2049	0
2050	0
2051	3
2052	1
2053	0
2054	0
2055	3
2056	0
2057	3
2058	0
2059	0
2060	0
2061	3
2062	3
2063	3
2064	0
2065	3
2066	0
2067	0
2068	3
2069	3
2070	3
2071	0
2072	1
2073	3
2074	0
2075	3
2076	0
2077	0
2078	3
2079	0
2080	1
2081	3
2082	2
2083	3
2084	0
2085	3
2086	3
2087	3
2088	3
2089	0
2090	0
2091	0
2092	0
2093	0
2094	0
2095	3
2096	2
2097	0
2098	0
2099	3
2100	1
2101	3
2102	0
2103	0
2104	0
2105	0
2106	0
2107	0
2108	3
2109	2
2110	3
2111	0
2112	0
2113	3
2114	3
2115	3
2116	0
2117	0
2118	0
2119	2
2120	0
2121	0
2122	0
2123	0
2124	3
2125	0
2126	1
2127	3
2128	3
2129	0
2130	3
2131	0
2132	3
2133	3
2134	0
2135	0
2136	0
2137	3
2138	0
2139	0
2140	0
2141	0
2142	3
2143	3
2144	3
2145	0
2146	3
2147	0
2148	0
2149	3
2150	1
2151	0
2152	3
2153	0
2154	0
2155	3
2156	0
2157	3
2158	3
2159	2
2160	0
2161	0
2162	0
2163	2
2164	2
2165	0
2166	1
2167	0
2168	0
2169	0
2170	0
2171	0
2172	0
2173	3
2174	1
2175	0
2176	3
2177	0
2178	0
2179	3
2180	2
2181	3
2182	0
2183	3
2184	0
2185	1
2186	0
2187	3
2188	3
2189	3
2190	0
2191	3
2192	0
2193	0
2194	3
2195	0
2196	3
2197	3
2198	0
2199	0
2200	0
2201	0
2202	0
2203	0
2204	0
2205	0
2206	3
2207	2
2208	0
2209	0
2210	0
2211	1
2212	0
2213	0
2214	0
2215	3
2216	0
2217	0
2218	0
2219	0
2220	3
2221	0
2222	0
2223	2
2224	0
2225	3
2226	3
2227	0
2228	0
2229	3
2230	0
2231	2
2232	3
2233	0
2234	0
2235	0
2236	0
2237	3
2238	3
2239	1
2240	3
2241	2
2242	0
2243	3
2244	0
2245	0
2246	2
2247	3
2248	2
2249	3
2250	0
2251	0
2252	3
2253	0
2254	1
2255	3
2256	0
2257	0
2258	3
2259	0
2260	3
2261	3
2262	0
2263	0
2264	0
2265	0
2266	3
2267	1
2268	0
2269	1
2270	1
2271	0
2272	3
2273	0
2274	3
2275	2
2276	0
2277	0
2278	0
2279	2
2280	1
2281	0
2282	3
2283	0
2284	0
2285	3
2286	3
2287	1
2288	3
2289	0
2290	3
2291	3
2292	0
2293	3
2294	0
2295	0
2296	0
2297	3
2298	0
2299	3
2300	0
2301	3
2302	1
2303	0
2304	0
2305	0
2306	3
2307	0
2308	1
2309	3
2310	0
2311	0
2312	0
2313	0
2314	2
2315	1
2316	3
2317	3
2318	0
2319	3
2320	0
2321	0
2322	0
2323	0
2324	1
2325	3
2326	0
2327	0
2328	0
2329	0
2330	0
2331	0
2332	0
2333	0
2334	3
2335	3
2336	3
2337	3
2338	0
2339	3
2340	0
2341	0
2342	3
2343	0
2344	0
2345	0
2346	0
2347	3
2348	0
2349	3
2350	3
2351	3
2352	0
2353	0
2354	0
2355	3
2356	0
2357	1
2358	3
2359	3
2360	0
2361	0
2362	0
2363	1
2364	0
2365	3
2366	3
2367	0
2368	3
2369	3
2370	2
2371	3
2372	3
2373	3
2374	3
2375	1
2376	2
2377	0
2378	0
2379	0
2380	3
2381	3
2382	3
2383	0
2384	0
2385	2
2386	0
2387	0
2388	3
2389	0
2390	0
2391	0
2392	0
2393	0
2394	0
2395	0
2396	3
2397	0
2398	0
2399	3
2400	2
2401	3
2402	1
2403	2
2404	0
2405	0
2406	0
2407	0
2408	0
2409	0
2410	3
2411	0
2412	3
2413	1
2414	2
2415	3
2416	0
2417	0
2418	3
2419	3
2420	3
2421	0
2422	3
2423	0
2424	1
2425	2
2426	1
2427	3
2428	3
2429	3
2430	3
2431	3
2432	3
2433	2
2434	1
2435	3
2436	1
2437	3
2438	0
2439	0
2440	1
2441	2
2442	0
2443	0
2444	0
2445	3
2446	1
2447	0
2448	0
2449	0
2450	0
2451	0
2452	2
2453	2
2454	0
2455	3
2456	0
2457	3
2458	0
2459	1
2460	0
2461	0
2462	0
2463	3
2464	1
2465	3
2466	0
2467	3
2468	0
2469	3
2470	2
2471	3
2472	3
2473	0
2474	0
2475	0
2476	3
2477	3
2478	0
2479	2
2480	0
2481	1
2482	0
2483	0
2484	0
2485	0
2486	3
2487	0
2488	3
2489	0
2490	1
2491	0
2492	3
2493	3
2494	3
2495	3
2496	3
2497	2
2498	3
2499	3
2500	1
2501	2
2502	0
2503	3
2504	1
2505	0
2506	0
2507	0
2508	0
2509	3
2510	2
2511	3
2512	0
2513	2
2514	0
2515	0
2516	3
2517	0
2518	0
2519	1
2520	2
2521	3
2522	0
2523	0
2524	3
2525	0
2526	0
2527	3
2528	3
2529	3
2530	1
2531	3
2532	0
2533	0
2534	0
2535	0
2536	0
2537	0
2538	3
2539	0
2540	2
2541	2
2542	0
2543	3
2544	0
2545	3
2546	0
2547	0
2548	0
2549	0
2550	2
2551	3
2552	3
2553	0
2554	3
2555	1
2556	3
2557	0
2558	3
2559	0
2560	0
2561	3
2562	0
2563	0
2564	3
2565	2
2566	0
2567	2
2568	1
2569	3
2570	0
2571	0
2572	3
2573	3
2574	0
2575	3
2576	0
2577	3
2578	0
2579	0
2580	0
2581	2
2582	0
2583	3
2584	2
2585	1
2586	1
2587	0
2588	0
2589	0
2590	0
2591	0
2592	3
2593	3
2594	0
2595	2
2596	3
2597	0
2598	3
2599	3
2600	0
2601	3
2602	0
2603	3
2604	3
2605	1
2606	1
2607	2
2608	0
2609	3
2610	3
2611	0
2612	3
2613	2
2614	0
2615	0
2616	3
2617	3
2618	3
2619	0
2620	0
2621	0
2622	0
2623	1
2624	0
2625	3
2626	0
2627	0
2628	1
2629	3
2630	3
2631	0
2632	0
2633	3
2634	1
2635	0
2636	3
2637	3
2638	3
2639	3
2640	0
2641	0
2642	3
2643	0
2644	2
2645	2
2646	0
2647	3
2648	3
2649	0
2650	0
2651	1
2652	0
2653	0
2654	0
2655	0
2656	3
2657	3
2658	0
2659	0
2660	0
2661	3
2662	3
2663	3
2664	2
2665	3
2666	0
2667	3
2668	3
2669	3
2670	0
2671	0
2672	3
2673	3
2674	1
2675	3
2676	0
2677	0
2678	1
2679	1
2680	1
2681	0
2682	0
2683	3
2684	0
2685	3
2686	0
2687	3
2688	3
2689	0
2690	0
2691	0
2692	3
2693	2
2694	3
2695	3
2696	0
2697	0
2698	0
2699	0
2700	1
2701	3
2702	2
2703	3
2704	0
2705	3
2706	2
2707	0
2708	0
2709	2
2710	3
2711	3
2712	1
2713	3
2714	0
2715	0
2716	0
2717	2
2718	0
2719	3
2720	3
2721	3
2722	0
2723	0
2724	3
2725	0
2726	1
2727	3
2728	3
2729	1
2730	2
2731	3
2732	3
2733	2
2734	3
2735	0
2736	0
2737	0
2738	0
2739	1
2740	3
2741	0
2742	3
2743	3
2744	3
2745	3
2746	0
2747	3
2748	0
2749	0
2750	3
2751	3
2752	0
2753	2
2754	0
2755	3
2756	2
2757	3
2758	3
2759	0
2760	0
2761	3
2762	0
2763	3
2764	2
2765	2
2766	3
2767	0
2768	0
2769	0
2770	3
2771	0
2772	0
2773	0
2774	3
2775	3
2776	0
2777	3
2778	0
2779	3
2780	0
2781	3
2782	0
2783	0
2784	0
2785	0
2786	2
2787	0
2788	0
2789	0
2790	2
2791	1
2792	3
2793	1
2794	0
2795	3
2796	0
2797	0
2798	0
2799	3
2800	0
2801	3
2802	0
2803	3
2804	3
2805	0
2806	2
2807	3
2808	2
2809	3
2810	3
2811	0
2812	0
2813	0
2814	3
2815	0
2816	3
2817	0
2818	0
2819	3
2820	0
2821	0
2822	0
2823	0
2824	0
2825	3
2826	0
2827	0
2828	0
2829	1
2830	0
2831	0
2832	0
2833	0
2834	2
2835	0
2836	0
2837	0
2838	1
2839	0
2840	3
2841	3
2842	3
2843	0
2844	0
2845	0
2846	3
2847	0
2848	3
2849	0
2850	0
2851	1
2852	3
2853	3
2854	0
2855	0
2856	0
2857	0
2858	0
2859	0
2860	0
2861	0
2862	1
2863	0
2864	0
2865	0
2866	0
2867	3
2868	0
2869	3
2870	0
2871	1
2872	3
2873	1
2874	0
2875	0
2876	0
2877	0
2878	3
2879	0
2880	3
2881	3
2882	0
2883	3
2884	2
2885	3
2886	3
2887	2
2888	0
2889	3
2890	3
2891	0
2892	3
2893	2
2894	0
2895	2
2896	3
2897	0
2898	0
2899	0
2900	3
2901	1
2902	0
2903	3
2904	3
2905	3
2906	0
2907	0
2908	2
2909	3
2910	0
2911	3
2912	1
2913	3
2914	0
2915	3
2916	1
2917	3
2918	0
2919	0
2920	3
2921	3
2922	0
2923	1
2924	3
2925	1
2926	2
2927	0
2928	2
2929	3
2930	2
2931	0
2932	0
2933	0
2934	0
2935	3
2936	0
2937	3
2938	0
2939	3
2940	0
2941	0
2942	3
2943	2
2944	0
2945	2
2946	0
2947	0
2948	0
2949	0
2950	0
2951	1
2952	3
2953	3
2954	3
2955	0
2956	3
2957	1
2958	2
2959	1
2960	0
2961	1
2962	0
2963	0
2964	0
2965	3
2966	0
2967	3
2968	3
2969	2
2970	3
2971	1
2972	1
2973	0
2974	0
2975	0
2976	0
2977	0
2978	3
2979	1
2980	0
2981	3
2982	0
2983	0
2984	3
2985	3
2986	0
2987	3
2988	0
2989	1
2990	0
2991	0
2992	0
2993	0
2994	0
2995	3
2996	2
2997	0
2998	3
2999	0
3000	3
3001	3
3002	3
3003	3
3004	3
3005	3
3006	3
3007	2
3008	3
3009	2
3010	0
3011	0
3012	1
3013	0
3014	0
3015	3
3016	0
3017	2
3018	0
3019	0
3020	3
3021	0
3022	1
3023	0
3024	1
3025	3
3026	0
3027	3
3028	0
3029	3
3030	3
3031	0
3032	3
3033	3
3034	3
3035	0
3036	0
3037	0
3038	0
3039	3
3040	0
3041	0
3042	0
3043	0
3044	0
3045	3
3046	0
3047	3
3048	3
3049	0
3050	0
3051	3
3052	0
3053	1
3054	1
3055	3
3056	0
3057	1
3058	0
3059	0
3060	3
3061	1
3062	3
3063	2
3064	1
3065	3
3066	1
3067	2
3068	3
3069	1
3070	1
3071	3
3072	0
3073	3
3074	0
3075	0
3076	0
3077	0
3078	3
3079	3
3080	0
3081	2
3082	3
3083	0
3084	3
3085	3
3086	3
3087	0
3088	0
3089	0
3090	0
3091	2
3092	3
3093	0
3094	3
3095	0
3096	3
3097	3
3098	3
3099	3
3100	3
3101	2
3102	0
3103	0
3104	3
3105	3
3106	0
3107	0
3108	0
3109	0
3110	0
3111	3
3112	3
3113	0
3114	0
3115	2
3116	0
3117	0
3118	3
3119	0
3120	0
3121	3
3122	0
3123	2
3124	0
3125	3
3126	0
3127	1
3128	0
3129	0
3130	1
3131	3
3132	0
3133	3
3134	3
3135	3
3136	0
3137	0
3138	0
3139	3
3140	2
3141	0
3142	3
3143	3
3144	3
3145	0
3146	1
3147	3
3148	3
3149	3
3150	3
3151	1
3152	0
3153	0
3154	0
3155	0
3156	0
3157	3
3158	3
3159	0
3160	0
3161	3
3162	3
3163	1
3164	0
3165	1
3166	0
3167	3
3168	2
3169	1
3170	0
3171	0
3172	0
3173	0
3174	1
3175	3
3176	3
3177	0
3178	3
3179	3
3180	3
3181	3
3182	0
3183	3
3184	0
3185	2
3186	0
3187	0
3188	3
3189	1
3190	0
3191	2
3192	0
3193	0
3194	0
3195	1
3196	3
3197	0
3198	3
3199	0
3200	0
3201	3
3202	0
3203	0
3204	3
3205	0
3206	3
3207	3
3208	0
3209	0
3210	0
3211	3
3212	3
3213	3
3214	3
3215	0
3216	0
3217	0
3218	0
3219	3
3220	3
3221	0
3222	3
3223	3
3224	3
3225	3
3226	3
3227	3
3228	3
3229	3
3230	3
3231	0
3232	3
3233	0
3234	0
3235	0
3236	3
3237	0
3238	0
3239	3
3240	3
3241	0
3242	0
3243	2
3244	3
3245	2
3246	3
3247	3
3248	0
3249	0
3250	0
3251	0
3252	3
3253	3
3254	0
3255	3
3256	1
3257	0
3258	3
3259	3
3260	0
3261	2
3262	3
3263	3
3264	0
3265	3
3266	1
3267	3
3268	0
3269	0
3270	3
3271	3
3272	3
3273	1
3274	0
3275	0
3276	0
3277	3
3278	0
3279	0
3280	1
3281	0
3282	0
3283	0
3284	2
3285	3
3286	0
3287	0
3288	3
3289	0
3290	3
3291	3
3292	1
3293	3
3294	1
3295	3
3296	0
3297	3
3298	0
3299	0
3300	0
3301	0
3302	0
3303	3
3304	0
3305	1
3306	2
3307	3
3308	3
3309	0
3310	3
3311	3
3312	0
3313	3
3314	1
3315	1
3316	3
3317	2
3318	0
3319	0
3320	0
3321	0
3322	0
3323	3
3324	1
3325	0
3326	2
3327	0
3328	2
3329	1
3330	0
3331	0
3332	3
3333	1
3334	3
3335	3
3336	3
3337	0
3338	0
3339	3
3340	3
3341	2
3342	3
3343	0
3344	0
3345	3
3346	0
3347	2
3348	3
3349	1
3350	0
3351	0
3352	0
3353	2
3354	2
3355	0
3356	0
3357	3
3358	0
3359	3
3360	3
3361	0
3362	0
3363	0
3364	2
3365	1
3366	3
3367	1
3368	0
3369	0
3370	0
3371	0
3372	3
3373	3
3374	3
3375	3
3376	1
3377	0
3378	0
3379	3
3380	2
3381	0
3382	1
3383	3
3384	2
3385	0
3386	0
3387	0
3388	0
3389	1
3390	0
3391	0
3392	3
3393	2
3394	0
3395	2
3396	3
3397	3
3398	0
3399	0
3400	0
3401	0
3402	3
3403	3
3404	3
3405	3
3406	0
3407	3
3408	0
3409	2
3410	0
3411	3
3412	3
3413	1
3414	3
3415	3
3416	3
3417	1
3418	3
3419	1
3420	3
3421	3
3422	0
3423	3
3424	3
3425	3
3426	0
3427	0
3428	0
3429	1
3430	3
3431	3
3432	3
3433	1
3434	0
3435	0
3436	3
3437	3
3438	3
3439	0
3440	1
3441	0
3442	3
3443	0
3444	3
3445	1
3446	1
3447	0
3448	3
3449	0
3450	0
3451	0
3452	0
3453	3
3454	0
3455	3
3456	2
3457	0
3458	3
3459	3
3460	1
3461	0
3462	1
3463	3
3464	0
3465	1
3466	0
3467	3
3468	3
3469	3
3470	3
3471	0
3472	0
3473	3
3474	0
3475	3
3476	0
3477	2
3478	0
3479	0
3480	0
3481	3
3482	2
3483	0
3484	0
3485	3
3486	0
3487	3
3488	3
3489	0
3490	3
3491	1
3492	0
3493	0
3494	3
3495	1
3496	0
3497	0
3498	0
3499	3
3500	0
3501	3
3502	2
3503	0
3504	3
3505	0
3506	0
3507	3
3508	0
3509	0
3510	3
3511	0
3512	0
3513	0
3514	0
3515	1
3516	0
3517	1
3518	0
3519	3
3520	3
3521	3
3522	2
3523	3
3524	3
3525	0
3526	0
3527	0
3528	3
3529	3
3530	0
3531	1
3532	3
3533	1
3534	3
3535	2
3536	3
3537	0
3538	0
3539	2
3540	3
3541	1
3542	0
3543	3
3544	0
3545	2
3546	3
3547	3
3548	3
3549	3
3550	3
3551	3
3552	1
3553	2
3554	0
3555	0
3556	0
3557	3
3558	3
3559	3
3560	0
3561	3
3562	0
3563	2
3564	0
3565	2
3566	3
3567	1
3568	3
3569	3
3570	3
3571	2
3572	2
3573	0
3574	0
3575	3
3576	3
3577	0
3578	2
3579	0
3580	2
3581	1
3582	0
3583	0
3584	1
3585	3
3586	3
3587	3
3588	3
3589	3
3590	0
3591	3
3592	0
3593	0
3594	0
3595	1
3596	3
3597	3
3598	3
3599	3
3600	0
3601	0
3602	0
3603	0
3604	3
3605	3
3606	3
3607	0
3608	3
3609	0
3610	3
3611	3
3612	3
3613	1
3614	0
3615	3
3616	0
3617	3
3618	3
3619	0
3620	2
3621	3
3622	0
3623	0
3624	0
3625	3
3626	0
3627	3
3628	0
3629	0
3630	2
3631	3
3632	3
3633	3
3634	3
3635	3
3636	2
3637	0
3638	3
3639	0
3640	0
3641	3
3642	0
3643	1
3644	0
3645	0
3646	2
3647	2
3648	0
3649	0
3650	0
3651	3
3652	3
3653	3
3654	0
3655	3
3656	0
3657	0
3658	0
3659	1
3660	3
3661	3
3662	3
3663	0
3664	0
3665	3
3666	0
3667	1
3668	3
3669	3
3670	0
3671	1
3672	0
3673	3
3674	2
3675	3
3676	3
3677	0
3678	3
3679	0
3680	3
3681	3
3682	0
3683	0
3684	0
3685	3
3686	0
3687	3
3688	0
3689	3
3690	0
3691	1
3692	1
3693	1
3694	3
3695	0
3696	3
3697	2
3698	0
3699	0
3700	3
3701	0
3702	0
3703	1
3704	0
3705	0
3706	2
3707	0
3708	0
3709	0
3710	0
3711	3
3712	0
3713	3
3714	0
3715	3
3716	0
3717	3
3718	0
3719	3
3720	0
3721	3
3722	0
3723	0
3724	3
3725	0
3726	2
3727	0
3728	3
3729	0
3730	0
3731	1
3732	2
3733	0
3734	0
3735	3
3736	0
3737	3
3738	3
3739	3
3740	2
3741	0
3742	1
3743	2
3744	3
3745	3
3746	3
3747	0
3748	3
3749	1
3750	0
3751	3
3752	3
3753	3
3754	3
3755	3
3756	3
3757	3
3758	3
3759	0
3760	3
3761	0
3762	3
3763	1
3764	3
3765	3
3766	1
3767	0
3768	3
3769	0
3770	3
3771	0
3772	0
3773	0
3774	0
3775	3
3776	3
3777	3
3778	0
3779	2
3780	0
3781	3
3782	3
3783	3
3784	0
3785	0
3786	0
3787	2
3788	0
3789	0
3790	0
3791	0
3792	3
3793	0
3794	3
3795	3
3796	2
3797	0
3798	0
3799	0
3800	0
3801	3
3802	3
3803	0
3804	0
3805	3
3806	3
3807	1
3808	0
3809	3
3810	0
3811	0
3812	0
3813	3
3814	0
3815	3
3816	3
3817	0
3818	2
3819	1
3820	0
3821	3
3822	2
3823	0
3824	0
3825	0
3826	0
3827	3
3828	2
3829	3
3830	3
3831	3
3832	0
3833	3
3834	3
3835	3
3836	0
3837	3
3838	2
3839	0
3840	0
3841	1
3842	3
3843	3
3844	3
3845	1
3846	3
3847	0
3848	0
3849	3
3850	3
3851	0
3852	0
3853	0
3854	0
3855	0
3856	0
3857	3
3858	3
3859	3
3860	0
3861	0
3862	3
3863	0
3864	3
3865	3
3866	0
3867	3
3868	0
3869	3
3870	0
3871	0
3872	3
3873	0
3874	0
3875	0
3876	0
3877	3
3878	3
3879	0
3880	3
3881	3
3882	0
3883	3
3884	1
3885	0
3886	3
3887	3
3888	2
3889	3
3890	0
3891	2
3892	3
3893	0
3894	3
3895	3
3896	3
3897	3
3898	0
3899	0
3900	0
3901	0
3902	3
3903	3
3904	3
3905	3
3906	1
3907	3
3908	2
3909	1
3910	0
3911	0
3912	0
3913	3
3914	2
3915	3
3916	3
3917	2
3918	1
3919	0
3920	3
3921	0
3922	3
3923	0
3924	3
3925	0
3926	3
3927	0
3928	3
3929	3
3930	3
3931	0
3932	0
3933	2
3934	0
3935	2
3936	3
3937	0
3938	3
3939	0
3940	2
3941	1
3942	0
3943	3
3944	3
3945	0
3946	2
3947	3
3948	3
3949	3
3950	1
3951	0
3952	3
3953	0
3954	0
3955	3
3956	3
3957	0
3958	3
3959	3
3960	1
3961	0
3962	1
3963	1
3964	0
3965	0
3966	0
3967	2
3968	3
3969	3
3970	3
3971	0
3972	3
3973	1
3974	0
3975	3
3976	0
3977	3
3978	3
3979	0
3980	3
3981	3
3982	3
3983	0
3984	3
3985	1
3986	0
3987	2
3988	0
3989	1
3990	0
3991	2
3992	2
3993	3
3994	3
3995	3
3996	3
3997	0
3998	1
3999	3
4000	3
4001	3
4002	0
4003	2
4004	3
4005	2
4006	3
4007	0
4008	0
4009	0
4010	0
4011	3
4012	2
4013	0
4014	0
4015	2
4016	3
4017	3
4018	3
4019	0
4020	2
4021	0
4022	0
4023	0
4024	0
4025	3
4026	3
4027	3
4028	0
4029	3
4030	0
4031	0
4032	0
4033	2
4034	0
4035	1
4036	3
4037	0
4038	3
4039	3
4040	2
4041	1
4042	1
4043	3
4044	3
4045	3
4046	0
4047	1
4048	3
4049	0
4050	3
4051	3
4052	0
4053	0
4054	0
4055	0
4056	3
4057	3
4058	3
4059	0
4060	0
4061	1
4062	0
4063	3
4064	3
4065	0
4066	0
4067	0
4068	0
4069	0
4070	3
4071	0
4072	3
4073	0
4074	3
4075	3
4076	3
4077	0
4078	3
4079	0
4080	2
4081	3
4082	3
4083	0
4084	0
4085	0
4086	0
4087	0
4088	3
4089	3
4090	0
4091	0
4092	0
4093	2
4094	3
4095	3
