COMMAND
./sim gshare 13 4 ./proj2-traces/gcc_trace.txt
OUTPUT
number of predictions:2000000
number of mispredictions:211351
misprediction rate:   10.57%
FINAL GSHARE CONTENTS
0	3
1	3
2	0
3	1
4	3
5	0
6	3
7	0
8	3
9	0
10	2
11	3
12	1
13	3
14	3
15	2
16	1
17	0
18	2
19	0
20	3
21	3
22	3
23	3
24	0
25	0
26	0
27	0
28	0
29	3
30	3
31	0
32	2
33	1
34	1
35	3
36	1
37	0
38	0
39	0
40	0
41	3
42	0
43	0
44	3
45	0
46	3
47	0
48	3
49	2
50	2
51	3
52	3
53	0
54	0
55	3
56	2
57	0
58	0
59	3
60	3
61	0
62	3
63	2
64	0
65	2
66	3
67	0
68	3
69	0
70	1
71	3
72	0
73	0
74	0
75	3
76	0
77	2
78	3
79	0
80	3
81	0
82	0
83	0
84	3
85	3
86	0
87	3
88	0
89	3
90	0
91	0
92	0
93	3
94	2
95	1
96	0
97	3
98	1
99	2
100	3
101	3
102	0
103	3
104	0
105	1
106	3
107	0
108	0
109	0
110	2
111	1
112	1
113	2
114	0
115	3
116	1
117	0
118	3
119	0
120	0
121	1
122	3
123	0
124	2
125	0
126	3
127	3
128	1
129	3
130	3
131	0
132	2
133	2
134	0
135	0
136	0
137	0
138	1
139	3
140	3
141	0
142	3
143	0
144	0
145	2
146	3
147	0
148	3
149	2
150	0
151	3
152	3
153	2
154	1
155	0
156	0
157	3
158	3
159	1
160	3
161	3
162	0
163	2
164	0
165	2
166	0
167	1
168	1
169	3
170	0
171	3
172	3
173	0
174	3
175	0
176	3
177	3
178	3
179	0
180	0
181	0
182	0
183	3
184	0
185	3
186	0
187	3
188	3
189	3
190	3
191	0
192	0
193	3
194	0
195	2
196	0
197	0
198	0
199	0
200	0
201	0
202	0
203	0
204	2
205	3
206	3
207	0
208	3
209	0
210	0
211	0
212	0
213	1
214	1
215	0
216	3
217	0
218	3
219	0
220	3
221	2
222	0
223	3
224	3
225	3
226	2
227	0
228	2
229	3
230	3
231	3
232	3
233	0
234	3
235	3
236	2
237	3
238	0
239	3
240	3
241	0
242	3
243	3
244	3
245	3
246	0
247	0
248	0
249	3
250	0
251	0
252	0
253	0
254	3
255	0
256	0
257	2
258	3
259	0
260	0
261	0
262	0
263	2
264	1
265	3
266	3
267	0
268	3
269	3
270	0
271	3
272	3
273	3
274	1
275	0
276	3
277	3
278	3
279	2
280	0
281	0
282	0
283	3
284	3
285	3
286	0
287	3
288	0
289	3
290	1
291	2
292	0
293	0
294	0
295	0
296	1
297	0
298	3
299	2
300	3
301	2
302	0
303	3
304	2
305	3
306	3
307	2
308	3
309	3
310	0
311	2
312	0
313	3
314	2
315	3
316	2
317	0
318	3
319	3
320	3
321	3
322	2
323	3
324	3
325	2
326	0
327	3
328	0
329	2
330	3
331	2
332	3
333	3
334	3
335	3
336	3
337	3
338	0
339	3
340	0
341	3
342	0
343	1
344	3
345	0
346	3
347	3
348	3
349	3
350	3
351	0
352	0
353	0
354	3
355	3
356	3
357	3
358	3
359	3
360	3
361	3
362	3
363	3
364	2
365	3
366	2
367	0
368	0
369	3
370	3
371	0
372	3
373	0
374	3
375	3
376	1
377	0
378	1
379	0
380	3
381	3
382	3
383	3
384	3
385	3
386	0
387	0
388	3
389	0
390	3
391	1
392	3
393	3
394	1
395	0
396	1
397	3
398	3
399	3
400	2
401	3
402	3
403	0
404	3
405	1
406	0
407	3
408	0
409	0
410	3
411	0
412	1
413	0
414	0
415	0
416	3
417	0
418	2
419	0
420	0
421	0
422	3
423	3
424	3
425	3
426	0
427	0
428	1
429	0
430	3
431	0
432	3
433	3
434	0
435	0
436	0
437	3
438	3
439	3
440	3
441	0
442	2
443	3
444	3
445	3
446	3
447	0
448	0
449	3
450	0
451	0
452	0
453	0
454	0
455	3
456	2
457	0
458	2
459	0
460	0
461	0
462	3
463	3
464	0
465	1
466	3
467	3
468	2
469	0
470	2
471	1
472	0
473	0
474	2
475	0
476	0
477	0
478	0
479	3
480	3
481	3
482	0
483	0
484	0
485	1
486	0
487	2
488	3
489	3
490	0
491	3
492	0
493	3
494	3
495	0
496	3
497	0
498	0
499	0
500	0
501	3
502	0
503	0
504	0
505	0
506	3
507	0
508	3
509	0
510	3
511	3
512	3
513	2
514	1
515	2
516	3
517	2
518	1
519	3
520	0
521	0
522	0
523	0
524	1
525	3
526	3
527	1
528	0
529	3
530	3
531	0
532	1
533	3
534	0
535	3
536	0
537	1
538	3
539	3
540	1
541	3
542	3
543	3
544	2
545	1
546	3
547	3
548	1
549	3
550	3
551	3
552	1
553	0
554	0
555	0
556	3
557	0
558	0
559	0
560	0
561	2
562	3
563	3
564	3
565	0
566	0
567	0
568	3
569	0
570	0
571	0
572	3
573	0
574	1
575	0
576	0
577	3
578	3
579	0
580	3
581	3
582	3
583	0
584	0
585	3
586	3
587	0
588	0
589	3
590	3
591	0
592	3
593	3
594	3
595	0
596	3
597	2
598	0
599	2
600	2
601	3
602	2
603	0
604	3
605	3
606	0
607	3
608	0
609	0
610	0
611	3
612	3
613	1
614	0
615	0
616	0
617	2
618	1
619	3
620	1
621	0
622	3
623	0
624	2
625	3
626	0
627	3
628	3
629	3
630	1
631	0
632	3
633	1
634	3
635	3
636	0
637	3
638	0
639	2
640	3
641	0
642	3
643	0
644	2
645	0
646	3
647	0
648	1
649	1
650	3
651	1
652	0
653	0
654	3
655	3
656	0
657	2
658	0
659	3
660	3
661	2
662	3
663	3
664	1
665	1
666	3
667	3
668	0
669	1
670	3
671	3
672	3
673	0
674	2
675	0
676	3
677	3
678	0
679	0
680	2
681	2
682	3
683	3
684	1
685	0
686	2
687	0
688	3
689	3
690	1
691	0
692	0
693	0
694	2
695	0
696	2
697	0
698	2
699	3
700	3
701	2
702	3
703	2
704	0
705	0
706	3
707	0
708	1
709	0
710	3
711	0
712	0
713	0
714	3
715	1
716	0
717	0
718	3
719	0
720	3
721	0
722	3
723	0
724	0
725	3
726	1
727	2
728	0
729	3
730	3
731	0
732	3
733	3
734	0
735	0
736	3
737	3
738	3
739	0
740	0
741	2
742	2
743	0
744	1
745	0
746	3
747	0
748	0
749	3
750	3
751	0
752	1
753	2
754	3
755	3
756	0
757	0
758	3
759	0
760	0
761	3
762	3
763	1
764	3
765	0
766	3
767	2
768	2
769	1
770	3
771	3
772	0
773	0
774	3
775	0
776	3
777	3
778	0
779	3
780	0
781	3
782	0
783	0
784	3
785	3
786	0
787	3
788	2
789	3
790	0
791	0
792	0
793	0
794	0
795	0
796	1
797	3
798	0
799	1
800	2
801	3
802	3
803	0
804	2
805	3
806	3
807	3
808	3
809	3
810	2
811	0
812	3
813	2
814	0
815	3
816	0
817	3
818	1
819	0
820	3
821	3
822	0
823	1
824	3
825	2
826	2
827	3
828	1
829	2
830	3
831	0
832	3
833	3
834	3
835	2
836	0
837	3
838	0
839	2
840	0
841	3
842	3
843	0
844	3
845	3
846	2
847	3
848	2
849	0
850	0
851	2
852	3
853	3
854	0
855	2
856	0
857	0
858	3
859	0
860	1
861	3
862	3
863	0
864	0
865	0
866	1
867	0
868	0
869	3
870	0
871	3
872	3
873	3
874	3
875	3
876	3
877	0
878	0
879	2
880	0
881	3
882	3
883	3
884	1
885	0
886	1
887	1
888	1
889	2
890	2
891	3
892	1
893	3
894	2
895	2
896	0
897	0
898	0
899	3
900	2
901	0
902	0
903	0
904	0
905	3
906	2
907	0
908	0
909	3
910	3
911	3
912	0
913	3
914	0
915	0
916	2
917	3
918	2
919	2
920	3
921	0
922	3
923	3
924	3
925	0
926	0
927	0
928	0
929	0
930	3
931	3
932	0
933	0
934	0
935	2
936	0
937	3
938	0
939	3
940	3
941	0
942	3
943	2
944	3
945	0
946	0
947	1
948	3
949	3
950	3
951	1
952	3
953	0
954	3
955	0
956	1
957	3
958	3
959	1
960	3
961	2
962	2
963	3
964	0
965	1
966	3
967	3
968	2
969	0
970	3
971	3
972	0
973	3
974	3
975	0
976	3
977	2
978	2
979	0
980	2
981	3
982	2
983	3
984	2
985	0
986	2
987	3
988	3
989	3
990	3
991	3
992	1
993	0
994	0
995	0
996	0
997	0
998	0
999	0
1000	3
1001	2
1002	0
1003	3
1004	0
1005	3
1006	3
1007	3
1008	3
1009	3
1010	3
1011	0
1012	3
1013	1
1014	0
1015	3
1016	0
1017	0
1018	0
1019	2
1020	0
1021	0
1022	3
1023	0
1024	3
1025	3
1026	0
1027	1
1028	3
1029	0
1030	3
1031	0
1032	1
1033	1
1034	3
1035	0
1036	3
1037	0
1038	3
1039	3
1040	0
1041	0
1042	0
1043	0
1044	3
1045	3
1046	0
1047	1
1048	3
1049	0
1050	2
1051	3
1052	1
1053	3
1054	1
1055	1
1056	0
1057	0
1058	3
1059	0
1060	2
1061	0
1062	0
1063	2
1064	2
1065	0
1066	0
1067	0
1068	3
1069	0
1070	3
1071	0
1072	0
1073	0
1074	3
1075	3
1076	3
1077	3
1078	3
1079	0
1080	0
1081	3
1082	2
1083	0
1084	3
1085	3
1086	2
1087	2
1088	0
1089	1
1090	0
1091	2
1092	0
1093	0
1094	1
1095	0
1096	0
1097	3
1098	0
1099	3
1100	3
1101	0
1102	3
1103	0
1104	3
1105	0
1106	0
1107	0
1108	0
1109	0
1110	3
1111	3
1112	0
1113	3
1114	0
1115	0
1116	0
1117	0
1118	3
1119	2
1120	1
1121	3
1122	3
1123	0
1124	3
1125	0
1126	0
1127	3
1128	0
1129	3
1130	1
1131	3
1132	3
1133	3
1134	0
1135	0
1136	3
1137	2
1138	0
1139	0
1140	3
1141	0
1142	0
1143	0
1144	0
1145	0
1146	3
1147	0
1148	0
1149	3
1150	3
1151	3
1152	3
1153	3
1154	3
1155	2
1156	3
1157	0
1158	2
1159	3
1160	0
1161	3
1162	3
1163	0
1164	0
1165	0
1166	3
1167	0
1168	3
1169	0
1170	3
1171	3
1172	1
1173	1
1174	0
1175	0
1176	0
1177	1
1178	3
1179	0
1180	0
1181	0
1182	2
1183	3
1184	2
1185	0
1186	0
1187	3
1188	0
1189	3
1190	3
1191	0
1192	3
1193	3
1194	2
1195	2
1196	3
1197	3
1198	3
1199	0
1200	0
1201	0
1202	0
1203	3
1204	0
1205	0
1206	3
1207	3
1208	0
1209	0
1210	0
1211	1
1212	2
1213	3
1214	1
1215	3
1216	3
1217	3
1218	2
1219	0
1220	1
1221	0
1222	0
1223	0
1224	0
1225	0
1226	0
1227	0
1228	3
1229	1
1230	2
1231	3
1232	3
1233	0
1234	3
1235	3
1236	0
1237	1
1238	0
1239	3
1240	0
1241	3
1242	3
1243	3
1244	1
1245	2
1246	0
1247	3
1248	3
1249	0
1250	2
1251	0
1252	0
1253	3
1254	0
1255	2
1256	3
1257	2
1258	3
1259	2
1260	2
1261	0
1262	0
1263	3
1264	0
1265	0
1266	0
1267	3
1268	0
1269	0
1270	2
1271	0
1272	3
1273	2
1274	1
1275	2
1276	3
1277	0
1278	3
1279	1
1280	0
1281	0
1282	2
1283	1
1284	0
1285	0
1286	3
1287	3
1288	3
1289	3
1290	0
1291	3
1292	0
1293	0
1294	3
1295	0
1296	3
1297	3
1298	0
1299	3
1300	3
1301	3
1302	3
1303	3
1304	0
1305	3
1306	0
1307	0
1308	0
1309	3
1310	0
1311	3
1312	3
1313	3
1314	3
1315	3
1316	0
1317	3
1318	0
1319	0
1320	0
1321	1
1322	2
1323	2
1324	0
1325	3
1326	0
1327	0
1328	3
1329	3
1330	3
1331	3
1332	3
1333	0
1334	2
1335	0
1336	0
1337	3
1338	3
1339	3
1340	2
1341	1
1342	2
1343	3
1344	2
1345	2
1346	0
1347	3
1348	0
1349	3
1350	0
1351	0
1352	3
1353	0
1354	1
1355	0
1356	3
1357	2
1358	0
1359	3
1360	0
1361	3
1362	0
1363	0
1364	3
1365	3
1366	0
1367	3
1368	3
1369	0
1370	2
1371	3
1372	1
1373	3
1374	0
1375	0
1376	1
1377	0
1378	2
1379	0
1380	0
1381	2
1382	0
1383	0
1384	1
1385	3
1386	3
1387	3
1388	1
1389	0
1390	0
1391	0
1392	0
1393	3
1394	1
1395	2
1396	3
1397	0
1398	0
1399	3
1400	3
1401	1
1402	3
1403	0
1404	2
1405	3
1406	2
1407	0
1408	3
1409	2
1410	0
1411	0
1412	1
1413	3
1414	0
1415	0
1416	3
1417	0
1418	2
1419	0
1420	3
1421	3
1422	3
1423	3
1424	0
1425	0
1426	2
1427	3
1428	1
1429	3
1430	3
1431	2
1432	2
1433	0
1434	0
1435	2
1436	3
1437	0
1438	1
1439	1
1440	3
1441	0
1442	3
1443	0
1444	1
1445	0
1446	0
1447	1
1448	3
1449	3
1450	0
1451	3
1452	0
1453	0
1454	3
1455	3
1456	1
1457	0
1458	1
1459	3
1460	0
1461	3
1462	2
1463	3
1464	2
1465	3
1466	0
1467	0
1468	3
1469	3
1470	3
1471	1
1472	3
1473	1
1474	0
1475	3
1476	0
1477	0
1478	0
1479	0
1480	0
1481	0
1482	3
1483	1
1484	0
1485	3
1486	3
1487	3
1488	0
1489	3
1490	0
1491	0
1492	3
1493	1
1494	3
1495	0
1496	2
1497	1
1498	3
1499	0
1500	1
1501	3
1502	2
1503	3
1504	3
1505	3
1506	2
1507	0
1508	0
1509	3
1510	0
1511	0
1512	2
1513	0
1514	2
1515	3
1516	3
1517	3
1518	1
1519	2
1520	3
1521	3
1522	0
1523	3
1524	0
1525	0
1526	0
1527	0
1528	0
1529	3
1530	3
1531	3
1532	0
1533	0
1534	3
1535	0
1536	3
1537	1
1538	0
1539	3
1540	3
1541	0
1542	3
1543	2
1544	3
1545	3
1546	0
1547	1
1548	3
1549	3
1550	3
1551	0
1552	0
1553	0
1554	0
1555	0
1556	3
1557	3
1558	2
1559	0
1560	0
1561	0
1562	0
1563	3
1564	0
1565	0
1566	3
1567	3
1568	0
1569	0
1570	3
1571	1
1572	3
1573	3
1574	0
1575	3
1576	0
1577	0
1578	0
1579	3
1580	0
1581	2
1582	0
1583	2
1584	1
1585	1
1586	3
1587	3
1588	3
1589	0
1590	2
1591	0
1592	2
1593	2
1594	0
1595	3
1596	0
1597	0
1598	0
1599	2
1600	0
1601	0
1602	0
1603	0
1604	0
1605	2
1606	3
1607	0
1608	3
1609	3
1610	0
1611	3
1612	0
1613	0
1614	2
1615	1
1616	0
1617	3
1618	0
1619	0
1620	0
1621	0
1622	3
1623	0
1624	0
1625	0
1626	0
1627	2
1628	3
1629	0
1630	0
1631	0
1632	0
1633	2
1634	2
1635	3
1636	3
1637	2
1638	2
1639	2
1640	0
1641	3
1642	0
1643	3
1644	3
1645	2
1646	2
1647	0
1648	3
1649	3
1650	3
1651	0
1652	3
1653	3
1654	3
1655	3
1656	0
1657	0
1658	0
1659	0
1660	0
1661	3
1662	2
1663	3
1664	3
1665	2
1666	3
1667	0
1668	1
1669	0
1670	0
1671	0
1672	0
1673	0
1674	3
1675	0
1676	0
1677	0
1678	3
1679	0
1680	3
1681	1
1682	1
1683	3
1684	0
1685	3
1686	2
1687	3
1688	0
1689	2
1690	0
1691	0
1692	0
1693	3
1694	2
1695	3
1696	1
1697	2
1698	0
1699	3
1700	0
1701	3
1702	2
1703	3
1704	3
1705	0
1706	3
1707	3
1708	3
1709	3
1710	3
1711	0
1712	3
1713	0
1714	1
1715	0
1716	0
1717	0
1718	3
1719	0
1720	0
1721	3
1722	1
1723	3
1724	0
1725	3
1726	3
1727	0
1728	0
1729	3
1730	0
1731	3
1732	1
1733	0
1734	3
1735	3
1736	1
1737	0
1738	0
1739	0
1740	0
1741	1
1742	1
1743	0
1744	0
1745	0
1746	0
1747	3
1748	3
1749	0
1750	0
1751	0
1752	3
1753	1
1754	3
1755	0
1756	0
1757	3
1758	0
1759	0
1760	0
1761	0
1762	1
1763	0
1764	3
1765	3
1766	3
1767	3
1768	3
1769	3
1770	0
1771	0
1772	2
1773	0
1774	2
1775	0
1776	0
1777	1
1778	2
1779	3
1780	0
1781	0
1782	0
1783	3
1784	3
1785	0
1786	2
1787	3
1788	2
1789	0
1790	3
1791	3
1792	2
1793	1
1794	3
1795	2
1796	0
1797	0
1798	3
1799	3
1800	2
1801	3
1802	1
1803	3
1804	3
1805	3
1806	0
1807	1
1808	1
1809	3
1810	0
1811	3
1812	3
1813	3
1814	3
1815	0
1816	0
1817	3
1818	3
1819	3
1820	0
1821	3
1822	0
1823	2
1824	3
1825	0
1826	3
1827	3
1828	0
1829	3
1830	0
1831	0
1832	0
1833	3
1834	3
1835	0
1836	0
1837	0
1838	0
1839	3
1840	3
1841	3
1842	3
1843	2
1844	0
1845	0
1846	0
1847	0
1848	0
1849	3
1850	0
1851	0
1852	2
1853	0
1854	0
1855	0
1856	0
1857	2
1858	2
1859	0
1860	0
1861	3
1862	0
1863	3
1864	3
1865	0
1866	0
1867	1
1868	3
1869	3
1870	3
1871	0
1872	0
1873	3
1874	1
1875	2
1876	3
1877	3
1878	3
1879	3
1880	0
1881	0
1882	0
1883	0
1884	0
1885	3
1886	0
1887	0
1888	0
1889	1
1890	0
1891	3
1892	0
1893	3
1894	3
1895	0
1896	1
1897	3
1898	3
1899	3
1900	3
1901	0
1902	0
1903	3
1904	3
1905	1
1906	3
1907	0
1908	3
1909	3
1910	0
1911	0
1912	2
1913	0
1914	3
1915	1
1916	3
1917	2
1918	3
1919	0
1920	3
1921	0
1922	0
1923	0
1924	0
1925	3
1926	3
1927	0
1928	3
1929	3
1930	0
1931	0
1932	3
1933	1
1934	2
1935	0
1936	3
1937	3
1938	2
1939	0
1940	3
1941	3
1942	3
1943	3
1944	3
1945	3
1946	0
1947	0
1948	1
1949	1
1950	0
1951	0
1952	0
1953	0
1954	3
1955	0
1956	3
1957	3
1958	0
1959	1
1960	3
1961	0
1962	1
1963	2
1964	0
1965	0
1966	3
1967	1
1968	3
1969	0
1970	0
1971	3
1972	0
1973	2
1974	1
1975	3
1976	2
1977	2
1978	3
1979	0
1980	2
1981	0
1982	2
1983	3
1984	3
1985	0
1986	2
1987	1
1988	3
1989	3
1990	3
1991	0
1992	3
1993	0
1994	0
1995	0
1996	0
1997	0
1998	0
1999	3
2000	0
2001	2
2002	3
2003	3
2004	0
2005	3
2006	3
2007	0
2008	3
2009	0
2010	1
2011	3
2012	3
2013	3
2014	0
2015	3
2016	3
2017	0
2018	0
2019	0
2020	0
2021	0
2022	0
2023	0
2024	3
2025	0
2026	0
2027	3
2028	0
2029	3
2030	1
2031	3
2032	1
2033	3
2034	0
2035	0
2036	2
2037	0
2038	0
2039	0
2040	2
2041	1
2042	0
2043	0
2044	0
2045	3
2046	3
2047	2
2048	0
2049	3
2050	0
2051	0
2052	3
2053	3
2054	3
2055	1
2056	3
2057	0
2058	3
2059	0
2060	0
2061	0
2062	3
2063	2
2064	0
2065	0
2066	3
2067	3
2068	3
2069	2
2070	3
2071	1
2072	0
2073	3
2074	2
2075	3
2076	3
2077	3
2078	3
2079	3
2080	3
2081	1
2082	0
2083	0
2084	3
2085	3
2086	3
2087	2
2088	0
2089	0
2090	0
2091	3
2092	0
2093	0
2094	2
2095	0
2096	3
2097	0
2098	0
2099	0
2100	3
2101	3
2102	0
2103	1
2104	3
2105	0
2106	3
2107	3
2108	0
2109	0
2110	3
2111	3
2112	0
2113	3
2114	0
2115	0
2116	3
2117	0
2118	0
2119	0
2120	0
2121	2
2122	0
2123	3
2124	0
2125	2
2126	3
2127	0
2128	0
2129	3
2130	0
2131	1
2132	3
2133	0
2134	3
2135	1
2136	0
2137	0
2138	2
2139	1
2140	0
2141	3
2142	3
2143	3
2144	1
2145	3
2146	1
2147	2
2148	0
2149	0
2150	2
2151	0
2152	0
2153	3
2154	0
2155	3
2156	3
2157	3
2158	3
2159	3
2160	2
2161	0
2162	3
2163	3
2164	3
2165	0
2166	3
2167	0
2168	1
2169	2
2170	0
2171	3
2172	0
2173	3
2174	3
2175	3
2176	2
2177	3
2178	1
2179	2
2180	0
2181	1
2182	2
2183	3
2184	0
2185	3
2186	0
2187	3
2188	3
2189	3
2190	3
2191	3
2192	2
2193	3
2194	0
2195	0
2196	3
2197	3
2198	2
2199	1
2200	3
2201	0
2202	3
2203	3
2204	0
2205	3
2206	3
2207	0
2208	0
2209	0
2210	2
2211	0
2212	0
2213	0
2214	3
2215	0
2216	3
2217	0
2218	3
2219	3
2220	3
2221	2
2222	3
2223	1
2224	3
2225	3
2226	0
2227	2
2228	3
2229	3
2230	3
2231	3
2232	3
2233	2
2234	0
2235	0
2236	3
2237	3
2238	3
2239	0
2240	0
2241	1
2242	3
2243	3
2244	2
2245	2
2246	0
2247	2
2248	0
2249	3
2250	0
2251	3
2252	3
2253	0
2254	0
2255	0
2256	3
2257	3
2258	3
2259	0
2260	0
2261	0
2262	0
2263	0
2264	0
2265	0
2266	3
2267	0
2268	3
2269	0
2270	0
2271	3
2272	0
2273	0
2274	0
2275	1
2276	1
2277	0
2278	3
2279	2
2280	3
2281	1
2282	0
2283	2
2284	0
2285	3
2286	0
2287	0
2288	0
2289	0
2290	0
2291	0
2292	0
2293	1
2294	3
2295	0
2296	2
2297	3
2298	1
2299	3
2300	2
2301	1
2302	3
2303	2
2304	0
2305	2
2306	3
2307	0
2308	0
2309	0
2310	2
2311	0
2312	0
2313	3
2314	1
2315	3
2316	0
2317	0
2318	0
2319	1
2320	3
2321	2
2322	2
2323	0
2324	2
2325	2
2326	0
2327	0
2328	0
2329	0
2330	0
2331	3
2332	0
2333	3
2334	0
2335	3
2336	3
2337	3
2338	2
2339	3
2340	3
2341	0
2342	0
2343	3
2344	1
2345	0
2346	0
2347	3
2348	3
2349	2
2350	0
2351	3
2352	0
2353	3
2354	0
2355	0
2356	0
2357	0
2358	0
2359	0
2360	3
2361	0
2362	0
2363	0
2364	0
2365	0
2366	0
2367	0
2368	2
2369	3
2370	1
2371	0
2372	0
2373	0
2374	0
2375	2
2376	1
2377	0
2378	0
2379	2
2380	3
2381	0
2382	0
2383	0
2384	1
2385	0
2386	1
2387	2
2388	0
2389	3
2390	0
2391	3
2392	0
2393	0
2394	3
2395	1
2396	3
2397	3
2398	0
2399	0
2400	0
2401	2
2402	3
2403	3
2404	1
2405	3
2406	0
2407	0
2408	1
2409	0
2410	3
2411	3
2412	0
2413	1
2414	3
2415	0
2416	2
2417	3
2418	3
2419	3
2420	2
2421	3
2422	0
2423	3
2424	3
2425	0
2426	0
2427	0
2428	3
2429	3
2430	3
2431	3
2432	0
2433	0
2434	3
2435	2
2436	3
2437	0
2438	3
2439	0
2440	0
2441	0
2442	0
2443	3
2444	0
2445	1
2446	0
2447	0
2448	0
2449	0
2450	3
2451	0
2452	1
2453	0
2454	2
2455	0
2456	1
2457	0
2458	3
2459	3
2460	3
2461	1
2462	0
2463	0
2464	0
2465	3
2466	0
2467	0
2468	0
2469	0
2470	0
2471	0
2472	3
2473	3
2474	0
2475	0
2476	0
2477	0
2478	3
2479	3
2480	0
2481	0
2482	0
2483	0
2484	0
2485	3
2486	3
2487	0
2488	2
2489	0
2490	0
2491	3
2492	0
2493	2
2494	0
2495	3
2496	3
2497	0
2498	0
2499	3
2500	2
2501	0
2502	3
2503	3
2504	0
2505	0
2506	0
2507	1
2508	3
2509	3
2510	3
2511	2
2512	0
2513	3
2514	0
2515	3
2516	3
2517	3
2518	0
2519	0
2520	2
2521	0
2522	3
2523	0
2524	2
2525	3
2526	0
2527	3
2528	2
2529	0
2530	1
2531	0
2532	0
2533	3
2534	0
2535	0
2536	2
2537	0
2538	3
2539	3
2540	0
2541	3
2542	3
2543	0
2544	2
2545	3
2546	3
2547	3
2548	3
2549	3
2550	2
2551	3
2552	0
2553	3
2554	0
2555	3
2556	2
2557	3
2558	3
2559	3
2560	1
2561	3
2562	0
2563	2
2564	3
2565	1
2566	3
2567	0
2568	3
2569	0
2570	2
2571	3
2572	0
2573	3
2574	3
2575	2
2576	0
2577	0
2578	2
2579	3
2580	0
2581	1
2582	3
2583	0
2584	1
2585	3
2586	2
2587	3
2588	3
2589	0
2590	3
2591	3
2592	0
2593	0
2594	2
2595	0
2596	3
2597	3
2598	0
2599	0
2600	3
2601	2
2602	0
2603	0
2604	1
2605	0
2606	3
2607	0
2608	0
2609	0
2610	1
2611	1
2612	3
2613	3
2614	0
2615	1
2616	0
2617	0
2618	2
2619	2
2620	0
2621	2
2622	0
2623	3
2624	0
2625	0
2626	0
2627	0
2628	3
2629	0
2630	3
2631	3
2632	0
2633	0
2634	2
2635	2
2636	0
2637	3
2638	2
2639	3
2640	2
2641	2
2642	3
2643	2
2644	0
2645	0
2646	0
2647	3
2648	0
2649	0
2650	0
2651	3
2652	0
2653	3
2654	2
2655	0
2656	0
2657	2
2658	3
2659	0
2660	3
2661	3
2662	0
2663	0
2664	0
2665	3
2666	3
2667	0
2668	3
2669	1
2670	3
2671	0
2672	2
2673	0
2674	3
2675	3
2676	1
2677	1
2678	0
2679	0
2680	2
2681	0
2682	3
2683	1
2684	0
2685	3
2686	0
2687	0
2688	2
2689	0
2690	0
2691	3
2692	3
2693	0
2694	3
2695	1
2696	0
2697	0
2698	3
2699	3
2700	0
2701	1
2702	3
2703	3
2704	2
2705	2
2706	3
2707	0
2708	0
2709	0
2710	0
2711	0
2712	0
2713	1
2714	0
2715	3
2716	0
2717	3
2718	3
2719	1
2720	3
2721	0
2722	2
2723	0
2724	0
2725	3
2726	3
2727	3
2728	3
2729	3
2730	3
2731	3
2732	3
2733	1
2734	3
2735	0
2736	3
2737	1
2738	1
2739	3
2740	0
2741	2
2742	0
2743	3
2744	0
2745	0
2746	2
2747	0
2748	0
2749	3
2750	3
2751	0
2752	3
2753	3
2754	1
2755	2
2756	3
2757	0
2758	0
2759	3
2760	0
2761	3
2762	0
2763	1
2764	3
2765	2
2766	0
2767	3
2768	0
2769	1
2770	3
2771	3
2772	1
2773	0
2774	3
2775	3
2776	3
2777	2
2778	0
2779	1
2780	3
2781	0
2782	0
2783	3
2784	1
2785	3
2786	3
2787	3
2788	3
2789	2
2790	3
2791	0
2792	3
2793	3
2794	0
2795	3
2796	0
2797	3
2798	0
2799	0
2800	0
2801	0
2802	0
2803	3
2804	0
2805	0
2806	0
2807	1
2808	2
2809	2
2810	3
2811	3
2812	1
2813	0
2814	3
2815	3
2816	2
2817	0
2818	3
2819	0
2820	0
2821	0
2822	3
2823	0
2824	2
2825	3
2826	1
2827	0
2828	0
2829	0
2830	3
2831	0
2832	0
2833	0
2834	3
2835	0
2836	3
2837	3
2838	3
2839	3
2840	0
2841	0
2842	2
2843	0
2844	0
2845	2
2846	0
2847	0
2848	0
2849	0
2850	3
2851	3
2852	3
2853	0
2854	0
2855	3
2856	3
2857	3
2858	0
2859	3
2860	2
2861	0
2862	0
2863	0
2864	0
2865	3
2866	0
2867	3
2868	2
2869	3
2870	2
2871	3
2872	2
2873	0
2874	2
2875	3
2876	2
2877	2
2878	3
2879	0
2880	0
2881	0
2882	0
2883	3
2884	3
2885	0
2886	3
2887	1
2888	3
2889	0
2890	0
2891	0
2892	3
2893	0
2894	0
2895	0
2896	0
2897	1
2898	0
2899	0
2900	0
2901	3
2902	0
2903	1
2904	0
2905	0
2906	0
2907	3
2908	1
2909	2
2910	0
2911	0
2912	0
2913	3
2914	3
2915	3
2916	0
2917	0
2918	0
2919	0
2920	3
2921	0
2922	0
2923	3
2924	3
2925	3
2926	2
2927	0
2928	0
2929	3
2930	0
2931	3
2932	1
2933	0
2934	2
2935	0
2936	3
2937	0
2938	2
2939	1
2940	0
2941	1
2942	3
2943	0
2944	0
2945	0
2946	3
2947	0
2948	2
2949	1
2950	2
2951	2
2952	0
2953	3
2954	3
2955	3
2956	0
2957	0
2958	0
2959	0
2960	3
2961	2
2962	3
2963	0
2964	0
2965	2
2966	0
2967	0
2968	3
2969	0
2970	0
2971	0
2972	0
2973	0
2974	3
2975	0
2976	0
2977	1
2978	3
2979	0
2980	0
2981	0
2982	0
2983	0
2984	2
2985	3
2986	0
2987	0
2988	0
2989	0
2990	3
2991	0
2992	3
2993	3
2994	0
2995	1
2996	0
2997	0
2998	3
2999	2
3000	2
3001	3
3002	2
3003	0
3004	0
3005	0
3006	3
3007	3
3008	1
3009	2
3010	2
3011	0
3012	1
3013	2
3014	0
3015	1
3016	0
3017	0
3018	3
3019	3
3020	3
3021	2
3022	3
3023	1
3024	0
3025	0
3026	3
3027	0
3028	0
3029	2
3030	0
3031	0
3032	2
3033	3
3034	3
3035	3
3036	3
3037	3
3038	1
3039	3
3040	3
3041	0
3042	3
3043	0
3044	0
3045	3
3046	0
3047	0
3048	3
3049	0
3050	0
3051	3
3052	0
3053	3
3054	0
3055	0
3056	2
3057	3
3058	0
3059	3
3060	3
3061	0
3062	3
3063	3
3064	1
3065	3
3066	0
3067	3
3068	3
3069	3
3070	3
3071	3
3072	3
3073	0
3074	0
3075	3
3076	0
3077	0
3078	3
3079	0
3080	3
3081	0
3082	0
3083	0
3084	1
3085	3
3086	3
3087	0
3088	0
3089	3
3090	3
3091	3
3092	3
3093	3
3094	0
3095	0
3096	0
3097	0
3098	0
3099	3
3100	0
3101	0
3102	1
3103	3
3104	3
3105	0
3106	0
3107	3
3108	3
3109	3
3110	0
3111	2
3112	0
3113	1
3114	1
3115	0
3116	0
3117	0
3118	3
3119	0
3120	0
3121	2
3122	0
3123	0
3124	2
3125	1
3126	0
3127	3
3128	2
3129	0
3130	0
3131	0
3132	0
3133	0
3134	1
3135	0
3136	1
3137	2
3138	0
3139	3
3140	3
3141	3
3142	2
3143	0
3144	0
3145	0
3146	3
3147	0
3148	1
3149	0
3150	0
3151	3
3152	0
3153	0
3154	0
3155	0
3156	3
3157	0
3158	0
3159	2
3160	0
3161	0
3162	0
3163	3
3164	0
3165	1
3166	0
3167	3
3168	0
3169	3
3170	2
3171	0
3172	0
3173	3
3174	0
3175	0
3176	0
3177	3
3178	2
3179	3
3180	2
3181	2
3182	3
3183	0
3184	0
3185	0
3186	3
3187	2
3188	0
3189	0
3190	0
3191	3
3192	1
3193	0
3194	0
3195	0
3196	0
3197	0
3198	2
3199	1
3200	1
3201	2
3202	3
3203	0
3204	0
3205	3
3206	1
3207	0
3208	3
3209	3
3210	0
3211	3
3212	0
3213	0
3214	0
3215	3
3216	0
3217	3
3218	0
3219	3
3220	3
3221	1
3222	0
3223	3
3224	3
3225	3
3226	3
3227	3
3228	0
3229	3
3230	0
3231	3
3232	1
3233	0
3234	0
3235	1
3236	0
3237	0
3238	0
3239	0
3240	3
3241	0
3242	2
3243	3
3244	3
3245	0
3246	2
3247	0
3248	3
3249	3
3250	0
3251	0
3252	3
3253	2
3254	3
3255	3
3256	0
3257	0
3258	1
3259	1
3260	0
3261	2
3262	0
3263	0
3264	3
3265	0
3266	3
3267	0
3268	2
3269	0
3270	0
3271	3
3272	0
3273	0
3274	0
3275	2
3276	3
3277	2
3278	0
3279	3
3280	3
3281	3
3282	3
3283	0
3284	0
3285	0
3286	1
3287	0
3288	0
3289	0
3290	2
3291	0
3292	3
3293	2
3294	0
3295	2
3296	0
3297	0
3298	2
3299	3
3300	3
3301	3
3302	3
3303	0
3304	3
3305	3
3306	2
3307	0
3308	0
3309	3
3310	0
3311	0
3312	0
3313	1
3314	0
3315	3
3316	3
3317	1
3318	0
3319	1
3320	2
3321	0
3322	3
3323	0
3324	1
3325	0
3326	3
3327	0
3328	0
3329	0
3330	1
3331	0
3332	0
3333	0
3334	3
3335	0
3336	0
3337	3
3338	0
3339	1
3340	2
3341	2
3342	0
3343	0
3344	2
3345	3
3346	3
3347	0
3348	3
3349	0
3350	0
3351	0
3352	0
3353	3
3354	0
3355	2
3356	3
3357	3
3358	0
3359	0
3360	1
3361	3
3362	0
3363	0
3364	2
3365	0
3366	3
3367	3
3368	3
3369	0
3370	0
3371	3
3372	0
3373	0
3374	0
3375	0
3376	2
3377	3
3378	0
3379	0
3380	0
3381	0
3382	1
3383	1
3384	1
3385	3
3386	0
3387	1
3388	0
3389	2
3390	0
3391	3
3392	3
3393	0
3394	0
3395	1
3396	2
3397	3
3398	3
3399	0
3400	3
3401	3
3402	2
3403	0
3404	3
3405	3
3406	0
3407	1
3408	1
3409	3
3410	1
3411	2
3412	1
3413	3
3414	0
3415	0
3416	0
3417	0
3418	3
3419	3
3420	2
3421	0
3422	1
3423	0
3424	0
3425	3
3426	3
3427	3
3428	0
3429	3
3430	3
3431	0
3432	3
3433	3
3434	0
3435	3
3436	0
3437	3
3438	3
3439	3
3440	0
3441	1
3442	2
3443	3
3444	0
3445	0
3446	3
3447	3
3448	0
3449	3
3450	0
3451	3
3452	3
3453	0
3454	1
3455	2
3456	2
3457	0
3458	0
3459	3
3460	0
3461	3
3462	0
3463	0
3464	0
3465	0
3466	0
3467	0
3468	0
3469	0
3470	3
3471	0
3472	2
3473	3
3474	3
3475	3
3476	3
3477	0
3478	0
3479	0
3480	3
3481	0
3482	0
3483	3
3484	3
3485	0
3486	0
3487	0
3488	0
3489	0
3490	3
3491	2
3492	0
3493	3
3494	3
3495	0
3496	0
3497	3
3498	0
3499	0
3500	0
3501	0
3502	2
3503	2
3504	2
3505	3
3506	3
3507	3
3508	2
3509	2
3510	3
3511	3
3512	3
3513	3
3514	2
3515	0
3516	1
3517	0
3518	0
3519	3
3520	2
3521	0
3522	0
3523	3
3524	2
3525	0
3526	0
3527	2
3528	3
3529	0
3530	0
3531	3
3532	3
3533	0
3534	3
3535	3
3536	0
3537	0
3538	3
3539	3
3540	3
3541	0
3542	0
3543	3
3544	0
3545	3
3546	1
3547	3
3548	3
3549	3
3550	3
3551	3
3552	3
3553	2
3554	1
3555	0
3556	0
3557	0
3558	0
3559	2
3560	0
3561	2
3562	0
3563	3
3564	0
3565	1
3566	0
3567	2
3568	3
3569	3
3570	0
3571	3
3572	0
3573	0
3574	3
3575	0
3576	1
3577	1
3578	0
3579	0
3580	3
3581	3
3582	0
3583	0
3584	2
3585	3
3586	0
3587	3
3588	0
3589	2
3590	1
3591	0
3592	3
3593	2
3594	3
3595	1
3596	3
3597	3
3598	3
3599	0
3600	0
3601	3
3602	3
3603	2
3604	2
3605	3
3606	3
3607	0
3608	0
3609	3
3610	3
3611	3
3612	3
3613	2
3614	3
3615	3
3616	3
3617	0
3618	1
3619	0
3620	3
3621	0
3622	3
3623	3
3624	3
3625	1
3626	0
3627	3
3628	0
3629	0
3630	3
3631	0
3632	1
3633	0
3634	2
3635	3
3636	0
3637	3
3638	0
3639	0
3640	0
3641	0
3642	0
3643	0
3644	1
3645	0
3646	3
3647	3
3648	3
3649	0
3650	0
3651	2
3652	3
3653	0
3654	2
3655	2
3656	0
3657	0
3658	2
3659	0
3660	3
3661	2
3662	0
3663	0
3664	3
3665	3
3666	0
3667	1
3668	3
3669	3
3670	0
3671	0
3672	1
3673	1
3674	3
3675	0
3676	3
3677	0
3678	1
3679	1
3680	3
3681	3
3682	0
3683	0
3684	0
3685	0
3686	2
3687	3
3688	0
3689	0
3690	0
3691	3
3692	3
3693	0
3694	3
3695	1
3696	0
3697	3
3698	3
3699	3
3700	1
3701	0
3702	3
3703	3
3704	0
3705	0
3706	0
3707	2
3708	3
3709	0
3710	3
3711	0
3712	0
3713	3
3714	2
3715	0
3716	0
3717	3
3718	0
3719	0
3720	0
3721	0
3722	0
3723	0
3724	0
3725	0
3726	3
3727	0
3728	0
3729	1
3730	1
3731	3
3732	0
3733	0
3734	0
3735	3
3736	0
3737	3
3738	3
3739	0
3740	0
3741	3
3742	3
3743	0
3744	2
3745	2
3746	1
3747	3
3748	3
3749	3
3750	2
3751	0
3752	3
3753	0
3754	3
3755	3
3756	3
3757	3
3758	2
3759	3
3760	3
3761	0
3762	3
3763	0
3764	1
3765	0
3766	0
3767	0
3768	1
3769	0
3770	3
3771	3
3772	3
3773	1
3774	3
3775	0
3776	1
3777	3
3778	2
3779	0
3780	3
3781	0
3782	0
3783	3
3784	0
3785	3
3786	0
3787	0
3788	3
3789	3
3790	1
3791	3
3792	2
3793	2
3794	3
3795	0
3796	0
3797	0
3798	0
3799	2
3800	0
3801	0
3802	3
3803	0
3804	2
3805	0
3806	0
3807	0
3808	3
3809	2
3810	0
3811	3
3812	2
3813	0
3814	3
3815	3
3816	3
3817	0
3818	3
3819	0
3820	0
3821	2
3822	1
3823	0
3824	3
3825	3
3826	1
3827	3
3828	0
3829	3
3830	0
3831	3
3832	3
3833	0
3834	3
3835	3
3836	1
3837	0
3838	3
3839	3
3840	2
3841	0
3842	3
3843	0
3844	0
3845	0
3846	1
3847	3
3848	3
3849	0
3850	0
3851	3
3852	0
3853	3
3854	0
3855	0
3856	2
3857	3
3858	0
3859	3
3860	3
3861	3
3862	0
3863	0
3864	0
3865	3
3866	3
3867	3
3868	0
3869	0
3870	3
3871	0
3872	2
3873	0
3874	0
3875	3
3876	3
3877	3
3878	3
3879	3
3880	3
3881	0
3882	0
3883	3
3884	3
3885	0
3886	1
3887	2
3888	0
3889	3
3890	2
3891	2
3892	0
3893	0
3894	0
3895	0
3896	2
3897	0
3898	2
3899	2
3900	0
3901	0
3902	3
3903	3
3904	1
3905	0
3906	0
3907	3
3908	3
3909	0
3910	2
3911	3
3912	0
3913	0
3914	0
3915	3
3916	0
3917	0
3918	0
3919	3
3920	1
3921	2
3922	0
3923	2
3924	0
3925	3
3926	0
3927	2
3928	0
3929	0
3930	3
3931	3
3932	1
3933	2
3934	0
3935	0
3936	1
3937	0
3938	0
3939	0
3940	3
3941	2
3942	0
3943	3
3944	3
3945	0
3946	3
3947	3
3948	1
3949	2
3950	3
3951	0
3952	0
3953	3
3954	3
3955	3
3956	3
3957	0
3958	0
3959	2
3960	2
3961	3
3962	0
3963	0
3964	0
3965	3
3966	0
3967	3
3968	2
3969	2
3970	3
3971	2
3972	3
3973	0
3974	0
3975	2
3976	1
3977	0
3978	0
3979	0
3980	2
3981	0
3982	0
3983	0
3984	0
3985	3
3986	3
3987	0
3988	1
3989	1
3990	3
3991	0
3992	3
3993	0
3994	3
3995	3
3996	2
3997	0
3998	0
3999	0
4000	0
4001	0
4002	0
4003	3
4004	0
4005	3
4006	3
4007	3
4008	3
4009	0
4010	2
4011	0
4012	2
4013	3
4014	3
4015	0
4016	3
4017	0
4018	0
4019	3
4020	3
4021	3
4022	3
4023	2
4024	0
4025	0
4026	0
4027	2
4028	0
4029	0
4030	1
4031	0
4032	2
4033	3
4034	0
4035	3
4036	0
4037	0
4038	3
4039	2
4040	0
4041	0
4042	3
4043	3
4044	0
4045	3
4046	1
4047	3
4048	3
4049	1
4050	3
4051	0
4052	3
4053	2
4054	0
4055	0
4056	0
4057	2
4058	3
4059	2
4060	3
4061	0
4062	0
4063	3
4064	3
4065	0
4066	0
4067	0
4068	0
4069	3
4070	0
4071	2
4072	3
4073	0
4074	0
4075	3
4076	1
4077	3
4078	3
4079	0
4080	1
4081	2
4082	3
4083	3
4084	3
4085	0
4086	3
4087	0
4088	0
4089	0
4090	0
4091	0
4092	2
4093	3
4094	0
4095	0
4096	2
4097	3
4098	3
4099	3
4100	3
4101	0
4102	3
4103	0
4104	3
4105	3
4106	1
4107	0
4108	2
4109	3
4110	3
4111	2
4112	3
4113	0
4114	1
4115	0
4116	3
4117	0
4118	3
4119	2
4120	3
4121	1
4122	0
4123	3
4124	0
4125	1
4126	3
4127	3
4128	2
4129	3
4130	3
4131	2
4132	3
4133	3
4134	0
4135	3
4136	1
4137	3
4138	0
4139	0
4140	3
4141	2
4142	0
4143	3
4144	3
4145	0
4146	1
4147	0
4148	0
4149	1
4150	0
4151	0
4152	3
4153	0
4154	0
4155	0
4156	3
4157	3
4158	0
4159	3
4160	3
4161	3
4162	0
4163	2
4164	0
4165	0
4166	3
4167	3
4168	3
4169	3
4170	2
4171	0
4172	3
4173	3
4174	3
4175	1
4176	0
4177	0
4178	0
4179	3
4180	0
4181	0
4182	1
4183	2
4184	3
4185	3
4186	3
4187	0
4188	0
4189	0
4190	0
4191	3
4192	0
4193	0
4194	3
4195	3
4196	0
4197	3
4198	0
4199	2
4200	0
4201	0
4202	3
4203	3
4204	0
4205	0
4206	3
4207	3
4208	0
4209	3
4210	0
4211	3
4212	3
4213	0
4214	3
4215	0
4216	1
4217	3
4218	0
4219	0
4220	0
4221	0
4222	3
4223	0
4224	3
4225	0
4226	2
4227	3
4228	3
4229	3
4230	0
4231	3
4232	3
4233	3
4234	0
4235	0
4236	3
4237	2
4238	3
4239	0
4240	1
4241	1
4242	0
4243	3
4244	1
4245	0
4246	0
4247	0
4248	3
4249	3
4250	3
4251	0
4252	3
4253	0
4254	0
4255	0
4256	1
4257	3
4258	3
4259	3
4260	3
4261	2
4262	0
4263	3
4264	3
4265	0
4266	0
4267	0
4268	0
4269	3
4270	0
4271	2
4272	3
4273	2
4274	3
4275	0
4276	0
4277	3
4278	0
4279	3
4280	3
4281	0
4282	0
4283	3
4284	2
4285	3
4286	3
4287	3
4288	2
4289	0
4290	2
4291	0
4292	1
4293	0
4294	3
4295	3
4296	3
4297	3
4298	1
4299	0
4300	3
4301	3
4302	3
4303	0
4304	3
4305	0
4306	3
4307	3
4308	1
4309	1
4310	3
4311	0
4312	1
4313	0
4314	3
4315	0
4316	1
4317	0
4318	1
4319	0
4320	0
4321	3
4322	1
4323	0
4324	0
4325	0
4326	3
4327	3
4328	3
4329	3
4330	2
4331	1
4332	2
4333	0
4334	0
4335	3
4336	0
4337	0
4338	2
4339	0
4340	3
4341	2
4342	0
4343	2
4344	3
4345	3
4346	0
4347	3
4348	1
4349	3
4350	3
4351	3
4352	0
4353	3
4354	3
4355	0
4356	0
4357	3
4358	2
4359	3
4360	0
4361	3
4362	3
4363	3
4364	3
4365	0
4366	0
4367	3
4368	0
4369	3
4370	3
4371	3
4372	2
4373	3
4374	0
4375	3
4376	2
4377	3
4378	0
4379	0
4380	3
4381	3
4382	0
4383	3
4384	0
4385	3
4386	0
4387	0
4388	2
4389	0
4390	1
4391	0
4392	1
4393	0
4394	0
4395	2
4396	3
4397	3
4398	2
4399	0
4400	0
4401	0
4402	3
4403	0
4404	3
4405	0
4406	1
4407	1
4408	3
4409	0
4410	3
4411	3
4412	3
4413	3
4414	0
4415	0
4416	3
4417	3
4418	2
4419	1
4420	2
4421	3
4422	3
4423	0
4424	0
4425	0
4426	1
4427	3
4428	3
4429	3
4430	2
4431	0
4432	3
4433	0
4434	0
4435	0
4436	0
4437	3
4438	3
4439	3
4440	0
4441	2
4442	0
4443	3
4444	2
4445	3
4446	0
4447	2
4448	3
4449	0
4450	3
4451	3
4452	3
4453	3
4454	2
4455	0
4456	0
4457	2
4458	0
4459	0
4460	0
4461	0
4462	3
4463	2
4464	2
4465	3
4466	1
4467	2
4468	2
4469	3
4470	0
4471	3
4472	2
4473	0
4474	0
4475	2
4476	0
4477	1
4478	3
4479	0
4480	3
4481	0
4482	0
4483	3
4484	3
4485	0
4486	3
4487	3
4488	3
4489	0
4490	1
4491	0
4492	3
4493	1
4494	0
4495	0
4496	0
4497	3
4498	0
4499	3
4500	2
4501	3
4502	3
4503	0
4504	1
4505	3
4506	0
4507	3
4508	0
4509	0
4510	0
4511	3
4512	1
4513	3
4514	0
4515	3
4516	0
4517	0
4518	0
4519	2
4520	3
4521	0
4522	3
4523	0
4524	3
4525	0
4526	0
4527	1
4528	2
4529	0
4530	1
4531	3
4532	0
4533	3
4534	0
4535	3
4536	0
4537	3
4538	2
4539	3
4540	0
4541	0
4542	3
4543	3
4544	2
4545	1
4546	3
4547	3
4548	0
4549	3
4550	0
4551	3
4552	3
4553	0
4554	0
4555	3
4556	0
4557	3
4558	0
4559	2
4560	0
4561	3
4562	3
4563	0
4564	0
4565	0
4566	0
4567	2
4568	0
4569	3
4570	0
4571	2
4572	0
4573	3
4574	3
4575	3
4576	3
4577	3
4578	0
4579	2
4580	0
4581	3
4582	1
4583	0
4584	1
4585	1
4586	3
4587	3
4588	1
4589	1
4590	3
4591	0
4592	0
4593	0
4594	0
4595	0
4596	1
4597	0
4598	2
4599	0
4600	3
4601	0
4602	3
4603	0
4604	2
4605	0
4606	3
4607	0
4608	0
4609	1
4610	3
4611	1
4612	3
4613	1
4614	0
4615	0
4616	2
4617	0
4618	1
4619	0
4620	0
4621	3
4622	3
4623	3
4624	0
4625	0
4626	3
4627	2
4628	3
4629	2
4630	0
4631	3
4632	0
4633	1
4634	0
4635	2
4636	0
4637	0
4638	3
4639	2
4640	0
4641	1
4642	2
4643	0
4644	3
4645	0
4646	3
4647	3
4648	0
4649	0
4650	1
4651	0
4652	3
4653	3
4654	3
4655	3
4656	0
4657	0
4658	2
4659	0
4660	3
4661	3
4662	0
4663	3
4664	0
4665	3
4666	2
4667	0
4668	0
4669	3
4670	0
4671	0
4672	3
4673	0
4674	0
4675	3
4676	2
4677	0
4678	0
4679	3
4680	0
4681	2
4682	0
4683	0
4684	3
4685	3
4686	3
4687	3
4688	0
4689	0
4690	0
4691	3
4692	2
4693	0
4694	2
4695	3
4696	3
4697	0
4698	3
4699	0
4700	3
4701	3
4702	3
4703	0
4704	3
4705	0
4706	3
4707	3
4708	3
4709	3
4710	3
4711	3
4712	0
4713	3
4714	0
4715	0
4716	3
4717	3
4718	3
4719	3
4720	3
4721	1
4722	2
4723	2
4724	2
4725	0
4726	3
4727	1
4728	0
4729	3
4730	0
4731	0
4732	3
4733	3
4734	0
4735	3
4736	1
4737	0
4738	1
4739	0
4740	1
4741	1
4742	0
4743	2
4744	0
4745	0
4746	0
4747	2
4748	0
4749	2
4750	3
4751	3
4752	0
4753	0
4754	3
4755	0
4756	2
4757	3
4758	0
4759	3
4760	3
4761	3
4762	3
4763	0
4764	3
4765	3
4766	0
4767	0
4768	3
4769	3
4770	2
4771	0
4772	0
4773	1
4774	0
4775	2
4776	3
4777	1
4778	0
4779	3
4780	2
4781	0
4782	0
4783	0
4784	0
4785	2
4786	0
4787	0
4788	3
4789	2
4790	3
4791	3
4792	0
4793	3
4794	0
4795	0
4796	0
4797	3
4798	0
4799	0
4800	0
4801	0
4802	1
4803	0
4804	3
4805	0
4806	3
4807	0
4808	0
4809	3
4810	3
4811	0
4812	3
4813	3
4814	0
4815	0
4816	3
4817	0
4818	1
4819	3
4820	0
4821	0
4822	3
4823	0
4824	0
4825	2
4826	2
4827	0
4828	0
4829	0
4830	0
4831	0
4832	3
4833	3
4834	3
4835	0
4836	0
4837	0
4838	0
4839	3
4840	3
4841	3
4842	3
4843	3
4844	3
4845	3
4846	3
4847	0
4848	0
4849	1
4850	0
4851	3
4852	3
4853	3
4854	3
4855	3
4856	3
4857	0
4858	0
4859	3
4860	0
4861	1
4862	0
4863	0
4864	3
4865	3
4866	3
4867	3
4868	3
4869	3
4870	1
4871	3
4872	0
4873	3
4874	0
4875	1
4876	2
4877	2
4878	0
4879	0
4880	0
4881	0
4882	0
4883	3
4884	0
4885	3
4886	0
4887	0
4888	3
4889	3
4890	2
4891	0
4892	2
4893	3
4894	3
4895	3
4896	2
4897	3
4898	0
4899	3
4900	3
4901	3
4902	3
4903	0
4904	3
4905	2
4906	3
4907	3
4908	0
4909	0
4910	0
4911	0
4912	0
4913	3
4914	1
4915	0
4916	0
4917	3
4918	2
4919	1
4920	3
4921	3
4922	0
4923	3
4924	0
4925	0
4926	0
4927	3
4928	0
4929	1
4930	0
4931	1
4932	3
4933	3
4934	1
4935	3
4936	0
4937	1
4938	0
4939	3
4940	3
4941	1
4942	0
4943	3
4944	3
4945	0
4946	3
4947	3
4948	1
4949	0
4950	0
4951	3
4952	0
4953	3
4954	0
4955	3
4956	3
4957	2
4958	0
4959	0
4960	3
4961	2
4962	1
4963	1
4964	0
4965	1
4966	2
4967	3
4968	1
4969	3
4970	0
4971	3
4972	2
4973	0
4974	0
4975	0
4976	3
4977	0
4978	3
4979	2
4980	2
4981	3
4982	1
4983	1
4984	0
4985	0
4986	0
4987	0
4988	0
4989	3
4990	3
4991	0
4992	0
4993	0
4994	0
4995	3
4996	3
4997	3
4998	3
4999	0
5000	0
5001	3
5002	3
5003	0
5004	0
5005	0
5006	3
5007	0
5008	0
5009	1
5010	2
5011	1
5012	0
5013	3
5014	0
5015	0
5016	0
5017	2
5018	0
5019	1
5020	0
5021	2
5022	3
5023	0
5024	0
5025	3
5026	0
5027	3
5028	0
5029	1
5030	0
5031	0
5032	3
5033	0
5034	2
5035	0
5036	3
5037	0
5038	3
5039	3
5040	0
5041	0
5042	3
5043	3
5044	2
5045	3
5046	0
5047	3
5048	0
5049	3
5050	3
5051	3
5052	0
5053	0
5054	3
5055	2
5056	3
5057	0
5058	2
5059	3
5060	1
5061	0
5062	0
5063	3
5064	3
5065	3
5066	3
5067	3
5068	0
5069	0
5070	3
5071	0
5072	0
5073	3
5074	3
5075	0
5076	3
5077	3
5078	1
5079	3
5080	0
5081	1
5082	1
5083	2
5084	3
5085	0
5086	0
5087	0
5088	3
5089	3
5090	0
5091	3
5092	3
5093	1
5094	0
5095	3
5096	3
5097	2
5098	3
5099	3
5100	3
5101	3
5102	1
5103	0
5104	3
5105	2
5106	0
5107	3
5108	1
5109	0
5110	0
5111	0
5112	0
5113	0
5114	3
5115	0
5116	2
5117	0
5118	3
5119	0
5120	3
5121	0
5122	2
5123	3
5124	0
5125	0
5126	3
5127	0
5128	3
5129	2
5130	0
5131	3
5132	1
5133	2
5134	0
5135	3
5136	3
5137	0
5138	0
5139	2
5140	3
5141	1
5142	3
5143	1
5144	2
5145	3
5146	1
5147	3
5148	0
5149	0
5150	3
5151	3
5152	0
5153	0
5154	0
5155	3
5156	3
5157	3
5158	0
5159	0
5160	0
5161	3
5162	3
5163	0
5164	3
5165	3
5166	1
5167	0
5168	2
5169	2
5170	3
5171	3
5172	2
5173	2
5174	2
5175	0
5176	2
5177	0
5178	3
5179	3
5180	3
5181	0
5182	3
5183	0
5184	3
5185	3
5186	0
5187	2
5188	3
5189	0
5190	0
5191	3
5192	2
5193	0
5194	0
5195	1
5196	3
5197	0
5198	3
5199	3
5200	0
5201	2
5202	0
5203	0
5204	2
5205	3
5206	3
5207	3
5208	0
5209	2
5210	3
5211	0
5212	3
5213	2
5214	2
5215	3
5216	0
5217	2
5218	0
5219	0
5220	3
5221	0
5222	0
5223	3
5224	3
5225	3
5226	0
5227	0
5228	3
5229	2
5230	1
5231	0
5232	3
5233	0
5234	3
5235	3
5236	3
5237	0
5238	3
5239	1
5240	3
5241	3
5242	0
5243	0
5244	3
5245	0
5246	1
5247	0
5248	3
5249	3
5250	0
5251	0
5252	3
5253	0
5254	0
5255	3
5256	3
5257	3
5258	3
5259	3
5260	3
5261	0
5262	3
5263	3
5264	2
5265	3
5266	0
5267	3
5268	0
5269	3
5270	0
5271	3
5272	3
5273	3
5274	0
5275	0
5276	0
5277	0
5278	0
5279	2
5280	3
5281	3
5282	0
5283	3
5284	3
5285	0
5286	3
5287	0
5288	0
5289	0
5290	3
5291	1
5292	2
5293	0
5294	0
5295	0
5296	0
5297	1
5298	0
5299	0
5300	0
5301	3
5302	3
5303	3
5304	3
5305	0
5306	3
5307	0
5308	3
5309	3
5310	3
5311	0
5312	0
5313	3
5314	0
5315	3
5316	2
5317	3
5318	3
5319	3
5320	1
5321	3
5322	0
5323	3
5324	3
5325	3
5326	0
5327	0
5328	3
5329	0
5330	0
5331	0
5332	0
5333	0
5334	3
5335	0
5336	1
5337	0
5338	3
5339	0
5340	3
5341	3
5342	0
5343	0
5344	0
5345	0
5346	0
5347	0
5348	0
5349	1
5350	0
5351	2
5352	0
5353	3
5354	3
5355	3
5356	0
5357	3
5358	0
5359	3
5360	3
5361	1
5362	0
5363	0
5364	3
5365	3
5366	3
5367	1
5368	0
5369	0
5370	0
5371	1
5372	0
5373	2
5374	0
5375	0
5376	3
5377	3
5378	1
5379	0
5380	3
5381	2
5382	3
5383	0
5384	3
5385	3
5386	0
5387	3
5388	3
5389	0
5390	0
5391	3
5392	0
5393	0
5394	3
5395	3
5396	0
5397	3
5398	0
5399	2
5400	3
5401	1
5402	0
5403	0
5404	3
5405	0
5406	0
5407	3
5408	0
5409	0
5410	0
5411	3
5412	0
5413	0
5414	1
5415	0
5416	0
5417	3
5418	2
5419	0
5420	0
5421	0
5422	0
5423	2
5424	3
5425	3
5426	0
5427	3
5428	3
5429	2
5430	1
5431	0
5432	0
5433	2
5434	0
5435	3
5436	0
5437	0
5438	3
5439	0
5440	0
5441	2
5442	3
5443	0
5444	3
5445	3
5446	0
5447	3
5448	0
5449	0
5450	0
5451	3
5452	0
5453	3
5454	2
5455	3
5456	0
5457	3
5458	3
5459	1
5460	0
5461	2
5462	3
5463	0
5464	3
5465	0
5466	0
5467	1
5468	3
5469	3
5470	0
5471	2
5472	0
5473	1
5474	1
5475	0
5476	3
5477	3
5478	3
5479	0
5480	3
5481	3
5482	2
5483	0
5484	3
5485	0
5486	1
5487	0
5488	3
5489	3
5490	0
5491	3
5492	0
5493	3
5494	3
5495	2
5496	2
5497	0
5498	3
5499	0
5500	0
5501	1
5502	0
5503	2
5504	3
5505	3
5506	0
5507	0
5508	0
5509	3
5510	2
5511	3
5512	3
5513	1
5514	3
5515	0
5516	1
5517	0
5518	0
5519	1
5520	0
5521	0
5522	0
5523	3
5524	0
5525	3
5526	3
5527	0
5528	0
5529	3
5530	3
5531	0
5532	3
5533	0
5534	3
5535	0
5536	2
5537	3
5538	3
5539	2
5540	2
5541	3
5542	3
5543	0
5544	3
5545	0
5546	3
5547	0
5548	3
5549	0
5550	0
5551	3
5552	0
5553	0
5554	0
5555	1
5556	0
5557	3
5558	0
5559	0
5560	0
5561	1
5562	3
5563	3
5564	0
5565	2
5566	3
5567	0
5568	0
5569	0
5570	2
5571	3
5572	0
5573	2
5574	1
5575	3
5576	3
5577	1
5578	3
5579	1
5580	0
5581	3
5582	2
5583	0
5584	0
5585	0
5586	2
5587	0
5588	0
5589	0
5590	0
5591	0
5592	0
5593	3
5594	3
5595	3
5596	0
5597	0
5598	3
5599	3
5600	3
5601	3
5602	0
5603	3
5604	0
5605	1
5606	0
5607	0
5608	0
5609	0
5610	2
5611	0
5612	3
5613	3
5614	0
5615	2
5616	1
5617	1
5618	0
5619	3
5620	3
5621	0
5622	2
5623	3
5624	2
5625	3
5626	0
5627	0
5628	0
5629	0
5630	2
5631	3
5632	0
5633	1
5634	3
5635	3
5636	3
5637	3
5638	3
5639	2
5640	3
5641	3
5642	3
5643	3
5644	3
5645	0
5646	0
5647	3
5648	2
5649	0
5650	0
5651	0
5652	3
5653	1
5654	3
5655	0
5656	2
5657	3
5658	3
5659	2
5660	0
5661	3
5662	3
5663	2
5664	3
5665	3
5666	0
5667	3
5668	3
5669	3
5670	0
5671	0
5672	0
5673	3
5674	1
5675	0
5676	0
5677	1
5678	3
5679	3
5680	1
5681	0
5682	3
5683	0
5684	3
5685	3
5686	2
5687	0
5688	3
5689	3
5690	0
5691	3
5692	3
5693	1
5694	1
5695	3
5696	1
5697	3
5698	0
5699	3
5700	0
5701	0
5702	2
5703	0
5704	0
5705	0
5706	3
5707	0
5708	2
5709	3
5710	0
5711	1
5712	0
5713	2
5714	0
5715	3
5716	0
5717	2
5718	1
5719	0
5720	0
5721	3
5722	3
5723	1
5724	3
5725	1
5726	0
5727	1
5728	0
5729	2
5730	3
5731	3
5732	0
5733	3
5734	1
5735	1
5736	3
5737	0
5738	2
5739	3
5740	0
5741	0
5742	2
5743	0
5744	3
5745	3
5746	3
5747	2
5748	3
5749	0
5750	0
5751	0
5752	3
5753	3
5754	0
5755	0
5756	3
5757	0
5758	0
5759	3
5760	3
5761	0
5762	0
5763	0
5764	3
5765	3
5766	0
5767	3
5768	0
5769	0
5770	0
5771	2
5772	3
5773	3
5774	3
5775	3
5776	0
5777	3
5778	3
5779	1
5780	0
5781	0
5782	0
5783	0
5784	0
5785	3
5786	0
5787	1
5788	0
5789	0
5790	2
5791	2
5792	2
5793	0
5794	0
5795	1
5796	2
5797	3
5798	0
5799	3
5800	3
5801	2
5802	3
5803	0
5804	3
5805	3
5806	0
5807	3
5808	3
5809	0
5810	0
5811	0
5812	1
5813	2
5814	1
5815	3
5816	0
5817	0
5818	0
5819	2
5820	3
5821	3
5822	3
5823	0
5824	0
5825	3
5826	0
5827	3
5828	2
5829	3
5830	3
5831	3
5832	3
5833	1
5834	3
5835	3
5836	2
5837	3
5838	0
5839	1
5840	3
5841	0
5842	0
5843	3
5844	0
5845	0
5846	3
5847	3
5848	0
5849	2
5850	0
5851	0
5852	3
5853	0
5854	0
5855	0
5856	2
5857	0
5858	0
5859	0
5860	0
5861	1
5862	0
5863	3
5864	1
5865	0
5866	3
5867	3
5868	3
5869	3
5870	3
5871	0
5872	0
5873	3
5874	2
5875	0
5876	3
5877	0
5878	3
5879	0
5880	3
5881	3
5882	0
5883	3
5884	3
5885	3
5886	3
5887	0
5888	0
5889	2
5890	0
5891	0
5892	2
5893	3
5894	3
5895	3
5896	0
5897	3
5898	3
5899	3
5900	0
5901	3
5902	2
5903	0
5904	0
5905	2
5906	1
5907	2
5908	0
5909	3
5910	0
5911	0
5912	3
5913	3
5914	0
5915	0
5916	3
5917	0
5918	0
5919	3
5920	0
5921	0
5922	0
5923	3
5924	2
5925	0
5926	1
5927	0
5928	0
5929	0
5930	0
5931	2
5932	0
5933	0
5934	0
5935	0
5936	0
5937	0
5938	1
5939	0
5940	3
5941	3
5942	0
5943	1
5944	0
5945	3
5946	3
5947	3
5948	0
5949	0
5950	1
5951	0
5952	3
5953	0
5954	0
5955	2
5956	3
5957	3
5958	1
5959	3
5960	0
5961	0
5962	0
5963	2
5964	3
5965	3
5966	0
5967	1
5968	0
5969	2
5970	3
5971	3
5972	0
5973	3
5974	0
5975	0
5976	3
5977	3
5978	1
5979	3
5980	1
5981	3
5982	0
5983	0
5984	3
5985	3
5986	3
5987	1
5988	2
5989	0
5990	3
5991	3
5992	0
5993	3
5994	0
5995	3
5996	2
5997	0
5998	0
5999	0
6000	3
6001	2
6002	0
6003	2
6004	2
6005	0
6006	3
6007	3
6008	2
6009	0
6010	1
6011	2
6012	0
6013	1
6014	2
6015	2
6016	3
6017	0
6018	0
6019	3
6020	2
6021	0
6022	3
6023	2
6024	0
6025	0
6026	0
6027	3
6028	0
6029	0
6030	1
6031	3
6032	0
6033	0
6034	0
6035	0
6036	1
6037	1
6038	0
6039	3
6040	0
6041	3
6042	2
6043	0
6044	3
6045	0
6046	0
6047	3
6048	2
6049	0
6050	0
6051	0
6052	0
6053	0
6054	0
6055	0
6056	3
6057	0
6058	3
6059	0
6060	0
6061	0
6062	0
6063	0
6064	0
6065	0
6066	3
6067	3
6068	1
6069	3
6070	3
6071	0
6072	0
6073	3
6074	0
6075	3
6076	0
6077	0
6078	3
6079	3
6080	0
6081	0
6082	0
6083	2
6084	0
6085	1
6086	0
6087	3
6088	3
6089	0
6090	3
6091	3
6092	0
6093	3
6094	2
6095	3
6096	0
6097	0
6098	3
6099	0
6100	3
6101	1
6102	0
6103	0
6104	3
6105	1
6106	2
6107	1
6108	3
6109	3
6110	0
6111	3
6112	3
6113	2
6114	3
6115	2
6116	0
6117	3
6118	0
6119	3
6120	0
6121	0
6122	3
6123	1
6124	0
6125	3
6126	2
6127	0
6128	0
6129	3
6130	0
6131	0
6132	0
6133	0
6134	0
6135	0
6136	3
6137	0
6138	0
6139	3
6140	0
6141	0
6142	3
6143	1
6144	1
6145	3
6146	0
6147	3
6148	3
6149	0
6150	3
6151	3
6152	0
6153	3
6154	3
6155	3
6156	3
6157	3
6158	0
6159	2
6160	3
6161	0
6162	3
6163	0
6164	2
6165	0
6166	2
6167	2
6168	0
6169	3
6170	1
6171	0
6172	2
6173	3
6174	0
6175	0
6176	0
6177	3
6178	2
6179	3
6180	3
6181	0
6182	3
6183	3
6184	3
6185	0
6186	0
6187	0
6188	0
6189	3
6190	0
6191	1
6192	3
6193	3
6194	3
6195	3
6196	2
6197	0
6198	1
6199	1
6200	3
6201	0
6202	0
6203	0
6204	0
6205	3
6206	0
6207	1
6208	3
6209	3
6210	0
6211	1
6212	0
6213	3
6214	0
6215	3
6216	0
6217	0
6218	0
6219	0
6220	3
6221	0
6222	3
6223	0
6224	0
6225	0
6226	0
6227	0
6228	1
6229	2
6230	1
6231	0
6232	0
6233	3
6234	3
6235	2
6236	3
6237	0
6238	3
6239	3
6240	2
6241	3
6242	0
6243	3
6244	2
6245	3
6246	2
6247	0
6248	3
6249	2
6250	0
6251	3
6252	0
6253	0
6254	3
6255	3
6256	2
6257	0
6258	3
6259	0
6260	2
6261	0
6262	0
6263	0
6264	0
6265	0
6266	0
6267	0
6268	3
6269	0
6270	1
6271	1
6272	1
6273	3
6274	3
6275	3
6276	0
6277	3
6278	0
6279	0
6280	2
6281	0
6282	3
6283	0
6284	3
6285	2
6286	3
6287	0
6288	0
6289	3
6290	0
6291	0
6292	0
6293	0
6294	0
6295	2
6296	0
6297	3
6298	3
6299	3
6300	3
6301	2
6302	3
6303	0
6304	0
6305	2
6306	2
6307	3
6308	1
6309	0
6310	0
6311	0
6312	3
6313	0
6314	0
6315	0
6316	2
6317	0
6318	0
6319	3
6320	2
6321	0
6322	3
6323	3
6324	0
6325	3
6326	1
6327	0
6328	0
6329	3
6330	0
6331	1
6332	2
6333	2
6334	0
6335	0
6336	2
6337	0
6338	0
6339	0
6340	3
6341	0
6342	0
6343	2
6344	2
6345	0
6346	3
6347	2
6348	3
6349	3
6350	3
6351	3
6352	0
6353	0
6354	0
6355	0
6356	0
6357	0
6358	0
6359	3
6360	3
6361	0
6362	0
6363	0
6364	1
6365	0
6366	0
6367	3
6368	3
6369	3
6370	2
6371	3
6372	3
6373	0
6374	1
6375	0
6376	3
6377	3
6378	0
6379	0
6380	3
6381	3
6382	0
6383	1
6384	2
6385	0
6386	3
6387	0
6388	0
6389	0
6390	0
6391	2
6392	1
6393	0
6394	2
6395	3
6396	3
6397	2
6398	0
6399	3
6400	3
6401	3
6402	0
6403	0
6404	3
6405	3
6406	3
6407	2
6408	0
6409	3
6410	0
6411	3
6412	1
6413	0
6414	0
6415	0
6416	3
6417	0
6418	3
6419	0
6420	0
6421	3
6422	3
6423	1
6424	3
6425	3
6426	0
6427	0
6428	3
6429	3
6430	0
6431	0
6432	3
6433	0
6434	0
6435	3
6436	3
6437	1
6438	0
6439	3
6440	0
6441	0
6442	3
6443	3
6444	3
6445	1
6446	3
6447	2
6448	0
6449	3
6450	3
6451	0
6452	2
6453	2
6454	3
6455	1
6456	0
6457	0
6458	1
6459	0
6460	3
6461	3
6462	3
6463	2
6464	3
6465	3
6466	0
6467	3
6468	1
6469	1
6470	3
6471	0
6472	0
6473	3
6474	0
6475	0
6476	3
6477	3
6478	0
6479	1
6480	0
6481	3
6482	0
6483	3
6484	3
6485	3
6486	3
6487	3
6488	0
6489	3
6490	3
6491	3
6492	0
6493	3
6494	3
6495	1
6496	3
6497	3
6498	3
6499	3
6500	3
6501	3
6502	0
6503	2
6504	1
6505	3
6506	0
6507	3
6508	0
6509	2
6510	3
6511	0
6512	3
6513	3
6514	0
6515	3
6516	1
6517	0
6518	0
6519	3
6520	0
6521	3
6522	3
6523	0
6524	0
6525	3
6526	0
6527	3
6528	0
6529	3
6530	0
6531	0
6532	0
6533	3
6534	3
6535	3
6536	0
6537	3
6538	3
6539	0
6540	1
6541	1
6542	0
6543	3
6544	3
6545	1
6546	3
6547	3
6548	0
6549	0
6550	3
6551	3
6552	0
6553	3
6554	3
6555	2
6556	3
6557	0
6558	0
6559	0
6560	0
6561	0
6562	3
6563	0
6564	3
6565	2
6566	0
6567	1
6568	0
6569	0
6570	0
6571	3
6572	0
6573	1
6574	0
6575	0
6576	3
6577	0
6578	3
6579	0
6580	3
6581	3
6582	0
6583	3
6584	3
6585	0
6586	3
6587	0
6588	0
6589	1
6590	0
6591	3
6592	0
6593	3
6594	0
6595	3
6596	0
6597	1
6598	3
6599	3
6600	3
6601	0
6602	3
6603	3
6604	0
6605	2
6606	3
6607	0
6608	0
6609	0
6610	1
6611	3
6612	0
6613	3
6614	3
6615	0
6616	3
6617	1
6618	0
6619	0
6620	3
6621	3
6622	0
6623	3
6624	0
6625	0
6626	0
6627	1
6628	1
6629	2
6630	0
6631	3
6632	0
6633	0
6634	0
6635	2
6636	0
6637	3
6638	3
6639	0
6640	0
6641	3
6642	0
6643	3
6644	3
6645	0
6646	0
6647	0
6648	3
6649	0
6650	0
6651	0
6652	3
6653	2
6654	0
6655	3
6656	3
6657	0
6658	0
6659	0
6660	1
6661	0
6662	3
6663	3
6664	0
6665	1
6666	0
6667	0
6668	3
6669	3
6670	2
6671	0
6672	3
6673	1
6674	2
6675	3
6676	2
6677	3
6678	0
6679	0
6680	0
6681	3
6682	3
6683	0
6684	3
6685	2
6686	3
6687	0
6688	0
6689	3
6690	2
6691	3
6692	0
6693	0
6694	1
6695	0
6696	3
6697	3
6698	0
6699	2
6700	2
6701	0
6702	0
6703	3
6704	0
6705	0
6706	0
6707	3
6708	3
6709	3
6710	0
6711	1
6712	2
6713	0
6714	3
6715	3
6716	3
6717	0
6718	3
6719	3
6720	3
6721	0
6722	0
6723	0
6724	3
6725	3
6726	2
6727	1
6728	0
6729	0
6730	0
6731	3
6732	3
6733	3
6734	1
6735	2
6736	3
6737	0
6738	0
6739	0
6740	0
6741	2
6742	3
6743	0
6744	1
6745	0
6746	3
6747	3
6748	0
6749	0
6750	3
6751	2
6752	3
6753	1
6754	0
6755	0
6756	0
6757	3
6758	1
6759	3
6760	3
6761	0
6762	0
6763	0
6764	3
6765	3
6766	3
6767	0
6768	2
6769	0
6770	3
6771	2
6772	1
6773	0
6774	0
6775	0
6776	2
6777	0
6778	3
6779	0
6780	3
6781	0
6782	3
6783	3
6784	2
6785	3
6786	3
6787	0
6788	3
6789	2
6790	1
6791	0
6792	3
6793	3
6794	3
6795	3
6796	3
6797	3
6798	3
6799	0
6800	0
6801	0
6802	3
6803	0
6804	3
6805	3
6806	0
6807	0
6808	0
6809	3
6810	0
6811	3
6812	0
6813	1
6814	1
6815	3
6816	3
6817	3
6818	2
6819	0
6820	3
6821	2
6822	0
6823	0
6824	3
6825	0
6826	2
6827	2
6828	3
6829	0
6830	0
6831	0
6832	0
6833	3
6834	3
6835	0
6836	1
6837	0
6838	3
6839	2
6840	3
6841	3
6842	0
6843	2
6844	3
6845	3
6846	3
6847	0
6848	3
6849	3
6850	0
6851	0
6852	3
6853	0
6854	3
6855	0
6856	0
6857	0
6858	0
6859	3
6860	3
6861	3
6862	3
6863	3
6864	0
6865	0
6866	0
6867	0
6868	0
6869	0
6870	0
6871	3
6872	3
6873	3
6874	3
6875	3
6876	3
6877	3
6878	1
6879	3
6880	2
6881	0
6882	0
6883	2
6884	3
6885	0
6886	0
6887	0
6888	3
6889	3
6890	0
6891	1
6892	3
6893	1
6894	0
6895	3
6896	1
6897	1
6898	0
6899	0
6900	0
6901	0
6902	3
6903	2
6904	0
6905	0
6906	0
6907	3
6908	3
6909	1
6910	0
6911	3
6912	0
6913	3
6914	3
6915	3
6916	3
6917	3
6918	0
6919	2
6920	3
6921	3
6922	0
6923	3
6924	3
6925	1
6926	0
6927	0
6928	1
6929	2
6930	3
6931	0
6932	1
6933	3
6934	0
6935	3
6936	3
6937	1
6938	0
6939	0
6940	3
6941	0
6942	3
6943	0
6944	3
6945	0
6946	0
6947	3
6948	3
6949	0
6950	0
6951	1
6952	0
6953	1
6954	0
6955	1
6956	0
6957	0
6958	2
6959	0
6960	0
6961	2
6962	3
6963	0
6964	0
6965	1
6966	1
6967	0
6968	2
6969	3
6970	0
6971	0
6972	0
6973	3
6974	3
6975	0
6976	3
6977	0
6978	0
6979	3
6980	0
6981	3
6982	3
6983	0
6984	0
6985	0
6986	0
6987	0
6988	3
6989	2
6990	0
6991	0
6992	0
6993	3
6994	0
6995	0
6996	3
6997	3
6998	0
6999	3
7000	3
7001	1
7002	3
7003	2
7004	3
7005	3
7006	2
7007	1
7008	1
7009	3
7010	2
7011	2
7012	0
7013	3
7014	0
7015	3
7016	2
7017	3
7018	3
7019	0
7020	0
7021	0
7022	0
7023	0
7024	3
7025	0
7026	3
7027	0
7028	3
7029	0
7030	2
7031	3
7032	2
7033	0
7034	3
7035	0
7036	2
7037	0
7038	3
7039	0
7040	2
7041	0
7042	1
7043	0
7044	1
7045	0
7046	1
7047	0
7048	0
7049	3
7050	3
7051	3
7052	3
7053	3
7054	0
7055	0
7056	2
7057	0
7058	0
7059	0
7060	0
7061	0
7062	3
7063	3
7064	3
7065	0
7066	0
7067	3
7068	3
7069	0
7070	0
7071	3
7072	0
7073	3
7074	1
7075	2
7076	3
7077	3
7078	0
7079	0
7080	3
7081	0
7082	3
7083	0
7084	0
7085	0
7086	0
7087	3
7088	3
7089	0
7090	3
7091	2
7092	3
7093	3
7094	0
7095	3
7096	3
7097	0
7098	2
7099	0
7100	3
7101	3
7102	2
7103	0
7104	2
7105	0
7106	0
7107	3
7108	3
7109	0
7110	2
7111	2
7112	3
7113	3
7114	3
7115	3
7116	0
7117	0
7118	3
7119	3
7120	0
7121	3
7122	3
7123	1
7124	0
7125	0
7126	3
7127	2
7128	0
7129	3
7130	3
7131	1
7132	2
7133	0
7134	2
7135	3
7136	0
7137	0
7138	0
7139	2
7140	2
7141	2
7142	0
7143	2
7144	3
7145	3
7146	3
7147	0
7148	2
7149	3
7150	0
7151	0
7152	3
7153	3
7154	2
7155	0
7156	3
7157	3
7158	3
7159	3
7160	0
7161	0
7162	3
7163	0
7164	3
7165	0
7166	0
7167	2
7168	2
7169	2
7170	0
7171	3
7172	3
7173	2
7174	2
7175	0
7176	2
7177	1
7178	3
7179	3
7180	2
7181	3
7182	3
7183	2
7184	3
7185	3
7186	1
7187	0
7188	3
7189	3
7190	0
7191	1
7192	0
7193	3
7194	3
7195	3
7196	0
7197	0
7198	3
7199	3
7200	0
7201	3
7202	2
7203	2
7204	0
7205	0
7206	3
7207	3
7208	3
7209	3
7210	3
7211	0
7212	3
7213	1
7214	3
7215	3
7216	0
7217	0
7218	0
7219	3
7220	3
7221	2
7222	0
7223	0
7224	3
7225	0
7226	3
7227	2
7228	0
7229	0
7230	0
7231	0
7232	3
7233	3
7234	0
7235	0
7236	3
7237	0
7238	0
7239	3
7240	0
7241	0
7242	0
7243	0
7244	0
7245	0
7246	0
7247	3
7248	3
7249	0
7250	0
7251	3
7252	0
7253	0
7254	0
7255	3
7256	0
7257	2
7258	1
7259	0
7260	3
7261	0
7262	3
7263	0
7264	0
7265	0
7266	0
7267	3
7268	0
7269	0
7270	0
7271	3
7272	3
7273	3
7274	3
7275	0
7276	3
7277	0
7278	3
7279	0
7280	0
7281	3
7282	3
7283	3
7284	0
7285	0
7286	3
7287	2
7288	3
7289	0
7290	0
7291	0
7292	3
7293	3
7294	0
7295	0
7296	1
7297	1
7298	0
7299	2
7300	0
7301	3
7302	1
7303	1
7304	3
7305	1
7306	0
7307	2
7308	1
7309	1
7310	3
7311	1
7312	3
7313	3
7314	1
7315	0
7316	0
7317	3
7318	3
7319	0
7320	3
7321	3
7322	0
7323	0
7324	0
7325	3
7326	0
7327	0
7328	0
7329	3
7330	3
7331	0
7332	0
7333	3
7334	0
7335	0
7336	3
7337	2
7338	3
7339	0
7340	3
7341	3
7342	0
7343	3
7344	3
7345	2
7346	3
7347	0
7348	0
7349	0
7350	2
7351	3
7352	3
7353	0
7354	0
7355	3
7356	0
7357	1
7358	0
7359	0
7360	3
7361	0
7362	0
7363	0
7364	2
7365	0
7366	0
7367	1
7368	0
7369	0
7370	3
7371	3
7372	1
7373	3
7374	2
7375	3
7376	0
7377	0
7378	0
7379	0
7380	0
7381	0
7382	1
7383	1
7384	3
7385	0
7386	0
7387	3
7388	3
7389	0
7390	0
7391	3
7392	3
7393	3
7394	2
7395	0
7396	3
7397	0
7398	1
7399	0
7400	3
7401	2
7402	3
7403	0
7404	3
7405	3
7406	2
7407	3
7408	0
7409	0
7410	3
7411	3
7412	0
7413	0
7414	0
7415	0
7416	1
7417	1
7418	0
7419	3
7420	0
7421	0
7422	0
7423	0
7424	0
7425	2
7426	2
7427	0
7428	3
7429	2
7430	0
7431	0
7432	0
7433	3
7434	0
7435	3
7436	1
7437	3
7438	0
7439	0
7440	0
7441	0
7442	3
7443	3
7444	0
7445	3
7446	0
7447	3
7448	0
7449	1
7450	2
7451	0
7452	3
7453	3
7454	3
7455	1
7456	0
7457	3
7458	3
7459	3
7460	3
7461	1
7462	3
7463	0
7464	3
7465	3
7466	0
7467	3
7468	3
7469	3
7470	3
7471	1
7472	0
7473	0
7474	3
7475	0
7476	0
7477	0
7478	2
7479	3
7480	1
7481	0
7482	3
7483	0
7484	3
7485	3
7486	0
7487	3
7488	3
7489	0
7490	0
7491	0
7492	0
7493	1
7494	0
7495	2
7496	0
7497	0
7498	3
7499	2
7500	3
7501	3
7502	3
7503	0
7504	3
7505	3
7506	0
7507	0
7508	3
7509	3
7510	3
7511	3
7512	3
7513	2
7514	3
7515	0
7516	0
7517	0
7518	3
7519	0
7520	0
7521	3
7522	0
7523	2
7524	0
7525	0
7526	3
7527	0
7528	3
7529	3
7530	3
7531	0
7532	0
7533	3
7534	3
7535	0
7536	3
7537	3
7538	3
7539	2
7540	3
7541	0
7542	0
7543	3
7544	0
7545	3
7546	0
7547	0
7548	0
7549	0
7550	3
7551	3
7552	0
7553	2
7554	3
7555	3
7556	3
7557	1
7558	0
7559	1
7560	0
7561	0
7562	3
7563	0
7564	1
7565	0
7566	3
7567	0
7568	0
7569	0
7570	0
7571	3
7572	0
7573	0
7574	0
7575	0
7576	3
7577	3
7578	2
7579	3
7580	0
7581	3
7582	0
7583	0
7584	1
7585	0
7586	3
7587	3
7588	3
7589	2
7590	1
7591	0
7592	3
7593	0
7594	0
7595	1
7596	0
7597	0
7598	3
7599	3
7600	0
7601	3
7602	3
7603	1
7604	3
7605	3
7606	3
7607	1
7608	3
7609	0
7610	3
7611	3
7612	0
7613	2
7614	2
7615	0
7616	3
7617	0
7618	3
7619	2
7620	3
7621	3
7622	3
7623	0
7624	3
7625	3
7626	2
7627	0
7628	0
7629	3
7630	0
7631	0
7632	0
7633	3
7634	3
7635	3
7636	0
7637	3
7638	0
7639	0
7640	0
7641	1
7642	3
7643	0
7644	0
7645	3
7646	1
7647	3
7648	3
7649	3
7650	2
7651	0
7652	3
7653	3
7654	0
7655	3
7656	3
7657	2
7658	0
7659	0
7660	1
7661	3
7662	3
7663	1
7664	1
7665	0
7666	0
7667	3
7668	0
7669	0
7670	3
7671	3
7672	0
7673	0
7674	2
7675	3
7676	0
7677	0
7678	2
7679	3
7680	0
7681	2
7682	0
7683	3
7684	3
7685	0
7686	3
7687	0
7688	0
7689	3
7690	0
7691	0
7692	3
7693	3
7694	0
7695	2
7696	3
7697	0
7698	3
7699	3
7700	3
7701	3
7702	0
7703	1
7704	3
7705	3
7706	3
7707	3
7708	0
7709	1
7710	3
7711	3
7712	0
7713	2
7714	0
7715	1
7716	0
7717	0
7718	0
7719	3
7720	0
7721	3
7722	3
7723	2
7724	3
7725	0
7726	0
7727	1
7728	0
7729	0
7730	3
7731	3
7732	3
7733	2
7734	3
7735	1
7736	1
7737	0
7738	2
7739	2
7740	0
7741	0
7742	0
7743	3
7744	0
7745	1
7746	0
7747	2
7748	3
7749	3
7750	0
7751	3
7752	1
7753	0
7754	0
7755	3
7756	3
7757	0
7758	1
7759	3
7760	0
7761	0
7762	0
7763	0
7764	3
7765	3
7766	0
7767	3
7768	2
7769	1
7770	3
7771	3
7772	2
7773	2
7774	0
7775	0
7776	0
7777	3
7778	2
7779	1
7780	2
7781	1
7782	0
7783	1
7784	3
7785	3
7786	1
7787	3
7788	0
7789	3
7790	3
7791	0
7792	3
7793	1
7794	0
7795	1
7796	0
7797	0
7798	3
7799	1
7800	2
7801	0
7802	0
7803	0
7804	3
7805	0
7806	0
7807	3
7808	3
7809	0
7810	3
7811	3
7812	0
7813	3
7814	0
7815	0
7816	1
7817	3
7818	3
7819	0
7820	3
7821	3
7822	3
7823	3
7824	3
7825	0
7826	2
7827	0
7828	3
7829	0
7830	1
7831	0
7832	3
7833	3
7834	0
7835	2
7836	0
7837	3
7838	0
7839	3
7840	0
7841	3
7842	2
7843	0
7844	0
7845	0
7846	2
7847	0
7848	3
7849	1
7850	0
7851	0
7852	2
7853	3
7854	0
7855	1
7856	1
7857	3
7858	2
7859	2
7860	0
7861	3
7862	3
7863	0
7864	3
7865	0
7866	3
7867	0
7868	0
7869	3
7870	0
7871	0
7872	0
7873	2
7874	0
7875	0
7876	0
7877	0
7878	3
7879	3
7880	0
7881	0
7882	2
7883	3
7884	0
7885	3
7886	3
7887	0
7888	0
7889	0
7890	3
7891	0
7892	3
7893	0
7894	1
7895	2
7896	3
7897	3
7898	0
7899	0
7900	0
7901	3
7902	0
7903	0
7904	3
7905	0
7906	0
7907	3
7908	3
7909	0
7910	3
7911	3
7912	0
7913	3
7914	0
7915	1
7916	0
7917	1
7918	3
7919	0
7920	0
7921	0
7922	0
7923	3
7924	1
7925	2
7926	0
7927	3
7928	3
7929	2
7930	0
7931	3
7932	0
7933	0
7934	3
7935	0
7936	1
7937	3
7938	3
7939	0
7940	1
7941	1
7942	3
7943	2
7944	0
7945	3
7946	3
7947	2
7948	3
7949	3
7950	3
7951	0
7952	0
7953	0
7954	3
7955	3
7956	0
7957	3
7958	0
7959	2
7960	3
7961	1
7962	2
7963	0
7964	1
7965	0
7966	0
7967	0
7968	0
7969	3
7970	1
7971	3
7972	2
7973	0
7974	3
7975	0
7976	2
7977	0
7978	3
7979	2
7980	2
7981	1
7982	1
7983	3
7984	3
7985	0
7986	0
7987	0
7988	2
7989	0
7990	3
7991	3
7992	2
7993	0
7994	3
7995	2
7996	2
7997	3
7998	0
7999	2
8000	2
8001	3
8002	3
8003	3
8004	3
8005	3
8006	3
8007	3
8008	2
8009	2
8010	0
8011	3
8012	3
8013	3
8014	0
8015	2
8016	3
8017	0
8018	0
8019	3
8020	3
8021	2
8022	0
8023	3
8024	0
8025	1
8026	3
8027	0
8028	2
8029	2
8030	0
8031	0
8032	0
8033	3
8034	3
8035	0
8036	0
8037	0
8038	1
8039	0
8040	0
8041	3
8042	3
8043	3
8044	3
8045	3
8046	0
8047	1
8048	3
8049	1
8050	3
8051	3
8052	3
8053	1
8054	0
8055	3
8056	0
8057	2
8058	3
8059	3
8060	2
8061	3
8062	1
8063	0
8064	0
8065	1
8066	3
8067	3
8068	3
8069	0
8070	3
8071	3
8072	2
8073	2
8074	0
8075	0
8076	0
8077	0
8078	0
8079	0
8080	3
8081	3
8082	0
8083	0
8084	3
8085	3
8086	0
8087	0
8088	3
8089	3
8090	0
8091	0
8092	0
8093	0
8094	0
8095	3
8096	0
8097	0
8098	1
8099	3
8100	3
8101	0
8102	0
8103	0
8104	3
8105	2
8106	0
8107	3
8108	3
8109	1
8110	0
8111	1
8112	1
8113	0
8114	3
8115	3
8116	0
8117	3
8118	0
8119	2
8120	0
8121	3
8122	0
8123	3
8124	3
8125	3
8126	1
8127	2
8128	1
8129	2
8130	0
8131	2
8132	0
8133	3
8134	0
8135	2
8136	3
8137	0
8138	0
8139	0
8140	0
8141	2
8142	0
8143	0
8144	2
8145	1
8146	0
8147	1
8148	0
8149	0
8150	0
8151	0
8152	1
8153	0
8154	1
8155	0
8156	0
8157	3
8158	0
8159	3
8160	0
8161	0
8162	0
8163	3
8164	0
8165	3
8166	3
8167	3
8168	0
8169	2
8170	3
8171	0
8172	2
8173	0
8174	2
8175	3
8176	3
8177	3
8178	0
8179	3
8180	0
8181	0
8182	3
8183	3
8184	0
8185	0
8186	0
8187	2
8188	2
8189	0
8190	3
8191	2
